0 142 211 422 223 319 175 382 450 381 433 33 407 330 308 280 245 427 355 268 316 411 239 378 317 193 56 28 132 7 92 448 334 229 
1 315 366 137 197 225 274 13 78 120 178 319 421 76 63 34 394 132 349 257 14 23 281 141 155 248 170 148 20 173 408 412 26 347 309 422 145 254 443 181 389 376 290 325 251 405 441 434 328 322 263 373 187 
2 385 302 327 196 45 147 318 165 416 181 169 191 313 34 300 439 193 407 389 111 256 116 427 64 142 154 72 204 273 123 98 47 254 14 431 220 403 301 55 138 365 125 297 
3 206 205 73 422 412 323 215 250 359 10 393 321 52 228 11 327 54 204 65 401 99 80 352 226 330 8 86 164 105 304 416 232 60 66 248 446 150 251 30 159 16 240 334 
4 328 38 451 252 258 206 285 264 152 296 396 221 168 87 407 114 135 347 158 430 375 253 192 202 86 249 136 182 85 436 233 437 404 313 369 
5 300 29 359 424 416 174 326 285 383 257 267 434 396 55 228 217 106 353 127 25 190 151 273 158 242 48 331 119 281 155 112 200 289 351 173 164 120 324 232 418 69 412 110 166 452 154 239 
6 248 257 204 110 18 335 427 452 210 49 239 121 258 82 67 174 70 128 409 114 237 184 279 178 152 156 54 439 415 367 108 411 124 213 293 416 199 314 326 73 76 309 122 209 372 365 88 35 444 68 
7 305 364 354 325 90 199 308 434 94 448 74 176 234 204 328 148 51 356 406 339 160 349 366 162 419 371 13 64 222 66 361 372 209 341 86 28 409 198 73 0 164 184 369 258 121 417 91 343 171 421 
8 332 328 106 87 452 204 292 165 370 304 440 55 410 211 135 390 11 398 209 285 300 28 124 128 102 179 94 344 148 308 115 203 27 239 3 29 86 351 238 214 78 418 441 256 327 218 17 157 
9 106 230 123 259 132 404 122 378 278 193 94 228 156 297 263 357 203 438 422 426 72 129 400 377 390 158 188 155 250 403 258 383 174 186 371 394 346 325 239 160 79 313 237 336 92 303 213 248 391 68 184 37 320 117 252 
10 206 63 121 302 116 18 3 393 394 178 67 389 308 284 195 416 423 38 439 123 328 188 137 305 115 101 76 382 415 451 318 447 452 135 130 343 443 184 454 291 262 366 344 406 418 
11 25 84 439 103 373 346 91 286 279 211 347 8 138 433 58 3 316 152 277 417 145 233 82 62 256 235 196 370 311 147 301 14 386 213 102 146 369 86 188 163 89 66 327 98 300 321 271 420 395 353 
12 288 27 177 15 349 310 144 281 81 437 51 433 133 210 271 228 37 440 118 88 306 276 235 108 248 80 225 355 104 136 31 266 251 412 149 233 314 259 
13 445 307 150 97 142 449 43 53 262 258 1 298 368 385 59 216 49 78 67 300 228 35 218 220 322 416 393 287 81 323 231 353 329 227 107 115 146 7 397 251 71 229 264 176 423 171 156 370 111 308 395 121 
14 214 105 84 353 279 280 446 319 376 170 274 30 149 244 287 40 339 210 138 76 453 163 313 295 1 389 399 189 259 49 230 350 375 43 64 11 369 176 2 136 325 233 324 16 167 266 61 95 343 345 340 141 385 36 303 117 143 146 
15 41 288 95 186 12 26 353 286 454 214 187 374 210 207 372 19 350 319 223 142 138 337 195 53 336 52 352 153 299 81 397 400 431 450 275 344 358 
16 259 147 53 234 193 233 347 263 125 159 413 257 378 361 301 89 252 243 256 322 453 162 241 135 43 120 219 14 427 150 275 211 152 77 262 249 212 114 3 374 
17 271 441 279 188 232 335 348 371 384 65 269 355 179 319 311 230 73 294 254 186 445 159 176 299 201 162 342 236 83 110 153 424 205 69 61 41 138 158 8 155 161 429 
18 265 6 337 200 328 80 267 10 34 303 437 189 150 277 214 302 206 152 235 356 239 442 96 190 421 313 285 380 74 151 321 201 291 271 329 
19 41 97 182 91 343 358 447 28 379 128 355 95 81 222 117 291 146 15 419 269 60 47 92 405 383 66 435 124 122 167 141 281 285 431 111 356 455 397 318 451 255 404 406 264 
20 165 433 132 232 157 370 279 253 401 135 107 215 189 425 384 91 323 448 22 102 196 141 181 239 271 76 422 1 175 373 156 54 270 73 136 29 178 143 335 361 355 
21 255 450 212 281 50 159 48 117 182 95 222 368 271 295 196 150 374 22 96 141 359 216 172 407 153 122 238 145 309 419 388 198 435 412 447 226 191 
22 318 330 232 434 409 243 399 391 301 146 273 285 122 21 20 219 431 124 60 311 296 36 198 213 281 193 98 376 299 364 34 120 75 353 228 354 270 295 313 358 331 58 140 156 125 
23 302 210 278 411 78 360 256 366 170 427 111 424 158 425 236 295 208 150 448 433 1 200 49 262 56 358 323 259 122 148 373 59 444 55 191 429 126 219 416 419 95 147 251 74 410 192 333 
24 50 274 59 394 86 275 307 385 153 412 103 344 373 164 333 262 71 161 254 202 188 405 265 259 166 269 177 304 199 99 25 87 454 251 336 297 88 298 240 65 69 380 
25 11 215 85 127 361 125 278 432 44 102 364 55 84 381 345 131 5 378 105 319 70 412 402 89 154 240 316 159 206 242 344 398 241 367 51 187 415 24 420 184 285 450 110 122 178 279 220 
26 351 198 294 182 409 298 110 72 231 15 256 30 341 81 178 355 257 433 448 195 105 291 149 405 419 350 190 284 278 412 155 436 366 252 159 246 368 123 211 70 84 1 393 247 446 380 143 219 142 167 370 124 32 133 52 106 386 
27 106 12 125 307 358 296 399 73 50 396 393 107 291 328 405 230 89 255 129 61 225 435 8 432 347 101 362 112 229 263 356 223 413 173 245 205 152 
28 207 327 387 63 124 399 257 19 357 205 8 105 243 383 425 255 380 254 385 50 84 405 449 305 260 338 109 319 90 276 131 284 0 454 7 369 317 275 381 166 247 103 125 
29 425 5 175 220 252 449 265 96 281 223 414 242 355 379 36 98 233 247 126 119 101 169 436 8 216 257 167 77 64 442 31 124 268 390 102 350 186 20 447 282 226 358 255 54 65 445 
30 388 188 46 38 36 201 322 350 26 120 41 440 14 398 203 49 425 180 78 159 279 240 340 206 246 40 284 205 185 253 142 164 249 359 295 71 173 358 432 3 399 434 247 
31 221 411 47 354 348 252 145 95 269 374 76 277 325 452 342 445 264 93 370 122 346 149 251 278 421 376 288 158 360 289 398 129 107 275 377 352 29 12 61 84 201 214 405 373 56 197 128 343 345 400 79 435 
32 232 348 342 435 77 203 297 319 96 454 369 295 132 364 190 326 136 47 209 182 157 255 201 371 66 146 425 291 26 220 265 239 143 89 138 447 314 
33 151 450 108 444 297 100 47 430 254 121 351 307 265 92 378 327 391 0 109 216 334 375 66 274 367 149 37 324 112 294 325 185 276 133 298 102 451 
34 185 285 181 77 387 357 265 18 371 322 425 195 89 301 386 354 2 239 162 244 444 1 130 435 382 210 257 220 403 235 114 183 347 134 22 293 450 345 111 393 67 82 37 277 269 53 380 323 159 189 442 
35 209 201 260 117 49 451 427 274 393 86 222 50 101 103 278 430 80 299 74 304 301 347 13 417 385 329 250 171 308 235 364 340 64 373 418 47 253 87 91 164 6 85 267 
36 175 306 344 30 400 453 206 261 209 157 101 46 136 100 62 416 203 29 317 185 433 76 106 99 410 193 128 323 174 63 376 356 22 454 401 64 347 307 365 357 417 355 351 270 80 331 82 423 350 232 244 322 14 
37 381 421 367 243 43 259 290 184 227 168 375 220 12 202 270 356 326 446 51 173 363 261 349 64 33 292 390 177 54 134 252 416 34 300 9 373 56 377 
38 4 350 391 30 410 396 71 220 392 279 10 121 109 162 360 398 59 45 274 263 75 170 408 395 304 327 261 347 269 54 420 384 154 238 275 
39 330 253 240 176 95 349 270 261 281 351 402 227 269 366 436 442 219 412 365 62 431 340 114 368 115 54 359 185 334 385 399 104 308 236 392 232 410 230 275 446 195 389 248 
40 81 147 433 204 354 293 278 154 47 376 193 399 411 395 153 14 57 166 61 168 310 123 142 294 53 275 428 363 139 301 158 214 244 119 327 30 191 398 241 358 195 173 
41 19 256 163 15 281 66 310 309 315 122 250 294 142 351 126 451 30 420 356 199 412 301 83 153 299 323 270 62 421 75 50 403 320 190 328 97 359 430 67 335 409 272 268 152 240 93 357 433 207 17 249 185 160 212 219 
42 450 333 48 171 52 222 401 79 260 77 258 346 94 436 398 375 177 200 102 396 165 64 61 59 124 350 351 266 364 90 198 201 424 103 
43 390 379 13 63 122 37 90 193 267 52 385 51 96 87 226 99 162 266 80 56 183 127 103 14 106 16 344 346 273 137 222 423 70 145 203 418 242 307 292 
44 257 98 327 359 66 447 73 25 223 183 450 319 192 254 286 236 349 305 90 264 157 110 401 439 287 285 415 355 140 224 321 189 
45 77 174 366 443 182 354 2 204 322 82 397 346 314 198 66 76 257 270 385 313 455 38 217 275 410 247 411 165 173 180 
46 103 311 148 30 275 101 50 49 36 199 340 104 80 108 219 363 355 119 249 251 276 350 406 215 122 410 79 69 341 220 137 369 294 250 307 437 62 
47 51 270 31 285 194 221 395 33 296 86 254 40 173 79 278 375 431 246 325 357 63 224 32 19 413 386 217 211 165 2 105 429 35 87 401 368 73 142 
48 419 192 79 42 444 180 66 262 21 390 158 389 125 134 236 286 98 5 282 339 64 205 401 63 173 107 86 126 128 358 253 362 141 373 93 455 351 363 174 
49 339 436 95 326 35 116 194 375 46 180 378 6 192 243 349 90 13 303 53 424 163 244 203 56 293 61 152 30 400 228 412 237 247 306 94 23 307 205 449 14 280 291 222 252 142 297 454 366 352 315 230 281 387 74 403 
50 24 46 265 21 365 202 200 293 163 35 351 270 341 280 59 266 128 27 199 175 201 168 420 99 115 142 399 127 89 358 357 108 28 41 300 446 337 191 400 369 386 393 277 367 409 109 106 88 410 
51 47 305 292 166 437 68 362 386 353 64 138 391 163 43 197 258 12 135 7 72 435 376 444 132 37 279 397 289 200 246 413 240 313 291 167 323 25 436 161 203 402 442 178 227 79 189 229 
52 198 324 330 42 254 385 325 447 149 267 152 3 211 43 434 57 282 234 168 202 137 326 60 364 214 224 69 384 15 175 171 399 444 347 374 177 63 159 278 26 77 328 130 176 294 
53 70 245 394 168 16 403 13 133 267 206 128 231 129 141 399 364 110 431 79 49 68 134 344 213 82 256 400 109 285 311 40 351 176 423 278 15 447 298 101 248 337 234 427 34 383 105 58 432 
54 194 273 177 97 95 204 210 109 422 338 67 189 86 150 55 335 3 192 224 110 163 327 357 121 408 158 92 417 342 65 6 143 385 318 39 330 333 68 406 281 20 374 37 433 202 320 313 187 29 38 267 264 153 
55 384 225 143 8 75 25 54 5 161 154 65 295 278 296 339 148 255 251 23 103 231 77 257 133 2 435 386 454 356 281 428 171 
56 289 281 380 199 217 140 90 126 402 147 357 130 117 369 174 286 241 453 49 355 382 226 219 449 445 43 188 291 23 128 451 362 246 212 432 316 0 62 390 109 110 263 444 31 37 397 
57 254 440 132 256 247 390 286 293 60 252 168 201 124 52 40 151 84 314 268 355 62 338 311 188 249 245 106 195 239 306 122 274 450 271 167 190 319 285 152 425 402 
58 330 326 327 384 258 231 262 321 393 11 375 193 123 303 237 68 331 289 437 103 343 453 77 206 418 190 251 376 362 22 201 125 144 268 53 280 
59 163 335 83 24 423 402 50 407 199 138 160 13 362 303 248 210 189 323 449 95 355 239 325 112 226 310 295 101 132 166 246 89 306 324 38 23 312 42 240 208 326 429 260 427 398 352 272 
60 382 166 71 293 81 88 117 373 57 436 111 416 271 110 282 369 80 411 142 313 68 237 19 52 422 22 180 148 137 284 191 186 413 190 65 375 143 3 303 261 448 394 347 106 403 228 207 358 359 384 386 124 107 
61 413 87 161 204 392 234 150 414 145 398 302 158 218 229 275 259 230 27 348 40 49 397 175 424 260 178 361 351 42 89 31 453 69 146 14 327 226 17 418 
62 448 232 354 381 312 165 205 450 36 273 342 430 428 211 237 361 203 11 364 148 41 222 366 442 39 98 264 272 57 315 124 217 362 114 208 230 56 399 298 351 46 110 
63 374 10 323 262 414 330 43 96 199 28 444 114 155 213 280 449 391 1 301 87 47 212 230 201 428 286 36 148 430 86 146 274 78 100 238 329 48 426 101 186 340 52 256 236 217 380 295 195 233 166 244 
64 369 349 51 238 153 174 265 333 297 299 207 175 396 307 314 376 294 2 127 288 162 37 171 82 14 36 48 42 29 296 280 308 7 206 228 35 323 244 219 448 382 197 387 222 385 414 129 112 240 234 224 390 225 237 75 
65 290 132 335 277 161 318 325 171 305 218 87 359 358 377 17 55 317 352 299 3 295 419 154 443 320 338 232 134 442 54 77 185 372 60 103 363 212 371 138 227 254 91 297 24 29 70 
66 228 315 309 95 41 407 185 359 449 48 44 304 102 112 329 93 257 374 338 394 45 230 189 227 295 167 203 19 33 96 433 79 333 197 399 126 204 253 181 7 3 219 266 360 165 32 420 147 299 436 11 368 265 118 156 239 
67 273 414 291 228 453 448 183 309 405 322 397 54 319 281 185 444 248 337 10 455 13 342 6 98 74 306 294 386 220 231 324 181 379 102 111 41 84 213 334 441 158 124 352 398 226 305 34 315 73 95 198 229 258 116 87 268 200 216 279 264 
68 455 271 220 414 51 168 97 311 330 353 153 417 433 224 170 53 207 303 58 348 60 122 449 331 366 368 328 199 196 213 54 431 294 99 96 370 138 109 9 407 394 151 254 102 163 6 
69 370 419 297 250 390 171 122 218 256 412 277 257 204 228 338 287 349 307 377 166 388 202 404 186 342 378 261 105 220 394 52 82 273 194 137 172 102 381 162 372 195 255 46 61 241 5 183 17 281 426 443 174 24 283 130 
70 311 53 421 149 134 102 435 240 415 160 105 317 258 237 392 300 6 99 278 25 251 324 195 285 170 424 401 297 309 246 367 127 151 26 358 425 150 172 272 374 43 198 104 124 301 222 308 400 92 447 411 321 341 265 286 193 98 65 
71 267 446 60 138 346 424 209 249 216 38 81 120 99 436 334 268 425 401 146 107 144 371 24 453 270 404 314 397 130 312 13 133 305 331 30 304 441 
72 109 414 174 74 378 204 26 350 245 328 276 181 190 182 9 266 380 121 446 244 51 206 145 232 2 265 126 132 354 210 134 359 436 84 390 226 170 427 413 254 141 337 
73 346 188 3 383 106 426 354 44 185 27 243 87 123 360 158 387 196 17 434 324 284 198 91 442 410 118 381 245 427 268 366 364 187 107 212 128 345 241 20 225 67 7 6 47 122 164 232 201 
74 217 259 333 72 275 348 398 193 412 357 448 105 7 260 118 35 420 405 67 180 396 221 117 222 344 327 177 232 292 349 445 279 375 278 243 395 252 256 18 49 381 23 400 427 261 182 451 159 231 274 
75 262 174 378 441 359 130 267 55 438 418 128 168 307 350 296 90 251 199 302 146 152 163 264 358 204 336 214 41 380 381 209 281 227 22 440 280 395 404 38 411 402 239 104 64 
76 435 189 219 118 433 138 432 31 237 240 102 1 198 296 36 381 14 362 185 160 415 97 45 388 20 10 204 104 216 452 403 437 291 297 265 430 323 6 115 448 429 
77 45 208 328 290 442 34 430 32 284 165 263 227 303 279 363 139 42 427 316 275 210 341 106 117 429 119 311 80 65 58 241 421 29 418 128 55 183 237 373 16 296 280 268 52 94 300 455 
78 291 244 23 148 280 1 164 152 13 432 125 201 388 165 364 168 378 274 133 252 431 390 346 305 30 272 63 96 112 8 172 120 267 324 
79 437 48 433 318 182 372 253 242 345 171 42 275 356 361 135 53 290 47 282 97 344 201 257 195 284 198 246 225 396 120 238 112 115 66 319 376 229 323 314 9 46 188 239 419 150 142 197 51 347 196 31 431 
80 330 352 150 108 118 279 18 100 221 329 437 328 235 378 35 270 234 141 60 184 127 363 416 46 272 103 43 3 292 362 331 77 209 421 174 341 12 245 96 163 361 431 399 429 211 394 260 177 36 411 186 293 334 316 266 420 
81 401 40 217 277 441 60 321 310 26 71 308 12 169 392 304 132 95 230 82 428 335 436 19 187 405 13 122 344 433 271 261 128 91 395 306 15 370 225 302 143 99 160 206 
82 171 255 274 236 86 355 271 45 128 446 383 372 202 445 190 444 81 6 197 101 328 207 11 410 53 260 152 164 393 196 64 69 149 208 157 363 307 140 186 36 428 389 34 141 443 228 105 447 187 414 166 125 437 121 
83 180 159 114 59 401 411 289 284 239 450 241 353 378 130 139 41 363 167 418 210 307 428 340 448 285 308 17 147 440 84 215 400 151 209 111 328 123 172 426 369 396 
84 274 203 11 402 319 217 230 97 14 132 309 25 383 335 420 406 162 450 57 302 237 251 267 109 119 28 122 117 67 114 134 101 26 31 83 188 72 205 176 405 130 259 283 118 226 225 231 
85 25 300 242 450 394 276 148 337 427 231 401 109 157 376 198 432 136 190 120 336 87 146 4 385 357 145 147 263 318 215 418 248 154 363 326 437 304 163 333 35 
86 393 418 125 263 82 35 118 247 224 47 92 24 256 437 54 382 373 432 417 156 421 426 142 383 251 176 445 63 345 206 8 305 3 408 411 4 310 275 338 175 48 96 391 7 258 11 333 290 335 
87 61 8 314 214 351 140 383 359 65 242 73 216 289 122 159 4 43 63 342 182 129 104 151 148 196 321 228 92 85 372 341 354 136 47 24 105 35 350 67 223 434 
88 200 322 240 191 346 450 60 271 229 323 445 434 131 400 252 12 97 393 282 166 383 389 148 348 332 310 295 112 176 304 230 333 388 236 182 24 278 245 6 50 144 
89 140 113 450 139 321 207 215 152 310 92 385 273 167 151 394 34 428 228 324 27 160 16 432 161 50 238 25 59 417 206 191 402 106 227 133 61 344 144 440 390 91 11 453 244 208 183 430 32 345 387 320 
90 341 448 7 247 101 56 194 219 305 245 276 43 202 49 195 365 133 437 353 443 75 427 191 44 129 93 363 228 444 150 309 425 28 42 295 293 95 152 372 451 
91 285 151 199 300 11 424 19 281 149 178 195 413 349 110 226 410 230 123 20 428 194 73 113 81 350 255 404 164 235 372 402 89 35 65 7 155 112 311 317 
92 155 151 149 292 398 382 378 273 89 264 263 86 176 100 97 361 299 253 194 33 240 158 288 54 19 449 272 293 87 189 181 9 376 102 0 262 70 199 141 249 
93 147 340 332 111 439 166 219 293 227 31 343 352 66 316 101 168 397 127 90 138 281 239 403 128 41 151 217 452 306 412 240 336 158 113 164 48 270 317 154 137 237 297 
94 345 131 107 172 309 106 266 9 436 117 7 8 352 342 199 297 217 264 412 413 287 109 42 49 185 152 137 182 232 414 356 208 439 241 316 150 337 383 207 408 328 77 441 
95 49 66 386 393 15 54 392 417 299 395 242 371 31 212 175 363 39 21 236 198 81 19 270 59 211 273 120 308 193 275 136 110 321 191 358 342 355 23 353 67 431 14 90 131 125 
96 154 270 377 266 370 104 63 29 357 385 32 376 236 43 347 111 352 120 302 404 21 198 237 18 340 350 66 292 80 78 150 227 318 242 282 397 86 406 267 68 412 333 365 278 100 325 238 
97 314 54 19 124 13 183 84 68 415 111 355 123 375 107 279 278 92 119 337 383 284 79 145 423 251 130 313 286 76 88 412 390 393 408 41 332 432 302 250 350 128 344 165 364 240 368 419 334 296 202 348 
98 354 125 143 44 126 226 268 103 266 282 432 29 379 424 67 304 48 118 119 256 130 374 62 22 425 450 2 252 223 187 444 232 159 323 322 11 397 105 373 355 283 70 213 
99 356 107 257 282 412 391 290 199 173 276 71 302 50 376 36 70 453 361 43 3 164 153 415 256 296 262 374 450 240 332 24 68 445 200 309 141 81 202 100 289 389 137 304 334 435 185 285 
100 153 205 305 183 80 319 33 363 36 92 138 351 376 297 216 310 423 299 382 262 384 114 390 63 349 133 338 415 268 357 327 99 96 274 288 
101 303 165 198 346 289 46 90 35 357 36 223 216 82 93 208 132 286 331 212 281 59 185 302 29 347 102 448 384 27 10 344 149 414 385 210 84 394 423 441 370 120 63 53 329 163 204 174 317 369 220 235 
102 133 70 271 435 356 113 120 279 169 25 373 312 433 76 8 66 124 425 256 362 106 224 20 213 399 101 42 67 174 403 69 152 11 29 92 188 419 454 200 364 33 68 
103 46 196 126 193 136 207 297 11 119 350 293 205 35 427 321 98 344 148 117 351 450 24 286 80 58 322 239 396 43 292 55 65 225 142 415 323 387 453 425 195 283 28 42 202 232 
104 254 126 96 428 118 379 344 207 362 276 149 289 250 232 303 381 46 360 116 263 314 87 191 389 136 244 264 218 196 76 12 348 39 439 158 70 281 351 357 353 213 150 75 347 390 
105 168 430 14 316 143 431 368 361 222 387 70 274 201 74 28 299 178 210 162 25 26 279 433 161 200 69 407 369 120 3 219 123 209 47 328 122 170 87 142 296 82 98 441 53 133 
106 396 27 367 130 9 8 167 232 153 94 73 424 408 454 281 184 297 391 347 5 407 36 376 102 286 158 201 149 77 270 306 154 330 89 43 337 365 109 182 399 116 57 450 331 413 277 60 193 141 26 107 50 248 451 156 
107 358 261 94 99 404 318 217 372 365 150 344 247 97 20 27 424 330 378 436 71 368 398 445 131 13 198 263 202 31 154 48 73 422 300 361 439 139 357 348 106 373 60 207 
108 169 33 114 245 175 80 256 332 379 281 396 290 228 440 125 190 378 412 218 286 122 335 167 157 282 46 283 409 198 113 224 50 262 328 258 12 6 453 216 153 413 410 112 273 152 173 301 322 326 306 285 156 
109 72 327 239 361 248 269 122 137 311 54 225 113 149 284 416 136 186 277 287 94 33 85 38 138 307 53 84 170 390 268 410 451 28 106 125 280 295 213 436 56 351 406 281 68 50 363 
110 320 6 241 430 327 318 26 237 367 429 176 400 287 304 326 407 209 91 53 60 54 149 334 44 183 185 397 261 172 217 310 17 177 95 180 279 402 285 404 56 5 450 380 25 195 236 438 245 451 62 252 
111 191 190 93 427 447 97 249 23 60 282 176 168 96 283 117 345 2 339 137 326 173 139 407 431 293 294 67 218 454 452 120 270 358 34 432 19 278 320 335 404 396 242 288 230 122 83 421 323 418 13 204 194 268 
112 348 249 263 406 200 66 454 116 59 429 366 79 243 322 442 443 5 268 355 418 78 273 299 333 108 33 324 152 27 88 359 325 320 193 441 340 64 91 338 177 
113 340 89 382 102 149 159 451 376 291 109 365 248 198 372 349 423 437 237 276 329 135 143 108 187 91 405 118 364 367 281 184 292 318 277 403 93 182 265 222 398 138 
114 293 252 257 108 83 339 317 126 413 63 281 205 280 219 171 225 4 295 367 151 124 292 6 399 256 400 313 127 337 34 39 100 177 62 84 232 125 448 16 
115 230 285 118 439 198 364 327 329 143 228 363 243 369 8 50 378 255 223 433 220 166 399 431 418 343 367 10 157 79 39 202 413 13 128 401 76 132 251 160 454 290 398 414 265 373 
116 407 49 447 156 231 10 214 429 301 283 343 268 207 403 151 209 199 309 146 112 104 152 208 132 2 269 299 349 252 125 432 106 293 67 417 229 449 133 195 213 
117 167 247 198 35 319 130 272 172 418 94 21 155 60 56 209 103 160 111 19 328 385 74 371 297 236 282 77 410 84 312 203 121 334 364 173 266 206 443 422 208 9 14 
118 417 176 350 115 277 80 76 346 145 399 288 318 86 185 104 238 242 348 334 427 74 218 143 431 138 224 173 98 358 12 411 374 357 160 157 329 240 210 73 442 266 113 243 403 310 355 208 369 285 84 306 66 213 281 
119 338 398 393 306 103 201 97 408 198 451 98 423 283 333 412 330 29 255 402 259 136 141 77 84 46 5 334 359 351 212 40 430 128 312 162 227 443 388 399 139 158 150 264 442 195 
120 228 427 213 121 344 102 431 352 1 158 30 421 319 128 71 369 336 426 381 96 153 449 95 79 231 303 105 85 340 200 22 322 111 16 166 343 78 367 5 156 370 101 261 342 248 173 270 188 234 
121 339 363 10 273 256 120 335 423 352 299 351 33 6 390 151 201 72 247 54 38 350 374 291 123 331 449 317 284 333 388 279 169 357 117 401 369 327 271 7 385 254 421 337 13 82 
122 409 352 382 109 399 41 224 354 43 278 398 434 9 347 69 295 251 310 197 346 335 87 31 217 387 223 153 260 108 22 334 154 362 339 81 68 234 84 175 375 23 19 413 21 266 46 285 126 199 105 182 57 351 111 444 73 6 136 25 380 148 258 
123 287 281 140 411 260 282 9 127 126 418 434 97 271 383 255 158 393 58 73 91 182 129 310 330 305 322 308 40 346 10 225 165 249 121 272 429 2 299 183 134 155 26 105 233 136 454 259 384 220 309 192 83 412 204 342 195 
124 434 178 97 205 444 330 316 28 341 228 8 57 244 307 327 102 275 336 379 114 22 149 384 227 19 431 62 6 157 416 192 438 42 29 234 67 156 70 26 248 404 323 355 60 366 
125 139 210 98 86 416 25 216 27 134 16 285 108 417 48 393 144 78 177 256 238 262 332 310 277 259 126 274 116 372 254 109 188 195 269 333 114 230 202 128 411 205 275 58 2 257 138 95 203 239 82 28 22 
126 202 103 453 271 104 123 426 41 98 56 114 145 237 370 387 231 372 393 423 392 399 29 156 409 246 125 131 275 420 396 319 72 285 23 66 122 384 48 262 321 233 187 267 
127 263 25 222 299 248 395 123 278 390 408 438 374 186 237 339 147 256 399 254 5 80 348 93 50 236 183 64 114 43 227 447 70 208 297 354 290 141 428 177 432 437 
128 197 437 53 221 345 276 455 157 82 50 189 19 8 75 368 120 281 283 6 36 334 355 193 235 341 56 170 389 81 93 97 115 208 388 367 77 73 48 119 446 314 284 163 267 351 125 202 317 31 261 224 
129 343 130 200 309 53 292 328 311 153 333 187 342 9 123 267 306 27 404 413 131 373 87 90 425 222 219 302 136 346 31 223 437 189 415 64 162 381 
130 365 373 129 106 316 117 207 269 279 452 75 385 56 236 34 382 146 83 396 97 139 377 166 98 395 230 222 342 278 156 71 225 270 228 304 10 84 254 347 394 52 421 69 
131 216 94 210 324 451 214 207 386 353 271 25 149 213 348 333 88 440 129 439 314 167 126 107 275 346 256 28 342 215 417 218 428 374 150 267 95 339 156 443 
132 65 57 20 405 404 381 9 84 290 246 81 361 383 32 101 394 1 51 116 59 199 310 220 72 185 408 0 342 236 413 418 261 115 191 189 332 423 146 207 
133 227 102 141 248 53 200 423 136 211 276 305 90 12 396 187 388 258 224 78 321 252 154 291 257 139 452 89 142 149 435 441 239 55 100 272 71 444 164 307 436 26 295 33 116 376 105 
134 270 406 70 382 345 391 214 440 247 125 226 313 344 232 136 409 412 48 53 291 419 397 352 65 140 304 153 168 384 294 385 34 342 339 123 84 72 410 37 201 301 429 207 148 
135 374 232 225 8 360 454 180 381 20 345 234 79 151 51 262 137 356 4 451 170 227 113 274 201 332 200 323 16 278 174 418 393 411 158 10 407 142 427 
136 277 228 454 440 345 390 103 186 133 36 299 134 109 394 32 260 85 119 104 384 129 160 214 424 392 12 439 4 14 348 95 242 327 123 87 162 365 20 243 122 414 256 
137 156 1 344 109 377 380 227 245 396 410 167 258 391 370 135 350 52 111 10 60 455 94 69 351 446 219 43 277 306 409 177 403 448 46 384 99 93 313 176 
138 268 327 71 217 196 292 407 76 332 298 51 414 393 248 11 59 100 252 220 118 390 322 162 14 428 376 258 141 281 109 93 144 244 203 216 247 412 454 344 221 15 328 423 65 2 321 68 383 312 17 125 32 113 214 287 174 
139 125 296 194 89 305 424 225 207 169 220 77 167 273 247 83 423 130 252 144 152 402 111 133 308 358 40 107 119 230 238 198 453 216 196 375 361 208 363 
140 89 221 436 123 56 334 246 87 346 286 388 313 299 338 394 325 335 285 455 229 189 134 308 271 387 241 303 410 311 414 296 82 203 44 22 193 401 
141 133 351 286 398 402 214 235 367 415 53 80 400 223 138 428 1 21 20 119 242 420 384 252 264 192 220 19 280 313 262 241 263 361 48 82 127 178 277 99 148 329 14 106 302 270 266 72 92 388 
142 0 13 351 41 423 145 202 240 162 187 266 50 159 60 86 338 327 289 40 2 272 425 15 49 133 147 222 103 185 238 30 26 245 319 79 248 105 218 171 135 47 306 
143 98 55 105 146 226 251 362 171 118 115 429 347 418 400 191 409 113 54 383 263 60 453 228 26 179 195 155 163 81 20 259 401 32 14 
144 347 193 408 318 261 152 12 289 330 125 169 161 401 285 317 71 210 139 154 428 138 351 216 376 299 414 323 89 258 306 390 272 296 450 312 58 300 441 88 189 
145 323 177 205 31 118 61 126 142 201 305 352 176 198 253 97 359 11 275 427 276 72 370 387 382 188 179 240 354 21 453 43 1 85 360 433 311 154 254 381 397 335 336 362 430 
146 417 248 198 143 249 283 191 292 252 445 236 218 287 22 165 237 130 382 116 201 420 19 71 75 373 433 345 63 188 364 13 161 327 85 11 61 259 436 32 368 328 439 333 296 426 187 301 281 132 429 14 
147 16 187 93 214 419 40 365 451 2 127 56 404 319 415 336 183 453 320 242 314 372 259 179 283 324 11 395 333 209 284 142 262 83 177 257 85 299 23 268 274 66 224 213 
148 315 373 46 347 376 78 425 328 85 156 326 232 247 362 277 402 103 8 7 258 176 313 188 413 63 55 62 262 274 236 87 356 60 252 1 23 305 436 427 241 88 382 227 279 191 141 122 419 134 
149 413 92 70 113 91 290 52 354 185 109 287 104 14 131 342 445 110 240 186 31 26 421 106 311 124 176 191 101 82 33 133 271 309 411 439 196 12 150 352 
150 339 394 13 80 251 294 390 61 171 107 184 317 401 54 419 352 236 328 210 166 18 21 392 161 222 388 23 347 433 342 378 418 306 90 96 70 212 435 3 79 204 94 218 16 315 363 131 119 149 406 104 180 
151 33 92 446 91 206 345 154 89 292 135 121 348 397 392 57 114 116 5 405 389 205 417 335 261 87 359 192 168 203 249 336 70 356 372 93 164 83 382 18 165 402 334 333 68 225 
152 269 441 447 159 218 353 185 337 162 144 89 4 425 341 52 440 177 78 289 379 11 299 315 49 408 18 75 116 82 281 139 6 94 188 330 238 359 244 401 102 232 41 430 230 416 112 172 158 108 370 16 255 267 433 90 342 434 326 57 287 27 
153 100 190 277 106 68 129 64 349 434 213 24 40 122 407 41 411 120 398 99 134 316 400 108 221 21 286 358 344 382 203 366 17 15 422 374 376 246 401 54 
154 96 222 376 173 414 160 151 221 214 40 379 55 443 65 263 122 415 213 312 144 2 106 133 25 399 292 107 217 353 205 413 405 145 85 5 421 247 438 93 38 327 
155 92 444 220 271 248 63 439 247 117 360 438 217 452 419 381 416 9 206 403 1 260 259 26 5 329 410 123 272 386 442 303 143 428 401 390 251 91 359 324 17 453 
156 137 318 405 320 116 392 148 9 412 321 256 86 347 325 227 176 126 418 198 289 366 309 393 196 6 371 313 380 20 237 130 317 120 124 328 288 260 13 431 233 179 365 22 454 291 108 66 131 106 
157 227 455 429 287 20 175 128 312 36 361 183 188 405 384 108 267 194 85 273 118 317 44 266 166 292 115 32 326 124 218 416 172 359 216 82 168 158 403 311 409 304 396 178 436 387 272 8 
158 300 245 180 262 407 193 168 208 312 415 186 120 61 405 166 404 123 48 23 450 373 73 172 454 9 409 5 382 92 232 429 54 423 106 425 277 282 441 351 4 31 286 40 67 220 157 288 394 152 135 104 436 181 93 287 119 184 219 17 299 
159 408 83 152 420 292 377 386 242 21 113 249 16 351 399 87 142 191 334 214 398 304 269 17 178 357 293 25 221 215 30 26 445 415 98 52 200 224 228 34 3 74 
160 278 381 195 154 455 70 450 59 322 192 89 117 337 429 364 118 212 76 186 7 312 268 9 136 245 379 272 355 383 332 115 190 193 216 328 220 41 81 330 
161 251 213 61 308 326 370 185 65 200 375 212 314 144 55 360 273 150 89 243 439 303 105 381 24 183 228 191 254 275 169 146 344 167 298 288 51 193 205 269 234 237 259 17 377 343 
162 454 313 406 266 152 250 142 441 397 419 34 138 105 416 84 401 355 43 369 443 377 38 305 262 16 64 383 303 7 420 17 282 69 226 338 398 362 189 136 285 119 260 351 299 440 129 
163 41 392 59 429 192 347 50 314 51 326 284 339 349 173 414 448 387 49 54 14 407 75 279 324 222 406 213 80 276 282 335 242 358 355 399 401 101 439 143 438 128 346 11 371 311 209 265 303 167 85 68 
164 310 370 307 195 227 241 426 411 78 361 192 165 353 399 169 237 392 24 99 82 3 177 432 274 356 272 91 151 300 5 407 318 133 261 30 7 73 301 93 255 35 204 196 257 
165 20 101 438 375 214 8 200 226 193 2 77 62 445 296 164 146 206 78 450 443 394 123 412 47 386 42 228 239 303 365 275 361 97 267 385 66 167 151 281 262 418 427 376 326 304 45 198 413 
166 60 307 190 407 216 51 93 417 337 452 158 283 451 222 390 150 328 206 381 40 69 376 244 115 130 345 296 59 157 24 178 88 215 120 366 176 421 288 449 233 401 443 5 254 415 28 82 275 63 
167 117 106 352 243 419 348 294 89 137 397 139 442 233 415 343 108 83 235 131 66 175 286 329 29 388 274 19 341 161 453 51 202 14 165 370 211 188 26 363 396 401 186 425 57 163 293 185 393 454 193 306 268 
168 105 295 53 347 189 430 158 337 68 351 213 265 57 50 294 75 4 111 52 78 37 169 315 413 93 418 40 186 392 134 251 389 333 151 342 291 355 455 157 437 433 445 365 268 338 188 
169 301 108 181 182 200 203 139 102 2 340 81 451 144 178 168 164 331 29 401 374 161 291 121 444 280 321 231 261 427 315 435 246 215 
170 319 267 333 287 446 408 429 379 315 173 23 196 14 354 68 327 294 436 248 135 188 382 255 421 70 128 109 1 321 330 211 38 105 370 364 72 249 
171 420 229 82 351 42 332 202 415 356 258 65 150 69 79 143 435 421 326 114 354 315 417 269 207 35 188 406 366 412 173 64 180 452 52 397 338 13 408 400 142 295 7 55 442 242 
172 94 312 448 449 346 117 396 227 293 226 158 404 207 338 281 174 269 220 369 420 335 21 376 110 69 322 157 78 340 414 70 199 430 363 178 152 190 296 412 298 423 194 83 191 415 187 
173 210 154 390 299 170 397 219 349 163 99 267 47 380 417 241 205 262 273 254 220 118 430 450 187 365 418 37 406 171 352 111 358 361 389 1 213 5 48 444 244 321 117 245 27 108 294 455 120 30 409 40 395 388 45 
174 435 75 45 437 72 261 424 344 338 186 5 422 308 198 314 288 64 56 397 6 364 172 377 354 36 436 185 212 9 228 335 80 102 250 399 135 328 403 101 453 419 69 417 48 138 
175 302 29 36 301 108 157 326 95 384 274 181 405 50 226 0 64 190 246 356 208 61 179 364 122 167 444 200 422 20 306 214 264 340 255 86 52 188 334 228 223 202 282 
176 438 118 273 372 110 241 424 235 39 312 92 322 145 205 389 7 111 310 399 358 148 407 393 156 86 403 240 149 233 17 263 432 53 269 209 14 231 166 88 194 243 13 84 198 433 336 422 218 52 299 137 
177 297 336 398 54 145 330 12 392 267 152 441 125 221 187 188 295 74 249 164 42 449 114 24 393 250 218 110 147 374 37 80 348 335 137 52 263 367 283 127 243 287 112 364 
178 257 124 180 444 265 374 418 1 91 10 323 26 287 409 188 169 364 105 195 6 237 420 61 215 336 159 166 341 400 391 223 172 360 220 239 388 141 20 51 157 293 25 439 263 
179 193 282 283 235 194 361 323 180 421 285 8 17 289 294 186 446 451 364 351 147 241 324 175 214 200 366 325 145 441 192 363 322 396 238 298 143 401 306 321 343 377 156 420 
180 237 83 349 158 48 178 433 191 49 379 198 135 267 429 397 179 354 370 295 257 311 74 392 200 278 277 60 30 254 171 407 214 306 240 405 110 186 182 447 260 220 393 193 211 45 150 
181 286 34 169 2 419 72 254 235 317 283 175 277 421 367 238 370 445 353 67 20 451 223 393 66 198 92 182 384 245 1 158 325 373 432 203 387 
182 209 45 19 26 169 79 374 218 455 195 347 21 72 189 261 263 123 87 299 442 249 32 256 246 302 94 365 212 106 4 181 122 198 180 443 113 288 317 88 290 74 366 
183 417 335 100 421 97 67 414 329 437 320 44 157 201 385 147 305 222 409 303 288 127 43 34 110 161 450 424 123 322 205 77 311 400 69 394 308 317 89 260 310 384 267 410 184 
184 250 393 189 339 322 150 198 451 106 208 37 80 435 6 363 437 357 257 220 304 113 275 455 392 25 7 359 158 10 9 248 183 209 221 453 
185 431 34 440 341 203 227 152 447 161 238 66 354 190 118 448 192 291 247 73 149 67 224 205 237 36 349 199 76 208 174 346 255 299 260 101 94 321 110 65 39 401 294 132 306 142 30 33 390 319 301 334 41 324 167 340 99 
186 401 245 296 431 136 445 15 127 158 174 226 292 451 300 109 347 179 402 392 149 270 168 69 248 160 380 9 254 346 17 361 374 60 231 259 440 398 282 428 221 82 63 80 180 253 294 29 353 225 234 322 167 371 194 
187 147 386 384 268 203 332 235 246 342 129 15 362 422 446 142 369 133 177 81 260 428 280 173 241 113 210 200 341 237 272 73 98 433 25 310 54 146 82 261 389 299 126 424 1 172 
188 286 30 73 416 413 17 260 256 284 355 308 283 310 157 424 178 440 177 148 9 379 387 233 171 378 170 447 56 342 411 377 152 24 10 146 359 258 320 145 235 210 57 204 125 79 175 315 84 167 11 419 297 102 262 168 120 
189 76 168 361 413 247 184 393 325 54 128 350 182 368 59 18 20 395 375 396 203 360 454 206 214 140 66 246 14 347 310 295 257 92 162 376 389 324 129 132 51 44 34 144 
190 374 153 166 267 111 383 270 185 300 72 108 419 82 236 175 5 32 209 445 26 347 234 85 18 201 41 277 318 60 432 372 58 172 362 355 160 263 57 320 373 326 
191 229 111 281 88 180 324 246 146 2 423 410 328 371 306 350 412 385 159 301 90 270 314 143 220 104 215 149 89 161 60 50 23 210 264 321 428 95 258 326 40 386 196 194 132 148 342 356 172 292 21 
192 358 248 48 163 49 185 164 452 286 54 160 376 44 425 270 298 151 399 291 227 393 4 249 364 124 141 211 179 436 240 438 277 123 220 23 311 264 239 251 
193 282 144 103 334 245 179 372 158 16 74 165 219 9 261 385 222 43 221 58 40 200 36 2 128 275 255 214 377 436 364 22 244 274 380 407 307 95 455 403 0 413 328 336 161 198 398 352 205 241 212 414 405 106 112 160 140 411 180 167 70 342 196 
194 54 344 139 47 49 451 251 311 289 90 179 365 454 196 92 157 390 91 199 282 320 388 69 369 176 256 423 191 269 327 172 111 186 
195 164 360 358 160 214 362 231 366 182 91 310 306 389 34 90 334 10 341 325 79 349 220 26 209 408 217 70 178 316 428 335 15 69 431 319 125 57 143 263 213 261 391 415 40 39 201 103 426 110 63 116 119 123 
196 204 384 103 2 225 138 451 283 170 356 411 194 201 21 423 394 339 73 249 246 396 20 337 11 402 371 450 156 87 383 82 300 68 104 372 335 287 333 149 293 319 191 395 211 276 446 139 164 79 193 
197 128 1 346 318 228 122 51 255 82 309 218 381 279 332 335 444 240 66 237 447 242 258 246 341 64 31 79 375 222 
198 117 101 146 26 243 52 180 115 347 184 174 403 145 113 95 119 333 76 281 45 415 79 428 73 85 156 96 108 253 22 402 107 297 377 249 181 289 182 204 70 193 42 7 67 21 176 325 139 207 165 340 368 
199 387 56 91 271 7 63 349 59 99 250 50 241 332 248 46 284 94 41 185 116 75 194 132 290 452 261 212 68 24 222 6 172 122 267 357 92 391 214 
200 354 88 270 129 18 211 303 169 133 165 50 161 413 357 112 423 341 243 193 205 247 391 180 421 105 23 51 345 308 179 187 135 42 175 5 120 245 258 292 380 411 264 99 366 330 281 159 210 102 420 67 432 
201 35 273 261 363 434 371 317 30 221 250 227 288 263 145 105 431 399 119 50 183 57 78 196 121 79 444 146 359 338 63 206 106 336 423 135 190 360 432 17 386 443 212 270 31 341 32 387 241 134 229 292 223 42 58 195 18 73 
202 126 237 407 282 171 50 288 213 142 241 225 414 90 82 289 223 260 302 37 52 69 441 328 421 273 24 343 115 303 4 107 259 167 422 125 54 277 128 332 340 99 175 103 97 364 
203 348 84 185 379 232 352 32 385 187 169 413 306 243 9 36 422 417 8 30 416 189 49 453 62 445 360 315 66 138 151 326 344 431 117 390 153 365 225 301 443 43 140 51 393 260 433 329 125 181 440 366 
204 196 411 6 72 61 54 45 8 392 40 450 352 69 285 7 3 254 210 265 207 268 331 75 395 344 2 439 213 76 250 340 188 319 370 66 198 150 101 296 419 247 405 111 164 123 
205 100 291 3 239 124 407 145 103 308 114 62 311 28 185 176 173 371 408 200 449 151 250 406 312 391 252 49 241 48 183 299 270 306 342 30 161 154 193 448 17 84 435 344 300 337 240 410 125 27 
206 10 3 280 151 36 373 53 4 382 452 213 453 349 266 407 165 166 155 410 72 18 350 358 316 189 201 344 208 360 89 86 224 454 25 58 64 285 30 378 252 117 256 81 298 
207 440 28 337 221 391 103 130 131 89 416 139 277 319 260 357 104 294 448 116 68 64 381 15 172 82 204 171 321 356 352 332 435 363 258 335 355 247 445 214 268 41 94 60 436 384 198 134 302 132 292 284 238 423 406 107 
208 77 320 415 158 353 432 376 388 393 409 294 184 312 268 101 23 339 334 401 175 384 185 116 206 254 316 210 416 417 94 62 261 128 82 59 403 372 127 253 89 118 324 117 240 369 139 
209 35 395 182 423 71 36 327 8 439 110 286 254 355 117 343 116 415 195 445 190 32 248 80 368 306 75 147 176 105 7 83 310 385 6 296 163 223 184 
210 23 428 298 131 125 173 257 401 54 426 433 6 404 344 225 256 59 435 12 150 14 259 399 105 15 204 34 317 77 390 391 144 118 83 208 187 294 380 277 188 101 191 72 351 365 370 200 439 442 
211 254 409 387 0 200 234 8 11 281 231 412 133 52 62 225 95 249 440 288 244 339 382 372 233 404 47 343 170 192 26 325 80 216 367 290 319 298 442 167 240 16 245 196 267 180 364 
212 223 21 95 436 408 336 161 315 308 341 216 101 373 63 246 282 160 174 270 199 56 201 307 427 182 119 150 65 73 356 193 300 426 368 329 16 41 
213 347 216 120 161 168 202 63 206 434 440 291 153 406 131 339 366 332 315 154 53 102 439 22 394 204 163 250 11 68 6 173 67 290 109 289 239 195 9 417 310 399 104 348 384 147 232 116 383 118 98 
214 14 259 147 134 131 165 87 248 355 116 141 195 273 154 15 422 18 159 227 189 193 354 246 179 52 75 447 136 180 8 175 40 217 324 31 291 207 321 363 138 199 
215 25 270 3 89 248 297 423 227 288 20 361 286 400 376 417 330 304 245 191 178 159 268 296 166 366 46 83 131 445 246 264 443 85 247 342 451 169 
216 131 447 213 166 308 333 381 125 234 405 412 406 404 452 253 338 223 71 87 296 13 363 276 435 101 100 212 33 226 323 144 350 372 21 138 108 29 346 391 264 76 375 157 211 345 160 277 139 304 67 
217 74 395 328 138 84 437 390 81 56 107 434 351 345 373 5 155 122 371 224 94 392 237 338 195 308 229 47 343 391 110 62 405 255 154 214 309 93 45 276 365 408 228 331 321 319 63 231 381 
218 396 220 152 385 452 352 406 444 182 323 61 65 397 69 146 118 342 266 244 377 108 13 326 348 197 350 380 302 378 343 104 111 327 413 157 419 177 131 150 226 142 221 176 8 
219 222 322 76 275 293 93 426 193 90 419 397 386 173 404 343 114 438 273 401 39 433 56 22 46 389 412 437 291 129 402 105 260 137 23 280 66 16 26 64 227 408 158 340 41 
220 343 256 272 348 218 29 68 155 381 350 409 231 139 38 138 452 173 13 37 294 316 195 279 115 250 34 191 172 67 184 421 69 362 252 132 141 386 2 158 428 123 178 46 344 32 192 433 160 180 101 453 355 25 
221 31 140 428 207 261 47 243 397 80 201 328 451 371 128 271 154 432 337 235 438 193 4 362 177 429 454 393 279 74 333 138 159 287 153 324 304 186 349 404 218 341 184 316 427 
222 154 127 219 339 105 35 42 253 193 357 21 166 381 443 230 183 19 150 74 62 413 305 163 129 130 49 338 223 7 199 142 43 329 243 286 384 408 70 64 403 258 113 197 266 334 
223 363 212 407 435 364 322 402 0 377 425 327 29 44 216 101 122 202 115 334 141 311 309 454 339 315 276 427 310 400 433 294 15 421 181 222 386 129 178 98 229 257 269 27 273 201 452 209 266 175 232 87 398 
224 306 122 230 343 249 86 427 226 228 68 185 344 430 320 293 333 54 217 118 374 360 47 102 133 322 365 108 52 381 206 254 270 371 332 294 363 340 273 441 449 44 159 438 147 231 64 128 
225 319 55 196 410 135 404 1 401 442 139 109 202 339 431 210 303 342 347 114 368 333 211 245 27 79 123 352 12 103 203 130 264 331 73 426 81 453 186 271 449 227 364 385 151 412 84 391 64 
226 357 426 381 143 165 134 186 224 98 175 91 432 243 172 43 56 59 270 3 216 298 296 444 411 382 162 67 359 218 29 61 72 287 330 337 21 84 
227 157 133 185 164 381 137 201 93 451 77 215 172 406 339 430 39 235 37 156 214 135 398 66 124 258 13 127 192 442 383 89 424 75 96 315 334 332 65 119 377 432 261 148 219 414 279 225 51 336 
228 120 66 136 67 9 108 431 224 197 124 3 89 5 115 69 13 440 413 324 12 385 49 275 90 174 329 87 161 312 165 143 384 64 22 232 130 246 247 370 217 399 415 412 82 60 159 175 362 360 268 
229 191 389 349 171 454 362 320 278 272 318 260 429 61 88 402 304 248 244 140 440 217 446 337 360 249 412 79 347 324 392 393 355 372 277 27 223 13 201 67 444 116 245 0 51 325 306 
230 115 9 84 419 342 224 294 444 81 91 27 61 255 222 415 17 392 322 388 66 63 246 130 14 260 238 286 288 152 62 275 359 357 49 125 88 111 39 279 139 
231 116 26 58 53 359 211 195 287 126 360 220 337 356 451 85 434 424 310 13 301 405 323 120 444 261 67 452 350 348 186 277 176 55 329 435 342 169 294 217 351 224 74 84 
232 343 32 62 283 135 22 20 394 106 203 17 332 339 244 356 148 315 404 237 134 357 376 302 262 358 104 408 158 65 72 251 74 449 94 439 366 152 341 352 3 114 440 228 39 98 5 430 36 73 223 213 103 288 
233 433 403 454 374 391 16 242 294 397 453 333 29 427 335 167 11 188 353 211 412 176 264 381 449 395 14 123 416 4 418 452 166 156 126 63 301 12 
234 337 263 412 16 211 322 432 216 61 441 291 309 389 242 443 135 7 393 271 80 447 52 425 329 410 313 122 190 124 294 243 338 53 161 274 186 354 273 64 120 
235 339 368 370 448 362 179 141 284 187 314 181 176 80 406 417 221 371 236 227 430 404 400 167 260 18 128 280 11 34 35 12 188 323 269 363 289 271 91 383 294 350 101 392 
236 340 82 433 244 299 327 146 421 95 96 150 23 370 298 190 48 130 235 328 320 44 127 117 148 322 343 373 438 294 17 291 39 429 132 344 426 88 63 439 301 110 416 377 369 
237 180 202 246 356 338 110 305 327 127 126 378 413 76 232 70 320 360 326 185 146 113 62 58 362 164 423 217 6 84 60 241 49 317 96 178 343 187 156 405 197 77 9 331 161 375 93 64 
238 286 406 318 185 272 118 420 64 300 383 297 429 271 260 265 418 181 125 395 339 440 89 377 79 152 230 267 380 8 63 329 21 179 349 142 274 357 382 139 258 356 38 96 207 
239 241 388 109 205 286 402 328 322 292 6 263 83 34 308 433 59 354 284 431 426 18 8 93 103 303 20 9 320 247 290 0 269 267 165 262 272 133 266 57 79 213 178 434 259 383 32 75 397 192 125 442 5 66 324 
240 378 357 88 363 432 39 317 70 142 76 448 395 367 149 92 331 118 314 176 25 404 197 99 51 352 145 180 41 192 411 30 59 211 93 321 97 205 372 309 208 64 24 3 263 
241 239 354 110 246 164 339 433 382 176 202 441 342 351 199 360 173 83 319 56 391 262 187 237 305 179 291 205 16 140 302 77 148 253 452 94 25 73 141 201 69 193 333 40 393 299 361 
242 445 85 411 295 382 354 95 159 233 79 234 118 87 29 371 346 395 450 417 275 147 5 284 357 314 141 383 402 318 163 25 96 136 197 424 440 111 43 425 373 385 171 309 
243 420 283 278 198 221 249 37 345 167 22 203 73 49 226 28 115 200 383 426 161 440 16 391 340 112 335 438 442 377 304 74 118 358 222 234 388 136 176 307 429 338 177 317 
244 376 78 344 443 236 336 232 339 289 346 124 395 218 34 14 277 275 229 270 49 72 307 401 166 211 406 282 308 138 104 193 271 388 424 152 294 40 173 64 354 333 278 89 36 298 63 
245 53 186 158 193 108 72 137 90 322 383 442 225 0 215 73 80 160 277 434 200 379 57 181 142 211 173 27 335 306 419 430 256 289 229 88 446 438 300 110 407 
246 410 237 241 191 298 140 295 300 187 132 418 409 47 175 79 266 196 212 247 189 307 126 281 59 214 432 230 390 51 182 328 56 70 26 267 417 30 197 215 414 228 326 277 153 367 169 352 335 334 441 
247 117 448 57 380 90 189 134 437 252 86 107 155 148 185 383 281 29 354 139 200 121 246 49 394 443 138 428 239 268 409 207 293 26 361 228 347 248 45 204 215 154 28 30 430 342 
248 340 6 192 109 146 295 375 127 444 133 321 214 155 215 138 67 199 113 59 367 366 449 229 422 351 186 424 409 170 387 372 374 209 355 1 12 262 395 257 3 282 327 53 120 247 142 9 348 124 85 249 250 184 299 39 106 
249 391 112 371 422 146 243 448 268 296 224 71 111 159 293 332 304 454 211 196 177 294 182 46 123 151 192 229 4 282 57 198 421 410 368 383 360 416 30 16 248 170 41 340 378 265 92 
250 184 428 416 69 41 162 3 339 201 308 199 369 104 370 445 447 9 35 427 205 220 399 374 439 425 213 372 204 97 177 174 401 328 359 265 346 248 46 341 
251 292 415 161 429 150 194 295 368 143 286 122 258 421 438 97 75 86 414 31 70 84 352 315 232 451 168 46 55 445 13 58 338 24 23 12 3 1 115 155 402 354 192 
252 322 342 114 29 331 4 31 247 146 352 382 57 138 449 343 362 88 16 139 429 321 296 78 443 205 133 392 370 148 220 116 369 49 141 26 98 427 337 407 206 74 272 310 403 37 312 319 9 314 110 
253 39 445 345 20 404 79 216 222 267 145 308 358 92 270 289 198 418 439 4 241 380 426 66 290 413 35 30 48 208 186 421 410 371 316 291 
254 211 57 104 52 181 33 47 209 324 127 173 419 363 299 307 278 204 432 44 257 366 28 417 17 186 208 24 180 358 224 161 125 2 441 287 1 65 145 130 166 121 68 72 
255 21 304 82 429 374 409 287 123 344 435 197 230 28 27 115 358 193 119 185 295 170 273 326 55 412 391 363 390 91 217 69 175 32 352 292 284 426 152 19 164 29 318 366 
256 41 439 220 372 57 435 291 23 108 121 188 341 297 26 69 156 279 86 127 210 389 294 125 398 102 276 114 357 16 98 2 260 53 340 11 99 182 264 131 74 322 405 194 8 317 63 282 290 245 206 136 375 
257 297 425 178 6 44 210 114 261 99 28 5 69 26 16 423 66 79 428 180 435 254 1 34 274 439 184 45 453 133 29 189 248 147 55 223 331 452 125 324 394 164 429 
258 431 388 58 4 171 13 293 406 251 282 137 70 405 51 277 381 6 454 42 148 138 9 133 356 445 383 374 319 108 188 227 207 389 306 305 361 378 200 344 327 191 197 312 144 86 372 222 280 7 67 238 283 122 
259 74 16 214 427 438 367 9 319 302 336 61 311 37 315 398 450 210 326 147 125 413 119 14 23 155 24 373 186 421 423 202 123 345 146 239 143 390 285 298 84 261 161 12 
260 400 35 123 417 188 266 292 268 427 270 452 371 284 229 207 74 42 238 274 122 324 202 295 187 273 235 82 256 136 185 410 61 155 303 230 28 219 80 384 203 314 156 426 59 162 183 180 368 377 287 
261 107 295 201 329 174 221 257 36 144 433 193 277 344 39 182 297 450 320 292 422 69 151 273 231 37 284 199 403 81 110 263 327 208 401 335 60 120 132 164 227 304 38 416 195 281 128 169 74 187 259 
262 75 63 418 158 312 58 13 48 331 451 173 232 135 125 350 241 148 24 100 23 394 162 108 99 361 374 333 248 290 239 147 439 403 313 141 284 405 393 399 306 408 16 165 126 92 188 344 319 10 436 294 
263 127 234 86 307 453 351 298 112 312 92 201 77 16 370 9 239 306 353 442 266 182 347 154 104 403 318 270 443 392 176 143 261 107 340 404 38 27 396 141 195 56 85 177 190 321 1 240 178 
264 446 285 287 300 92 340 350 4 454 31 311 302 94 357 334 75 44 418 383 62 313 233 104 141 216 175 256 316 191 225 389 200 215 13 339 315 367 119 192 365 445 417 54 67 19 
265 443 18 391 302 50 34 29 362 178 168 309 453 436 64 433 238 314 33 204 336 346 24 72 327 407 76 322 250 113 32 163 66 307 70 249 115 
266 162 96 410 260 94 50 369 275 98 218 263 72 393 142 206 392 391 246 389 282 43 348 285 157 316 118 322 412 122 12 66 330 42 239 14 117 402 80 326 274 223 141 222 365 
267 71 190 170 291 407 320 18 53 289 269 75 369 180 52 177 43 173 5 379 394 253 278 326 425 415 129 268 392 157 283 354 84 436 238 368 317 306 239 246 271 385 362 165 78 330 96 314 128 152 403 199 389 211 131 183 54 126 35 
268 412 138 273 395 278 187 249 260 410 98 387 116 421 267 366 446 71 208 315 293 204 439 57 0 415 109 371 160 247 112 215 41 424 73 275 29 100 207 147 168 77 67 384 58 340 111 283 228 167 
269 152 274 109 130 273 367 400 415 31 267 373 278 430 332 17 433 39 296 302 171 172 19 316 432 116 374 313 159 24 235 176 385 239 334 382 413 320 291 125 340 306 223 327 286 161 364 34 38 194 279 397 290 346 429 
270 215 134 47 96 345 411 200 307 190 260 309 310 50 395 80 39 273 403 95 253 244 278 276 186 37 191 41 226 192 106 212 263 45 71 340 224 201 406 111 22 205 130 20 388 36 429 302 120 141 93 
271 17 68 126 102 420 199 155 434 384 82 221 123 88 21 238 350 131 234 60 12 436 389 356 355 275 395 386 140 280 20 331 81 244 307 354 149 267 379 235 121 419 352 225 404 291 57 310 11 369 18 
272 220 447 328 455 238 117 393 229 335 416 347 300 80 378 437 142 62 412 123 92 78 187 383 41 343 155 164 160 239 70 252 365 308 133 453 443 144 435 306 375 59 157 
273 67 268 201 326 363 343 54 121 269 176 439 92 214 89 330 383 62 369 173 410 270 22 161 139 295 219 347 5 260 95 157 261 449 331 202 255 435 2 315 69 293 112 443 43 426 108 223 224 432 234 276 362 278 
274 84 269 423 82 35 338 24 407 442 1 105 416 175 383 14 421 322 431 260 302 78 257 135 148 324 63 125 193 345 33 164 167 426 312 326 38 436 57 238 372 147 234 266 349 384 330 74 100 
275 332 46 74 219 392 24 266 79 61 329 244 124 242 376 145 77 193 271 385 366 282 228 369 126 284 40 374 161 31 165 95 86 131 230 268 184 45 436 16 39 380 417 15 28 125 343 166 279 348 38 
276 405 277 85 311 72 348 128 326 398 282 90 133 283 337 99 104 216 333 113 298 451 256 270 306 145 223 344 12 354 371 46 163 401 28 336 345 217 33 304 196 414 273 
277 136 276 153 322 118 81 65 339 296 454 305 31 207 261 181 69 148 258 11 299 415 244 109 393 18 370 335 367 125 158 180 283 190 210 245 374 231 137 229 192 50 290 113 399 298 106 202 34 246 141 216 386 
278 160 23 281 243 389 268 426 293 127 122 229 25 431 9 269 35 40 97 339 357 267 47 423 254 70 270 55 410 180 31 324 318 454 26 441 135 298 53 130 74 360 111 363 300 401 244 52 88 96 428 273 432 
279 450 17 130 80 297 14 20 11 102 97 256 393 451 427 77 407 281 38 221 348 220 197 105 431 6 163 51 288 74 30 121 110 449 230 148 374 227 403 269 292 412 25 275 67 
280 206 78 321 14 379 366 416 50 114 63 313 354 187 359 302 441 0 399 235 271 427 49 64 141 109 75 397 219 453 420 169 410 258 77 367 58 
281 373 123 41 278 56 191 21 418 91 108 398 211 114 448 29 12 287 106 67 323 299 279 39 247 285 198 128 172 374 101 138 1 152 246 93 391 5 22 75 296 113 362 19 54 49 165 104 69 200 109 377 261 146 55 321 118 
282 193 202 413 179 123 99 276 445 258 98 111 433 79 60 52 339 366 325 108 436 266 326 212 337 244 404 117 158 275 48 194 388 367 162 402 88 377 423 163 249 186 96 248 29 256 292 426 382 344 175 
283 386 243 232 179 146 345 300 116 347 166 181 188 196 276 111 128 267 119 108 313 147 277 340 318 303 391 362 177 373 304 341 258 375 425 84 103 268 69 98 
284 397 425 347 188 312 77 83 235 260 163 109 97 10 199 314 79 316 295 371 73 239 419 391 242 307 361 26 435 275 261 298 60 329 121 147 378 262 30 428 28 255 128 383 386 297 365 367 360 414 207 
285 354 91 34 264 115 47 443 4 447 316 402 5 8 125 339 179 281 204 22 140 144 397 365 410 266 422 70 333 53 385 297 83 302 126 44 18 19 206 122 312 110 162 25 338 384 361 259 57 118 108 445 99 
286 333 188 238 141 451 181 453 239 57 11 140 251 315 15 209 402 192 393 419 56 215 324 48 108 101 455 298 103 106 63 44 97 373 368 167 158 230 153 359 222 269 378 329 70 414 
287 455 359 123 421 410 453 376 157 355 170 264 326 231 347 281 110 255 178 146 149 396 69 14 443 109 13 94 293 385 316 321 386 394 448 358 440 221 44 364 317 319 196 254 158 309 226 152 177 260 138 296 
288 12 384 15 325 202 118 201 438 313 215 451 174 405 443 401 211 92 183 64 377 31 329 437 279 230 435 374 161 166 158 431 111 346 156 182 440 400 232 100 
289 56 101 194 433 453 450 336 267 83 344 244 144 87 202 434 152 294 104 309 362 179 300 253 387 410 58 142 156 51 311 385 390 295 31 363 5 235 393 325 198 213 302 408 99 245 397 383 
290 65 77 330 340 455 403 149 99 108 132 79 37 368 324 308 441 389 199 239 404 262 421 213 253 211 277 127 1 86 344 256 182 115 419 269 315 
291 329 78 205 67 267 256 306 308 349 185 234 113 213 27 134 19 26 347 433 378 294 302 241 56 375 121 133 219 192 398 49 169 311 168 236 339 51 371 76 269 342 214 324 32 400 271 10 18 156 253 360 
292 251 385 138 92 51 159 454 8 413 260 146 331 311 129 186 239 349 151 306 351 114 448 356 261 80 74 374 157 103 96 154 200 113 377 37 255 405 378 201 431 282 279 43 300 191 207 396 
293 114 340 347 60 278 337 57 103 219 375 419 40 50 93 258 391 249 304 172 224 363 353 418 424 404 49 268 439 287 366 423 447 341 111 92 159 273 34 247 6 383 116 196 90 80 333 178 167 
294 439 26 150 41 230 449 233 415 314 167 208 168 289 372 256 207 403 179 220 170 411 348 323 17 64 291 67 413 249 40 325 223 442 134 447 111 210 370 236 244 299 224 185 396 234 33 363 68 186 231 173 410 235 46 262 365 52 
295 261 370 168 312 248 242 251 341 246 323 122 444 21 32 273 331 23 114 65 180 260 284 55 14 177 324 59 255 66 306 289 301 189 109 22 88 90 30 319 133 171 63 400 
296 186 139 297 320 249 378 277 333 47 27 4 165 216 75 76 306 269 369 252 55 166 395 22 99 226 215 393 281 64 338 305 172 140 366 77 105 144 204 209 442 146 97 365 410 287 
297 344 257 177 103 69 279 338 296 382 33 359 32 256 215 9 398 106 238 64 100 94 261 325 117 455 433 444 414 285 70 453 432 314 198 49 76 364 424 127 349 335 413 188 341 24 356 284 375 65 423 422 431 2 93 
298 210 26 263 246 138 450 321 312 13 357 412 236 443 276 286 317 192 226 284 278 352 161 455 411 444 179 53 211 172 277 62 427 259 33 24 244 206 
299 127 173 95 236 121 140 452 136 35 341 281 105 277 92 451 64 338 367 152 300 65 254 41 100 182 185 411 313 116 17 144 399 22 123 388 294 354 419 112 205 405 383 15 147 362 337 356 66 334 162 248 241 158 187 176 
300 442 5 158 85 91 264 246 190 283 320 424 238 378 8 186 13 304 272 289 70 299 2 380 418 50 333 341 375 196 317 305 107 164 212 278 205 37 11 292 245 144 310 411 77 
301 169 175 309 116 34 22 35 332 63 16 191 41 443 413 426 231 11 295 40 203 399 2 441 416 70 108 164 134 185 403 418 236 146 310 233 
302 175 23 2 322 444 385 10 265 61 259 99 232 325 425 264 328 202 269 18 274 362 96 280 84 75 218 371 314 291 101 342 336 182 241 129 285 97 447 383 407 315 289 270 81 141 207 304 446 
303 101 423 393 200 18 352 389 59 225 49 77 376 58 68 356 104 183 161 348 120 260 239 162 140 202 283 165 60 434 311 155 421 9 373 163 422 14 338 
304 307 255 8 448 398 66 110 380 293 35 434 229 81 300 249 98 159 215 134 343 359 376 184 3 24 336 409 243 221 88 130 261 38 362 352 276 316 157 283 384 165 71 99 302 453 216 85 429 
305 349 7 100 51 333 139 352 237 90 65 277 370 314 145 384 133 318 183 123 44 241 162 222 78 10 408 86 28 148 332 258 424 395 296 300 67 373 71 392 313 403 423 
306 224 364 441 388 36 119 291 336 439 203 195 352 191 292 263 381 419 129 296 314 276 67 378 12 49 59 106 382 402 295 150 267 209 258 175 180 350 81 185 93 269 205 57 137 144 179 262 245 272 448 108 118 167 142 229 
307 166 304 164 13 412 263 270 452 400 27 325 24 338 384 75 124 69 33 254 244 64 397 246 109 284 49 83 271 36 212 193 398 340 82 243 133 43 265 311 46 
308 342 216 161 373 364 291 7 205 250 174 417 188 81 10 239 253 8 212 290 0 123 217 244 35 140 200 139 83 95 64 39 368 272 70 381 183 393 13 
309 365 66 94 41 446 129 67 360 301 270 84 234 265 385 289 197 116 347 223 156 421 70 90 149 426 21 217 1 405 123 6 99 287 240 242 
310 164 41 12 89 270 81 195 122 188 383 401 176 317 100 387 123 231 319 125 59 40 223 369 132 189 315 110 86 324 451 329 88 252 187 209 118 443 183 213 271 301 300 341 397 
311 70 361 46 368 363 453 194 448 109 276 68 292 388 384 129 346 205 264 352 259 332 379 17 180 223 386 149 320 22 289 77 53 11 57 291 339 140 183 303 366 415 145 157 163 307 192 420 91 
312 325 295 262 172 356 158 62 263 284 298 157 436 176 102 208 431 355 408 205 154 359 333 228 117 160 337 59 274 71 285 119 258 252 138 338 144 382 323 
313 399 407 162 349 438 343 395 288 140 134 2 280 421 148 60 342 405 382 14 234 97 283 299 114 269 264 45 18 156 439 51 141 262 326 9 328 22 410 305 54 394 4 137 
314 97 449 87 435 163 396 235 305 294 161 174 45 333 265 284 306 440 147 64 131 191 57 104 302 240 408 242 320 375 316 71 297 79 6 128 267 260 32 252 12 
315 148 437 1 66 41 317 406 332 170 286 232 339 454 259 212 171 370 152 168 268 213 320 380 223 203 251 62 273 397 310 321 227 353 49 188 316 67 150 302 264 169 290 
316 381 105 130 431 400 124 285 319 430 342 11 93 77 354 284 220 206 287 269 438 333 413 195 208 397 153 436 0 380 266 314 25 56 408 264 94 315 304 80 253 221 
317 390 441 201 407 315 240 114 351 70 181 150 387 394 36 65 381 310 144 210 298 157 237 424 401 405 121 267 360 361 0 287 300 156 446 28 182 256 410 183 128 396 101 437 93 243 91 
318 22 156 335 370 144 79 238 110 65 197 2 107 118 229 338 322 305 366 341 278 263 54 242 190 417 283 348 96 10 398 380 113 164 19 85 403 255 382 
319 170 225 84 117 360 100 424 0 32 316 259 14 67 207 352 120 1 147 335 17 241 44 25 363 310 15 426 258 453 347 126 79 377 204 454 287 28 195 211 358 351 196 364 142 393 217 252 185 295 57 262 345 
320 384 380 110 208 156 229 417 267 296 332 369 300 183 237 224 379 147 368 65 236 261 315 334 311 314 41 188 194 239 411 269 111 350 433 394 356 112 54 9 89 190 
321 436 376 89 400 248 280 354 298 81 322 58 156 3 424 103 421 344 207 252 133 348 287 185 87 389 170 429 345 315 191 95 173 18 169 138 240 214 126 217 179 352 11 325 263 70 44 426 281 
322 435 302 88 252 219 277 30 234 375 45 223 321 67 34 184 239 245 439 160 176 318 410 274 13 405 138 343 230 123 16 400 224 236 103 368 446 112 266 120 172 183 179 347 356 256 428 265 108 334 186 98 340 36 1 337 351 
323 145 63 3 295 218 179 454 281 178 88 358 59 20 36 13 294 41 231 216 23 396 135 235 405 79 333 144 51 64 332 103 76 425 111 98 366 354 34 124 312 
324 131 52 431 191 391 339 254 437 89 447 286 260 228 73 290 295 70 163 278 274 179 59 426 67 147 221 310 229 33 214 112 14 350 5 189 362 333 291 446 208 185 155 257 78 239 
325 312 375 333 387 7 288 65 52 189 31 307 448 452 302 140 195 47 59 282 156 297 383 294 9 398 179 414 211 14 331 289 33 390 449 450 112 181 1 198 321 96 229 
326 49 273 161 58 287 420 175 148 163 276 5 440 110 333 237 267 352 404 171 449 259 218 282 398 446 32 376 37 52 111 255 203 382 157 274 313 191 59 6 246 357 386 365 366 266 165 152 85 426 108 190 
327 138 109 2 28 110 58 368 44 209 223 237 339 392 115 236 422 3 170 124 54 33 142 74 432 420 435 261 218 146 258 136 40 265 269 248 121 61 38 344 100 11 365 194 8 154 379 
328 4 217 8 361 77 18 272 403 148 239 375 221 72 80 129 191 150 27 7 166 236 302 82 431 117 202 10 108 425 329 246 389 426 41 68 347 138 354 438 313 105 193 174 250 397 156 394 146 418 160 83 1 52 415 420 94 
329 291 401 261 402 348 183 80 275 115 66 334 429 35 234 113 118 412 342 228 328 288 13 167 284 238 155 63 340 310 231 222 101 397 404 212 141 203 379 286 18 
330 80 39 58 22 434 439 351 177 63 290 124 432 52 68 336 433 273 144 107 454 361 123 0 450 215 119 375 3 152 106 386 170 444 54 334 380 424 266 267 200 362 226 274 160 353 
331 346 445 252 292 342 262 295 362 58 101 439 240 169 204 431 68 391 402 80 370 273 5 121 271 437 373 383 347 325 225 389 36 106 22 217 257 71 237 371 
332 8 275 171 93 315 138 108 232 320 187 417 394 354 249 439 269 398 199 448 311 301 213 125 197 207 135 346 305 97 224 227 88 355 99 323 160 202 132 
333 286 42 325 74 170 216 305 442 415 426 296 362 376 233 365 326 129 374 314 224 198 64 357 398 225 131 385 358 276 381 119 395 316 24 419 285 168 300 312 147 221 262 66 121 54 323 112 125 355 196 390 86 241 324 88 244 96 146 293 151 373 452 23 85 435 
334 193 351 140 341 438 118 377 195 394 329 71 388 159 223 122 128 208 110 430 342 264 320 33 382 346 370 39 330 269 119 67 227 117 422 80 322 97 151 175 185 0 299 385 99 222 246 3 
335 318 183 59 6 65 121 17 272 355 434 373 122 54 84 319 140 233 81 400 277 108 151 336 197 195 243 172 174 385 207 452 41 163 261 196 453 111 451 297 389 177 245 145 20 86 350 246 
336 411 177 354 388 306 244 289 352 330 212 405 259 147 120 124 376 265 335 359 201 343 75 302 178 85 385 151 15 304 276 193 399 9 93 24 176 145 227 383 
337 234 365 207 152 18 168 293 386 376 166 85 221 67 276 231 97 359 399 160 433 282 449 196 114 348 229 50 15 416 312 106 373 252 393 405 361 354 53 94 299 205 226 322 413 121 72 
338 119 237 297 362 274 174 54 216 307 318 69 390 140 299 66 172 398 142 201 65 217 28 57 222 296 86 162 100 251 234 171 285 243 443 312 168 389 112 303 
339 49 150 235 121 222 277 241 114 354 250 232 324 127 244 184 401 327 163 225 278 285 315 366 14 227 213 282 196 208 238 111 211 122 7 223 55 355 48 134 370 291 311 419 429 387 264 436 131 439 
340 113 248 293 236 93 444 290 344 169 264 365 429 46 368 256 243 387 96 270 39 389 283 120 83 35 263 204 175 384 329 172 30 408 269 350 307 63 224 14 380 322 202 112 249 268 219 185 198 
341 90 185 256 295 334 50 152 26 124 299 380 195 200 212 371 375 318 77 293 128 368 300 80 187 178 400 402 167 232 87 425 201 46 197 386 7 297 407 283 70 221 250 310 347 
342 308 252 415 426 230 32 31 331 241 187 316 218 225 62 129 67 94 356 348 149 313 87 334 69 398 352 54 188 454 409 150 302 329 435 168 134 17 373 130 95 291 418 131 205 384 132 231 120 380 152 191 431 372 215 123 193 247 410 
343 220 129 273 232 224 453 313 19 219 116 93 396 209 252 167 322 450 217 218 336 304 237 236 115 58 202 211 272 120 455 431 443 14 10 31 179 7 275 161 
344 297 194 429 36 137 340 244 358 174 345 120 107 289 134 261 210 103 224 104 255 321 8 79 399 24 371 53 74 206 276 81 204 452 203 380 439 138 101 43 153 258 161 25 89 97 441 236 205 220 327 290 15 262 10 355 282 
345 94 351 136 134 270 400 398 253 151 243 344 283 128 79 217 135 445 25 428 111 166 86 200 146 274 321 432 34 73 259 276 216 376 414 425 410 14 31 89 319 
346 331 73 101 369 402 71 88 172 118 11 197 140 244 311 122 45 242 31 375 42 434 406 185 123 418 186 9 78 265 332 334 216 129 43 448 131 288 353 163 250 269 
347 144 213 379 401 168 148 293 284 163 408 198 16 122 11 287 182 283 272 35 225 106 383 96 143 156 186 273 430 263 309 450 291 150 4 424 190 101 189 34 27 319 328 36 229 331 322 1 52 247 60 38 130 79 104 341 365 
348 203 446 220 369 112 32 31 371 74 329 17 276 441 167 118 151 131 342 294 61 127 218 279 68 266 365 321 303 337 437 415 385 382 231 454 318 349 104 88 136 177 248 107 213 275 97 
349 305 180 229 390 357 64 411 313 12 395 291 199 91 39 292 173 163 49 153 206 360 113 185 69 195 1 396 444 44 37 7 116 74 100 426 348 238 221 297 371 274 
350 38 415 420 118 72 103 380 390 220 30 369 354 264 189 191 271 75 361 445 206 218 262 137 370 15 121 26 216 14 96 46 231 91 97 306 42 340 324 320 29 388 446 441 417 87 36 235 425 335 406 
351 345 26 141 330 171 334 142 263 405 41 87 168 317 50 380 241 217 121 33 159 358 100 292 39 103 248 408 179 144 158 8 53 61 418 137 416 119 400 5 210 42 36 319 122 104 109 128 62 162 231 48 381 322 
352 122 80 167 218 203 359 305 121 120 336 252 303 306 145 361 319 311 150 204 326 94 93 65 96 134 3 342 251 207 384 173 225 240 31 386 232 298 447 255 402 67 49 15 193 401 271 304 397 321 246 366 149 59 
353 436 152 208 51 14 131 407 408 68 15 406 428 263 164 90 5 375 83 293 181 233 13 409 22 441 315 450 154 95 186 346 369 421 444 401 395 430 104 445 380 11 330 
354 285 200 98 7 241 31 62 336 45 364 242 122 339 366 321 40 185 73 350 377 149 332 180 34 170 421 171 247 316 280 239 174 386 394 267 214 276 271 299 328 72 145 449 22 87 337 127 244 323 234 433 251 
355 420 287 82 188 214 439 97 335 29 26 209 17 19 419 271 59 312 387 56 128 162 410 0 339 445 248 46 57 112 12 207 168 163 160 229 332 95 36 359 333 118 44 190 389 423 124 220 98 344 20 
356 99 389 237 449 312 102 171 395 232 79 196 231 342 271 7 303 41 135 453 366 427 175 398 292 37 207 18 357 258 422 36 148 388 94 151 164 384 322 19 425 27 212 320 420 299 434 297 385 238 431 191 55 381 382 
357 226 399 390 240 349 34 74 96 101 298 9 222 28 232 207 278 200 56 333 47 54 256 118 264 356 386 184 242 397 50 429 159 36 439 121 41 230 419 85 446 104 238 326 100 107 199 403 414 358 
358 192 107 373 195 344 362 378 27 19 65 351 417 323 253 232 432 176 333 118 433 206 255 75 50 23 254 173 429 287 139 153 428 70 163 111 95 386 243 48 319 22 423 453 40 29 30 377 60 357 15 
359 287 448 5 429 382 66 352 297 231 44 87 75 3 65 387 337 145 399 201 280 393 336 21 151 188 312 304 39 152 364 41 119 157 230 286 385 355 250 226 72 112 184 30 155 60 406 
360 400 195 23 319 421 309 135 231 155 237 241 349 161 452 73 189 407 104 224 203 206 38 201 381 229 31 317 455 278 178 66 420 145 249 284 228 404 291 
361 311 25 109 328 436 189 105 406 179 164 352 452 79 157 92 215 16 132 350 330 62 365 99 186 432 284 61 262 364 173 258 80 394 317 366 165 337 247 7 107 141 438 285 20 383 139 241 
362 51 229 235 338 265 333 358 195 143 148 59 187 407 104 376 221 289 252 331 237 102 76 302 122 80 392 220 56 62 27 281 423 406 162 426 267 283 190 445 48 324 299 58 304 330 440 228 145 273 
363 273 223 201 121 240 311 421 395 100 406 95 216 115 77 293 254 80 319 83 184 384 374 37 90 46 207 446 255 40 235 371 289 393 389 224 179 65 172 82 294 278 150 167 85 214 109 48 139 
364 7 306 431 435 354 308 223 25 115 53 399 426 178 32 78 174 454 160 179 442 62 52 175 193 361 384 22 146 35 192 359 113 287 73 297 393 42 117 97 319 269 170 443 225 102 202 211 177 
365 130 309 337 147 50 107 194 333 340 113 90 386 285 418 361 375 173 39 348 437 224 182 413 36 106 449 165 388 203 272 136 217 210 168 2 326 96 6 327 284 156 294 296 266 264 347 
366 1 45 23 354 280 397 195 408 339 248 268 39 356 282 318 213 377 293 254 156 171 275 68 62 442 112 179 7 26 215 232 166 73 153 361 49 296 311 200 326 323 433 10 352 404 182 255 124 203 
367 106 382 37 259 269 141 387 110 383 385 422 432 248 181 299 114 240 419 277 115 6 282 33 70 113 128 211 120 25 50 409 177 264 246 284 389 280 
368 409 415 235 311 383 105 327 251 13 396 21 128 189 290 225 420 320 391 107 340 286 341 322 68 39 267 209 384 423 26 436 308 47 249 390 146 97 453 212 66 260 198 
369 64 346 348 436 350 320 267 266 386 442 32 273 120 250 398 187 56 115 422 60 444 296 378 162 172 310 275 105 427 252 14 50 452 194 121 11 28 7 353 409 46 118 101 418 396 208 271 4 236 83 
370 69 164 235 295 318 161 20 96 8 408 126 305 263 388 436 31 236 180 250 137 315 277 181 402 350 331 145 252 11 334 294 339 204 426 101 120 391 167 81 152 68 228 373 170 26 210 13 
371 201 249 348 95 221 17 260 34 191 242 425 235 205 217 341 284 427 344 117 302 71 196 9 276 156 268 374 224 363 7 291 65 32 436 373 163 253 331 186 349 
372 256 193 107 79 176 82 126 433 113 447 294 416 15 147 413 248 211 216 125 250 65 87 69 196 190 151 229 208 91 7 258 274 240 6 90 342 394 
373 281 130 148 445 358 11 308 206 269 102 60 392 335 158 86 217 429 417 212 24 129 286 146 427 236 453 23 413 331 259 20 342 455 337 35 77 305 424 371 434 370 48 31 386 283 303 181 98 242 333 37 115 107 190 1 
374 190 63 135 434 233 441 255 182 127 31 178 446 333 15 66 21 281 118 224 391 385 98 427 121 248 258 363 269 186 250 455 292 420 99 275 371 262 383 169 277 288 177 54 70 426 153 448 52 443 279 131 386 402 16 438 419 
375 325 415 248 49 165 322 328 293 161 97 383 58 454 346 353 189 47 379 37 341 365 330 291 42 122 14 33 314 4 300 60 216 74 437 384 237 425 197 414 297 283 139 452 256 272 
376 244 451 154 321 403 287 148 208 337 437 333 113 395 40 96 14 100 303 232 362 99 275 192 106 166 138 215 336 51 64 85 326 31 36 435 393 441 144 22 304 172 79 189 92 58 1 345 380 165 153 409 133 377 
377 96 159 223 137 354 65 334 218 9 69 130 366 174 162 238 188 193 288 412 319 282 31 243 198 292 452 227 281 179 358 236 260 376 161 37 
378 240 75 388 443 72 455 49 92 296 9 358 237 80 300 108 16 107 115 83 25 33 412 78 291 369 188 272 218 306 69 150 258 0 423 383 284 206 292 286 406 249 428 
379 347 203 43 416 108 280 180 104 170 421 19 154 439 29 267 152 98 375 320 124 311 386 188 67 160 414 441 245 395 271 397 432 329 327 
380 320 440 433 56 247 350 137 351 448 173 304 341 72 315 28 218 395 186 300 75 316 344 193 238 381 210 330 409 437 156 253 394 412 318 18 26 200 342 275 376 110 340 384 34 385 422 63 420 122 353 24 
381 316 389 37 226 227 216 62 160 220 132 449 135 258 222 306 25 155 317 166 120 207 76 0 397 104 333 197 161 224 360 73 384 233 380 75 69 410 74 308 145 28 217 356 129 351 
382 60 122 134 367 406 242 92 113 359 297 241 206 252 86 0 130 146 432 56 34 158 313 170 100 211 306 334 145 348 226 326 10 411 153 269 417 148 151 64 423 238 282 312 356 318 
383 386 368 190 73 87 367 5 123 375 247 82 238 310 274 273 245 84 97 347 28 132 243 86 9 258 325 19 264 446 196 162 143 242 374 227 272 331 88 293 302 378 160 299 235 249 138 239 284 94 400 401 289 361 336 53 213 
384 320 196 55 288 187 58 271 17 311 175 305 432 307 20 157 443 363 409 208 100 124 352 134 453 101 136 381 451 364 141 368 52 340 228 356 126 260 123 342 222 181 375 285 304 380 183 207 449 268 137 274 435 213 60 38 
385 2 432 302 292 218 203 404 52 89 96 367 193 130 13 43 191 24 309 183 35 333 427 117 287 401 374 228 275 450 28 289 134 285 335 54 348 45 336 269 101 39 85 267 359 165 396 209 64 121 14 380 356 225 242 334 
386 283 383 187 95 51 131 159 337 219 369 34 448 455 365 379 434 405 271 357 354 67 311 47 287 330 165 201 11 223 352 220 412 50 358 155 341 388 394 191 55 326 373 374 277 284 60 26 
387 199 325 211 408 34 28 105 367 126 437 434 268 317 359 163 122 73 289 355 310 188 248 340 443 438 145 140 397 201 49 64 339 103 89 439 157 181 
388 239 30 306 378 336 258 311 208 140 417 370 334 78 133 433 230 69 150 445 446 401 76 356 282 453 194 244 167 299 365 121 128 270 243 386 350 21 119 178 88 173 141 
389 229 356 381 278 436 234 195 48 303 176 10 256 271 447 432 151 266 2 219 14 290 448 104 168 321 340 328 128 258 404 173 434 88 363 264 331 189 335 82 1 267 355 39 99 367 187 433 338 
390 43 317 357 136 349 217 173 57 150 350 127 8 69 454 48 444 404 121 166 338 138 394 9 452 396 427 194 210 246 78 97 109 289 100 255 203 420 37 413 29 56 325 333 368 144 89 155 185 72 259 64 104 
391 249 38 265 207 134 233 324 99 51 293 22 106 63 137 439 33 200 266 241 374 368 284 243 210 205 331 217 281 255 401 216 431 283 178 416 370 86 434 9 433 195 225 199 
392 393 163 61 95 204 275 156 177 327 404 373 70 81 38 126 151 266 150 267 217 164 230 186 180 168 252 362 443 263 136 229 413 39 184 305 425 419 235 
393 392 86 455 303 95 119 184 35 272 189 138 208 3 58 10 279 123 125 27 286 234 126 433 266 277 176 13 221 359 409 156 88 82 376 97 192 296 363 177 181 289 337 229 26 50 34 135 364 203 262 319 406 308 241 180 167 
394 150 53 418 85 232 24 447 445 10 332 89 267 317 334 140 196 66 390 399 1 132 136 439 165 354 262 9 247 287 69 213 401 361 380 80 101 158 386 320 60 183 328 130 68 313 257 442 372 
395 209 217 268 400 47 127 95 452 363 349 356 313 270 376 242 244 40 189 240 238 333 271 380 130 296 204 147 81 233 305 248 379 74 75 196 38 13 353 173 11 
396 106 218 108 137 38 172 314 368 27 4 5 133 287 343 433 400 189 130 64 390 407 196 74 349 79 323 103 42 126 294 179 263 451 385 111 157 317 167 369 292 83 
397 284 221 366 233 67 45 219 218 173 180 162 167 174 151 285 381 134 307 93 61 51 357 316 387 110 315 71 420 443 13 96 280 433 19 171 15 329 328 352 379 145 98 269 289 239 445 410 310 56 
398 119 177 92 141 345 122 422 74 61 281 433 304 276 8 297 332 439 369 259 333 30 256 338 159 42 356 326 342 227 153 107 38 432 325 291 31 454 186 25 162 318 307 67 193 40 436 113 441 115 59 223 
399 357 313 122 118 22 28 27 201 53 364 159 40 400 127 406 164 359 176 210 126 337 394 344 114 50 453 102 250 115 280 14 192 299 66 154 80 39 421 106 174 163 429 301 336 62 277 52 262 228 119 443 213 30 
400 260 360 395 36 345 321 269 316 307 110 406 434 399 143 9 396 335 88 141 444 215 235 49 114 322 53 452 223 433 153 341 178 50 351 83 183 15 74 291 70 383 171 288 421 295 31 410 
401 186 347 81 329 210 426 83 225 339 42 20 150 144 310 219 3 71 162 85 288 244 208 385 388 36 70 317 44 391 394 169 425 152 276 431 185 48 261 121 250 115 163 47 352 179 155 166 278 408 143 167 353 140 383 153 
402 403 84 346 329 239 141 223 56 59 285 286 229 148 446 39 186 370 25 441 119 331 196 139 430 306 89 198 242 219 282 341 448 110 352 51 91 75 266 151 374 251 57 
403 402 376 233 53 328 290 198 270 294 116 448 9 176 155 263 34 441 41 261 93 102 76 262 193 208 2 433 252 118 157 113 174 222 137 267 49 318 60 305 357 279 419 301 409 
404 107 132 225 451 216 9 385 210 253 232 392 147 219 158 390 326 435 421 172 129 235 293 69 96 282 415 211 434 71 240 290 389 263 91 75 111 110 4 412 221 329 271 124 19 366 360 
405 276 156 132 351 216 67 158 336 175 258 408 439 27 157 288 322 151 74 81 313 26 386 231 113 19 28 24 317 217 323 237 180 299 429 337 309 262 256 292 154 31 193 1 84 204 430 
406 134 162 238 382 315 218 216 361 112 363 258 407 235 400 353 227 213 399 454 84 346 7 244 171 205 448 173 420 425 163 439 46 54 270 362 96 447 109 393 378 150 359 19 10 350 207 
407 116 433 202 166 313 158 66 317 223 138 205 267 274 353 59 406 110 362 279 106 206 4 176 153 396 0 360 163 2 105 111 21 438 180 193 252 265 164 302 135 452 341 68 430 245 
408 159 144 387 347 170 127 454 353 106 212 370 405 119 366 452 205 232 54 312 195 351 152 314 434 305 97 86 1 316 132 340 222 217 38 262 171 401 289 219 94 429 
409 368 122 211 26 22 220 255 208 417 134 178 425 246 421 427 158 6 183 431 384 248 126 393 143 108 342 353 247 380 41 304 7 137 367 50 157 369 173 403 376 420 
410 246 287 225 266 38 8 268 191 137 448 91 322 273 36 234 206 285 278 82 289 355 260 117 73 109 140 155 46 108 134 249 381 431 39 45 280 313 345 317 253 294 205 23 183 397 296 50 342 400 
411 31 336 204 242 123 23 270 349 83 164 196 40 60 294 439 118 153 299 188 6 226 0 86 320 382 240 298 149 200 80 135 75 125 45 70 193 419 420 300 
412 268 234 307 3 216 99 74 156 298 211 69 191 134 108 41 378 24 94 423 39 25 119 49 414 219 171 97 329 233 272 138 165 26 255 377 229 266 1 386 380 93 172 404 96 228 21 5 12 444 123 279 225 
413 149 61 282 188 189 292 203 114 200 91 237 16 228 168 148 129 94 372 301 294 222 47 259 316 373 51 115 122 60 365 108 218 269 193 392 390 253 132 154 27 106 297 72 337 165 
414 434 72 67 63 432 68 183 154 61 138 420 29 202 163 444 251 412 446 297 94 325 101 144 379 140 172 246 193 345 227 64 375 276 82 115 136 357 286 284 
415 368 251 350 375 208 342 158 333 171 269 70 97 294 141 449 147 267 277 198 167 230 209 154 76 404 268 419 99 6 348 10 424 159 103 44 25 100 129 228 311 195 166 328 172 
416 188 430 125 250 207 379 5 2 280 440 272 274 36 60 109 10 203 162 13 155 372 80 208 427 337 124 351 157 3 23 6 391 152 233 301 37 249 261 236 
417 146 183 118 260 95 320 425 166 388 423 68 308 332 235 125 173 358 409 86 443 373 203 430 35 242 11 171 151 215 254 54 422 89 208 318 36 382 246 131 350 444 275 213 7 116 437 438 174 264 
418 428 262 394 86 123 281 178 117 75 246 143 238 293 365 168 156 173 83 346 253 115 300 264 150 351 112 77 58 135 35 8 342 233 427 5 132 43 165 111 85 328 61 369 301 419 10 
419 48 69 434 230 147 293 167 448 181 219 190 150 286 162 306 355 155 254 65 367 134 453 284 450 19 26 449 333 415 7 218 299 339 21 23 79 357 271 188 97 204 102 245 403 392 290 411 174 418 374 148 
420 243 171 355 444 350 271 159 326 414 238 437 50 74 41 84 368 146 327 178 406 172 374 141 162 126 397 390 280 435 360 25 66 356 200 311 380 328 80 38 11 411 179 409 
421 287 70 363 37 183 360 433 120 379 321 236 181 179 251 274 171 1 86 354 268 409 313 404 200 149 31 309 170 41 202 220 80 450 18 223 77 259 290 399 166 249 444 253 449 303 111 353 452 400 154 121 130 7 
422 3 0 249 398 449 54 174 367 9 187 214 327 203 369 248 261 356 60 417 285 175 20 107 1 202 153 334 117 451 380 176 303 297 
423 303 274 209 121 142 59 191 133 215 417 442 257 200 126 97 278 196 113 10 237 139 412 119 100 293 158 452 434 424 201 138 368 53 282 362 259 378 101 43 36 172 382 194 358 13 305 132 355 297 441 207 
424 71 91 5 174 450 139 319 106 176 321 300 23 107 49 188 441 98 293 231 248 347 317 423 61 70 183 244 136 227 305 268 415 330 17 297 242 373 42 187 
425 29 257 284 148 445 417 223 437 152 34 23 371 267 20 409 302 28 234 102 71 192 453 158 442 129 30 250 406 328 142 98 401 70 90 341 356 454 242 32 392 345 323 375 103 167 350 283 57 
426 226 342 278 333 210 401 73 164 126 219 435 428 9 364 86 120 243 430 301 239 319 324 448 328 349 274 253 309 370 362 273 442 63 225 429 255 447 374 212 236 260 69 146 195 282 326 432 321 83 
427 120 259 35 6 260 111 224 23 103 118 279 85 233 77 385 409 90 356 390 145 250 371 0 374 2 223 373 434 369 280 416 212 148 252 73 16 418 53 165 59 74 72 169 298 433 135 221 
428 418 210 221 250 446 104 426 89 353 81 62 257 91 138 187 444 345 63 198 141 144 195 83 40 247 445 358 435 191 186 220 284 451 322 82 155 131 127 55 278 378 
429 344 251 157 163 359 255 170 116 110 180 229 238 340 373 143 329 221 160 252 158 112 77 357 321 123 358 23 80 405 47 339 236 455 399 270 426 59 134 243 76 408 304 17 269 146 257 
430 105 416 110 168 77 33 269 35 316 224 417 227 62 347 235 173 334 426 63 402 4 41 152 453 172 119 232 76 431 89 245 407 353 247 145 405 
431 185 364 316 258 186 105 324 442 278 120 436 228 201 225 53 118 312 47 274 328 409 239 279 331 22 115 78 39 111 124 203 80 391 401 195 19 2 68 288 430 410 343 95 15 292 156 342 356 297 79 
432 385 414 240 234 330 76 208 25 221 384 226 86 78 367 98 358 389 89 382 254 327 269 85 398 361 246 27 201 116 176 164 97 297 190 56 345 111 227 273 379 30 181 426 127 53 278 200 
433 407 20 380 233 79 180 76 289 210 236 421 241 40 398 261 11 330 68 102 447 282 12 372 269 265 393 396 36 26 239 0 388 115 219 358 291 150 105 337 23 146 81 223 297 400 66 403 187 41 168 450 320 397 145 54 203 152 391 176 354 220 366 437 427 389 
434 124 414 201 330 419 374 22 271 122 7 123 217 213 335 400 387 5 153 52 304 289 88 231 346 73 386 423 408 427 404 245 389 447 442 303 391 373 356 239 152 1 30 87 
435 322 76 174 256 102 364 70 32 223 314 426 171 210 255 216 404 34 257 184 51 27 273 376 284 207 19 327 342 288 428 133 231 150 420 55 21 449 205 272 169 384 438 333 99 31 
436 321 49 140 353 361 369 389 212 94 431 265 312 370 60 71 271 81 39 107 282 42 170 174 29 193 267 316 26 148 192 368 4 274 109 146 371 51 275 158 72 66 133 398 339 207 157 262 
437 315 174 79 217 51 128 453 247 425 183 80 387 376 420 86 324 12 18 90 113 446 184 272 58 365 219 348 288 331 380 76 168 375 129 4 317 417 46 433 85 127 82 
438 450 176 451 259 165 313 127 334 288 75 155 9 221 251 219 316 387 243 236 407 124 328 192 361 163 224 417 245 435 154 110 374 
439 294 256 330 11 115 93 306 273 355 155 322 332 209 379 398 405 391 446 331 411 2 161 293 10 131 394 268 257 250 213 253 6 204 344 232 406 44 313 136 262 357 104 94 149 107 163 146 210 236 178 387 339 
440 207 136 185 380 57 134 454 8 108 326 416 152 30 213 228 188 131 12 314 211 229 243 238 287 186 75 83 232 89 242 288 162 362 203 
441 152 455 306 317 17 75 374 81 234 348 241 162 177 424 280 402 202 290 158 403 376 278 179 444 379 353 67 133 254 101 301 8 344 224 350 1 112 105 398 423 144 94 246 71 
442 449 300 333 77 225 431 274 369 245 263 423 167 39 425 364 65 182 366 62 18 73 118 294 112 227 243 29 434 155 426 211 444 51 296 210 119 394 34 239 171 
443 265 378 45 285 446 244 234 417 288 298 222 287 90 154 65 301 384 162 252 165 387 392 263 247 201 112 397 273 203 1 215 374 272 182 119 343 82 166 117 310 10 338 364 399 69 131 
444 155 302 48 420 248 340 124 33 454 178 218 230 63 295 67 390 82 414 34 369 428 201 400 51 349 231 197 297 175 226 330 23 90 441 173 98 298 421 169 52 133 56 417 122 442 229 353 412 6 
445 242 13 373 253 331 186 425 146 282 394 31 165 82 88 345 250 149 350 181 209 388 203 56 258 190 107 86 355 17 74 251 428 159 207 215 362 99 168 397 353 264 29 285 
446 264 71 348 151 428 170 443 309 14 82 374 402 187 72 179 268 439 437 326 37 388 414 50 383 229 322 363 137 26 3 128 350 357 317 324 39 454 196 245 302 
447 152 216 272 116 185 454 111 52 44 285 394 19 433 372 324 234 250 389 293 449 188 294 214 127 53 197 434 302 10 352 426 406 29 180 21 70 82 32 
448 62 247 235 172 359 67 90 311 249 419 304 185 281 410 74 7 380 163 325 386 332 207 240 26 454 403 292 20 23 389 406 426 101 287 83 346 402 60 64 374 205 137 0 114 306 76 
449 442 314 356 172 13 294 422 29 66 381 415 252 63 326 248 59 205 56 68 120 447 337 273 419 49 28 121 92 232 177 233 365 354 325 166 421 224 279 435 225 116 384 
450 42 438 279 33 85 21 89 88 424 298 289 160 204 62 158 44 83 242 259 0 173 103 261 84 347 330 419 165 343 196 385 183 421 99 98 34 433 353 106 325 57 25 15 110 144 
451 376 4 438 286 194 35 131 404 147 196 452 221 113 227 41 186 184 262 166 169 279 288 119 299 231 179 135 276 251 56 109 384 181 10 310 335 428 396 19 422 215 74 33 90 110 106 
452 8 6 218 395 307 451 206 130 260 216 166 31 299 192 361 325 408 155 220 360 390 423 400 231 344 199 133 335 111 76 369 171 241 377 93 10 233 223 257 407 421 5 375 333 
453 287 126 67 311 263 286 36 289 437 343 233 265 206 147 56 356 99 419 14 425 455 399 203 16 71 384 257 373 108 388 319 58 297 143 430 61 167 280 335 145 225 272 358 368 89 174 103 139 220 184 304 155 
454 136 162 229 233 440 292 444 447 408 135 277 390 106 32 15 323 264 194 315 375 258 330 406 249 221 448 364 158 112 189 223 278 342 36 138 206 348 111 49 398 319 123 425 28 24 446 102 10 115 55 156 167 
455 287 68 441 157 393 272 378 290 160 182 128 67 386 140 286 453 374 297 137 45 373 360 193 168 298 429 184 19 343 173 48 77 
