0 112 115 215 266 86 49 263 101 108 64 92 99 75 61 123 7 68 211 308 281 229 238 150 122 160 278 216 169 110 304 258 28 298 280 37 
1 239 186 111 245 45 9 103 190 189 60 287 272 200 90 285 267 89 116 143 59 169 231 91 6 120 11 236 299 
2 165 132 125 35 145 80 234 102 240 261 231 200 274 24 164 278 61 181 259 69 205 218 30 301 137 26 100 
3 273 283 12 52 70 157 116 248 23 42 86 198 69 103 244 96 211 292 55 126 262 32 143 278 63 168 30 
4 18 183 263 281 126 148 303 131 218 133 132 238 33 266 88 165 305 287 84 72 113 67 128 195 230 173 246 292 288 261 54 68 32 277 225 
5 216 129 304 141 106 61 117 142 219 89 182 119 186 211 85 27 31 208 149 183 303 120 213 84 279 110 196 162 260 302 75 82 29 
6 241 33 249 245 291 274 187 212 137 175 18 176 126 210 150 261 20 184 147 174 26 222 99 12 217 17 1 196 21 124 
7 293 184 267 61 219 129 235 253 96 0 27 261 189 100 124 163 269 98 192 64 228 115 258 134 68 191 165 105 238 170 287 
8 168 156 195 54 221 38 138 115 33 215 114 19 159 249 211 141 101 228 279 144 256 136 266 108 
9 121 109 291 205 100 228 116 161 250 84 96 189 196 83 303 1 167 209 213 32 276 114 183 296 91 230 128 236 151 255 211 306 174 152 179 162 288 67 68 
10 97 206 241 204 150 296 138 91 291 72 208 102 73 124 231 137 168 222 201 197 275 285 99 190 142 221 93 282 159 
11 15 71 69 285 118 145 254 176 231 175 75 191 127 299 67 55 49 297 19 192 90 182 28 215 164 129 172 244 247 188 20 276 304 131 1 42 
12 168 260 227 287 215 3 146 97 124 197 155 209 264 123 115 280 307 198 19 195 35 159 74 246 6 199 58 60 171 202 118 106 
13 238 200 56 150 30 148 285 203 303 286 114 232 197 71 93 225 261 282 86 185 98 24 44 57 257 245 141 99 171 308 100 296 
14 164 215 29 237 306 222 168 67 59 136 191 57 77 212 193 130 85 216 105 308 62 94 171 305 110 83 157 186 25 239 42 98 153 
15 11 237 188 78 295 70 284 17 187 212 288 217 292 222 175 174 297 239 244 166 241 106 102 42 
16 165 168 80 61 130 81 295 175 17 19 67 127 147 29 215 208 129 86 222 44 57 136 179 101 139 169 213 227 210 170 
17 46 41 20 115 191 192 166 70 48 178 16 189 204 86 15 105 59 91 260 229 243 278 288 67 107 151 231 44 308 6 180 280 
18 4 62 50 274 291 238 267 260 19 278 92 6 304 224 204 100 191 31 294 190 165 221 134 283 130 290 201 76 129 254 216 223 
19 214 261 175 215 220 255 85 93 33 156 103 18 62 61 49 53 16 11 8 124 281 287 131 207 90 84 143 12 177 276 119 200 211 235 47 38 
20 17 186 276 77 118 197 238 304 158 76 240 251 51 156 90 6 179 269 292 84 205 166 34 214 11 72 23 265 178 268 
21 217 32 296 121 59 156 39 164 45 142 177 206 130 117 298 303 185 188 214 252 247 93 6 
22 174 251 309 112 260 239 161 132 266 290 38 178 271 108 255 263 267 88 95 166 243 276 265 138 148 214 86 33 230 44 299 183 186 
23 55 263 88 268 277 27 90 45 134 224 238 108 3 49 299 249 32 283 217 291 297 111 241 20 201 192 116 64 248 
24 268 53 296 278 187 201 211 2 277 87 264 33 269 175 79 299 13 106 171 156 218 239 307 274 295 210 72 
25 215 282 141 154 169 127 84 57 158 200 253 130 27 302 108 152 304 256 284 139 146 277 306 265 61 14 179 297 210 223 
26 238 179 84 65 309 281 59 304 282 252 265 50 295 174 120 82 227 283 203 241 127 235 6 167 58 149 199 56 2 
27 289 23 260 28 169 268 292 7 25 171 79 96 5 95 83 99 266 282 122 116 71 243 303 142 269 138 159 
28 143 205 157 192 27 61 107 238 242 161 296 284 170 86 60 102 218 11 302 145 114 211 115 100 117 0 227 246 
29 172 220 14 85 60 247 73 115 301 160 138 155 70 64 288 161 110 61 166 174 286 16 256 257 202 180 280 250 267 136 294 298 67 287 5 
30 108 258 247 219 142 85 296 13 179 255 92 267 274 124 113 248 104 177 275 137 55 53 171 191 278 2 198 107 38 153 221 129 3 180 
31 143 229 203 261 106 136 58 224 72 286 275 293 223 5 146 211 18 269 93 219 160 43 68 101 295 249 142 241 301 
32 108 21 117 280 132 182 147 292 237 9 252 172 231 267 262 304 86 195 226 184 144 23 180 100 155 42 72 271 154 3 118 4 287 257 301 
33 6 223 261 210 263 225 233 161 69 19 152 4 293 8 209 102 291 56 110 24 308 80 52 249 271 252 22 297 66 137 147 196 36 146 108 202 48 
34 231 149 157 282 43 187 135 304 121 95 233 235 42 123 228 83 165 183 217 145 20 61 303 222 156 108 93 247 205 53 97 
35 283 171 100 126 172 63 239 308 271 2 255 152 164 233 298 210 301 179 212 169 269 44 12 260 46 273 95 150 261 79 
36 119 206 239 241 205 92 250 60 263 275 83 86 170 301 289 90 140 82 198 243 70 148 189 186 160 33 135 
37 201 69 294 66 296 140 301 240 80 82 139 258 173 287 303 266 253 273 131 272 61 0 
38 70 288 8 81 22 270 173 252 175 296 305 271 231 213 54 254 145 207 167 243 140 228 201 43 169 242 269 55 30 219 19 125 200 
39 66 126 91 21 253 58 68 255 273 121 147 174 209 198 87 279 42 77 177 219 54 289 238 194 43 76 181 123 250 210 283 135 
40 242 177 171 121 87 132 156 163 74 213 220 106 238 274 259 174 144 201 204 231 120 151 235 159 219 293 150 167 309 306 267 191 254 
41 17 258 64 265 151 164 215 117 132 68 281 51 135 161 277 142 235 308 197 183 43 114 94 
42 126 137 238 173 113 169 96 136 251 283 244 210 161 304 214 271 3 84 34 239 65 282 93 309 39 235 301 217 221 32 123 191 14 129 112 11 15 
43 205 97 264 71 282 242 248 162 237 34 156 130 300 253 148 203 199 54 225 234 168 123 135 69 272 63 38 207 39 279 31 52 41 257 246 108 105 231 
44 242 253 309 217 241 56 176 293 83 292 54 61 254 268 73 227 163 16 117 264 35 247 296 234 13 151 294 22 196 17 284 
45 217 198 79 212 202 23 165 169 266 1 50 21 304 197 303 291 276 102 224 153 227 91 277 247 111 219 272 80 168 229 68 209 
46 17 134 292 254 233 111 137 247 92 166 67 218 236 297 85 250 199 262 285 152 245 35 226 112 189 149 
47 296 247 120 127 183 254 154 111 97 231 287 217 207 306 309 110 250 211 292 131 82 215 259 252 85 55 76 121 137 203 63 258 90 208 152 19 84 
48 166 241 60 252 93 302 17 76 74 238 85 299 263 228 215 274 279 234 275 161 52 139 130 86 62 152 33 
49 287 73 307 158 0 291 70 271 19 11 143 149 227 23 161 189 106 145 82 239 83 98 84 103 107 188 182 174 284 65 216 55 232 
50 182 180 93 276 167 18 252 158 216 202 45 233 89 127 248 308 278 26 229 279 128 257 138 151 230 222 240 142 115 120 71 238 147 215 173 262 201 
51 154 255 128 164 117 110 194 132 146 98 135 140 201 20 173 167 272 41 125 96 76 215 158 166 247 237 240 75 243 222 136 116 149 267 226 
52 219 273 150 143 205 3 74 269 233 160 234 59 272 118 122 33 95 48 43 252 268 278 
53 298 150 24 151 191 288 176 245 94 79 19 96 134 161 58 132 281 30 239 235 291 189 56 295 269 175 232 34 
54 199 278 8 178 147 96 219 218 44 288 43 152 290 142 38 186 302 39 265 237 133 254 119 4 239 104 84 88 124 308 
55 23 86 120 140 260 258 81 74 304 231 99 305 11 286 80 275 30 293 3 47 133 182 93 60 146 38 215 236 308 214 49 307 197 100 268 
56 167 92 13 170 180 62 232 44 179 220 58 294 173 251 203 103 101 243 191 73 57 33 231 186 83 295 293 70 118 53 277 26 245 155 
57 172 77 137 184 305 160 25 268 93 279 140 304 162 14 252 142 120 263 145 78 56 110 72 66 186 176 16 159 13 285 179 178 95 288 
58 222 78 219 272 102 305 285 294 211 227 192 199 31 77 56 114 39 115 297 119 265 293 226 184 146 53 215 93 191 86 225 124 131 180 159 118 90 161 270 26 122 282 12 110 101 109 309 
59 275 115 208 134 119 21 196 187 154 220 101 216 14 26 135 52 90 17 68 258 265 305 218 226 174 138 246 88 105 230 1 228 87 288 79 
60 66 309 212 288 243 209 129 260 29 166 48 75 36 189 190 275 176 1 214 142 28 159 113 223 130 194 55 233 236 12 307 96 
61 248 285 67 160 5 16 28 81 209 7 132 284 161 19 149 304 0 220 76 44 29 296 286 74 2 195 170 298 290 176 34 210 25 205 217 37 194 224 112 211 144 120 
62 18 113 194 56 296 195 251 71 19 81 150 78 118 132 233 304 135 14 235 101 298 301 243 255 148 279 272 142 229 82 48 83 303 
63 240 35 249 107 81 114 301 123 76 228 157 173 284 153 213 102 295 158 290 43 118 243 113 47 248 97 245 215 186 3 116 80 
64 167 41 119 229 93 252 176 309 266 0 290 289 200 196 29 138 230 7 73 74 226 160 265 75 156 127 23 248 
65 108 197 26 121 147 124 189 91 285 270 168 73 71 42 69 177 223 266 101 245 248 180 209 158 183 220 49 232 144 
66 39 60 175 209 136 37 91 282 289 170 114 57 85 255 143 100 171 86 279 116 161 87 33 240 67 
67 229 61 197 102 272 221 14 293 142 286 11 271 16 161 46 4 140 118 171 117 281 128 83 17 255 137 294 207 93 180 189 9 29 104 106 66 
68 232 186 289 99 300 107 39 0 41 74 245 142 59 305 253 249 150 255 31 7 200 4 9 45 
69 71 230 132 245 143 92 11 227 218 33 37 125 65 187 247 3 93 43 98 2 138 226 281 153 251 
70 38 112 129 17 49 3 99 273 29 15 153 215 145 143 287 191 159 156 56 102 279 138 115 36 113 260 175 151 255 133 179 309 
71 88 69 295 128 221 166 246 43 11 72 62 271 174 127 200 220 93 65 290 135 119 13 157 50 296 27 136 111 95 218 211 190 240 80 
72 259 168 186 159 71 295 190 221 246 285 31 215 10 250 256 269 57 263 4 258 121 82 32 144 302 138 20 162 24 205 
73 275 114 160 205 188 103 120 182 49 29 254 294 81 172 65 284 256 82 56 10 176 280 44 171 64 133 99 265 118 203 131 164 218 
74 112 150 92 80 55 213 176 306 215 257 107 40 52 252 48 190 83 68 248 165 225 61 262 197 64 175 12 211 114 105 
75 295 281 217 253 189 60 233 11 131 259 0 149 196 99 305 141 265 88 230 266 296 260 51 64 301 270 216 154 79 221 5 209 
76 105 161 93 254 236 290 175 128 213 242 121 178 48 63 20 198 61 300 307 288 151 192 278 231 157 51 174 47 162 39 169 227 100 118 18 259 184 114 
77 57 115 95 120 201 235 20 96 134 58 305 138 84 116 154 263 14 289 223 143 135 39 238 133 164 203 261 217 216 103 162 240 229 244 200 255 257 111 
78 231 58 137 171 153 262 15 273 175 287 62 104 160 57 120 202 199 100 105 90 173 269 208 176 
79 274 45 298 246 271 53 103 211 291 89 27 293 304 240 24 99 217 286 283 107 75 59 144 35 
80 223 74 16 148 2 147 109 146 242 108 285 37 55 281 167 266 257 33 221 207 273 264 99 295 71 187 45 63 192 
81 55 63 61 275 38 73 164 16 62 289 159 122 133 195 285 147 272 254 169 144 175 210 127 190 
82 267 106 305 73 153 37 107 161 192 26 49 159 200 47 72 36 95 88 131 254 123 85 286 189 246 62 194 208 150 98 5 184 
83 274 9 191 44 243 255 161 36 74 34 154 27 177 49 56 135 232 301 108 239 110 67 14 264 241 184 214 186 62 
84 211 129 229 159 26 306 296 9 203 226 25 216 77 214 238 42 180 277 131 186 4 20 19 200 49 5 101 150 175 246 309 280 269 272 220 54 119 47 
85 156 103 29 30 300 19 92 221 282 48 5 278 101 14 66 244 46 82 47 123 147 87 204 269 202 299 307 214 
86 237 55 183 106 297 261 0 178 217 17 179 304 115 305 36 3 169 203 32 149 145 16 28 88 92 150 66 58 13 151 112 225 120 22 48 
87 123 40 303 172 238 257 270 135 111 24 96 39 182 297 248 143 200 301 236 295 85 59 66 294 160 165 219 
88 215 71 111 267 23 190 142 199 269 141 260 173 174 4 138 22 209 286 206 243 259 86 82 75 134 255 187 301 153 59 95 249 203 302 90 54 
89 296 256 174 157 145 5 50 79 123 217 160 162 202 115 1 114 134 285 176 95 280 261 172 140 171 
90 287 138 162 197 196 142 23 112 98 223 271 163 114 238 243 20 36 284 59 110 19 1 123 11 106 161 78 58 215 47 88 108 250 
91 219 293 165 39 149 284 65 10 66 282 9 207 243 17 117 298 159 214 45 111 239 247 1 112 227 
92 165 69 56 74 36 258 85 247 30 0 18 120 198 46 124 86 303 301 181 195 115 99 118 
93 50 272 229 76 248 64 254 240 228 48 19 57 71 265 42 69 294 58 13 31 268 222 245 163 55 141 34 67 226 21 103 10 162 194 
94 277 271 300 265 226 53 287 151 267 176 238 204 166 240 295 233 138 14 179 99 104 308 275 167 272 125 260 180 41 
95 267 77 275 100 213 189 34 215 148 136 118 22 27 174 154 116 82 149 52 71 238 88 163 89 57 35 
96 269 298 297 77 116 42 9 54 256 118 7 53 225 291 245 193 27 87 3 208 283 273 51 217 295 184 151 129 189 196 169 186 278 60 292 
97 10 43 250 306 131 12 218 231 47 269 268 194 220 181 110 280 309 132 63 142 170 302 34 
98 262 230 239 160 90 238 125 201 242 51 176 302 241 7 174 232 111 307 49 292 270 13 69 109 211 14 172 147 82 293 
99 279 150 250 100 294 162 188 234 138 177 68 168 208 70 288 0 55 144 180 238 75 293 212 174 123 27 164 108 73 228 296 79 94 10 6 135 258 13 92 264 211 80 157 130 
100 219 35 192 180 9 99 270 95 287 190 268 199 7 18 166 66 109 32 78 252 159 239 258 223 76 121 193 131 181 161 110 28 206 112 55 13 2 
101 126 233 130 283 291 276 264 59 0 231 154 262 108 56 149 85 273 65 62 270 8 103 84 102 252 16 134 31 280 128 208 259 232 58 171 303 
102 130 104 58 184 67 124 127 301 140 2 158 154 201 192 200 219 10 251 137 250 33 63 280 199 269 28 198 45 108 197 283 132 70 101 159 222 288 15 
103 85 299 73 19 204 1 79 56 217 138 293 255 3 278 115 264 101 201 181 49 162 200 235 190 77 289 256 224 93 294 
104 300 142 102 266 239 124 252 108 279 225 30 78 228 113 226 129 146 267 127 299 145 94 195 255 161 54 134 67 282 
105 76 140 262 223 305 153 218 230 241 167 193 17 248 14 165 250 106 194 271 78 236 59 208 7 43 227 128 74 
106 268 240 86 189 82 232 195 5 31 136 183 111 40 305 201 174 49 217 242 302 297 289 105 90 284 24 255 212 299 204 256 15 67 12 
107 63 145 189 28 74 68 296 116 181 82 127 231 187 220 49 223 17 117 174 164 246 30 79 185 
108 294 32 30 65 267 188 271 0 247 22 104 80 101 23 180 191 25 236 132 99 102 185 172 83 280 276 184 118 34 255 213 226 43 159 156 33 8 90 114 
109 9 292 200 80 164 271 199 301 204 302 283 308 100 171 307 147 309 98 195 121 58 180 
110 130 267 113 51 213 257 302 29 249 47 160 57 33 90 189 171 5 117 97 14 83 218 132 168 290 0 58 303 100 
111 88 224 287 231 232 1 189 46 268 47 106 170 307 183 277 87 98 240 217 185 260 71 91 151 23 45 172 77 
112 0 263 22 74 282 122 188 70 90 142 255 208 239 169 269 252 221 307 173 303 302 190 86 133 194 42 46 202 61 100 234 91 
113 295 62 275 256 110 42 181 218 30 254 246 282 301 229 104 4 60 205 63 149 70 183 215 165 
114 73 288 159 63 58 225 90 9 199 8 66 13 254 161 280 218 160 262 28 200 216 74 154 89 76 41 169 108 
115 126 77 0 303 59 234 17 237 250 167 29 154 58 8 133 86 138 121 242 12 103 185 50 7 193 89 70 180 92 28 176 240 
116 288 142 219 9 96 195 296 77 292 132 3 107 200 229 285 95 150 267 249 299 27 146 282 1 66 144 293 51 155 23 165 145 63 
117 32 118 51 296 206 5 41 167 192 263 126 128 161 173 21 302 44 110 67 91 107 280 238 28 121 130 
118 215 281 286 117 291 11 20 209 300 96 176 95 62 216 223 52 67 163 56 63 58 76 73 221 258 108 240 299 92 32 279 224 12 
119 215 36 59 64 254 170 5 188 288 261 228 205 211 58 151 169 71 292 178 19 54 189 120 144 246 84 131 
120 47 55 77 145 295 73 170 227 268 287 92 57 172 138 299 288 26 233 141 78 5 162 214 129 40 50 179 267 86 119 1 252 61 
121 9 21 40 65 243 206 132 136 76 128 191 34 187 39 261 144 255 115 151 252 72 287 173 134 163 100 47 256 124 248 161 222 109 117 309 
122 246 112 254 192 126 148 190 81 274 151 0 193 220 27 52 205 257 58 132 270 
123 146 267 87 202 281 210 63 0 227 34 12 194 224 99 89 282 43 222 90 308 82 42 182 264 85 39 132 163 197 174 204 309 145 
124 222 224 65 102 201 12 104 30 145 7 163 10 232 263 19 92 58 169 305 206 159 170 121 249 158 178 141 54 6 
125 137 212 2 272 193 185 134 98 206 207 287 69 51 221 277 173 261 94 148 286 38 
126 42 101 115 39 35 4 146 147 122 248 154 117 6 262 285 177 141 3 234 254 275 239 
127 47 237 25 102 50 71 11 144 16 107 291 258 26 209 104 174 139 207 81 194 226 64 247 
128 265 71 182 51 235 234 146 76 263 267 121 282 222 50 117 9 183 173 278 245 4 67 252 204 171 158 210 101 105 266 
129 135 5 84 60 229 182 262 266 70 259 163 7 217 290 165 16 242 120 160 104 305 11 286 96 279 18 281 42 280 30 166 
130 110 251 102 101 282 16 253 43 239 265 150 25 209 14 21 235 247 193 149 131 18 60 206 271 48 287 236 279 99 117 
131 97 265 4 75 203 267 84 47 263 19 270 268 82 130 231 58 37 228 305 250 100 73 253 11 246 141 119 
132 166 255 69 2 40 121 164 32 290 22 259 51 61 217 292 209 116 4 301 41 62 174 162 108 294 176 53 215 227 102 97 181 123 110 242 225 264 122 239 266 
133 206 224 4 115 81 141 77 73 266 258 147 54 55 162 112 295 211 200 142 301 70 174 170 
134 254 258 59 212 46 149 23 77 296 243 125 165 266 154 252 53 235 218 166 176 18 88 121 244 101 7 89 220 240 172 104 144 188 
135 129 269 151 175 34 301 51 141 178 237 59 87 71 145 62 195 77 218 83 41 43 137 99 302 39 170 36 
136 146 185 302 166 121 42 31 66 106 14 143 273 289 205 95 276 308 196 249 16 71 280 144 193 266 51 8 29 211 191 
137 125 57 230 78 42 307 162 236 291 6 46 296 30 102 192 306 252 300 10 261 301 135 67 47 2 33 149 181 
138 201 90 279 251 195 305 276 288 292 240 205 99 8 77 10 158 29 149 103 115 120 88 64 50 191 155 142 298 94 232 59 208 226 254 70 140 72 22 69 203 27 283 
139 229 263 286 279 242 157 159 165 37 141 299 180 205 258 127 25 16 48 208 267 143 237 200 
140 308 190 55 301 273 105 215 305 302 176 216 102 57 37 51 251 147 239 36 67 285 211 289 38 244 276 138 181 227 89 
141 25 5 272 88 135 193 297 286 75 210 299 133 120 139 8 277 126 93 13 160 124 200 131 
142 192 104 116 30 90 5 189 155 88 112 240 67 21 147 57 174 60 138 54 68 263 254 276 50 293 41 291 27 10 97 275 31 62 133 309 
143 244 170 31 28 69 52 247 136 235 172 49 225 77 169 176 70 66 87 19 260 216 187 1 237 3 139 255 
144 261 166 155 172 230 241 99 217 127 232 121 296 175 40 32 72 8 81 136 116 167 119 200 61 134 79 276 192 65 
145 158 120 202 89 107 11 211 304 2 251 231 286 245 293 199 124 272 57 135 295 49 70 188 86 38 212 34 147 210 264 28 104 306 273 116 123 
146 178 267 123 136 128 163 297 12 126 51 299 80 230 272 188 160 308 217 31 199 58 104 236 116 264 152 25 243 227 55 190 33 
147 258 297 150 65 32 54 126 80 186 241 142 39 227 140 256 16 81 275 172 196 6 303 145 282 50 149 270 133 85 266 165 109 301 98 33 177 
148 308 4 262 188 80 228 122 13 300 43 211 260 95 200 226 216 169 279 62 288 36 22 272 286 125 248 290 223 
149 209 249 34 192 307 91 134 211 260 191 61 138 245 101 75 49 86 5 221 95 130 288 147 293 242 289 113 218 26 51 46 137 225 
150 52 53 74 147 296 99 164 13 10 269 253 62 130 6 256 116 0 86 68 84 227 204 40 82 35 
151 153 233 53 179 41 135 94 182 159 255 119 76 294 121 50 9 122 40 287 249 199 86 96 198 181 44 17 111 264 70 
152 266 186 272 35 33 189 302 54 199 25 275 294 146 9 242 46 238 47 234 48 254 171 309 
153 151 299 220 78 298 216 105 205 248 231 63 291 82 70 232 45 184 301 88 270 303 30 14 69 
154 51 270 25 59 115 77 47 281 126 267 170 101 305 211 102 302 134 282 83 95 259 306 214 114 228 233 222 32 165 246 75 275 288 
155 259 279 251 142 305 144 306 12 29 295 238 285 268 138 194 32 240 213 179 260 116 239 56 
156 281 85 177 8 21 307 40 19 187 227 43 208 20 305 210 243 70 191 163 34 24 64 268 108 286 
157 28 279 34 172 89 166 63 3 177 139 224 237 214 169 284 220 71 76 291 201 258 161 14 174 162 175 99 270 295 176 
158 145 292 262 49 50 25 20 138 254 102 298 200 248 63 300 185 51 236 170 272 65 214 128 124 295 
159 306 84 243 114 72 223 244 226 200 151 308 81 139 229 249 8 82 163 70 60 100 40 57 58 12 91 124 295 102 218 108 10 299 27 
160 225 73 61 252 98 244 262 57 178 193 29 146 52 78 110 290 189 249 129 0 267 114 268 89 168 31 64 166 87 141 203 36 215 
161 76 186 211 22 9 189 300 33 61 309 83 42 308 219 29 305 49 274 67 28 117 82 53 114 248 41 295 90 244 48 157 58 66 104 121 100 
162 218 216 90 269 196 43 99 137 248 192 197 57 165 132 226 120 276 193 89 103 290 76 133 77 72 261 5 9 157 93 203 
163 146 40 129 90 281 192 239 124 7 247 44 212 159 263 118 172 189 181 156 93 121 176 123 95 207 283 
164 14 259 51 150 241 132 41 196 276 35 81 21 269 109 2 99 242 77 11 268 296 107 169 202 73 194 195 285 248 270 
165 91 92 2 16 45 189 300 134 304 129 162 276 4 275 34 74 139 105 18 201 270 288 214 228 147 169 154 7 172 222 113 87 116 199 
166 221 132 48 214 71 144 136 60 230 157 17 199 94 46 29 274 22 100 134 213 20 218 202 51 160 15 289 290 261 269 129 
167 56 250 64 50 252 115 213 246 117 240 9 105 51 198 80 297 303 228 38 170 196 178 26 298 40 244 94 144 204 254 197 
168 12 8 72 16 248 252 14 274 99 65 223 200 277 43 10 160 191 304 110 233 199 3 175 45 
169 42 25 45 27 292 306 267 157 86 143 119 112 207 148 293 35 232 206 38 124 303 81 76 0 16 165 164 1 96 234 114 285 276 
170 143 56 119 120 187 208 154 111 200 36 66 289 214 28 61 269 167 158 257 124 97 7 171 135 16 133 
171 252 35 40 220 78 211 189 191 260 27 195 268 254 73 66 67 110 299 30 14 109 24 128 12 170 13 101 152 89 
172 57 229 212 29 35 237 196 157 73 144 87 259 293 143 120 32 179 248 147 243 219 213 288 188 108 277 227 163 11 234 165 190 174 98 134 89 111 
173 201 175 267 206 308 42 253 179 56 38 63 275 88 288 51 280 244 117 128 37 4 222 112 121 125 268 50 293 78 215 258 188 298 
174 22 204 192 89 186 281 71 214 201 142 39 88 306 216 29 99 26 95 106 98 132 40 269 6 213 230 287 59 76 127 49 9 253 291 107 15 182 211 157 172 123 133 191 
175 173 19 251 76 66 261 212 11 135 16 183 78 304 6 38 309 294 195 144 295 259 197 308 218 24 179 84 15 74 81 263 70 231 157 53 168 253 203 
176 233 197 74 140 64 276 44 53 11 179 6 94 98 118 308 60 222 73 143 184 132 134 225 230 297 57 201 61 245 235 177 287 252 163 279 263 183 89 115 248 286 78 157 
177 307 40 156 219 251 99 241 157 264 30 21 212 65 256 216 83 39 178 197 19 292 126 230 176 309 209 196 147 
178 146 267 192 183 54 86 160 76 17 22 236 304 135 196 238 284 249 177 119 308 167 217 200 285 57 124 20 208 
179 201 26 268 231 151 182 306 56 286 30 189 173 176 215 293 199 86 217 172 288 247 20 212 35 175 94 120 16 9 57 155 297 25 70 261 
180 50 100 184 56 250 99 285 193 251 108 84 258 139 32 220 58 65 278 29 115 241 67 17 109 94 30 
181 254 274 113 304 301 107 277 97 2 103 230 266 163 132 92 39 293 199 100 151 299 140 137 202 
182 50 128 279 129 179 73 32 268 5 285 151 247 305 274 208 204 87 194 304 11 302 49 123 55 174 222 235 
183 302 255 86 292 47 4 178 202 239 278 175 106 289 283 9 111 128 5 34 253 250 41 65 176 113 22 196 231 
184 222 288 7 57 102 204 180 304 189 58 176 6 224 32 230 153 108 252 96 83 76 237 213 255 82 
185 294 136 236 278 306 277 251 125 266 280 295 197 115 108 21 158 111 13 230 201 216 274 107 
186 296 20 68 152 161 72 1 174 262 307 147 206 241 5 207 240 56 84 288 237 189 54 239 57 274 201 235 14 36 63 83 96 22 217 
187 207 247 273 59 6 170 34 156 24 121 211 306 69 290 15 293 107 270 88 143 257 256 258 295 192 80 
188 296 15 223 73 224 112 108 99 148 200 119 294 247 146 254 253 145 172 49 306 300 231 21 11 215 245 173 134 
189 106 75 65 161 107 142 171 111 9 165 179 17 268 95 60 152 7 184 1 219 275 49 160 186 110 191 163 231 53 82 278 96 119 36 215 46 67 
190 140 282 88 72 229 209 100 74 122 60 1 231 240 18 286 103 112 10 172 299 71 81 146 237 201 
191 217 53 17 205 171 309 149 83 241 11 121 14 56 138 108 18 58 189 70 248 30 156 292 259 168 42 226 7 249 194 136 40 254 174 
192 142 259 100 281 174 178 149 248 28 17 58 122 162 218 117 221 163 102 235 269 197 137 82 11 76 7 287 301 207 299 23 187 144 80 
193 125 160 253 226 141 303 180 105 14 278 96 281 241 264 130 122 162 270 269 115 261 100 136 249 284 233 297 
194 277 257 294 222 62 51 245 244 123 275 97 155 255 182 105 39 249 60 112 256 61 127 191 236 82 164 224 93 
195 235 219 138 8 223 106 275 116 62 267 246 175 171 32 81 211 135 270 61 4 300 12 234 92 104 301 288 109 164 
196 90 162 59 172 302 9 198 164 286 278 292 64 178 75 270 269 136 218 147 227 200 167 277 211 5 177 96 235 44 33 183 258 206 6 
197 67 246 90 226 65 176 214 272 296 20 12 162 290 45 192 13 185 175 74 177 102 218 10 41 243 220 123 245 302 55 167 
198 227 45 282 276 243 296 222 200 196 202 259 248 76 92 262 3 39 223 217 12 167 102 281 206 230 283 267 256 36 151 30 219 
199 54 282 302 58 88 179 166 145 100 114 109 43 281 102 146 152 239 78 46 151 181 257 12 26 168 165 
200 13 280 273 236 198 109 275 71 188 64 212 159 303 25 170 168 116 2 102 272 298 148 158 82 250 1 216 87 84 196 300 103 19 207 114 205 178 290 68 77 133 141 144 255 139 240 287 38 
201 179 173 138 37 205 77 124 98 242 275 174 102 24 210 51 251 300 106 286 203 40 165 103 10 176 38 186 157 18 185 307 232 23 218 190 50 
202 123 224 45 145 183 50 198 234 212 274 291 78 29 293 89 166 289 239 273 112 164 12 85 33 181 
203 31 240 271 84 250 234 56 43 13 131 86 244 201 252 26 77 293 308 73 47 88 259 160 138 175 162 
204 292 174 184 217 10 17 103 94 278 182 18 109 273 40 128 150 284 239 248 85 106 167 123 280 
205 234 43 73 201 28 9 191 138 36 52 288 241 153 295 256 136 289 119 20 296 303 139 282 249 2 113 122 200 61 277 34 266 72 
206 173 36 10 133 117 121 265 209 125 186 272 21 270 88 299 198 169 239 124 130 238 303 100 196 
207 294 187 270 282 224 230 125 47 307 186 296 91 239 169 19 292 38 192 216 236 43 80 200 212 127 298 263 289 67 293 226 163 208 288 
208 59 291 244 99 156 170 238 10 182 5 112 16 268 305 249 96 230 254 138 105 284 139 269 47 101 82 78 178 207 295 225 
209 149 303 60 66 118 61 132 296 190 206 12 9 33 130 227 39 88 232 127 240 274 65 177 309 75 45 
210 290 33 123 280 263 35 266 42 201 241 6 141 214 156 145 81 61 39 128 298 264 24 284 25 16 
211 261 84 161 303 171 262 58 149 145 79 154 283 148 5 0 187 119 24 195 31 252 47 309 8 3 140 9 257 270 289 196 19 222 74 174 98 28 71 220 133 99 61 136 260 230 229 
212 172 60 125 45 134 6 175 202 229 200 218 14 177 99 239 15 308 179 145 305 163 35 295 207 106 215 275 
213 282 246 74 167 76 110 40 95 289 9 294 63 284 38 172 5 295 166 174 216 227 232 276 309 16 155 225 108 184 
214 19 227 166 197 232 236 223 300 269 308 174 84 42 157 210 60 170 120 224 265 285 276 20 165 229 21 91 154 158 254 22 238 83 55 262 296 85 
215 119 88 118 25 14 19 0 140 12 41 74 179 251 233 72 95 235 8 16 70 242 238 58 48 47 11 299 132 50 51 300 188 55 90 63 212 189 113 306 264 173 160 
216 5 162 285 231 283 140 153 50 59 304 84 174 118 177 14 148 239 200 213 309 207 0 143 77 114 233 273 49 272 185 75 18 
217 21 45 231 75 191 228 220 44 286 234 204 132 305 86 293 179 129 144 103 47 146 198 106 15 268 89 111 34 42 226 23 96 77 79 178 6 61 186 
218 162 263 292 298 249 69 290 4 267 113 294 105 97 192 54 301 285 231 212 230 196 46 114 134 135 28 175 307 59 197 166 110 2 71 24 159 237 149 238 201 73 
219 100 52 195 58 91 177 30 116 5 7 267 54 161 228 102 273 189 172 256 39 31 289 222 40 260 45 198 38 87 
220 29 171 19 153 276 236 217 59 56 40 71 61 251 258 107 157 242 97 122 180 241 240 197 65 134 84 222 280 211 252 231 227 
221 166 71 8 292 67 85 72 192 300 291 236 149 18 268 229 112 42 125 80 118 257 10 303 30 75 227 
222 184 58 194 124 198 14 275 128 176 258 298 50 123 16 10 173 262 93 15 219 6 211 270 34 102 51 154 220 291 121 165 182 271 
223 33 282 80 188 195 275 246 297 214 159 105 235 265 90 168 245 31 77 198 65 118 107 100 60 18 148 25 
224 111 202 188 124 244 207 31 282 23 227 133 279 157 18 123 246 184 285 214 45 103 61 306 118 194 
225 160 289 234 33 114 104 96 143 295 43 74 236 268 304 176 13 58 86 132 213 4 208 149 290 303 
226 197 84 94 193 159 229 297 262 32 148 58 162 104 64 59 305 217 138 266 191 93 46 207 127 108 69 283 51 
227 214 198 293 12 245 246 69 58 120 224 156 298 147 123 49 209 236 26 44 196 132 172 213 45 150 239 76 299 279 146 220 16 308 140 280 105 28 91 221 
228 217 9 303 93 148 255 238 286 258 63 104 119 219 34 48 7 270 167 99 8 38 297 131 165 59 154 294 259 308 
229 67 93 172 31 84 139 64 129 266 259 190 271 212 226 50 113 159 116 0 17 221 255 214 250 77 62 211 45 
230 69 98 262 247 137 270 166 288 144 207 146 105 9 286 218 64 50 176 208 198 174 75 184 4 181 177 185 59 253 22 211 
231 78 235 34 217 111 289 179 252 216 55 237 11 101 2 145 97 153 47 218 190 32 38 56 295 107 10 40 76 131 188 189 17 1 220 250 175 43 183 
232 68 106 214 111 288 56 144 303 124 209 13 98 153 277 83 169 247 138 261 213 201 266 65 101 260 53 49 
233 292 101 151 176 294 270 33 46 75 252 50 35 215 34 52 291 62 120 290 94 276 272 304 216 60 154 168 193 
234 205 115 128 225 269 217 99 202 2 203 273 289 52 248 43 283 278 284 296 257 48 259 44 195 172 302 126 169 112 152 
235 242 287 195 231 264 77 128 223 7 258 143 34 304 260 192 215 134 130 62 249 42 284 40 103 26 292 41 176 236 186 290 53 296 196 246 19 182 
236 289 290 76 286 246 220 214 185 200 240 137 275 178 264 221 227 108 9 225 46 146 87 207 105 158 235 55 60 130 194 308 1 
237 86 15 14 172 115 127 43 231 32 307 135 157 186 239 54 51 143 218 263 184 139 190 
238 26 266 13 42 284 28 18 20 228 23 98 4 87 84 48 208 282 40 99 94 155 90 178 276 281 215 77 0 50 39 296 95 152 206 214 7 218 117 
239 1 98 35 36 22 183 104 250 130 305 163 282 42 212 112 140 264 207 199 216 49 237 186 53 100 83 309 206 227 202 253 204 269 91 24 254 15 14 54 132 155 304 126 
240 106 63 203 244 93 138 236 259 2 142 167 20 37 281 94 190 186 50 111 79 209 220 155 51 118 280 77 134 66 71 115 200 296 
241 6 48 276 164 44 36 10 177 191 205 147 144 186 105 210 269 193 290 98 265 26 220 281 266 180 83 23 31 15 268 
242 245 235 40 44 43 76 28 139 201 98 80 309 115 215 129 290 106 305 164 220 149 291 152 38 132 287 
243 252 159 60 121 198 272 134 83 56 90 91 22 172 88 17 38 156 62 27 63 36 197 146 51 288 
244 143 240 160 278 224 159 208 42 194 203 173 3 261 85 253 247 140 161 134 11 275 167 77 15 259 270 
245 242 273 69 227 6 1 53 194 223 145 149 96 68 269 284 128 276 65 176 93 13 46 63 278 188 197 277 56 
246 122 197 71 236 79 262 298 227 213 223 167 273 72 113 195 224 257 260 266 296 4 281 84 59 107 12 82 43 131 154 119 235 28 
247 47 230 30 187 307 29 92 143 305 108 188 182 46 69 163 179 130 299 232 244 280 44 51 283 11 45 34 21 91 127 
248 61 283 93 43 192 168 162 126 300 50 287 153 30 198 3 307 234 262 172 105 74 161 158 87 296 191 276 65 63 204 121 148 176 164 64 23 
249 273 149 6 63 218 110 264 159 160 23 235 178 8 208 136 68 116 283 268 205 151 194 33 88 31 124 191 193 
250 275 167 97 99 9 115 36 289 203 239 180 72 47 102 259 288 200 105 183 46 229 29 39 131 284 231 90 
251 130 22 138 175 177 155 262 42 62 308 185 145 215 56 265 140 180 20 220 201 102 257 309 69 
252 171 243 160 167 50 291 231 168 64 48 233 278 74 104 26 57 38 32 134 211 121 137 203 112 47 100 294 128 184 101 21 176 33 52 220 120 280 301 
253 75 44 296 173 150 130 193 39 43 7 25 259 188 183 68 276 244 37 174 239 230 131 303 258 175 256 283 
254 181 134 76 47 93 295 122 119 11 46 73 158 113 281 188 44 271 114 171 38 142 81 208 82 268 138 54 214 239 18 126 167 303 152 40 191 
255 132 183 51 19 299 35 228 259 30 83 39 112 151 22 121 298 103 66 272 194 9 88 68 229 62 67 266 106 104 108 268 77 70 200 184 143 
256 305 89 267 113 266 96 303 287 73 205 72 147 177 150 29 219 25 198 299 290 187 121 8 194 103 106 253 
257 194 272 308 74 110 262 295 87 50 246 29 80 234 211 297 251 170 274 13 187 199 221 43 122 32 77 
258 147 41 30 134 55 276 92 228 235 282 222 220 37 180 72 59 273 127 133 100 139 157 7 187 118 99 47 0 196 173 253 
259 72 275 192 164 301 155 264 132 229 240 129 255 75 172 198 253 250 40 308 175 269 88 297 154 47 2 309 234 191 76 203 244 228 292 101 
260 12 22 55 60 27 18 149 88 148 235 171 246 17 295 273 75 143 111 35 70 5 219 155 232 94 211 
261 211 19 33 144 86 31 286 175 2 119 121 7 6 244 269 13 137 232 77 193 4 162 125 166 89 35 179 
262 98 230 246 78 211 158 160 148 129 251 105 186 257 101 126 226 32 248 198 74 222 307 114 46 3 50 214 270 
263 112 309 23 218 4 33 139 305 0 128 210 77 36 117 57 22 48 124 72 131 297 142 304 163 289 175 207 176 237 
264 279 235 43 101 259 299 236 288 177 12 249 193 239 24 103 44 146 145 123 83 80 210 132 151 99 215 304 271 281 
265 128 306 273 206 41 131 94 223 251 26 130 293 93 58 241 75 59 272 214 73 22 54 64 302 25 20 296 
266 238 152 273 272 0 256 104 296 229 129 45 64 22 210 185 4 134 65 27 246 309 80 37 75 133 305 181 226 147 255 241 232 136 205 8 132 128 
267 95 146 173 82 256 123 178 88 110 7 108 18 195 218 128 30 219 154 169 94 274 22 131 32 116 160 1 104 198 120 29 139 51 40 
268 106 24 179 299 23 120 182 57 280 269 27 111 189 100 44 171 97 155 208 225 277 217 131 221 160 249 93 164 254 173 156 52 255 20 55 241 
269 96 162 234 135 150 214 268 88 52 97 164 192 196 293 241 304 72 7 245 174 20 259 102 31 112 170 24 287 35 261 193 38 239 84 53 208 78 85 27 166 
270 154 207 230 233 100 275 65 38 296 87 196 206 306 131 187 195 228 272 101 165 193 147 98 211 274 222 58 153 279 75 276 244 122 262 164 157 271 301 
271 203 94 35 79 108 286 229 71 90 22 49 42 109 282 67 38 254 105 274 32 130 33 264 222 270 
272 93 58 257 266 152 197 125 243 67 301 141 146 206 145 200 52 51 1 255 290 81 270 265 43 37 278 158 233 62 84 94 216 148 45 283 
273 249 52 245 266 3 140 187 265 200 78 246 136 70 234 39 277 101 219 204 294 258 96 260 37 80 216 35 202 145 
274 79 181 18 83 6 168 30 40 267 2 182 161 202 122 166 48 308 186 271 270 209 257 24 185 285 
275 73 250 259 59 113 304 95 195 223 222 81 270 236 201 200 31 36 173 60 30 165 189 55 147 194 282 152 10 48 244 142 94 126 281 212 154 
276 50 20 241 138 198 220 258 101 176 164 307 295 9 165 136 238 45 142 22 245 162 253 287 248 19 214 233 213 108 140 11 270 169 144 
277 308 194 297 23 94 185 280 168 273 111 24 84 292 181 268 232 172 41 196 141 125 25 45 205 56 245 4 
278 54 244 185 183 24 252 18 196 50 85 193 204 2 234 291 76 103 128 17 0 272 180 30 189 245 3 96 52 
279 264 138 182 157 99 155 139 57 224 292 104 50 39 300 66 5 148 302 48 8 70 43 62 227 129 176 270 291 118 130 
280 200 32 268 210 277 299 185 102 12 73 114 173 281 108 247 97 117 136 29 84 240 101 220 129 89 302 227 204 0 252 17 
281 156 118 75 192 4 123 26 174 154 163 254 240 199 0 193 41 80 238 19 198 53 280 246 67 241 303 129 275 69 264 
282 25 199 223 112 213 198 43 190 207 130 34 224 91 26 258 300 66 128 238 85 271 239 287 113 42 154 298 123 27 275 147 205 13 116 288 286 306 58 10 104 
283 35 248 101 290 3 216 42 183 211 234 26 109 18 96 102 198 249 23 247 298 288 79 39 226 138 253 272 163 
284 294 238 91 61 73 63 157 15 90 213 178 28 245 235 234 25 106 49 204 250 208 306 210 193 44 
285 61 294 216 58 11 302 65 72 13 182 180 80 218 308 126 155 81 116 224 140 1 214 10 46 57 89 178 164 169 274 
286 118 236 261 139 217 179 271 228 196 31 145 67 141 55 230 13 29 201 88 61 304 190 82 79 129 282 295 148 125 176 156 
287 235 90 111 49 12 120 94 100 299 248 78 256 47 125 282 1 4 19 192 70 37 121 276 269 151 174 176 302 130 300 32 242 29 7 200 
288 303 38 114 184 60 138 116 232 53 205 230 99 119 29 264 54 173 76 120 179 15 250 186 172 17 149 165 148 282 4 195 59 102 295 283 9 57 243 154 207 
289 236 27 231 68 225 250 306 302 64 183 213 299 81 234 66 136 77 205 36 170 308 106 140 39 219 149 202 211 263 207 103 166 
290 236 210 76 283 132 218 22 64 197 129 71 187 241 304 54 160 233 242 272 63 162 61 18 235 256 200 110 166 148 225 
291 9 118 252 6 18 101 49 208 137 10 221 301 79 96 153 233 33 45 202 278 127 157 23 142 174 242 53 279 222 
292 233 204 183 218 158 221 109 46 138 44 32 132 116 169 27 279 196 277 20 47 119 207 15 3 177 4 98 235 191 259 96 
293 7 227 91 44 67 303 217 179 172 33 145 265 31 103 269 99 58 187 79 169 202 55 149 56 142 203 181 40 299 173 300 207 116 98 
294 108 194 207 185 284 285 233 58 99 73 218 37 56 188 213 175 151 132 18 93 273 252 152 67 87 44 228 103 29 
295 75 113 71 120 254 72 15 16 257 205 276 155 26 225 145 63 175 231 185 94 213 56 260 161 305 212 96 87 159 187 133 298 53 31 288 24 286 80 158 208 157 
296 47 186 89 188 21 253 117 150 266 198 30 84 62 197 134 24 304 116 10 209 37 107 270 137 38 9 144 207 28 61 248 309 234 246 205 71 99 75 44 238 164 235 265 214 240 13 
297 147 277 96 86 223 146 226 58 141 11 87 263 303 259 46 167 106 176 257 228 299 15 23 179 33 25 193 
298 53 96 79 153 246 218 35 227 255 158 200 282 222 62 21 138 61 91 167 295 207 283 210 0 29 173 
299 268 153 103 264 255 146 287 289 11 48 280 120 23 141 206 139 247 116 171 215 192 24 297 227 104 256 293 106 118 181 190 22 85 159 1 
300 104 94 85 214 161 165 118 68 248 221 43 148 282 303 76 201 137 279 158 200 195 188 215 293 287 
301 140 259 306 272 102 29 63 135 132 218 37 291 35 181 36 109 113 42 87 83 62 192 92 137 88 153 195 147 2 75 31 133 32 270 252 
302 183 136 196 140 285 199 48 289 110 154 98 152 25 308 54 109 106 117 182 279 28 112 265 72 287 234 97 197 88 135 5 280 
303 288 209 115 211 4 228 9 87 309 293 256 193 200 13 300 45 232 5 297 167 147 37 21 92 205 112 27 169 281 34 153 221 110 254 206 253 101 62 225 
304 275 5 55 309 296 145 216 20 26 34 57 175 184 61 86 165 42 45 181 178 235 18 269 32 290 62 308 79 286 225 182 25 263 233 168 11 0 307 264 239 
305 256 138 58 140 82 263 57 155 105 77 217 247 154 106 239 55 86 75 161 38 182 4 156 68 242 208 212 59 295 226 266 14 129 124 131 
306 159 265 97 301 84 14 74 185 179 289 155 169 174 187 47 270 137 154 188 9 25 282 145 284 215 40 224 
307 177 247 149 137 49 156 276 186 237 111 207 248 76 12 98 112 218 262 109 201 24 304 60 55 85 
308 277 140 148 173 35 257 251 214 50 161 159 309 0 176 146 285 136 259 304 14 212 302 33 175 274 289 109 123 178 203 41 94 55 17 236 227 13 228 54 
309 22 263 60 44 26 304 191 64 303 161 242 308 175 47 42 211 296 266 216 259 239 97 251 109 84 213 177 40 121 123 58 209 152 70 142 
