0 315 13 243 273 178 317 252 62 44 175 313 293 255 135 296 105 138 187 254 90 141 256 272 81 215 181 257 297 283 193 269 2 227 86 216 292 166 214 244 23 19 232 140 325 8 284 179 18 210 291 206 22 103 247 119 48 36 164 235 50 172 159 213 121 33 239 331 230 212 211 31 200 333 77 88 
1 91 66 246 308 68 277 177 325 113 121 158 167 107 143 148 35 78 150 50 139 37 290 58 191 115 62 265 56 131 59 255 171 210 14 270 245 240 72 315 130 276 267 304 142 319 32 55 253 29 295 297 252 26 289 43 169 285 260 234 152 3 283 221 317 316 125 124 241 262 126 161 197 86 106 189 
2 296 282 166 273 51 222 230 76 85 47 156 22 14 32 291 316 331 287 65 261 309 36 333 193 115 119 295 0 159 20 5 139 299 111 184 124 306 153 185 103 40 236 138 174 246 94 123 3 78 325 281 207 211 120 229 284 270 254 200 33 15 42 136 301 260 18 215 212 99 330 311 106 35 206 
3 33 160 119 207 281 239 30 139 258 25 58 330 123 201 238 245 19 257 39 93 102 206 108 323 227 41 161 262 175 29 14 6 228 176 107 263 289 320 242 185 38 40 174 1 251 32 53 147 2 120 57 179 219 231 271 268 11 297 223 214 210 99 43 109 
4 107 330 189 241 191 275 153 44 165 268 229 213 312 14 331 269 33 188 254 156 161 58 38 40 276 170 162 246 117 176 179 135 46 242 175 99 67 190 278 88 261 37 77 251 300 89 235 270 6 158 193 303 100 332 48 114 154 197 289 11 
5 83 10 40 123 310 236 253 190 223 127 335 231 196 174 263 14 94 160 120 53 199 31 99 92 54 35 12 148 19 180 211 47 64 302 228 276 169 146 103 2 300 32 224 197 87 145 325 73 281 88 288 334 84 254 104 164 45 128 330 55 102 250 219 260 222 183 301 237 135 23 299 258 240 323 76 131 175 36 226 143 
6 195 183 251 204 94 27 324 158 88 250 236 140 78 120 163 54 96 333 207 59 11 190 142 143 36 223 255 164 159 9 111 24 304 266 108 48 100 130 279 26 136 3 91 318 114 285 303 284 315 106 225 283 180 148 173 316 264 49 28 219 146 4 216 32 301 319 172 325 232 149 293 72 197 144 
7 256 313 100 229 151 142 270 225 8 261 44 132 11 73 41 122 320 250 300 220 293 35 149 136 206 38 248 126 135 228 150 157 68 129 218 329 97 64 10 138 240 195 133 162 269 114 146 102 279 49 170 262 15 140 215 291 128 37 194 204 175 69 332 164 185 315 14 196 182 305 91 330 43 20 
8 69 280 41 54 233 225 152 208 261 35 281 272 7 216 214 167 268 240 227 144 234 238 111 135 226 177 143 267 55 263 30 264 127 242 106 309 317 134 159 110 296 229 239 17 76 197 56 332 21 0 31 107 294 91 117 265 80 57 73 46 93 49 37 32 142 179 15 27 79 78 94 223 245 29 147 320 252 306 97 
9 283 162 309 113 257 213 156 198 88 250 39 33 301 139 46 6 303 284 143 187 163 281 122 92 87 133 135 62 300 298 269 318 182 296 111 37 308 180 291 109 288 335 302 90 35 243 151 280 236 141 245 85 320 196 167 34 63 258 
10 195 132 245 196 133 222 5 226 56 310 243 87 150 180 249 199 64 220 154 276 121 27 293 223 163 200 263 47 127 175 204 185 68 145 264 25 98 125 7 26 334 279 221 23 218 277 272 212 231 139 114 44 207 215 
11 61 115 77 279 328 183 312 58 117 243 76 327 7 119 86 322 57 46 6 271 60 122 295 143 297 280 39 205 262 176 147 226 34 79 17 151 296 33 331 251 91 257 317 88 300 240 105 306 31 164 175 325 291 3 275 241 22 255 137 254 4 
12 323 68 74 239 166 279 69 223 330 286 210 306 58 226 269 310 48 120 238 219 55 141 17 317 41 31 93 73 5 259 285 81 75 102 305 300 288 43 161 328 16 103 318 246 129 221 245 40 26 282 82 177 234 149 105 230 225 76 296 77 325 231 
13 277 0 96 268 40 293 264 93 58 288 289 75 181 39 327 61 241 81 114 105 183 308 137 240 311 230 149 302 185 107 304 275 87 187 106 186 29 227 285 171 300 250 109 254 325 94 78 218 286 21 269 145 261 158 212 317 142 315 82 228 85 153 260 200 118 26 79 
14 314 304 51 83 192 2 80 176 61 233 151 4 82 5 171 200 292 243 244 213 275 132 69 112 1 109 28 122 3 256 234 294 115 110 316 136 229 214 260 177 266 97 203 70 281 168 103 7 280 63 182 291 91 223 163 209 237 
15 87 172 149 184 191 114 54 144 44 205 214 168 227 223 129 220 306 123 301 299 26 117 47 206 105 110 150 60 119 167 45 96 246 70 63 194 281 141 315 245 316 284 203 156 317 335 271 211 7 102 305 274 51 136 241 267 146 188 8 259 31 79 140 186 2 295 308 103 280 218 
16 249 86 305 209 109 64 332 321 51 326 255 106 76 262 156 17 149 287 284 154 30 296 200 254 139 65 203 265 77 182 196 288 107 330 285 293 319 286 239 12 47 62 19 60 130 289 212 232 160 329 54 335 169 143 85 39 147 304 158 194 
17 64 269 130 52 18 67 144 291 88 16 279 177 164 309 183 59 166 54 119 195 331 215 137 25 36 152 285 12 125 58 122 207 204 107 186 236 148 11 283 106 21 273 8 209 324 124 301 190 248 278 111 300 151 284 43 196 208 110 276 201 261 53 138 49 282 42 150 65 
18 38 287 223 17 152 49 149 55 199 273 306 67 207 83 140 107 242 292 133 312 80 329 141 79 32 171 281 77 57 60 104 262 95 258 164 35 43 326 215 159 158 0 147 293 239 179 106 120 22 74 170 84 131 59 111 267 184 228 248 198 259 272 122 86 2 169 
19 304 50 46 162 79 148 111 287 103 229 154 84 156 275 241 3 291 23 335 193 276 141 203 49 333 202 106 5 273 264 29 278 231 279 131 251 184 113 95 254 0 187 60 239 225 133 16 52 65 303 64 145 222 169 250 45 325 22 316 285 40 
20 278 68 133 47 315 64 93 258 52 173 44 155 329 103 101 41 98 43 89 70 328 252 50 187 34 30 184 115 197 294 45 239 128 244 2 112 72 95 21 90 110 125 109 227 120 166 46 165 150 192 74 203 226 168 304 224 57 273 175 31 179 333 7 265 334 99 275 
21 28 174 261 224 88 274 269 227 167 273 159 46 35 149 285 193 321 312 153 123 156 143 223 188 291 166 98 93 277 229 56 301 172 318 268 297 36 100 233 27 252 130 258 17 185 39 20 182 59 8 165 141 13 245 254 314 170 147 144 198 171 126 303 309 96 69 270 45 134 86 257 131 72 142 169 190 296 70 267 199 279 226 145 
22 237 45 198 334 277 215 333 2 251 50 332 263 102 301 26 166 228 335 283 182 245 80 275 30 108 255 278 116 120 224 129 107 133 281 117 311 139 156 121 276 231 235 41 0 18 317 138 142 82 190 71 163 238 19 201 285 229 88 11 310 223 305 36 243 207 
23 48 230 149 176 292 39 135 182 154 38 218 301 42 333 288 72 281 167 170 19 50 75 49 74 328 259 109 91 158 257 31 166 153 63 0 210 298 144 10 123 233 269 284 208 300 258 179 268 102 103 214 115 52 5 161 64 244 119 51 202 
24 315 34 35 57 142 173 307 271 177 202 168 176 318 308 234 252 297 130 319 78 258 264 334 260 172 174 286 6 54 243 218 132 159 89 53 209 287 30 26 73 158 43 255 112 162 70 278 185 333 280 222 96 108 285 
25 237 252 315 310 93 85 212 287 51 124 49 3 42 131 304 106 30 230 196 145 244 177 171 17 190 135 160 255 129 168 40 90 245 292 115 295 180 278 100 118 10 63 41 71 144 164 195 188 44 259 265 250 300 52 57 116 80 331 94 119 167 299 83 222 92 111 317 107 
26 134 270 246 276 48 275 83 186 161 98 267 222 309 320 287 22 210 173 15 160 113 69 133 204 148 213 221 326 112 6 117 313 10 293 30 24 72 233 1 35 140 41 136 234 165 241 226 12 305 202 164 307 335 268 302 258 212 266 240 243 177 182 13 107 265 167 51 232 
27 201 77 101 318 6 32 89 59 149 49 163 158 62 221 319 260 111 75 326 164 10 235 124 331 115 21 152 122 45 193 78 109 83 199 206 334 44 104 207 244 234 52 143 317 90 94 56 310 265 216 284 107 333 129 307 87 99 8 43 208 282 259 248 46 306 69 
28 240 191 21 306 76 241 98 203 330 275 106 153 105 115 320 311 114 220 208 245 72 148 228 187 298 157 315 117 144 219 45 195 323 213 14 42 94 232 163 326 302 63 183 74 111 142 313 266 49 33 116 6 47 51 190 194 252 184 
29 184 156 286 97 260 138 93 37 308 304 305 241 127 110 230 297 36 131 148 86 158 129 39 35 52 19 3 54 13 282 62 1 75 307 245 145 193 332 74 149 107 128 53 121 267 136 275 257 165 201 8 143 238 315 41 80 
30 137 196 150 165 319 110 247 88 233 310 85 111 214 206 3 170 134 109 86 274 25 169 59 140 67 276 38 22 8 20 96 47 16 257 201 164 307 285 26 24 161 141 275 203 69 143 183 221 142 255 224 303 56 230 317 112 103 259 186 139 136 
31 157 226 241 95 330 43 263 315 224 98 334 316 138 68 70 258 5 12 174 57 102 133 180 73 295 23 78 215 131 239 307 166 321 108 232 175 8 55 318 124 246 277 328 284 11 92 15 146 282 280 222 20 82 0 72 89 208 113 
32 314 230 326 276 266 236 234 27 2 62 56 281 104 194 55 212 250 144 164 18 160 303 184 261 88 49 245 280 98 251 183 215 137 1 315 283 277 5 240 218 317 278 174 246 106 36 290 94 199 3 224 196 37 83 8 291 308 53 249 170 73 323 6 181 206 271 238 313 59 311 332 239 
33 192 176 207 71 231 3 219 100 92 307 59 175 280 96 95 317 9 131 258 189 4 129 145 127 38 201 319 177 61 77 333 63 137 261 180 269 42 11 328 220 248 254 139 223 140 74 155 183 70 272 297 28 329 187 331 271 146 299 322 85 335 2 0 86 215 153 216 135 34 116 68 51 
34 24 47 91 215 305 200 50 119 329 326 168 260 269 104 255 158 176 285 278 261 39 316 296 227 279 131 263 60 280 116 290 20 324 156 198 11 311 69 205 103 247 165 216 186 192 171 132 295 76 332 117 313 325 164 48 231 283 135 54 147 330 185 266 221 95 68 122 299 33 9 307 51 
35 24 288 213 238 110 36 312 306 177 207 21 8 323 1 301 302 143 161 273 112 7 229 310 147 189 119 223 29 53 145 5 91 62 140 281 132 69 277 241 114 18 289 296 122 43 26 56 128 144 131 99 334 327 279 292 152 73 75 130 240 9 181 58 272 176 163 315 2 224 
36 189 282 205 146 232 319 273 310 35 50 75 60 118 97 272 222 29 283 6 49 17 51 229 127 208 259 2 21 265 191 111 280 206 334 175 129 53 244 115 318 263 276 32 260 114 46 74 94 217 231 173 0 214 144 306 158 215 179 62 61 188 69 192 22 227 5 209 
37 279 98 312 179 285 220 29 197 170 140 180 224 176 309 120 158 86 281 164 47 1 187 315 184 42 134 167 43 273 49 270 195 137 288 124 82 324 9 139 58 96 7 123 307 174 159 306 110 4 32 275 250 8 189 186 252 163 103 125 136 113 169 68 
38 161 18 306 266 162 45 253 73 287 23 175 95 293 109 136 228 248 167 125 112 234 67 7 69 176 4 33 76 280 30 224 190 78 327 274 177 318 209 222 237 54 108 219 268 309 128 3 66 133 122 213 214 221 43 199 50 159 315 105 236 250 192 307 335 
39 233 260 266 150 271 84 174 315 23 143 257 265 87 47 121 141 335 94 13 70 77 66 9 34 3 219 130 11 165 188 29 242 223 301 44 214 198 90 61 318 78 244 21 226 182 185 258 251 101 277 209 272 196 179 230 216 208 102 261 76 122 49 99 59 224 46 16 308 212 166 100 
40 277 57 102 13 237 297 298 5 231 65 149 249 168 271 330 275 284 162 226 259 121 250 130 263 104 4 74 147 99 96 309 25 77 301 197 95 90 68 56 276 124 3 2 78 260 218 116 12 61 166 203 154 243 175 273 244 289 335 329 283 177 19 
41 179 129 8 86 239 149 102 158 193 83 132 278 42 199 156 301 327 266 7 59 224 20 282 251 58 180 219 324 331 218 104 121 328 138 231 12 208 294 92 139 290 332 3 201 334 310 184 198 297 25 127 263 60 113 71 57 64 26 291 140 280 22 286 63 144 130 176 250 159 192 269 257 235 189 136 316 29 261 61 226 
42 200 130 84 197 100 225 23 41 247 25 243 169 156 37 255 154 204 206 121 324 258 276 265 28 133 113 33 196 64 43 141 292 219 150 62 81 44 317 202 49 112 329 63 122 275 104 2 303 77 228 17 221 155 
43 261 328 323 129 273 44 106 245 236 202 178 247 160 153 65 31 196 105 281 20 52 334 61 135 85 37 139 142 50 207 225 165 288 250 59 47 244 18 35 259 12 103 1 42 170 211 93 232 38 17 24 27 190 152 251 7 70 3 287 311 
44 160 312 271 204 98 310 62 184 147 4 0 43 149 174 57 20 127 7 266 211 15 294 208 241 87 138 313 103 257 307 316 228 131 114 186 300 93 39 242 112 234 244 124 335 47 187 301 237 168 69 119 25 239 27 262 209 303 263 288 42 235 143 133 276 67 169 10 176 221 302 140 
45 226 151 210 71 22 141 38 161 140 323 82 148 245 228 252 322 124 283 99 181 127 164 328 278 329 130 73 157 105 205 166 28 267 156 227 15 20 57 27 81 289 256 241 216 230 242 138 96 330 189 268 89 275 225 276 5 220 150 298 19 123 21 149 203 318 111 214 
46 67 153 289 19 227 297 64 210 147 108 191 286 21 282 85 89 278 11 216 135 71 143 196 291 315 9 273 53 166 58 66 331 326 60 214 133 107 109 334 94 90 119 309 217 295 204 132 4 237 120 257 276 310 36 211 103 20 123 129 8 125 233 218 39 330 314 223 151 239 293 219 264 27 159 68 
47 165 209 34 318 20 219 52 106 2 156 68 91 39 77 269 263 253 323 285 127 37 51 161 222 206 108 292 75 153 103 126 15 30 10 290 296 5 90 245 314 180 228 44 294 43 310 174 81 240 66 259 255 80 16 58 76 175 53 160 333 224 254 266 129 270 185 28 309 101 86 82 63 142 317 316 184 
48 240 23 309 135 74 26 57 214 113 222 178 63 115 12 122 291 282 300 323 87 212 236 133 321 304 138 52 308 6 157 71 158 333 199 90 121 226 238 104 145 204 55 249 234 98 142 51 92 151 75 108 34 192 114 136 66 173 0 298 69 167 146 283 318 217 255 230 277 224 4 134 163 161 68 
49 216 226 174 164 183 18 89 27 25 102 243 187 119 167 156 75 36 286 80 269 37 144 97 162 123 23 151 19 32 190 56 258 270 59 332 297 241 198 300 261 117 237 7 188 204 335 121 65 51 28 232 6 60 8 263 39 42 67 66 315 86 322 17 143 95 203 318 
50 189 323 105 19 249 261 277 34 63 110 36 213 193 147 65 319 283 76 146 106 139 1 22 102 322 304 331 190 80 204 333 118 23 151 182 121 20 260 59 215 43 288 320 321 227 262 160 99 164 247 177 280 150 295 120 58 290 326 138 275 223 159 119 52 312 250 38 89 301 0 156 268 86 88 258 316 307 187 
51 2 57 310 14 298 141 168 217 16 231 25 98 229 258 149 308 309 214 260 299 304 243 47 254 219 296 135 327 36 276 325 287 216 111 90 272 238 251 312 158 152 223 101 172 48 315 242 49 245 257 181 15 125 333 320 286 115 97 28 239 159 63 162 139 66 23 34 33 26 
52 145 141 224 17 47 237 310 20 253 319 115 292 99 131 43 251 313 53 309 124 230 69 192 200 138 159 265 247 148 108 241 48 331 212 29 256 240 79 78 187 189 190 306 318 65 27 295 56 19 177 50 82 25 130 305 291 332 259 96 58 254 151 23 81 149 87 232 105 
53 302 274 88 257 197 173 137 113 129 55 292 213 159 248 102 52 114 5 46 125 35 320 333 300 103 69 229 171 70 24 304 167 181 244 36 83 218 186 214 326 163 202 63 74 99 71 303 329 86 3 252 194 136 324 47 96 151 29 262 330 162 32 191 78 293 61 17 
54 325 296 101 8 335 163 263 133 15 301 6 85 111 252 221 117 17 182 184 114 57 274 108 74 330 5 120 24 99 144 139 97 240 29 304 38 255 333 140 320 159 151 76 87 94 321 260 121 331 136 123 284 302 177 107 34 262 175 16 80 229 266 219 
55 199 117 108 270 286 176 112 201 80 196 66 301 207 18 53 67 184 316 148 285 32 202 61 333 137 12 319 8 197 200 209 144 232 293 281 211 58 160 173 1 283 116 48 120 100 240 235 136 31 72 5 179 330 155 166 164 101 73 142 327 205 
56 98 250 286 254 141 176 83 258 10 90 174 321 32 207 251 246 234 164 101 229 184 133 318 110 223 21 179 114 1 166 195 145 74 122 49 300 131 293 177 40 299 270 8 285 146 35 225 237 203 335 272 52 58 27 30 157 109 261 168 277 256 94 199 173 144 319 271 128 
57 59 40 24 254 51 63 103 122 48 44 66 178 306 321 229 282 102 262 207 202 11 80 135 211 164 309 54 293 216 181 305 129 283 31 302 319 18 324 166 81 206 243 325 234 78 45 58 320 65 265 83 99 110 245 41 126 139 112 196 75 154 8 223 25 3 20 161 92 310 183 148 
58 270 287 202 207 167 60 13 11 110 319 188 171 333 235 12 3 193 170 1 41 248 4 267 246 46 225 17 62 321 112 242 106 259 57 55 329 180 258 172 98 50 152 296 113 206 37 47 295 85 77 56 261 191 289 200 131 174 67 35 238 52 332 294 151 59 61 173 
59 57 268 279 223 125 287 33 160 27 60 120 113 179 175 41 233 6 312 241 30 266 17 151 187 50 242 1 335 306 43 219 49 320 87 222 218 21 68 132 234 325 267 145 100 305 90 65 18 62 260 272 156 77 102 161 39 71 85 32 199 269 322 58 275 83 289 137 216 
60 146 332 229 174 58 104 127 36 304 59 256 121 138 88 74 242 223 277 11 166 333 34 133 95 324 46 273 15 295 216 147 18 151 328 120 235 226 267 41 160 249 204 101 19 61 153 282 326 16 203 49 299 162 313 331 224 78 257 306 189 92 231 
61 179 11 92 187 330 286 158 281 328 176 13 14 105 43 160 55 135 331 313 206 175 325 242 335 33 174 327 191 224 251 168 151 139 39 197 77 138 231 240 243 299 255 150 60 261 180 305 230 71 40 64 123 89 192 132 265 94 53 294 233 119 36 58 190 289 41 
62 180 236 77 273 263 262 44 269 102 0 88 32 101 278 149 27 134 67 176 177 154 299 212 1 248 109 58 291 35 276 152 80 85 130 29 316 75 9 137 111 171 254 155 168 153 66 208 104 16 42 218 167 59 195 301 129 226 108 36 175 78 76 86 156 308 161 128 
63 332 301 84 57 182 50 69 291 304 90 257 269 48 136 83 219 68 270 221 321 81 91 150 213 263 137 235 215 282 162 154 331 316 76 227 220 318 101 123 33 25 252 15 28 155 23 163 197 135 103 85 53 102 106 41 125 166 223 199 183 249 134 122 95 168 260 14 51 42 47 9 
64 17 179 187 325 117 16 46 123 67 103 310 20 240 186 256 174 70 298 320 118 10 110 92 172 287 87 190 273 323 119 231 263 5 300 7 254 286 73 42 105 236 304 74 113 130 41 259 143 207 165 239 148 248 144 95 289 19 61 220 213 112 335 132 164 279 221 157 23 260 
65 311 229 120 129 40 212 158 286 50 244 66 179 307 123 291 43 121 295 95 203 256 320 122 78 2 189 248 317 92 86 222 310 16 205 143 290 130 280 57 191 142 225 234 259 83 52 49 115 128 116 235 59 110 19 221 90 194 71 176 287 79 230 82 17 
66 1 288 335 168 289 319 57 55 303 90 65 271 39 311 114 238 167 273 312 77 46 221 276 158 108 192 95 161 181 79 99 93 197 92 47 154 101 265 245 206 307 62 38 103 48 140 208 109 169 49 211 84 290 230 51 122 248 
67 46 263 264 232 327 252 180 64 17 89 101 208 177 278 276 116 248 55 92 62 18 237 114 38 150 30 314 253 184 250 186 217 111 138 334 298 257 4 170 157 104 96 75 128 105 319 193 239 94 49 58 284 112 44 316 312 275 175 230 99 
68 20 12 267 178 1 135 302 271 47 95 310 249 63 74 171 308 321 125 247 294 208 31 104 154 137 156 307 7 289 96 10 155 176 130 82 40 281 106 228 190 59 226 119 147 286 86 79 83 323 138 334 206 191 276 290 227 268 139 328 273 261 34 124 322 76 33 37 292 315 48 46 
69 8 115 304 90 111 63 145 99 75 12 131 107 240 84 310 289 237 320 315 284 38 98 52 185 166 246 14 252 271 272 26 34 53 140 290 323 35 273 255 106 265 71 181 44 124 30 316 164 239 321 244 130 314 7 261 249 94 202 147 197 48 21 188 233 268 160 36 128 80 105 27 
70 323 220 80 99 189 242 64 39 148 307 173 20 119 268 31 123 260 231 135 267 320 273 318 253 53 317 330 185 15 197 237 228 81 229 137 156 263 142 218 328 107 225 284 188 33 101 14 109 264 158 24 295 155 43 285 199 21 298 86 136 232 
71 266 196 33 45 148 270 315 258 122 102 207 268 240 198 191 192 211 274 46 301 307 326 273 104 135 220 249 305 291 48 335 25 172 69 185 334 41 262 53 98 120 61 22 65 200 297 59 228 101 76 92 312 
72 158 163 76 165 204 331 119 101 83 129 28 23 82 177 314 188 231 285 253 74 147 293 137 244 1 94 164 216 20 256 274 221 213 118 249 26 281 112 109 292 55 126 232 334 210 226 242 224 223 222 199 21 97 186 304 255 6 31 312 200 148 
73 144 143 201 196 38 159 102 264 211 117 134 239 89 7 178 320 155 298 187 92 270 258 142 81 240 218 45 168 212 79 292 161 175 91 105 12 263 287 31 119 193 252 232 229 129 283 64 75 5 274 24 94 199 77 244 35 8 230 217 32 279 90 215 166 207 146 55 
74 314 261 175 218 75 12 302 48 137 157 141 231 207 306 103 60 68 328 192 307 132 305 248 166 290 86 40 180 54 72 23 56 285 107 322 99 179 203 182 275 64 29 28 120 33 53 208 36 308 171 18 242 20 163 181 200 321 123 251 122 183 190 202 101 186 279 139 281 309 303 
75 251 163 74 155 217 332 294 330 36 69 160 329 311 180 13 312 117 256 243 49 100 170 305 27 271 47 127 222 23 195 115 296 278 12 123 166 112 218 185 186 232 29 62 73 285 267 213 254 299 203 165 331 135 323 48 67 152 57 171 35 92 103 290 177 241 181 
76 214 72 28 2 164 102 277 258 16 269 11 50 193 172 182 283 326 142 145 130 237 38 299 319 171 63 263 309 328 129 124 331 8 266 208 34 323 128 295 185 54 243 143 297 168 47 133 141 39 139 225 329 298 224 205 101 226 264 62 12 245 71 211 170 200 68 5 254 
77 88 237 129 62 83 265 133 27 11 257 325 186 222 47 39 96 235 123 290 183 259 270 119 224 292 172 66 298 155 311 312 274 33 18 308 40 269 254 195 16 61 225 98 322 108 152 227 315 282 246 244 136 317 58 153 73 230 80 4 238 59 198 12 42 0 324 
78 188 262 296 281 116 193 150 146 220 6 233 194 1 172 24 87 65 79 84 214 164 219 252 148 230 307 38 286 204 122 57 290 125 119 27 297 31 206 264 39 200 121 217 130 165 52 13 98 40 304 282 2 152 222 53 208 8 163 224 216 62 60 191 315 257 279 
79 309 202 178 182 19 137 162 90 173 247 287 330 300 244 85 78 192 333 73 285 318 332 18 156 11 308 92 240 66 101 136 294 230 52 217 259 255 153 68 151 311 109 206 139 250 213 286 319 8 208 15 324 118 110 228 239 65 322 13 158 251 
80 118 89 70 220 314 233 55 152 326 273 227 14 328 130 194 132 253 50 272 57 318 160 166 49 22 123 18 276 305 288 169 186 274 248 105 153 161 62 275 189 136 301 287 256 179 165 245 47 270 325 109 77 8 239 213 114 162 268 107 284 108 175 330 54 139 25 184 215 331 196 295 277 29 69 112 
81 241 115 284 335 299 334 252 151 188 329 314 215 13 286 133 63 220 332 148 93 124 144 73 163 195 98 107 0 191 153 165 225 57 12 118 182 45 265 178 47 70 219 310 175 268 281 92 233 214 278 130 203 307 87 42 208 270 296 209 240 217 52 301 308 190 167 
82 133 289 138 183 247 227 155 45 235 271 331 72 126 312 14 298 299 188 112 166 128 159 252 220 86 68 286 99 123 273 269 248 37 327 275 329 225 132 94 22 118 287 52 12 335 13 93 223 178 47 281 203 31 261 103 65 
83 334 5 287 77 246 174 146 88 168 141 56 14 41 279 26 72 113 63 305 180 183 18 299 335 126 309 136 210 293 219 241 142 225 188 235 159 158 170 143 27 53 272 244 165 57 119 230 65 313 316 318 171 127 84 296 68 213 321 117 314 261 231 306 192 32 130 155 319 290 260 25 59 311 124 153 
84 248 63 173 164 286 42 198 292 39 272 323 257 104 154 296 314 274 237 214 260 294 333 19 69 181 284 156 103 78 223 111 317 125 276 152 183 315 114 141 243 236 96 110 285 184 328 254 305 137 83 116 238 197 5 149 304 182 185 100 86 18 121 273 129 131 228 188 66 301 288 233 
85 294 242 208 2 25 89 176 309 262 30 197 113 236 54 131 333 46 278 125 196 79 107 150 43 103 159 222 253 226 213 228 230 211 123 171 279 285 62 207 305 63 146 286 316 238 58 327 215 231 180 175 160 233 170 136 13 9 317 33 59 297 16 127 277 
86 16 197 187 179 41 196 166 241 333 304 246 157 127 317 94 37 30 11 104 150 193 233 222 29 226 169 74 65 287 257 97 117 285 253 224 82 0 289 107 147 202 330 125 200 215 122 335 68 176 206 237 53 323 105 276 184 84 183 295 234 173 47 96 21 33 49 137 50 259 221 145 62 18 1 210 70 
87 15 190 155 243 302 188 39 330 107 94 10 329 142 44 326 285 273 78 64 48 162 168 222 335 206 287 132 238 246 13 103 160 115 303 269 59 9 185 125 212 5 153 211 312 297 264 128 54 274 129 296 201 191 325 186 81 267 276 263 92 27 220 114 194 292 290 116 100 137 52 237 
88 237 77 275 304 21 268 83 153 53 301 242 30 167 6 203 62 17 60 210 9 134 111 211 114 249 131 295 311 110 176 245 162 302 113 260 90 32 177 218 244 300 185 195 317 146 5 100 284 296 11 287 234 151 240 4 160 303 165 331 205 184 168 22 141 50 99 92 148 0 208 
89 182 202 309 80 267 85 98 93 139 323 299 27 67 269 49 73 229 185 280 46 20 232 316 196 291 172 188 150 214 104 282 203 215 208 133 233 24 287 107 271 151 153 297 276 45 317 305 99 294 124 95 116 105 320 200 332 168 137 61 4 50 231 303 165 255 262 130 228 333 31 
90 105 328 69 132 79 306 189 56 63 121 124 142 111 66 226 158 0 332 212 288 110 191 265 147 177 276 25 46 88 237 47 113 39 92 51 197 40 48 279 96 220 219 104 20 193 268 323 326 321 59 140 325 123 27 148 181 65 156 9 239 159 313 293 73 262 172 162 211 256 153 314 130 133 164 
91 1 133 129 299 34 126 180 287 293 223 47 220 112 146 160 140 63 212 213 202 136 294 73 102 305 35 189 247 23 250 6 306 302 289 316 319 119 279 11 297 222 292 186 267 8 188 321 325 252 207 93 244 123 137 318 251 105 264 254 314 7 166 169 14 260 143 138 
92 61 264 311 33 334 138 285 103 221 134 261 192 130 67 162 249 330 114 95 64 73 200 206 185 258 303 65 5 41 125 254 246 335 79 90 9 193 171 219 247 164 66 291 81 166 233 257 310 48 253 97 321 154 315 75 31 87 213 203 57 183 234 25 88 60 161 71 226 108 
93 324 241 25 101 194 89 225 20 13 319 255 136 100 29 215 95 105 175 184 109 169 186 226 21 144 220 81 302 270 103 240 166 3 216 236 292 267 44 12 331 127 257 66 286 206 213 329 134 205 202 201 305 200 43 174 91 334 8 146 323 82 129 266 239 203 297 
94 164 220 215 6 298 118 87 249 154 39 247 86 194 158 110 123 152 248 199 205 5 311 198 169 195 119 309 240 46 221 210 98 72 28 255 189 208 302 274 13 73 54 32 287 256 226 218 36 315 326 2 209 27 82 290 69 271 67 61 8 111 312 325 25 56 307 284 289 335 
95 134 124 31 240 252 227 243 68 304 125 93 267 38 97 259 322 191 177 65 33 147 92 215 185 212 105 60 258 332 291 293 198 264 284 66 126 40 18 109 219 325 324 20 162 19 144 239 301 328 241 89 283 310 160 249 64 320 115 245 317 189 63 231 289 209 285 34 138 308 263 266 49 
96 282 13 319 262 237 127 6 77 213 33 274 203 222 312 120 285 123 281 109 40 218 30 254 208 216 201 263 305 68 247 264 15 84 188 137 178 90 99 273 309 175 221 45 135 144 67 187 37 148 53 228 166 162 153 117 169 236 21 193 86 52 180 133 257 24 272 
97 287 294 197 269 229 205 158 264 318 29 122 95 134 36 258 253 254 328 135 191 210 283 190 321 151 265 179 98 256 111 266 161 103 49 86 239 236 54 7 209 292 278 137 303 159 230 92 14 289 277 167 297 51 312 149 327 213 245 150 72 248 8 275 
98 139 327 44 37 56 196 191 28 228 215 89 102 112 111 280 51 26 31 20 21 259 219 69 97 106 150 81 277 294 319 197 201 312 268 179 94 158 115 10 32 260 163 58 265 313 162 77 308 248 78 152 244 48 185 303 241 71 245 174 168 205 169 136 190 310 198 281 289 291 176 290 
99 109 203 239 100 208 70 259 133 179 69 261 128 201 114 309 52 214 45 123 330 322 102 5 238 40 119 310 308 264 54 176 108 285 149 74 215 273 50 122 66 173 305 82 96 57 280 110 194 301 252 4 207 306 35 53 205 89 279 132 171 159 254 291 217 206 312 167 27 39 148 130 334 111 241 319 3 333 88 20 249 67 2 
100 99 7 103 42 268 33 329 119 297 319 189 169 131 93 178 208 181 106 249 223 310 197 75 161 283 212 162 137 228 21 256 6 200 167 291 25 244 114 284 258 204 306 317 126 55 105 59 88 163 84 196 148 287 132 210 151 176 286 159 4 107 112 157 203 39 87 290 282 
101 211 54 207 226 244 151 93 27 178 181 334 72 67 62 224 312 56 20 232 186 222 315 274 103 235 276 324 263 147 63 118 300 153 170 79 331 152 196 230 39 218 60 149 66 130 51 267 114 239 102 136 169 70 124 182 220 145 234 283 47 273 227 76 289 71 74 116 55 335 
102 267 213 114 40 76 168 214 170 217 41 253 185 62 98 73 173 71 49 57 265 174 50 22 53 131 136 198 230 99 195 237 224 3 91 201 316 31 275 335 210 325 218 193 196 307 12 7 176 205 63 15 101 240 112 281 144 39 186 234 212 5 266 59 187 294 23 
103 324 305 211 100 121 110 64 57 326 92 238 19 331 270 172 74 293 20 162 193 44 321 199 84 93 283 247 85 327 151 47 101 97 290 87 53 34 258 105 122 5 260 135 128 43 294 250 63 2 12 46 0 66 269 169 164 205 214 14 218 75 132 106 228 30 23 37 325 229 15 251 82 184 
104 204 84 60 133 160 307 34 168 32 86 233 275 115 192 41 68 40 89 71 179 139 277 250 18 285 252 48 163 245 90 291 152 27 67 198 62 5 143 302 296 293 129 316 228 284 262 121 146 274 181 193 202 42 174 313 201 265 206 
105 50 90 154 132 175 28 189 112 227 203 0 229 196 93 329 140 43 13 166 254 206 61 219 233 95 45 125 73 192 15 314 248 237 80 302 122 169 103 191 324 144 199 242 224 64 231 214 195 186 111 335 100 156 134 222 86 331 228 11 89 185 253 202 67 289 161 174 277 12 301 38 333 91 245 69 52 
106 276 203 208 47 212 313 127 158 28 43 16 226 206 149 50 100 138 25 108 282 322 176 98 285 329 122 275 241 156 266 299 8 139 19 13 289 58 215 211 68 17 69 307 218 121 202 120 265 315 311 32 271 63 6 18 177 242 308 314 107 148 103 321 254 129 219 1 243 2 320 
107 4 196 1 87 152 150 69 326 182 126 18 85 321 211 314 81 168 13 46 186 200 197 292 74 120 230 17 86 222 22 335 89 3 109 16 29 8 313 272 70 276 219 291 249 113 318 27 217 108 80 106 54 173 163 210 156 192 333 207 141 100 136 301 26 25 132 228 
108 169 194 55 168 289 46 309 328 213 235 142 334 294 106 208 47 160 252 286 54 317 22 185 3 66 131 288 52 6 99 251 128 272 38 265 232 205 120 220 326 77 31 229 332 48 224 143 207 107 244 80 217 240 62 316 260 250 173 92 156 24 
109 99 334 16 222 260 191 155 180 184 312 202 215 281 150 160 307 132 30 38 143 93 154 239 251 325 62 96 199 321 46 23 297 131 14 290 294 27 95 194 13 107 72 170 112 234 224 128 20 148 168 235 79 278 9 80 70 56 159 198 289 66 274 327 240 304 324 298 111 3 
110 203 30 286 103 50 35 147 58 242 168 314 94 64 150 136 299 304 217 29 56 141 90 224 117 232 115 116 88 282 15 333 159 276 249 320 84 8 258 196 99 140 57 14 20 216 65 37 319 17 144 164 295 214 125 137 79 211 310 306 
111 306 303 255 237 276 69 98 19 30 133 90 310 314 198 232 54 170 176 329 88 250 112 315 27 294 286 8 335 97 84 163 6 190 115 51 268 36 292 168 123 179 114 121 154 67 2 215 140 62 28 105 9 269 17 152 305 265 169 245 223 312 231 251 181 18 141 230 257 229 94 99 109 45 25 149 211 
112 145 315 333 270 55 325 98 277 163 168 105 322 91 304 35 122 38 111 196 230 178 199 82 157 293 332 223 14 44 313 160 239 58 259 217 26 280 184 20 75 179 307 171 72 109 253 324 156 57 102 298 204 272 118 24 42 64 305 30 319 67 170 242 100 80 211 
113 249 139 1 9 323 286 294 59 53 48 206 193 85 128 83 318 263 155 217 256 285 292 167 118 26 328 158 223 88 262 90 215 225 287 42 171 114 41 19 64 172 58 282 186 213 201 154 175 207 331 107 117 267 192 157 37 148 145 31 
114 102 140 209 190 321 227 15 28 273 303 99 272 66 13 92 177 53 67 144 44 239 171 54 148 231 292 152 88 56 215 287 294 84 204 233 226 205 100 263 135 111 6 35 113 7 307 320 101 36 246 48 304 293 122 80 242 87 10 4 
115 81 69 11 264 222 259 28 293 231 52 48 143 313 193 175 104 1 253 187 308 256 110 309 165 197 75 300 204 20 182 333 27 2 111 25 87 98 273 130 185 149 121 14 229 36 150 283 208 295 127 225 65 220 95 173 170 51 223 205 172 214 201 211 236 23 156 
116 239 329 78 157 67 186 223 202 137 277 127 34 110 146 259 138 22 123 154 317 122 208 129 55 185 210 230 304 168 196 84 227 285 65 40 89 309 121 28 275 158 145 331 25 179 219 101 293 87 33 
117 257 55 163 175 192 64 234 260 185 136 73 11 119 146 75 317 307 233 218 302 176 54 188 28 279 110 306 139 15 152 245 207 86 200 153 4 198 159 26 209 22 211 296 225 49 34 154 227 251 322 276 8 83 295 113 150 222 325 328 96 121 126 204 308 244 240 329 173 124 284 144 208 249 184 140 158 
118 80 286 307 170 94 234 310 36 215 181 186 333 64 159 119 162 321 175 161 50 113 220 200 228 101 81 25 330 202 72 225 199 282 259 335 135 197 229 247 211 82 112 320 171 236 131 189 312 332 79 149 249 324 173 13 309 140 294 
119 150 280 309 253 209 138 178 34 3 100 72 227 324 117 11 210 49 159 118 282 229 327 148 17 212 70 77 179 64 230 35 99 318 94 295 2 133 15 312 46 293 307 78 73 223 239 83 304 68 264 136 91 44 130 182 189 181 123 146 236 0 220 50 329 301 224 319 173 300 254 61 128 257 299 25 23 315 308 
120 282 157 307 274 325 65 285 173 149 122 59 124 277 6 305 37 283 243 246 279 12 5 245 177 139 96 162 137 54 148 22 60 322 107 253 335 50 317 46 106 108 55 74 251 20 18 147 71 201 236 298 229 166 3 121 192 2 178 203 128 190 331 193 179 318 264 278 284 301 142 161 224 
121 153 331 169 288 103 1 90 39 60 144 156 65 198 137 298 155 40 10 292 187 232 333 41 50 303 238 269 42 180 151 251 242 124 237 266 201 199 48 111 106 190 254 78 115 172 160 154 287 22 197 204 49 161 327 264 236 54 173 29 116 84 120 296 213 150 330 117 302 301 104 260 0 240 123 221 250 
122 215 199 197 123 202 210 253 214 220 231 57 120 97 320 71 275 151 7 112 48 65 135 11 226 106 159 332 17 56 162 78 27 105 252 99 9 103 14 116 325 35 86 166 293 38 163 181 195 114 63 39 225 185 329 74 42 280 34 18 66 207 289 
123 255 122 252 187 64 237 262 5 302 238 332 195 65 277 21 77 133 3 94 213 15 99 287 70 312 219 80 96 273 49 211 85 182 163 293 63 75 307 111 116 82 265 214 300 330 176 239 216 159 125 248 119 37 90 23 2 233 325 46 202 91 61 54 74 131 45 154 121 139 279 311 
124 290 158 169 194 95 171 147 289 181 246 262 25 90 120 175 263 302 45 294 288 52 81 333 332 136 27 296 170 180 206 188 328 44 121 279 193 76 190 319 37 40 69 17 2 281 228 89 220 31 156 129 150 101 182 269 327 217 130 1 270 142 259 68 334 164 186 117 152 237 140 83 166 
125 226 135 199 218 255 234 259 238 59 139 249 197 95 159 335 225 210 212 147 178 68 244 85 243 246 38 293 248 205 253 266 193 84 169 310 105 53 152 188 92 17 309 142 149 78 10 184 87 201 86 287 166 288 20 133 306 131 123 63 331 177 51 283 46 228 327 314 1 110 37 143 240 221 132 
126 210 235 144 251 91 303 128 136 142 107 82 83 255 263 165 147 326 7 47 138 212 291 300 307 311 196 320 140 167 189 95 287 325 276 188 226 236 100 238 228 57 231 305 239 334 72 172 304 312 21 149 314 117 290 321 198 273 1 248 209 168 
127 304 297 269 60 106 143 96 86 44 161 207 212 5 47 29 334 45 308 116 275 33 75 224 335 36 8 253 296 10 155 93 170 157 257 184 226 41 166 142 181 177 83 256 315 115 282 180 203 154 280 136 190 327 85 130 230 178 
128 288 178 326 221 126 140 99 154 113 242 212 332 176 266 198 171 82 296 236 163 181 108 20 103 253 76 38 35 29 274 109 87 251 144 7 65 334 155 5 183 241 67 146 218 208 129 238 120 299 206 305 235 157 119 231 137 207 69 56 62 
129 91 77 281 41 43 65 224 271 217 313 72 177 53 197 239 311 15 244 166 33 198 286 29 288 25 57 190 194 7 282 221 296 76 159 22 36 73 333 193 116 322 225 162 87 12 124 46 304 155 165 47 84 192 104 323 27 128 257 137 93 62 255 151 280 214 195 106 251 
130 42 195 17 146 243 187 152 255 225 140 92 80 24 327 202 317 244 311 150 173 224 297 278 40 238 76 158 45 39 259 312 169 329 175 65 6 68 1 21 313 115 258 62 78 189 64 119 101 182 69 160 81 203 287 149 206 41 180 35 16 275 83 52 124 135 99 89 334 157 166 322 204 90 127 162 
131 190 262 328 216 202 199 100 69 85 332 25 52 134 102 33 29 44 34 152 215 261 169 313 88 1 177 184 108 109 237 139 56 213 175 292 19 31 236 277 150 140 196 201 230 198 125 35 308 214 166 234 287 135 18 321 58 163 118 84 297 123 265 250 21 217 263 317 5 
132 229 10 313 328 199 105 290 299 90 298 41 284 7 208 109 191 80 224 287 74 182 137 285 245 195 247 163 294 14 87 288 24 204 35 205 264 46 149 34 162 194 59 99 82 164 61 223 100 103 257 271 156 170 308 64 332 125 107 
133 297 275 91 82 173 20 77 10 289 185 324 99 294 104 299 111 228 54 212 263 262 81 123 56 170 286 18 211 196 60 135 48 46 119 31 26 156 89 191 149 42 209 142 321 22 7 9 199 271 153 305 287 331 125 190 19 260 251 38 240 138 76 272 317 219 257 204 203 165 44 96 175 187 238 206 90 
134 317 95 244 332 159 26 235 152 327 203 202 226 73 162 92 97 30 62 149 331 194 88 131 37 310 301 145 195 8 312 228 254 135 320 283 276 93 105 188 181 63 275 270 237 184 21 282 296 222 231 48 322 212 146 
135 125 244 23 68 48 263 304 267 276 0 327 159 262 200 97 197 164 122 57 46 43 8 162 183 61 51 7 133 278 25 70 71 144 193 134 328 154 4 114 157 103 9 217 96 63 209 216 253 75 149 281 266 220 222 118 226 270 308 318 131 296 322 34 174 291 172 130 305 5 273 230 33 239 
136 175 160 126 232 93 117 255 165 179 63 143 38 302 110 7 102 185 83 91 124 195 284 318 278 310 167 6 298 79 80 295 312 119 158 172 14 144 26 240 164 55 77 208 101 53 209 54 48 15 182 98 326 272 147 323 29 236 193 85 327 153 127 149 181 331 187 37 41 107 2 215 70 30 304 
137 236 30 196 171 314 188 79 183 176 74 53 163 186 202 317 150 132 121 116 63 13 216 55 17 68 229 100 244 296 260 120 331 261 72 37 323 217 96 33 204 259 273 289 32 333 203 97 156 302 70 146 62 291 299 325 271 307 84 151 239 330 281 140 89 91 148 319 221 263 141 313 129 257 110 86 322 128 87 59 11 
138 298 198 119 82 211 283 92 196 29 169 244 60 172 0 330 179 106 44 309 324 31 52 41 237 307 126 267 191 116 158 48 264 61 7 184 252 165 45 266 67 241 323 50 2 133 68 182 149 22 285 145 270 189 214 258 269 262 229 17 95 209 178 91 
139 98 216 230 125 286 284 330 113 89 223 309 259 3 229 311 278 50 218 1 274 308 9 190 176 328 43 117 120 41 158 104 297 16 106 161 54 131 202 325 61 220 165 2 22 240 275 33 37 180 57 79 155 324 76 305 215 177 270 68 80 10 247 315 317 51 204 74 123 30 277 
140 290 300 114 45 128 252 158 204 286 6 37 298 130 330 105 169 176 296 18 91 30 159 214 247 265 207 179 264 154 190 213 126 35 69 195 241 275 309 54 110 131 239 291 111 0 26 33 276 7 41 90 319 317 66 137 242 248 15 201 335 215 118 227 225 124 117 44 
141 52 45 278 331 56 83 51 293 74 299 39 297 327 302 220 110 0 156 284 12 18 228 318 19 221 84 319 217 171 215 275 15 30 329 162 289 42 21 168 145 314 272 150 246 76 330 180 244 267 137 111 264 9 159 281 317 107 88 236 197 
142 304 200 24 238 318 160 7 90 216 245 180 108 241 167 87 324 126 197 6 76 73 206 157 43 278 83 269 298 276 190 125 243 133 332 1 65 292 172 329 127 266 256 313 156 70 28 48 237 30 273 22 13 8 308 323 124 21 47 120 264 221 55 
143 334 230 184 73 289 321 39 327 127 1 220 252 181 115 35 242 21 136 149 243 109 6 46 231 8 314 11 297 9 302 65 179 188 83 248 316 193 160 178 30 318 64 197 254 76 204 27 183 190 104 228 108 44 273 238 29 16 125 312 49 91 152 5 
144 73 212 126 214 221 17 209 255 15 204 267 121 245 210 248 8 332 93 286 81 114 28 205 190 32 284 49 328 167 297 55 54 217 135 147 152 243 270 287 25 105 280 95 181 35 247 136 325 96 308 191 128 23 64 298 102 291 41 292 21 244 223 157 36 110 189 211 327 224 183 304 117 156 56 6 231 310 
145 52 112 230 69 268 266 296 332 280 201 258 232 323 176 25 260 160 76 33 228 227 216 56 164 35 134 10 210 255 161 235 29 5 48 306 149 313 59 141 243 13 208 159 304 138 200 147 19 101 184 116 174 290 215 86 262 113 180 21 
146 267 60 221 83 130 246 36 213 152 184 78 308 160 231 117 50 294 248 91 247 188 305 300 170 275 259 235 211 238 330 116 287 178 169 261 149 296 5 272 88 137 56 7 293 85 119 278 128 93 227 6 33 15 226 31 48 104 194 73 333 209 258 134 320 319 
147 150 323 44 46 124 212 110 50 273 277 125 155 310 291 271 262 95 255 196 335 151 35 126 236 274 215 149 90 40 245 72 316 11 167 175 60 190 253 101 162 165 144 279 157 307 86 198 180 68 18 251 232 300 120 3 280 21 145 230 136 69 285 34 223 204 289 189 8 16 
148 162 182 71 158 161 19 159 173 189 301 1 331 166 45 327 212 28 225 211 297 277 266 55 70 328 288 119 81 29 200 114 287 220 78 275 52 120 5 221 26 325 292 17 283 294 193 210 319 217 199 188 170 109 64 96 6 90 137 100 203 106 99 224 311 310 113 57 88 303 181 72 231 
149 319 23 316 15 41 244 44 120 27 40 193 18 21 51 106 62 303 143 134 16 7 210 150 185 286 147 13 288 99 125 133 146 132 115 216 145 101 29 264 135 312 201 84 138 231 130 325 177 162 126 97 12 45 136 292 118 6 280 111 52 
150 147 119 30 39 270 227 306 78 241 109 202 10 107 190 230 1 110 170 86 130 323 137 63 89 85 67 220 149 276 98 273 161 7 15 235 313 152 277 164 50 253 199 131 115 204 231 263 61 141 42 158 124 179 20 226 117 45 200 121 97 213 224 280 219 242 17 
151 223 45 308 294 312 101 162 81 7 159 204 314 220 167 122 14 230 256 59 97 147 275 334 215 50 103 292 49 121 296 60 189 61 195 11 165 274 200 280 254 89 54 202 137 79 17 48 171 88 53 170 181 9 100 209 299 129 52 313 235 238 58 46 228 283 
152 175 327 178 237 210 134 270 254 80 146 18 250 8 227 107 130 231 191 160 235 226 94 234 168 131 17 114 183 225 117 125 84 27 150 187 144 62 101 212 233 262 104 58 311 1 249 51 98 77 245 111 176 75 35 78 43 204 319 292 171 286 267 317 124 289 143 219 
153 280 46 121 335 4 88 232 172 28 191 43 318 21 319 253 176 202 229 47 217 184 302 81 161 248 117 179 101 244 80 23 168 87 133 89 247 294 2 79 60 62 261 251 321 237 77 285 225 286 201 262 164 96 136 315 13 33 90 215 83 196 
154 105 235 23 84 242 94 128 291 310 19 62 109 280 10 42 16 68 63 229 278 159 221 302 140 300 135 116 200 246 111 238 178 169 121 222 286 281 66 251 117 335 156 231 113 92 290 57 204 224 264 40 240 179 220 127 123 4 187 160 168 
155 166 232 75 186 259 87 109 82 203 313 20 276 225 173 190 147 181 113 73 272 286 177 121 215 159 224 175 77 294 233 127 200 68 206 257 157 219 192 308 63 193 296 62 33 316 128 139 55 297 129 244 246 83 240 70 197 234 188 263 230 42 
156 211 224 263 303 179 249 325 198 29 2 47 226 9 307 304 41 16 21 121 49 19 42 216 84 173 302 262 290 141 4 189 68 178 106 299 310 34 333 45 289 79 133 274 328 264 137 22 176 15 70 142 105 215 154 112 124 334 284 90 59 317 50 132 297 107 242 267 244 144 108 115 62 326 
157 31 218 120 273 277 241 187 217 323 221 301 74 179 199 86 215 279 116 276 245 213 28 298 305 159 251 45 264 142 186 112 7 267 127 48 246 155 248 147 135 265 171 242 67 236 224 243 56 274 226 196 188 291 144 260 263 256 113 275 130 128 203 160 206 64 100 202 220 316 
158 266 72 124 223 242 184 97 148 41 140 6 106 61 1 65 165 181 189 170 270 37 27 34 94 282 333 263 90 228 197 260 130 29 138 113 66 262 139 302 195 23 164 83 98 48 308 324 51 136 171 18 325 150 13 326 318 24 116 70 288 4 36 317 79 207 16 117 
159 276 325 314 260 134 207 73 21 151 308 148 185 326 125 283 135 229 118 211 119 290 53 157 140 194 85 6 52 155 243 154 122 299 292 82 192 212 110 83 293 8 24 248 117 2 129 288 205 271 199 244 208 97 54 18 123 262 145 50 37 99 217 318 227 328 294 109 281 41 90 38 0 141 335 202 51 100 300 257 46 
160 44 281 136 3 203 251 260 142 59 75 104 310 109 272 43 146 168 172 152 91 161 218 145 209 284 61 5 108 80 219 163 241 256 26 25 112 328 331 199 32 239 166 87 50 326 55 186 143 60 121 317 177 299 95 130 289 47 238 303 88 259 85 190 312 268 297 16 290 313 157 318 69 298 154 286 
161 38 45 315 148 127 26 163 35 328 100 160 47 194 118 297 4 186 248 73 97 150 153 139 164 3 175 243 66 80 181 259 232 214 224 283 145 30 170 185 12 183 335 334 121 182 321 327 331 220 105 59 329 57 169 317 1 23 290 92 180 197 48 120 62 
162 250 262 148 38 293 9 19 151 79 208 197 315 134 40 103 92 118 268 242 283 100 135 190 63 244 87 120 49 4 88 176 122 147 272 294 98 7 187 196 322 132 204 261 141 95 129 318 265 330 170 274 281 290 279 184 172 53 270 96 80 149 60 24 164 90 51 271 267 285 130 
163 212 315 75 72 272 264 117 180 227 276 54 112 222 226 137 332 270 27 6 161 316 273 307 81 111 132 10 160 128 9 123 200 28 98 219 104 63 245 53 231 189 314 100 122 275 251 74 179 22 131 107 78 303 37 14 48 35 
164 321 94 201 84 178 176 76 49 282 273 316 204 323 219 193 169 230 56 37 17 135 165 214 45 240 57 27 185 6 78 174 301 237 32 145 310 30 190 296 161 158 191 304 50 72 198 150 18 220 25 212 92 136 69 166 34 245 5 194 103 132 7 11 0 153 311 110 209 26 55 289 162 64 234 124 90 
165 47 30 72 289 4 286 320 169 158 136 333 260 285 256 208 179 164 126 268 247 306 244 39 115 325 43 81 299 314 181 147 34 204 139 265 151 83 186 138 271 319 78 21 203 75 80 64 173 296 26 20 292 221 194 129 239 88 213 188 166 133 89 29 238 
166 2 255 155 221 193 189 256 86 12 222 185 290 250 148 279 245 105 21 129 294 17 204 60 74 93 22 80 46 227 69 56 45 296 82 320 160 57 23 75 231 127 31 207 0 318 125 122 92 264 164 299 63 206 20 131 249 96 40 120 242 281 177 169 165 55 171 73 91 130 194 39 124 181 214 
167 58 21 327 88 1 192 277 8 304 142 49 151 38 23 228 66 37 330 113 293 204 306 144 217 226 147 15 136 100 126 244 53 246 219 170 233 268 331 62 171 297 97 280 332 99 227 48 316 25 9 81 26 
168 66 108 102 83 271 34 51 112 225 262 329 250 24 313 40 160 104 189 326 15 110 216 199 255 312 152 218 220 73 240 184 87 25 107 334 328 228 174 212 61 111 286 153 293 251 227 44 230 141 116 238 109 311 62 76 246 98 14 89 280 172 20 63 217 56 333 88 281 306 290 324 126 154 
169 309 108 188 124 184 121 229 334 215 186 138 227 165 100 255 234 296 171 164 179 42 266 140 30 93 247 194 319 181 131 321 211 86 300 125 94 258 80 325 242 130 146 5 105 182 232 317 154 320 1 218 239 231 111 101 318 103 273 303 98 277 295 290 217 19 66 166 96 284 16 161 91 21 44 37 253 18 
170 272 228 185 102 306 118 260 37 335 158 226 30 211 111 150 58 75 133 23 146 221 304 292 4 124 296 197 314 127 180 310 83 101 253 167 161 313 109 7 248 43 148 67 162 299 177 312 334 21 151 18 236 207 115 32 85 225 132 112 205 277 184 76 173 215 245 
171 248 137 124 294 257 216 324 186 58 169 68 225 219 332 244 14 114 207 25 268 326 236 296 128 76 18 1 85 247 53 141 191 13 316 34 259 193 157 113 92 317 304 196 112 232 83 62 158 280 220 240 274 151 201 237 99 74 75 167 118 277 223 21 252 166 234 300 254 331 276 152 212 222 291 330 
172 248 208 176 15 324 255 235 153 291 103 294 138 332 76 269 195 160 216 78 250 280 64 89 236 24 270 21 77 223 323 193 329 274 304 58 335 191 71 142 121 183 241 113 136 51 242 230 267 126 203 162 168 322 239 115 0 135 220 90 229 6 297 272 
173 84 294 133 234 24 120 148 53 102 20 79 193 246 155 299 331 70 202 130 156 310 212 305 319 330 26 206 284 287 187 325 199 99 192 55 195 323 248 272 182 165 215 200 121 36 208 227 6 233 115 48 183 308 279 86 119 107 285 181 118 332 117 273 56 108 278 58 170 296 328 
174 284 21 266 225 240 210 250 83 49 39 60 222 44 56 229 64 316 212 102 220 5 276 189 164 24 272 31 208 61 330 168 207 235 47 192 219 32 322 311 3 98 37 2 301 93 249 314 105 135 58 145 280 221 104 306 265 
175 136 308 152 288 74 199 245 117 267 281 252 327 0 105 124 38 295 237 33 59 93 313 118 115 272 185 186 73 155 61 219 212 324 10 147 223 161 130 220 3 36 131 96 256 207 214 81 4 255 31 248 235 180 278 216 47 7 283 113 254 322 85 11 311 190 213 40 80 317 54 20 62 133 314 67 209 5 
176 303 172 33 23 164 55 233 56 85 315 137 216 222 178 24 37 14 61 34 62 111 140 272 153 117 145 128 245 106 139 38 256 297 88 11 99 162 229 225 4 209 274 68 227 278 212 3 253 156 285 123 249 305 102 86 228 152 41 306 318 313 65 213 100 241 251 98 35 44 182 
177 265 216 233 184 198 1 203 24 35 67 129 95 17 270 62 297 208 155 114 181 72 328 294 248 25 8 120 211 277 90 131 33 191 88 298 38 50 56 272 247 127 278 160 215 106 271 170 14 125 52 280 12 149 54 166 324 279 139 178 75 260 26 257 333 40 
178 232 187 128 323 152 164 0 68 119 79 101 190 318 100 57 43 176 48 307 73 239 125 263 306 286 156 112 320 249 275 237 217 195 146 208 194 186 96 81 154 251 179 220 143 191 319 305 329 247 183 252 266 226 259 120 177 82 215 257 197 138 189 314 127 222 
179 61 64 41 188 156 86 37 184 288 99 157 136 194 298 59 65 169 258 138 165 253 268 295 97 56 119 140 283 104 284 248 153 143 98 74 4 261 252 111 112 178 209 213 39 0 80 267 231 18 150 272 249 55 289 239 217 163 280 234 8 23 3 154 36 116 329 120 20 256 262 299 270 
180 62 250 188 163 109 67 91 260 75 37 142 10 208 185 83 330 313 41 282 300 281 219 204 74 278 214 124 121 229 5 170 25 31 47 58 277 33 329 147 294 175 139 9 61 6 247 264 130 127 141 85 335 184 306 291 96 322 285 161 213 280 145 308 
181 315 228 309 201 101 187 124 158 213 13 329 257 143 100 118 155 271 45 84 221 177 290 169 184 0 57 303 128 319 165 66 161 192 53 197 69 127 144 207 190 193 245 119 51 122 225 90 134 151 283 247 248 111 35 74 219 269 32 173 104 136 199 268 75 166 148 
182 89 283 148 63 79 23 315 281 305 231 107 76 132 183 326 54 50 215 250 334 291 22 269 115 272 123 331 319 81 169 277 74 16 328 39 21 268 225 218 173 9 289 119 130 197 259 161 138 84 124 101 136 200 196 14 7 26 212 176 257 254 314 
183 6 213 219 284 272 82 228 49 137 187 11 290 271 330 319 243 239 195 281 83 307 332 17 77 13 182 218 276 135 308 152 321 84 266 212 32 316 28 172 224 209 30 161 33 273 143 128 178 63 211 86 310 173 262 5 74 92 242 144 57 258 306 294 
184 297 29 143 169 266 158 314 15 306 44 179 109 177 186 288 300 146 269 289 283 294 199 93 55 56 37 243 54 181 153 329 168 249 131 20 32 212 41 127 112 84 67 211 138 125 250 19 308 325 2 225 218 261 191 185 304 86 204 162 145 180 18 134 80 88 321 255 238 28 47 170 117 103 
185 316 255 170 268 293 271 133 102 263 117 159 166 211 222 180 321 89 230 217 239 95 333 194 175 136 92 331 164 149 311 69 297 13 108 251 10 306 186 189 70 115 75 21 88 87 39 71 281 116 307 161 76 3 2 190 192 98 184 290 207 84 105 7 295 122 47 309 319 34 249 24 253 
186 155 299 184 64 169 171 26 77 137 325 116 118 247 253 193 220 242 227 101 272 93 283 44 175 161 285 240 202 157 195 287 323 198 212 80 107 291 13 17 185 277 178 34 67 165 75 160 53 241 282 105 91 113 302 102 87 221 37 206 225 294 15 72 30 266 74 124 248 194 
187 178 64 61 290 315 86 123 157 196 200 181 239 183 130 243 227 49 0 190 253 37 294 28 73 59 335 121 115 20 250 213 9 13 173 152 192 265 44 268 162 198 259 19 52 295 96 333 33 217 301 272 102 136 133 154 50 270 
188 78 169 179 180 236 290 295 137 267 214 318 81 87 58 319 315 209 197 21 302 146 72 117 224 89 4 82 39 125 83 124 212 143 96 207 126 301 291 148 25 272 227 49 226 134 91 70 220 303 157 189 307 15 165 238 298 84 217 69 254 235 36 281 305 155 
189 50 36 4 166 70 328 90 236 105 100 148 285 279 158 293 211 168 304 255 33 65 174 35 156 207 246 307 320 91 196 289 126 287 151 240 185 292 94 290 80 130 254 251 45 219 52 321 200 119 215 248 163 232 95 312 138 188 37 144 241 118 147 333 41 280 278 243 60 178 1 299 
190 131 87 328 114 178 230 220 150 255 5 155 187 319 50 97 6 247 64 162 139 144 217 321 25 246 324 38 129 140 234 111 207 142 164 147 49 309 214 124 68 121 307 226 17 181 133 185 52 4 227 233 261 210 143 290 22 160 98 175 203 288 28 312 120 43 74 127 21 300 273 61 81 289 
191 28 4 98 321 109 46 334 15 328 284 153 263 249 298 132 95 152 71 307 97 288 303 1 213 286 90 330 81 138 312 246 225 332 177 61 36 133 164 259 105 171 65 172 250 320 178 184 144 216 233 87 196 299 311 58 68 267 295 53 78 294 253 229 305 
192 235 33 117 14 234 285 167 92 74 241 71 232 104 282 79 198 300 52 305 260 217 306 105 159 66 289 256 283 295 206 304 187 287 181 173 34 155 174 317 261 288 323 185 312 204 48 20 83 129 41 61 120 243 113 263 107 271 36 38 195 
193 291 214 166 331 292 245 247 207 262 78 41 50 149 21 164 113 173 228 76 115 186 103 58 318 196 316 252 197 297 242 86 210 125 266 296 223 19 324 282 2 315 0 124 172 135 102 73 27 236 148 143 92 129 171 155 29 90 181 209 277 244 67 136 325 213 120 96 259 246 4 104 
194 108 226 124 301 253 93 195 224 234 311 179 289 243 78 272 94 80 220 32 134 265 185 316 161 169 201 159 286 254 129 227 178 196 15 109 99 241 132 321 223 203 221 7 239 53 295 164 219 287 165 65 230 246 28 304 146 87 210 166 186 16 
195 6 10 130 264 194 308 123 218 240 183 172 257 332 231 17 293 206 299 132 228 102 81 186 75 94 136 284 56 28 134 178 37 158 140 77 151 173 7 291 88 251 105 25 274 303 301 122 279 314 296 62 266 210 129 258 192 
196 30 71 137 98 204 73 10 222 86 107 269 187 55 138 231 105 43 5 85 205 193 147 25 252 89 247 112 46 133 239 238 268 126 189 325 102 110 309 16 194 312 290 162 101 42 304 229 131 171 270 275 39 308 116 316 191 57 212 298 32 100 253 157 17 182 7 236 80 9 265 233 153 
197 218 122 86 97 42 53 162 323 125 37 85 246 249 275 129 188 142 100 135 193 314 302 288 158 228 55 115 294 170 236 205 98 20 107 40 90 61 70 181 8 245 252 66 5 202 309 219 211 63 121 143 257 182 84 318 118 283 271 297 277 203 331 286 69 322 270 207 320 324 178 311 255 155 243 1 6 4 161 141 307 244 
198 321 138 284 250 84 22 156 177 274 246 9 294 111 71 121 291 265 129 192 128 102 94 243 95 308 292 186 34 300 263 117 39 41 230 164 147 187 309 49 222 131 312 323 335 229 104 218 295 277 109 21 98 77 126 18 293 283 318 236 
199 213 122 55 125 175 322 310 132 131 308 157 41 330 252 18 10 263 215 184 103 220 168 94 5 112 278 207 276 109 160 218 173 48 121 286 328 27 159 334 233 254 105 150 148 133 214 118 229 73 293 32 63 38 282 217 289 269 275 72 181 59 236 56 244 70 200 302 21 
200 300 42 208 142 232 34 240 296 187 260 135 92 298 256 148 321 14 52 248 118 267 10 330 55 16 117 107 155 100 163 236 205 283 151 154 217 78 86 302 293 282 189 93 173 145 89 58 150 74 182 247 71 2 227 13 278 0 199 76 291 273 72 
201 164 73 181 27 55 99 283 145 3 194 324 213 33 315 269 102 30 297 226 329 98 41 96 267 295 121 205 125 215 131 272 289 93 264 285 149 113 171 296 87 326 266 120 277 299 254 153 230 115 17 243 280 29 209 22 140 104 
202 58 89 122 79 134 131 109 247 321 24 150 43 332 137 230 289 57 280 130 218 116 173 55 153 238 291 91 186 326 297 19 259 299 139 318 86 118 197 106 151 53 335 93 123 263 248 105 69 26 42 229 159 277 250 74 104 205 157 23 
203 99 110 106 160 28 134 330 177 155 88 286 105 219 65 272 96 229 334 257 89 19 16 209 74 137 227 261 250 15 165 30 75 194 56 236 130 81 14 197 172 60 127 20 218 325 40 190 133 92 120 148 157 45 323 82 93 100 324 49 
204 215 6 44 329 235 104 257 196 321 72 140 151 164 144 306 214 284 254 50 166 248 335 42 180 275 167 115 114 26 10 237 78 17 132 234 273 165 137 281 46 100 304 240 318 162 48 219 60 150 49 121 232 302 192 143 7 282 211 243 112 184 154 280 222 133 117 147 245 152 139 130 216 315 
205 229 36 97 329 255 247 334 330 216 335 15 212 320 284 196 279 94 125 144 314 322 228 45 11 214 197 65 315 240 34 114 200 280 201 132 159 108 93 260 102 99 300 98 103 268 206 115 76 88 210 170 202 303 55 312 
206 325 248 220 228 252 254 30 113 106 277 244 105 92 7 47 257 330 195 142 232 173 61 42 3 15 87 124 221 226 331 155 295 57 36 192 209 262 78 93 310 27 272 58 255 66 259 0 291 86 166 79 130 68 99 205 186 32 128 157 298 133 104 2 
207 300 58 33 101 159 3 193 74 234 127 35 328 55 56 71 274 6 311 57 18 219 171 140 189 43 199 267 117 314 308 190 17 334 174 188 85 236 175 166 322 181 99 27 64 185 91 249 254 113 320 252 170 108 2 255 224 218 325 197 73 107 10 128 158 122 22 
208 172 261 259 200 85 106 99 232 162 67 8 248 100 211 180 132 28 44 165 299 177 325 233 68 108 332 256 310 41 36 235 96 174 275 260 320 89 178 278 116 225 94 263 76 329 296 159 308 255 215 74 115 279 222 62 136 39 145 217 173 23 66 293 17 81 128 78 213 27 267 79 291 117 240 303 288 31 88 
209 47 274 16 314 223 119 234 114 328 217 214 144 241 294 295 188 275 160 309 300 55 220 250 176 253 288 203 301 291 206 24 133 38 97 326 117 17 281 333 179 39 183 135 193 261 252 136 44 94 312 318 164 293 151 95 201 81 138 14 146 175 325 126 310 36 
210 126 45 260 174 122 46 221 152 290 125 245 12 144 119 211 88 97 327 317 149 193 83 26 330 320 224 1 102 94 258 145 148 301 243 116 274 235 307 23 0 309 289 324 190 229 72 227 100 279 257 107 195 205 3 194 267 86 248 
211 101 103 156 323 138 73 319 245 185 333 332 283 278 208 44 189 210 224 148 170 159 217 71 218 57 281 256 88 107 133 169 177 146 328 244 291 232 85 322 240 123 5 260 55 318 106 184 234 334 257 280 261 117 87 197 312 220 299 15 43 46 258 247 204 118 183 321 230 2 307 214 144 290 115 66 255 90 110 76 0 296 111 112 
212 163 144 106 298 25 244 147 65 127 125 174 133 128 148 310 205 100 330 270 91 95 173 119 90 232 62 32 48 73 126 278 257 186 175 183 159 52 184 188 168 313 304 176 302 152 300 227 87 164 221 13 102 196 16 10 26 0 39 171 182 134 2 320 
213 333 199 273 319 183 102 269 254 225 35 146 9 50 108 181 229 4 283 96 157 53 123 63 240 91 191 201 231 14 302 187 85 274 140 26 28 131 243 72 93 218 75 179 83 113 38 226 286 80 79 165 325 121 64 175 92 236 176 208 0 193 97 150 322 327 180 
214 287 193 76 275 102 144 325 188 122 209 30 311 48 84 8 15 51 99 227 204 164 259 140 78 279 89 180 286 205 46 39 236 285 241 190 161 123 175 271 53 199 250 294 0 105 295 14 228 81 297 131 298 38 262 309 103 226 36 312 238 138 115 303 211 110 23 129 3 45 288 166 
215 122 204 219 34 94 98 22 169 241 109 81 157 93 118 199 218 95 155 151 131 238 17 63 182 147 50 114 0 89 245 99 308 113 106 247 141 32 31 262 322 111 201 86 18 208 7 189 177 156 234 173 85 293 139 231 268 275 303 314 36 80 73 178 223 33 140 145 136 153 10 2 170 
216 49 177 139 229 238 333 131 288 283 171 176 142 323 205 225 313 8 270 332 172 264 168 156 236 249 46 137 93 257 57 145 295 96 60 51 246 34 72 45 0 226 149 123 135 39 263 191 110 175 27 328 6 78 322 33 204 228 59 
217 269 75 102 209 157 51 129 284 293 211 302 113 185 110 332 322 335 297 153 288 190 192 178 167 220 144 267 286 137 112 46 141 148 200 304 67 78 240 79 280 135 289 208 36 159 99 179 226 331 187 73 107 169 124 168 199 292 108 309 188 48 131 81 249 301 246 222 330 287 317 281 
218 197 157 125 278 282 74 241 332 252 253 23 195 291 215 139 275 202 256 117 211 183 160 222 168 41 73 228 245 311 309 279 96 261 24 7 199 102 88 276 75 59 106 53 32 182 101 213 13 169 184 313 70 40 94 62 198 10 315 128 203 334 103 207 46 244 310 15 221 
219 329 287 183 256 215 290 254 33 47 267 323 303 235 164 203 63 223 268 171 324 105 51 207 180 41 98 12 28 316 39 78 224 83 160 123 318 175 239 307 312 59 332 95 167 155 241 38 163 264 90 81 92 197 174 204 286 283 189 42 107 275 319 194 133 6 5 181 3 222 116 274 46 257 106 150 152 54 
220 94 70 206 80 296 122 244 242 256 230 272 143 190 37 91 78 151 28 234 194 319 186 253 81 7 15 10 199 141 174 93 258 168 320 334 150 297 118 148 248 269 249 63 71 217 209 175 82 289 139 321 292 164 288 90 33 327 108 178 211 300 239 277 135 171 124 188 115 229 278 119 227 268 286 45 254 101 287 161 240 304 64 295 87 154 172 275 224 157 313 
221 146 166 128 274 210 144 157 228 92 294 63 27 322 54 311 181 313 170 241 235 154 66 206 141 261 273 148 26 129 94 324 276 72 96 227 212 194 30 281 10 12 38 165 284 296 65 186 260 1 137 225 34 174 64 86 142 125 121 218 44 42 
222 312 243 2 109 196 10 115 174 163 166 176 48 77 185 36 26 101 47 218 96 86 232 329 75 65 297 87 85 266 276 302 107 38 59 236 154 230 198 91 264 208 135 293 323 105 228 258 226 204 117 72 78 294 19 5 292 31 219 134 217 25 239 171 24 178 
223 151 158 209 59 18 271 295 231 325 91 139 12 219 242 5 116 21 15 100 60 56 260 279 6 84 226 10 296 193 35 39 112 172 113 258 175 301 227 119 249 272 313 308 194 33 268 51 269 50 63 111 72 115 57 132 171 144 82 8 147 215 3 235 46 333 22 14 331 
224 156 21 245 52 194 129 226 257 37 101 211 272 41 132 250 31 241 130 188 260 110 307 77 219 155 127 38 102 210 330 61 22 86 161 5 105 333 225 302 183 109 335 275 30 32 47 157 108 154 72 119 207 76 20 78 60 39 148 150 144 238 48 220 120 35 313 
225 262 174 213 93 8 254 168 42 7 216 311 125 155 130 171 148 329 238 276 232 152 58 271 234 295 83 43 288 191 81 334 176 285 113 77 208 65 294 118 182 224 184 129 117 56 258 19 82 115 45 70 6 153 181 253 122 297 76 284 260 170 252 221 186 12 226 140 
226 45 125 49 31 194 101 244 10 288 156 163 224 310 134 106 170 12 90 93 152 284 40 122 239 8 223 329 86 240 167 85 11 206 201 308 60 330 114 127 320 48 280 39 126 216 68 260 190 300 315 188 247 293 94 135 150 213 72 26 233 246 276 214 222 217 20 157 178 271 146 62 303 76 225 92 251 5 227 21 41 
227 46 297 163 21 82 95 150 114 119 169 152 105 80 237 187 214 15 8 186 262 34 240 260 166 145 63 3 248 45 50 287 194 223 0 176 13 168 203 212 221 284 267 258 188 233 317 77 20 117 288 190 244 116 295 308 220 173 159 146 270 68 167 210 101 268 200 252 140 36 261 226 
228 241 255 181 170 327 284 206 98 183 281 313 221 133 193 45 291 28 38 321 167 325 44 158 195 22 197 145 218 205 7 248 141 118 100 85 235 260 282 134 168 5 47 249 3 68 70 126 254 214 124 176 236 222 105 96 143 311 305 125 283 104 13 84 103 18 89 71 79 294 216 151 42 107 
229 132 60 65 205 216 169 7 97 4 213 174 51 293 139 57 105 89 285 19 235 56 159 119 153 35 21 203 137 154 299 36 265 245 180 176 53 73 320 8 302 70 196 115 232 234 274 282 277 199 14 108 198 318 118 210 220 290 260 120 291 111 2 202 138 22 317 54 172 103 305 191 324 261 
230 23 143 32 235 139 2 264 253 145 190 220 287 150 164 202 185 323 29 25 151 112 52 285 102 119 13 78 240 85 309 198 107 272 79 248 45 83 101 254 116 168 39 222 131 97 284 172 61 77 293 335 147 73 211 201 291 194 111 30 12 317 0 48 135 66 67 65 127 155 252 
231 291 33 254 223 40 51 122 74 196 302 182 115 146 152 236 5 268 195 288 72 311 143 309 70 114 260 41 213 64 290 276 327 166 19 301 61 105 150 163 126 22 179 169 154 149 320 258 36 85 83 287 111 34 95 215 89 10 3 128 134 60 329 12 148 144 
232 178 233 155 324 240 67 200 153 36 208 303 136 308 249 276 111 300 101 145 260 192 89 309 265 212 121 222 110 206 225 211 55 238 73 28 161 169 330 312 108 75 252 241 257 0 229 171 31 317 147 204 43 72 189 49 288 16 242 307 6 267 70 52 26 
233 39 281 324 232 321 8 176 177 80 30 300 270 78 313 14 104 59 117 208 105 86 325 238 248 247 327 155 21 89 309 114 152 199 26 277 167 81 227 92 190 191 284 23 123 283 226 173 46 85 279 61 69 326 196 84 
234 314 173 125 32 209 258 117 194 192 118 207 169 252 263 220 56 24 287 8 38 152 285 311 275 225 310 319 190 44 260 297 322 57 318 204 211 14 240 65 332 239 59 245 249 229 1 48 109 26 27 88 313 273 215 102 131 238 101 179 86 292 324 12 171 92 164 155 
235 192 230 204 126 134 172 219 154 108 293 58 82 77 229 152 313 63 146 221 101 27 208 242 83 228 150 296 60 244 261 174 145 315 210 55 175 278 22 258 109 65 285 249 44 0 4 270 325 260 128 276 41 223 188 151 318 306 334 
236 294 137 62 188 246 32 189 6 5 43 85 231 216 303 239 315 172 147 93 171 279 48 326 197 329 128 301 285 214 84 97 200 17 193 237 243 317 131 222 207 240 272 126 64 330 2 228 121 203 157 119 120 307 170 118 263 136 213 9 96 196 252 115 280 199 38 141 305 312 198 
237 332 25 88 77 275 271 22 328 256 327 111 40 152 123 96 52 84 227 175 263 67 69 261 301 138 76 164 102 178 287 105 90 204 121 131 236 38 244 70 44 46 284 278 49 56 142 86 260 251 171 153 318 134 279 5 246 335 306 124 14 87 329 
238 125 142 216 35 303 103 309 123 225 249 8 66 3 267 202 12 130 215 233 121 99 146 281 196 322 288 87 232 301 321 304 51 48 248 154 265 126 168 84 85 241 160 329 234 294 268 77 214 128 188 22 143 32 58 151 29 224 289 184 133 258 165 
239 99 116 298 277 41 12 187 250 3 270 73 286 183 178 129 185 109 311 236 114 226 285 196 97 219 160 112 20 303 306 276 8 119 31 325 140 234 95 123 19 44 169 220 283 16 18 64 101 69 194 126 137 253 313 80 179 301 165 305 172 67 90 288 51 0 93 293 46 79 32 222 135 278 
240 28 48 174 232 326 265 95 200 64 267 195 69 71 8 247 250 251 213 164 244 13 227 93 73 271 186 168 226 230 94 211 205 1 54 189 79 52 242 7 234 61 32 330 236 291 309 204 217 302 47 139 273 269 55 270 325 136 171 314 133 102 88 11 316 296 35 220 155 154 108 109 278 117 313 26 81 121 125 5 208 262 263 
241 81 228 4 93 218 28 31 318 293 157 86 209 303 242 215 150 308 298 142 13 44 29 192 59 224 19 279 297 317 255 160 106 221 83 52 300 327 261 310 214 45 140 35 219 232 194 271 49 186 172 138 95 98 284 246 238 26 128 248 15 330 189 11 75 1 99 176 250 295 
242 333 85 158 88 220 241 70 154 271 257 128 223 110 143 186 60 264 261 162 18 193 284 303 321 331 59 39 291 245 61 8 44 235 253 121 260 169 58 246 256 329 327 273 240 105 4 332 45 299 3 157 316 172 51 106 74 72 166 140 114 282 296 183 232 156 112 274 150 
243 277 304 274 222 0 244 130 267 87 95 257 187 10 280 275 302 11 183 194 49 278 283 276 42 120 253 143 51 75 125 184 14 300 318 159 292 293 326 198 331 24 84 57 161 142 144 213 236 312 61 210 251 145 76 320 204 157 296 311 247 9 260 40 248 192 201 26 189 281 197 106 22 
244 245 134 226 101 243 276 149 135 220 258 326 212 138 65 125 206 263 129 130 79 171 240 25 275 304 162 137 165 14 296 211 44 254 72 153 235 100 43 167 20 88 53 83 36 237 39 253 159 295 266 0 285 281 98 27 77 227 312 69 73 311 91 144 322 141 193 155 335 108 40 117 218 331 199 329 156 23 197 
245 244 175 224 10 266 193 43 142 211 45 210 144 157 28 166 261 3 304 176 260 132 120 22 218 117 242 147 88 229 25 325 215 47 1 32 323 277 327 197 15 29 308 104 57 163 234 152 246 66 21 320 80 181 164 98 111 310 289 12 51 292 95 267 9 257 318 319 8 252 97 204 76 262 105 170 251 
246 275 319 1 83 236 146 312 26 308 198 124 86 197 173 56 309 283 120 125 256 282 58 190 310 189 69 267 191 4 92 87 216 300 307 157 287 242 261 15 167 154 330 32 260 245 77 168 12 31 241 141 2 114 226 274 329 155 194 193 237 252 217 
247 329 30 300 82 261 193 202 205 43 286 79 42 94 280 186 240 146 68 169 190 196 289 250 317 292 103 165 140 132 52 233 271 324 96 91 171 50 34 215 294 311 331 92 153 177 144 256 226 251 0 180 118 178 211 181 243 200 323 265 139 
248 171 84 172 206 283 208 67 146 144 257 38 53 94 125 310 177 204 74 7 58 62 233 65 200 161 220 228 153 105 179 227 80 157 159 143 297 238 230 173 82 280 277 306 33 98 17 170 327 311 175 123 189 271 64 241 285 202 181 260 243 140 294 18 331 126 27 186 298 97 210 66 
249 16 276 113 50 156 125 331 232 94 309 40 197 68 330 191 10 251 100 92 238 216 273 88 220 178 184 110 71 321 308 228 223 286 72 268 270 60 262 48 234 152 176 332 304 179 95 174 107 207 63 166 69 235 32 324 118 275 185 217 99 117 
250 313 162 257 251 180 174 198 56 255 296 258 152 239 6 168 307 166 266 172 276 224 9 240 7 111 261 40 247 182 32 269 187 277 273 209 104 91 43 67 13 191 184 332 284 214 203 305 103 320 290 288 79 37 5 25 41 254 50 318 19 131 202 241 38 108 294 121 293 309 
251 312 6 75 250 126 160 22 268 56 288 291 249 41 52 240 300 318 280 157 109 309 121 185 301 324 108 61 32 168 51 19 195 178 39 11 189 243 154 310 284 128 120 117 147 133 3 153 247 237 163 111 4 254 74 91 305 43 176 129 103 79 226 245 
252 25 123 206 67 95 0 175 81 140 218 234 143 199 282 24 45 54 315 193 196 20 268 261 78 108 283 69 82 306 21 122 73 277 179 63 138 104 197 232 272 1 99 301 297 209 53 330 91 178 323 207 334 171 225 236 37 245 227 28 246 276 310 8 230 
253 322 119 230 194 300 38 102 122 334 218 52 5 47 97 270 186 187 153 80 243 220 179 125 115 72 264 261 256 323 127 85 242 267 70 147 209 86 67 120 287 150 176 1 170 128 244 285 112 135 92 311 105 225 239 196 317 302 273 332 191 185 169 
254 264 57 213 219 56 231 335 152 206 225 97 282 105 51 0 204 258 4 275 194 96 92 320 259 16 244 270 134 77 84 306 64 199 121 151 13 333 19 75 230 189 33 228 62 318 268 143 21 5 326 99 207 175 220 327 47 201 287 250 251 119 309 2 171 91 106 52 188 276 267 76 182 11 
255 123 228 185 166 125 172 111 250 329 205 93 335 16 136 169 0 144 34 130 190 304 147 189 126 168 6 42 241 324 25 1 281 22 94 69 54 328 145 295 320 79 61 208 175 47 206 293 259 305 299 30 321 315 24 207 333 89 129 211 48 184 197 280 285 72 11 268 
256 7 219 237 166 298 276 277 274 220 60 64 284 75 165 65 113 218 151 246 211 200 0 97 115 208 253 176 160 272 290 317 192 100 45 242 52 14 72 175 315 299 142 286 285 127 80 247 334 94 322 316 318 157 56 271 179 90 325 
257 117 250 204 53 84 39 77 171 9 243 307 63 224 242 181 195 248 44 3 206 281 203 216 86 278 0 212 30 127 93 155 23 211 260 314 330 232 46 67 11 272 293 92 197 51 133 129 111 245 29 132 210 137 21 178 41 119 60 287 177 219 96 159 78 327 182 
258 291 295 234 250 20 56 244 76 71 51 3 97 335 179 145 24 33 332 220 73 92 31 254 317 95 278 299 169 223 42 290 49 103 327 110 310 21 58 210 18 130 264 100 307 39 287 227 225 235 211 325 231 267 222 23 138 296 309 26 50 5 195 183 288 238 146 9 266 
259 330 208 125 269 155 308 99 115 307 318 139 95 328 261 77 40 146 98 214 302 116 36 130 331 12 272 254 202 23 112 191 299 58 137 161 285 171 65 43 79 187 260 47 25 64 206 118 182 255 160 178 15 52 193 30 124 18 27 86 295 
260 332 39 277 210 159 109 275 268 264 117 180 160 34 29 170 300 84 165 200 51 274 298 232 27 223 145 293 245 24 70 224 158 50 231 227 192 310 137 323 271 228 234 242 208 88 334 317 211 283 98 103 257 226 259 1 246 205 269 315 133 36 40 237 54 14 309 229 221 331 59 243 248 5 157 63 225 83 121 235 13 108 177 2 91 64 
261 315 43 74 21 208 329 50 309 247 99 289 8 268 7 92 313 285 333 245 34 242 259 250 270 237 131 2 253 252 280 218 137 221 32 241 301 146 179 33 246 235 275 211 203 335 310 162 192 327 49 184 276 153 61 209 13 190 269 83 4 39 58 69 56 321 304 331 17 68 41 82 227 229 
262 78 162 131 225 62 334 96 123 193 168 85 124 317 16 135 57 133 147 227 315 156 11 158 277 113 268 50 3 312 18 282 206 215 314 249 152 7 71 44 159 269 214 53 153 183 311 295 54 104 138 90 89 304 322 319 1 313 145 318 245 240 179 
263 156 67 62 302 185 54 135 295 191 237 234 47 323 133 199 124 303 113 31 244 22 178 158 126 63 5 34 40 8 274 64 10 292 76 101 198 279 73 96 114 41 208 3 36 70 150 216 307 304 333 312 202 44 87 49 236 137 277 157 192 131 271 95 155 240 
264 254 92 163 67 115 195 266 230 97 260 13 73 216 242 24 302 253 157 293 8 140 95 272 99 96 19 138 10 156 132 78 258 219 290 119 276 87 300 222 149 201 166 121 323 180 265 6 154 70 297 141 91 76 120 308 142 46 
265 177 271 77 240 39 286 303 102 325 194 267 283 198 232 97 1 140 90 295 52 317 328 229 36 276 16 42 326 187 165 81 123 57 98 69 311 108 157 238 106 66 162 25 111 318 285 313 332 8 27 264 310 279 300 61 131 247 284 196 20 26 104 174 
266 158 71 39 38 174 184 32 264 245 145 269 44 41 299 250 290 169 148 59 329 128 125 319 193 97 222 106 6 183 121 76 138 142 244 276 310 135 28 14 201 178 102 47 195 93 34 26 186 311 95 54 258 271 272 
267 102 146 271 68 89 175 219 188 243 240 135 95 144 26 265 238 8 58 93 200 138 207 45 246 70 306 253 217 157 201 332 1 299 60 276 279 75 227 59 101 179 91 172 297 87 258 245 270 141 29 15 18 191 113 208 310 152 156 210 254 232 285 162 21 
268 59 185 88 100 13 260 293 145 4 251 261 8 219 71 314 231 162 179 165 70 252 171 21 196 262 98 111 333 187 182 249 81 38 331 276 90 277 45 167 223 254 328 290 294 271 220 326 205 334 238 80 160 215 23 68 3 26 319 50 227 69 181 255 
269 217 17 213 259 97 21 62 196 127 89 34 266 284 63 184 76 47 172 12 315 326 4 49 250 121 299 220 201 182 321 142 320 77 0 87 33 7 82 9 240 282 13 111 260 285 223 262 261 103 312 124 23 181 327 138 199 41 302 59 333 294 
270 58 55 293 112 26 71 150 152 276 7 298 233 239 103 163 158 324 216 63 253 177 318 212 77 261 313 73 93 281 172 37 288 254 1 49 144 56 249 196 287 240 80 135 138 323 267 162 47 227 4 235 134 139 197 286 124 2 81 21 179 187 
271 44 237 267 39 265 223 288 314 185 168 24 68 129 183 242 40 66 82 181 147 300 11 75 275 240 225 69 260 322 247 272 159 89 165 214 241 133 279 137 15 106 248 177 197 268 277 315 94 226 33 282 289 329 3 132 32 256 319 192 263 162 56 266 
272 170 277 163 183 84 220 8 160 114 194 224 36 155 324 186 176 203 80 175 286 278 304 174 309 0 256 69 308 182 259 264 332 51 108 162 223 271 230 83 146 236 173 177 252 206 39 188 201 276 257 279 107 295 141 56 291 33 179 133 112 136 316 10 59 187 35 18 287 96 172 266 
273 213 291 2 62 0 157 21 36 321 43 164 80 147 114 18 299 35 163 300 87 64 66 249 46 71 37 150 123 60 334 70 19 221 250 99 306 204 115 137 69 17 96 242 82 288 240 183 234 335 142 169 293 84 143 40 20 285 101 327 68 126 253 135 173 190 200 315 
274 243 209 53 21 221 120 307 281 198 256 84 207 319 333 30 139 260 71 96 101 54 147 263 38 77 213 80 156 176 172 151 72 286 298 332 94 73 229 210 322 128 317 87 171 290 162 195 324 313 15 157 246 282 109 104 219 242 
275 246 287 133 214 237 88 4 260 334 28 26 243 122 197 40 209 309 218 306 293 19 104 146 151 271 244 127 204 254 297 148 22 106 234 14 178 208 13 314 102 80 141 74 140 261 30 196 82 139 50 325 45 224 219 163 335 37 116 130 134 304 215 29 199 11 298 157 42 220 286 249 59 284 277 67 20 97 
276 159 318 32 249 106 111 163 244 256 270 317 26 294 135 67 155 157 312 232 243 250 183 10 174 150 225 302 30 4 19 84 51 80 283 101 286 199 66 90 231 142 110 222 265 42 5 218 1 62 239 126 221 267 40 264 268 266 314 22 272 89 36 134 140 297 46 261 45 107 117 86 284 226 87 68 311 17 306 235 44 171 254 252 
277 13 243 40 260 272 239 50 157 22 1 112 76 314 256 120 147 167 123 285 206 148 60 21 116 177 98 327 250 104 262 310 150 252 186 182 180 245 35 318 32 131 233 248 39 284 323 229 268 220 31 271 193 197 201 97 294 10 198 169 171 263 296 105 56 202 48 170 275 80 85 139 
278 20 218 313 141 41 67 139 211 301 62 243 85 34 333 46 130 272 45 314 135 258 212 154 142 180 199 257 22 75 136 25 19 208 176 97 32 291 237 177 17 235 4 81 297 175 109 146 220 317 240 24 189 200 120 173 239 
279 37 59 11 12 83 189 157 166 17 205 287 314 120 241 34 223 117 214 236 316 218 263 124 283 6 147 85 19 90 267 280 271 91 7 10 272 208 99 35 333 162 195 292 233 265 173 330 177 73 210 237 303 64 74 327 284 286 78 123 21 
280 8 153 119 98 243 247 145 320 202 33 172 89 154 329 34 251 11 38 261 316 306 285 36 32 112 65 205 50 151 226 211 99 144 279 217 248 171 41 281 147 204 167 168 298 179 177 9 14 31 201 127 174 236 129 324 122 189 255 149 24 150 15 180 331 303 
281 233 129 160 175 274 228 78 182 3 109 61 8 32 319 183 37 285 43 23 211 180 257 270 96 238 255 18 309 55 35 9 204 68 326 15 22 185 209 81 72 5 154 124 244 135 221 102 280 162 14 289 293 137 2 159 166 295 303 310 141 98 82 168 243 188 217 313 74 
282 2 317 96 218 120 36 164 57 252 158 254 46 41 119 106 180 48 192 63 246 89 193 110 297 319 228 322 129 262 29 186 229 200 269 313 113 77 118 329 78 204 60 127 12 199 271 274 31 326 242 27 283 134 334 17 100 
283 182 9 248 138 306 216 159 211 50 184 243 246 120 213 201 292 45 76 100 284 265 97 186 162 36 103 22 252 179 276 303 57 315 0 192 279 260 200 148 312 134 17 73 32 161 55 219 239 115 95 6 197 1 287 175 233 125 181 327 34 101 228 330 48 282 322 198 40 151 
284 174 81 198 183 228 139 191 269 132 256 217 40 317 331 205 204 283 84 226 298 160 69 16 141 242 144 9 136 195 324 173 305 179 95 100 288 237 250 15 227 277 6 230 0 251 88 17 241 70 233 333 31 156 221 289 291 276 23 315 27 54 80 309 225 104 2 334 169 265 67 275 120 117 279 94 316 
285 120 37 92 192 189 21 165 277 229 47 261 281 34 87 55 113 132 234 72 239 230 106 186 17 96 79 312 288 86 12 74 236 280 99 225 214 84 104 13 85 259 30 304 334 75 56 6 176 297 253 1 256 244 16 269 311 201 116 265 153 138 331 235 248 147 273 173 95 22 19 180 255 70 267 162 24 309 
286 118 84 288 55 56 139 110 29 165 265 113 61 46 65 140 247 203 295 12 239 81 155 133 272 144 111 178 49 191 129 194 24 149 108 308 214 276 323 78 217 302 168 82 93 199 298 274 64 249 219 68 310 13 154 256 85 16 41 213 220 153 51 197 79 270 333 100 275 152 279 160 
287 214 58 97 275 219 83 18 59 91 38 25 230 19 79 2 234 16 132 279 26 64 312 123 319 148 86 146 186 87 114 51 237 323 173 298 227 73 311 306 189 253 192 126 246 113 89 144 24 258 121 270 133 125 80 94 88 294 130 283 131 194 231 254 82 220 100 65 257 217 272 43 
288 66 128 335 175 311 121 286 35 271 226 216 179 184 13 325 251 320 23 309 148 191 124 231 90 321 197 217 129 50 285 238 225 80 108 149 270 43 132 209 327 159 220 284 12 273 37 16 315 314 192 125 5 227 250 9 44 232 323 158 190 332 239 84 258 306 208 214 
289 46 82 143 133 108 301 165 124 66 261 13 184 316 194 202 69 247 294 320 156 68 192 189 106 322 45 220 86 137 333 35 91 3 1 217 141 299 334 182 201 210 245 64 160 305 281 284 97 179 58 293 105 16 109 95 271 199 164 308 147 98 101 40 238 59 152 61 190 323 94 4 122 
290 124 187 219 140 188 132 210 183 166 266 1 159 77 181 319 156 74 34 231 256 41 47 103 258 65 331 78 109 69 189 196 264 321 50 250 185 32 268 274 308 190 162 154 229 94 68 169 311 75 211 126 83 160 291 66 292 145 317 98 161 87 100 168 
291 193 331 231 273 258 307 330 63 17 172 2 154 65 251 218 228 147 298 320 21 306 48 198 89 202 19 46 182 316 126 95 242 211 62 186 71 100 209 195 240 278 140 188 104 92 137 41 7 0 206 272 9 107 144 99 284 32 157 135 230 229 11 304 296 52 290 98 180 208 14 200 171 
292 335 23 84 193 333 316 299 53 52 283 18 121 113 247 47 14 93 77 114 73 243 151 170 263 159 198 25 107 111 148 189 131 97 220 0 142 91 42 72 312 35 165 245 144 310 279 318 234 217 222 319 149 290 152 87 68 
293 332 270 185 162 13 241 91 268 141 0 115 327 235 229 103 189 38 326 217 335 275 7 125 260 195 83 57 10 167 264 322 243 112 95 72 295 55 159 123 119 323 56 168 26 302 200 321 16 146 257 18 122 199 306 222 255 312 226 329 215 114 281 230 273 289 104 208 53 90 209 294 198 239 46 6 116 317 297 320 250 
294 236 85 173 151 97 75 171 331 133 276 113 209 198 172 221 84 184 146 44 108 187 124 68 166 177 111 289 91 132 197 155 98 41 114 20 47 109 148 335 79 247 14 162 225 180 214 334 103 153 8 89 287 268 159 277 238 222 102 61 248 186 293 58 191 228 250 269 183 118 
295 258 188 223 263 209 175 286 318 65 311 179 11 265 88 216 225 119 60 293 25 2 206 192 31 46 201 50 298 34 255 1 244 136 76 214 187 115 272 227 58 52 117 194 198 302 86 185 304 281 169 191 262 110 220 334 70 333 305 15 259 80 241 
296 2 323 54 321 78 250 200 220 84 332 169 145 0 333 140 34 51 331 297 223 193 137 166 171 124 244 170 75 16 127 128 151 47 164 330 235 129 146 8 11 325 35 117 208 58 155 9 83 88 87 324 201 165 221 243 240 104 195 121 135 277 309 258 291 81 242 134 12 21 211 173 
297 299 133 184 46 324 227 127 40 100 141 24 148 177 29 161 193 130 241 220 296 217 11 275 176 222 185 21 143 0 282 139 144 201 202 234 109 41 78 306 248 1 49 285 89 87 319 91 301 276 76 214 252 278 33 267 197 167 97 155 225 264 160 71 131 156 3 85 93 313 172 320 293 
298 138 239 51 40 256 94 212 132 270 179 140 64 191 241 327 309 291 73 260 28 284 121 82 157 200 333 77 142 287 177 136 286 274 295 9 67 335 332 308 23 299 112 144 214 196 120 306 280 45 311 48 76 188 275 109 160 70 326 248 206 
299 297 333 91 81 186 132 334 89 141 133 292 173 266 273 51 110 83 208 62 82 195 15 306 319 269 229 156 258 76 159 316 106 202 165 259 267 56 2 256 61 75 307 289 242 137 211 166 170 255 160 298 191 201 60 33 151 128 329 119 25 328 5 34 179 189 
300 200 331 207 140 253 247 233 184 260 232 271 7 79 273 251 146 180 48 44 192 169 243 320 115 126 209 328 241 198 53 327 154 246 56 101 64 309 88 13 12 329 5 212 9 49 318 123 226 220 264 17 205 11 147 316 25 4 23 265 119 171 159 190 
301 63 194 289 88 307 323 312 157 148 23 55 54 316 278 41 35 311 314 9 22 332 15 71 164 21 237 335 327 39 320 134 236 251 223 40 261 238 209 231 44 188 210 80 99 95 17 252 297 174 195 239 119 187 62 50 318 121 105 328 5 6 84 217 2 81 120 107 
302 306 53 87 74 68 263 123 231 243 324 35 136 217 124 141 188 117 264 93 197 156 259 276 153 213 13 325 154 57 158 88 143 304 222 105 328 5 286 212 28 322 137 229 94 91 293 240 200 326 224 204 186 104 9 295 54 121 253 26 312 316 269 199 44 
303 111 176 156 126 219 232 241 238 114 66 265 149 263 236 191 242 121 92 9 283 181 32 305 239 87 323 97 6 53 98 195 30 160 19 188 44 169 88 281 21 215 89 214 163 226 279 4 205 42 208 74 148 280 
304 19 127 243 307 142 88 69 14 63 60 135 86 95 156 29 167 189 25 255 51 50 110 112 245 244 272 170 13 48 6 302 164 238 192 212 53 172 1 54 285 217 332 119 204 196 64 171 116 78 263 249 84 145 184 114 129 295 126 261 220 20 275 291 194 262 109 72 144 16 330 136 
305 103 16 34 182 120 29 83 74 315 75 146 157 173 192 80 57 91 284 96 303 71 99 12 85 328 133 250 84 59 176 126 89 111 178 15 93 255 61 327 289 228 139 26 239 52 251 312 112 135 7 128 321 295 236 22 188 229 191 
306 111 317 38 28 302 307 184 316 334 170 283 90 35 150 57 74 12 321 275 204 18 291 15 178 117 165 299 167 192 280 267 252 185 59 287 273 239 297 254 91 100 248 145 2 125 99 52 293 325 310 37 313 11 298 176 83 276 36 180 60 237 174 168 235 8 183 110 288 27 
307 304 118 306 120 274 301 291 24 33 257 156 104 259 250 318 178 109 65 74 183 191 117 70 44 163 224 71 138 78 126 68 189 219 246 320 119 123 102 147 30 106 31 29 190 258 112 114 185 299 137 210 66 263 37 81 236 188 27 211 321 26 232 50 94 38 34 197 
308 175 151 1 259 246 159 232 195 199 29 241 146 24 51 68 13 127 139 115 183 286 198 272 99 207 48 226 79 77 215 158 249 325 155 321 245 184 98 208 223 196 298 144 9 74 131 227 290 135 106 32 173 142 117 289 132 95 15 39 264 81 319 324 180 62 119 
309 169 48 89 181 119 79 261 108 9 85 139 238 249 246 37 99 51 275 298 17 288 138 26 52 83 232 57 231 272 115 251 218 209 40 2 94 8 125 230 281 233 76 327 46 190 300 196 96 140 240 197 198 38 333 210 116 214 260 284 185 47 296 21 217 254 258 118 74 250 285 
310 25 199 44 51 64 330 36 30 52 10 68 5 160 118 226 111 154 212 147 12 100 69 173 248 35 208 125 246 260 156 65 234 99 134 164 41 136 277 170 241 258 47 329 206 81 313 261 286 251 266 92 46 95 316 245 306 27 292 183 265 281 98 267 57 148 218 22 322 252 333 110 317 209 144 
311 65 288 92 194 28 75 214 225 139 322 66 301 207 129 221 130 295 231 239 94 332 234 13 185 335 218 88 77 126 34 287 321 247 265 22 106 152 174 248 285 168 79 327 191 253 320 244 228 243 298 262 164 175 276 290 197 148 32 326 83 266 43 2 123 325 
312 251 44 222 151 37 246 301 35 109 11 330 21 314 276 75 101 329 59 82 4 287 168 96 123 66 18 285 191 77 130 134 119 219 98 262 283 196 232 332 51 243 136 211 87 198 149 293 192 244 292 170 263 111 269 209 189 50 99 126 160 214 97 190 305 118 94 302 143 67 236 71 72 205 
313 250 7 132 278 228 106 0 129 155 216 168 261 233 115 314 44 180 175 52 270 319 235 221 323 131 61 112 150 212 327 130 26 223 98 310 170 83 142 317 218 145 282 34 107 234 28 265 274 306 331 239 333 176 137 90 60 160 240 335 32 151 104 262 297 281 322 220 224 
314 159 32 74 234 14 209 137 271 184 80 277 333 81 84 151 111 312 268 110 313 301 279 72 197 143 205 278 107 67 170 105 207 275 165 47 332 257 262 288 276 240 141 163 83 69 21 195 174 106 125 126 215 91 46 175 90 178 182 
315 181 261 163 24 0 25 112 187 39 20 161 182 176 71 162 188 31 269 262 37 305 252 28 111 335 236 101 69 46 324 201 84 331 283 316 205 193 1 32 15 256 288 106 322 235 320 226 77 127 260 6 51 323 94 218 271 92 284 255 7 13 38 49 153 139 29 78 204 35 119 273 68 
316 185 149 306 164 292 301 289 2 174 55 329 163 34 31 193 89 44 194 219 279 291 63 280 102 299 147 315 143 183 171 62 15 91 14 83 319 330 69 242 85 155 310 196 240 6 300 272 326 1 256 104 167 302 19 41 108 50 67 47 157 284 
317 282 134 306 0 276 86 262 117 284 137 130 33 210 247 241 65 84 258 12 108 265 256 8 260 70 332 116 236 169 88 120 32 326 171 160 192 100 313 15 227 11 232 274 89 77 27 22 13 95 140 133 1 253 42 278 156 175 230 85 30 141 158 229 47 139 161 290 131 152 217 25 310 293 
318 47 276 241 27 188 142 97 178 259 307 24 113 153 295 327 56 193 270 251 80 243 21 79 219 119 136 141 70 63 234 202 211 38 39 277 6 321 204 300 9 166 162 83 254 36 143 52 12 31 229 265 197 169 237 159 292 135 158 176 209 107 91 250 301 256 245 48 160 45 120 330 235 262 198 49 
319 149 213 246 30 96 100 36 93 331 66 211 58 50 325 188 52 183 281 274 153 220 24 27 190 313 290 173 169 287 266 55 299 33 76 98 234 282 57 141 181 182 1 148 124 165 91 297 316 16 178 219 140 137 110 67 119 185 79 245 268 83 112 292 152 271 262 6 99 56 308 146 
320 328 165 28 122 64 280 73 288 205 7 291 65 26 69 220 210 332 300 178 50 53 301 254 289 70 189 166 208 126 110 269 307 226 134 57 229 59 255 54 169 191 3 315 250 321 114 245 243 322 311 231 95 207 89 51 118 197 9 8 297 293 212 146 106 
321 164 198 204 296 143 233 191 273 114 16 202 56 21 57 333 306 185 68 63 118 228 103 97 107 288 200 169 242 190 183 48 109 269 50 58 238 249 133 220 311 328 308 318 290 194 293 31 320 189 90 54 161 83 69 255 91 92 153 211 261 131 74 307 106 126 184 305 
322 253 199 112 311 95 45 221 11 50 106 217 99 205 293 238 271 282 211 120 234 74 289 331 302 162 215 129 315 77 207 174 274 117 320 329 256 175 244 172 135 197 33 216 283 49 262 180 59 213 310 130 68 79 137 134 313 
323 50 296 12 70 178 211 147 43 84 219 301 89 113 197 157 45 216 164 35 263 47 230 150 145 313 48 64 329 253 260 3 186 286 287 28 137 172 245 293 69 327 173 303 76 90 277 192 138 331 198 75 315 222 68 86 264 270 252 93 288 136 129 247 32 142 203 5 289 
324 93 103 233 172 232 330 297 133 6 171 119 270 302 142 334 272 138 219 41 201 60 315 255 190 193 101 284 34 175 42 247 57 251 221 105 95 158 17 37 112 296 274 210 335 53 139 177 234 79 249 197 280 109 118 77 308 203 229 168 
325 159 54 206 64 120 156 214 223 1 112 77 319 288 186 265 208 228 233 109 61 302 165 51 169 245 148 102 57 196 173 139 126 308 95 122 296 13 5 239 184 137 59 0 240 144 158 34 275 87 80 90 306 91 258 123 2 149 203 117 11 213 207 235 193 19 94 6 103 256 209 12 311 
326 32 128 240 34 334 244 16 80 103 159 293 107 168 87 76 269 182 27 126 171 71 46 243 236 202 160 26 265 28 209 281 317 18 302 53 108 90 50 94 254 158 201 60 268 136 316 282 233 311 298 156 
327 228 98 152 237 67 134 175 167 143 293 135 11 41 13 148 298 141 130 318 119 210 103 51 301 277 233 38 61 300 231 241 309 288 258 313 245 329 242 323 82 261 220 248 35 121 85 311 161 305 254 332 283 124 125 109 269 97 136 144 273 127 279 213 257 55 
328 90 237 132 43 320 209 131 190 108 11 189 191 207 80 259 61 74 161 97 148 177 20 45 139 41 211 144 113 265 300 124 23 160 60 168 76 302 135 156 84 199 321 255 33 332 182 305 95 12 268 70 31 159 216 117 329 68 301 299 173 
329 247 219 204 261 116 205 34 100 255 81 168 75 181 20 87 105 225 312 316 111 266 280 226 45 222 184 106 323 18 236 201 130 7 58 172 327 242 310 300 180 141 142 208 93 82 330 282 178 53 293 322 33 238 119 246 76 328 122 271 42 161 16 299 179 244 117 40 231 237 
330 259 4 324 61 139 75 291 310 203 28 183 87 205 312 31 249 12 199 40 140 180 138 3 92 79 212 99 206 167 173 210 191 146 54 200 174 296 224 226 70 118 86 232 240 257 123 45 246 16 316 162 236 329 5 252 141 137 55 53 241 279 121 34 283 80 7 46 318 217 2 304 171 
331 291 300 121 72 141 193 249 294 319 103 148 2 134 173 82 284 50 4 17 332 41 185 296 242 63 61 46 27 243 259 137 93 315 206 160 52 290 182 322 101 76 247 11 268 133 323 75 54 105 167 125 113 285 313 197 33 161 260 217 116 261 88 60 120 80 244 0 25 136 171 248 280 223 
332 237 63 260 60 293 134 75 16 218 296 145 163 202 123 211 172 216 195 131 183 22 128 81 144 171 217 258 90 301 331 311 208 124 95 320 79 112 122 191 41 272 317 49 219 267 142 314 328 304 312 250 274 242 8 234 29 34 298 108 249 265 7 327 167 89 288 52 118 58 132 32 4 173 253 
333 213 299 242 112 216 314 22 292 86 165 58 321 211 23 118 6 274 261 84 296 85 158 278 185 124 60 50 55 298 121 79 53 156 115 2 110 19 33 48 268 334 137 129 289 54 224 254 209 309 284 263 279 47 187 51 313 255 27 168 286 105 189 89 295 107 269 223 146 20 99 24 310 0 177 
334 143 109 83 262 22 81 253 92 275 169 306 101 299 326 191 205 108 324 127 31 43 24 151 203 220 182 273 46 41 225 168 207 260 36 333 211 285 199 10 71 67 294 289 27 161 5 35 256 128 126 156 68 170 93 72 252 218 268 295 284 99 130 282 124 20 235 
335 292 288 66 153 81 54 254 255 170 39 125 205 258 5 293 83 147 315 187 217 111 204 22 301 311 19 127 87 61 92 102 44 59 71 172 294 107 120 261 86 105 298 15 161 198 49 202 224 56 154 118 324 273 9 275 230 82 180 244 26 159 16 33 64 313 140 237 40 101 38 94 
