0 307 124 160 235 206 23 178 193 14 13 237 229 159 161 293 216 63 330 163 64 283 20 92 34 41 181 
1 268 183 229 168 275 89 20 124 226 128 241 200 142 277 91 71 108 315 196 143 63 6 187 156 154 56 134 40 247 251 150 164 220 54 45 189 246 155 97 
2 181 156 123 317 290 37 23 209 222 147 59 66 135 16 42 298 276 58 96 130 142 161 216 173 283 196 22 119 49 330 240 303 315 299 247 230 320 
3 141 189 339 54 37 32 94 165 190 289 175 210 308 298 161 77 328 271 179 90 97 103 204 114 320 324 251 192 146 8 26 135 250 280 315 
4 263 268 314 116 183 61 223 25 123 125 107 224 262 251 58 266 300 287 113 128 21 66 210 15 166 319 199 238 50 111 333 184 295 290 
5 133 234 177 232 37 336 28 324 331 271 137 222 309 138 25 317 67 212 31 38 239 141 163 96 322 210 184 42 106 203 18 166 326 191 186 66 44 
6 181 211 140 300 263 317 46 193 189 200 268 32 150 281 293 185 219 261 226 292 305 39 201 1 272 130 214 259 294 80 295 204 59 331 285 333 
7 158 82 326 135 209 107 164 270 310 50 300 168 35 105 254 222 167 10 65 241 17 131 339 233 190 
8 194 36 101 318 312 284 276 66 186 316 196 26 147 143 116 263 273 105 223 141 216 245 184 63 333 87 3 76 
9 161 167 20 110 278 48 53 320 28 77 147 322 101 151 283 221 119 321 262 326 100 79 247 156 214 260 287 317 
10 296 332 229 49 196 249 113 293 279 128 166 165 82 21 136 62 7 208 263 281 225 75 242 39 234 205 125 328 260 311 206 168 
11 12 106 90 141 238 125 272 328 260 55 108 88 189 310 64 327 159 304 239 155 232 330 160 246 43 205 229 37 29 226 273 126 
12 248 11 254 18 132 126 155 61 203 86 87 202 99 36 76 280 189 207 177 277 125 308 233 146 88 32 43 236 14 160 275 326 273 148 104 119 238 182 
13 49 203 39 187 0 128 57 132 18 174 23 69 19 20 75 77 26 291 28 
14 120 244 80 158 50 0 41 88 209 236 157 167 232 181 228 33 205 29 276 117 198 252 143 12 234 299 270 192 116 313 121 129 211 107 282 286 324 306 141 81 144 285 
15 46 225 171 49 124 291 196 133 151 294 40 227 308 70 165 101 186 71 298 335 302 150 321 39 329 224 215 233 126 4 167 27 234 175 115 99 98 25 69 45 30 
16 304 329 62 63 307 223 337 262 293 2 27 149 107 190 197 232 302 139 298 183 283 68 176 83 58 28 93 186 52 49 254 198 291 313 225 
17 67 112 309 212 95 332 315 284 18 296 283 261 155 26 259 223 274 143 134 130 7 241 161 120 244 38 148 108 114 72 325 158 234 
18 12 267 243 274 53 285 261 300 112 298 193 19 108 258 17 327 309 132 223 280 252 171 205 13 63 290 339 192 75 68 260 248 114 222 226 5 
19 254 103 252 319 327 136 257 18 64 71 274 77 236 102 232 47 54 247 68 220 13 70 163 108 289 189 152 22 61 31 55 69 185 275 239 
20 182 62 9 140 1 310 185 238 315 135 157 242 329 300 149 27 187 70 99 299 100 294 186 232 171 13 95 173 214 330 0 199 215 296 312 
21 250 25 70 134 274 176 214 39 115 179 241 299 313 10 184 53 122 4 328 138 311 154 232 254 333 247 42 319 327 212 160 49 105 55 54 
22 253 219 89 85 138 270 43 180 223 291 313 207 202 132 113 100 213 188 325 2 98 78 286 262 94 72 19 308 329 41 55 51 216 182 
23 146 174 169 259 33 0 132 277 284 2 187 209 144 244 289 68 326 168 13 106 248 74 213 105 150 135 141 147 28 204 91 162 243 252 208 
24 252 238 69 232 134 304 175 300 205 296 302 291 209 229 128 269 328 225 320 186 301 171 76 100 249 220 36 
25 89 21 308 124 313 239 203 4 28 217 218 260 259 44 301 243 103 5 42 263 67 336 238 266 128 39 92 119 229 306 15 90 160 53 
26 83 121 291 175 65 67 86 75 142 71 285 8 101 130 133 17 273 54 209 99 192 325 260 152 96 228 3 13 
27 83 36 332 318 175 197 49 128 40 16 220 232 209 226 99 20 45 278 319 136 58 70 77 15 228 100 133 237 217 309 
28 300 227 328 224 88 146 5 25 9 259 82 104 161 117 107 35 338 308 178 275 277 215 293 279 148 236 16 264 172 31 320 157 23 174 66 333 13 278 168 
29 179 204 296 74 98 134 96 129 287 14 149 233 147 95 208 81 148 213 217 298 304 51 281 205 85 197 315 50 11 57 45 43 
30 53 177 120 316 228 134 332 97 187 297 46 320 268 197 282 219 33 237 198 65 200 126 84 116 339 80 315 171 319 154 129 76 43 303 15 77 
31 64 192 331 51 255 245 166 69 89 139 262 308 190 226 217 272 242 201 150 63 99 149 218 337 299 283 193 5 269 157 68 114 28 129 19 57 102 66 83 231 46 326 
32 197 3 90 142 92 217 6 236 134 266 77 262 148 110 33 143 125 55 185 206 12 74 158 260 144 247 112 60 138 79 47 145 54 310 
33 171 123 69 56 112 319 23 230 76 244 261 83 220 176 32 14 99 185 288 35 30 70 151 211 305 336 116 326 225 304 
34 92 55 104 311 37 157 293 78 194 46 229 162 111 61 75 68 305 198 62 319 225 146 56 95 282 274 243 290 73 251 137 0 174 329 190 99 195 312 63 164 107 
35 50 329 327 286 147 114 139 206 257 107 159 164 28 7 119 33 236 144 248 166 193 266 307 331 270 181 192 335 230 304 152 71 278 
36 144 8 66 141 214 195 99 174 271 27 264 78 41 280 12 208 314 101 97 142 306 282 60 202 281 76 309 46 272 249 294 330 24 
37 43 93 57 34 3 106 83 5 59 2 72 50 262 187 265 287 179 334 164 62 75 237 257 276 119 113 236 147 273 316 11 251 55 
38 56 179 112 264 143 124 53 213 157 105 301 289 215 222 178 97 152 298 42 164 158 5 84 169 96 173 300 330 132 155 17 299 117 314 
39 236 144 88 124 13 49 326 223 147 21 224 81 214 226 207 192 127 200 304 324 6 15 177 221 296 160 121 79 167 42 278 10 103 174 191 25 228 204 333 178 140 
40 295 188 94 150 70 48 15 99 27 155 325 92 278 222 231 194 153 42 197 146 52 240 1 119 167 329 171 191 43 72 55 126 
41 117 58 88 14 36 246 118 70 334 120 292 150 73 210 281 54 109 183 131 297 94 77 278 113 205 317 97 201 177 67 169 193 0 22 142 323 314 122 328 152 129 269 161 230 
42 136 70 306 274 252 2 99 254 72 54 67 38 25 39 73 40 49 239 327 269 281 116 290 213 160 5 21 140 295 240 201 244 267 106 
43 37 226 230 22 212 311 58 83 118 300 293 337 185 260 319 135 282 190 12 335 161 281 178 111 213 104 112 62 11 302 40 219 249 30 29 325 
44 99 82 114 298 81 183 274 203 264 105 165 217 200 134 64 189 290 25 117 175 120 194 85 72 205 59 53 151 103 288 5 
45 268 69 260 286 203 147 304 141 48 60 154 184 257 143 262 27 126 132 52 327 206 339 283 49 1 291 196 316 188 321 59 15 267 266 29 
46 200 260 15 281 6 243 116 261 154 125 338 60 34 229 30 94 81 149 237 190 191 249 127 134 215 118 99 75 122 319 130 269 213 310 302 36 67 31 
47 207 106 101 217 134 288 133 82 69 86 54 303 220 115 203 214 129 19 268 121 221 215 219 150 142 266 170 239 193 32 96 187 270 188 138 157 
48 82 105 9 109 100 188 40 45 275 120 195 103 283 66 242 298 193 286 192 126 255 273 297 68 75 95 325 
49 172 98 13 248 39 15 10 315 52 319 213 177 335 27 156 306 193 163 140 225 134 111 99 300 291 85 42 84 171 2 289 16 45 162 73 165 188 160 266 21 91 115 181 227 
50 140 35 252 80 273 339 14 99 37 250 123 316 114 52 7 136 285 244 172 161 236 180 233 155 305 100 29 4 139 135 79 
51 114 31 204 169 323 64 104 296 171 68 150 144 126 191 179 278 147 87 302 72 250 209 329 316 56 74 29 55 277 146 287 275 94 317 22 208 233 
52 174 159 330 227 72 181 336 49 328 290 50 142 265 168 105 193 45 158 241 220 40 16 199 71 293 327 228 201 278 170 162 
53 30 82 18 9 180 170 97 38 223 291 198 129 91 196 126 275 150 109 172 21 107 99 86 93 44 56 125 157 25 
54 3 94 171 262 118 238 65 47 312 257 281 332 197 320 68 42 41 199 26 19 288 212 336 300 316 126 319 1 338 253 175 214 211 75 32 21 
55 34 112 57 179 259 284 98 275 79 224 11 291 32 149 194 327 191 325 262 161 51 310 207 279 19 22 165 106 326 37 40 21 
56 38 289 33 151 323 85 223 279 187 301 230 319 67 267 34 161 51 131 1 195 191 251 280 53 310 311 299 86 324 82 
57 123 277 37 74 316 239 55 96 244 280 150 106 308 183 231 13 233 75 178 252 327 60 287 64 84 31 267 88 126 79 29 298 105 333 
58 136 146 230 184 112 41 226 43 274 278 111 4 227 191 166 98 267 308 292 2 287 92 87 97 165 270 122 16 132 27 187 63 90 238 
59 273 254 276 275 37 280 186 64 301 332 316 94 2 260 238 199 335 146 168 122 179 96 86 127 6 44 63 80 292 45 182 
60 216 293 298 284 209 76 240 128 232 170 46 229 62 45 287 332 178 131 121 57 279 36 339 213 32 321 328 245 107 
61 77 301 236 98 125 4 167 12 308 135 328 162 255 130 292 154 34 247 271 168 176 89 311 97 63 19 298 206 329 276 146 336 67 262 205 70 324 332 
62 20 188 72 207 251 16 156 286 146 70 247 60 37 10 282 327 242 34 298 92 218 248 43 208 228 292 69 
63 235 130 92 325 165 16 261 139 125 293 329 140 316 31 67 0 273 1 309 240 70 150 18 112 188 219 254 58 61 59 65 8 267 245 218 169 138 260 34 320 
64 31 332 329 214 59 51 136 19 245 138 44 222 239 173 181 280 11 118 231 242 232 57 0 272 192 282 153 148 158 171 216 77 317 115 104 331 
65 152 235 265 303 250 229 272 26 101 251 291 54 133 253 337 278 184 214 237 252 267 148 85 7 30 306 188 221 167 185 323 63 93 125 136 277 91 189 
66 36 249 318 160 283 86 105 8 2 285 240 83 239 147 162 92 232 255 48 4 319 139 100 137 248 28 314 31 286 5 
67 17 96 217 119 296 181 26 330 313 263 142 74 129 326 266 252 302 63 108 42 268 56 184 258 238 5 25 310 123 320 333 41 214 239 192 196 172 122 272 175 46 165 61 150 193 133 
68 234 166 71 98 99 133 148 302 209 286 192 51 107 54 23 298 34 311 16 95 244 19 308 162 246 31 18 106 219 131 48 184 233 78 170 
69 33 45 31 197 110 24 294 136 173 181 318 160 47 278 328 163 269 257 251 127 242 13 145 327 206 224 82 95 19 15 62 
70 21 319 292 193 244 315 226 230 40 42 299 277 41 15 62 211 296 250 20 148 63 33 19 133 330 123 86 27 260 128 156 115 168 131 137 89 237 300 61 
71 186 304 275 68 284 26 160 19 15 334 1 295 131 73 125 219 225 146 263 269 288 152 291 321 333 323 242 52 103 322 35 92 254 127 84 237 
72 62 219 240 218 266 52 37 246 310 204 155 171 252 188 334 245 42 123 253 73 146 271 260 222 51 257 229 22 81 110 322 44 273 91 297 211 95 99 215 17 139 40 77 281 316 203 207 279 
73 150 107 198 218 335 94 285 195 168 265 96 171 172 41 325 119 300 118 316 167 71 72 284 42 301 333 212 34 108 262 324 49 120 255 
74 135 57 151 230 234 150 275 29 193 67 195 196 329 210 125 300 241 333 32 144 23 171 115 190 270 197 85 148 105 51 142 236 75 123 98 131 130 
75 93 312 175 298 308 26 257 244 144 57 34 201 37 118 10 103 18 267 310 107 46 13 74 77 121 337 301 48 54 321 
76 159 296 290 316 33 60 295 170 12 279 146 339 188 199 333 217 249 264 83 36 141 96 119 212 8 24 30 108 234 
77 61 248 220 152 157 243 233 323 228 322 32 296 9 267 316 19 111 307 3 158 41 328 276 190 27 13 75 259 193 64 324 221 185 72 308 30 
78 181 337 261 87 199 36 258 89 34 219 310 129 293 156 143 115 22 179 278 166 106 308 119 307 205 138 84 103 68 135 
79 153 314 95 189 284 310 191 323 253 293 55 167 159 180 197 262 39 162 155 256 317 100 288 9 270 119 281 118 117 332 32 272 204 280 265 128 57 138 50 
80 321 97 142 50 225 270 149 14 92 134 190 189 275 320 192 110 101 195 336 276 6 323 30 59 301 314 90 
81 188 238 44 205 160 239 118 95 39 269 323 339 46 232 121 129 29 236 72 334 287 111 281 260 14 285 315 164 
82 48 310 227 53 7 339 44 245 284 309 219 202 103 250 270 134 178 294 93 226 28 165 47 259 168 142 286 10 318 328 239 188 282 308 333 118 148 242 206 144 269 145 299 69 56 198 
83 172 221 214 320 27 26 271 312 37 122 85 202 197 322 276 191 43 33 314 66 126 174 332 136 299 211 243 90 16 278 283 242 76 254 230 316 31 218 114 272 
84 202 90 192 169 155 173 339 167 159 110 319 272 111 300 293 133 212 245 49 291 95 38 30 218 57 222 241 317 78 219 326 71 199 
85 175 91 87 296 22 183 106 83 160 243 202 248 56 118 215 102 44 304 122 295 314 317 111 117 258 49 65 176 239 121 146 237 74 297 136 29 205 240 324 186 143 90 
86 309 26 178 12 279 126 237 90 66 47 260 233 154 249 120 163 92 303 239 119 272 70 53 238 59 186 318 250 258 314 162 204 276 56 
87 85 94 183 78 118 281 12 318 107 99 327 289 158 58 166 270 260 51 136 209 96 307 137 8 129 280 
88 305 39 242 299 225 269 101 185 197 195 307 28 41 14 196 334 172 284 295 190 104 11 129 12 94 193 158 176 210 277 167 57 322 
89 282 25 93 22 207 251 306 31 1 78 326 135 337 96 263 293 130 249 252 164 172 61 320 236 199 70 133 193 174 
90 300 84 11 190 32 137 148 163 314 251 86 172 254 250 199 3 83 136 108 175 255 337 188 285 138 58 92 307 126 25 271 85 80 
91 334 218 85 245 99 113 229 206 53 284 1 247 162 240 316 287 128 158 253 221 72 198 23 65 49 
92 34 267 209 108 80 294 179 253 63 32 259 106 217 162 40 186 58 107 262 98 66 164 86 232 202 133 335 158 160 327 62 96 0 228 159 241 169 25 90 71 184 
93 37 311 89 75 151 168 327 114 82 227 267 291 195 330 127 119 16 298 53 181 137 140 143 65 229 139 189 95 
94 120 226 87 103 54 104 204 135 3 40 124 73 155 59 168 231 234 46 152 232 316 88 41 22 306 218 51 179 182 285 301 161 109 
95 96 79 290 114 17 81 164 320 315 335 152 191 300 288 327 285 146 68 29 84 259 34 181 20 174 225 72 69 48 192 93 
96 67 178 143 95 57 255 271 137 198 294 73 112 2 89 29 257 219 59 337 282 5 124 92 87 129 38 253 76 47 261 26 283 
97 328 80 104 109 203 335 163 194 53 265 278 212 113 30 183 216 155 36 195 38 333 58 204 176 171 235 319 100 3 253 41 61 227 162 106 232 191 129 1 
98 140 61 49 318 282 190 68 260 29 55 129 137 58 198 147 92 156 174 311 328 286 103 22 236 196 150 74 324 224 15 
99 274 44 259 303 100 36 91 322 68 50 12 40 87 187 42 33 238 31 27 329 20 127 49 118 228 26 312 106 280 264 120 46 261 219 53 229 330 34 15 72 339 129 
100 315 333 99 300 48 118 177 101 22 280 130 202 20 218 97 322 9 261 79 278 66 162 186 50 133 248 24 27 240 
101 256 8 88 111 47 254 65 215 100 15 36 196 9 314 26 80 204 146 104 158 217 265 157 299 331 105 283 292 
102 277 285 183 290 19 261 177 314 297 172 85 195 216 325 225 327 254 31 296 228 194 280 310 331 334 
103 19 94 82 324 164 208 209 120 113 234 115 283 25 48 241 98 306 75 246 313 260 3 137 39 169 316 314 71 293 172 274 44 78 
104 164 97 34 191 307 94 167 120 232 148 221 324 51 292 297 28 190 145 231 88 101 271 249 253 43 210 12 198 160 254 318 64 
105 311 156 48 304 223 38 44 66 178 191 7 8 52 190 170 180 248 296 183 188 134 115 210 289 23 258 74 219 294 101 199 209 21 138 57 
106 47 11 215 37 194 127 143 85 92 197 57 328 287 291 214 280 247 263 133 118 23 140 99 68 298 267 156 78 97 135 5 270 187 55 42 
107 274 73 160 167 224 4 7 254 87 300 278 35 258 16 28 163 68 92 142 223 147 171 181 155 235 275 165 307 53 280 75 261 247 308 154 191 279 14 335 323 221 34 60 
108 313 92 148 171 230 290 214 18 136 213 11 283 239 1 249 67 90 19 73 192 17 132 217 76 339 253 
109 199 223 97 118 311 193 48 305 136 282 122 155 53 41 251 328 125 198 190 94 
110 179 289 190 9 69 171 295 84 286 169 224 32 192 80 212 163 315 252 129 128 220 251 176 72 249 141 310 122 183 137 175 327 158 287 316 
111 101 259 297 168 58 243 180 127 118 84 77 210 114 34 223 252 328 49 85 135 139 234 43 324 81 190 123 4 299 167 241 154 282 162 217 
112 284 17 38 33 58 55 290 240 170 245 18 96 165 304 137 221 286 210 201 262 207 32 63 260 43 306 270 163 213 
113 198 91 10 190 189 313 97 210 145 22 103 133 304 4 119 177 245 263 284 41 37 157 338 
114 51 178 151 159 237 44 298 167 93 217 35 332 95 267 50 231 160 111 232 171 126 240 192 31 18 249 322 263 3 245 134 17 339 243 83 
115 184 119 287 263 189 21 291 127 139 320 177 277 217 208 269 150 103 47 161 131 117 129 78 195 74 204 105 280 70 15 130 64 298 49 311 176 
116 4 293 196 46 198 339 276 177 8 124 269 146 254 190 289 321 277 30 14 281 183 42 33 213 258 264 189 229 
117 123 297 261 203 226 41 152 185 207 229 327 28 168 147 253 44 257 281 172 219 162 115 171 156 14 312 246 317 85 273 121 195 270 79 155 316 38 
118 319 109 258 243 294 306 87 81 171 54 100 150 241 41 205 136 43 313 203 111 85 337 332 73 75 206 267 106 287 64 257 99 82 46 79 153 326 179 204 
119 67 188 115 312 271 246 298 151 276 166 264 267 73 35 113 9 181 86 311 287 306 93 2 37 40 266 79 255 25 78 76 12 179 146 
120 94 14 285 162 177 104 30 41 48 103 238 86 167 296 44 229 125 168 251 99 244 290 17 242 293 280 277 73 327 263 218 
121 198 26 234 277 149 276 264 230 196 39 308 81 269 60 47 117 85 14 194 324 75 325 142 129 184 285 
122 285 168 202 83 299 238 160 280 109 151 167 212 141 85 157 59 21 58 244 230 289 274 46 123 110 67 41 171 231 219 
123 57 33 117 210 206 131 211 2 135 331 244 4 200 199 50 253 338 270 72 125 283 67 70 300 122 165 74 111 323 177 243 127 
124 254 25 39 0 15 272 309 220 200 94 1 38 145 255 161 116 256 125 204 321 281 179 149 279 96 166 217 
125 166 133 61 11 4 46 291 63 324 12 74 124 315 205 268 32 123 71 120 214 258 212 264 298 109 302 267 10 53 175 65 231 282 
126 308 12 294 251 86 250 236 186 270 83 223 305 51 53 278 45 114 337 30 15 54 141 48 224 234 57 293 90 173 232 40 199 11 279 
127 190 106 337 165 115 179 332 253 319 39 330 111 256 275 261 171 266 210 240 69 99 93 217 46 272 148 279 284 59 216 149 241 214 311 326 288 71 140 123 
128 244 208 297 193 197 312 195 137 13 1 60 27 180 210 10 303 284 238 4 110 91 24 196 142 25 222 70 194 198 250 161 134 213 79 231 
129 195 270 153 307 300 288 320 98 67 53 166 253 78 29 163 164 246 336 170 47 257 88 115 304 110 81 281 301 232 31 96 14 223 30 142 213 121 97 87 41 203 214 99 
130 217 282 315 63 187 330 275 2 271 100 61 26 211 208 280 332 89 238 6 335 185 135 180 184 267 241 164 17 203 46 166 205 115 233 269 309 252 313 74 
131 123 294 277 138 236 255 265 211 330 115 337 285 71 41 60 281 204 56 319 140 175 151 7 68 159 70 74 162 200 170 
132 188 12 23 164 247 260 22 18 319 144 179 13 45 228 263 58 305 208 38 299 108 320 301 252 176 212 
133 5 125 170 220 68 15 246 234 47 312 65 226 113 303 327 213 26 106 92 84 174 70 204 336 194 241 100 302 304 89 27 264 67 288 
134 143 21 215 324 80 270 82 47 30 192 24 213 175 32 29 263 202 44 157 165 49 317 216 240 222 333 46 177 249 309 105 1 17 269 114 244 128 261 272 248 
135 74 322 7 61 123 94 164 89 20 2 189 229 198 147 43 280 214 197 111 151 130 146 267 23 106 336 282 272 158 50 227 3 149 78 223 
136 58 274 303 217 42 195 201 109 236 252 19 69 213 153 64 108 118 50 203 185 152 232 287 10 140 83 87 182 90 179 290 27 219 259 194 85 280 65 231 241 307 
137 237 334 227 96 90 128 193 98 5 337 329 150 302 112 183 308 298 274 149 148 167 251 103 330 34 304 162 66 93 339 87 70 110 265 
138 253 22 131 336 331 155 226 245 64 248 5 200 321 281 190 235 21 174 222 159 262 32 90 310 196 78 63 254 292 105 47 79 
139 198 251 31 35 115 304 300 63 16 167 258 111 66 163 50 195 72 317 308 93 278 180 313 
140 50 98 6 219 20 143 273 158 170 218 63 162 49 136 236 204 271 106 211 224 131 309 93 252 229 321 42 39 127 
141 3 36 224 11 219 45 174 178 192 154 208 257 122 8 325 149 5 330 226 268 126 162 110 23 76 14 
142 80 294 339 305 313 309 334 329 308 32 67 26 184 1 270 164 52 82 36 263 2 107 284 252 166 283 229 179 228 175 128 47 74 249 222 41 320 129 337 152 121 170 325 
143 155 134 96 300 38 140 106 245 301 8 272 320 191 293 32 221 45 1 78 14 238 292 17 229 260 323 279 93 288 145 207 216 253 325 85 
144 39 206 36 300 320 252 183 297 75 23 132 51 214 35 268 239 74 254 32 280 285 185 332 158 323 327 82 283 328 219 14 
145 313 314 281 287 240 294 267 232 124 235 325 161 312 113 104 213 181 295 238 307 274 303 69 172 225 282 175 174 243 146 292 82 223 227 143 319 168 32 
146 265 23 58 154 240 28 193 315 281 62 325 324 76 339 116 101 59 153 95 12 72 212 34 40 233 71 257 135 85 328 255 51 145 61 3 119 152 
147 275 175 265 214 289 45 35 39 159 202 283 318 2 316 320 325 305 331 9 8 117 98 66 264 107 135 29 307 51 204 224 229 37 216 313 262 330 178 23 
148 301 185 108 104 314 282 238 68 90 232 224 217 306 268 32 307 151 70 65 29 28 253 137 127 324 82 74 64 162 272 12 17 202 285 154 175 
149 301 229 336 80 315 121 173 260 251 212 239 205 16 46 20 160 29 31 55 295 137 124 141 286 189 127 310 193 217 135 
150 73 326 229 187 297 196 337 57 74 40 280 269 118 263 314 247 183 6 137 41 115 51 15 31 199 278 53 208 291 63 264 47 267 313 23 190 1 170 98 272 293 265 67 
151 282 171 114 321 93 56 74 15 271 209 119 174 183 122 298 9 148 172 300 248 309 33 303 135 278 180 131 258 196 44 249 292 285 
152 185 65 77 294 117 255 166 265 179 181 284 94 227 136 246 95 271 38 154 153 19 184 156 71 214 235 319 198 281 26 35 142 41 309 316 282 146 
153 79 325 313 184 278 129 223 136 188 267 328 283 322 310 331 146 40 173 275 152 196 180 64 118 247 181 
154 196 146 46 173 169 86 290 179 141 45 298 197 61 252 303 282 1 152 242 186 107 21 171 30 148 308 111 195 283 310 
155 143 257 241 218 84 12 338 233 258 299 287 138 72 94 335 40 97 170 17 109 319 337 255 107 11 277 79 219 117 50 38 288 1 297 159 229 
156 105 2 244 331 62 290 334 49 335 301 168 207 98 204 295 78 160 222 1 117 187 286 306 152 106 9 70 173 211 197 276 184 
157 316 207 237 77 34 228 223 38 186 239 14 165 20 256 134 220 198 242 194 122 31 309 211 174 101 113 197 338 203 28 307 53 324 299 47 
158 268 7 339 14 246 140 184 224 239 87 304 178 215 219 202 77 317 92 38 101 32 335 52 88 91 144 64 252 277 293 135 17 110 
159 76 52 114 274 256 282 170 177 265 84 147 192 331 0 35 79 328 264 11 311 162 260 210 237 246 310 161 138 92 276 131 266 155 165 224 
160 228 162 0 250 107 338 81 66 85 179 122 288 71 222 69 287 114 272 149 285 156 39 296 240 92 306 335 12 192 11 329 42 234 104 237 21 49 25 310 
161 9 296 325 206 231 250 259 28 145 0 124 194 115 2 3 244 56 43 50 159 55 17 181 307 128 256 338 195 94 41 
162 179 160 120 230 175 269 203 319 307 61 329 92 34 91 169 251 140 66 117 79 337 176 68 325 178 261 159 197 137 141 97 100 148 191 266 198 49 131 86 23 296 52 111 
163 332 305 215 97 90 333 244 210 309 107 129 336 69 110 49 86 207 259 303 19 0 5 323 139 239 257 204 201 112 
164 104 103 132 321 280 314 305 95 7 135 277 142 318 35 235 129 37 220 92 282 247 236 38 234 89 228 130 1 263 215 181 221 81 34 
165 127 63 283 82 244 157 3 331 266 44 15 112 10 209 273 134 269 58 107 246 251 268 229 178 123 205 200 221 55 49 67 159 254 
166 125 252 68 183 31 326 268 283 152 320 314 241 58 317 129 119 167 277 10 266 142 35 87 219 300 281 310 187 4 78 221 124 130 299 210 191 291 5 
167 265 9 177 61 107 187 104 175 114 316 84 192 14 122 166 325 293 139 120 79 73 7 333 184 39 260 251 230 137 229 170 40 15 65 246 321 295 194 198 242 269 88 111 
168 305 122 248 1 111 93 301 197 227 73 94 203 82 117 269 156 7 52 183 23 289 59 290 61 120 293 253 243 328 229 188 284 70 251 202 145 10 28 
169 23 51 84 177 258 268 174 154 183 110 197 162 303 309 288 235 38 176 103 41 92 206 323 274 300 269 181 63 
170 271 302 133 327 112 159 53 266 76 241 140 60 286 279 155 129 202 251 105 312 167 246 339 331 47 336 150 208 142 263 131 249 52 68 
171 33 151 212 15 54 110 337 118 108 72 51 332 73 18 127 107 178 114 117 97 211 298 20 74 49 304 201 40 30 236 64 154 24 291 122 307 197 191 
172 83 49 205 198 180 90 88 73 117 320 274 102 53 151 221 298 336 50 89 244 145 28 219 215 67 103 254 206 333 
173 299 213 176 84 265 149 154 69 64 286 2 337 153 187 192 20 322 38 325 156 126 244 
174 52 23 336 36 141 277 193 169 151 83 292 98 200 253 328 13 213 230 133 289 195 288 223 138 157 39 224 34 266 145 95 194 290 28 304 293 219 301 89 
175 85 147 255 167 162 75 26 134 27 279 3 183 24 44 286 190 214 90 300 131 334 142 241 145 15 210 54 275 125 110 67 203 148 
176 285 21 173 292 327 201 274 33 262 232 273 311 240 97 16 260 162 320 85 88 61 287 110 169 243 289 242 233 333 132 115 
177 30 5 167 120 200 159 169 309 49 100 115 116 12 113 102 39 301 286 195 134 279 41 258 198 123 193 
178 96 114 0 82 86 310 219 141 158 38 28 105 246 292 171 283 60 250 195 57 223 162 198 43 253 303 331 147 165 254 39 
179 162 110 29 38 232 324 92 55 160 127 152 191 154 21 37 252 132 226 51 124 59 3 136 142 201 78 225 118 94 208 119 301 261 241 
180 232 279 53 22 172 111 207 128 276 312 79 319 105 202 130 153 50 300 151 235 227 216 228 139 324 
181 6 2 78 300 254 304 222 67 52 263 277 69 320 152 14 262 188 145 64 279 248 107 119 235 259 95 192 276 308 93 35 315 231 161 169 153 164 246 0 49 
182 20 250 328 334 200 279 196 236 283 204 228 252 136 255 290 94 260 320 12 316 59 235 22 
183 1 4 330 166 87 300 44 85 252 150 57 151 102 312 97 206 169 144 175 302 137 16 213 41 168 105 284 116 202 218 110 186 337 301 220 267 184 
184 115 313 58 207 153 242 142 321 225 188 158 223 339 65 218 45 295 21 226 336 67 280 167 296 260 152 130 5 8 335 4 121 68 183 92 156 
185 152 88 241 148 245 117 20 6 136 287 191 33 283 288 43 215 303 32 258 321 130 242 307 318 144 202 65 77 19 
186 283 71 295 211 59 274 157 227 218 126 8 238 266 15 92 262 324 275 265 291 330 20 287 154 16 245 86 24 100 195 296 183 85 5 
187 150 243 167 130 295 195 13 280 241 23 37 30 99 333 226 248 20 56 1 156 335 173 193 166 250 205 58 196 237 334 293 106 47 222 
188 326 132 62 275 119 318 263 81 204 40 48 281 153 184 72 181 244 76 278 256 327 82 22 65 105 189 232 266 286 63 200 90 168 201 45 49 47 195 
189 3 115 191 79 6 80 288 113 307 12 229 294 44 321 135 301 297 279 11 325 255 237 228 188 19 326 149 233 238 1 192 285 116 93 208 65 
190 127 110 90 208 301 98 204 80 113 218 3 104 31 235 16 88 217 273 46 116 230 324 210 105 175 138 43 300 264 261 74 77 329 150 111 34 109 277 311 249 7 280 
191 256 104 233 189 312 83 79 58 275 179 185 95 46 314 143 105 51 237 225 223 298 55 260 232 236 244 206 107 39 56 162 40 284 263 328 166 97 5 229 171 
192 259 289 31 84 333 134 159 167 235 39 141 68 285 80 110 241 314 114 18 160 173 14 181 64 26 48 335 35 280 196 108 67 324 189 288 3 329 95 
193 283 277 70 128 109 6 0 137 146 74 18 174 271 49 52 339 35 319 298 332 313 187 31 88 213 309 48 257 219 47 306 149 41 77 272 239 241 89 177 67 
194 8 106 338 97 272 34 310 232 274 288 161 203 206 253 44 40 157 55 254 256 237 304 136 121 133 128 174 167 251 102 248 
195 196 36 129 88 136 128 187 221 73 74 233 97 207 224 48 300 178 102 260 93 80 227 222 276 251 177 115 174 201 117 235 56 314 285 186 210 34 139 161 154 292 220 188 
196 256 325 154 237 195 252 324 150 251 116 15 10 88 330 182 284 239 233 250 74 8 53 101 121 323 297 1 214 2 332 320 249 153 275 128 98 187 266 192 211 254 67 151 253 288 199 45 138 
197 32 237 298 88 257 128 69 333 337 266 168 106 83 217 27 16 169 54 300 231 154 203 30 79 40 135 287 162 74 275 157 212 29 332 156 220 171 255 
198 113 139 121 73 284 261 116 96 172 203 53 278 262 259 98 135 276 299 157 227 14 34 339 239 30 178 109 211 177 152 128 162 16 237 167 91 104 286 82 
199 109 306 232 78 202 284 123 203 249 76 59 150 54 90 298 299 297 337 20 4 216 264 52 89 105 196 308 126 84 
200 46 177 182 124 123 271 6 208 1 44 39 264 138 174 296 30 188 246 165 243 131 216 214 
201 275 248 136 228 176 236 31 75 6 265 214 195 322 112 179 317 41 171 278 224 163 263 188 52 209 42 295 276 
202 84 331 267 291 82 334 122 83 339 199 147 12 321 221 22 134 85 320 100 170 92 158 231 180 36 183 185 168 148 288 257 
203 213 13 97 117 262 25 12 45 162 44 329 198 328 168 288 199 136 216 118 47 194 197 330 219 228 312 280 130 157 290 237 212 247 271 5 282 72 175 129 
204 322 51 29 94 188 336 190 254 221 72 182 234 207 97 101 124 156 270 140 205 248 133 147 131 115 307 290 3 6 250 163 79 39 23 86 274 118 319 
205 334 81 312 172 295 118 149 332 207 14 24 125 261 244 18 254 329 246 204 41 218 240 187 333 10 225 44 29 85 256 264 275 165 130 11 78 338 61 245 
206 144 123 214 238 0 161 91 277 35 335 251 183 331 300 241 218 194 259 32 299 118 312 45 191 69 326 82 61 169 172 268 10 
207 47 62 157 89 184 117 22 39 180 225 12 303 205 195 156 204 312 163 212 260 308 326 287 210 250 232 227 112 330 274 328 55 302 277 143 338 72 
208 263 128 335 325 190 254 246 281 103 234 241 200 286 219 36 256 310 115 141 304 240 130 244 10 150 29 290 283 297 132 278 62 170 324 287 179 269 238 51 23 189 213 
209 92 7 217 60 293 289 14 337 2 151 68 23 321 103 165 27 294 311 298 26 24 87 232 51 105 201 216 296 
210 264 123 219 269 163 113 3 128 74 333 41 111 246 127 190 317 112 207 259 159 4 105 88 304 5 294 244 175 195 104 237 166 319 252 
211 6 123 247 221 302 186 237 223 245 70 250 295 131 276 249 130 214 337 171 83 322 33 140 215 157 196 198 72 264 272 14 292 156 54 325 
212 334 171 232 332 316 17 43 149 289 97 285 312 110 122 207 219 146 5 84 54 125 73 272 197 319 203 228 21 76 132 
213 331 173 203 272 134 38 49 136 145 108 324 133 183 22 174 267 29 193 23 288 43 60 42 46 116 271 129 128 239 229 112 208 
214 83 206 36 147 334 21 64 335 108 106 39 223 270 308 314 65 266 47 144 326 196 211 237 6 175 201 135 125 218 325 20 296 233 67 221 283 152 318 127 9 54 200 219 129 
215 236 106 163 134 295 292 243 101 326 38 158 185 85 232 226 28 258 46 15 47 211 324 237 172 269 164 267 72 20 224 308 270 
216 60 219 283 228 234 277 339 203 97 258 222 255 0 2 229 134 8 102 331 127 147 199 273 245 64 296 143 180 336 22 200 209 
217 67 136 130 328 47 241 114 209 32 25 197 148 92 115 44 31 190 252 232 76 336 258 127 101 29 237 256 268 149 108 233 124 27 111 
218 252 91 155 73 72 334 223 186 190 25 140 327 206 184 258 232 333 31 254 249 100 295 205 214 62 337 84 250 183 285 94 326 63 266 83 120 
219 22 72 82 140 141 210 216 178 78 208 6 158 117 96 203 212 30 71 166 47 136 68 99 105 63 193 273 155 282 172 268 43 84 174 122 144 214 
220 77 133 124 33 27 47 157 164 284 233 19 110 52 287 1 265 249 330 183 197 195 24 
221 83 232 211 229 104 195 204 328 258 202 309 335 226 143 9 112 227 39 305 172 47 247 260 65 214 91 166 329 267 165 254 77 107 302 164 
222 181 2 254 160 274 287 5 40 38 312 64 216 306 300 7 156 266 134 224 338 195 72 288 317 138 303 128 18 84 142 265 243 187 
223 109 4 255 39 157 22 280 53 16 153 105 218 211 214 184 261 126 18 337 56 107 111 8 276 236 17 231 191 178 327 174 248 329 251 129 266 145 292 135 
224 141 303 28 107 39 4 148 158 110 235 195 55 309 289 241 222 15 233 140 147 329 174 234 310 126 69 201 336 98 215 159 
225 298 88 80 15 255 243 253 184 207 249 256 310 49 191 10 34 332 322 71 24 102 317 205 179 145 95 33 324 308 16 
226 94 43 117 70 58 273 1 82 330 39 138 31 133 298 187 6 27 221 215 184 179 312 141 18 11 297 
227 82 311 28 52 234 137 15 58 168 186 93 152 316 221 198 230 195 207 97 288 329 180 145 299 135 49 
228 160 289 316 295 157 298 273 30 77 216 282 311 201 14 182 331 203 132 189 267 99 164 142 270 92 39 212 27 52 102 309 312 26 62 180 
229 331 1 149 150 306 65 10 91 221 330 254 0 117 273 46 34 60 189 135 248 314 269 305 120 216 252 142 24 167 72 339 271 143 147 278 165 233 99 285 168 140 93 25 11 155 213 191 116 
230 58 43 162 70 74 33 332 108 121 316 190 322 330 56 239 227 237 289 174 167 122 298 331 83 35 288 299 300 2 41 
231 245 271 161 94 114 301 57 273 104 197 40 293 289 223 64 202 331 251 306 181 276 240 305 125 122 136 31 128 
232 179 180 212 199 5 277 221 104 145 24 148 60 194 14 27 16 136 176 217 114 279 215 19 81 218 307 66 92 94 241 20 64 209 207 254 11 188 129 191 97 21 126 
233 270 77 237 191 319 281 155 196 86 195 260 266 57 29 261 12 220 317 224 15 146 241 229 50 214 273 189 130 176 217 7 68 295 51 
234 68 5 237 227 121 294 74 275 216 208 133 337 265 94 251 103 204 320 261 164 14 310 297 111 10 224 15 160 306 126 76 277 17 
235 65 253 63 268 254 0 248 145 192 190 164 224 247 250 256 107 97 181 287 169 310 195 317 138 272 152 180 182 326 
236 39 61 215 249 285 131 136 14 32 126 182 264 297 19 201 164 35 223 283 140 255 28 12 309 81 98 50 191 238 37 74 314 89 171 333 278 
237 196 197 137 114 234 157 233 335 211 0 86 265 46 65 191 253 214 230 189 30 37 159 290 297 194 85 215 287 187 217 203 252 198 210 160 301 70 27 71 
238 242 253 206 81 314 11 148 24 282 293 122 20 54 59 186 120 99 145 309 292 303 128 244 130 67 143 290 269 25 236 86 260 4 189 208 12 58 
239 57 25 324 81 157 261 196 149 158 66 318 64 108 82 230 281 11 198 86 144 256 42 5 85 163 67 47 288 275 193 213 19 
240 146 145 72 241 293 112 60 268 66 287 282 263 208 91 176 127 134 63 317 254 160 114 336 40 205 2 85 316 231 42 279 100 
241 246 155 278 185 240 217 187 314 208 1 170 166 118 338 304 21 206 291 192 257 74 224 311 324 232 103 7 52 251 252 233 130 17 175 92 133 127 269 84 253 136 111 337 193 179 
242 238 88 184 270 315 20 31 288 157 69 62 64 10 48 83 185 299 154 82 176 120 71 327 292 167 
243 187 118 18 77 298 286 225 276 46 215 274 111 85 25 256 83 168 34 268 176 145 244 222 200 23 114 123 
244 128 307 14 308 70 270 305 156 57 123 282 163 165 262 33 75 23 188 278 205 238 335 208 68 326 50 161 122 172 191 120 210 329 17 134 243 173 266 42 339 
245 82 319 31 91 231 112 185 143 303 211 64 138 260 72 315 261 113 258 8 84 186 334 309 114 216 63 278 60 287 205 248 
246 241 337 208 119 158 41 72 133 271 258 284 152 129 178 210 318 117 296 165 259 205 68 103 159 170 11 167 200 1 181 250 308 
247 211 332 132 279 150 325 62 339 91 235 106 61 164 19 268 274 221 258 32 107 9 1 269 21 291 306 203 314 153 2 
248 12 77 49 168 201 235 138 229 85 187 181 35 105 289 258 23 151 253 204 18 223 62 332 281 66 100 268 194 134 245 249 
249 236 281 66 282 10 315 86 199 337 225 266 211 108 76 89 104 218 273 46 338 196 134 331 114 328 110 142 220 151 36 43 190 170 24 248 
250 339 21 182 160 65 82 257 161 126 326 196 50 321 211 90 333 235 322 70 178 51 207 187 218 204 86 128 246 3 
251 295 89 279 196 62 277 139 65 126 149 90 4 327 206 234 260 162 273 170 69 109 195 167 165 120 110 241 137 231 34 325 223 1 56 194 168 3 37 
252 218 166 50 196 24 19 183 136 333 72 42 144 291 18 217 179 67 65 111 142 272 154 305 229 89 110 57 182 14 241 310 158 140 237 130 23 132 210 308 
253 22 238 235 256 138 92 225 127 79 65 123 266 129 117 194 264 72 174 237 296 248 148 97 168 104 91 178 96 254 54 196 241 143 327 108 
254 269 19 12 59 124 235 181 261 208 101 204 107 229 222 90 273 321 116 42 7 218 205 240 194 144 332 232 281 102 63 16 253 196 21 83 178 71 221 172 138 104 165 305 
255 333 31 175 225 152 96 223 61 131 124 257 216 155 189 236 66 90 182 119 48 146 304 302 285 293 197 73 
256 196 101 191 334 262 159 253 307 321 271 208 127 157 124 225 188 235 243 239 79 194 269 277 217 290 314 205 161 
257 272 155 289 197 250 306 297 35 19 75 54 295 141 255 45 117 241 129 96 69 328 317 268 118 284 299 72 37 260 146 300 193 163 202 
258 311 118 78 155 169 221 335 246 107 18 287 216 218 139 67 185 245 217 248 215 85 247 125 105 298 177 151 324 286 86 116 288 317 
259 192 99 23 111 92 55 28 161 82 198 25 163 206 17 293 271 285 325 181 246 210 95 6 310 312 303 136 77 302 288 
260 46 263 45 312 307 149 98 132 86 59 245 25 233 11 251 43 195 207 72 167 176 87 32 184 333 159 257 103 191 143 18 221 70 112 26 238 280 81 182 10 9 63 
261 287 319 78 117 308 18 254 198 46 63 239 33 223 17 127 6 245 102 234 205 233 272 328 327 310 100 162 190 321 107 99 314 134 96 179 
262 256 203 302 31 54 4 16 37 244 32 282 198 181 176 278 186 92 319 335 45 79 9 265 112 22 55 138 147 73 287 61 
263 4 208 188 115 260 264 6 181 67 284 150 134 337 240 8 142 89 106 10 25 113 132 314 71 114 164 191 201 279 170 120 
264 210 263 121 38 36 44 295 236 314 276 119 324 200 147 253 159 274 190 76 150 285 99 305 125 321 28 336 199 211 205 116 334 335 133 
265 146 167 147 65 173 319 97 159 152 309 234 237 73 131 37 52 186 201 262 101 220 222 79 150 137 
266 72 197 170 4 32 165 253 186 233 67 314 166 214 249 285 127 222 35 25 188 119 47 196 174 162 223 313 159 336 292 49 45 218 244 273 
267 92 202 18 145 114 58 77 153 119 93 296 118 65 228 56 213 75 295 150 130 106 135 125 221 57 63 215 283 45 42 183 
268 4 158 1 45 285 235 166 6 322 169 240 327 148 30 125 67 144 47 257 247 272 165 243 141 332 296 217 286 219 248 206 
269 254 88 304 332 326 162 150 81 336 210 115 168 287 116 229 165 69 121 308 31 24 256 238 71 306 42 134 46 323 296 241 247 82 215 167 208 130 169 41 
270 80 233 129 244 22 134 82 242 333 7 123 126 142 214 204 339 331 87 325 58 273 14 74 228 79 117 313 282 35 106 112 47 334 289 215 
271 170 328 83 119 36 96 200 231 283 151 246 5 256 193 152 130 317 61 104 259 72 140 3 278 327 229 326 213 203 90 
272 257 314 321 339 65 213 124 11 275 336 194 313 143 325 84 303 31 160 252 6 261 268 86 127 64 235 212 148 79 150 211 193 135 36 67 134 83 
273 59 50 228 140 296 226 299 301 229 231 254 190 176 8 165 63 251 288 26 249 270 117 37 219 72 48 216 233 12 11 266 
274 99 136 107 159 338 18 21 285 58 186 44 243 42 222 194 176 339 19 172 17 282 264 300 137 247 145 299 308 34 122 207 169 103 204 291 
275 147 188 59 71 201 1 74 272 234 55 80 48 130 191 291 127 334 186 28 287 53 107 153 196 283 12 197 239 205 284 51 175 19 
276 59 283 121 243 83 8 116 280 2 119 264 180 211 198 223 14 195 80 77 37 332 181 159 231 61 86 156 201 322 
277 57 102 193 232 121 251 131 23 174 206 70 181 216 115 164 1 285 12 166 315 28 339 116 155 311 256 51 88 287 190 158 207 120 65 234 
278 241 9 153 58 97 107 198 40 304 65 69 262 244 150 188 126 27 286 51 39 41 271 83 151 100 229 78 208 201 333 245 236 35 52 139 28 
279 306 314 180 251 86 182 247 290 283 175 76 327 10 170 323 189 232 181 56 28 60 124 177 127 107 55 143 263 308 240 126 72 
280 283 334 335 59 303 57 223 187 164 287 150 282 36 122 276 106 12 18 100 130 64 296 184 203 135 313 107 144 99 330 319 115 192 314 56 136 79 260 120 290 102 3 87 190 
281 145 249 46 233 87 146 208 188 6 323 54 327 117 311 41 284 124 138 288 131 239 10 129 166 43 337 116 254 36 79 42 29 248 81 152 290 72 297 
282 151 315 89 130 159 249 98 148 292 290 238 244 228 280 109 262 240 286 293 295 164 62 30 82 36 274 154 43 96 34 270 64 145 288 219 135 14 125 203 152 111 
283 186 280 193 333 276 166 66 216 165 147 271 279 153 182 17 103 185 9 108 16 178 287 236 142 2 123 31 48 83 275 312 208 295 0 214 45 284 305 144 101 96 267 154 
284 112 301 82 198 60 8 79 23 71 263 55 196 199 17 88 91 152 246 142 128 220 315 281 295 73 257 113 183 285 288 127 283 168 191 275 
285 120 268 102 323 122 236 176 18 274 331 303 73 212 26 66 192 277 160 337 266 95 131 293 294 334 50 259 289 264 144 284 195 229 6 218 90 189 148 94 338 255 81 121 151 14 
286 45 243 306 35 300 110 208 68 62 302 170 282 82 321 175 173 112 323 177 98 278 326 293 149 156 22 188 48 258 327 292 268 14 198 66 
287 261 115 145 280 155 106 316 240 160 58 185 222 37 4 258 60 269 136 29 299 275 283 91 118 207 235 119 57 186 197 176 220 307 237 81 51 208 277 9 262 245 110 
288 325 306 189 47 129 335 160 302 203 194 95 185 33 242 273 281 169 54 295 321 222 174 71 79 297 213 284 312 227 282 239 230 155 192 258 143 196 296 127 259 202 44 133 
289 192 56 110 228 257 147 209 212 304 292 38 3 87 23 224 231 317 168 230 116 248 174 19 285 105 122 49 176 297 270 
290 76 317 332 320 112 2 95 282 156 52 279 108 331 292 154 102 44 329 325 299 168 315 18 136 208 313 238 237 34 204 182 336 42 120 256 203 174 281 280 4 321 
291 294 300 202 26 15 22 115 65 106 53 125 275 252 241 55 322 93 150 186 24 49 84 305 71 45 247 166 16 171 327 323 274 13 
292 70 282 176 104 215 289 290 58 41 238 6 61 178 174 328 143 286 242 321 145 211 101 266 151 59 62 138 195 223 
293 60 322 34 240 116 209 238 16 10 79 6 63 78 43 0 167 282 89 143 231 285 84 259 28 302 286 168 332 294 52 103 120 333 158 187 126 150 174 255 
294 291 142 131 152 92 118 126 234 145 96 82 15 69 325 189 209 285 20 331 6 105 210 320 293 311 36 
295 251 228 40 215 187 186 110 76 205 264 88 211 257 145 282 156 184 71 85 149 284 218 312 288 267 283 6 329 167 4 42 201 233 
296 76 10 161 85 29 67 273 51 77 17 316 309 325 70 120 280 24 267 39 160 200 246 184 253 308 105 214 269 268 186 102 216 327 288 20 162 209 
297 338 117 150 111 128 257 104 30 236 300 144 196 189 316 305 313 102 325 41 199 237 234 288 208 85 72 332 48 155 226 289 281 
298 225 60 197 44 243 114 228 75 119 18 2 151 15 226 3 154 16 38 209 68 193 137 199 191 62 171 172 48 93 106 125 29 258 61 230 326 57 115 
299 305 88 173 306 320 155 122 273 70 307 21 287 290 198 338 83 20 206 313 31 257 199 274 14 242 101 166 38 111 230 82 132 56 227 2 157 
300 90 337 28 291 144 6 181 183 100 143 18 286 129 107 4 335 139 206 7 297 43 336 20 95 197 73 24 74 195 84 222 151 274 190 49 175 166 54 257 180 123 38 169 230 302 70 
301 149 61 284 337 148 190 168 143 59 273 38 231 156 189 316 336 25 318 56 177 303 129 73 24 183 80 75 313 237 132 94 174 179 
302 170 211 262 68 288 286 137 15 16 183 306 67 24 293 51 125 255 46 133 259 207 43 221 300 
303 136 99 65 224 280 285 245 47 207 272 133 128 238 169 86 185 301 154 163 145 151 330 259 222 178 2 30 
304 16 269 71 181 45 105 139 315 24 289 241 324 158 113 278 208 39 112 85 11 129 308 171 194 137 210 29 255 35 133 174 33 
305 88 299 168 163 142 244 109 330 164 147 126 6 297 229 252 221 34 329 33 291 264 132 50 283 231 254 
306 279 299 199 229 327 310 288 286 89 118 257 42 148 49 302 222 36 320 160 103 338 119 65 156 94 269 231 193 247 112 234 25 14 
307 0 244 104 335 256 88 260 129 162 16 324 189 299 148 77 145 232 147 107 204 35 185 287 87 309 161 157 90 78 136 171 
308 25 126 244 261 61 142 75 57 31 15 58 3 214 28 137 12 121 82 207 304 68 269 296 274 181 107 22 78 337 199 139 154 225 279 77 215 252 246 
309 86 318 17 336 82 311 142 124 177 265 221 163 5 18 238 296 224 169 63 325 151 236 134 157 193 140 245 307 36 331 130 228 152 27 
310 82 306 20 79 72 178 7 194 312 78 208 153 225 11 261 67 235 75 259 234 166 252 159 326 224 55 149 110 56 46 138 102 32 154 160 
311 105 93 34 227 109 258 309 43 228 176 281 209 98 241 68 159 119 277 61 21 329 127 294 56 190 115 10 319 
312 119 83 75 260 8 128 205 191 333 133 212 310 145 183 54 222 207 180 203 117 295 170 226 99 283 206 259 288 317 34 228 20 
313 322 184 145 108 334 25 142 153 67 22 272 113 118 21 297 299 193 280 290 103 14 270 150 331 147 266 301 130 16 139 
314 145 279 4 272 79 238 148 166 90 164 339 318 241 150 36 83 264 214 101 229 266 191 102 192 85 316 263 195 280 236 103 256 86 261 41 247 80 66 38 
315 100 282 130 70 149 49 249 146 242 17 20 304 95 317 277 245 125 1 284 110 290 181 30 29 2 81 3 
316 327 157 228 57 76 30 212 167 147 59 50 230 322 287 8 77 301 296 63 297 73 227 91 94 328 314 51 54 103 37 240 83 45 117 152 72 182 110 
317 327 290 6 2 166 315 271 134 5 210 289 257 85 158 240 117 233 41 222 79 235 201 312 225 338 330 84 64 326 139 258 51 9 
318 309 188 8 66 98 27 314 87 147 69 239 164 301 82 246 185 86 214 322 104 
319 118 261 70 245 33 233 265 162 49 19 127 84 132 262 155 56 180 43 27 193 97 34 131 66 280 54 4 152 46 212 30 21 145 210 311 204 
320 83 290 299 9 166 95 129 147 115 80 144 181 202 54 30 143 234 172 306 196 176 67 24 89 294 28 3 142 182 132 337 63 2 336 
321 80 272 151 164 256 202 184 209 250 254 322 189 15 286 9 138 124 116 185 288 261 264 71 338 337 167 140 292 45 60 290 75 
322 313 204 293 135 99 83 268 77 316 9 321 153 250 230 291 100 211 225 201 5 173 114 339 72 71 336 318 88 338 276 
323 285 77 51 81 79 56 281 196 328 279 286 332 326 163 80 143 269 144 71 65 169 41 123 107 291 337 
324 179 196 134 239 103 5 104 307 146 304 264 125 186 39 213 190 241 329 215 148 111 258 192 121 3 98 208 73 225 77 85 14 56 180 61 157 
325 196 288 161 153 208 63 147 146 247 145 294 40 272 167 73 296 290 189 297 309 22 141 259 270 162 102 55 214 251 26 173 121 211 17 142 143 48 43 
326 188 150 7 166 269 39 89 250 215 67 23 214 9 207 244 286 323 310 189 337 206 271 12 118 33 127 218 55 317 298 84 5 31 235 
327 317 316 306 170 35 93 334 19 251 176 117 87 268 279 18 218 281 133 95 188 62 55 11 261 45 57 223 337 92 271 42 69 102 144 286 242 21 52 110 296 253 291 120 
328 97 182 271 28 217 61 52 106 221 203 11 153 323 69 111 82 257 159 98 292 174 3 261 77 316 24 21 109 146 168 249 207 191 10 144 41 60 
329 16 35 142 64 162 203 74 137 20 290 63 99 15 205 305 324 51 224 223 190 40 160 311 221 295 244 34 22 227 61 192 
330 183 52 67 305 130 229 196 226 127 131 230 203 93 0 186 70 303 280 11 137 2 20 141 207 38 147 99 317 220 36 
331 229 202 31 213 333 156 123 285 138 5 159 290 165 147 206 228 153 270 294 249 231 35 216 170 101 178 313 6 230 309 102 64 
332 163 10 269 247 290 335 212 64 27 114 230 30 59 17 127 205 171 54 83 60 118 130 196 193 323 225 254 293 276 144 79 248 268 297 197 61 
333 255 331 283 100 192 197 163 270 252 312 187 250 97 210 76 218 167 74 82 134 260 67 73 205 71 278 6 21 4 293 236 8 39 28 176 172 57 
334 91 212 137 256 205 280 182 313 142 214 202 327 218 156 88 41 336 71 72 37 275 285 175 245 81 187 264 270 102 
335 307 208 280 97 332 237 73 288 214 206 300 49 155 258 221 156 339 95 15 59 262 244 92 130 187 158 160 43 192 35 184 107 264 
336 309 174 149 5 204 52 138 272 269 334 300 163 129 301 184 217 80 240 172 25 54 33 133 290 264 170 135 224 266 322 61 216 320 
337 300 78 301 246 150 127 197 209 171 16 234 137 263 89 65 249 223 43 285 118 131 155 31 173 126 162 211 327 96 90 218 281 199 326 321 308 75 183 142 320 241 323 
338 297 274 160 155 194 46 123 241 28 299 222 249 306 321 157 317 113 54 207 285 161 322 205 
339 250 3 82 142 158 50 272 84 202 314 116 81 216 247 184 146 274 76 335 270 193 198 277 18 229 322 60 45 170 30 7 137 99 114 108 244 
