0 121 38 41 37 10 165 86 68 216 174 146 314 192 242 255 138 283 153 194 285 224 164 106 311 281 207 91 265 129 97 78 75 226 181 246 244 241 136 345 150 132 96 143 184 295 335 240 71 65 3 52 269 217 125 204 315 40 323 69 101 59 48 120 88 213 221 70 332 28 325 152 2 259 291 102 
1 134 322 248 6 30 68 201 7 60 57 164 181 227 37 280 183 313 15 202 35 298 283 292 95 250 309 330 72 58 59 93 166 220 182 116 340 62 247 163 169 113 325 36 279 306 152 119 9 114 18 25 142 239 211 229 174 350 101 145 274 252 
2 303 262 282 8 200 100 114 55 252 271 289 61 222 223 94 205 221 192 3 29 301 260 144 206 118 83 285 167 14 340 287 198 259 255 280 33 236 146 261 305 191 161 78 343 333 86 265 319 73 176 196 243 42 147 85 132 174 250 275 48 9 325 190 322 300 0 210 40 75 327 
3 338 77 279 326 172 17 307 227 115 56 44 206 345 2 107 82 324 208 116 152 92 241 43 28 197 183 130 10 131 137 202 204 162 39 332 148 33 4 280 155 189 95 291 252 8 263 67 108 343 83 0 27 231 139 72 205 153 346 185 156 178 26 179 40 352 196 184 328 45 68 90 129 271 94 246 322 316 301 65 303 228 248 161 
4 181 39 220 107 93 95 317 19 21 20 59 188 314 126 140 347 224 295 7 242 75 55 350 99 201 178 51 121 116 275 109 143 210 219 83 149 318 195 352 110 218 3 101 18 227 343 270 261 184 115 250 150 10 323 336 331 148 14 45 204 74 299 246 54 90 244 98 145 353 73 209 48 346 5 137 327 61 129 180 189 
5 201 236 221 170 171 322 113 166 287 247 72 103 308 124 64 42 131 222 125 197 60 339 97 238 283 95 146 16 149 294 52 328 213 172 167 242 71 70 150 300 159 252 228 175 80 66 183 277 310 85 102 329 32 249 55 157 174 302 30 227 9 229 43 234 39 342 203 4 191 309 315 41 
6 34 47 261 1 129 136 43 17 257 149 324 175 262 330 156 164 306 142 317 289 40 272 231 35 216 161 310 207 16 269 326 266 203 144 297 56 111 165 287 148 127 276 62 213 248 314 162 113 66 93 140 181 312 154 29 200 121 18 350 19 26 347 320 187 259 178 265 304 37 340 292 198 202 52 77 48 44 133 186 
7 212 219 53 112 1 305 182 217 42 349 125 188 352 81 72 142 4 102 167 36 14 79 192 275 204 180 235 321 65 193 101 33 155 247 162 75 271 298 171 348 233 57 267 62 210 149 60 26 17 135 307 189 243 310 116 238 147 50 213 143 343 288 99 110 98 165 163 
8 127 269 36 229 113 2 267 39 53 151 134 222 250 87 244 159 157 193 336 211 160 56 13 182 89 324 316 290 282 223 233 215 152 260 308 188 23 79 168 3 37 12 207 100 315 261 243 234 121 242 47 230 27 167 194 274 171 256 119 156 307 291 64 247 333 251 335 236 52 312 326 314 257 126 284 
9 323 236 177 33 340 136 166 112 330 100 247 185 40 292 244 128 317 120 229 116 19 223 344 335 173 35 210 133 174 194 342 251 119 232 36 219 300 85 93 276 75 307 23 82 27 162 211 263 242 345 52 222 286 215 149 231 331 1 20 101 220 294 256 350 134 96 62 246 146 5 312 72 34 2 332 32 298 170 143 
10 330 0 286 341 99 213 149 326 21 102 247 46 162 204 178 230 57 106 158 251 241 207 179 183 72 69 353 249 255 203 308 185 300 3 161 84 103 327 148 283 291 78 313 235 89 301 143 228 90 202 352 173 351 4 174 59 270 302 225 253 339 64 125 17 217 164 269 79 293 281 100 131 243 224 214 150 109 77 27 56 276 
11 248 140 122 229 59 294 22 88 115 109 30 185 131 61 232 179 238 36 298 296 64 231 46 79 308 146 224 204 340 137 212 12 328 257 332 73 311 120 130 189 313 142 101 190 13 166 87 163 65 160 242 76 228 116 217 39 125 106 98 267 97 293 20 
12 93 145 118 21 165 63 277 66 202 114 191 186 116 104 170 72 178 99 334 283 84 221 262 69 190 11 344 320 24 174 222 39 53 301 42 268 8 13 141 117 323 70 89 246 54 349 337 329 284 115 322 74 135 261 152 107 131 23 315 159 260 112 217 353 245 281 244 224 164 128 210 
13 59 327 347 39 294 292 278 71 24 50 267 34 148 121 161 301 258 51 320 55 131 253 31 303 230 21 248 223 321 8 315 300 102 174 199 81 324 227 47 244 18 136 165 90 46 28 58 61 306 12 45 262 175 178 108 11 134 14 181 63 259 251 99 36 201 198 231 139 
14 64 30 329 171 220 156 56 271 24 197 343 128 105 251 186 172 287 91 7 265 346 183 326 61 202 286 298 2 65 32 123 22 324 38 145 178 147 273 51 102 310 68 235 316 35 75 57 94 175 210 148 109 84 241 318 97 127 302 240 13 159 4 232 330 237 19 79 152 73 226 120 311 87 144 116 95 344 
15 18 77 124 329 22 33 190 322 265 211 225 101 275 106 323 345 236 28 1 159 129 128 290 125 253 212 71 353 52 242 122 187 282 116 245 204 344 185 201 229 298 283 68 17 41 341 182 51 49 291 76 99 257 148 194 90 81 32 325 318 
16 86 79 301 220 122 349 255 201 295 105 257 140 50 185 352 283 21 311 186 180 22 261 298 172 303 333 329 6 170 5 55 234 254 214 20 232 228 70 65 78 321 96 156 222 238 99 187 108 165 25 235 64 173 331 262 90 263 174 113 351 195 339 146 
17 267 175 170 152 250 6 3 229 78 93 234 49 161 96 300 203 336 184 91 120 57 240 139 264 111 185 121 118 53 129 99 133 87 311 236 123 269 340 258 130 254 22 28 147 77 135 323 62 274 284 260 317 138 105 15 308 124 100 272 287 305 316 51 191 7 10 84 314 339 60 230 42 69 31 144 247 122 168 318 277 322 137 
18 15 153 87 32 315 234 180 109 146 41 130 219 177 277 142 155 248 92 317 163 133 343 34 269 265 134 73 141 76 279 186 345 57 53 157 264 244 289 318 182 125 341 114 172 351 199 150 337 4 161 13 82 325 305 324 350 276 127 106 210 110 6 296 137 21 176 59 255 1 100 187 63 183 328 145 68 71 117 74 
19 306 33 334 89 94 73 146 300 203 4 49 43 133 233 339 214 221 72 67 304 51 9 138 352 61 279 313 177 312 318 178 311 84 44 236 264 90 95 70 231 234 76 85 106 266 48 317 213 343 163 155 296 268 79 348 6 235 216 351 347 14 157 212 193 123 167 274 110 330 32 336 195 273 249 
20 193 80 311 328 302 304 219 4 88 63 253 187 300 233 179 54 278 338 53 310 349 265 202 152 269 112 121 74 61 38 314 84 316 26 237 175 164 16 33 57 209 267 159 85 71 350 279 200 284 24 9 136 337 240 318 56 243 30 287 184 99 44 32 296 315 114 31 172 158 11 146 226 
21 213 106 331 263 65 150 194 214 12 4 305 128 246 10 135 16 67 198 204 163 338 166 220 205 46 95 13 157 288 179 327 340 119 125 27 154 126 283 177 129 316 55 275 231 188 25 302 274 57 272 271 185 158 69 143 18 182 97 207 96 35 152 197 330 242 64 306 251 111 130 227 81 311 
22 86 40 220 26 166 170 11 15 74 196 350 180 353 188 73 88 16 282 296 90 185 210 94 214 14 186 89 69 192 256 70 17 159 267 47 112 146 334 81 167 224 133 140 85 136 244 321 340 62 215 44 223 257 93 125 59 346 83 139 204 212 225 50 33 36 213 98 343 199 318 68 165 
23 67 107 201 256 306 84 52 175 248 318 255 237 277 143 25 209 286 54 31 178 126 26 308 185 165 135 182 250 158 239 353 179 150 336 331 44 227 188 9 289 8 290 345 271 298 328 309 128 49 234 313 90 202 204 310 144 244 131 242 273 116 218 89 292 120 275 111 191 166 324 305 159 134 48 224 322 92 141 12 186 238 181 337 176 121 59 162 278 80 269 285 
24 130 141 315 263 72 200 154 187 13 73 14 109 249 340 156 190 270 59 30 112 193 53 56 342 214 212 275 55 158 66 157 345 346 41 42 253 51 313 12 282 186 250 102 136 308 165 171 147 227 288 192 76 103 330 20 115 222 321 80 293 71 113 208 201 58 314 67 221 28 336 78 99 211 
25 298 269 150 169 96 262 164 50 320 253 202 283 228 211 271 26 200 240 229 53 23 300 270 267 191 176 291 242 138 47 36 144 306 129 184 313 221 91 101 310 167 21 166 90 52 56 61 268 57 58 214 256 80 16 42 74 73 243 280 130 207 1 175 339 340 79 284 139 
26 22 169 107 329 121 164 318 137 168 177 199 270 25 310 202 181 200 23 59 193 76 340 174 321 48 221 183 29 172 157 49 126 20 230 208 124 205 97 239 145 39 226 50 302 41 45 7 120 212 135 196 66 6 144 322 3 262 284 246 34 60 248 53 38 182 82 73 261 123 160 237 74 110 
27 188 260 142 351 83 176 136 205 331 154 283 78 345 138 45 33 132 294 158 246 289 344 164 55 326 29 310 342 254 21 262 192 350 54 333 341 185 266 9 115 327 75 3 240 87 48 280 8 182 146 328 141 314 315 140 255 98 144 59 298 114 288 122 89 64 34 291 90 41 10 102 221 
28 116 138 141 192 249 266 193 258 331 290 66 134 85 343 119 114 298 71 121 225 47 15 199 237 231 77 286 242 329 3 311 188 70 92 171 53 203 57 204 184 239 44 17 312 183 13 154 319 348 345 196 158 236 245 124 129 252 118 55 264 309 91 336 0 275 271 226 24 352 268 125 176 
29 207 233 352 183 331 75 110 123 97 49 268 138 151 189 2 166 136 290 249 71 304 153 26 50 27 45 81 119 133 286 181 250 180 253 265 36 184 171 126 240 287 6 299 79 104 206 217 135 291 306 227 270 197 132 345 263 128 38 145 
30 51 209 14 296 38 93 177 1 265 123 31 115 138 287 70 315 312 11 24 214 133 268 130 318 286 219 325 293 194 228 231 269 216 75 197 156 117 169 96 52 308 131 63 317 35 48 155 320 224 242 140 77 113 72 270 184 229 349 279 158 49 20 5 146 210 43 274 334 307 298 
31 346 266 279 156 79 314 217 344 30 295 348 155 260 321 92 121 162 85 339 148 211 338 113 166 42 23 13 129 228 226 275 238 319 300 309 188 61 284 72 244 105 47 151 136 353 254 38 247 194 349 259 147 128 167 205 111 345 63 160 180 36 104 17 250 20 246 120 39 347 293 
32 18 328 250 222 332 197 113 134 352 39 52 210 78 86 229 266 133 14 75 88 186 244 142 120 66 145 90 192 334 119 70 44 118 189 105 256 34 181 168 262 161 87 173 217 340 47 213 165 61 296 5 59 45 162 350 305 307 20 146 301 144 216 230 19 190 9 312 156 123 327 253 203 131 15 99 
33 19 91 208 232 331 9 202 51 66 84 248 15 215 39 223 187 182 27 326 274 201 59 325 317 250 175 290 167 34 49 241 310 339 197 168 2 81 7 44 3 163 249 342 82 245 258 213 20 145 128 270 139 105 277 127 272 125 188 315 130 157 256 131 57 102 281 162 142 22 344 
34 202 6 319 227 211 294 212 72 157 92 120 164 193 13 301 353 213 185 303 260 246 180 69 18 159 293 222 33 247 271 270 84 203 195 337 187 115 244 96 316 250 325 46 75 188 32 242 116 172 68 210 140 239 60 26 297 137 221 339 9 133 48 27 200 307 241 333 
35 245 330 73 326 273 220 205 293 151 350 181 75 196 237 268 333 63 118 177 9 6 190 297 287 328 1 186 36 83 202 149 161 306 263 344 300 157 292 121 238 322 101 95 325 30 349 130 146 320 14 339 210 133 303 270 120 231 353 188 230 62 105 312 114 253 21 43 145 206 70 291 79 222 104 
36 8 332 124 97 150 266 72 207 148 294 196 137 256 135 293 136 123 133 7 347 262 204 201 269 54 11 307 277 9 35 149 161 324 25 192 51 284 198 232 59 66 305 320 122 65 29 229 344 306 167 302 322 246 111 337 1 327 184 169 104 77 255 176 86 297 117 132 31 292 13 38 304 158 129 22 98 183 203 
37 218 0 47 203 171 75 342 92 109 253 279 181 126 351 168 108 105 174 56 153 1 213 103 241 179 57 41 343 55 154 299 144 339 151 161 187 73 240 199 110 310 8 175 205 67 124 257 113 210 277 349 140 195 82 6 40 78 281 229 312 79 101 223 177 150 60 120 318 99 180 233 228 
38 71 0 349 254 151 102 193 30 331 196 141 87 94 188 295 332 296 123 67 265 247 312 138 65 20 41 244 238 107 269 14 118 314 256 150 234 100 330 339 31 176 119 279 200 195 136 145 294 268 49 88 273 121 91 210 305 133 26 44 175 36 103 252 341 350 275 337 308 139 60 283 267 96 259 181 29 
39 67 4 302 343 65 13 237 8 170 318 227 109 33 61 278 267 243 166 259 335 265 32 157 252 353 74 145 128 307 98 72 172 82 142 328 279 153 313 344 317 193 268 273 203 3 238 40 181 155 101 175 12 26 222 196 169 114 310 69 197 215 248 188 221 311 123 226 315 50 93 117 11 255 167 251 5 271 173 351 186 31 129 292 
40 250 22 302 293 95 140 128 188 71 111 9 310 153 190 315 125 306 6 80 215 241 172 146 144 335 203 122 353 48 324 39 350 300 211 68 53 66 343 276 52 99 274 269 189 295 255 119 317 0 307 129 127 280 44 3 168 142 102 349 131 85 37 285 309 334 112 50 114 194 149 196 2 167 
41 262 0 123 168 111 258 18 139 312 323 310 134 225 327 46 150 160 330 266 155 37 283 174 38 316 24 164 95 180 60 222 245 269 249 85 140 349 113 236 26 202 144 319 15 171 302 191 335 224 131 42 133 321 84 75 136 27 57 345 5 
42 47 184 207 299 149 197 99 7 77 189 89 331 242 185 214 31 5 116 323 165 104 283 322 310 183 327 24 266 279 217 303 338 169 257 348 280 301 49 307 12 314 67 130 237 162 285 158 247 223 150 90 115 167 62 119 288 129 2 25 58 114 241 17 41 222 292 140 145 261 156 220 177 312 
43 348 6 226 115 326 189 55 19 258 93 346 290 227 45 144 99 129 140 295 270 291 282 322 49 90 3 254 202 209 98 259 101 246 353 331 217 249 166 300 142 70 120 107 342 252 180 89 187 229 298 125 88 215 181 119 76 238 266 152 253 264 112 314 332 286 200 241 194 5 30 35 110 328 71 136 250 
44 282 339 239 82 260 254 166 169 229 88 177 149 3 129 66 152 54 52 156 62 349 126 19 242 295 275 79 23 33 168 257 328 270 138 32 28 61 57 185 202 118 153 213 344 75 77 68 307 264 251 146 94 121 200 259 22 158 95 342 222 236 47 40 237 123 125 20 72 38 97 350 330 347 107 144 58 6 
45 311 203 162 87 261 328 340 320 147 314 201 43 233 27 53 229 315 330 71 253 183 325 110 73 346 173 231 29 185 211 160 89 135 216 336 178 300 100 348 281 329 302 227 13 242 26 268 49 263 316 154 4 55 77 264 32 177 115 50 295 3 249 155 289 113 312 78 
46 202 56 323 268 241 295 245 77 261 74 10 309 41 256 64 300 348 332 172 21 168 148 191 217 50 11 187 139 143 69 169 262 150 164 283 190 196 258 104 117 13 207 288 93 34 244 132 113 88 112 353 236 210 324 167 84 100 255 327 110 124 92 158 249 76 297 277 352 274 287 314 252 306 286 227 48 72 184 127 82 130 174 
47 42 189 159 6 179 37 238 135 119 216 209 195 124 352 154 277 200 28 295 178 289 287 266 163 148 279 25 99 307 190 181 204 77 217 244 305 338 31 323 284 13 336 22 143 133 166 234 325 331 291 235 150 8 142 123 54 172 180 94 32 283 168 44 321 280 278 344 310 219 349 341 228 
48 220 49 255 297 353 345 215 315 245 235 325 193 306 324 93 56 71 285 292 318 164 279 178 195 304 328 26 201 301 233 310 40 59 58 216 230 167 90 82 250 30 61 19 293 27 133 242 259 87 157 335 276 23 132 116 0 84 60 185 2 34 4 51 46 206 327 6 128 209 282 340 92 154 
49 48 217 274 251 327 348 19 212 62 302 218 17 29 270 211 347 233 294 97 250 184 187 102 196 258 249 190 43 33 91 198 351 287 168 344 263 321 26 61 186 199 155 163 227 42 149 350 23 139 281 157 324 87 339 119 148 335 45 99 334 176 299 138 277 142 38 338 331 245 79 228 239 30 120 143 15 167 63 141 86 
50 144 242 58 302 156 319 125 278 25 293 76 348 353 287 13 16 340 52 172 146 230 91 200 337 140 113 257 252 260 195 186 109 280 68 129 84 316 118 69 46 341 29 217 283 71 214 292 137 255 262 304 82 232 197 166 92 249 26 209 124 261 151 345 306 167 183 234 39 132 336 248 7 45 233 65 93 61 22 220 122 40 244 
51 341 100 30 33 230 339 307 285 233 57 281 13 82 137 19 180 311 90 162 70 220 92 171 174 4 201 195 71 275 182 54 122 261 287 36 87 289 24 14 194 263 328 81 175 231 296 66 169 274 193 282 303 316 109 187 165 17 166 213 186 205 15 88 267 207 48 331 62 173 204 124 150 138 93 
52 221 337 275 140 23 288 208 178 306 205 50 200 176 81 322 159 32 171 44 308 276 284 235 345 272 344 340 5 15 179 30 336 63 231 232 148 255 101 251 109 69 25 183 40 155 0 353 57 257 131 9 218 330 339 98 75 273 137 89 207 210 150 126 8 117 6 293 113 226 188 233 338 138 256 
53 289 88 7 8 163 158 25 45 216 239 20 24 146 236 116 70 343 208 17 221 117 67 284 180 249 18 276 206 153 340 203 332 97 211 138 28 351 234 297 304 40 274 322 12 225 156 323 262 81 292 144 278 231 79 93 200 73 339 319 168 230 313 202 63 56 101 209 26 224 118 167 86 
54 99 281 111 130 340 339 162 174 184 342 343 98 228 241 259 20 44 164 97 23 273 261 280 321 270 245 179 36 78 142 89 51 155 70 176 306 95 94 305 210 27 338 104 309 115 201 127 169 73 325 323 171 292 279 283 239 12 260 47 233 289 4 276 192 167 263 188 282 135 175 144 64 68 
55 239 56 107 184 83 43 232 157 2 312 255 303 330 13 4 62 180 168 229 66 37 27 227 24 281 338 165 214 16 181 183 87 148 103 155 215 21 149 341 279 193 248 304 329 94 150 350 278 272 347 212 171 172 202 86 158 45 63 190 264 211 125 5 189 28 141 323 275 60 174 273 328 
56 85 46 55 14 116 175 3 48 37 105 316 312 303 224 298 24 236 207 64 169 8 118 265 219 173 159 280 272 60 83 267 302 113 6 128 317 66 186 25 62 200 137 221 247 157 254 91 301 305 53 129 20 194 167 292 161 251 240 348 252 10 
57 293 134 116 340 64 143 146 51 1 234 10 237 187 333 231 17 197 37 346 280 125 79 185 88 60 319 161 121 18 341 142 217 97 75 28 253 310 44 226 170 65 252 7 214 20 249 14 105 200 73 191 21 281 277 291 52 315 25 265 289 159 286 89 137 207 118 213 104 282 287 301 94 192 259 33 242 41 298 223 206 243 321 
58 50 271 300 176 350 202 261 157 143 106 338 136 208 250 122 160 286 285 198 326 256 68 185 219 67 81 95 184 125 327 226 48 331 1 290 116 109 13 225 197 337 139 269 115 235 312 25 102 137 227 315 204 42 88 24 239 87 86 158 322 100 44 169 112 
59 13 11 200 114 263 214 333 115 179 316 4 86 161 331 232 24 330 26 206 96 33 202 120 301 294 236 141 94 343 293 106 209 91 238 282 198 48 36 235 1 169 195 219 249 218 66 223 205 295 352 145 10 277 18 318 291 178 279 27 0 32 22 332 255 101 126 163 323 190 23 327 199 275 240 347 230 
60 177 151 212 127 167 77 282 307 159 1 259 82 253 205 101 197 173 192 348 176 289 72 347 114 235 95 258 351 179 239 5 165 57 199 281 256 283 163 313 56 300 250 137 325 93 312 161 88 41 216 305 153 186 353 233 7 181 187 290 255 80 129 320 62 291 234 121 204 17 34 26 84 48 117 37 55 79 128 202 311 102 38 228 141 85 
61 127 91 142 220 203 2 39 223 255 291 178 19 66 11 333 144 14 344 179 149 20 147 135 49 99 248 168 296 31 166 44 269 92 48 285 13 25 88 109 238 212 224 329 70 160 286 126 201 32 334 328 128 267 282 245 243 353 116 50 4 284 87 
62 68 223 195 239 65 335 49 192 232 55 161 63 323 44 256 96 162 84 229 110 118 165 264 241 350 175 346 139 6 1 302 7 159 17 332 325 56 299 276 22 80 277 136 119 180 293 215 349 42 60 35 170 250 9 94 285 279 278 231 207 336 283 164 51 109 153 
63 319 202 303 80 301 115 75 12 77 20 157 251 102 172 35 156 62 194 317 74 238 284 268 123 346 326 307 336 337 76 290 278 140 313 234 30 52 235 179 97 166 335 148 228 158 262 31 241 315 13 55 227 311 53 68 170 18 197 139 225 174 270 252 49 338 167 
64 253 172 275 14 115 247 181 170 227 184 326 57 301 190 162 204 246 46 310 267 5 111 276 56 130 232 324 126 106 11 278 219 307 118 151 298 73 84 142 244 333 335 263 123 196 95 237 311 332 192 160 159 10 163 149 16 182 8 265 194 205 226 189 27 108 21 65 208 54 180 
65 133 21 39 184 275 62 93 72 152 66 263 103 253 136 95 283 347 171 262 98 200 279 177 38 320 124 245 340 261 14 141 236 7 88 226 121 68 265 235 248 36 277 57 271 162 16 210 0 70 218 183 91 160 329 11 229 71 326 243 134 50 316 83 105 64 3 
66 254 119 96 181 28 33 341 104 70 97 216 212 173 65 260 12 189 44 317 232 99 174 61 305 303 55 142 307 124 291 24 268 220 333 32 67 237 36 89 327 275 159 56 207 84 40 215 281 172 138 6 246 85 59 51 211 170 192 5 155 348 143 26 145 277 208 233 191 171 78 88 178 250 133 177 122 151 101 204 184 205 
67 109 39 23 263 111 191 256 182 211 295 239 216 134 245 21 19 273 38 202 138 221 167 327 183 317 258 53 314 272 271 58 198 204 66 88 316 218 174 231 329 309 95 156 190 127 248 225 118 106 158 259 42 3 201 37 252 177 85 336 230 346 283 325 144 330 143 297 148 296 215 340 24 243 72 278 326 
68 62 69 99 78 114 120 0 101 1 307 83 309 141 253 287 126 320 129 292 197 277 75 72 271 73 337 50 151 92 196 58 267 220 209 178 109 65 273 14 160 324 350 139 40 168 205 246 235 203 44 15 236 180 310 147 154 34 74 159 218 214 105 173 125 63 142 284 187 3 334 207 135 70 336 291 170 18 276 183 345 86 110 212 22 54 
69 68 287 223 204 333 123 345 97 83 34 184 259 292 163 10 233 251 50 301 143 70 100 166 74 22 188 46 257 12 234 175 201 236 261 226 206 230 266 252 71 52 209 246 263 39 75 78 214 21 280 0 17 238 283 145 174 212 198 240 
70 213 290 150 238 66 220 315 30 116 239 111 321 107 264 242 200 255 268 129 51 179 257 113 53 185 228 343 69 177 54 28 206 19 190 79 271 22 32 306 336 43 100 165 262 304 270 5 235 119 16 127 65 186 279 12 221 330 249 61 93 174 283 160 342 340 125 0 180 72 81 194 68 218 351 265 128 35 158 299 
71 38 305 221 338 143 202 13 40 172 314 178 180 321 84 203 229 241 48 28 183 45 114 208 285 51 29 142 94 74 269 193 224 50 104 15 216 246 272 5 0 144 69 95 279 201 20 326 140 310 168 328 24 249 65 83 307 239 209 319 322 308 156 304 220 110 329 43 18 126 351 301 
72 288 298 145 34 190 24 65 131 291 36 199 322 178 198 212 250 217 211 7 19 143 171 5 254 68 106 60 39 10 241 12 88 91 86 283 189 259 342 82 226 31 1 272 139 244 307 208 200 301 191 176 311 3 330 30 313 263 159 271 154 113 187 317 275 349 97 9 44 133 153 70 158 333 343 46 67 316 183 269 324 141 107 
73 351 19 148 35 234 99 320 24 231 105 268 185 224 330 106 285 123 96 219 68 22 232 237 254 331 344 45 103 98 83 18 127 201 276 333 133 175 131 76 37 303 136 64 143 236 291 11 197 248 292 316 57 122 54 2 74 210 325 205 227 158 298 117 167 53 25 302 308 204 159 14 162 233 79 181 4 270 26 280 338 
74 247 135 289 206 290 22 94 317 75 149 328 316 231 294 199 276 46 321 232 85 39 194 298 184 139 310 175 281 63 88 144 216 83 20 71 210 330 78 352 347 69 240 183 133 301 243 193 161 319 118 103 166 180 127 343 267 170 73 245 341 68 89 256 211 4 25 12 109 90 288 207 239 95 117 91 26 171 230 119 326 262 18 
75 168 276 112 286 118 37 106 145 196 63 325 74 29 35 139 116 305 174 4 243 68 208 222 140 248 260 289 0 146 329 90 128 105 275 32 30 177 157 175 224 9 57 338 7 352 250 238 84 249 294 183 104 242 316 14 44 34 27 337 85 290 327 69 132 155 239 52 197 214 136 171 185 133 156 41 253 274 173 96 270 351 86 2 335 
76 332 50 187 292 331 213 261 81 154 78 283 26 149 348 317 197 18 274 281 100 219 63 269 73 262 282 260 77 19 195 156 287 24 294 43 271 94 309 221 86 46 173 11 312 232 157 321 15 131 162 176 200 107 205 
77 236 171 15 3 320 216 153 60 112 46 63 342 42 223 213 96 81 125 240 181 87 319 28 95 148 110 348 47 76 210 86 126 309 293 257 182 127 17 106 211 300 44 255 84 30 273 36 82 176 290 231 45 344 151 315 183 193 145 137 304 174 6 10 189 143 343 215 289 185 234 276 170 
78 329 68 220 236 256 17 27 203 223 253 125 281 327 251 89 135 76 173 260 152 91 322 182 323 320 32 333 0 54 314 129 74 99 268 168 2 351 90 295 309 252 10 275 315 255 238 294 201 210 16 343 69 332 316 321 344 306 194 233 248 83 218 337 274 37 84 66 246 305 24 214 212 154 307 45 155 
79 126 16 222 31 170 96 184 203 349 284 312 343 248 328 7 237 345 57 211 94 285 11 253 168 44 299 293 80 110 70 351 255 235 202 8 319 314 200 227 197 107 119 53 141 29 196 19 348 85 150 49 335 272 14 323 10 257 73 342 37 173 60 194 206 25 234 191 35 321 
80 175 63 20 122 340 121 251 234 101 133 114 153 319 40 141 203 200 243 214 143 296 182 79 211 245 206 337 107 242 104 191 221 350 258 128 5 348 62 297 233 24 263 60 25 310 328 99 237 171 323 318 210 332 116 161 287 23 324 134 215 84 
81 150 133 171 321 340 233 232 290 136 94 160 7 52 345 295 76 77 245 108 325 129 230 248 253 93 268 85 209 173 135 58 13 33 341 29 223 331 214 254 195 285 348 82 128 294 281 22 51 53 347 269 353 327 164 200 83 212 194 183 349 317 121 89 303 273 252 308 138 334 70 282 172 163 186 117 274 198 258 15 21 309 
82 121 307 236 229 214 44 265 305 224 86 181 60 280 51 268 319 310 243 144 332 3 39 316 311 277 264 85 258 202 259 204 203 123 346 72 217 226 187 94 81 273 33 162 50 18 48 128 9 83 240 151 116 271 282 193 130 77 208 167 37 347 334 135 26 105 233 197 46 247 84 171 155 180 165 201 185 
83 145 259 27 209 55 340 285 176 68 300 262 295 130 69 323 312 2 221 348 74 73 127 35 332 4 158 350 214 56 178 324 89 104 185 156 199 82 265 342 305 204 95 3 322 254 325 81 270 237 189 117 107 330 198 202 203 212 78 267 71 109 177 183 22 213 100 65 147 210 165 142 
84 190 320 175 90 23 230 33 291 318 141 325 263 71 121 297 226 319 293 307 210 250 202 155 207 334 50 197 86 19 62 225 336 12 199 131 20 284 92 10 34 108 329 146 64 145 75 243 66 327 300 214 167 238 249 231 14 224 240 283 350 77 211 104 257 338 153 46 17 289 78 48 195 235 60 242 41 279 82 270 94 340 215 80 
85 161 56 209 236 323 28 96 102 301 308 284 31 278 93 74 220 335 133 156 155 218 331 82 81 302 129 9 340 252 216 191 41 19 94 234 321 238 104 251 66 188 195 274 22 20 192 75 148 159 260 257 67 336 168 79 126 210 5 282 324 281 123 91 277 40 2 305 290 291 205 175 173 60 217 166 98 273 
86 148 16 22 180 96 336 0 339 325 145 221 294 231 92 236 82 59 210 347 246 204 353 273 281 301 160 254 264 234 32 316 72 141 84 245 77 338 319 185 2 334 170 95 233 195 104 213 250 55 36 99 212 192 167 76 121 255 266 217 186 179 345 306 58 198 317 241 68 53 49 268 75 116 
87 18 45 163 38 345 336 175 223 249 116 8 295 291 283 334 130 77 155 298 275 168 316 164 224 17 158 93 51 340 183 55 251 274 349 139 156 221 49 300 347 318 27 311 126 32 97 297 48 11 272 239 252 308 103 147 120 140 241 180 228 324 262 58 229 198 14 61 257 
88 176 53 125 11 185 20 44 195 192 268 235 126 262 253 22 246 131 74 162 72 57 237 306 32 161 124 313 65 251 197 67 152 60 139 353 345 102 117 181 232 106 339 169 190 285 61 43 331 46 241 311 297 97 119 214 165 135 38 304 90 344 58 261 0 115 347 66 227 51 281 239 300 216 
89 280 113 19 241 123 223 247 264 338 93 137 210 313 42 343 214 200 78 174 266 235 162 270 345 8 54 205 22 341 112 138 45 83 140 228 66 220 350 182 10 216 310 242 43 173 23 12 57 142 117 278 179 302 187 74 81 52 100 352 260 285 208 27 181 349 175 297 125 160 
90 247 221 160 84 93 312 206 230 103 223 203 141 172 151 116 51 198 102 293 339 75 22 43 19 252 231 193 287 32 78 144 335 235 244 316 48 155 13 218 350 10 23 25 258 301 42 131 88 74 255 4 91 279 3 264 256 16 184 310 27 330 311 15 277 224 
91 155 33 208 287 330 151 184 61 99 306 244 268 200 50 159 181 183 148 329 259 14 78 17 0 310 319 237 266 49 299 72 189 316 303 59 168 153 203 111 202 25 179 248 300 353 187 235 65 234 56 122 152 38 195 321 85 157 307 185 28 90 115 210 295 74 322 326 171 302 341 
92 147 306 231 34 181 152 329 37 302 86 262 205 31 228 18 324 51 112 161 270 3 278 68 236 170 128 104 349 84 232 239 198 28 259 185 271 289 310 106 332 61 174 240 301 242 50 338 207 149 126 319 148 46 145 110 23 159 188 340 134 313 48 258 348 
93 210 12 4 65 30 125 90 183 89 209 159 149 103 17 112 43 352 297 85 48 187 323 274 279 315 305 257 81 158 157 138 286 9 60 87 189 215 1 208 225 128 136 330 346 142 120 202 46 6 273 269 133 132 319 53 70 155 102 334 113 22 236 39 135 131 259 143 264 50 203 249 199 314 312 245 347 250 322 51 
94 216 241 19 194 109 208 313 128 171 314 162 38 74 81 2 254 234 276 185 147 209 300 307 111 71 79 281 22 277 262 59 170 286 117 97 176 54 215 82 103 324 188 139 272 85 257 14 44 278 55 349 339 294 144 47 328 76 110 290 62 164 57 116 305 344 3 178 199 186 207 84 285 135 140 168 
95 161 4 40 165 244 328 182 292 301 156 261 65 239 234 103 343 21 233 162 60 217 125 166 5 275 77 133 276 258 58 100 1 123 101 41 19 54 318 35 104 3 67 257 106 177 71 64 139 86 83 158 209 201 242 213 44 127 192 145 191 113 248 74 347 335 346 311 169 119 298 14 
96 216 25 86 66 269 249 313 79 85 198 211 250 17 77 73 246 275 168 256 59 193 62 166 226 311 245 229 183 30 0 117 184 34 233 140 222 248 243 103 263 326 16 143 107 146 231 171 21 9 333 194 200 214 280 352 336 75 38 100 327 
97 288 302 36 251 253 343 319 66 168 69 29 160 231 54 49 283 241 0 110 258 266 304 132 205 136 194 5 146 105 350 53 94 57 229 232 26 321 182 311 63 128 104 224 265 108 327 322 14 125 263 87 88 137 147 314 21 276 289 320 72 44 11 264 287 222 175 312 
98 344 295 300 163 250 54 162 307 330 65 170 39 340 167 73 151 43 271 251 189 161 217 110 341 296 283 198 201 353 183 236 350 267 182 257 284 314 331 139 288 235 240 52 348 27 263 194 156 4 177 11 301 143 264 7 132 36 22 196 85 
99 206 68 193 114 54 273 42 351 226 73 305 10 91 120 190 239 332 113 242 122 100 216 333 66 258 43 123 4 302 148 282 341 12 17 47 219 78 177 245 61 230 105 161 184 111 106 139 110 126 222 255 335 244 40 49 221 16 119 182 135 86 80 179 20 171 13 15 298 37 7 334 260 220 24 117 188 315 32 
100 51 9 222 234 2 150 159 146 184 99 206 181 248 109 288 289 277 314 282 229 195 128 69 130 76 95 251 330 191 186 185 38 252 268 45 261 70 168 165 131 162 8 266 246 230 303 17 310 46 132 338 187 89 18 219 308 10 333 83 216 197 177 58 154 312 96 345 107 
101 341 243 177 200 254 271 68 250 80 104 306 152 60 15 147 347 268 350 184 351 166 131 328 187 117 145 335 315 7 169 43 113 95 107 181 345 285 165 240 35 4 337 213 39 25 108 52 316 11 297 264 265 185 140 0 9 294 220 53 292 342 59 180 37 130 260 269 209 202 66 1 299 251 127 123 
102 150 38 311 306 330 262 183 222 85 172 63 235 10 218 328 146 344 171 7 329 169 292 244 106 49 90 269 260 238 13 340 177 337 130 119 212 14 88 175 191 165 333 24 214 109 299 58 93 5 300 279 258 338 40 282 168 103 253 321 132 33 274 60 143 264 27 181 351 0 272 
103 274 121 164 109 93 90 320 300 335 65 338 149 5 141 95 186 316 169 37 256 148 140 305 73 319 170 171 175 134 10 253 329 94 242 55 240 74 108 215 196 96 114 24 203 167 352 260 306 132 136 87 294 279 106 102 150 38 222 184 347 
104 241 176 149 181 66 342 272 101 163 123 293 301 252 158 139 136 246 345 42 196 12 141 124 92 71 219 125 257 83 95 54 262 46 140 282 75 80 85 97 130 129 86 203 197 221 29 84 36 312 353 199 281 285 57 150 267 137 169 228 31 278 152 341 35 
105 333 16 201 143 338 336 14 117 73 241 256 37 56 114 152 112 280 145 268 181 75 186 97 277 265 127 122 264 99 262 31 148 281 289 248 140 32 57 314 33 307 216 225 17 219 341 298 330 141 107 35 121 313 68 301 322 178 109 82 146 147 65 116 334 187 144 
106 338 21 302 308 117 212 75 319 111 205 196 324 301 348 202 280 331 73 177 116 293 0 10 58 15 72 167 102 327 64 185 163 337 296 328 203 59 311 323 99 92 209 230 351 156 95 19 77 67 313 290 88 160 18 149 207 262 235 198 285 273 132 252 103 232 200 11 305 326 189 243 310 
107 23 308 169 282 4 55 26 198 159 313 345 352 195 335 316 70 303 292 3 332 314 220 302 223 328 230 142 123 252 237 38 101 246 199 115 80 215 43 305 164 338 79 83 96 271 239 105 134 12 155 250 233 156 44 150 76 72 100 
108 136 306 316 171 164 180 161 290 134 37 141 168 81 331 255 185 242 159 231 308 217 197 84 110 131 277 170 219 101 103 97 196 302 147 276 243 3 249 260 339 109 13 190 345 137 346 16 288 323 148 117 193 251 256 321 268 64 344 266 248 114 209 
109 67 156 94 285 103 18 140 197 117 306 37 39 24 245 344 11 196 171 334 188 100 327 333 192 216 50 222 269 302 152 290 4 238 68 314 113 235 208 296 110 287 211 58 52 224 172 313 268 311 115 14 236 61 102 136 108 304 289 51 74 83 163 221 294 315 244 105 225 282 10 142 62 272 
110 112 185 116 311 29 156 301 208 302 160 344 97 45 266 171 134 348 209 347 336 212 295 129 77 334 319 142 62 108 118 79 279 4 128 350 239 99 98 109 132 37 270 199 329 174 291 169 18 300 289 240 278 324 227 341 94 46 332 92 305 340 19 253 268 43 322 71 7 205 68 26 
111 67 173 54 41 106 40 70 234 134 208 166 64 94 17 115 174 227 319 125 259 160 136 99 162 157 91 6 276 260 149 297 164 307 282 36 191 315 31 196 23 210 135 309 256 199 147 185 239 345 198 21 146 271 123 181 
112 266 75 188 110 9 170 232 77 7 193 217 93 309 228 315 154 24 348 105 331 92 216 20 248 240 164 325 304 117 221 243 149 89 285 244 307 123 293 186 22 158 159 166 222 143 319 146 230 352 271 191 46 272 126 183 135 227 160 332 43 139 323 210 274 262 157 291 340 12 165 115 225 40 58 280 
113 89 134 8 237 318 313 32 130 99 5 190 200 50 259 31 246 194 137 182 295 132 70 128 250 228 206 159 352 238 101 115 167 274 109 226 56 294 116 138 251 41 6 46 1 126 142 30 241 37 283 129 278 93 24 215 72 327 287 279 339 95 230 324 52 343 183 347 16 45 221 
114 170 238 99 59 68 131 312 2 124 274 353 224 334 157 28 184 80 291 322 118 12 267 134 174 105 243 60 71 306 191 241 307 199 133 18 339 223 177 203 319 115 335 253 120 117 103 39 171 160 233 123 214 137 308 208 35 1 42 173 27 317 344 303 20 328 293 40 108 276 192 180 
115 183 237 321 143 64 63 43 241 59 30 205 324 316 3 229 320 189 11 276 318 111 177 154 352 215 186 121 113 219 337 204 107 331 270 54 34 119 114 4 27 147 109 278 164 58 226 203 313 196 200 24 42 12 343 265 145 224 139 156 218 310 45 88 135 91 261 112 249 227 
116 28 137 184 222 140 57 56 110 153 303 87 70 250 244 75 151 139 278 118 106 9 282 237 90 347 248 308 42 171 3 12 53 221 193 343 4 177 299 120 269 206 284 197 319 132 164 113 1 58 15 317 123 82 172 288 23 148 34 335 196 314 262 190 328 214 340 48 7 11 311 251 245 268 94 61 255 80 105 14 86 
117 308 210 269 106 353 181 109 287 322 105 307 202 341 167 203 137 138 145 306 303 249 282 53 286 112 166 142 101 30 94 96 46 121 88 264 340 351 147 12 217 114 83 89 73 342 289 36 39 239 277 108 155 60 280 52 74 316 81 99 18 161 
118 312 212 75 264 12 140 161 327 274 116 224 114 157 131 134 198 351 35 238 189 176 2 181 217 119 56 170 17 262 50 348 166 139 309 265 64 38 305 342 133 62 194 110 218 204 32 74 67 154 44 245 307 251 146 57 255 234 28 303 214 261 256 284 316 247 53 315 334 
119 306 142 66 120 138 217 178 47 183 28 118 9 160 284 195 21 143 320 349 29 301 102 186 32 115 286 325 38 213 70 248 134 49 43 79 210 88 99 62 133 204 40 282 8 1 42 126 268 333 226 205 262 225 157 173 334 74 95 
120 129 183 68 119 34 347 152 181 301 99 166 161 9 233 17 215 150 59 207 288 173 116 32 218 211 284 194 212 133 249 178 342 11 93 282 43 322 114 243 261 26 304 35 197 257 187 23 213 303 144 224 333 208 123 300 185 0 87 49 308 146 283 267 14 184 128 37 309 147 31 275 259 
121 0 103 82 306 271 175 26 257 80 274 248 13 131 272 31 312 172 159 84 347 28 138 237 17 265 177 202 4 20 263 57 189 65 115 35 165 133 334 235 191 345 117 305 221 289 254 260 176 336 310 198 297 44 8 183 6 325 203 143 151 81 60 86 38 105 311 353 247 208 340 140 23 316 
122 11 16 180 123 303 80 316 238 302 157 99 219 58 344 322 161 353 135 227 261 51 139 105 337 40 330 15 153 36 267 73 254 127 236 204 266 150 91 125 334 217 27 211 178 17 221 131 66 50 274 
123 321 151 41 122 89 224 30 69 132 173 232 29 162 238 104 36 38 277 177 320 73 99 161 279 207 283 183 63 107 160 14 266 82 273 240 95 17 348 331 112 199 351 344 64 184 293 300 157 116 267 295 217 353 128 47 114 192 325 120 182 39 85 44 19 143 330 243 178 313 312 284 26 32 195 142 111 125 150 101 
124 204 15 36 327 164 237 324 114 173 135 224 274 163 245 213 47 133 140 234 5 198 353 66 341 65 147 104 144 88 298 310 342 253 26 136 134 170 291 255 282 210 37 196 346 345 159 50 17 180 205 28 290 46 193 162 209 182 337 278 51 238 280 
125 305 50 93 212 88 127 178 225 342 261 324 196 7 256 78 306 243 40 77 220 274 217 302 149 250 5 242 57 15 343 314 95 228 111 126 18 104 21 58 207 329 304 252 222 244 328 266 169 165 240 279 170 137 43 0 97 131 33 10 122 206 22 55 130 44 68 11 349 70 234 259 307 28 286 123 89 337 
126 79 235 339 331 253 315 68 327 4 37 278 321 88 320 217 301 172 259 23 219 304 64 326 44 218 306 336 254 272 125 26 141 214 349 21 323 99 222 77 142 294 196 29 307 113 129 87 230 112 92 190 61 85 207 119 215 52 59 243 273 181 280 71 8 143 
127 8 279 60 162 125 61 166 267 332 137 222 158 242 171 310 308 233 292 272 196 170 83 73 315 105 141 325 232 208 216 275 6 164 67 194 187 77 54 237 74 18 70 148 122 234 14 284 181 33 311 270 271 160 95 177 40 278 334 291 283 352 46 217 238 276 101 
128 94 268 40 21 9 14 240 294 239 210 252 232 148 254 152 39 303 307 293 352 140 15 75 100 113 92 298 170 286 332 233 110 56 156 160 330 81 238 93 97 180 230 23 82 256 313 220 33 80 155 31 123 202 163 279 174 265 236 342 61 320 129 120 60 70 48 194 12 29 231 
129 152 345 251 120 6 185 275 260 190 291 205 233 142 68 44 137 81 31 325 70 0 43 166 15 234 50 206 306 17 78 289 85 110 163 327 276 25 219 271 216 21 333 261 300 172 178 217 336 104 222 126 231 264 227 113 318 60 42 40 28 335 56 134 168 349 278 128 3 313 36 196 200 4 238 39 311 
130 24 289 54 18 352 281 180 300 113 184 171 202 288 154 83 87 135 347 140 64 303 248 199 30 337 315 167 3 100 173 102 17 178 308 174 297 35 11 260 190 189 104 42 164 82 216 169 336 207 25 273 33 323 125 245 101 21 46 
131 148 178 147 114 72 199 121 118 132 222 13 251 284 11 242 5 203 88 323 143 255 271 157 84 185 101 3 73 137 108 215 30 232 330 140 260 100 159 23 151 247 248 52 125 345 90 204 327 257 275 234 41 12 40 278 93 270 10 152 343 33 286 76 299 187 122 158 227 32 
132 204 284 198 182 187 123 288 183 291 222 146 277 131 140 298 281 27 341 215 336 113 263 97 309 248 350 312 240 0 219 116 110 194 212 46 344 93 338 300 276 75 200 208 331 229 326 352 246 103 106 100 48 36 50 2 203 148 102 302 29 98 160 211 
133 81 317 340 143 65 305 299 281 283 19 80 36 240 148 124 149 85 18 179 30 9 267 188 344 276 324 279 17 32 95 176 74 73 118 114 231 29 120 121 150 225 353 47 277 217 22 315 35 318 93 236 136 48 335 347 184 119 296 249 291 38 282 41 72 243 34 75 66 161 343 255 271 6 
134 1 251 113 57 169 28 342 282 147 137 187 8 41 67 108 191 267 32 153 118 241 111 114 290 244 18 110 242 103 304 220 201 143 208 312 236 252 124 155 239 264 285 174 286 246 119 177 196 298 159 218 277 289 270 311 13 140 165 138 23 107 129 9 176 168 65 329 92 340 80 336 
135 302 74 218 256 190 47 138 177 36 124 21 78 183 130 23 122 288 156 81 195 245 208 61 273 318 188 227 259 285 192 45 145 215 17 26 325 111 112 99 7 88 228 231 147 235 29 251 347 249 12 170 93 346 344 261 115 82 68 226 213 54 94 204 
136 250 217 108 9 27 6 148 272 246 211 349 81 36 177 65 314 207 266 58 318 280 346 104 29 251 237 97 184 0 141 242 165 270 286 247 230 111 73 352 31 186 13 93 157 124 173 241 24 226 222 306 22 348 221 38 109 133 62 20 345 103 75 227 254 225 206 41 43 300 
137 324 116 335 325 134 89 268 267 127 36 26 180 51 269 257 338 129 117 298 158 113 168 216 177 3 60 11 131 226 50 143 150 203 292 222 225 253 125 346 193 283 56 196 315 57 108 58 349 18 97 213 345 348 280 114 104 52 260 184 34 163 318 139 77 144 4 221 323 17 211 186 
138 292 28 302 119 335 30 260 135 0 29 147 338 27 19 165 269 243 117 67 121 38 160 340 224 25 155 153 179 93 209 89 53 157 183 44 202 158 329 113 159 315 336 306 66 203 240 278 343 17 49 134 345 282 228 194 81 225 150 191 184 51 52 254 
139 284 258 185 41 239 75 116 206 142 251 104 233 74 298 17 246 210 156 200 285 160 46 118 352 161 122 204 88 99 275 62 68 72 94 87 49 279 207 301 95 33 58 3 98 222 297 323 270 115 112 307 203 223 174 333 22 164 266 63 137 255 276 38 349 261 25 13 
140 11 166 199 109 116 52 40 118 297 161 255 16 328 4 256 50 132 124 75 311 336 332 130 43 128 326 263 244 339 103 258 189 324 210 198 299 331 63 296 89 209 104 131 248 41 105 187 227 6 96 22 291 71 30 264 162 101 155 134 34 320 27 37 266 87 277 304 146 218 42 313 121 262 94 169 
141 293 24 225 28 286 344 38 202 322 68 328 166 84 206 90 291 108 215 275 103 154 327 271 80 284 353 104 323 243 18 86 65 136 59 172 220 248 127 192 126 279 269 351 227 196 331 246 301 142 12 333 223 181 283 79 335 27 241 105 252 324 274 189 55 23 330 302 49 60 72 
142 223 119 27 320 307 206 328 285 262 61 329 272 6 129 18 154 346 353 7 256 338 339 276 139 323 66 107 39 54 311 249 71 230 117 312 340 181 32 244 110 253 57 182 309 227 257 144 195 64 43 126 334 166 93 198 141 239 11 275 318 351 343 113 47 319 89 226 49 316 294 191 40 215 170 1 68 331 232 33 123 109 83 
143 133 115 326 71 105 208 57 275 244 158 72 167 58 337 23 180 313 317 220 131 333 287 302 258 163 4 216 69 119 144 80 46 335 279 227 73 134 340 145 137 0 47 10 112 177 235 172 221 96 159 304 308 66 21 224 230 151 121 190 228 67 324 210 49 123 93 98 7 266 270 189 77 102 201 160 9 319 126 
144 50 160 297 306 180 348 163 301 43 82 237 2 340 349 74 61 202 124 243 40 143 37 153 25 351 6 254 90 142 238 299 323 71 242 191 23 176 245 53 233 177 41 201 94 273 167 120 266 26 67 353 27 156 296 181 162 219 256 17 217 148 320 257 32 137 216 44 14 54 194 105 
145 253 83 72 75 187 307 12 86 182 330 223 213 192 299 147 326 176 336 39 321 262 117 105 146 332 184 239 348 285 101 241 154 237 274 14 32 340 135 278 143 84 177 26 33 295 208 226 251 210 298 59 306 327 38 261 259 162 115 66 331 164 233 211 92 95 325 4 77 18 35 42 69 209 1 201 183 29 
146 345 19 18 216 0 100 256 57 244 50 230 132 102 258 234 307 265 53 324 145 75 299 97 5 11 223 40 353 351 2 252 218 84 208 342 238 243 298 349 22 35 112 228 44 241 27 199 118 283 294 96 178 9 140 306 120 30 240 32 105 347 340 111 20 16 193 
147 92 315 345 131 251 348 134 252 287 45 317 145 138 255 182 188 214 327 312 101 223 94 257 148 228 219 124 350 240 61 306 217 186 338 14 282 218 194 17 296 115 303 263 108 117 216 31 24 245 285 151 225 68 237 239 167 286 97 242 135 280 111 87 349 2 7 340 314 105 256 83 244 120 189 337 
148 86 200 152 131 73 136 36 279 232 13 91 31 128 133 247 260 147 103 99 314 46 346 47 77 160 10 280 3 55 105 6 52 218 231 311 332 14 299 116 63 187 85 180 49 127 4 175 283 338 182 302 92 226 323 67 108 250 287 223 144 198 132 225 220 222 15 
149 154 42 235 104 6 252 282 10 320 74 93 205 232 288 331 44 103 344 292 133 125 261 76 347 36 61 273 4 334 35 5 112 322 174 253 250 49 111 55 275 7 92 224 175 181 106 329 300 9 240 280 64 168 194 321 335 40 176 196 195 231 
150 81 102 25 70 273 21 36 100 341 194 352 242 252 179 267 41 217 307 229 215 248 322 250 120 209 23 187 305 338 0 46 38 18 315 264 168 133 212 137 5 4 303 47 313 334 347 268 202 198 350 55 225 216 42 312 259 281 122 79 104 103 263 52 37 10 138 107 260 220 237 351 51 290 123 
151 123 168 38 60 190 286 210 91 255 327 309 35 243 8 337 116 268 195 90 29 155 301 271 184 68 163 312 160 98 344 242 314 37 171 64 247 31 274 198 306 325 324 82 264 180 131 172 147 197 293 237 329 50 143 176 121 223 201 208 225 77 181 173 66 353 235 
152 129 148 211 17 189 232 120 92 328 65 177 270 101 212 298 340 44 78 256 128 105 20 294 3 307 199 109 166 178 333 331 222 8 181 252 240 335 288 88 245 349 254 295 302 225 205 213 318 231 43 1 209 322 12 91 14 330 21 201 131 223 261 339 0 104 286 
153 267 18 239 217 202 77 259 192 116 271 40 0 321 134 37 80 204 268 270 347 197 39 29 311 138 144 53 312 169 238 91 122 178 60 315 322 44 201 324 249 3 84 174 173 287 72 286 196 348 256 232 244 262 309 240 62 
154 201 149 248 24 165 27 204 130 142 255 336 76 299 352 112 47 141 318 257 333 115 167 331 37 178 145 279 305 21 249 303 292 118 337 287 166 28 6 243 68 183 252 45 188 72 256 213 156 227 220 242 262 100 284 78 48 276 
155 91 296 267 209 188 194 284 31 352 176 18 252 289 151 309 87 41 256 331 85 84 279 138 54 308 7 185 299 49 274 204 39 259 3 55 90 178 134 30 169 326 128 19 52 66 243 187 140 93 211 75 168 344 282 107 312 117 345 343 45 184 191 311 199 300 247 330 82 78 
156 168 207 109 227 50 31 14 295 323 6 110 349 188 95 176 24 157 44 63 85 315 183 139 289 197 258 329 135 30 191 202 128 348 76 189 83 213 106 67 350 53 87 309 212 332 296 318 209 249 319 16 180 3 217 8 260 300 144 154 232 115 245 333 98 290 195 210 267 107 75 71 250 32 42 192 
157 343 294 323 34 264 166 301 252 296 55 197 175 63 122 167 218 280 58 114 168 118 210 156 39 8 316 290 326 21 333 131 182 26 93 75 18 24 237 35 267 138 111 245 275 248 269 281 136 302 191 123 49 346 211 56 48 212 311 304 19 340 5 91 270 283 258 33 76 202 112 255 209 352 259 119 291 174 190 
158 317 214 310 207 244 277 280 296 171 143 221 127 53 256 104 10 278 27 184 137 205 23 345 93 224 175 24 83 269 87 268 276 192 138 279 275 112 238 218 67 261 212 95 42 161 28 198 213 323 73 44 21 55 63 349 211 30 46 227 324 319 243 72 36 58 131 70 20 
159 47 295 350 343 107 257 202 100 93 60 286 244 91 259 8 301 267 52 121 273 205 15 34 223 258 164 235 108 197 56 113 351 176 163 252 225 22 254 66 138 271 112 303 246 62 131 20 242 5 134 294 85 179 240 318 124 57 265 322 143 334 68 72 64 23 14 73 296 92 12 337 
160 144 90 306 208 270 345 81 343 97 315 186 41 227 163 272 319 58 110 259 138 86 284 8 342 119 330 307 151 123 266 139 148 45 111 299 350 311 68 128 331 216 329 239 106 300 195 114 347 65 61 260 64 256 112 31 241 127 11 279 70 304 191 228 287 26 244 199 143 89 132 
161 85 322 95 168 188 174 118 195 140 263 108 120 240 13 17 59 313 290 62 347 123 92 6 122 57 36 88 35 10 302 37 139 2 311 99 267 60 98 197 269 209 74 299 18 325 272 218 316 271 308 158 32 320 212 257 287 166 349 233 133 277 80 56 282 117 250 3 
162 45 182 340 268 183 127 54 94 304 263 260 123 217 64 98 264 10 31 318 220 246 51 89 271 276 178 95 200 88 62 225 189 277 195 204 7 3 111 82 6 9 65 100 245 347 42 342 140 285 145 144 124 32 73 222 218 252 33 76 23 230 322 
163 330 323 326 98 181 259 286 222 87 53 331 337 104 124 144 21 329 18 160 168 227 334 47 69 151 184 143 186 167 106 60 210 129 179 319 159 33 49 309 217 278 267 314 279 325 19 1 128 213 201 251 11 190 248 64 109 246 137 315 59 343 289 81 194 298 7 
164 240 103 25 34 298 124 172 108 26 324 6 1 171 224 0 299 288 54 255 253 209 48 249 235 194 159 27 304 200 112 195 87 196 41 46 276 116 308 127 20 292 190 256 111 168 130 107 81 115 306 198 145 10 348 191 94 139 340 199 62 223 205 281 330 319 12 258 246 
165 0 331 95 279 154 12 322 138 269 278 169 23 42 319 60 339 136 55 62 198 350 101 121 167 285 294 234 6 13 186 70 179 102 100 125 323 24 239 351 213 343 229 264 134 88 16 51 32 297 271 206 307 233 180 304 112 288 168 83 7 347 82 22 
166 197 140 22 9 157 127 44 120 251 141 5 39 31 21 111 29 333 129 256 237 96 95 174 152 101 118 180 117 305 69 247 200 290 204 353 61 1 43 142 74 47 50 112 63 25 173 182 154 210 226 349 213 279 168 23 11 51 271 161 318 170 332 338 327 267 263 326 342 216 262 85 
167 306 60 285 157 212 253 143 328 117 168 7 187 330 214 106 347 98 67 33 334 2 240 130 154 163 276 113 165 226 5 193 221 48 313 278 25 84 236 22 259 171 36 269 31 346 8 283 217 144 46 103 42 73 147 280 295 50 173 86 208 82 232 305 311 243 185 19 224 39 54 49 342 56 181 237 291 53 344 63 40 
168 75 156 244 324 151 349 41 161 97 337 240 26 189 37 157 167 108 55 96 284 318 163 46 87 271 137 274 340 202 323 206 33 49 79 300 211 78 292 44 61 91 345 307 150 100 68 8 188 183 179 320 164 319 32 301 166 182 190 71 85 155 47 53 289 262 40 149 129 298 134 102 306 228 17 343 165 242 198 94 
169 25 107 26 134 173 300 44 332 336 212 228 102 283 227 103 259 165 56 219 292 316 229 189 101 30 46 236 327 153 177 340 59 42 258 197 125 54 210 155 285 201 88 341 1 307 51 39 110 36 130 333 247 226 104 216 186 243 330 95 207 58 140 232 
170 114 186 244 17 305 64 22 112 79 39 242 260 5 275 98 292 252 287 256 257 12 118 127 289 199 103 92 16 94 128 268 327 174 108 323 57 124 339 125 86 74 66 333 296 201 200 62 135 63 142 166 317 68 353 341 349 172 283 9 321 77 
171 295 216 81 77 299 37 94 14 108 263 259 300 225 237 5 130 164 158 279 271 72 102 109 127 65 284 52 233 197 287 51 224 116 195 324 110 219 246 103 151 260 330 28 306 7 236 174 313 29 318 234 24 167 214 321 193 54 114 247 55 41 209 333 8 177 230 96 349 99 75 66 80 268 74 91 82 289 223 254 
172 64 315 3 201 164 339 290 71 102 50 14 255 63 90 247 121 271 46 126 273 300 16 248 39 320 246 40 26 314 141 18 322 5 297 270 337 66 129 218 109 310 296 210 305 116 143 151 298 306 34 55 47 277 181 309 329 350 282 317 81 170 301 308 244 220 20 215 
173 200 111 281 191 169 314 193 123 333 124 66 248 78 60 278 175 9 285 350 288 212 269 178 331 45 120 81 56 130 243 260 230 332 136 301 166 89 10 296 349 32 167 244 153 16 76 267 68 114 79 348 315 39 119 151 75 250 192 51 85 
174 295 344 237 161 207 349 0 54 193 75 37 258 89 114 66 342 9 51 26 233 111 13 279 239 41 166 301 326 197 149 170 189 67 130 12 278 182 92 171 134 249 110 331 243 343 10 212 268 338 128 70 153 298 312 275 282 5 2 139 55 257 77 16 322 63 69 1 157 195 256 260 330 46 
175 260 80 294 84 17 341 121 281 333 23 6 56 87 157 313 343 213 325 336 244 173 74 278 314 233 33 232 158 187 75 220 298 103 240 185 73 342 62 69 177 39 20 102 217 268 37 51 277 305 14 13 5 149 222 267 226 148 183 253 346 184 25 38 331 258 89 289 54 324 85 97 273 
176 88 27 104 302 58 83 250 353 52 155 145 156 255 222 328 60 118 262 205 25 318 260 350 133 54 159 94 296 194 215 38 264 225 315 144 72 121 310 288 261 49 279 271 228 335 36 213 2 219 339 151 18 77 270 134 210 265 346 317 23 76 344 28 149 298 273 
177 60 9 101 30 18 292 331 152 135 26 136 198 44 106 123 35 65 19 230 121 115 258 116 340 99 185 278 353 75 137 70 232 239 102 169 114 21 175 145 179 95 134 236 143 222 144 265 228 67 178 171 127 219 45 83 98 37 269 100 209 255 66 201 42 332 347 200 
178 131 198 279 325 125 72 238 119 52 298 71 10 285 61 230 23 212 289 47 295 162 4 48 12 173 190 19 152 154 222 68 181 83 14 241 130 45 120 153 155 223 350 129 302 13 185 322 3 177 307 249 59 236 146 6 258 320 201 263 105 123 122 334 66 94 
179 185 247 47 353 263 59 340 214 268 150 246 20 330 258 283 352 10 133 37 70 54 11 240 21 60 336 280 61 293 344 233 337 338 23 138 332 163 52 350 232 91 260 251 63 165 177 168 289 303 241 343 159 245 89 320 201 3 275 205 265 211 348 99 86 351 190 197 
180 86 122 18 214 353 272 130 144 271 108 137 229 217 71 193 225 16 22 55 143 51 34 186 314 7 223 281 53 166 315 191 41 29 339 291 243 302 128 74 43 293 290 151 252 148 68 156 262 47 62 124 31 201 238 196 347 87 328 101 70 301 37 165 4 219 340 307 82 64 114 346 
181 4 301 163 64 66 92 117 243 104 120 328 188 37 35 182 82 195 228 91 1 100 335 272 330 260 26 77 293 311 224 183 118 346 307 0 105 322 347 178 142 152 47 55 280 101 29 39 285 313 302 338 88 198 217 270 6 190 141 32 251 149 305 43 323 60 199 127 282 13 172 227 144 353 271 241 345 73 151 23 324 126 309 167 89 329 256 102 334 111 38 
182 324 208 162 132 67 95 145 244 181 7 303 321 266 232 195 33 147 283 78 113 348 23 352 8 312 217 51 157 323 286 308 80 263 18 142 260 249 1 97 89 174 77 198 242 298 166 98 343 192 210 168 27 225 99 237 148 21 299 123 64 349 273 124 15 241 328 291 336 326 26 341 272 338 
183 115 261 120 257 191 29 162 93 132 102 119 91 339 277 353 241 135 252 1 71 14 45 181 10 156 123 248 67 200 186 26 3 42 281 74 279 96 55 297 326 138 87 75 28 301 329 168 312 98 215 201 52 194 65 5 294 121 242 112 154 81 308 232 217 319 175 50 199 264 204 258 83 77 18 310 214 247 72 113 293 68 36 193 145 
184 42 116 65 64 54 55 91 79 130 100 309 114 275 229 282 290 266 17 74 49 69 158 314 151 272 145 136 246 163 216 101 293 277 327 58 225 99 241 25 28 258 0 29 96 4 123 283 247 341 210 276 36 30 307 133 344 137 175 20 322 3 335 120 334 103 155 46 90 348 201 208 138 232 66 
185 288 179 347 129 110 139 257 312 88 9 195 16 287 254 273 276 73 34 42 324 278 336 191 11 237 94 23 17 342 264 108 57 238 22 304 309 70 106 267 210 58 177 202 10 131 45 175 155 248 285 92 100 83 86 27 44 325 262 249 203 15 219 228 197 300 178 21 252 277 101 3 337 111 120 167 75 91 236 293 48 201 340 77 320 82 
186 312 170 342 259 245 220 306 267 14 193 160 351 297 16 103 308 251 12 180 50 217 35 219 105 183 163 218 18 22 115 236 32 343 49 290 253 147 257 215 226 119 100 288 112 136 24 56 271 165 60 327 70 196 287 325 213 277 322 303 189 51 86 23 169 81 94 192 39 137 283 6 
187 238 308 291 207 273 145 132 24 76 223 188 196 134 20 33 192 93 57 167 226 49 213 295 257 293 212 235 279 150 46 175 255 101 240 299 228 37 15 269 34 82 215 232 321 300 258 127 271 91 140 43 274 202 148 120 331 251 351 60 16 155 332 222 89 51 214 6 100 72 245 18 68 303 189 322 247 203 131 276 105 
188 27 112 161 155 40 181 38 187 4 213 264 342 7 274 156 147 220 109 251 292 22 304 236 133 276 194 28 297 69 31 135 23 318 206 8 348 286 94 336 226 21 168 85 235 34 253 219 244 35 154 39 201 33 323 289 258 351 272 54 240 92 52 193 99 218 271 
189 47 152 297 43 192 115 168 42 228 285 227 66 316 29 118 220 319 140 214 328 72 244 236 212 91 162 325 121 169 307 93 98 174 3 156 234 32 11 249 130 83 350 195 40 254 339 186 7 141 55 187 298 64 205 261 215 106 77 143 147 4 
190 84 272 225 72 352 151 129 135 191 15 273 99 64 295 113 251 267 198 40 282 24 324 35 49 270 325 178 192 47 253 70 12 46 206 67 130 164 88 181 11 197 108 116 168 126 250 281 143 218 163 339 335 300 247 55 298 252 284 236 318 323 32 223 259 2 228 59 179 157 200 351 
191 67 183 258 173 190 217 314 194 297 277 273 134 256 346 12 185 345 25 222 279 219 114 255 46 202 234 341 296 316 156 180 2 100 303 251 295 289 85 121 298 157 102 80 72 144 57 203 280 111 112 300 288 306 325 23 17 41 142 95 66 160 268 291 164 224 5 155 195 138 318 79 
192 341 28 255 153 189 0 62 145 271 88 187 247 2 227 284 263 60 272 287 7 239 109 233 311 333 270 323 342 298 278 190 193 273 36 22 141 27 32 135 158 347 309 294 195 313 85 24 66 182 308 64 304 215 248 224 332 123 86 319 95 238 205 54 289 237 57 353 186 173 114 156 
193 99 219 20 38 28 112 173 34 174 312 48 329 180 257 186 209 335 24 8 26 116 205 96 71 192 7 295 39 90 214 306 74 202 207 266 167 281 288 55 171 137 82 258 51 340 237 282 324 124 345 262 316 19 108 77 280 183 229 188 146 
194 204 94 259 21 155 223 150 191 0 251 320 255 74 63 113 164 9 323 97 30 292 300 188 305 199 313 277 294 347 118 120 331 176 240 51 339 235 346 147 127 285 343 132 317 31 183 278 296 81 8 242 78 295 268 56 203 98 138 64 215 206 149 43 70 96 291 79 342 163 15 144 40 128 
195 331 62 284 228 238 229 161 185 107 317 181 88 151 182 47 50 312 51 171 219 48 100 164 119 162 135 235 244 337 4 334 81 34 201 341 76 142 246 59 192 249 85 306 329 38 160 310 211 86 189 257 314 268 275 37 332 207 215 91 263 327 223 84 156 19 197 123 174 191 248 16 149 251 
196 210 341 348 207 217 38 268 75 106 301 22 187 36 305 311 35 125 197 347 109 248 278 272 49 279 337 104 127 68 338 349 164 247 282 316 46 325 141 333 205 126 277 108 64 339 103 134 201 308 124 186 39 137 116 28 111 79 115 26 2 309 346 180 3 249 232 153 129 40 98 149 285 286 
197 233 166 264 334 258 42 109 310 213 312 32 14 157 196 68 60 351 171 57 5 281 156 153 76 3 84 299 33 159 302 30 108 88 174 161 116 73 50 169 257 58 246 79 239 300 185 120 39 190 104 151 278 311 319 346 75 306 298 21 63 29 82 100 235 195 313 179 
198 281 331 132 178 344 306 273 107 229 72 342 96 223 330 177 21 245 190 118 298 352 90 124 336 58 278 255 262 49 2 217 274 348 254 140 301 302 218 67 244 312 36 92 165 59 151 98 321 182 347 206 142 307 288 181 315 121 150 158 224 265 83 208 106 164 338 111 256 6 148 334 13 87 86 271 227 81 69 303 168 290 
199 140 242 223 312 246 131 72 203 74 26 308 293 237 345 323 309 292 201 28 257 152 130 209 170 258 60 221 114 194 84 13 272 334 49 107 37 18 236 123 288 321 314 83 110 273 326 181 146 104 251 111 216 329 183 306 332 301 94 164 93 155 59 160 22 266 
200 148 173 222 331 59 258 24 101 283 291 233 2 335 91 52 50 214 89 113 25 70 26 253 47 65 267 162 164 183 239 80 139 338 232 166 319 322 250 72 38 79 57 56 208 339 220 333 44 295 81 20 6 115 132 53 255 170 328 314 43 219 106 96 272 34 129 76 234 212 270 190 323 312 177 
201 154 23 5 292 281 16 258 105 172 1 295 202 313 45 256 226 33 36 199 4 51 322 237 48 73 304 215 227 195 269 341 134 69 54 98 284 336 203 332 206 78 337 244 169 71 262 183 287 196 15 153 67 95 302 144 334 163 170 61 180 179 188 151 321 24 240 152 315 178 13 184 311 185 177 253 143 145 260 82 
202 34 63 46 153 33 71 353 159 25 141 253 58 201 251 130 106 312 117 12 306 258 26 271 67 59 280 20 264 265 1 84 278 121 14 144 168 239 191 43 82 185 35 269 3 203 284 156 300 193 91 351 138 79 247 261 44 232 93 315 23 10 252 237 263 296 187 288 150 41 128 83 55 211 53 334 221 157 6 208 60 207 101 311 328 341 276 
203 267 45 37 335 19 263 262 199 61 234 79 216 90 232 78 17 71 117 131 80 10 82 229 317 206 323 106 53 40 330 6 202 34 39 28 91 114 269 137 201 318 310 68 185 138 191 104 115 274 103 284 83 121 257 139 194 293 132 268 331 5 93 187 245 32 36 314 307 
204 194 132 124 209 69 278 264 154 247 306 64 10 21 235 86 153 36 7 269 284 308 321 82 328 11 162 47 240 225 67 139 3 115 261 155 166 28 118 279 311 316 23 338 15 83 349 312 267 0 277 122 119 219 4 131 60 58 73 320 295 183 22 234 51 318 66 135 
205 352 224 231 318 225 334 35 27 106 115 92 149 52 129 250 60 2 214 21 176 159 158 343 299 97 261 193 263 89 211 254 26 346 196 68 308 37 289 59 152 338 303 283 73 31 336 3 291 265 309 248 124 260 179 208 243 192 119 330 64 349 51 189 85 164 351 110 66 207 76 
206 234 99 142 291 74 315 90 349 100 139 141 3 331 328 59 342 2 233 326 303 129 252 267 168 113 239 279 203 248 53 116 70 212 273 219 80 188 190 69 201 198 293 242 29 165 125 295 235 253 296 194 347 214 136 48 79 352 35 317 57 231 
207 29 196 42 277 156 187 174 158 36 322 136 309 314 0 10 56 353 123 337 84 302 212 279 120 6 292 235 284 230 125 193 66 46 278 139 8 92 290 106 229 57 126 350 130 349 21 25 195 52 308 333 74 248 253 68 62 51 227 211 224 250 307 94 345 202 169 205 324 
208 182 91 33 223 94 295 251 275 52 143 160 219 249 110 111 58 75 333 261 311 227 3 71 53 241 135 289 329 26 109 332 291 146 323 127 231 326 93 134 72 349 200 145 281 198 322 132 340 82 167 120 114 205 151 66 314 24 89 306 121 202 184 341 64 310 
209 276 317 85 30 204 155 296 83 93 337 279 258 47 193 23 339 270 164 94 212 199 110 324 43 150 331 81 308 68 138 343 261 59 161 106 338 140 345 239 20 69 288 316 95 50 156 271 350 171 283 152 268 315 124 53 318 329 71 157 4 321 177 101 48 145 351 108 
210 196 336 93 256 117 151 89 86 322 128 157 84 9 230 32 139 353 312 252 287 22 74 185 222 140 4 313 163 54 284 77 325 295 220 78 340 169 337 65 14 172 7 124 35 184 73 166 264 301 145 233 119 182 18 46 111 275 212 37 34 85 320 342 244 38 52 143 112 176 30 156 91 80 234 300 83 2 12 262 
211 34 152 285 348 67 136 236 25 96 213 72 15 31 49 235 258 234 8 318 323 259 79 239 314 265 307 168 326 45 120 205 53 80 220 40 353 109 313 77 332 304 351 66 9 221 287 325 223 195 263 157 84 202 155 158 74 288 179 145 55 241 301 279 1 311 122 275 207 345 218 24 137 132 
212 7 324 118 34 60 352 106 125 49 248 72 283 66 169 167 152 225 178 344 173 187 209 24 332 325 207 110 305 213 15 189 272 264 242 310 206 11 216 102 120 240 235 150 257 233 132 158 229 156 26 61 338 81 174 55 210 330 285 161 328 86 83 157 19 303 270 315 307 22 320 200 69 78 222 68 
213 21 70 271 248 305 197 10 145 188 211 77 76 175 34 124 37 187 288 249 212 256 5 101 294 156 284 6 223 119 33 44 334 19 311 152 346 166 216 158 165 86 163 186 120 95 282 289 176 137 303 32 51 237 57 269 154 315 322 7 0 83 285 135 22 332 
214 82 180 59 158 335 21 248 179 316 240 19 200 217 89 223 42 147 205 231 167 30 282 342 345 24 320 189 22 80 83 55 193 81 50 126 256 235 16 288 84 57 290 171 284 102 251 25 69 88 289 114 187 116 75 314 261 68 297 118 281 349 277 206 265 10 183 96 303 78 
215 314 284 33 48 337 352 255 241 141 294 132 120 296 150 40 313 332 115 289 8 201 342 93 131 186 94 187 264 176 312 55 300 107 66 135 103 183 285 304 302 43 39 298 22 9 234 291 192 62 287 252 113 195 228 126 142 194 67 336 236 189 77 172 84 80 235 
216 94 171 313 96 77 146 0 66 203 67 295 99 47 53 249 288 6 112 226 109 341 74 276 258 184 267 30 143 137 299 337 85 212 71 45 281 264 129 48 335 280 127 60 89 235 160 221 297 147 352 284 351 213 262 105 315 150 130 19 324 199 169 263 320 32 222 100 144 311 88 273 166 
217 136 153 49 196 249 119 31 191 112 72 7 162 180 214 237 126 260 125 150 269 118 186 278 95 46 182 345 198 108 291 50 226 82 47 340 281 147 57 257 252 242 225 42 43 98 133 296 163 175 129 123 117 181 319 0 267 261 167 230 247 32 156 183 29 10 11 122 86 288 144 12 299 127 298 259 233 344 85 
218 37 135 331 306 157 49 324 349 102 255 305 233 282 232 308 280 85 126 186 274 250 198 146 120 118 281 265 4 67 285 147 148 90 158 161 266 172 276 300 329 59 303 65 23 134 52 289 190 68 292 239 115 78 162 140 221 345 70 328 325 211 188 350 
219 236 193 7 300 18 20 223 269 208 277 122 330 349 73 310 126 337 191 195 147 169 30 186 9 99 171 4 332 58 56 64 76 115 104 239 132 129 206 108 59 317 338 260 225 273 185 336 188 274 320 176 204 105 265 329 177 100 144 200 220 47 275 264 348 271 180 311 326 343 270 
220 48 353 4 16 22 78 280 14 35 186 70 61 319 298 162 254 85 188 21 125 107 51 189 143 316 249 68 228 272 175 66 141 324 134 330 211 287 1 300 89 253 210 252 320 285 128 321 318 290 200 292 296 226 9 101 241 154 148 219 286 338 71 50 150 99 42 172 
221 52 90 260 71 5 86 276 352 19 158 325 345 2 261 67 116 83 53 199 26 342 314 112 12 343 25 273 167 216 80 121 87 279 231 224 211 136 70 56 99 143 104 331 256 76 39 251 305 295 109 202 289 34 0 222 218 24 259 122 137 27 113 324 
222 280 200 79 116 292 100 163 32 132 102 8 127 2 131 176 75 5 109 191 226 34 353 338 210 253 152 178 41 125 126 236 12 99 251 285 282 112 270 137 268 39 136 96 129 235 177 175 139 9 16 336 187 24 44 234 335 269 244 162 255 42 221 148 103 216 97 212 35 293 
223 142 62 225 69 208 199 89 335 87 194 145 219 187 90 198 279 33 77 313 78 61 2 214 9 147 107 13 159 180 327 146 8 81 114 314 296 178 213 59 141 306 247 211 42 273 22 328 151 139 195 292 309 148 37 152 278 190 164 265 57 171 318 
224 340 205 123 82 124 114 4 73 118 0 164 238 56 181 283 171 300 295 318 138 231 158 87 11 75 71 344 316 97 109 30 22 149 221 84 61 310 346 198 192 143 120 115 338 23 41 246 335 325 167 53 339 191 307 319 10 273 207 230 12 225 276 90 
225 223 141 190 205 334 306 125 226 286 171 316 350 41 15 315 180 212 28 349 321 162 84 336 204 184 159 217 93 133 67 262 284 53 58 137 176 152 219 326 105 150 147 182 259 10 353 151 119 136 148 109 138 238 63 22 333 224 236 112 346 244 
226 43 99 253 260 348 225 238 308 201 228 84 350 247 187 216 273 31 222 328 0 321 96 268 65 262 217 72 82 58 113 137 274 186 167 311 332 57 69 338 188 295 270 136 26 340 166 243 145 115 299 142 175 220 148 39 119 169 14 293 352 283 64 135 28 52 20 
227 34 156 64 325 309 39 3 305 43 343 189 235 1 192 160 314 169 163 208 352 347 342 300 111 338 55 122 236 341 201 23 289 135 13 143 142 344 237 4 49 141 326 45 79 140 24 240 307 268 73 247 129 303 58 112 246 269 110 63 181 158 317 154 29 5 136 88 46 207 349 198 21 131 115 
228 231 241 195 323 25 54 189 181 252 92 169 331 112 226 258 273 31 147 271 321 30 70 305 113 348 125 326 220 187 293 257 285 89 10 16 146 5 185 63 177 284 176 254 135 143 49 215 11 138 104 255 272 160 168 87 320 288 190 242 60 3 47 37 
229 8 11 82 195 198 44 17 115 180 351 230 9 267 331 184 25 312 45 71 259 55 322 235 150 32 100 169 291 203 62 325 337 233 96 300 306 335 342 97 36 43 212 15 207 332 165 274 30 132 239 245 65 268 261 37 5 1 87 193 
230 51 84 90 287 275 229 50 146 10 178 325 81 13 238 210 107 177 142 270 273 207 26 99 136 48 321 106 173 272 69 128 351 246 112 302 126 8 100 67 346 217 143 171 35 53 245 341 310 318 17 113 32 342 224 74 293 322 244 59 231 162 
231 228 205 259 235 92 86 74 73 263 338 249 97 314 264 214 57 6 28 224 30 11 108 45 90 324 329 293 19 320 133 300 301 323 67 208 52 346 21 148 51 84 3 221 129 330 351 248 53 308 35 152 9 135 77 96 332 298 62 295 290 318 291 13 331 273 206 128 230 149 
232 350 33 152 81 112 320 236 148 55 312 149 123 182 203 253 300 62 59 74 66 128 247 73 11 316 218 64 314 9 288 175 200 292 249 177 92 36 279 309 131 127 97 179 187 260 50 52 202 16 88 244 339 295 327 296 289 241 14 183 167 156 301 76 106 258 243 284 337 196 261 153 142 281 297 184 169 
233 197 29 332 236 81 200 260 241 243 247 19 315 129 51 321 120 311 258 249 322 323 20 45 284 49 218 139 171 307 95 352 127 206 175 192 174 69 179 325 48 8 338 229 128 320 340 7 212 96 60 144 288 86 261 210 114 80 351 282 78 54 145 66 239 73 50 107 165 292 161 82 319 37 334 217 52 242 297 
234 206 323 18 259 73 327 100 303 258 80 203 17 111 335 57 95 146 94 124 263 211 265 262 129 86 256 326 191 279 340 247 350 16 69 285 342 38 63 19 322 53 304 165 189 297 85 23 346 318 283 47 171 251 352 294 314 8 127 91 215 222 60 50 131 118 238 125 5 210 204 200 332 254 307 79 77 
235 126 231 339 149 265 48 315 102 295 227 301 204 341 88 211 286 89 164 229 60 7 159 239 187 52 195 207 278 109 344 304 348 59 277 79 121 65 14 212 90 323 214 63 194 10 338 216 68 70 188 335 91 331 347 222 143 303 47 58 106 98 273 19 16 135 346 272 84 206 328 197 285 151 309 238 215 
236 77 219 9 82 78 233 5 85 232 249 243 350 86 211 256 56 265 15 53 261 188 272 252 227 92 19 59 65 333 189 2 352 186 17 169 253 238 73 199 326 69 347 222 134 240 171 267 271 167 41 98 335 177 109 133 68 46 122 28 128 44 266 178 93 185 239 190 8 215 349 225 263 291 
237 115 39 174 113 281 124 331 171 308 23 347 35 317 116 217 303 57 199 185 79 144 251 73 28 121 238 91 335 136 166 249 88 201 256 353 107 157 145 340 20 318 242 66 227 305 265 337 327 324 284 321 127 202 42 64 83 285 147 312 151 193 182 14 213 314 247 262 44 316 80 287 192 301 342 26 167 150 311 
238 187 114 348 260 259 47 270 70 195 246 122 178 123 226 297 224 118 230 63 11 102 237 31 185 352 5 38 109 113 287 350 59 236 39 35 153 329 249 144 146 75 128 78 158 85 324 84 267 61 331 290 16 250 43 304 180 252 192 7 234 266 69 322 23 293 343 225 129 127 269 124 235 
239 153 44 62 55 270 309 139 99 70 67 271 128 95 244 344 53 192 351 284 60 145 23 235 200 211 202 174 319 277 206 177 92 219 264 110 266 275 28 26 274 258 251 134 209 305 142 160 197 165 303 54 301 147 75 229 107 87 34 288 49 233 218 111 71 313 117 74 316 236 249 58 1 330 88 257 
240 164 265 257 309 168 214 161 128 297 133 25 319 248 77 315 17 179 353 352 112 167 335 147 187 74 132 123 204 152 175 37 101 212 279 332 194 293 344 103 236 92 0 320 337 29 82 125 296 138 314 27 227 84 159 14 259 98 110 149 20 348 201 146 288 306 188 252 292 327 56 153 59 69 
241 104 228 94 254 89 46 115 233 54 105 215 183 134 71 10 97 37 3 72 114 33 40 208 0 267 255 145 339 178 62 184 253 323 136 259 179 146 14 88 113 320 232 334 160 63 141 328 220 211 181 42 182 87 264 336 43 283 86 34 
242 246 344 50 199 352 296 325 170 0 260 317 150 99 42 4 70 127 343 303 311 131 345 299 125 25 28 108 336 290 134 136 252 44 151 212 300 15 237 217 268 103 5 80 75 278 327 92 144 261 258 89 182 23 45 159 30 34 291 9 95 8 307 183 48 194 206 147 11 154 337 84 21 57 228 168 253 233 
243 101 181 151 265 337 236 233 260 39 282 75 125 82 114 259 138 341 141 351 80 350 144 112 173 74 287 146 180 84 317 120 108 96 8 226 154 338 174 155 323 328 2 324 25 205 333 352 312 7 20 347 167 65 329 318 61 232 123 158 126 133 169 10 67 274 106 57 
244 168 170 246 287 280 304 95 271 158 91 182 248 159 9 146 116 143 8 334 175 239 102 134 140 258 281 0 322 189 38 270 18 32 142 198 47 195 31 264 112 13 319 276 90 261 64 34 72 125 303 232 99 46 201 23 22 295 188 343 316 210 344 173 4 290 308 222 259 318 109 350 336 330 255 12 153 147 172 332 160 50 225 230 286 
245 35 268 186 265 46 353 256 290 48 109 67 254 198 81 124 54 305 349 65 262 340 96 347 135 99 303 86 80 152 157 41 345 324 33 274 118 277 15 144 162 335 147 280 179 74 317 338 28 229 230 49 156 187 311 130 267 116 316 61 12 203 269 93 
246 273 242 244 287 199 327 238 136 21 321 249 270 294 179 64 162 113 86 96 34 297 88 27 275 104 139 271 184 0 172 171 43 107 291 263 71 195 159 141 68 279 134 66 69 230 197 36 12 100 284 132 227 277 4 224 26 274 163 253 9 281 316 259 78 265 3 288 31 164 
247 90 283 74 278 179 333 323 64 306 89 9 233 204 10 317 172 5 192 335 255 148 292 226 232 253 38 302 308 304 34 196 234 311 166 7 350 136 290 151 202 1 31 184 268 272 131 277 223 56 42 171 346 227 217 190 237 169 8 263 324 327 17 121 187 339 183 82 118 305 256 155 270 
248 11 1 154 213 214 33 212 23 121 244 173 347 251 79 18 100 116 196 296 240 75 344 81 13 172 130 150 249 183 112 292 317 284 132 206 61 141 343 185 157 91 65 73 105 140 67 6 337 119 55 301 309 131 96 231 205 192 39 316 78 163 272 268 50 26 95 207 304 108 195 275 3 
249 337 254 28 279 217 96 236 87 252 246 24 282 208 233 231 307 304 303 336 216 164 49 248 220 29 142 341 213 117 237 10 293 53 232 154 238 33 43 41 120 182 316 75 59 185 57 50 189 174 195 84 108 156 277 153 70 351 71 178 135 350 46 133 5 196 239 45 292 93 19 259 325 115 287 
250 136 271 40 338 346 17 32 325 255 176 116 72 275 101 98 8 96 205 58 49 125 84 33 308 23 150 344 276 113 272 218 320 343 60 1 351 29 75 149 200 302 48 328 24 253 34 263 4 306 334 336 342 238 86 190 309 264 303 62 107 148 2 31 66 207 156 173 161 43 93 
251 316 286 134 129 348 49 208 147 97 80 310 166 63 14 202 248 190 257 78 194 305 139 186 287 323 188 131 10 237 265 9 136 69 100 88 349 256 191 98 346 179 87 222 239 113 52 345 85 234 44 145 181 214 321 187 252 118 199 163 221 135 290 352 13 116 322 8 273 39 108 311 333 21 56 306 335 101 195 
252 342 326 273 157 147 149 249 2 150 228 284 347 155 104 128 39 274 183 50 286 280 258 344 170 299 324 236 206 348 339 107 296 210 253 242 90 146 152 85 217 318 159 125 100 255 78 3 134 57 220 69 43 202 259 180 5 67 185 310 251 154 305 215 106 87 28 317 238 141 312 46 81 190 341 38 162 240 63 266 56 1 
253 145 64 272 323 97 126 226 25 37 202 68 20 60 167 65 232 78 324 13 256 276 164 200 88 247 45 81 336 264 271 313 15 284 252 79 222 24 142 190 236 103 186 149 338 124 298 57 241 29 220 250 114 137 188 335 43 10 175 35 246 102 206 207 340 110 75 32 296 201 242 351 294 
254 66 241 38 249 101 44 281 185 283 245 94 347 220 338 72 128 345 316 323 287 73 86 43 296 126 198 81 27 144 17 159 205 16 290 152 274 31 121 83 122 189 295 228 56 136 322 318 346 234 171 268 138 
255 48 337 16 289 192 151 250 140 0 312 290 55 23 340 172 218 215 154 61 147 194 247 176 70 164 350 281 284 277 317 131 198 108 191 300 10 241 331 187 2 259 283 291 79 50 252 78 52 99 319 124 298 77 322 264 36 334 200 40 60 46 27 265 118 341 18 90 86 228 39 59 222 157 139 116 244 263 177 133 307 343 
256 210 135 328 309 23 67 339 146 245 349 78 266 36 296 140 334 315 105 125 201 191 142 259 158 46 236 152 253 267 96 298 170 103 155 62 166 58 234 346 237 60 301 22 251 38 213 214 322 164 128 32 352 344 25 160 111 221 288 8 74 154 9 287 144 198 33 108 90 118 311 153 147 265 181 174 247 52 
257 314 278 183 240 293 185 121 6 159 288 16 301 319 251 193 137 50 154 187 147 93 170 70 199 310 321 69 349 44 228 261 280 217 186 104 142 11 42 77 212 95 94 197 98 37 85 52 120 195 84 203 267 275 22 131 161 79 283 144 174 15 352 8 87 239 
258 340 298 139 334 197 200 28 41 191 201 234 341 43 233 13 209 146 202 99 174 179 211 252 228 302 97 159 244 49 60 140 283 329 143 67 177 199 216 82 156 306 338 287 95 17 280 184 46 187 33 239 169 333 242 90 80 193 353 102 259 178 183 157 297 188 232 175 81 164 92 350 
259 83 231 328 186 353 275 194 238 163 234 153 171 60 54 159 39 276 304 256 113 91 229 243 126 268 296 169 69 160 211 82 72 351 2 255 43 290 111 92 135 155 241 284 31 264 67 167 252 338 324 44 325 295 273 48 341 150 240 145 225 6 349 13 258 318 244 93 246 57 157 125 190 221 340 0 327 217 249 38 120 
260 265 27 175 238 221 287 129 233 44 313 226 138 170 162 242 243 66 31 298 78 34 217 50 181 2 344 75 148 102 176 171 8 299 76 301 182 173 179 303 291 232 131 279 111 130 336 264 328 219 121 17 339 108 85 266 54 160 340 349 341 103 205 156 262 345 351 137 284 320 89 300 268 304 12 296 150 101 280 174 99 201 
261 183 6 273 45 125 305 46 58 76 95 221 270 208 54 16 331 290 149 280 236 340 205 65 122 318 279 278 51 2 209 341 257 296 204 69 269 100 244 202 4 129 242 120 158 265 272 8 316 274 176 233 319 217 327 50 145 12 214 325 88 288 229 135 118 309 152 26 232 189 42 115 321 139 
262 41 2 25 333 142 203 102 92 83 6 327 340 318 65 36 88 176 145 234 280 118 285 198 245 94 226 12 293 46 105 76 27 104 50 185 225 314 70 322 270 53 201 13 282 106 116 216 32 180 63 289 193 26 260 168 325 266 237 284 16 119 112 87 154 140 153 287 74 210 166 
263 67 21 304 24 59 289 203 306 279 171 179 161 162 319 231 328 65 84 300 234 192 299 140 293 132 272 121 205 35 49 182 349 348 246 288 51 64 268 3 250 147 292 202 69 96 9 335 45 211 267 97 72 281 80 98 275 195 247 216 150 178 54 16 255 166 29 236 313 266 
264 335 267 197 311 342 89 118 157 268 188 204 162 280 70 347 231 202 17 253 348 185 86 301 82 19 18 212 105 62 239 244 216 150 215 117 134 176 259 260 151 44 101 283 210 297 255 140 129 165 339 43 45 55 183 250 28 241 351 93 90 98 97 295 219 102 287 
265 260 240 312 82 30 330 245 334 314 243 235 15 39 278 321 347 38 14 146 20 236 0 202 234 251 121 343 18 340 56 105 211 277 118 65 266 294 218 295 29 237 287 2 97 83 308 261 177 298 57 159 101 198 205 128 115 255 219 179 341 6 64 280 176 214 246 335 256 267 70 223 
266 112 31 28 36 256 345 182 275 136 273 335 184 89 276 41 97 47 91 110 32 344 351 160 123 6 292 265 42 326 239 193 27 278 125 69 218 19 321 330 100 260 43 270 122 144 236 307 262 86 140 238 139 143 108 252 199 263 
267 153 203 351 17 155 264 8 341 127 137 13 186 39 229 342 134 190 159 114 150 256 64 133 25 293 200 185 68 206 216 241 346 279 353 56 161 157 308 22 236 7 163 122 123 98 20 238 74 321 217 263 204 175 311 271 334 257 83 104 283 245 173 61 302 280 120 277 156 51 318 11 166 265 344 317 38 
268 245 46 162 128 196 137 179 91 264 277 73 151 29 299 88 82 35 347 70 259 280 30 101 153 105 63 81 292 226 66 78 158 39 170 282 315 242 334 100 342 263 175 317 12 109 222 247 45 150 25 330 19 174 227 298 195 38 351 271 209 321 119 194 248 229 191 116 171 336 260 331 108 203 319 110 28 86 254 
269 306 8 25 117 316 285 96 321 341 219 137 274 138 165 204 217 102 36 109 20 18 173 71 30 6 38 202 116 158 287 347 76 17 201 187 161 309 141 41 157 286 261 203 302 299 61 81 93 58 0 167 40 329 227 213 10 222 177 353 339 72 101 238 245 23 
270 238 321 239 152 160 246 343 26 49 334 290 261 24 25 209 54 43 92 153 89 190 192 305 230 329 34 244 136 310 44 115 172 4 341 70 110 226 292 222 340 262 33 181 35 349 83 134 30 266 10 127 139 289 176 29 302 157 212 131 323 73 286 143 63 84 75 200 219 247 
271 250 287 121 344 213 341 58 101 14 244 180 153 2 239 192 25 171 307 172 202 280 151 68 141 162 337 253 168 228 131 285 246 67 34 98 92 70 129 7 23 186 159 297 187 65 236 309 161 82 298 342 112 21 209 338 351 315 176 76 267 107 127 72 268 284 166 165 181 296 39 28 3 289 198 219 111 133 188 
272 190 253 353 305 180 104 136 142 121 279 181 192 6 160 196 184 127 263 236 329 250 67 52 126 212 220 56 306 199 71 72 230 161 94 322 247 261 21 347 112 55 17 87 33 248 79 235 228 188 200 182 109 298 102 310 
273 246 99 150 198 252 187 277 35 261 301 190 185 191 316 323 266 67 324 300 279 54 172 159 86 228 226 307 349 149 329 299 192 123 230 135 68 39 351 295 292 14 206 82 221 313 290 93 219 23 291 199 77 259 235 223 144 106 52 38 130 81 182 287 297 310 251 126 224 19 55 216 231 331 175 176 85 
274 103 352 49 121 114 301 319 124 118 188 252 269 93 286 33 125 302 168 76 198 218 145 113 296 155 226 333 151 239 245 308 254 87 316 53 21 17 85 187 325 40 261 51 203 350 293 219 229 8 290 313 246 141 46 340 112 78 19 322 30 291 75 102 243 276 81 327 338 122 1 
275 331 64 310 52 65 259 208 129 297 302 143 250 281 170 230 285 184 266 15 141 96 7 278 246 87 31 51 4 75 24 95 286 44 301 239 157 66 127 78 139 158 21 288 142 149 305 324 23 210 195 293 257 179 131 174 263 72 2 55 211 28 38 219 343 248 59 120 
276 209 293 305 75 221 74 185 259 115 311 295 142 94 253 266 162 64 52 300 133 216 188 250 336 73 53 95 167 9 129 158 318 312 164 244 6 111 321 218 40 18 108 62 184 132 291 48 307 343 97 54 303 187 139 274 68 224 127 114 10 77 154 202 
277 324 207 273 158 18 268 191 219 12 123 183 132 278 68 23 313 47 255 100 294 36 82 312 348 239 94 105 184 162 265 194 288 108 284 235 65 133 302 196 175 245 57 247 316 249 134 33 204 185 5 37 59 62 172 186 49 320 246 351 66 85 46 140 117 267 347 214 161 300 90 17 
278 247 257 50 13 204 126 309 39 116 85 282 265 277 173 185 196 20 275 279 175 158 198 165 202 92 217 64 192 177 261 322 235 63 145 174 266 167 294 242 207 163 138 115 53 94 194 197 55 89 317 110 113 330 127 131 129 344 62 47 223 124 104 67 23 301 
279 127 31 178 249 3 263 165 148 297 37 209 223 171 301 272 340 93 273 278 19 48 196 65 123 191 332 39 155 133 174 207 47 18 187 261 325 234 335 206 267 183 316 232 42 154 143 110 240 141 204 158 288 260 38 55 246 139 163 125 287 71 221 20 70 54 1 166 176 347 336 128 30 160 102 59 290 320 283 113 103 62 211 90 84 293 
280 89 328 352 222 244 220 158 295 106 157 82 264 284 345 1 271 252 136 54 306 268 105 202 262 261 50 57 218 179 301 353 2 56 312 181 257 148 216 258 3 296 42 287 303 191 245 27 336 167 69 137 149 25 147 40 342 47 288 267 265 337 338 117 126 96 193 260 73 281 112 124 
281 198 54 173 201 133 175 130 237 342 254 275 51 78 0 132 255 74 86 197 180 244 94 55 60 76 317 183 294 286 217 320 218 216 193 157 105 66 45 81 49 57 208 104 263 334 150 190 288 315 85 246 10 37 289 214 88 12 339 33 232 164 280 348 
282 44 107 2 293 60 134 149 338 249 278 116 184 243 190 317 319 333 214 22 218 43 100 99 332 117 299 339 8 345 312 196 268 76 343 59 349 15 147 104 24 120 222 111 124 330 82 262 51 213 351 233 119 181 193 348 304 321 155 85 57 174 138 61 102 133 172 81 54 109 161 48 284 
283 247 349 200 133 25 212 350 0 16 254 27 76 65 179 87 182 169 97 224 123 258 341 325 42 5 41 295 72 12 60 1 50 255 46 306 10 21 98 335 285 184 234 343 137 264 84 15 205 141 54 167 113 146 148 47 67 209 313 70 322 267 279 157 257 69 226 120 127 241 62 38 170 340 186 
284 139 195 132 215 155 79 252 85 290 233 280 298 192 349 335 171 131 168 255 141 52 239 160 63 204 248 319 253 119 53 84 287 207 36 202 120 31 116 47 277 210 350 213 201 225 259 237 17 98 214 216 329 320 228 20 12 127 203 246 271 26 260 262 68 190 232 123 118 310 61 154 316 313 25 285 282 8 
285 269 109 142 211 167 83 339 315 51 275 189 0 317 178 73 345 324 48 173 58 322 71 2 271 262 79 139 145 228 234 101 112 135 81 185 181 218 165 350 283 222 194 61 134 220 169 310 88 215 42 147 237 106 162 338 212 104 349 62 89 303 292 40 323 213 235 94 341 284 23 196 
286 251 75 315 141 10 151 163 350 159 225 349 23 235 274 252 58 320 28 30 14 117 182 275 93 94 136 128 294 281 327 29 269 306 188 119 134 338 342 326 57 9 289 61 147 43 333 153 220 46 131 321 270 152 125 244 196 
287 69 271 91 244 260 317 334 246 117 30 50 68 147 185 349 230 330 5 336 14 327 251 341 192 171 254 170 47 143 35 350 312 210 2 49 258 51 238 269 284 90 220 243 311 265 6 109 339 280 279 201 154 29 76 211 304 186 323 17 215 161 113 295 20 46 273 57 153 256 148 160 237 80 97 264 262 249 
288 185 97 72 318 314 52 257 132 130 149 310 164 322 100 216 21 173 213 232 120 135 152 277 263 307 186 337 311 199 279 193 214 46 198 275 339 209 116 24 176 233 202 191 98 256 42 281 211 239 108 74 217 280 261 327 27 240 246 7 228 165 
289 130 74 53 255 263 2 326 337 155 323 6 178 342 60 47 100 27 75 319 156 345 170 129 215 317 18 208 227 191 51 312 92 23 105 335 121 179 205 57 109 134 232 286 110 343 213 214 218 262 168 54 270 97 117 84 188 192 221 281 163 297 175 45 271 292 171 77 
290 325 70 28 303 352 74 81 245 255 172 108 318 43 284 184 270 157 161 134 307 261 292 33 337 29 15 109 301 242 8 305 186 259 334 63 166 247 58 23 254 350 214 273 106 180 345 220 238 75 207 298 324 60 274 77 124 94 279 251 244 331 85 156 231 150 306 198 
291 187 206 200 324 347 72 129 132 84 114 87 141 61 301 43 25 66 350 330 229 217 302 310 246 10 255 208 332 180 73 3 260 124 325 273 47 242 340 57 110 140 215 205 276 344 59 60 8 29 127 191 133 182 112 15 319 194 231 68 157 341 274 85 167 27 0 338 236 35 326 
292 138 201 222 306 330 13 177 95 9 76 68 107 317 247 149 102 48 340 188 170 290 199 294 127 69 248 268 169 194 347 232 207 266 1 168 50 35 273 298 324 154 137 164 270 73 263 299 53 54 220 23 218 36 351 101 223 6 42 249 285 233 56 240 289 350 39 
293 57 141 276 40 298 282 50 35 257 36 104 106 199 84 181 128 34 90 263 187 267 30 179 249 322 184 59 228 262 79 231 112 240 77 123 180 300 48 352 306 151 274 206 351 62 24 275 10 226 203 185 238 52 333 11 114 343 230 279 183 31 222 
294 346 175 350 34 157 11 13 86 36 74 128 246 49 27 326 215 315 152 292 277 330 59 194 5 281 298 286 265 113 165 213 126 75 192 78 353 81 278 344 234 159 76 183 94 38 146 142 101 9 334 103 109 253 
295 171 174 159 98 208 16 156 46 348 31 201 38 67 190 280 83 216 87 301 235 332 81 4 298 276 324 47 178 187 43 113 224 300 283 110 44 193 273 191 78 265 0 210 152 226 321 123 145 59 331 232 200 353 259 345 244 40 254 167 316 194 206 221 287 204 45 347 231 91 264 318 320 
296 155 30 209 242 157 38 256 324 158 347 311 315 248 259 215 22 11 252 254 191 106 80 298 61 274 331 333 176 140 261 109 98 353 223 280 342 217 147 240 172 346 325 51 202 156 19 320 173 220 232 194 170 306 18 133 144 32 67 271 206 159 303 20 260 253 345 
297 317 322 48 144 311 189 275 347 140 316 279 191 240 93 186 238 84 246 35 188 305 321 183 6 172 53 130 234 324 271 111 216 101 121 264 351 88 87 139 80 36 165 353 67 46 340 214 258 34 273 304 330 289 232 89 233 
298 25 258 72 293 164 178 220 260 152 295 284 198 132 74 28 256 56 137 139 16 87 301 11 1 14 192 331 124 128 175 296 322 294 64 292 253 340 7 342 191 23 146 182 320 134 255 43 345 271 15 145 265 172 215 319 73 268 290 105 174 343 197 299 27 168 190 231 341 189 9 99 217 57 30 95 163 176 272 
299 42 171 133 326 145 268 164 154 306 242 263 252 205 349 91 282 146 116 197 273 37 187 140 79 216 155 260 160 161 144 269 292 148 62 29 102 49 226 4 182 298 353 303 131 217 101 70 327 
300 19 98 219 335 58 130 169 349 83 103 171 232 20 17 263 25 46 273 172 94 224 276 227 13 194 255 295 9 10 330 168 31 60 242 229 35 231 202 45 220 315 43 40 91 187 314 215 84 129 77 123 218 293 5 87 160 303 197 185 191 132 110 149 102 190 156 120 331 333 329 260 277 327 2 210 88 155 136 
301 181 16 63 157 273 120 257 196 64 106 95 85 34 274 13 295 279 110 235 144 104 159 151 126 2 304 291 298 86 343 264 280 59 290 48 69 328 198 256 174 119 275 74 260 231 334 10 42 183 12 92 336 72 141 139 173 248 312 168 210 90 239 56 232 57 211 105 237 98 32 180 199 172 3 71 278 
302 135 319 106 50 97 39 138 40 20 275 92 176 122 49 311 110 107 125 258 99 274 109 143 207 247 85 345 197 337 198 291 161 347 56 269 181 250 180 277 157 62 21 45 178 152 108 26 230 36 201 215 14 89 10 148 41 73 270 5 267 132 306 141 91 344 
303 2 63 338 122 313 290 234 116 182 107 55 237 34 249 56 242 13 128 66 16 130 206 117 326 245 191 91 73 42 154 260 351 244 159 147 280 179 218 150 235 35 300 205 239 100 51 227 120 213 186 81 250 118 212 187 285 296 328 299 214 114 276 198 3 344 
304 263 244 20 162 350 321 259 19 335 249 328 301 126 188 97 48 164 29 185 112 341 247 201 340 134 235 125 234 50 348 53 70 55 211 120 287 215 109 318 192 143 342 88 282 238 157 6 160 313 140 297 260 36 248 77 71 165 
305 71 276 125 133 170 326 213 272 82 99 21 314 227 261 7 196 75 251 218 66 93 245 103 270 228 212 194 150 166 297 290 2 118 54 47 154 237 36 60 18 121 239 83 175 172 275 107 181 17 23 323 252 221 320 56 167 345 38 32 85 110 106 78 94 247 
306 269 19 119 92 108 121 349 167 198 247 292 23 263 186 144 91 102 225 109 218 160 52 101 48 204 6 202 125 40 299 318 280 348 345 114 129 117 321 126 88 258 35 147 325 54 25 193 229 272 283 171 70 151 286 326 138 13 36 195 136 250 223 145 191 172 164 293 296 1 103 50 78 197 312 29 199 146 46 332 168 240 86 208 21 302 251 290 
307 82 142 145 68 60 51 320 3 324 117 249 98 271 146 39 84 233 290 128 94 150 66 152 273 36 181 114 160 63 310 312 211 313 64 47 189 353 9 288 112 168 72 42 329 198 126 111 44 169 118 105 227 242 184 40 7 276 8 178 139 266 71 91 32 165 224 212 335 332 326 207 125 34 255 30 234 180 78 203 
308 117 187 107 106 85 237 315 333 199 226 5 186 116 127 23 52 218 321 250 204 247 10 11 108 316 209 155 182 30 8 352 267 130 164 274 205 265 24 196 326 161 192 231 17 143 183 73 114 87 207 244 120 81 100 71 38 172 
309 320 256 240 227 239 151 68 184 278 46 112 207 155 199 338 185 132 330 118 31 1 142 232 335 269 192 54 163 78 341 67 77 23 271 326 156 248 323 334 111 205 76 250 312 196 172 28 223 261 181 120 40 5 153 235 81 
310 275 197 158 40 251 41 288 26 64 127 82 324 219 74 20 91 6 33 307 42 257 48 291 27 212 124 270 92 14 338 57 25 203 89 37 172 23 342 285 176 121 195 39 224 71 340 252 68 339 100 5 80 230 7 115 273 183 47 284 90 333 106 208 272 
311 45 20 264 297 102 110 196 233 296 350 276 16 316 302 0 51 208 242 140 181 192 142 82 28 19 96 153 17 247 326 106 161 288 226 160 287 97 11 204 148 325 109 213 72 87 197 64 88 134 267 127 39 63 349 157 337 245 116 167 121 14 211 251 95 313 256 216 201 60 155 90 219 202 129 21 346 237 
312 186 118 265 199 197 114 90 185 41 232 255 55 193 79 202 121 30 229 56 331 147 195 38 314 83 19 210 151 287 182 277 307 341 132 282 142 153 280 198 60 289 276 320 215 134 28 183 301 6 204 58 329 104 150 237 309 174 35 306 243 252 76 155 9 37 123 8 32 319 45 100 93 97 42 200 
313 216 94 303 96 260 113 107 175 89 223 201 161 333 1 277 143 352 19 348 253 344 215 39 88 210 325 307 60 194 63 24 25 167 10 181 340 273 171 211 346 128 23 106 11 109 192 150 350 115 72 283 274 53 105 239 304 123 311 129 140 92 284 197 263 
314 257 333 350 94 31 173 215 288 265 0 348 305 191 4 71 136 45 231 353 207 227 107 175 184 312 100 148 180 232 125 78 67 20 211 221 151 172 109 38 223 300 199 79 262 326 6 42 163 105 234 240 98 116 327 336 195 27 237 43 97 214 17 208 46 200 24 147 339 316 8 93 323 203 
315 327 147 172 24 18 286 339 206 70 126 48 340 285 235 30 233 308 256 225 296 160 45 40 112 93 156 240 294 13 130 180 127 325 101 268 150 300 347 78 138 153 202 198 176 8 133 319 111 57 137 216 0 271 58 27 63 281 213 39 209 33 163 201 77 212 109 12 20 173 118 5 99 
316 251 346 108 269 297 59 122 115 214 74 107 225 273 326 311 189 56 157 103 254 232 220 87 82 86 50 169 8 308 20 191 41 91 279 224 67 196 249 90 21 14 274 75 34 161 204 101 73 352 209 277 261 78 338 45 51 17 248 244 142 322 295 193 237 337 246 239 318 245 65 314 72 3 117 118 284 121 
317 297 318 133 209 158 4 333 287 74 9 242 147 195 247 285 237 66 282 18 6 292 63 143 33 255 76 248 67 203 289 281 339 39 342 56 30 219 243 194 268 334 19 116 341 17 278 245 40 81 321 252 227 72 170 114 172 176 86 267 206 
318 317 205 288 39 113 26 320 23 84 290 162 262 136 154 327 306 48 168 224 115 211 19 30 176 322 261 18 135 4 237 95 252 188 276 203 350 171 341 234 324 220 142 87 133 14 156 152 159 304 347 129 336 59 20 230 259 166 316 244 209 243 137 80 342 190 231 267 254 37 339 17 295 204 191 15 223 22 
319 302 63 34 50 106 97 220 263 257 274 348 82 240 84 282 331 80 160 77 91 189 289 165 103 31 111 284 57 239 110 163 200 116 328 114 336 244 74 86 79 2 255 112 217 28 315 326 168 156 344 93 261 41 142 197 298 321 53 183 92 192 158 350 71 291 224 268 312 346 233 164 143 
320 330 309 84 142 77 232 73 25 45 307 149 318 103 68 115 123 13 194 126 78 286 65 214 172 119 250 231 281 233 12 36 312 240 30 35 220 168 298 296 284 161 241 219 331 179 140 210 6 60 277 343 305 204 279 97 260 128 178 216 144 228 212 295 185 328 
321 123 115 81 270 330 246 70 182 269 323 233 31 304 153 74 126 71 265 145 54 308 13 228 26 225 226 306 204 7 49 257 297 230 187 342 198 97 199 276 85 348 237 295 220 266 171 267 22 16 251 319 24 78 326 268 317 47 282 91 201 76 102 41 108 209 337 149 286 261 57 170 79 
322 297 1 161 72 141 15 117 207 5 344 210 233 114 52 288 78 165 229 122 285 43 330 201 150 318 244 42 293 181 278 298 149 35 234 200 172 348 256 53 262 120 153 347 272 83 36 97 338 255 159 208 178 12 26 186 152 316 283 23 349 213 184 251 238 105 71 187 274 254 3 174 110 2 91 58 230 17 93 162 
323 9 163 234 247 157 46 253 85 156 228 41 326 321 273 337 233 289 93 83 251 78 15 62 254 199 142 42 131 194 211 141 345 192 168 182 203 106 47 231 208 126 170 235 144 241 53 165 17 336 348 12 54 4 287 181 309 158 243 139 0 305 188 148 79 325 130 112 108 55 80 190 270 59 285 137 314 200 
324 277 137 182 326 212 168 291 6 124 115 106 164 218 296 125 307 48 273 253 185 285 92 310 190 295 146 252 3 64 171 133 8 140 209 36 349 14 231 13 346 83 40 220 292 245 68 94 18 297 237 337 238 151 318 49 275 259 153 46 23 290 110 193 243 216 158 141 85 143 352 351 247 87 181 113 72 80 175 221 207 
325 290 347 178 227 86 137 250 242 75 48 221 175 84 332 81 230 344 129 33 45 30 212 283 190 112 233 279 189 313 229 315 60 306 341 127 210 35 161 18 185 196 119 151 34 62 311 296 351 291 163 54 47 83 274 211 1 73 259 186 191 135 121 123 67 262 261 323 224 145 353 0 2 218 15 249 330 
326 252 324 163 143 305 35 43 338 64 3 299 10 323 289 145 316 33 294 157 140 14 206 58 126 332 234 27 63 303 335 6 228 337 211 311 174 183 334 266 236 208 306 314 227 309 155 327 71 319 308 286 199 96 225 333 132 321 344 65 182 106 8 307 91 166 67 219 74 291 
327 315 13 124 49 234 151 246 126 118 262 41 78 338 287 147 109 318 141 106 67 21 223 184 42 129 10 169 170 286 58 334 66 84 237 242 27 186 97 326 81 36 75 232 314 145 261 330 46 131 113 195 247 288 345 48 166 32 300 4 240 259 59 274 96 299 2 
328 280 259 343 256 142 20 32 45 152 95 181 74 140 141 263 102 167 79 304 176 206 107 226 331 35 333 39 48 301 189 204 101 106 44 5 339 11 319 51 250 23 125 260 27 223 116 71 243 94 212 80 241 200 61 182 180 3 235 303 18 218 43 114 55 335 202 320 
329 78 14 26 15 92 142 193 91 102 163 342 75 258 28 270 16 272 156 273 330 231 84 208 125 238 103 67 138 183 307 45 160 218 195 110 55 284 61 312 269 149 12 151 65 5 199 219 172 243 209 300 134 181 71 
330 320 163 10 91 35 9 265 292 345 346 102 145 6 321 287 198 73 55 179 219 181 45 98 167 59 41 344 341 322 160 294 74 309 291 342 329 300 348 203 100 122 1 171 220 131 128 38 93 352 266 282 231 268 70 83 72 52 24 212 327 14 105 67 278 152 205 123 19 141 44 297 21 169 244 239 331 90 164 174 155 325 
331 195 198 275 21 200 33 28 126 165 38 218 27 29 163 177 237 76 106 149 42 229 59 228 206 312 319 350 112 261 328 155 339 73 108 85 173 154 298 255 209 152 23 140 81 296 123 43 194 58 115 160 141 349 235 47 295 88 238 174 98 187 4 342 221 320 132 9 49 145 16 300 290 351 268 203 142 175 330 51 231 273 
332 76 233 36 32 127 99 38 169 295 325 46 107 82 140 145 212 326 279 282 215 83 219 179 53 128 3 208 291 240 92 11 226 173 201 211 62 343 148 156 64 229 78 187 192 112 110 195 349 43 231 59 199 334 166 306 0 9 80 307 346 244 234 213 177 
333 247 314 105 69 262 59 317 175 173 99 308 35 208 57 313 282 109 166 61 143 78 157 328 16 192 154 152 236 73 66 296 27 274 129 64 2 196 258 102 346 141 200 170 326 169 171 120 119 243 96 156 207 286 8 139 300 100 72 251 225 293 310 34 
334 19 258 197 205 225 265 287 114 256 244 270 109 87 338 163 84 167 12 149 110 290 195 199 327 326 32 268 121 301 142 86 22 337 317 213 150 250 339 49 201 309 159 255 241 267 281 93 61 202 294 336 122 127 82 332 81 68 178 198 184 99 30 351 119 40 233 105 181 118 
335 264 62 137 203 300 214 223 138 200 341 103 107 39 234 266 181 304 247 349 85 9 284 193 237 326 240 279 40 101 152 345 143 229 309 216 90 283 289 64 114 0 99 235 236 63 245 49 116 263 133 141 176 48 253 222 190 79 41 129 224 184 8 95 265 307 251 149 348 328 75 
336 210 86 87 105 169 287 154 145 175 17 185 249 198 140 132 253 8 340 179 242 276 110 126 84 23 225 63 45 47 52 319 70 201 188 138 346 301 129 260 323 121 219 250 4 205 85 280 314 222 279 67 130 318 334 50 343 241 268 182 28 215 244 68 62 24 19 96 134 
337 249 52 255 243 209 215 343 168 163 151 289 323 50 143 271 68 196 290 219 130 207 179 106 302 229 326 63 122 102 195 216 115 34 288 18 101 80 237 172 324 201 334 240 210 248 58 154 75 36 340 12 185 20 311 78 316 280 242 232 124 321 23 159 38 147 125 
338 106 3 303 250 71 89 326 105 282 231 103 327 137 31 138 58 254 21 142 20 309 334 227 222 196 179 200 258 55 150 233 147 47 75 54 253 310 42 209 86 181 235 345 226 219 92 204 286 259 205 107 243 322 212 132 271 174 316 285 84 245 148 49 224 198 100 102 166 280 220 342 291 274 52 182 63 73 
339 44 235 126 86 54 315 256 51 172 285 19 183 31 343 142 209 350 140 331 90 5 252 282 33 165 37 317 241 345 114 328 342 180 194 38 287 170 35 88 196 288 232 49 200 260 108 334 94 310 264 176 53 52 10 190 189 351 17 113 34 224 314 152 247 281 269 318 25 16 
340 258 224 133 9 54 162 57 81 80 83 45 179 315 50 24 262 255 152 279 292 98 144 336 138 26 261 21 168 65 2 245 265 177 234 102 142 11 52 53 85 217 237 304 17 87 145 169 143 233 298 1 313 210 270 117 226 291 22 193 337 310 260 32 208 116 157 274 297 70 6 110 147 67 112 253 121 350 164 259 146 92 25 185 48 134 180 84 283 
341 51 192 101 196 271 175 66 10 267 150 258 335 269 117 235 287 132 243 330 216 124 99 249 283 191 304 50 312 57 89 81 227 261 325 18 201 27 195 98 309 342 270 55 318 184 169 317 74 259 260 105 348 110 255 230 265 15 298 252 38 291 47 182 170 208 91 285 104 202 
342 252 186 264 37 347 134 104 125 281 54 77 198 188 267 289 214 206 174 185 24 350 9 329 160 227 192 221 330 72 118 27 215 234 175 124 229 339 146 33 317 321 268 298 341 296 120 43 83 310 271 286 250 331 162 44 117 304 210 280 70 128 101 79 237 318 167 5 230 338 194 166 344 
343 328 157 39 159 97 28 337 54 175 14 270 89 227 79 160 339 242 95 18 205 265 116 53 301 37 125 70 59 186 250 209 248 221 282 4 2 194 40 283 332 19 74 3 78 142 182 179 138 174 165 289 244 115 320 298 276 336 155 163 131 238 7 72 133 113 77 293 275 168 22 219 255 
344 98 242 271 174 198 141 31 322 102 109 149 9 325 239 248 260 252 122 330 110 212 73 27 133 61 250 313 179 266 151 49 52 35 224 39 235 12 227 240 36 123 44 294 15 132 319 256 78 291 326 184 155 244 88 77 278 135 47 94 114 108 267 176 33 302 342 217 303 167 14 
345 129 146 147 330 48 69 87 107 266 160 81 221 27 280 3 285 254 191 79 346 199 15 242 306 214 104 89 289 323 158 217 52 282 18 0 302 24 339 335 347 101 349 168 88 245 121 23 338 209 251 298 290 28 9 124 108 295 31 50 137 131 193 136 260 138 111 305 181 352 86 155 327 211 218 207 29 68 100 41 296 
346 294 31 316 250 330 43 142 191 14 136 345 57 181 63 45 148 256 267 82 24 324 251 62 194 93 205 231 336 313 234 333 296 137 124 213 167 157 247 224 108 3 197 67 230 175 196 235 135 22 176 95 4 332 319 254 225 311 180 
347 325 13 185 342 120 291 297 4 296 237 248 252 196 254 264 116 86 49 265 65 268 36 101 161 121 130 60 167 153 227 149 110 292 74 245 181 194 269 302 345 192 236 315 198 322 81 162 235 87 150 160 272 133 55 279 6 318 19 135 82 349 243 180 88 95 353 295 277 206 44 103 146 113 165 93 31 59 177 
348 43 196 238 251 295 211 147 49 314 50 226 144 106 31 319 46 60 112 306 182 76 264 313 83 252 145 110 118 277 228 198 330 77 123 263 235 81 322 156 304 42 45 188 7 321 351 323 136 28 80 66 79 19 341 137 282 98 240 179 164 173 153 184 56 219 335 281 92 
349 283 38 306 16 168 174 300 206 256 136 287 79 7 218 156 286 335 284 219 20 225 144 245 44 299 273 196 324 92 119 257 263 251 345 282 126 152 35 146 87 208 41 31 331 166 204 270 94 173 12 81 158 62 137 260 30 37 207 311 332 259 285 322 182 347 147 171 40 161 129 72 125 205 214 47 227 89 170 236 139 
350 232 294 159 314 35 58 304 286 236 283 225 311 22 255 226 4 331 173 339 342 287 147 101 243 291 176 97 132 83 234 238 247 165 62 179 27 110 285 284 160 40 89 290 156 68 318 90 178 49 18 80 98 20 313 84 150 209 189 55 274 6 207 249 9 32 319 351 44 172 244 38 340 1 292 218 258 
351 73 267 27 99 353 229 37 186 197 118 239 60 243 49 266 101 259 146 159 144 250 273 78 79 53 18 202 106 123 303 141 230 348 117 352 325 211 142 10 165 216 231 271 187 297 282 293 233 268 249 19 277 339 260 292 324 350 188 331 264 179 39 70 71 334 16 205 102 150 253 75 190 209 
352 205 280 29 274 190 212 242 290 130 221 107 150 16 155 7 93 215 32 19 198 47 154 179 128 233 313 227 182 240 238 115 74 236 139 113 4 75 308 136 330 316 256 351 10 234 112 216 59 293 132 103 243 251 46 89 226 324 345 3 157 127 28 257 206 96 
353 220 259 117 179 48 180 272 202 245 50 176 351 114 34 142 183 39 314 22 86 124 207 141 240 210 222 10 122 23 237 146 280 177 267 40 15 43 307 88 166 296 31 91 133 211 294 98 60 81 52 123 295 46 258 104 35 144 225 297 181 121 299 4 347 61 325 12 192 269 170 151 
