0 401 429 69 208 371 246 125 19 436 205 188 213 64 259 46 316 364 185 7 105 44 368 273 341 383 29 216 233 478 310 424 195 22 356 9 414 318 226 377 437 40 406 210 302 169 352 408 151 477 35 462 471 362 175 96 164 252 386 157 
1 147 103 325 95 321 458 446 68 60 387 443 341 193 427 32 322 424 342 41 174 7 139 382 363 400 47 164 269 58 55 83 158 165 307 84 423 46 240 
2 435 392 273 210 129 8 17 469 35 196 255 354 353 200 171 100 44 217 10 89 106 254 472 62 143 118 440 157 323 88 459 9 223 26 237 381 75 253 425 243 30 420 282 406 46 467 204 379 409 427 66 122 451 465 249 444 
3 234 168 82 36 52 426 437 288 70 438 314 377 99 355 268 194 293 253 248 331 266 89 78 148 185 106 401 60 26 50 256 415 332 422 27 230 397 79 114 69 315 474 400 115 424 304 219 58 174 195 308 240 77 389 103 282 169 417 216 95 209 313 366 
4 261 313 171 248 253 116 147 243 280 246 143 172 363 329 279 342 250 475 52 188 476 271 304 319 448 22 373 395 293 95 60 98 77 85 413 173 424 336 27 357 148 335 16 219 302 445 408 256 258 386 308 
5 343 116 377 426 478 112 214 55 283 157 466 31 414 53 169 360 288 396 282 430 46 141 392 375 34 278 301 228 204 314 365 150 387 291 403 344 295 444 306 131 264 401 457 452 158 24 231 261 472 
6 24 346 19 44 147 133 195 194 141 140 117 14 76 320 50 322 56 212 281 429 330 283 146 228 338 208 18 26 298 384 416 404 150 285 171 365 210 193 175 97 421 279 447 66 254 38 96 260 87 326 284 21 289 
7 92 100 55 86 379 471 314 459 460 235 234 221 458 90 457 371 209 445 135 423 0 422 192 50 342 396 316 137 394 223 402 357 334 452 145 196 317 313 107 241 1 188 300 45 271 425 75 346 122 321 140 42 468 339 56 358 331 249 393 309 383 
8 170 474 349 238 2 60 59 313 273 150 33 171 110 459 339 333 183 239 235 122 296 90 223 274 456 95 433 34 140 206 361 299 137 341 103 169 250 382 209 
9 303 202 284 298 307 118 210 267 322 454 120 387 301 471 121 243 91 327 240 356 197 431 65 44 278 279 472 137 75 381 2 441 39 154 280 465 474 0 386 253 264 169 314 188 261 130 207 469 256 27 181 
10 426 164 385 296 349 239 325 183 128 81 198 247 216 269 467 138 439 17 109 361 2 347 146 254 455 376 123 363 193 315 129 295 161 457 182 188 422 70 166 177 127 414 114 287 201 111 372 470 61 218 99 
11 162 246 232 26 138 210 85 114 133 281 430 446 471 254 155 350 421 187 390 109 178 92 315 408 442 457 69 361 51 173 381 81 413 157 177 184 377 39 242 18 121 275 103 203 433 32 323 328 
12 139 426 57 197 63 104 28 390 473 156 278 137 103 106 215 163 379 401 187 68 284 134 200 396 407 157 101 375 439 416 155 259 451 446 271 240 403 71 418 281 122 441 39 235 317 460 91 234 
13 224 241 297 419 55 118 109 196 105 125 143 82 97 191 402 182 174 276 230 336 120 156 317 154 79 65 344 274 193 444 417 54 74 192 312 225 235 39 128 277 410 51 42 352 175 354 
14 183 256 450 462 112 191 29 91 356 278 84 6 444 111 429 425 409 171 371 414 353 379 109 271 194 378 293 124 212 367 200 208 430 116 334 52 328 233 
15 283 192 41 56 435 17 359 258 233 231 236 225 413 211 234 195 443 63 73 405 121 93 334 409 50 403 388 75 267 339 383 371 60 35 131 301 85 177 36 165 219 158 127 391 247 173 171 
16 289 226 118 21 411 430 104 387 123 40 472 126 427 269 410 320 32 250 382 212 454 128 189 167 98 91 213 239 155 383 96 232 169 4 446 248 50 163 400 405 176 78 
17 83 153 296 327 74 245 461 2 187 15 122 10 396 357 241 233 225 194 384 258 259 463 286 422 252 78 64 53 21 299 268 69 370 356 420 433 30 215 421 382 196 204 35 345 84 
18 139 409 149 120 141 236 355 97 368 337 399 43 40 286 427 56 6 329 231 157 263 458 35 91 46 398 49 60 239 290 195 365 69 432 76 11 455 233 396 293 419 287 96 201 
19 133 75 382 318 6 208 307 22 248 0 400 167 200 265 301 254 444 74 31 35 114 335 465 128 461 374 144 464 210 237 371 127 356 321 477 106 470 119 43 108 418 101 103 385 317 181 453 386 84 416 169 54 157 
20 118 433 94 229 466 129 357 127 180 285 263 279 304 405 147 376 343 272 152 170 469 121 172 194 441 417 375 233 270 361 294 49 207 55 193 107 63 167 123 315 288 241 83 
21 40 221 300 16 54 297 353 327 128 386 440 244 287 230 234 424 189 22 98 167 384 131 149 39 433 282 207 17 26 474 381 269 289 325 319 331 55 374 236 120 145 6 127 298 338 49 
22 120 408 374 19 428 189 414 476 90 406 438 55 179 219 21 380 92 183 152 390 449 446 319 215 351 244 153 477 429 4 434 247 79 187 191 225 398 0 202 39 388 468 132 167 460 24 433 454 213 66 81 163 
23 343 451 124 427 220 447 167 172 96 180 349 414 334 377 274 60 449 98 378 230 125 246 186 198 442 207 114 179 160 199 194 424 187 91 25 64 406 42 268 168 332 311 434 236 132 329 195 360 243 330 362 93 437 
24 300 6 286 437 383 226 388 397 410 163 93 422 459 137 291 87 116 297 361 453 114 311 31 449 164 392 355 28 241 272 256 436 275 308 313 22 180 161 69 5 425 61 59 212 
25 99 452 414 235 378 44 419 387 373 375 471 176 213 345 191 312 232 76 148 150 253 456 192 196 23 391 35 363 57 222 206 364 380 91 40 70 158 352 376 284 234 273 318 138 
26 326 11 473 354 35 29 388 256 43 200 119 285 277 395 217 81 83 3 474 6 147 358 361 2 160 65 169 392 470 75 21 332 448 313 238 212 214 174 372 271 213 265 341 410 231 275 134 343 
27 268 218 395 382 84 207 123 132 362 149 60 303 204 152 90 354 45 104 328 43 66 222 126 445 477 41 370 3 314 433 472 63 427 28 185 339 228 223 280 353 4 296 162 232 416 452 299 188 200 55 266 38 9 281 70 383 139 
28 285 262 301 335 225 63 448 232 12 458 312 317 410 454 319 416 168 150 113 39 246 137 309 84 399 158 396 414 140 24 27 57 405 201 316 381 206 343 347 428 198 240 107 422 40 
29 408 193 135 422 26 14 163 125 187 295 46 351 145 176 204 73 196 399 106 182 329 139 296 226 151 435 0 331 323 238 426 118 172 355 83 79 121 51 161 156 376 361 
30 368 39 172 208 433 150 460 422 144 263 327 36 41 154 379 373 431 252 273 175 264 75 158 141 209 113 452 132 384 400 44 17 2 447 129 298 202 142 
31 334 416 318 150 109 391 269 439 5 236 194 422 46 123 434 19 444 262 337 312 350 75 245 250 24 242 398 197 410 388 141 474 230 359 189 118 36 122 366 218 476 276 62 184 137 478 268 210 
32 399 455 366 323 293 129 162 460 332 115 280 186 178 244 412 429 87 297 1 449 60 257 39 310 16 198 411 342 410 205 230 341 101 405 169 278 146 208 11 134 389 456 
33 191 34 116 305 232 255 274 231 442 91 105 453 194 242 344 288 389 142 256 8 259 177 60 277 457 159 204 311 78 300 336 441 69 351 257 141 368 156 162 456 323 235 43 95 380 237 170 422 
34 33 363 62 126 105 358 88 311 107 357 246 249 40 217 347 61 177 216 383 95 448 47 440 112 5 166 194 396 442 338 37 145 185 280 8 135 465 242 69 354 318 180 52 
35 69 420 282 151 174 264 344 423 26 129 284 2 317 183 274 288 465 393 383 426 19 445 70 258 39 101 64 179 411 257 376 204 36 25 286 47 18 105 155 15 229 436 74 386 432 410 314 438 238 0 17 345 227 191 134 453 
36 60 106 3 170 94 240 118 431 312 247 63 30 347 458 390 156 275 342 357 261 371 333 328 258 146 35 187 377 93 331 468 266 226 57 343 324 103 438 202 236 15 31 314 386 249 287 179 411 164 115 273 223 421 209 
37 173 186 459 397 50 430 325 458 466 215 117 443 353 399 249 309 84 132 75 42 51 79 94 68 239 373 394 478 345 454 120 34 282 398 437 275 272 114 205 62 271 134 442 81 
38 258 462 213 368 84 130 393 227 251 83 424 467 472 211 151 377 241 42 39 400 71 152 88 342 352 183 159 147 357 176 296 315 247 451 179 399 244 208 45 182 429 65 144 293 267 314 344 6 93 64 201 97 461 449 27 175 444 209 81 
39 30 256 68 268 101 61 182 111 28 439 478 266 232 35 169 161 259 225 38 32 405 295 9 236 21 425 365 156 22 323 79 351 418 11 165 251 168 336 12 13 203 330 174 361 88 
40 21 441 58 469 442 76 310 471 263 150 465 34 202 330 127 429 68 16 85 380 336 337 323 18 355 426 62 398 124 49 350 328 180 204 203 423 0 214 419 25 358 437 271 297 332 282 230 51 379 397 270 138 28 444 126 52 237 248 
41 73 305 313 15 231 133 406 240 202 273 457 30 129 408 444 446 298 253 254 270 374 347 375 465 414 369 95 185 395 248 65 27 476 1 286 125 59 417 431 317 147 402 
42 224 283 442 397 457 171 420 229 441 430 147 378 88 426 383 161 335 325 261 473 37 38 384 232 74 257 130 238 23 77 366 329 346 471 84 148 83 339 435 405 143 7 409 209 451 268 311 196 13 
43 275 140 348 258 339 421 108 26 335 406 365 465 200 271 388 18 96 27 241 284 364 115 473 106 137 387 52 240 45 221 54 288 19 442 75 262 129 303 462 33 276 307 389 410 317 243 
44 462 62 90 349 227 408 394 293 381 142 6 364 25 297 243 253 104 2 70 267 0 126 273 207 220 9 206 196 88 441 280 337 264 30 192 369 111 459 278 189 305 145 448 474 468 445 229 417 113 204 363 91 212 
45 386 438 281 283 277 416 444 403 60 232 278 400 412 398 123 387 246 27 383 409 163 46 101 334 50 190 286 314 404 228 455 422 477 49 184 449 249 370 445 371 257 273 417 38 43 7 271 330 353 272 284 322 313 333 466 
46 343 124 171 174 373 421 268 393 244 435 309 212 0 105 430 312 431 29 211 115 31 457 187 356 331 424 172 45 249 5 89 392 369 103 265 83 64 449 264 237 18 340 477 221 258 332 191 442 2 326 192 160 63 363 161 52 1 271 
47 192 73 292 79 253 166 121 149 373 385 234 178 318 64 164 189 212 335 441 153 122 222 34 76 126 293 74 455 249 35 337 110 210 442 1 106 420 158 452 414 244 467 259 171 161 402 220 230 77 302 
48 287 112 55 175 369 376 136 104 134 395 448 457 60 111 258 217 87 220 119 339 126 197 265 74 357 296 139 254 141 333 430 188 73 66 394 169 406 160 463 159 350 180 196 278 132 204 424 461 467 50 137 373 
49 164 338 177 316 370 166 217 446 253 116 197 413 435 462 265 429 212 72 146 211 108 260 67 45 40 157 442 198 295 224 335 467 387 18 285 98 20 76 167 51 78 124 368 363 159 465 21 398 214 239 
50 37 55 321 89 267 128 276 163 202 7 465 294 320 392 366 79 229 6 93 45 335 205 156 3 388 275 387 233 85 312 51 15 357 102 311 246 291 206 293 130 412 438 298 222 378 306 143 345 16 169 463 216 48 191 280 377 
51 166 396 311 284 163 432 64 73 262 109 76 130 257 249 122 126 286 254 469 37 200 142 407 283 50 54 11 173 129 433 318 197 375 174 176 187 353 360 431 40 29 452 49 205 13 362 233 
52 381 198 251 3 211 350 427 131 84 231 215 360 137 365 125 297 4 171 134 128 271 437 143 355 342 466 75 280 43 428 61 208 264 241 359 55 407 357 223 146 14 443 237 40 46 113 274 91 34 
53 327 72 172 243 132 383 446 205 121 141 332 320 82 5 60 76 375 419 367 75 294 242 110 61 287 170 17 462 169 65 133 73 439 312 235 434 214 131 426 67 278 68 276 450 232 
54 91 161 114 66 174 198 338 21 324 392 59 93 452 273 192 186 476 367 137 335 60 167 51 244 411 443 471 380 433 248 176 43 290 472 381 13 337 156 109 291 357 19 122 310 446 
55 356 48 7 13 284 50 149 5 134 267 318 276 114 292 325 22 158 278 413 373 404 370 335 128 422 459 469 428 280 457 108 151 245 369 248 174 424 21 52 354 20 197 101 27 1 87 120 380 90 353 411 
56 113 305 172 446 259 396 349 222 379 15 292 471 268 273 60 231 339 221 127 279 115 6 227 333 18 453 420 102 448 79 382 417 459 97 452 287 423 108 230 224 312 364 136 402 122 334 7 212 424 351 202 413 138 421 
57 134 130 339 116 141 473 12 237 445 328 190 412 240 329 332 286 403 446 354 347 189 180 447 244 28 128 36 25 175 220 129 136 176 294 296 279 114 238 454 364 310 411 101 
58 83 360 245 40 421 250 452 363 463 258 458 253 412 370 168 388 444 153 469 365 269 163 211 460 328 456 1 3 100 397 76 385 82 474 
59 130 471 270 413 261 303 269 148 54 350 8 199 179 223 299 392 98 401 314 408 200 84 127 316 452 97 245 110 288 224 347 419 351 307 41 262 188 103 349 386 246 115 24 326 121 
60 252 36 166 360 214 312 352 193 289 8 444 102 355 53 45 27 23 363 56 293 48 1 33 379 453 472 376 280 163 268 426 3 136 54 32 253 283 4 320 124 129 15 409 287 18 110 175 131 466 178 412 266 173 68 399 95 368 393 
61 340 131 166 255 374 87 470 424 382 349 178 129 70 39 417 126 308 200 34 250 315 206 300 301 230 96 478 391 321 53 447 235 67 386 395 413 273 52 350 251 436 77 121 469 313 399 342 309 193 398 266 408 373 24 10 94 123 190 439 
62 414 44 34 119 271 289 203 71 296 73 114 463 2 452 131 356 224 421 329 40 320 358 80 443 363 456 202 340 333 299 344 373 168 419 307 31 37 
63 138 257 458 28 181 36 12 401 307 471 453 372 151 15 416 351 385 473 142 122 27 390 68 329 144 217 369 111 20 379 46 211 358 66 
64 323 234 51 220 276 454 326 350 195 261 0 290 47 459 81 222 35 301 242 415 95 225 23 46 393 17 239 245 385 370 179 38 352 136 112 462 
65 305 155 362 397 315 357 458 295 289 351 271 177 413 98 394 159 343 282 233 375 461 457 279 93 9 125 420 163 41 387 429 131 158 141 245 26 337 13 347 367 350 248 80 432 236 38 53 150 193 415 
66 128 54 398 189 387 223 330 355 459 194 224 166 418 93 230 271 382 331 176 27 473 218 121 232 452 315 73 269 472 77 370 130 123 118 277 285 204 48 334 119 273 6 211 437 308 251 2 22 63 84 420 
67 160 381 131 233 99 178 351 192 468 388 222 49 61 345 241 309 184 152 250 447 322 171 417 430 166 315 209 88 349 53 302 185 269 290 325 78 
68 278 367 166 362 438 443 334 39 410 147 364 353 384 285 471 1 329 40 359 175 12 229 37 458 189 136 380 213 408 303 274 63 239 371 307 146 290 272 399 53 60 145 90 79 333 375 
69 35 0 226 240 134 452 390 457 467 197 298 146 138 150 407 366 118 399 336 453 11 136 33 3 391 17 362 405 198 464 141 18 357 196 24 104 116 34 470 454 108 422 91 413 
70 234 140 449 476 3 193 220 452 231 346 61 202 300 44 288 35 297 214 119 375 269 106 249 10 71 338 327 230 270 470 353 379 208 25 331 167 404 332 139 421 359 138 254 307 27 
71 358 83 143 156 227 159 230 422 62 203 357 206 297 255 75 355 473 471 108 38 170 254 223 365 412 102 460 252 326 336 118 70 475 458 96 12 397 331 246 436 183 362 
72 364 53 335 314 460 167 464 411 416 174 119 385 211 78 168 412 388 49 81 462 124 334 182 373 177 341 337 423 370 139 375 419 265 361 122 261 428 270 244 83 
73 255 41 306 47 433 51 140 132 310 354 369 274 62 374 166 323 29 199 420 298 450 15 127 476 281 391 352 110 444 66 226 216 217 171 347 267 343 214 344 284 48 53 373 231 415 223 431 322 313 117 
74 304 325 390 17 126 434 157 206 170 412 183 127 134 422 415 19 374 197 201 220 269 159 297 48 466 109 263 42 247 243 47 306 447 465 153 332 35 202 199 241 13 108 341 187 386 456 138 355 394 264 295 345 
75 319 122 401 464 19 81 446 120 208 234 139 265 442 241 177 121 324 37 53 30 31 289 211 71 158 196 358 9 460 239 476 302 91 52 185 141 15 417 316 156 2 26 295 344 43 7 260 400 105 252 117 403 
76 158 460 111 424 113 475 384 358 51 40 417 132 335 53 206 6 274 334 291 25 183 156 341 404 478 377 300 47 92 333 181 219 468 109 388 128 312 270 49 79 261 18 194 58 400 145 159 162 325 
77 412 184 290 453 341 248 217 289 110 379 157 340 257 301 327 286 352 462 427 42 4 66 456 421 61 432 423 239 224 349 233 368 3 146 226 122 320 108 47 269 373 
78 399 238 236 421 404 478 413 276 177 239 140 303 261 365 72 82 450 405 150 188 3 377 382 173 117 33 17 189 471 389 349 165 293 457 100 252 250 93 49 314 422 429 125 257 67 16 
79 460 152 98 343 369 276 380 331 428 47 340 407 305 127 336 422 183 208 406 362 192 207 50 37 357 295 335 391 381 447 251 117 3 22 128 13 56 247 420 164 39 130 94 167 284 461 441 76 29 337 219 429 303 477 68 
80 352 307 229 172 456 245 308 381 120 92 323 249 95 90 138 263 373 262 87 339 116 62 65 256 324 353 290 419 468 97 284 270 322 147 129 230 
81 387 292 291 180 75 10 155 285 253 289 160 378 215 229 330 299 341 442 259 394 245 82 274 209 64 72 26 465 96 205 320 346 279 132 455 339 103 454 11 249 260 271 396 352 414 349 342 175 350 120 469 326 22 383 37 38 
82 320 145 3 278 281 333 158 172 97 53 173 78 160 376 13 253 156 354 81 107 89 219 385 312 126 373 467 276 424 176 367 135 131 271 337 370 255 340 243 300 472 402 210 325 58 112 179 129 
83 17 58 71 184 155 377 423 38 433 119 417 215 460 116 344 272 93 380 173 26 220 292 152 369 383 311 168 46 255 195 178 277 452 437 422 341 273 42 29 136 148 356 124 1 94 274 202 232 259 348 286 20 72 
84 475 438 247 38 390 94 224 112 27 173 87 273 52 448 158 14 312 303 148 125 245 37 28 329 350 285 193 166 214 279 59 393 165 356 327 256 280 414 42 382 275 236 100 223 263 323 188 230 19 291 407 258 1 161 359 66 355 17 
85 150 161 438 298 268 11 399 349 278 142 115 260 133 424 40 273 290 339 167 371 466 151 355 50 192 363 373 4 452 398 239 122 15 123 131 457 114 387 110 102 195 194 
86 306 454 7 94 228 305 221 190 291 449 420 238 385 166 390 356 204 250 152 163 133 462 87 205 362 224 265 119 324 203 346 198 378 262 456 92 466 383 193 412 200 344 242 132 338 188 239 175 199 327 
87 177 472 251 366 170 380 61 84 262 129 451 449 120 390 24 370 107 48 160 473 325 438 32 300 357 306 211 245 443 80 86 384 461 192 459 271 477 213 307 212 227 239 425 446 476 161 324 55 423 128 6 411 403 458 102 441 
88 301 187 188 274 390 463 334 34 98 119 157 214 331 453 162 441 42 210 216 105 306 90 195 369 298 469 341 234 398 38 448 399 2 446 44 215 420 232 273 395 116 366 397 136 474 458 428 67 297 138 154 346 39 
89 355 402 237 50 200 452 410 394 280 354 185 161 285 225 175 120 409 170 477 212 2 345 358 3 254 435 316 454 90 82 351 109 298 376 128 370 476 46 467 197 209 349 448 266 223 260 330 204 439 231 103 199 473 194 337 
90 345 252 44 207 468 106 356 419 460 376 311 22 92 7 154 165 241 272 210 440 88 324 350 89 27 145 473 257 80 360 131 363 8 162 353 357 285 160 99 415 354 256 422 394 377 395 153 55 294 251 68 290 
91 376 285 54 256 284 133 147 33 324 463 279 455 315 14 338 260 9 292 445 300 399 129 141 438 263 75 128 23 242 433 386 379 18 16 381 288 167 155 25 190 440 111 159 171 222 316 424 69 12 44 323 52 459 
92 203 129 7 114 232 362 462 116 374 122 80 385 90 297 236 93 248 365 135 181 158 22 194 168 247 11 76 198 152 327 206 402 415 457 432 386 94 291 440 157 156 162 187 286 86 393 279 350 290 153 
93 379 382 160 337 24 54 429 92 235 294 245 152 127 177 381 66 65 83 50 190 423 380 280 15 164 96 36 111 365 433 389 132 372 188 135 465 204 124 162 106 78 38 410 467 169 23 408 
94 289 20 36 86 204 84 173 337 106 178 234 126 148 212 235 450 314 37 159 232 443 269 325 199 190 188 388 184 280 355 298 92 79 122 83 332 61 263 327 
95 164 470 140 237 405 162 434 408 1 99 311 468 295 270 240 282 469 80 198 41 34 115 288 231 318 451 64 189 4 216 8 109 370 111 128 249 33 183 344 232 252 200 3 360 60 126 
96 340 243 184 282 120 220 236 404 23 413 207 195 468 356 146 285 61 43 81 109 405 93 121 149 323 16 298 71 455 373 447 453 129 293 6 106 331 150 0 478 18 
97 230 146 167 413 155 325 82 18 444 260 13 232 299 192 398 122 374 267 247 234 59 461 475 364 134 56 200 6 80 303 412 356 358 38 392 207 220 254 
98 323 302 79 362 342 132 259 464 241 88 418 204 190 396 314 65 126 107 405 123 23 114 21 401 180 59 129 329 398 274 121 430 237 167 267 172 348 174 101 439 383 4 344 171 16 278 216 144 426 49 103 272 447 261 249 229 451 271 158 349 332 122 399 264 360 199 179 208 
99 312 25 139 211 335 141 218 67 95 3 160 344 345 432 135 102 121 156 260 205 252 168 113 261 400 119 277 264 90 341 396 145 361 175 189 194 126 104 10 
100 150 7 115 387 201 434 291 352 307 416 2 104 159 254 125 132 265 381 402 375 451 399 140 427 243 366 136 350 172 121 215 157 356 78 454 206 103 58 304 319 84 235 355 367 431 
101 269 392 436 309 39 401 230 193 188 197 171 272 182 151 236 253 350 35 45 468 172 311 397 360 186 347 12 445 340 98 380 278 417 318 165 32 19 439 148 55 115 194 119 328 465 221 57 179 
102 417 380 459 225 60 368 399 103 106 235 309 213 412 99 257 478 203 226 56 50 71 317 424 445 386 452 346 175 266 260 400 360 323 176 332 286 252 401 251 299 85 340 87 456 
103 175 285 152 282 411 1 276 169 290 12 102 191 239 431 441 470 105 462 113 417 302 46 447 189 81 445 349 194 256 36 98 304 121 19 100 197 59 178 296 407 8 3 89 11 395 398 273 376 
104 311 388 433 375 282 48 12 16 329 325 471 44 219 100 291 418 408 27 305 365 234 430 166 381 149 132 462 387 298 152 438 376 310 69 158 232 99 270 330 
105 317 478 336 354 169 148 281 392 34 13 33 344 46 228 364 88 0 382 380 193 217 184 257 234 103 434 280 467 136 442 324 263 242 311 381 293 215 349 370 118 291 35 440 341 221 426 126 235 332 248 75 208 408 393 340 
106 366 265 231 36 321 90 409 365 202 248 94 334 158 375 476 102 2 12 29 251 399 282 293 3 388 417 296 346 264 236 123 43 430 155 70 19 47 402 288 222 413 412 115 93 125 160 229 206 96 201 
107 414 227 199 149 311 34 286 244 98 422 87 438 350 82 299 413 453 124 154 7 464 125 308 127 137 449 338 151 165 301 378 222 28 20 110 433 197 
108 259 420 130 452 227 249 43 392 252 285 340 205 370 322 188 408 71 49 257 168 235 241 381 119 416 160 242 464 180 414 305 261 55 471 19 56 346 142 306 237 401 74 301 69 77 260 198 137 
109 174 243 124 31 13 306 315 351 51 153 371 134 383 404 10 390 391 379 146 183 89 347 74 277 11 359 130 216 228 188 96 323 270 14 181 266 223 452 294 421 76 224 95 185 463 393 158 54 221 350 471 332 287 
110 193 403 287 344 381 293 463 214 455 431 77 453 338 8 419 187 178 162 297 53 112 122 73 59 233 47 167 295 60 232 331 343 85 368 107 347 
111 319 112 383 431 151 305 167 337 375 76 174 222 335 39 203 48 302 14 294 392 311 246 344 439 223 476 324 93 44 155 138 270 287 95 442 91 425 327 10 63 227 150 254 467 143 
112 111 244 48 438 5 285 177 84 404 14 464 187 444 441 168 410 166 319 429 116 263 310 350 209 427 329 478 214 110 308 476 475 34 218 400 451 193 406 239 123 163 324 443 155 119 158 82 64 301 335 318 
113 56 253 170 190 415 126 123 76 430 117 28 402 163 361 298 164 410 305 234 174 30 459 446 445 103 155 395 216 179 145 235 268 207 99 223 443 380 432 419 244 371 350 220 143 225 261 188 326 44 156 52 263 206 
114 285 54 184 316 92 409 458 161 124 396 11 186 55 135 266 261 62 329 318 226 98 24 160 19 310 303 389 23 201 158 269 358 200 307 338 277 3 121 476 257 10 325 37 146 85 317 367 407 57 156 334 
115 100 473 171 361 434 453 323 32 46 85 437 353 340 56 95 292 43 393 247 427 303 3 214 283 274 145 169 265 149 106 445 200 378 101 140 407 36 364 59 232 194 270 474 
116 5 57 33 385 121 173 216 467 370 123 92 4 238 267 256 332 250 49 24 138 418 112 338 83 456 258 441 357 228 265 459 227 157 352 117 254 275 80 316 282 187 88 455 69 14 341 421 
117 433 286 420 346 262 332 37 139 137 362 416 169 180 113 349 281 141 283 119 6 273 228 204 440 315 472 185 161 424 215 128 256 78 172 229 275 471 116 473 79 123 478 379 344 201 447 154 270 245 278 189 389 316 129 230 75 329 217 323 73 203 
118 20 364 459 16 13 36 360 9 366 134 383 470 445 324 311 339 128 374 2 286 456 166 191 326 260 69 139 244 138 338 275 262 442 105 137 71 66 29 341 31 179 159 387 192 239 333 132 471 367 304 413 
119 370 62 123 189 461 88 72 293 422 26 435 320 259 117 83 310 48 169 362 372 352 132 70 150 198 425 108 265 86 236 19 456 99 66 465 382 112 468 420 144 280 101 302 339 
120 423 22 18 96 183 350 75 80 307 306 9 157 87 89 130 475 345 13 216 398 403 165 248 153 337 468 37 131 250 465 186 194 179 346 21 81 368 265 55 140 
121 374 212 116 417 53 214 416 273 47 9 75 430 169 194 156 289 222 99 217 128 15 20 98 66 96 365 198 242 448 266 399 231 100 269 61 186 114 103 421 150 29 456 11 343 175 59 324 
122 414 75 246 204 294 255 381 173 206 184 213 349 142 92 156 477 390 17 51 459 457 311 248 158 237 471 382 185 47 97 110 343 226 243 8 374 63 474 444 330 406 183 85 319 166 208 7 332 12 56 31 72 94 378 77 428 2 98 54 309 241 
123 168 190 119 113 440 116 407 27 339 426 269 31 98 16 45 310 10 106 451 478 317 142 379 117 271 471 353 461 66 112 161 280 337 85 214 281 408 387 137 191 61 429 20 
124 434 46 362 23 232 109 474 114 367 255 456 342 343 471 107 234 373 197 72 40 312 319 433 268 361 260 443 305 60 358 14 205 395 93 383 418 83 49 194 357 230 
125 250 458 310 0 460 13 198 188 441 244 29 137 420 448 189 84 394 100 52 23 191 65 165 341 413 376 126 107 447 322 469 195 41 246 405 200 144 106 213 378 247 192 78 155 160 
126 135 242 369 476 34 258 209 113 303 169 74 204 339 94 219 51 130 98 422 201 61 471 419 44 300 16 48 371 316 394 82 27 179 47 180 208 243 157 125 168 137 353 319 184 418 284 444 410 127 304 456 105 437 198 395 165 429 327 40 472 99 95 298 143 330 398 428 
127 240 322 206 422 134 222 152 243 244 371 20 315 278 415 151 79 74 178 459 219 436 40 155 56 207 235 93 191 197 73 247 163 59 446 335 19 212 138 256 298 267 282 107 10 126 330 312 404 15 429 319 409 21 345 314 190 
128 382 410 66 270 10 208 21 136 476 255 455 50 275 420 325 356 118 55 19 331 52 89 121 117 468 212 307 327 132 91 79 16 168 57 220 462 384 145 245 374 76 438 451 217 95 13 87 467 315 250 
129 92 238 172 430 452 2 401 20 32 35 41 87 61 237 292 145 243 467 413 242 458 98 91 318 333 10 290 170 471 51 360 414 330 60 210 57 43 295 326 184 96 117 270 308 30 267 180 403 80 439 82 258 
130 374 59 435 57 313 108 38 382 51 316 126 172 120 234 386 295 449 352 359 459 436 273 109 164 165 358 42 275 432 300 203 232 444 162 66 265 168 79 50 465 441 336 237 380 138 414 334 392 9 194 391 422 
131 61 473 193 67 52 173 287 381 288 318 283 285 157 62 383 168 398 194 65 311 21 90 347 314 82 120 430 351 156 371 15 205 211 310 459 60 85 5 53 307 213 257 445 413 335 
132 162 141 53 447 315 98 73 27 326 219 76 180 397 37 100 323 283 212 30 321 320 246 313 119 145 274 81 434 128 403 196 183 399 93 104 232 22 23 325 191 354 423 284 348 118 252 48 86 365 305 
133 465 19 346 41 384 91 248 349 315 469 338 6 312 476 11 405 336 211 320 264 231 451 85 168 302 262 217 159 412 177 310 394 86 172 290 176 424 353 146 251 53 195 463 417 203 269 337 408 
134 57 425 368 169 127 313 463 437 55 69 48 276 109 118 473 74 468 371 188 402 408 278 223 344 52 238 396 418 317 12 251 441 158 393 417 97 406 386 232 426 461 299 264 456 257 26 455 429 37 32 474 35 
135 126 29 179 309 471 268 366 334 139 325 162 307 271 92 7 114 333 359 413 346 99 306 152 388 144 404 385 439 270 167 82 158 241 353 166 93 34 355 436 151 279 464 294 426 474 
136 148 249 377 166 128 48 154 181 145 204 215 429 330 105 60 291 423 408 333 68 220 434 418 153 211 69 207 274 100 185 280 475 88 57 83 403 56 216 417 392 466 64 350 313 
137 216 285 117 24 250 125 288 273 258 267 12 52 7 28 54 429 9 465 43 200 217 263 126 118 336 304 469 424 107 8 159 431 123 139 365 251 206 378 456 31 197 108 419 48 
138 63 255 11 198 263 284 10 116 141 280 422 313 69 379 80 254 403 118 173 449 127 467 111 388 231 452 139 468 205 190 130 74 88 148 40 309 70 217 436 56 237 301 257 25 
139 18 99 210 12 117 135 410 446 75 198 353 29 374 269 440 384 142 406 118 48 180 411 1 143 186 357 138 385 72 275 338 352 181 137 463 70 182 323 170 251 248 27 
140 95 437 43 165 70 351 152 73 347 78 6 170 156 158 297 305 153 393 375 369 28 431 100 418 220 8 468 281 269 7 147 292 301 225 469 171 207 120 115 189 283 
141 442 245 57 132 99 209 201 18 53 256 463 237 437 310 283 248 290 138 367 6 117 371 332 278 348 30 203 91 5 65 75 31 449 210 48 331 33 69 319 370 195 317 308 466 162 450 
142 338 194 463 352 44 122 353 85 342 33 307 346 275 415 234 169 207 379 51 184 303 139 272 123 63 256 157 232 168 280 355 195 108 375 245 382 177 226 149 460 30 471 392 257 
143 208 308 71 162 343 202 4 13 438 409 279 245 257 453 193 2 316 315 463 318 52 366 352 312 139 271 217 183 478 291 341 389 215 145 296 42 113 195 50 213 111 126 468 
144 353 248 209 442 438 357 251 30 469 216 465 184 381 337 351 361 456 135 366 19 455 431 393 369 225 384 461 355 222 350 98 38 63 472 458 221 125 153 299 187 234 223 176 119 327 
145 82 352 345 304 423 269 172 274 408 29 136 446 129 232 283 251 405 360 90 256 396 7 425 242 147 338 132 233 417 113 288 297 387 284 44 34 128 115 426 453 143 99 202 76 407 364 440 21 68 412 
146 319 376 230 97 406 354 270 153 404 296 151 298 96 473 10 109 69 276 279 49 226 6 157 430 301 360 36 185 471 278 155 287 457 249 133 254 272 290 222 418 68 214 164 316 32 77 114 210 52 307 384 
147 1 289 329 68 91 283 4 6 405 270 187 271 42 236 20 455 348 423 155 287 145 38 412 26 461 277 174 308 398 199 207 472 140 397 80 390 41 350 444 335 
148 265 136 105 59 472 433 401 94 262 419 84 245 418 310 177 3 25 458 369 172 465 151 168 251 344 250 42 425 4 83 101 138 289 370 270 288 244 
149 288 326 18 392 269 240 396 55 107 403 296 290 426 438 166 47 27 365 157 315 277 395 190 371 258 212 289 21 96 475 214 104 404 115 333 398 180 247 309 318 421 349 142 159 460 228 182 
150 370 100 85 30 31 367 454 375 408 203 40 8 386 28 227 78 206 207 427 242 275 296 295 279 220 25 424 341 69 170 119 304 465 5 6 404 429 447 263 460 65 121 351 96 323 379 111 276 182 195 
151 368 395 202 389 233 111 35 231 347 465 433 195 359 351 243 127 380 146 349 354 63 249 101 38 238 421 29 85 148 212 163 329 178 55 107 263 193 0 297 135 279 267 337 213 334 310 
152 366 337 103 79 472 140 378 127 420 374 175 277 195 399 196 458 226 27 457 93 22 153 360 327 20 135 86 38 389 331 267 83 353 236 92 155 402 225 382 377 67 104 170 218 172 254 440 304 
153 468 17 361 389 387 443 109 476 146 181 244 455 427 393 293 152 225 58 265 206 47 433 451 418 440 462 22 400 140 419 136 120 220 74 172 297 386 144 177 226 228 160 396 209 90 92 208 
154 291 409 228 207 30 90 435 332 136 346 458 351 279 263 269 315 297 107 157 184 13 372 477 336 9 235 358 240 117 416 352 163 280 232 387 88 
155 211 381 65 452 97 359 83 366 335 81 352 408 247 171 471 191 11 473 127 216 370 469 275 147 468 322 308 426 113 255 342 152 12 106 146 402 111 16 458 35 258 431 239 91 240 112 291 475 388 378 392 399 267 410 219 125 183 
156 389 71 122 467 421 201 196 216 12 208 197 36 394 177 245 82 225 478 121 476 192 140 160 76 285 367 50 412 171 13 99 436 243 338 392 450 75 39 131 209 33 92 54 391 337 113 29 294 114 169 
157 397 339 5 297 74 88 244 120 262 453 174 400 431 149 77 421 303 131 446 274 450 2 212 386 146 12 116 154 164 210 49 307 195 18 265 142 409 126 247 11 100 92 447 237 387 336 276 424 374 295 430 19 405 0 
158 465 261 164 212 76 469 327 82 415 330 106 177 162 92 84 55 446 349 122 30 140 75 356 114 390 302 463 28 134 65 168 348 308 297 248 170 182 135 249 256 190 181 47 109 25 267 404 98 15 1 5 196 104 112 317 340 
159 477 177 335 172 304 71 245 441 65 454 100 74 334 33 94 133 215 459 38 220 191 320 237 447 284 360 309 137 389 189 118 91 393 210 410 76 467 452 396 48 471 149 267 49 
160 405 67 264 93 374 206 81 99 252 365 286 82 403 199 329 114 87 434 429 161 156 23 452 324 435 407 436 422 108 263 26 212 266 304 302 383 355 404 417 90 106 437 237 200 153 48 46 165 247 125 372 
161 167 54 403 85 387 396 461 335 114 268 244 349 180 89 198 235 378 290 42 325 366 264 160 283 39 466 117 472 331 425 10 292 351 420 217 410 123 262 299 441 193 452 24 206 87 279 228 319 47 29 270 377 176 46 84 421 302 434 
162 132 11 183 95 143 32 181 135 205 88 158 366 401 428 391 413 432 341 466 110 375 418 219 291 417 352 189 442 335 130 90 423 27 292 165 211 378 33 93 92 213 76 141 307 198 
163 51 24 438 298 29 249 232 206 50 113 358 256 400 12 201 346 60 178 297 45 264 368 65 302 86 127 430 406 379 216 299 58 151 332 283 414 436 112 224 396 365 154 420 16 227 357 211 207 22 183 
164 95 49 10 374 158 283 338 194 250 349 216 341 47 247 458 319 259 113 278 425 410 172 130 93 157 24 223 165 432 218 244 261 306 79 1 344 274 267 146 290 177 36 0 173 362 327 429 
165 244 232 246 140 292 396 462 189 256 471 364 347 90 206 299 279 333 178 190 214 390 334 125 130 199 406 84 234 164 392 120 221 304 186 271 210 101 78 451 162 107 227 39 432 15 323 126 1 433 428 377 358 160 166 
166 51 61 60 68 280 49 399 396 136 212 47 149 350 112 73 319 192 342 169 473 344 248 245 335 86 66 182 452 392 274 118 84 322 252 104 197 34 171 10 403 135 122 464 333 234 67 185 257 308 420 200 165 
167 161 343 259 235 219 281 111 72 97 218 279 405 19 249 224 23 193 352 367 172 431 283 222 462 85 403 21 208 206 307 54 98 246 243 268 337 135 430 16 110 387 91 22 79 312 187 296 70 342 49 457 441 199 227 319 20 177 
168 3 123 405 303 208 172 347 342 261 222 112 312 28 310 72 58 133 456 257 92 211 267 452 131 217 391 292 448 379 414 108 158 365 148 83 389 23 142 99 128 170 126 226 130 210 304 397 62 284 39 471 188 265 
169 134 300 103 105 465 126 365 254 403 271 117 400 5 413 319 456 121 275 201 166 283 142 39 328 119 185 346 236 455 318 206 279 187 227 26 396 53 360 399 372 334 9 353 32 269 115 0 281 16 246 48 8 3 19 50 93 453 156 
170 8 306 36 113 344 474 87 347 296 382 366 194 309 74 200 89 140 478 312 269 389 20 390 324 383 192 71 304 261 150 53 337 129 158 168 313 372 438 284 152 175 273 33 418 387 256 228 139 
171 420 46 4 306 347 115 323 268 42 209 286 182 203 2 202 239 155 302 330 8 445 101 257 52 235 14 156 333 350 293 430 283 217 369 73 98 166 359 6 311 181 256 312 242 287 276 443 67 91 47 206 469 140 15 450 
172 401 253 30 56 129 80 53 292 159 377 168 82 346 145 413 23 363 4 167 130 379 356 46 464 217 225 198 275 101 415 164 148 117 133 20 345 98 431 365 438 100 153 29 213 382 351 206 429 468 152 
173 37 408 194 185 122 116 94 84 131 286 82 431 183 445 83 180 78 425 193 205 307 311 470 478 427 11 51 138 409 4 377 410 350 238 227 463 401 421 302 357 297 406 240 383 293 60 441 164 15 284 195 281 
174 109 46 389 218 54 35 475 111 72 285 402 463 157 394 13 184 256 321 113 205 391 195 368 385 277 467 98 457 283 392 1 147 51 278 26 198 3 55 282 360 238 190 39 294 233 443 265 
175 103 428 265 207 465 297 48 300 463 237 439 152 214 418 231 89 467 30 353 68 311 220 236 188 249 57 6 60 102 341 445 170 240 406 81 99 121 0 202 38 13 86 
176 280 203 223 378 323 250 339 25 29 190 377 66 229 291 133 38 393 402 82 464 435 397 343 54 51 359 198 310 57 443 297 102 408 144 161 273 16 
177 408 87 49 409 159 289 366 112 397 78 65 463 245 259 158 196 156 75 208 269 376 33 304 398 34 93 471 405 148 351 133 240 10 299 72 207 475 344 11 350 286 187 15 153 305 182 288 411 142 164 167 
178 440 276 262 94 67 61 233 127 253 47 32 347 165 110 322 454 163 467 230 11 203 226 289 200 429 181 83 151 209 205 387 277 267 103 60 478 
179 135 432 469 294 352 244 211 59 419 456 186 22 199 418 396 279 251 282 207 23 35 228 363 126 265 220 113 38 471 322 296 297 462 383 374 390 118 120 237 64 362 412 36 431 82 98 101 
180 421 387 384 81 213 208 303 20 405 257 23 161 433 132 117 451 388 436 455 98 258 173 335 259 126 40 139 247 57 434 108 204 273 430 223 262 402 357 252 24 149 428 363 129 48 34 
181 250 414 63 162 273 327 403 153 238 458 92 136 361 305 228 213 230 366 471 227 433 76 437 109 349 239 178 275 318 171 158 347 358 139 288 19 206 9 234 
182 351 220 259 188 171 326 39 222 463 13 29 440 101 166 424 214 334 10 426 72 423 158 381 302 38 316 362 194 311 177 239 350 139 320 289 215 260 250 150 149 
183 14 204 363 162 120 10 238 339 35 343 360 216 74 459 446 79 448 427 199 173 22 109 246 8 76 264 260 38 417 318 416 469 236 132 122 143 392 273 309 335 317 95 435 71 340 242 155 380 443 163 
184 77 421 96 114 122 278 83 406 235 363 470 144 478 447 370 105 174 237 142 464 301 45 154 366 277 94 67 126 455 11 412 240 414 129 437 244 367 296 31 344 442 
185 173 284 467 223 355 89 0 374 309 454 474 306 220 41 117 3 319 122 169 265 382 75 357 146 448 27 233 347 419 213 136 462 34 226 109 194 427 242 417 385 166 67 287 239 
186 37 323 383 438 467 114 32 404 298 179 54 253 474 325 338 23 388 385 101 165 252 201 241 139 121 249 120 281 188 430 428 219 312 405 420 349 246 286 352 
187 308 468 313 88 249 189 17 229 291 475 112 268 416 326 211 29 147 428 439 364 293 281 385 434 310 46 110 345 12 11 415 305 169 23 376 36 22 265 404 116 51 223 432 167 203 177 449 292 92 74 144 287 457 451 260 342 
188 203 450 405 253 369 88 182 449 0 444 125 359 101 134 78 108 249 4 189 277 423 208 109 454 175 206 94 357 10 215 350 7 420 404 195 333 48 93 286 9 186 395 27 59 421 431 84 113 168 341 337 218 360 86 432 
189 469 413 302 253 119 187 66 22 165 410 269 456 356 412 476 326 21 47 125 250 392 188 336 68 259 403 95 78 103 427 57 241 162 16 335 44 222 31 325 471 248 221 159 117 364 478 140 99 283 
190 304 269 113 123 437 192 193 407 235 377 425 469 239 98 86 57 385 388 176 436 293 165 373 149 93 45 402 344 94 446 196 441 158 336 358 91 281 138 428 454 222 380 174 267 426 464 61 200 127 
191 33 254 429 14 210 235 431 155 13 253 103 127 25 233 446 125 325 118 322 194 236 159 22 439 399 216 416 132 334 46 289 358 241 123 207 464 296 457 202 286 35 50 
192 15 47 190 259 413 395 318 54 283 293 325 67 166 7 79 97 239 156 302 354 433 170 25 85 198 255 87 44 249 438 212 386 281 250 370 360 278 403 46 372 13 357 226 118 125 224 252 476 
193 110 29 256 131 190 315 70 60 203 320 413 268 433 167 323 218 274 312 101 105 260 384 342 143 248 241 1 84 233 252 10 293 173 314 304 231 112 378 13 6 453 161 265 61 309 151 207 65 425 278 20 440 319 86 421 
194 389 173 216 371 142 196 170 233 164 278 33 451 6 240 471 3 31 195 274 66 215 121 244 92 17 429 131 23 20 246 191 293 34 14 296 103 282 426 337 203 182 185 120 329 476 76 332 124 403 101 295 130 99 85 115 89 320 
195 210 365 291 267 199 389 225 151 64 385 464 218 152 6 194 96 373 317 88 15 390 174 467 446 157 198 83 386 142 0 188 125 244 203 133 23 18 382 3 141 143 227 268 234 394 465 85 150 173 346 
196 238 194 13 328 2 156 287 177 466 152 29 380 223 258 229 390 75 7 321 44 311 303 25 318 368 132 190 408 413 353 259 313 69 17 158 477 332 343 346 48 42 348 
197 257 227 381 344 12 429 49 156 215 74 69 101 297 9 48 127 289 354 124 89 31 263 166 306 389 220 51 254 300 103 55 427 386 137 107 
198 52 340 333 447 54 330 225 414 10 457 243 138 288 374 125 139 364 161 362 209 445 359 277 204 320 355 408 233 342 95 326 23 172 461 257 306 119 406 241 121 92 192 32 49 195 413 69 176 370 174 86 126 28 456 218 460 108 238 162 
199 352 241 215 319 195 107 350 475 426 59 359 462 466 283 363 478 179 73 160 183 284 228 23 165 455 332 94 430 427 275 74 147 236 207 405 364 349 380 167 89 459 98 86 
200 372 465 475 300 316 425 89 305 445 335 386 26 19 2 170 453 43 61 51 12 59 285 417 424 213 114 457 137 178 462 288 476 14 355 97 437 125 450 375 27 160 115 95 358 443 467 86 351 277 327 166 190 449 255 
201 306 214 375 100 141 243 322 156 126 74 169 163 340 446 301 114 461 332 417 186 258 291 422 117 28 468 284 351 10 315 344 38 106 349 420 277 206 18 
202 151 347 9 244 41 143 106 412 268 171 70 291 408 40 393 316 50 447 243 423 213 420 340 22 62 74 36 145 430 292 271 56 83 304 191 30 175 226 
203 476 92 188 323 316 399 176 396 193 443 248 283 338 62 71 171 336 150 221 111 423 366 351 287 429 359 212 309 141 475 102 331 178 417 217 130 462 428 40 342 194 195 86 187 356 222 133 39 352 11 434 305 117 
204 183 220 122 206 247 94 431 126 449 98 417 424 273 29 198 27 234 430 136 117 443 86 300 33 346 398 360 383 217 244 317 35 472 5 40 180 400 222 237 66 89 453 93 285 2 467 283 17 44 389 48 208 336 
205 209 346 53 381 162 0 350 359 386 402 213 108 229 283 174 50 81 173 99 349 86 385 32 440 131 124 387 178 138 37 458 281 392 463 371 51 
206 266 127 204 122 287 160 242 74 232 478 76 163 71 165 297 150 307 153 61 167 44 253 327 424 445 434 169 188 257 92 220 25 311 50 8 269 317 28 264 100 172 161 462 217 171 106 137 181 363 113 201 
207 175 90 371 436 27 410 219 154 243 96 416 237 315 127 442 150 457 79 434 142 465 23 179 44 423 311 389 365 136 113 21 370 473 261 275 277 177 431 373 313 260 20 147 193 390 199 191 140 9 238 97 163 229 299 
208 143 30 0 375 442 128 19 168 180 75 156 415 177 333 79 474 350 280 167 6 188 126 212 449 236 321 38 259 52 122 330 264 70 267 14 105 464 32 204 318 153 98 
209 144 205 474 126 306 429 141 212 171 198 7 264 415 416 334 341 81 407 112 30 439 354 381 471 89 223 461 377 437 280 464 374 431 236 338 178 156 373 42 67 421 249 153 3 8 38 214 36 
210 240 139 195 2 11 450 350 9 434 191 288 88 379 253 90 397 238 218 478 282 448 244 396 455 467 321 157 19 283 290 399 141 165 47 431 6 129 168 229 0 258 371 457 159 82 383 146 249 355 225 223 300 31 
211 155 415 99 339 52 230 454 397 245 330 427 305 179 187 133 72 46 315 262 15 38 445 350 384 303 75 325 168 270 385 87 49 266 248 430 468 58 136 452 131 162 453 66 294 265 63 163 477 390 
212 158 420 328 121 318 310 166 209 359 46 260 251 448 401 47 94 89 348 271 370 324 203 132 49 6 157 128 323 151 149 365 16 208 404 160 127 331 192 14 321 464 384 87 26 250 269 281 472 337 280 56 366 288 332 411 343 453 24 44 
213 478 300 372 409 180 38 122 0 315 25 214 462 205 102 256 391 389 455 341 224 472 181 358 200 202 68 322 305 290 16 185 87 467 247 172 454 362 471 365 162 125 26 143 131 22 465 151 
214 247 201 224 60 422 443 5 417 121 110 175 258 88 262 470 215 374 213 251 329 222 448 165 353 273 309 70 298 182 112 472 84 365 278 331 225 149 432 412 73 473 348 115 26 123 40 289 241 146 53 426 240 441 49 209 
215 432 199 413 224 37 319 373 298 452 414 81 214 197 52 265 438 194 83 12 436 136 303 278 22 455 159 117 451 88 407 105 188 391 279 100 292 143 251 349 17 381 367 182 
216 194 453 137 116 303 438 228 388 144 347 10 164 156 183 88 401 368 237 155 255 459 332 475 34 354 456 362 109 120 0 384 163 254 113 299 73 455 404 446 98 95 437 191 410 273 136 3 411 50 
217 460 411 452 49 404 77 296 34 293 332 255 2 346 105 48 172 406 249 133 121 26 168 204 334 265 247 343 203 336 171 73 137 305 161 395 143 252 378 320 63 394 128 206 338 244 468 117 220 138 321 
218 400 174 27 434 167 99 195 306 414 193 210 396 279 466 380 227 270 411 436 381 266 66 379 220 112 337 164 324 315 152 417 450 363 31 362 198 394 225 10 188 473 
219 221 475 299 167 354 304 452 207 228 296 132 126 394 127 104 246 22 458 265 253 82 417 294 342 162 459 456 322 255 76 371 418 3 4 15 186 79 155 
220 204 306 182 398 64 347 70 96 23 342 224 74 320 48 289 185 430 150 44 478 454 175 83 218 136 443 284 179 456 159 420 223 243 197 153 128 206 335 140 57 322 434 387 113 302 288 457 300 47 217 97 428 
221 228 21 473 219 404 242 284 253 435 7 390 86 321 425 203 236 56 357 308 372 234 457 165 286 358 266 333 43 338 46 411 105 276 144 189 369 109 251 309 101 
222 321 376 127 267 56 254 111 343 427 168 309 345 369 182 288 214 121 167 64 462 434 67 47 312 27 416 294 322 408 414 204 25 189 144 106 146 50 91 203 107 190 464 229 285 
223 306 299 355 185 277 176 66 59 475 354 196 134 463 7 418 236 230 402 71 2 111 164 209 330 220 338 109 89 8 113 27 370 180 187 326 373 333 232 229 84 73 144 233 52 464 36 210 
224 42 214 13 215 84 167 425 463 459 220 66 442 62 213 445 373 86 322 59 49 368 356 109 439 56 163 416 415 77 365 241 469 292 192 412 
225 365 102 198 28 195 323 277 241 235 89 248 15 156 153 17 352 172 327 424 39 409 144 214 64 22 152 417 255 390 452 269 140 113 449 13 218 210 356 
226 16 252 24 283 69 355 344 395 383 232 380 286 385 266 426 152 114 349 327 334 29 378 335 250 146 388 178 122 102 462 358 454 73 436 429 36 264 259 452 168 292 434 0 185 453 343 302 319 245 153 234 192 142 330 77 295 308 340 202 
227 336 349 197 44 107 325 387 391 374 477 108 293 453 71 38 463 238 342 233 150 467 263 218 56 116 181 251 419 440 169 407 275 390 173 87 165 366 411 410 365 195 474 401 111 288 163 167 35 322 
228 221 387 466 246 86 365 216 154 219 105 477 474 344 279 332 388 318 117 181 431 116 199 109 273 6 45 339 179 285 231 440 343 292 5 473 27 383 229 385 254 399 268 161 153 384 386 469 170 340 149 
229 80 20 428 303 42 187 280 398 455 81 341 395 205 50 196 68 417 405 176 117 449 443 345 441 300 35 228 210 460 98 269 106 333 223 44 359 231 474 367 369 222 265 288 233 258 207 
230 97 146 406 404 451 211 271 327 392 449 389 71 21 434 101 355 373 358 396 360 23 430 418 66 61 13 223 181 178 339 294 308 3 31 249 243 320 288 70 32 56 463 40 336 332 84 117 47 80 290 259 124 
231 106 473 151 312 41 33 361 70 175 52 304 133 15 56 411 331 346 289 95 308 425 18 193 228 403 121 272 424 138 412 435 73 355 418 243 387 338 229 89 5 468 441 26 
232 336 165 11 298 124 475 295 92 33 432 358 309 304 466 334 407 226 206 28 343 440 163 45 464 97 281 393 299 247 39 145 25 42 94 423 429 66 438 130 142 88 324 132 467 369 411 110 27 274 321 134 418 345 16 416 223 95 353 104 154 83 300 115 53 
233 327 363 338 151 268 240 194 67 178 15 227 369 65 198 17 352 413 191 401 251 193 244 273 0 319 50 145 358 20 110 307 185 265 259 296 385 255 77 247 223 18 420 360 430 174 229 51 402 14 
234 254 3 64 376 472 70 271 456 265 281 325 75 7 94 286 356 269 21 304 257 47 204 15 374 130 142 401 113 105 88 124 320 365 256 221 104 308 165 263 97 420 418 355 364 236 166 226 144 321 195 25 399 440 181 12 
235 25 167 347 190 239 7 306 184 161 225 191 93 275 364 102 94 396 127 351 403 171 254 8 365 108 61 418 359 409 113 154 277 354 268 53 105 284 33 13 12 100 424 476 
236 445 78 96 31 18 92 147 15 413 435 221 101 453 264 253 372 223 314 238 169 329 106 175 276 410 152 345 191 39 363 208 254 455 356 242 183 335 374 119 65 209 415 23 199 36 84 401 21 234 
237 249 453 239 95 345 89 57 175 141 440 207 129 433 271 216 461 122 184 409 361 294 98 468 338 19 2 434 444 314 399 311 476 46 159 387 204 333 393 341 431 179 108 130 425 157 370 160 325 33 52 416 40 262 138 446 405 
238 196 469 129 288 8 78 294 183 438 116 227 181 368 335 356 307 239 210 86 458 394 379 256 134 151 236 409 290 29 468 42 343 173 26 247 271 339 35 174 207 57 446 198 
239 443 426 237 476 300 278 10 417 269 460 235 395 255 353 78 190 171 238 103 192 339 257 8 37 340 419 444 75 361 280 295 181 64 451 437 112 297 85 16 155 68 281 18 87 77 260 450 412 182 475 118 423 356 348 410 185 86 401 49 
240 127 210 149 36 344 69 464 398 233 41 290 194 57 467 95 319 9 334 401 476 437 416 313 12 364 370 414 177 43 300 275 154 463 155 332 184 175 474 3 462 28 214 173 316 426 1 477 
241 252 300 13 199 457 265 98 272 361 263 225 285 90 75 283 322 17 292 318 38 193 453 43 343 108 198 67 330 375 7 189 24 428 446 186 368 135 291 472 74 52 268 214 256 412 224 191 348 352 360 277 20 122 
242 126 312 221 256 411 206 478 394 33 243 438 338 452 389 150 53 129 304 145 105 341 64 31 279 245 121 412 108 91 362 236 371 171 276 426 324 261 185 34 11 392 183 413 86 323 
243 417 96 299 277 53 256 109 473 331 127 201 198 463 351 151 4 207 405 268 44 474 9 242 282 359 129 202 461 411 445 399 122 167 74 253 451 475 126 156 220 100 230 402 2 369 82 374 231 43 467 23 470 396 
244 165 300 112 46 316 127 477 21 202 161 157 179 125 273 153 107 256 473 296 32 369 194 210 462 478 233 22 378 204 349 416 54 118 342 38 322 425 57 424 164 362 113 319 195 47 184 429 311 286 217 72 148 
245 141 426 369 80 17 461 58 269 353 211 159 301 177 398 156 406 81 143 93 148 84 390 166 340 31 381 87 453 242 255 296 361 305 65 59 394 362 64 371 428 128 336 392 55 117 433 477 142 226 405 274 383 
246 419 337 122 11 165 228 303 394 0 444 351 473 34 4 378 383 257 409 219 271 361 28 23 45 183 424 331 111 132 284 167 194 455 329 50 456 334 125 310 349 374 386 381 71 169 291 59 186 
247 214 415 204 84 410 421 320 36 10 380 326 295 463 394 155 335 381 367 164 232 127 74 92 217 97 115 38 22 180 467 79 435 157 296 471 213 442 238 379 343 149 396 233 125 437 340 15 160 
248 335 144 4 318 347 321 77 19 203 133 412 106 141 474 92 225 451 3 448 428 278 384 166 270 122 193 319 462 41 299 211 158 120 343 274 54 432 65 415 55 189 404 470 16 105 436 249 258 40 139 
249 333 237 323 187 260 136 271 345 108 384 167 163 51 324 34 37 421 80 151 423 188 465 217 297 46 45 290 47 251 175 70 192 357 344 146 230 380 81 364 158 360 328 186 354 444 445 98 95 36 7 248 210 209 304 2 
250 460 125 181 381 397 408 58 251 356 164 137 116 344 176 463 285 189 4 61 316 86 31 412 396 226 436 311 16 148 447 294 411 120 212 192 67 282 393 307 78 382 456 8 339 462 182 303 128 
251 288 352 52 87 325 303 144 250 358 38 212 260 476 459 279 214 428 461 106 274 179 145 233 452 134 257 227 349 79 376 249 148 439 61 379 133 364 422 215 39 326 137 298 66 221 102 318 90 139 311 
252 60 427 90 226 241 308 301 415 475 467 346 478 108 423 160 400 305 409 307 30 324 193 282 365 166 17 300 99 340 186 71 408 414 343 297 272 315 217 395 180 78 354 75 102 471 95 132 336 192 0 
253 113 172 188 189 4 326 444 47 221 58 81 49 305 178 44 210 379 41 82 3 337 191 286 186 345 101 219 441 236 413 25 206 319 280 456 334 243 60 270 460 2 349 9 471 333 393 397 340 399 417 404 
254 234 452 344 191 273 169 374 222 434 373 19 11 41 2 100 51 89 386 261 10 320 375 235 71 432 283 138 116 216 441 285 394 236 48 146 197 360 228 451 6 418 405 111 152 70 392 349 97 400 
255 73 61 122 296 138 285 269 33 449 2 128 239 393 396 124 330 217 443 416 216 278 71 339 309 389 316 263 352 388 219 245 155 192 83 411 82 338 225 266 233 302 451 386 200 
256 14 39 91 193 243 242 436 141 165 26 116 33 244 445 400 365 297 379 285 163 304 413 313 174 213 434 238 145 309 430 353 234 117 3 142 84 362 127 383 158 24 103 171 80 330 477 374 241 90 9 170 4 305 
257 197 453 316 63 377 51 300 180 234 246 292 312 143 365 263 168 171 239 105 198 102 77 90 396 251 35 278 357 108 42 32 206 45 320 33 293 114 286 131 276 166 134 311 428 78 142 380 138 
258 38 126 43 325 270 464 58 214 15 391 430 280 137 48 369 268 35 196 116 180 458 462 17 387 340 36 149 201 311 264 291 333 155 210 46 323 84 248 4 229 275 129 
259 108 167 301 390 56 335 182 344 371 334 98 192 272 349 0 392 261 177 424 81 119 33 164 364 356 413 398 39 435 17 426 189 331 410 299 433 275 180 357 12 464 208 226 233 463 432 469 196 457 47 434 83 230 360 
260 450 360 249 328 414 275 212 338 251 316 350 333 416 97 91 85 478 193 407 335 183 49 99 118 380 124 367 81 89 313 207 75 102 412 239 337 443 467 6 331 108 182 349 187 284 474 
261 4 158 472 59 420 476 64 168 288 78 259 446 344 265 114 423 42 396 36 413 254 339 328 416 478 170 390 440 372 164 207 99 108 242 98 76 9 72 113 299 5 401 284 461 381 
262 474 28 418 117 423 284 51 178 348 87 214 425 148 157 314 31 211 397 459 133 289 405 328 80 337 118 327 318 180 161 324 43 359 265 59 86 407 400 237 
263 335 30 138 264 20 241 346 40 444 227 257 112 255 154 74 319 105 80 91 197 234 284 160 445 137 18 150 460 151 84 267 437 94 457 423 113 
264 429 160 387 35 327 360 414 263 133 383 312 289 209 434 286 431 30 284 161 236 469 183 163 403 381 106 385 401 294 44 308 285 420 46 258 226 362 444 305 398 52 9 99 208 206 416 376 390 5 442 322 134 445 324 314 74 98 
265 425 106 175 148 301 454 319 241 234 402 357 75 381 19 318 261 215 274 335 311 49 219 411 153 316 48 100 372 404 116 467 185 217 361 179 119 46 287 157 459 187 86 130 233 193 262 115 462 449 300 72 26 120 283 168 211 229 465 174 
266 337 206 395 333 426 317 380 339 309 323 114 226 371 368 3 39 320 434 473 388 218 211 359 121 341 109 89 36 289 160 221 364 315 394 255 102 61 407 391 60 281 274 27 378 
267 195 332 372 222 292 55 9 116 50 403 458 376 137 398 44 351 453 430 444 456 323 168 412 303 399 152 97 452 98 15 73 127 276 286 296 208 38 158 178 357 164 309 302 326 129 155 277 151 263 190 159 469 
268 282 27 375 363 46 85 171 233 463 135 426 39 325 404 432 193 187 161 202 3 318 297 243 56 455 396 360 258 60 401 301 275 346 167 124 113 23 17 342 387 288 474 349 369 310 235 241 378 228 195 42 278 446 471 31 
269 190 387 357 149 101 255 59 145 474 31 239 245 189 10 234 301 123 177 324 380 340 74 395 298 170 320 397 16 114 94 154 139 416 58 321 70 66 468 326 283 212 1 121 21 140 206 169 370 225 333 229 338 433 133 77 67 
270 59 345 437 128 258 286 403 146 147 430 95 366 429 353 435 41 307 358 248 218 211 135 319 473 109 253 379 20 350 459 111 70 394 117 76 344 275 129 80 72 161 40 148 104 115 
271 317 234 249 230 362 169 65 62 373 135 360 147 237 246 368 212 354 331 43 66 471 52 4 476 426 334 364 14 123 165 87 82 12 380 81 143 7 45 345 26 40 238 321 98 361 455 202 355 37 278 472 46 
272 452 418 241 259 90 349 101 20 83 459 351 142 329 472 231 24 277 453 146 252 320 98 37 290 68 45 
273 447 254 2 84 181 41 54 366 121 244 8 137 56 402 204 117 30 85 44 214 423 463 285 0 130 233 228 308 315 445 348 61 180 88 284 45 389 83 183 404 299 66 170 216 414 287 418 36 176 103 25 343 
274 88 33 145 322 35 73 194 23 193 265 76 81 251 157 166 324 98 132 388 248 136 329 68 13 8 393 331 459 115 232 387 420 454 164 278 245 83 312 406 266 434 335 351 52 
275 43 315 316 438 437 435 260 128 235 424 36 169 142 392 155 423 352 150 446 172 365 312 377 50 117 130 403 389 116 268 259 118 320 181 227 432 207 199 287 240 24 139 37 84 439 270 426 416 323 11 478 26 289 258 
276 421 450 103 79 404 178 64 304 310 425 398 78 134 55 314 50 430 146 13 325 423 236 360 82 401 427 267 242 171 221 352 43 366 439 445 157 31 257 453 53 150 
277 243 359 475 336 338 330 469 45 223 152 225 198 467 149 26 33 310 188 342 109 438 174 420 147 345 114 184 343 83 272 66 207 425 448 235 99 449 281 452 178 13 267 379 297 201 358 241 200 
278 68 82 239 317 184 450 325 85 194 305 127 14 45 12 248 55 474 456 414 294 134 141 255 215 164 292 9 427 214 257 333 5 457 478 146 293 300 314 101 296 44 98 455 174 407 192 274 434 117 193 32 53 48 268 271 
279 372 411 323 167 347 91 358 20 436 143 251 228 165 4 218 65 179 56 150 146 316 154 420 84 9 81 242 169 442 215 382 6 444 313 474 446 161 57 135 151 333 92 337 
280 290 455 316 166 176 460 414 4 89 32 229 258 301 415 400 138 310 208 60 374 105 93 430 429 368 467 253 44 239 209 142 52 84 94 447 9 27 55 136 123 34 356 448 212 154 119 50 
281 167 82 45 105 372 452 234 11 374 404 117 187 408 232 437 373 362 6 73 376 335 290 288 192 212 239 140 186 12 277 123 190 169 440 433 388 205 337 266 415 27 173 
282 103 268 96 35 285 286 104 65 243 452 95 418 210 306 106 179 5 409 252 322 116 21 194 127 37 250 320 400 2 40 174 456 308 3 466 331 
283 15 291 164 42 226 383 457 45 5 203 422 147 446 141 192 407 199 117 241 327 419 167 414 131 359 145 169 205 161 132 335 6 254 51 171 389 210 174 60 163 328 334 466 317 269 115 355 405 204 409 284 265 140 454 319 189 
284 51 387 342 55 185 459 221 91 9 262 35 421 138 299 370 354 264 348 12 199 43 401 246 454 400 355 220 263 415 322 273 145 126 73 159 170 201 377 79 303 300 168 235 80 132 283 416 25 45 6 295 261 173 260 
285 91 103 114 28 255 400 352 112 478 137 282 81 174 20 89 26 241 108 337 68 293 250 96 256 455 131 314 84 156 273 200 471 367 228 390 475 254 264 448 466 6 365 66 90 49 397 204 290 336 306 383 222 
286 24 314 117 475 351 270 282 171 107 442 226 234 173 389 345 51 307 160 416 395 253 264 392 371 57 118 18 343 467 408 45 404 471 391 17 407 77 415 35 221 41 311 390 402 267 188 177 324 257 92 102 244 191 186 83 376 
287 48 110 472 322 336 351 206 411 406 21 131 196 302 203 339 147 396 449 53 323 265 146 464 352 60 56 275 171 437 313 111 10 36 372 415 187 273 185 18 408 109 
288 251 363 149 238 368 302 437 3 435 198 334 261 298 210 33 137 35 373 131 222 443 396 356 70 5 345 462 95 477 418 281 145 200 59 428 91 230 43 268 106 338 394 444 181 177 212 220 389 227 422 229 148 20 
289 16 94 473 477 147 177 465 60 65 323 81 77 62 264 454 462 220 332 121 75 231 398 262 197 361 304 363 335 149 178 349 405 266 333 391 21 214 441 191 338 356 449 182 426 344 303 148 381 6 340 275 
290 280 77 476 345 449 149 341 240 376 64 465 422 141 161 103 310 454 377 85 340 442 238 281 133 129 210 249 368 213 383 381 146 54 429 80 18 458 272 68 285 164 230 92 67 90 
291 372 283 81 154 195 100 187 456 24 406 423 356 86 202 465 392 389 104 313 375 314 76 449 390 136 162 380 411 176 295 368 294 50 5 105 201 258 241 143 360 92 388 379 155 433 54 364 432 336 351 84 246 292 
292 301 81 357 172 439 165 429 47 353 267 56 461 476 311 55 257 441 91 333 129 407 241 453 323 278 389 168 340 115 83 161 228 443 454 307 215 451 226 162 477 187 338 408 326 140 421 202 224 291 313 
293 110 32 420 44 403 227 332 419 119 217 3 285 192 60 187 350 414 153 363 360 190 416 106 464 193 305 427 171 418 301 47 346 105 4 194 278 14 50 257 78 310 383 38 96 475 173 18 468 
294 122 238 439 179 472 353 389 93 403 50 321 111 278 53 219 222 369 264 237 230 445 402 346 427 430 291 109 250 20 356 57 211 135 174 90 156 441 
295 373 334 232 343 65 247 384 29 363 95 130 402 150 79 465 10 311 291 39 340 239 49 75 110 5 313 371 129 344 226 194 284 421 74 157 
296 255 399 10 17 149 379 170 219 438 418 360 350 62 405 146 217 244 328 298 29 150 406 306 471 106 346 417 48 390 245 38 364 8 194 179 411 393 278 247 382 27 351 233 267 143 315 167 103 57 464 184 476 191 341 423 
297 317 13 376 21 352 175 410 157 92 44 268 256 314 24 206 373 52 71 197 70 74 110 404 385 163 32 469 466 249 444 140 154 324 308 158 405 341 179 145 475 351 239 252 153 323 40 440 176 450 151 88 313 173 277 459 
298 467 232 387 430 462 321 317 329 85 9 330 163 407 434 308 215 399 288 458 337 186 146 41 305 296 382 113 73 69 461 269 347 88 214 457 89 433 332 6 127 94 323 96 104 50 326 251 30 365 21 126 
299 223 243 219 433 359 328 334 59 375 81 400 303 284 165 97 428 416 232 372 107 435 259 248 163 216 447 17 177 161 426 62 8 412 452 27 144 273 134 261 102 207 
300 24 244 213 169 21 241 239 200 382 175 476 349 343 257 70 366 91 126 373 61 204 87 76 414 342 252 130 33 278 229 7 406 240 399 197 284 322 82 265 220 232 210 
301 292 28 88 252 259 265 400 410 328 245 19 340 462 9 280 397 269 439 382 364 375 61 201 64 454 77 146 184 470 293 268 398 388 5 445 395 432 15 433 107 140 108 453 473 351 112 138 
302 352 396 411 98 288 189 474 326 371 328 287 171 356 111 417 133 382 192 422 158 163 347 406 103 325 75 466 351 182 312 160 384 173 0 339 226 255 361 220 4 438 365 267 67 47 161 119 439 
303 375 9 168 449 59 251 126 216 229 246 180 311 459 463 78 299 477 84 27 157 469 114 215 211 383 355 314 267 432 441 196 142 426 68 448 115 324 407 43 323 284 400 388 357 97 341 79 289 250 
304 190 74 306 432 402 145 219 232 276 159 231 234 20 417 256 177 242 425 4 170 357 289 193 150 165 309 381 320 322 160 467 137 353 429 3 126 103 168 339 100 366 433 249 202 406 438 118 152 
305 65 56 41 111 364 33 86 200 278 211 79 465 253 252 298 461 372 181 318 113 433 350 104 346 390 293 140 187 349 347 245 213 124 343 402 44 217 108 264 416 358 421 177 203 132 256 
306 440 86 170 304 201 223 220 73 365 171 209 109 120 477 235 376 465 218 88 332 396 135 282 185 366 87 296 198 74 197 386 346 164 389 330 362 5 476 108 50 337 313 285 369 414 384 
307 398 80 19 120 9 100 135 63 238 286 467 142 252 460 270 316 206 371 330 396 167 128 387 173 114 157 444 323 391 333 384 233 87 292 331 59 68 424 400 250 43 62 131 1 419 162 146 70 465 
308 187 425 351 252 143 435 80 322 298 390 395 61 339 221 155 231 112 234 297 338 373 158 468 264 230 426 380 394 273 107 147 414 24 407 3 441 141 129 66 282 166 226 458 4 
309 429 135 366 414 232 266 46 101 310 170 222 389 443 386 37 185 102 412 214 28 256 203 255 339 415 407 457 304 453 403 419 67 465 387 369 159 61 193 183 451 267 149 221 138 7 363 122 466 
310 447 125 212 73 456 276 40 141 309 322 168 290 280 359 119 187 471 112 114 277 148 343 123 133 32 0 464 246 317 293 323 131 268 371 176 420 104 358 404 54 57 151 
311 104 51 451 352 464 90 34 107 303 414 95 292 265 122 118 334 175 111 24 207 101 33 250 105 438 196 413 83 295 131 412 467 173 50 237 258 23 286 171 417 206 457 331 182 244 42 257 251 
312 99 437 242 231 60 36 133 28 46 264 477 392 168 416 257 193 84 450 380 382 349 454 31 390 25 465 170 222 449 82 275 338 342 50 447 124 456 143 373 415 302 171 167 53 76 56 127 418 432 13 186 274 435 460 
313 41 130 4 187 354 134 412 395 423 411 334 8 325 385 394 291 138 256 315 462 316 132 469 359 7 240 170 344 455 26 295 207 61 287 260 196 24 279 336 461 297 306 292 45 3 73 136 
314 286 72 379 451 7 380 362 3 98 461 276 450 262 297 291 94 285 59 303 236 45 342 316 321 193 27 350 5 237 131 363 341 278 9 412 35 36 38 361 78 264 127 
315 392 275 65 193 132 419 109 133 127 443 213 352 470 91 211 378 207 149 61 445 313 117 143 10 154 430 11 465 38 66 273 339 3 218 386 410 266 252 296 438 469 441 326 201 67 423 474 355 20 128 
316 257 320 375 203 431 49 114 280 200 275 392 244 372 350 0 130 425 260 322 202 7 307 458 89 463 143 321 250 265 126 449 279 313 255 59 314 373 318 116 75 343 469 182 28 117 146 91 240 393 442 452 
317 105 389 271 297 278 298 266 35 28 351 357 195 359 382 444 134 372 13 371 7 204 336 123 102 374 453 435 283 310 206 339 441 183 19 141 43 12 41 464 114 454 158 
318 447 368 248 31 19 462 427 212 420 55 192 268 265 47 131 114 228 359 305 364 241 344 143 129 95 473 183 169 316 196 350 458 51 181 101 446 463 262 0 384 346 149 251 34 405 208 25 112 
319 111 75 450 146 199 375 439 378 265 352 215 363 330 28 323 112 166 169 359 405 164 240 344 22 248 185 460 263 4 233 270 253 380 124 371 126 413 122 244 21 424 466 432 226 100 141 443 161 127 353 193 369 398 167 445 283 
320 82 316 423 395 332 387 452 247 193 436 53 411 133 119 198 50 6 220 266 254 269 454 234 132 81 16 449 62 275 60 159 304 257 230 272 282 217 466 182 438 77 398 432 474 194 
321 222 348 298 106 424 50 248 467 1 398 221 457 294 433 316 174 400 61 132 210 387 196 314 399 269 397 208 19 444 212 386 452 472 232 445 466 7 477 271 421 234 377 375 340 329 217 437 
322 127 287 469 308 274 201 9 463 310 391 316 241 356 178 108 6 336 155 409 364 166 282 1 219 222 191 213 244 224 179 284 304 125 340 220 67 387 300 424 369 264 80 73 45 381 227 457 445 
323 470 64 98 203 249 279 171 186 32 115 289 225 266 176 193 342 464 80 319 73 426 366 338 348 267 132 292 40 2 212 332 446 29 433 109 287 307 39 298 96 428 297 472 310 303 258 33 440 423 102 84 275 165 139 150 117 473 331 11 91 242 
324 447 341 54 352 91 249 371 414 422 269 394 118 75 90 381 252 329 212 395 170 274 105 160 297 346 111 362 218 36 232 112 86 303 262 80 242 474 286 373 87 264 444 121 
325 74 251 227 258 10 37 1 278 382 268 135 97 234 104 55 313 161 192 343 42 128 373 87 186 211 191 94 276 302 405 332 403 189 132 21 114 402 397 399 237 82 339 369 76 67 
326 149 466 335 26 467 253 64 247 440 132 187 302 182 189 401 198 452 383 364 340 396 118 399 71 269 400 446 223 129 292 390 46 298 315 251 464 267 403 113 6 371 59 81 
327 337 53 233 17 264 436 158 21 230 30 369 342 402 181 330 414 283 9 226 152 225 77 206 390 128 92 84 336 262 472 70 382 111 361 126 164 362 200 144 86 94 
328 212 260 393 407 196 471 301 299 57 423 302 296 387 169 380 339 27 261 450 36 262 375 377 40 432 283 473 449 378 401 249 58 351 14 101 11 
329 426 298 440 457 147 104 4 476 114 160 214 68 330 29 465 57 324 84 112 98 236 62 18 466 272 151 363 448 246 464 274 437 42 63 415 23 194 438 409 117 455 321 396 
330 353 357 198 277 298 211 158 319 327 66 81 255 476 171 40 329 136 307 6 385 241 454 350 453 223 122 129 340 465 408 89 256 45 208 306 127 349 226 39 23 475 126 104 
331 243 79 385 88 435 371 378 3 46 374 231 467 271 66 246 128 399 353 152 161 203 398 259 214 29 355 457 350 36 212 418 141 396 307 274 359 110 311 70 21 71 7 260 96 446 323 363 282 
332 320 117 267 435 293 32 53 116 154 365 217 228 306 421 289 141 216 57 428 339 434 364 323 199 298 3 163 201 23 437 26 74 465 405 325 432 240 122 46 40 105 70 230 102 98 194 196 212 94 393 109 
333 249 372 266 198 82 260 339 135 208 292 165 472 8 473 36 448 129 56 171 447 136 278 76 392 307 289 48 221 237 258 188 344 62 452 223 253 149 269 442 229 166 118 279 466 45 384 68 
334 31 295 423 259 68 88 135 232 288 313 106 23 299 457 463 450 209 240 459 76 226 311 159 7 165 45 412 72 390 182 217 15 427 271 253 429 382 283 246 169 379 357 478 471 66 191 56 130 14 387 151 345 114 
335 376 248 72 326 259 159 99 28 263 356 161 111 155 465 399 200 43 238 76 247 467 42 47 265 428 19 166 55 226 54 283 353 50 260 470 389 79 394 281 431 289 180 127 162 421 236 49 189 220 342 4 183 363 371 274 131 112 147 
336 346 227 232 379 105 277 287 421 398 343 349 133 203 79 40 322 189 13 69 317 474 217 33 154 436 327 71 137 344 4 190 245 130 230 39 291 157 313 285 252 204 359 
337 266 152 246 327 111 93 458 94 411 346 298 285 31 253 144 407 392 18 40 375 44 374 262 170 167 65 47 218 120 82 370 194 72 383 123 212 54 260 456 79 306 156 281 188 416 452 133 151 279 89 
338 142 49 233 164 54 277 385 203 133 260 91 462 110 116 242 323 356 186 425 6 312 145 348 308 237 114 118 156 223 34 70 221 255 209 107 288 292 139 269 289 217 231 375 21 86 
339 57 211 43 183 157 126 266 448 397 123 176 333 451 56 406 308 118 402 48 8 239 85 261 255 287 388 328 332 228 423 309 391 230 80 81 315 27 15 453 463 368 412 302 42 317 304 394 7 427 238 325 250 414 119 
340 96 61 198 377 79 301 366 269 108 436 469 115 245 201 290 342 77 326 239 292 258 101 252 295 330 202 411 322 46 62 82 376 353 364 253 183 247 321 289 102 158 226 228 105 
341 324 469 77 433 290 81 229 164 162 209 1 471 213 88 150 76 0 242 378 125 297 266 314 468 83 72 143 105 32 118 99 175 8 237 370 379 474 390 74 381 26 303 116 188 296 455 458 
342 284 98 471 387 168 220 327 142 227 323 406 412 166 193 198 7 36 4 124 340 277 38 314 219 419 312 52 300 155 1 244 32 418 268 386 403 203 335 61 81 437 167 447 187 
343 167 46 5 23 79 440 143 295 300 469 222 336 183 394 232 65 461 325 20 375 392 446 468 124 310 350 286 241 122 217 398 405 228 238 371 248 277 316 73 176 36 305 252 404 226 28 348 247 110 462 383 121 196 458 401 26 212 273 
344 374 254 110 385 170 35 259 240 197 226 105 33 250 373 99 261 228 461 166 83 134 319 407 318 190 111 98 249 13 313 357 148 73 336 117 5 75 333 177 62 164 295 270 38 95 289 201 359 184 422 86 471 
345 90 290 145 270 237 357 249 453 406 222 286 467 382 89 99 187 25 376 253 288 361 470 120 440 67 172 236 277 355 229 395 409 442 37 459 271 232 370 50 417 359 35 127 17 74 334 
346 336 6 462 350 205 117 133 172 252 70 466 337 405 263 217 142 135 373 154 231 163 477 305 204 106 169 296 81 324 268 293 294 306 42 102 7 86 108 400 471 389 120 318 398 424 196 88 411 348 195 
347 427 235 171 151 202 248 220 170 279 140 168 216 165 36 463 34 178 41 10 386 298 109 432 387 302 57 101 305 131 73 65 59 185 456 455 391 181 403 28 405 424 358 110 
348 321 43 431 262 401 467 440 212 422 147 323 389 141 473 284 460 434 357 338 410 471 158 98 273 214 421 433 476 343 132 241 239 83 346 196 
349 8 227 44 10 355 56 85 122 300 133 380 422 164 259 336 161 61 440 23 405 151 117 272 158 312 226 396 383 452 244 205 305 251 465 367 389 289 89 105 181 103 253 78 268 246 81 439 215 77 330 59 98 199 67 149 201 260 186 254 
350 346 120 199 210 52 64 316 59 413 205 296 166 260 420 293 448 11 107 469 211 359 112 381 31 90 208 101 84 343 305 453 171 40 314 331 318 330 188 65 61 270 100 411 173 144 380 177 454 113 182 81 360 474 48 92 136 109 471 147 
351 308 182 140 287 286 109 151 65 243 246 67 317 29 457 203 267 144 414 235 89 63 154 22 177 272 426 161 302 33 297 352 131 59 296 39 172 328 201 150 291 56 200 274 301 
352 302 251 80 145 199 473 297 285 311 60 354 142 100 319 324 179 155 315 167 233 225 275 130 255 38 119 73 116 77 143 369 162 429 437 287 351 467 81 409 0 25 424 154 139 276 367 64 203 241 359 186 13 
353 446 144 477 330 21 292 245 294 142 239 410 2 68 37 270 413 139 115 214 175 335 331 256 374 152 14 357 123 133 126 420 90 135 27 304 169 80 395 196 70 45 51 362 455 340 232 319 55 
354 105 219 146 364 26 313 352 73 2 393 89 422 476 151 417 419 82 360 223 271 421 284 389 216 27 192 197 385 209 57 450 457 396 463 235 249 444 132 252 55 90 363 461 34 13 
355 89 456 349 226 408 223 417 444 185 3 391 60 18 403 230 66 473 198 71 303 415 40 85 52 331 284 345 24 142 94 144 234 160 200 29 383 283 372 388 135 231 360 406 74 100 365 210 271 315 84 373 
356 55 417 90 335 418 250 381 189 291 234 238 14 322 96 46 431 302 288 128 172 338 9 259 86 62 158 367 84 392 19 236 0 17 224 280 100 294 203 83 289 97 225 239 
357 465 269 418 292 453 330 416 144 345 65 20 265 34 71 17 317 221 36 393 7 445 375 449 116 79 87 48 304 38 348 257 50 185 259 353 188 249 344 90 139 334 4 180 398 69 303 454 54 267 52 192 173 163 124 426 
358 456 71 404 385 232 383 34 251 76 446 279 378 230 452 163 270 89 75 114 213 130 26 226 233 62 221 124 435 154 190 305 40 181 191 7 97 310 347 402 165 200 63 364 277 459 
359 277 442 394 155 437 151 212 299 205 15 199 425 452 198 363 434 319 310 188 135 317 68 283 318 243 350 130 203 109 466 266 313 235 171 372 31 331 176 262 52 389 229 368 344 345 84 352 70 336 
360 60 58 260 118 264 296 183 271 354 52 5 230 268 378 293 152 145 453 204 426 101 90 467 146 461 276 365 129 169 249 254 159 291 192 387 102 51 364 23 396 355 350 439 174 241 233 95 188 98 259 
361 153 469 115 447 446 231 241 10 181 24 246 113 435 144 345 386 237 289 452 363 239 26 265 245 436 11 124 407 478 20 420 8 475 470 302 72 314 271 457 327 99 29 39 
362 68 65 124 98 384 92 377 271 439 440 117 314 27 400 198 79 281 216 372 119 86 245 256 242 324 469 69 244 264 182 466 213 306 376 353 218 179 409 0 71 164 51 327 23 
363 288 183 34 233 268 319 58 420 172 295 184 4 199 60 359 293 392 10 404 417 361 179 393 289 85 90 329 236 314 62 25 1 438 354 218 180 335 456 49 46 44 309 206 331 
364 72 426 118 370 305 354 442 418 44 467 68 165 0 198 421 398 105 235 187 301 259 318 326 388 43 322 332 431 97 271 296 429 240 249 266 25 251 56 360 234 199 291 189 340 145 463 446 115 358 57 
365 225 306 195 169 228 106 78 160 92 43 332 256 438 149 257 52 435 385 275 234 214 252 235 104 71 58 121 207 168 379 212 360 39 172 5 400 420 93 422 6 285 371 163 18 224 213 137 227 302 355 298 132 
366 152 106 383 397 475 87 32 309 177 135 170 155 411 118 273 409 162 270 300 203 340 323 50 161 306 458 144 181 69 143 429 443 184 42 369 100 414 88 227 432 276 212 31 368 304 3 388 
367 431 68 459 392 413 150 369 167 124 141 247 53 54 156 356 285 349 82 428 464 260 65 409 14 407 391 184 215 352 114 229 100 469 118 
368 151 30 134 398 383 288 318 38 458 102 238 446 216 412 448 266 271 18 0 465 163 174 280 291 408 196 290 241 224 33 453 445 339 402 442 387 77 359 422 120 366 49 110 60 
369 126 188 245 79 381 456 48 403 367 466 327 73 222 233 465 473 462 408 258 88 244 41 148 294 83 46 144 140 391 352 171 44 366 405 442 385 309 232 268 243 55 221 63 322 379 325 306 319 229 
370 150 119 49 364 402 116 473 439 472 87 58 155 383 55 184 108 284 212 377 89 27 45 66 105 207 240 17 82 337 223 198 95 72 192 64 393 399 269 341 345 141 237 384 407 148 
371 194 478 259 0 207 127 459 109 7 302 324 417 331 141 134 266 418 126 307 36 286 85 390 317 14 149 19 319 343 45 242 219 455 245 15 413 445 365 131 68 295 113 310 210 444 326 335 205 398 400 
372 291 333 200 279 213 440 281 267 316 464 394 411 459 63 305 299 383 422 221 236 265 317 362 472 119 434 466 447 154 478 170 359 261 93 169 432 458 355 26 192 287 10 160 
373 295 46 384 410 271 444 254 215 25 344 47 230 288 195 463 474 475 30 325 346 55 281 419 297 300 190 37 124 82 224 80 316 447 418 308 4 85 432 459 453 312 72 397 207 96 375 62 223 209 73 324 61 48 77 355 
374 130 344 164 428 121 22 61 227 160 425 254 92 152 198 281 73 214 185 74 234 470 41 331 430 139 389 118 377 19 461 280 353 97 431 337 376 122 317 421 209 179 236 399 128 246 243 256 21 413 157 379 444 450 
375 303 316 476 268 208 319 111 201 104 448 150 106 451 299 25 53 65 343 41 291 408 301 162 397 357 254 5 337 470 328 427 100 140 12 70 241 20 437 51 389 373 72 142 200 338 321 68 
376 91 335 146 234 222 297 90 48 290 306 82 267 177 20 407 345 60 10 89 281 35 405 374 187 427 125 251 425 474 394 433 457 450 104 362 25 340 264 29 103 286 
377 5 472 340 257 172 136 362 423 190 83 3 23 473 290 412 38 460 370 176 374 78 385 76 275 435 328 449 36 209 173 152 0 284 11 411 321 161 165 90 413 50 
378 381 152 388 319 25 176 358 81 246 42 161 331 315 447 360 23 226 244 425 341 418 14 193 387 328 415 217 162 50 268 86 107 125 155 122 115 137 379 266 
379 93 336 7 399 314 296 56 441 448 30 210 253 172 256 77 426 60 109 238 12 142 218 168 138 163 365 14 123 270 91 117 251 334 457 70 291 433 247 341 390 2 40 369 374 63 398 150 277 388 378 455 
380 102 87 79 266 314 247 349 226 151 415 105 269 312 196 22 40 218 328 83 93 291 68 319 308 260 54 101 425 271 249 113 350 25 130 33 190 199 55 183 257 
381 52 155 67 378 250 110 369 122 197 80 205 44 356 265 434 131 412 247 144 405 422 411 324 350 93 264 245 218 100 9 209 79 462 105 108 433 104 391 2 11 304 182 91 290 21 28 54 246 215 341 322 289 261 
382 128 464 93 19 391 300 27 419 325 170 61 130 105 301 345 312 298 385 302 317 66 122 78 185 16 334 433 56 152 1 296 279 327 406 172 84 195 461 142 17 250 119 8 
383 366 111 24 368 283 53 186 358 445 417 226 385 264 109 246 118 42 35 370 372 34 303 401 131 45 326 170 349 0 204 427 475 83 431 463 98 474 256 179 15 290 160 16 228 418 337 355 293 124 210 343 173 285 86 245 7 81 27 
384 180 362 373 401 133 76 249 459 295 393 68 473 193 248 426 211 42 17 21 139 30 476 216 457 443 396 87 6 446 307 144 128 212 302 318 415 370 228 146 306 333 
385 10 344 419 116 358 458 338 331 383 195 92 476 72 190 47 226 313 187 465 382 86 365 448 297 82 211 174 377 63 354 264 135 186 330 205 369 412 450 64 139 228 233 19 185 58 
386 45 21 432 418 200 439 150 309 205 130 474 254 394 347 416 388 361 397 157 61 460 306 195 402 91 192 321 9 315 92 342 102 462 134 35 440 465 153 246 36 74 19 197 59 255 228 0 4 
387 81 228 284 180 269 298 264 320 416 227 409 161 100 153 66 424 342 457 25 391 9 16 328 1 45 347 321 258 50 307 65 43 5 145 309 237 378 395 167 49 393 268 104 220 205 322 178 274 360 118 123 368 231 157 85 154 170 334 
388 410 104 24 478 378 216 26 190 180 228 424 58 67 72 462 386 43 339 407 364 135 106 186 266 226 255 50 274 15 31 301 94 445 413 446 451 22 138 443 76 291 355 155 414 303 281 379 366 466 
389 456 194 151 317 174 156 195 153 230 294 309 33 452 286 291 242 374 348 392 114 354 170 213 292 255 152 335 462 207 275 283 168 349 197 422 78 400 93 375 393 306 463 273 143 473 359 159 346 117 43 3 288 204 390 32 
390 74 259 420 88 84 438 452 122 12 221 69 87 439 36 308 109 245 433 312 22 86 291 195 165 453 196 170 475 158 11 371 334 305 466 285 296 327 460 472 261 227 63 286 225 179 207 326 341 379 264 147 389 211 
391 382 457 31 227 396 387 258 355 468 322 162 109 213 174 61 168 79 73 286 339 369 25 307 381 463 69 215 289 347 393 367 156 15 266 130 
392 315 422 149 2 367 434 105 316 54 101 108 230 259 312 291 59 363 50 189 343 275 389 337 286 111 166 468 5 406 46 165 24 174 333 26 356 156 465 183 245 427 242 130 155 475 136 97 205 448 254 142 
393 429 402 46 328 38 255 354 384 412 35 202 153 232 357 453 438 422 84 115 363 176 140 144 64 134 296 450 274 387 389 250 237 391 370 109 421 451 439 159 469 253 92 7 316 427 332 60 105 
394 359 396 44 246 432 477 242 343 247 89 219 449 65 372 156 81 470 324 422 403 174 125 313 386 7 238 404 397 126 37 335 133 245 308 405 254 376 270 266 288 339 217 475 48 401 74 218 90 195 
395 151 266 431 320 27 226 313 470 239 192 48 229 286 308 269 26 149 324 449 41 397 61 426 113 4 440 345 88 387 217 301 443 353 252 124 188 126 407 428 465 406 90 103 
396 302 51 394 165 149 56 203 166 161 114 391 98 255 17 268 230 419 7 235 288 261 218 306 179 424 349 449 448 5 210 134 145 457 250 326 307 12 257 287 28 453 384 169 354 34 331 468 81 163 418 99 360 247 153 18 159 329 243 
397 366 24 37 65 42 250 157 427 177 211 339 301 210 132 262 461 375 478 394 269 386 101 395 426 3 321 176 373 88 71 168 58 285 325 40 147 253 
398 307 368 66 220 336 240 407 426 276 321 229 245 364 454 468 267 45 177 406 259 289 88 97 204 429 131 98 331 120 40 31 343 301 22 414 85 18 264 147 37 416 61 357 149 455 346 379 320 319 371 103 409 49 126 
399 78 32 296 379 203 85 166 335 298 37 102 152 402 29 106 18 91 331 28 267 88 243 69 321 326 210 121 38 237 100 191 132 169 300 461 61 374 370 228 325 68 155 445 433 253 60 234 98 452 
400 218 467 285 301 19 456 362 428 252 169 299 256 280 157 45 163 321 38 153 284 30 112 402 365 204 389 326 99 1 3 282 346 411 307 303 102 457 76 75 412 16 262 371 254 
401 0 172 75 415 439 451 384 129 63 435 348 470 101 148 216 162 326 212 452 98 234 240 59 383 12 233 3 284 264 268 276 328 433 173 236 108 5 461 394 102 227 478 465 261 343 239 
402 89 304 370 393 265 174 327 428 454 273 205 113 399 13 134 339 295 7 190 448 223 407 100 419 294 92 176 152 434 386 400 155 243 305 286 106 180 368 56 325 82 430 47 358 233 41 
403 110 161 149 169 369 293 459 270 452 428 181 45 267 355 465 460 394 160 294 467 235 167 264 57 189 475 120 138 275 15 231 132 309 431 5 166 432 12 342 448 325 457 136 347 192 326 75 129 194 87 
404 221 358 230 276 78 112 217 268 444 96 472 146 281 109 186 55 394 297 265 135 76 45 363 286 434 212 187 6 150 188 469 216 149 343 160 273 248 475 127 70 158 310 253 426 
405 160 168 188 468 95 167 147 133 346 180 243 296 20 422 349 78 421 415 98 319 381 419 177 145 262 15 477 229 96 376 343 297 454 39 325 394 289 369 461 28 69 125 332 32 347 42 283 199 245 186 462 254 16 318 157 237 
406 230 146 184 41 291 287 22 345 43 245 342 339 79 398 217 296 392 163 165 302 198 471 139 437 23 407 112 122 134 300 418 382 0 467 2 175 48 355 173 395 274 304 
407 458 190 411 328 123 398 79 298 232 412 283 376 292 444 435 337 209 425 344 388 51 260 402 12 69 286 455 309 160 215 361 406 227 303 367 308 278 266 52 103 395 370 415 145 84 262 115 114 
408 177 29 173 432 22 44 355 250 145 95 150 41 414 435 155 202 281 198 369 134 375 104 108 59 286 136 11 222 68 368 252 196 330 292 123 0 176 61 4 105 93 133 470 287 
409 18 177 213 477 387 106 154 114 466 366 252 89 143 246 14 441 440 237 45 282 322 238 225 15 235 157 345 173 367 60 446 352 42 329 2 283 127 362 398 
410 454 128 388 24 297 247 68 139 301 207 189 89 373 353 112 28 113 164 458 259 16 348 236 31 32 173 161 315 126 216 35 227 93 43 159 476 26 13 155 239 
411 217 302 279 103 16 468 242 407 427 72 337 430 366 287 313 320 372 381 231 265 218 35 243 420 291 417 471 54 32 139 255 296 350 340 250 232 221 400 227 476 177 467 377 87 36 216 346 212 55 57 
412 77 313 248 407 202 423 74 393 381 189 58 342 57 368 32 72 45 102 377 309 133 250 267 156 334 453 147 446 311 242 71 214 385 50 314 184 231 339 299 106 260 97 241 239 60 179 442 400 86 422 145 224 
413 189 59 215 97 367 192 172 193 78 350 423 65 459 96 49 169 432 15 236 162 135 353 55 256 261 233 107 129 259 253 311 125 198 61 4 388 319 453 11 371 450 196 462 106 374 131 56 242 377 438 69 118 414 
414 122 62 25 107 309 198 181 260 22 264 280 311 5 408 432 215 23 218 324 327 293 283 278 351 41 433 416 430 168 300 28 14 222 129 108 163 366 240 398 0 252 470 308 81 84 10 47 477 184 388 130 273 306 339 413 
415 247 422 211 401 113 252 127 158 380 280 208 405 209 74 451 142 355 172 187 474 309 442 3 286 424 433 64 284 92 312 432 447 329 236 378 449 248 426 90 224 65 73 384 407 287 281 460 
416 31 387 357 72 45 121 117 187 100 28 207 260 286 312 299 255 209 293 386 414 63 222 261 269 183 240 244 442 108 12 6 305 27 191 418 398 224 154 468 264 427 232 424 275 284 19 337 237 
417 243 102 356 214 121 239 355 383 76 371 204 61 354 304 83 302 229 219 106 200 440 183 363 103 432 296 411 203 20 145 162 201 75 134 56 101 45 444 311 225 13 41 160 218 67 133 185 44 345 136 3 253 
418 357 262 272 364 356 98 386 175 457 296 116 179 104 371 148 282 230 66 223 134 162 153 373 235 293 288 136 378 234 331 342 126 140 448 383 19 406 39 146 232 219 416 12 396 124 231 312 254 273 170 434 459 439 
419 246 13 457 385 90 382 315 439 461 25 293 179 354 53 148 396 126 283 110 373 405 449 239 342 402 473 153 227 309 435 185 466 59 113 436 40 62 80 72 446 307 429 477 426 137 18 
420 171 35 108 212 471 390 117 152 293 42 261 318 363 125 459 433 86 128 350 73 429 474 279 65 277 411 56 161 234 88 220 202 264 365 188 353 79 17 361 47 2 274 310 163 445 186 119 233 201 166 66 
421 180 184 276 46 78 247 58 336 43 156 284 364 460 249 405 157 354 332 11 151 62 374 335 109 348 77 305 173 6 476 393 188 292 121 17 321 209 70 149 161 295 36 193 56 116 
422 392 415 127 455 214 29 30 24 283 349 290 71 354 119 31 405 7 74 324 126 107 79 394 381 348 138 427 372 302 55 462 393 436 45 17 3 160 430 450 10 389 365 201 83 251 28 33 368 90 69 78 288 344 412 130 
423 120 425 453 320 145 334 35 262 475 377 252 83 313 291 413 412 328 7 203 261 147 249 426 468 275 273 188 93 207 202 276 136 232 339 182 162 40 56 72 77 132 323 87 239 315 296 1 448 263 
424 321 76 61 387 38 259 21 204 275 388 85 46 396 246 182 225 150 117 200 206 23 1 415 82 102 133 0 244 231 4 137 3 307 319 352 55 322 347 416 434 157 56 91 346 235 48 
425 308 265 134 423 374 200 276 190 316 359 224 262 221 14 407 164 338 145 304 173 161 378 231 119 39 376 244 380 2 277 7 148 461 87 111 193 237 24 456 467 
426 364 239 10 245 329 5 266 3 12 268 398 149 199 431 123 42 323 226 469 35 454 379 384 423 60 40 360 259 155 397 303 271 182 395 351 308 29 194 98 299 145 415 242 105 461 134 275 214 53 289 240 190 419 357 404 135 
427 347 252 318 411 52 397 23 436 222 211 153 183 150 422 112 16 1 18 278 383 334 293 375 77 199 376 115 173 189 294 27 100 276 392 185 440 416 339 197 2 393 
428 175 374 438 229 79 22 475 403 400 402 187 162 248 299 335 251 332 367 241 52 203 55 288 451 245 323 28 186 429 190 88 180 395 72 165 122 257 126 220 
429 393 309 264 0 461 292 209 191 197 93 112 270 40 49 136 14 32 203 160 478 420 6 398 137 280 194 232 22 65 366 334 178 352 226 477 364 453 150 38 471 304 290 435 172 428 448 244 79 127 126 78 123 419 134 164 439 
430 298 129 37 42 411 16 258 113 465 46 270 11 458 434 439 121 204 276 267 374 230 220 449 5 256 280 163 459 414 315 146 98 104 171 106 199 211 422 294 167 180 131 48 186 67 14 402 202 233 157 
431 367 435 316 111 395 36 348 204 426 110 46 191 173 157 167 452 356 264 30 103 228 9 465 432 433 144 443 335 374 364 172 383 140 403 210 209 155 207 137 237 51 41 188 73 179 456 100 
432 304 408 215 51 179 232 386 394 268 443 414 413 162 99 347 431 303 417 254 164 328 130 373 214 248 92 415 275 403 65 113 464 301 77 187 372 259 332 35 366 18 319 165 312 291 433 320 188 
433 117 20 30 442 73 104 341 151 299 193 148 83 180 455 420 460 237 390 321 153 414 305 192 437 431 474 298 259 381 323 415 181 124 27 21 382 51 54 447 91 93 348 376 8 401 17 301 448 245 379 291 22 281 165 304 432 399 269 11 107 478 
434 124 392 115 95 100 74 218 463 210 298 254 230 381 31 430 359 187 455 264 160 207 256 459 266 222 105 348 332 372 206 132 404 22 136 237 402 180 23 226 220 53 278 424 259 418 274 203 161 
435 2 130 431 308 332 275 473 15 46 288 401 221 408 154 331 119 49 236 270 365 407 89 361 259 29 377 299 160 176 419 247 317 358 429 42 231 183 312 456 
436 327 256 207 101 0 427 320 279 127 180 190 340 215 454 130 218 250 422 156 160 361 226 336 438 163 61 35 24 419 135 248 71 138 
437 140 24 312 270 190 288 446 3 275 134 359 141 451 115 281 433 52 240 181 406 375 209 352 239 332 329 83 216 0 287 200 37 126 40 342 184 160 66 247 263 321 23 
438 45 439 84 428 112 144 85 275 68 390 216 449 163 3 186 296 238 149 143 22 365 215 242 107 87 277 393 91 311 232 192 172 436 170 478 363 36 50 104 476 315 128 35 455 329 302 320 304 413 
439 438 292 462 401 294 319 31 362 419 175 370 390 10 386 187 301 430 39 209 111 135 12 98 191 251 224 53 89 349 450 393 275 101 276 360 129 418 469 302 61 429 
440 306 457 178 343 123 372 329 21 362 326 237 349 232 461 90 348 456 182 117 2 409 153 139 417 34 345 228 395 227 261 205 105 386 92 427 91 323 297 281 145 193 234 152 
441 40 42 379 125 159 112 88 292 47 409 253 116 103 447 303 134 44 254 9 20 229 33 466 190 161 130 317 79 289 315 12 308 167 173 214 231 294 87 
442 141 462 144 433 359 208 42 364 40 33 286 75 81 472 207 224 23 290 105 415 459 49 11 416 118 345 162 447 34 279 369 47 43 247 111 46 333 368 264 412 316 37 184 
443 458 239 455 214 68 203 153 315 37 432 309 288 255 1 15 204 94 431 470 220 87 366 229 384 447 54 124 292 62 464 113 388 395 171 112 474 260 176 319 52 200 174 183 
444 253 465 60 246 355 373 404 188 112 45 462 473 41 263 19 97 31 407 14 267 58 317 239 297 73 307 237 122 130 321 264 417 126 13 5 354 249 288 279 371 40 374 324 38 147 2 
445 236 383 57 200 198 7 256 171 91 118 35 211 315 173 357 113 224 27 466 243 294 206 101 263 45 103 388 273 301 102 371 368 321 465 249 175 462 44 115 276 4 264 420 131 399 319 322 
446 353 56 75 53 437 361 462 283 139 358 49 368 261 41 1 11 473 183 145 158 343 157 22 191 201 275 113 57 195 88 127 323 412 190 241 384 12 388 318 216 326 452 409 87 16 279 419 364 331 238 268 237 54 
447 310 318 273 324 198 361 132 449 23 184 378 202 441 450 61 333 373 312 79 372 443 103 74 299 57 433 442 280 125 159 250 415 150 463 117 465 67 96 6 98 30 157 342 466 
448 454 375 339 28 379 212 84 48 125 248 350 183 368 214 469 210 396 385 333 402 34 168 88 4 121 185 329 285 56 89 303 418 26 403 44 277 433 280 429 466 392 423 474 
449 290 303 70 255 438 204 447 230 188 87 394 86 23 22 396 291 130 430 419 357 395 316 312 32 24 465 287 229 45 377 320 46 141 208 138 328 107 415 187 277 265 225 289 467 38 464 461 200 
450 319 260 188 276 14 472 278 210 78 314 334 312 453 94 73 157 447 328 354 463 422 156 393 413 385 376 200 439 239 297 218 464 53 374 141 171 
451 23 401 311 314 471 230 478 465 194 87 375 437 180 248 415 133 339 153 215 95 123 100 243 38 112 12 239 388 428 165 292 128 393 254 98 255 309 42 2 187 
452 272 25 254 217 155 320 129 108 281 70 219 58 466 390 54 89 403 215 69 389 359 358 431 401 282 242 62 166 326 7 168 30 251 160 361 59 349 267 66 85 109 211 83 226 321 56 102 138 446 27 161 47 225 333 277 299 51 5 159 337 399 316 
453 257 237 216 423 357 77 115 227 345 33 88 63 110 157 200 143 24 267 292 450 236 60 390 107 360 241 393 350 412 245 56 396 69 330 309 373 454 317 429 413 272 339 193 145 226 368 204 96 211 19 276 301 169 212 35 
454 410 86 448 265 211 64 150 9 402 28 398 290 185 289 159 426 312 436 178 89 320 301 220 188 284 405 330 226 16 81 453 292 37 213 100 350 274 357 22 190 69 317 283 57 
455 443 280 32 422 110 128 91 229 153 433 268 434 147 285 180 210 215 10 213 45 169 144 407 199 81 47 246 236 216 313 184 371 347 278 96 467 398 353 438 116 271 18 329 134 379 341 
456 389 355 358 80 369 234 310 400 291 189 179 169 124 440 278 267 116 168 216 144 118 25 219 253 312 469 220 62 465 77 8 246 347 119 126 58 33 337 282 198 250 121 86 74 134 425 363 431 137 435 102 32 
457 440 419 283 391 42 241 329 198 387 41 418 7 334 48 351 46 69 152 122 321 65 207 33 458 396 298 10 384 331 200 278 221 309 354 11 174 146 92 55 311 379 403 78 376 259 210 400 167 85 361 5 220 191 187 474 263 322 
458 443 63 407 125 337 37 385 114 65 368 58 28 7 298 267 36 181 1 430 152 164 238 219 154 316 129 258 457 148 366 68 410 462 318 18 155 71 372 144 88 290 476 205 343 87 471 308 341 
459 367 102 118 37 284 7 403 24 371 384 303 413 183 224 420 66 122 372 64 127 251 8 216 334 262 434 130 113 272 159 430 219 116 2 442 55 373 467 265 87 345 44 56 270 274 131 418 199 358 297 91 
460 217 79 250 76 72 30 90 239 32 280 125 7 421 403 433 307 83 377 348 319 75 478 386 390 253 71 58 263 150 22 229 12 312 198 142 415 149 
461 429 245 17 161 119 419 292 314 440 343 305 344 65 251 237 298 397 19 198 374 243 465 360 147 97 209 201 87 123 405 144 399 426 425 134 79 382 354 401 313 38 261 48 449 
462 44 346 38 442 439 298 318 165 92 446 14 199 444 301 338 213 369 49 289 167 388 313 222 288 258 103 244 248 153 72 422 458 381 389 226 77 86 200 203 53 179 128 185 386 104 413 43 265 445 464 206 240 343 0 405 250 64 
463 477 134 268 88 142 110 141 175 243 434 58 91 247 177 227 303 322 250 224 174 373 334 347 182 62 223 316 273 143 158 17 450 383 391 354 318 447 259 173 389 240 230 109 339 133 139 474 364 48 205 50 
464 382 75 98 258 240 72 311 112 195 372 323 232 172 293 19 184 107 108 259 176 209 367 287 329 443 212 432 310 69 462 166 465 296 326 191 450 317 223 135 208 222 449 190 
465 357 158 133 175 200 289 169 151 444 335 290 144 306 451 430 305 40 403 291 35 369 43 385 50 329 41 312 19 368 249 207 431 81 295 148 461 449 137 315 349 150 74 309 456 9 330 332 120 392 447 93 130 34 445 386 119 464 395 213 195 401 101 307 49 2 265 
466 326 228 20 37 452 232 409 369 346 5 199 196 162 218 161 297 74 85 372 359 390 445 329 52 302 468 441 285 283 419 362 320 321 60 319 141 86 448 136 333 282 309 388 447 45 
467 298 400 326 116 321 185 252 364 156 186 10 348 345 307 38 335 227 69 277 175 240 403 331 129 195 210 286 178 105 265 360 89 82 280 311 174 474 459 247 138 304 49 213 232 352 455 406 2 47 260 204 411 159 93 243 449 425 128 111 200 48 
468 153 187 405 90 411 95 391 96 398 134 67 343 423 155 101 392 128 237 238 211 308 466 269 36 120 341 76 22 396 201 44 140 138 416 80 7 119 172 217 231 293 143 
469 238 361 189 341 179 158 277 473 144 40 322 2 343 133 190 426 155 350 51 303 340 448 95 58 264 88 20 297 313 456 183 362 55 404 125 316 137 61 259 315 393 171 140 224 9 228 367 81 439 267 
470 323 95 61 395 401 214 315 184 394 118 374 103 345 335 375 443 301 173 26 414 19 70 248 361 10 69 243 408 
471 59 420 7 135 451 475 342 328 165 56 63 40 194 9 104 25 155 11 68 310 126 177 122 271 124 71 341 296 285 286 181 209 406 117 348 411 146 129 179 54 123 78 42 429 108 253 247 189 334 213 346 168 252 0 118 159 458 268 109 142 350 344 
472 261 87 152 377 234 450 287 148 294 404 370 38 2 442 16 333 60 117 161 213 214 9 372 390 204 272 66 27 327 474 321 241 323 54 212 144 477 147 82 5 126 271 
473 221 289 131 57 352 243 115 26 231 469 435 370 246 12 134 355 444 384 244 446 155 369 146 166 377 87 42 348 333 71 266 90 66 318 43 63 270 117 419 228 328 207 214 389 89 323 301 218 
474 262 8 209 170 124 302 269 248 228 243 373 185 278 208 386 186 420 26 415 433 336 467 122 31 383 376 9 3 21 472 268 44 88 443 324 240 341 279 227 463 229 350 315 457 320 448 134 135 58 115 260 
475 219 286 84 366 277 232 200 471 174 76 423 252 428 199 187 223 373 120 4 216 390 203 383 112 403 97 285 243 149 297 71 136 177 361 155 404 394 239 293 392 330 
476 203 290 126 375 239 70 300 261 128 153 133 22 385 292 251 354 330 189 106 329 54 156 240 73 4 89 271 75 112 384 41 111 237 200 348 114 438 421 458 306 87 194 411 410 296 31 235 192 
477 463 159 353 409 289 227 244 306 394 122 228 312 303 89 346 405 288 27 22 45 154 429 87 19 46 292 256 472 321 414 245 0 196 79 419 211 240 
478 105 213 5 371 78 285 388 451 252 242 206 199 184 260 39 156 210 170 397 429 61 112 244 220 102 76 261 0 460 123 37 173 278 372 117 361 438 143 334 189 401 178 96 275 31 433 
