0 153 10 292 166 19 134 141 252 378 394 21 380 140 322 47 107 247 387 353 172 343 327 348 51 323 94 360 34 22 203 333 111 305 375 370 282 225 77 255 83 
1 248 219 374 240 328 164 343 150 177 287 366 393 395 54 276 283 403 138 50 121 341 131 242 105 198 312 329 157 175 16 333 361 189 18 
2 387 157 369 43 86 161 260 172 311 319 338 255 217 134 47 273 376 76 271 330 42 250 252 244 149 46 229 218 241 350 326 202 342 328 83 121 213 176 177 171 61 254 406 243 66 20 356 22 340 
3 376 305 294 46 188 109 367 131 308 402 280 256 56 391 147 79 19 9 42 88 278 326 82 404 52 283 141 386 302 157 86 39 
4 345 319 155 261 258 339 65 24 162 361 10 351 237 211 70 115 380 75 41 90 142 148 92 329 306 84 299 165 136 343 350 304 257 172 6 403 95 16 231 346 327 15 96 
5 346 280 317 187 51 26 120 195 404 387 296 252 251 156 52 262 99 319 198 161 256 60 268 92 175 11 173 15 162 331 43 47 36 409 153 373 231 342 202 267 149 6 122 326 70 287 49 
6 29 309 146 97 286 57 223 21 292 195 359 336 247 181 249 102 31 239 281 391 95 272 296 188 289 392 135 70 283 291 340 346 59 302 55 209 342 74 4 134 199 196 388 16 219 5 37 101 138 262 368 164 
7 91 175 123 200 223 195 45 312 154 209 100 31 296 227 263 19 203 221 83 344 347 161 216 106 401 57 93 168 329 259 98 113 214 299 129 103 116 380 266 90 228 25 121 53 92 231 184 
8 79 118 291 39 155 48 126 258 270 175 176 137 165 53 13 10 140 59 236 312 378 150 382 46 334 186 99 60 207 381 37 308 296 337 177 351 80 219 372 390 65 265 33 193 94 230 205 216 218 316 
9 147 216 212 266 153 77 337 244 321 39 107 43 267 166 131 394 233 60 47 61 3 398 138 86 282 114 133 298 15 358 278 
10 262 0 133 175 250 297 146 299 57 67 135 411 37 319 213 182 324 4 404 143 256 8 304 236 181 326 161 260 368 173 102 118 219 352 279 328 398 223 107 235 157 386 203 131 197 252 273 75 103 93 108 
11 248 176 311 393 313 212 202 44 170 183 233 402 369 321 291 389 242 365 95 281 148 399 207 227 41 5 298 411 103 244 39 54 106 56 33 73 360 125 400 289 52 150 128 139 250 20 306 
12 245 163 206 165 241 375 166 342 273 333 148 405 381 193 312 295 329 134 213 155 19 194 95 72 89 107 67 70 338 272 209 304 13 257 48 177 289 374 60 97 76 180 350 383 71 130 
13 151 67 392 94 81 296 291 107 330 189 29 57 144 8 286 140 344 222 78 226 307 179 231 242 288 396 310 321 12 371 352 287 171 305 358 355 272 22 186 240 153 292 350 115 
14 296 383 173 342 364 84 52 83 91 264 236 86 32 24 260 286 30 350 406 114 167 258 134 388 392 46 356 267 294 241 265 76 317 235 381 380 115 103 393 402 279 34 144 74 121 369 104 138 102 202 205 327 226 159 
15 231 391 215 318 340 259 271 266 107 85 82 306 263 106 336 285 56 96 184 101 5 262 211 332 360 175 29 339 9 173 118 362 372 389 258 411 4 
16 137 68 300 35 34 76 108 60 20 199 134 196 288 178 287 397 368 356 156 324 119 364 232 187 152 215 99 268 135 388 269 320 358 169 276 303 175 55 158 383 6 111 1 4 409 208 80 272 
17 366 316 114 131 205 243 106 364 191 189 365 244 267 100 289 398 117 88 128 388 406 403 197 29 18 222 335 390 277 371 168 255 181 51 103 361 303 
18 47 273 306 26 97 25 57 179 282 96 295 405 358 92 341 131 202 363 340 372 17 87 246 279 290 335 235 108 361 21 19 1 
19 393 0 356 75 233 37 171 65 177 7 251 163 248 303 12 39 190 162 47 136 210 318 257 3 360 237 374 405 53 254 48 391 114 61 206 312 246 18 88 125 
20 260 175 135 171 254 45 81 35 16 342 119 236 242 153 270 249 394 155 199 397 265 294 243 76 47 253 189 144 343 311 2 11 
21 112 137 207 257 235 32 223 260 127 236 6 172 0 409 217 218 92 148 163 259 100 233 181 75 47 253 349 340 37 124 219 404 109 80 42 94 180 203 264 78 305 244 355 18 251 
22 341 237 243 153 244 378 217 183 372 262 356 359 207 400 285 235 44 279 201 313 43 146 387 191 258 276 71 342 263 214 192 358 254 236 282 194 0 13 163 411 36 362 2 205 
23 103 316 58 284 318 230 116 181 241 69 219 286 375 322 323 385 304 224 408 410 39 205 252 274 147 125 30 193 319 29 264 113 185 220 149 315 
24 66 290 169 346 35 114 47 14 4 277 42 127 202 227 144 240 55 270 40 130 134 131 398 147 396 246 135 128 264 92 256 262 358 213 129 366 59 204 78 93 182 79 355 45 216 173 275 154 248 368 
25 311 219 196 349 102 277 126 18 382 286 189 121 169 372 407 183 251 90 113 296 398 274 39 391 36 299 27 174 88 91 7 410 297 32 166 315 86 378 111 375 26 
26 217 386 151 18 39 5 307 36 120 59 371 30 144 142 376 351 46 314 139 255 384 43 124 367 84 271 55 383 63 93 342 264 392 138 35 161 238 254 184 225 337 277 65 315 224 339 40 334 242 25 214 182 
27 178 405 286 397 141 193 368 87 385 64 60 294 340 288 40 398 222 57 45 180 346 309 172 248 337 92 310 25 308 174 228 29 169 212 268 404 402 361 162 132 350 412 
28 372 357 131 274 144 73 224 190 121 82 309 355 381 267 220 116 87 186 31 118 205 167 206 408 317 90 268 135 172 141 250 316 147 295 150 211 
29 331 201 6 67 267 240 45 140 203 13 311 400 288 248 277 40 272 247 338 74 308 229 17 223 62 129 83 27 328 133 15 345 342 227 113 319 23 230 321 214 199 46 
30 101 340 109 403 64 14 330 26 205 230 349 333 41 35 401 257 252 124 270 102 366 291 361 74 161 23 389 75 254 387 
31 61 49 367 114 291 410 366 169 222 7 321 180 183 6 103 336 213 214 159 249 85 28 186 247 130 398 88 223 96 334 50 226 101 318 279 174 146 144 350 215 220 385 369 171 67 248 354 
32 145 379 344 90 21 276 14 181 102 207 381 124 178 109 186 239 217 312 297 127 408 55 245 364 306 69 34 302 330 378 291 25 223 94 150 342 185 158 54 74 398 384 59 
33 91 150 55 208 138 103 222 401 159 317 120 69 348 243 322 321 408 225 402 376 270 77 72 305 221 338 11 111 8 81 309 136 118 90 260 332 293 380 
34 245 48 372 133 374 269 402 119 324 16 201 101 285 293 160 283 330 229 359 71 78 209 408 70 191 207 317 382 319 177 50 366 32 306 14 0 76 244 289 111 
35 282 101 271 16 207 24 169 150 78 20 162 105 194 286 30 205 45 177 274 283 359 260 263 231 92 400 250 280 297 329 166 399 26 68 273 239 100 189 374 339 65 
36 142 260 172 243 26 124 112 54 214 350 227 199 106 361 300 42 210 360 266 307 204 242 147 376 51 119 120 25 228 222 211 193 284 123 55 5 148 166 263 385 187 407 22 262 169 
37 91 193 409 19 374 378 10 322 146 148 104 141 301 54 295 198 58 342 353 113 79 8 355 393 21 210 384 316 366 45 43 343 377 176 350 263 340 6 294 167 382 
38 212 374 98 146 108 286 92 411 200 133 96 307 231 152 346 412 117 365 75 136 68 318 327 312 102 247 344 65 404 230 47 190 298 147 160 386 156 262 
39 79 407 209 8 352 95 131 26 241 67 262 64 236 43 134 52 50 267 328 9 299 326 178 272 19 144 339 98 234 82 25 182 212 87 401 23 147 75 120 11 409 59 215 167 153 206 60 279 385 351 359 384 189 111 81 317 259 204 365 3 255 112 374 
40 87 123 237 345 244 279 214 89 24 44 202 27 264 324 132 271 366 57 396 77 29 245 361 187 185 84 262 140 170 351 150 336 181 98 382 26 129 217 
41 364 291 251 142 67 314 89 75 102 181 257 184 70 254 203 93 304 129 30 4 196 264 112 288 131 229 11 126 346 412 235 333 255 59 243 52 293 281 247 134 199 
42 381 313 281 334 407 94 359 96 138 346 164 24 284 36 283 294 162 83 196 323 2 236 214 352 405 180 131 53 3 312 146 70 191 124 275 73 269 181 21 159 116 113 93 
43 282 410 399 2 200 238 93 279 138 39 187 22 182 126 333 163 9 407 59 368 26 105 203 111 281 336 5 215 37 285 359 376 191 103 130 358 109 256 185 
44 104 282 205 308 158 11 341 284 384 51 355 65 22 266 293 40 140 385 66 186 265 380 120 359 254 94 309 62 330 217 92 95 216 210 287 
45 145 383 262 223 7 99 199 29 280 76 20 82 312 214 331 173 266 286 206 70 123 327 68 398 400 27 316 35 226 314 161 351 399 188 182 298 360 368 37 24 54 308 293 197 349 315 98 88 274 272 
46 116 250 247 169 73 260 319 114 206 162 3 158 284 179 274 127 57 313 240 157 56 14 287 26 324 225 322 138 8 119 112 309 117 2 154 248 98 86 135 237 181 393 383 297 384 167 186 187 147 301 132 385 29 
47 18 348 24 303 231 285 191 210 165 253 343 0 2 178 274 190 232 255 296 206 19 331 21 400 9 264 99 209 308 327 72 5 38 20 322 55 124 198 116 153 320 397 289 361 380 221 234 
48 293 34 193 8 99 392 318 131 202 380 55 167 411 218 220 391 182 148 61 163 400 259 186 370 235 119 403 187 12 321 234 341 87 207 250 19 348 275 322 389 407 281 126 396 
49 31 343 316 66 239 104 263 321 141 301 406 52 293 178 371 252 156 226 131 79 77 88 281 287 120 166 196 285 393 163 53 396 254 345 217 5 
50 382 198 295 352 313 285 245 201 346 271 345 210 67 187 89 278 254 39 97 300 156 326 354 258 372 176 102 363 259 206 266 1 168 31 215 34 355 85 214 263 130 136 225 
51 228 81 376 377 369 407 5 306 323 129 206 165 44 285 254 390 59 127 300 297 138 36 123 255 340 231 0 248 212 137 225 118 210 195 379 17 205 121 249 326 170 214 
52 401 197 14 254 130 295 236 246 61 113 75 338 49 359 391 39 5 128 375 245 167 274 297 199 291 62 282 155 278 181 319 327 309 152 260 41 353 158 85 70 87 56 294 3 374 11 114 120 192 159 124 253 
53 302 359 285 165 175 400 401 84 142 343 91 255 379 145 8 406 133 259 160 169 158 162 134 292 103 352 213 143 358 42 253 204 370 19 386 225 330 267 206 7 49 
54 87 329 212 349 364 120 83 193 384 225 36 80 183 406 399 313 74 60 356 250 328 351 292 37 392 330 253 1 391 404 76 363 320 168 340 190 130 11 235 45 339 117 186 32 227 365 
55 220 250 197 215 33 254 59 286 128 198 135 48 216 246 24 117 67 157 140 378 32 233 333 323 111 234 232 26 372 186 100 6 392 36 16 47 183 385 354 
56 102 92 163 107 140 194 340 89 197 328 15 46 383 3 249 288 222 240 217 11 59 406 299 211 318 52 412 171 174 
57 266 165 316 214 10 100 96 6 18 257 378 177 85 13 191 394 167 146 286 46 27 7 362 40 403 374 205 65 360 143 123 265 89 64 
58 197 387 23 268 366 95 87 161 149 62 162 156 248 150 333 327 266 37 199 276 298 291 255 154 221 372 328 238 346 376 116 231 389 385 131 102 174 314 
59 320 393 243 304 104 55 318 138 66 26 341 51 237 8 362 319 231 121 284 43 285 68 335 65 149 326 24 208 6 204 340 41 199 77 39 238 232 56 359 296 288 249 365 324 328 266 32 214 
60 338 251 182 152 394 328 139 16 268 27 121 128 198 257 54 379 204 256 405 396 375 170 5 161 179 144 9 8 270 164 123 334 226 95 345 269 39 12 381 136 342 377 364 273 
61 31 84 175 217 126 358 109 52 330 343 131 221 99 133 79 329 93 48 83 91 198 399 199 250 253 113 214 9 302 114 153 181 344 146 215 212 161 246 89 19 357 349 2 281 404 252 78 
62 117 157 76 114 58 78 237 188 278 207 75 138 92 354 239 185 74 407 65 259 104 69 214 116 129 52 311 182 355 89 137 29 163 44 88 85 140 161 263 221 395 
63 248 175 406 82 98 387 106 311 189 369 326 307 66 327 141 368 127 84 26 184 355 166 105 371 273 361 245 412 392 343 
64 298 318 120 359 27 30 288 204 39 393 96 371 276 342 333 169 245 303 261 165 263 150 105 327 108 309 354 259 110 57 255 234 
65 393 375 327 4 113 157 169 19 44 334 150 221 159 356 281 388 62 329 99 59 222 395 186 66 38 311 399 57 236 240 300 237 8 340 380 133 410 325 26 310 278 400 276 35 282 146 
66 317 171 24 49 104 377 231 77 59 406 373 195 128 222 216 301 44 249 350 63 93 268 176 65 120 107 378 177 211 304 115 356 148 224 132 2 248 289 246 
67 230 29 13 261 41 10 154 276 74 402 78 50 39 403 55 143 82 390 317 106 218 12 223 313 181 160 188 314 77 321 197 210 105 122 297 31 176 
68 16 229 320 361 207 322 171 343 93 309 100 412 141 182 273 96 45 135 370 164 38 208 153 294 59 70 88 190 215 410 227 290 236 35 330 411 210 231 216 226 
69 337 163 356 182 111 23 110 352 109 33 226 341 249 233 412 91 200 201 241 70 178 62 108 239 92 32 365 229 141 244 237 360 145 338 316 318 368 144 209 93 89 326 
70 339 273 227 189 371 410 212 166 41 280 45 4 164 139 125 169 231 278 180 69 270 34 12 362 355 330 279 108 240 6 68 370 321 111 163 296 42 314 318 394 359 207 78 52 319 233 87 140 191 224 5 246 
71 391 237 306 389 176 410 167 322 297 323 225 219 197 244 342 195 277 34 22 120 158 288 140 143 145 348 103 292 113 317 118 154 79 180 198 147 12 357 398 
72 172 396 385 156 324 321 137 94 95 88 191 169 119 406 279 203 12 293 292 223 91 158 188 33 47 348 280 332 251 139 263 363 344 313 163 276 
73 402 281 355 315 388 277 331 28 121 119 263 46 312 290 286 347 179 220 235 98 248 153 273 234 305 385 123 136 138 311 226 112 219 251 208 313 42 11 96 240 245 196 75 405 276 291 278 190 397 174 334 296 
74 308 185 320 329 67 76 334 54 87 257 194 411 62 77 221 183 330 29 331 339 386 410 6 375 121 30 101 289 14 220 32 190 178 323 
75 301 294 263 19 41 107 52 119 300 152 257 387 62 4 38 21 97 278 203 216 307 116 121 39 314 231 318 343 197 335 80 352 340 244 236 30 233 73 332 10 
76 62 176 95 179 16 74 45 293 402 102 184 116 272 410 281 175 403 130 325 2 288 276 243 369 157 394 139 380 54 241 14 319 344 104 368 156 264 326 120 20 141 12 311 34 
77 394 331 131 333 259 86 190 66 93 180 9 400 372 187 322 191 124 328 74 40 166 67 49 113 174 357 33 175 248 200 345 59 206 310 155 306 0 132 127 103 
78 339 180 405 135 140 324 315 62 35 128 67 283 150 383 198 329 221 13 412 34 392 342 364 164 374 232 139 24 216 310 91 70 291 21 386 61 218 
79 166 8 39 334 207 131 190 149 296 271 228 217 89 381 298 215 411 189 61 147 348 3 408 184 37 49 188 312 331 266 212 24 137 291 71 372 230 93 280 
80 289 244 380 142 91 318 54 149 263 85 224 205 311 352 96 155 288 92 128 360 281 156 307 355 412 287 8 243 202 341 75 217 161 21 398 304 176 16 
81 308 246 377 153 51 13 215 329 355 201 395 20 214 174 359 310 92 263 225 217 380 183 372 234 337 410 178 136 222 88 181 94 213 144 33 117 258 259 39 314 251 
82 271 339 130 63 177 335 256 354 45 28 398 386 376 15 322 67 321 201 121 114 405 39 173 277 193 241 94 262 3 317 234 316 191 319 
83 333 54 14 103 196 324 168 128 152 42 7 297 107 373 215 61 393 149 172 404 405 255 235 184 341 244 29 401 256 2 195 270 187 0 219 
84 333 61 106 224 14 53 379 164 149 353 344 221 159 331 386 4 404 26 40 203 63 363 256 293 217 272 105 87 115 210 375 174 241 271 120 302 229 
85 223 322 338 151 337 411 80 204 360 57 148 15 147 368 313 31 348 120 231 228 219 153 269 314 353 271 222 50 248 225 192 371 118 369 257 310 52 62 281 400 253 102 
86 115 260 192 2 374 267 394 207 77 14 100 114 332 305 376 258 363 349 253 255 368 172 327 170 334 9 46 321 318 88 110 25 281 104 322 3 
87 54 40 120 332 58 172 311 27 355 216 165 95 74 228 352 405 313 110 152 301 274 236 28 201 382 205 408 118 124 328 135 39 374 364 283 223 18 372 253 48 84 52 70 170 203 138 
88 151 140 303 280 311 133 349 365 72 134 269 347 166 277 282 17 370 184 31 380 68 49 310 3 385 25 355 62 285 142 387 86 105 81 352 211 182 45 412 162 219 19 
89 207 283 289 144 273 169 41 181 79 408 40 56 50 324 101 131 153 198 342 203 321 12 107 349 193 147 384 336 62 206 355 61 251 401 118 57 219 340 69 347 400 322 
90 111 32 107 106 238 96 322 353 314 406 320 339 124 103 25 399 4 387 323 336 94 241 324 295 259 110 28 331 7 332 206 220 318 33 
91 33 7 339 376 80 14 254 37 53 156 283 405 270 304 164 387 69 119 61 227 149 294 169 362 337 93 383 378 72 359 397 348 25 240 78 175 178 390 259 264 229 309 
92 204 116 56 38 321 104 21 272 62 379 338 18 346 80 405 347 81 4 24 5 257 155 117 27 69 35 386 94 276 201 190 331 356 44 402 7 198 369 301 
93 181 293 77 43 68 111 248 388 252 310 240 41 386 61 300 157 7 364 91 264 66 186 159 216 163 26 24 367 371 320 117 106 365 228 155 394 79 69 10 42 261 
94 120 355 13 218 42 223 184 72 164 194 367 127 357 379 315 344 399 157 108 151 358 90 298 324 392 307 82 238 181 44 334 92 133 213 248 0 32 191 81 8 131 21 149 168 210 388 197 
95 181 39 311 215 58 76 208 147 283 72 171 350 117 351 188 109 210 87 322 6 198 12 302 314 11 253 238 207 315 102 60 219 149 272 300 357 292 280 217 4 185 44 279 286 
96 372 362 181 390 57 294 189 303 137 38 42 90 18 144 146 255 167 136 357 80 68 281 64 15 318 316 131 31 380 373 324 280 156 377 239 150 176 211 317 267 73 344 335 346 369 201 162 254 249 172 4 384 
97 167 406 181 18 6 306 99 405 166 410 136 336 244 403 50 101 274 316 284 75 340 275 175 233 228 308 131 261 12 412 397 160 
98 340 38 63 313 309 130 266 99 286 73 134 230 237 402 300 39 238 405 7 144 251 136 46 165 102 378 366 45 40 396 316 
99 48 45 288 160 101 97 214 324 310 169 98 61 176 5 345 200 171 65 216 275 8 170 154 47 238 16 392 219 307 104 322 292 212 384 346 361 409 316 327 129 
100 257 184 223 57 334 86 7 311 294 68 389 122 148 390 128 21 399 17 348 195 190 111 208 267 297 55 171 120 298 355 239 229 123 340 131 35 211 
101 35 30 136 155 269 397 184 291 99 34 150 393 353 89 198 378 374 205 97 227 368 167 148 135 139 176 387 15 242 236 31 219 234 377 338 74 231 292 110 373 348 6 400 301 302 323 
102 56 313 25 385 299 226 377 219 345 76 32 41 286 6 372 269 333 156 211 330 158 212 38 10 200 50 409 30 214 115 95 271 187 315 149 303 98 369 238 58 14 412 85 190 
103 229 23 371 170 160 335 135 243 393 384 83 33 328 31 122 205 90 309 376 179 400 53 7 230 11 244 71 14 113 139 120 183 43 225 334 17 146 10 77 
104 44 211 230 66 228 161 49 59 92 186 237 132 225 212 244 154 155 381 131 37 306 206 150 190 134 165 279 359 192 176 62 130 345 76 141 160 295 198 242 99 142 243 14 241 86 
105 272 129 259 399 209 298 35 294 157 398 374 315 128 242 132 347 229 43 289 299 354 204 192 410 67 218 63 317 84 64 406 88 1 165 211 
106 244 281 84 151 352 130 215 90 298 381 267 343 218 277 63 316 140 36 17 344 376 212 288 169 15 7 250 386 186 67 331 242 297 227 188 11 184 355 252 93 110 183 284 135 332 256 222 
107 269 303 133 90 13 203 199 265 56 75 15 256 0 165 83 280 407 9 346 201 12 89 295 254 158 66 10 196 398 274 237 241 149 331 391 177 175 215 314 299 
108 180 38 341 312 401 322 16 222 407 153 232 408 191 389 131 242 94 266 69 243 392 70 340 381 342 64 347 235 18 10 145 
109 250 296 310 128 189 30 315 354 364 61 159 95 3 69 122 32 172 407 246 254 135 368 211 212 342 217 273 21 379 43 141 393 350 258 124 
110 291 201 366 143 363 350 386 139 400 180 245 69 239 378 207 251 387 373 167 87 226 342 200 195 393 362 90 309 175 106 242 86 185 199 101 64 349 252 135 232 234 319 
111 90 185 165 69 199 93 207 247 197 194 294 133 337 357 220 178 55 182 43 100 233 70 381 190 151 137 217 141 33 16 0 158 25 385 39 274 288 34 
112 384 299 21 239 320 265 36 214 132 350 287 190 360 160 124 244 167 41 348 220 46 285 186 212 261 236 248 279 210 264 73 400 163 113 356 204 213 411 115 222 199 282 275 39 
113 152 155 157 65 52 306 336 297 282 223 340 385 331 145 344 347 188 25 303 37 248 7 356 262 299 318 354 61 293 153 77 159 151 300 71 362 350 338 112 103 294 29 410 256 204 23 42 292 
114 31 17 209 62 24 403 171 194 86 46 233 331 237 14 180 358 82 235 128 126 158 211 398 384 61 203 140 9 410 339 298 163 19 174 191 356 52 338 321 
115 257 86 375 246 147 200 263 253 199 351 395 4 137 258 331 202 287 352 313 181 344 371 308 170 102 178 276 302 288 14 203 149 132 298 66 188 122 84 338 112 118 386 294 164 13 
116 123 340 267 46 256 92 246 23 351 262 168 265 337 76 165 343 396 309 28 412 151 393 366 409 280 62 383 146 75 7 163 389 122 243 58 47 189 200 42 
117 62 212 382 170 379 190 261 272 184 301 245 95 347 410 55 355 367 38 119 17 136 243 46 372 92 312 277 93 220 327 81 54 330 391 386 279 
118 268 8 258 242 147 204 122 335 238 353 267 333 177 368 356 28 243 226 392 340 10 332 87 224 51 338 221 71 133 365 342 85 89 286 152 15 383 300 33 231 115 148 346 
119 375 325 298 152 34 263 73 276 362 307 177 75 191 207 20 309 72 91 244 117 46 187 251 209 129 36 48 16 170 400 342 350 146 393 182 234 189 215 227 216 133 
120 94 157 87 127 378 402 54 64 412 5 256 194 26 368 227 33 297 293 163 85 264 123 362 71 217 36 273 66 343 286 44 250 39 316 49 76 257 169 361 100 377 370 231 153 103 201 255 300 122 365 52 84 
121 381 186 73 390 209 28 236 274 309 60 264 346 387 25 192 278 137 259 82 185 356 59 250 362 251 144 1 75 235 392 352 206 252 74 155 216 347 2 7 14 399 273 260 349 299 51 294 
122 382 384 347 118 350 363 183 324 100 367 109 261 162 103 361 359 354 340 368 385 355 182 217 319 398 67 204 116 211 357 379 315 316 115 328 190 120 5 243 378 
123 116 7 40 190 359 213 400 198 150 45 380 308 120 299 271 51 170 228 73 60 36 291 262 57 330 154 215 100 387 329 
124 140 36 388 386 166 136 262 261 385 241 260 187 302 32 361 112 77 90 264 209 232 268 249 377 26 133 292 30 235 87 185 21 225 289 345 329 153 161 42 47 141 126 234 280 52 109 315 317 
125 144 246 327 321 151 262 226 127 412 70 376 200 251 218 209 263 129 368 205 247 266 23 344 11 167 172 19 
126 363 390 8 25 61 356 243 261 346 240 132 43 207 385 183 134 289 114 265 195 41 331 327 294 166 128 124 210 179 48 
127 291 178 120 289 21 246 316 135 317 24 265 212 342 125 353 51 395 308 94 282 396 46 210 32 196 279 214 325 400 232 391 228 335 216 63 330 365 251 372 306 340 241 287 133 389 270 348 277 191 288 368 77 343 
128 182 109 259 256 226 194 55 78 83 60 191 377 330 205 66 381 52 281 329 100 105 306 333 216 24 114 80 17 301 153 189 229 348 255 276 367 126 165 337 410 11 379 177 
129 275 302 105 160 303 381 51 184 239 308 383 170 41 247 182 351 245 235 119 214 62 296 7 24 125 174 285 29 234 236 198 206 390 317 40 176 99 251 398 298 
130 403 336 292 82 106 206 250 185 52 224 98 229 274 230 182 24 76 166 335 319 31 104 373 54 152 350 180 50 214 138 366 402 286 43 204 12 
131 28 79 39 158 354 77 17 175 229 271 48 349 61 195 3 104 328 24 89 238 324 108 140 41 18 9 49 96 302 42 263 342 189 1 153 392 10 157 97 200 167 58 94 100 139 241 
132 307 345 175 253 136 277 351 160 334 104 112 319 174 308 126 190 194 215 40 161 245 181 302 370 105 391 314 336 184 297 300 115 347 329 246 27 66 146 77 46 
133 256 276 10 178 34 107 288 323 311 343 135 38 403 221 356 88 360 337 366 333 298 61 53 317 111 287 158 263 211 258 124 220 308 402 292 142 94 29 118 408 127 9 65 354 278 249 353 396 119 
134 383 218 197 381 390 0 217 327 395 338 12 88 16 39 2 294 24 14 399 98 104 241 177 126 53 224 201 284 6 301 398 296 199 379 41 
135 258 266 78 340 233 339 103 257 20 10 133 353 127 142 278 55 372 68 109 254 101 24 174 152 273 200 168 6 358 87 282 347 197 46 16 28 157 159 208 396 276 378 106 370 110 
136 333 369 101 395 325 251 132 362 180 124 314 227 97 407 96 335 38 19 117 239 73 170 98 176 4 223 278 81 151 33 60 50 231 
137 16 21 409 161 96 141 72 188 8 239 362 121 115 175 314 280 391 171 408 336 51 209 62 387 79 111 374 196 393 140 
138 188 324 365 315 317 158 33 59 42 258 165 43 370 62 331 143 46 197 51 198 362 1 139 73 396 9 395 351 323 26 316 313 211 130 278 14 369 356 209 343 216 311 6 392 210 223 87 
139 291 200 337 247 110 206 60 353 178 330 296 70 213 310 26 237 101 381 76 249 340 278 138 78 140 256 294 157 166 185 72 289 216 103 367 254 261 11 242 177 131 
140 124 88 78 201 238 29 56 396 106 262 0 8 279 13 44 340 55 255 146 131 169 151 71 282 40 225 215 272 139 285 409 114 62 70 137 157 351 290 
141 154 383 27 0 162 345 49 137 208 181 407 389 68 354 37 180 329 214 164 206 301 322 182 295 63 175 104 271 231 69 259 297 249 368 76 28 279 204 111 124 343 358 285 269 109 256 207 3 250 
142 36 375 41 80 53 389 341 135 317 177 342 26 314 258 339 4 311 201 222 394 236 356 133 88 190 104 308 270 188 369 160 218 295 
143 297 110 266 10 310 67 138 295 198 278 176 71 385 53 201 342 263 189 57 366 288 349 183 
144 125 259 28 237 175 89 274 163 329 255 157 96 13 24 214 172 404 26 287 39 254 335 60 121 98 326 378 173 275 406 398 234 365 14 31 81 20 69 271 368 354 149 154 203 374 
145 45 32 210 404 278 363 53 225 197 223 356 113 380 226 386 155 177 318 281 148 288 204 359 326 257 71 255 312 212 69 393 272 195 283 271 317 108 209 
146 166 402 38 314 10 6 280 198 281 404 237 369 96 37 360 392 238 57 279 22 381 140 353 190 359 292 116 251 288 42 119 212 61 220 268 31 318 371 103 132 65 
147 387 215 118 374 325 315 115 9 95 403 247 361 85 319 286 24 79 231 148 36 395 3 149 337 409 89 359 296 39 389 23 372 272 38 28 71 46 261 273 
148 291 285 277 12 85 388 155 37 100 21 210 48 344 410 101 11 4 147 338 233 252 183 188 145 397 36 293 160 370 325 66 151 363 170 118 385 174 
149 278 204 79 300 58 361 206 80 388 84 230 83 91 219 2 147 59 203 387 187 102 360 107 272 346 167 115 333 95 283 170 384 5 94 365 197 144 23 161 
150 315 391 294 33 412 349 35 284 396 313 291 270 299 216 325 207 101 65 1 367 78 295 123 405 341 58 104 8 353 343 310 337 188 177 259 316 382 40 381 64 96 32 339 11 28 172 326 266 212 
151 88 13 106 85 26 360 211 367 187 247 125 322 193 310 256 390 116 404 140 306 94 384 113 305 111 334 284 148 136 336 298 295 348 339 
152 113 197 172 119 60 269 331 38 75 83 295 225 368 337 357 406 87 261 270 135 362 233 196 16 363 130 369 52 180 336 341 236 221 218 189 118 353 210 340 324 
153 0 195 367 81 409 373 351 22 323 307 9 233 108 208 310 366 257 334 20 89 381 73 85 68 213 404 385 346 128 371 113 353 274 61 410 131 262 267 5 124 39 317 305 47 120 304 384 13 406 
154 141 7 67 257 349 295 267 255 271 203 270 104 290 212 224 326 58 46 384 99 198 266 264 412 371 187 71 123 348 184 409 294 245 24 144 339 
155 113 4 8 101 280 380 328 259 156 332 383 148 12 104 80 201 145 189 272 231 162 318 92 387 20 52 230 410 294 121 205 238 93 340 172 194 200 77 181 305 
156 350 375 157 262 72 91 155 58 241 344 5 270 337 49 102 50 16 176 263 384 338 76 80 204 96 186 393 165 226 258 167 38 203 
157 2 62 120 337 177 220 156 282 113 65 384 144 327 383 213 299 105 274 55 46 181 266 94 93 76 232 346 306 167 214 405 314 139 259 10 135 410 269 277 336 131 158 364 261 228 166 1 366 326 286 3 140 
158 329 44 358 131 225 248 138 386 399 324 390 318 46 290 133 320 102 208 223 184 53 71 285 300 114 107 232 160 72 351 359 394 181 16 157 52 32 111 268 
159 341 301 298 366 179 210 265 257 109 33 65 31 84 387 217 359 93 378 113 333 368 404 135 367 280 42 178 52 303 243 225 14 
160 326 103 215 129 256 99 373 132 179 231 34 167 385 112 225 329 317 53 294 185 166 67 176 381 190 158 313 104 242 258 298 233 148 223 400 38 178 97 142 
161 321 357 281 337 331 368 137 2 104 58 319 211 383 7 267 264 207 289 5 356 132 362 10 45 60 388 222 213 239 397 377 399 330 260 26 80 61 124 223 325 30 340 234 305 346 62 309 182 344 149 
162 393 297 305 387 141 166 320 361 355 46 220 58 284 4 35 42 122 267 381 315 295 206 398 19 53 155 329 373 354 239 407 5 176 362 277 314 232 230 27 388 96 88 
163 319 12 69 281 350 195 291 56 164 144 306 265 192 19 189 201 228 120 270 21 365 406 43 48 93 116 70 62 180 233 296 112 194 49 114 227 22 72 
164 235 389 278 367 193 388 163 186 84 42 368 94 1 202 377 91 392 400 70 292 141 68 342 223 344 341 60 78 277 203 351 307 177 407 372 379 324 337 404 115 365 6 
165 239 57 196 332 12 53 195 111 271 87 51 138 8 47 116 107 181 104 397 281 353 171 398 4 183 64 98 156 335 300 128 306 381 396 370 105 178 356 354 
166 79 146 397 344 0 12 162 176 124 210 70 97 286 409 318 171 379 88 314 130 295 354 175 160 278 9 272 252 77 198 282 49 139 63 35 126 36 283 25 293 157 287 172 387 
167 206 97 303 265 194 282 71 176 299 48 14 96 254 244 57 160 321 110 52 101 112 28 340 349 207 220 157 380 395 324 298 149 39 204 46 178 131 268 125 293 156 364 241 37 274 
168 350 368 367 394 328 116 173 83 219 409 392 7 324 50 135 54 232 204 267 348 310 170 17 209 200 281 273 94 391 278 
169 393 243 24 35 89 31 46 348 208 65 213 251 99 300 327 319 290 106 72 25 318 378 70 140 53 91 64 237 218 295 120 329 16 27 333 265 275 222 259 36 
170 186 185 283 229 103 117 345 11 394 354 179 183 228 219 254 357 129 190 273 235 340 216 60 291 306 172 123 177 233 329 86 99 119 115 136 373 227 40 331 366 386 225 297 168 360 149 396 87 221 148 325 51 199 
171 248 66 191 206 114 68 194 20 19 95 174 361 166 305 240 266 252 341 357 342 99 225 208 137 165 369 100 319 326 247 375 13 233 259 2 285 31 56 
172 72 36 152 87 2 183 296 21 285 218 144 222 245 109 83 0 86 170 184 273 27 288 391 286 377 28 237 311 4 175 155 166 150 342 125 96 
173 14 227 351 283 302 306 168 386 366 224 287 45 411 378 10 174 82 218 5 278 178 144 231 219 407 24 327 15 360 406 
174 199 241 259 192 325 178 410 342 171 132 81 185 403 208 173 135 193 331 129 274 77 25 264 27 272 305 31 114 84 295 58 73 291 386 56 148 
175 7 63 61 10 387 20 53 405 144 132 260 389 131 8 355 192 76 189 229 350 330 344 373 166 137 385 190 207 5 141 97 77 110 15 16 172 202 107 1 91 258 213 
176 236 213 11 188 76 71 166 191 8 167 198 285 99 156 260 50 143 299 346 401 104 101 160 66 136 162 235 335 294 271 189 281 268 96 37 2 386 240 372 389 184 80 67 129 
177 273 157 349 384 226 234 275 82 190 57 119 19 142 365 402 118 1 145 35 371 351 134 327 223 369 170 150 34 8 292 342 367 66 12 164 329 268 107 311 309 2 228 128 139 265 374 343 341 396 
178 27 127 262 133 174 294 389 405 384 355 32 49 47 139 359 16 39 220 111 69 235 303 173 115 363 298 401 274 352 195 81 325 167 91 159 165 160 383 74 219 
179 239 306 358 159 378 76 18 170 350 304 160 385 206 186 73 46 199 314 181 189 13 60 103 231 403 185 255 285 341 373 323 270 315 302 280 260 342 126 190 184 
180 78 108 301 316 351 374 409 136 371 384 110 77 259 274 31 337 114 141 189 254 349 214 70 27 405 196 344 279 385 42 248 163 318 152 130 206 338 286 71 21 12 278 350 185 237 198 265 
181 235 95 93 96 97 272 324 23 292 32 404 89 230 141 6 305 41 165 10 157 315 179 21 132 386 200 67 115 383 94 61 52 46 349 158 81 42 17 40 155 380 291 
182 128 238 349 198 410 60 69 190 409 10 389 345 273 304 130 68 43 48 129 222 111 141 386 39 62 247 218 195 122 45 24 119 346 371 257 88 161 262 325 26 297 
183 247 354 172 375 366 11 54 22 122 370 170 280 31 343 409 364 25 184 126 207 148 404 74 258 407 323 81 165 204 287 334 389 196 234 106 337 103 55 194 143 
184 100 279 117 94 101 313 129 368 76 41 189 250 286 412 210 183 409 158 212 15 333 172 79 280 88 401 83 230 394 63 355 364 334 382 132 379 272 106 293 395 26 154 291 327 315 221 360 176 7 265 179 
185 170 111 369 74 242 207 130 319 356 231 236 226 230 62 376 174 215 121 160 383 40 124 367 382 359 179 277 139 399 32 324 110 95 180 186 43 23 208 
186 170 263 302 262 121 215 164 104 319 358 179 32 344 106 28 44 31 112 93 8 48 65 55 273 282 281 156 251 334 383 46 245 348 412 13 350 372 268 54 370 185 197 396 
187 318 5 151 240 241 124 77 50 43 308 249 245 325 224 119 262 40 16 320 304 102 48 149 154 46 36 327 83 237 
188 138 176 376 272 345 191 62 95 250 137 352 198 3 287 382 333 242 214 295 410 113 6 372 351 67 79 148 150 45 232 72 106 297 281 397 115 334 142 222 257 249 233 285 361 
189 109 377 96 70 216 347 233 13 344 25 313 382 163 320 410 184 225 211 281 79 17 248 175 180 63 235 155 179 305 234 197 128 260 336 131 299 176 224 143 297 340 119 346 20 116 152 204 39 35 262 1 315 
190 371 325 79 117 278 408 123 77 177 28 288 182 351 215 334 274 112 132 170 47 104 19 255 146 283 396 175 326 160 100 365 68 321 111 197 54 92 142 285 254 38 404 122 261 296 73 74 366 102 364 179 
191 393 295 297 171 188 346 176 47 199 128 57 119 344 72 17 390 383 77 108 22 317 210 238 200 212 360 34 220 271 261 221 286 231 301 253 401 334 304 396 94 42 239 358 43 114 250 381 241 229 70 315 82 127 
192 174 86 276 360 229 354 294 323 175 163 121 267 194 334 316 280 104 377 105 22 226 261 396 85 358 404 200 317 318 329 364 389 255 309 262 231 52 212 380 
193 164 313 338 410 27 48 54 391 404 37 248 12 227 151 322 220 297 291 403 384 328 396 367 200 82 89 174 300 304 308 36 210 385 8 23 214 
194 210 344 203 256 167 114 171 128 120 331 258 56 94 35 232 74 111 192 132 309 12 401 219 245 163 334 22 225 321 155 228 296 183 
195 153 7 322 165 163 286 5 6 401 131 66 250 71 362 126 209 100 110 352 234 182 215 311 178 386 51 246 224 145 83 271 
196 165 397 227 381 25 198 235 298 83 265 16 259 42 374 41 260 127 253 255 180 152 203 410 286 107 358 49 200 315 183 322 137 6 73 275 210 244 303 356 
197 58 55 134 152 52 262 198 361 145 332 111 56 71 320 252 225 138 303 189 337 364 17 67 190 135 294 398 344 75 257 45 230 377 10 333 378 227 149 218 186 302 94 226 
198 50 305 182 196 199 394 146 227 343 207 197 55 188 60 123 281 176 101 78 95 387 89 5 143 37 61 353 243 259 138 392 307 398 371 166 154 104 239 375 129 47 244 1 321 333 361 92 408 71 180 332 
199 174 393 212 342 198 376 107 45 111 115 191 36 300 16 225 263 383 351 179 204 364 58 52 239 61 400 254 365 301 230 20 387 59 333 6 297 110 202 334 112 242 368 134 247 251 276 170 29 41 
200 139 7 348 115 43 38 235 243 377 374 269 345 262 353 69 410 191 125 99 193 360 181 102 236 110 391 135 355 389 349 201 382 275 77 196 370 343 285 192 131 279 392 351 168 116 155 338 
201 340 372 29 110 140 329 343 81 34 399 50 246 361 284 163 22 155 403 208 69 82 243 142 107 87 255 251 203 365 227 143 324 200 134 92 318 381 356 327 350 120 335 96 261 275 382 278 
202 386 234 11 217 355 297 24 48 164 310 40 265 115 251 404 378 345 18 271 264 359 235 250 299 80 2 344 393 320 349 314 175 245 249 241 223 5 199 14 
203 221 274 194 107 277 29 320 235 7 352 205 154 41 370 292 89 72 384 248 288 225 390 75 43 149 201 84 382 196 367 114 213 164 395 340 215 115 10 375 0 21 87 218 156 144 209 
204 243 149 92 380 218 118 339 208 85 64 394 329 60 199 298 395 301 327 396 36 382 378 276 256 369 105 145 231 168 156 24 59 183 224 53 122 289 167 141 189 112 271 130 401 113 281 39 
205 251 44 231 17 264 341 80 203 30 405 128 313 365 360 103 354 101 343 35 246 28 87 391 57 269 125 361 23 375 155 8 386 14 51 291 22 
206 307 12 167 373 270 130 171 149 404 46 51 139 396 45 179 320 358 162 104 141 399 47 360 406 28 280 339 50 89 121 386 218 327 77 180 39 90 53 19 241 129 
207 346 89 21 79 35 185 68 86 394 198 288 261 32 111 289 150 110 22 119 402 296 62 126 161 399 317 183 34 175 11 95 167 8 309 253 268 211 48 238 70 330 272 344 239 276 141 
208 282 33 304 95 169 141 204 279 153 213 274 218 225 201 174 215 68 158 329 275 391 171 100 379 392 59 343 223 73 135 377 399 409 16 306 185 
209 39 114 410 366 318 381 105 340 314 7 121 244 273 124 250 34 125 119 195 259 312 47 232 137 12 6 351 328 355 274 261 168 356 69 138 145 203 
210 227 194 230 145 328 315 159 287 245 325 390 383 334 166 321 47 50 409 95 351 381 36 148 127 331 184 267 191 362 19 332 248 37 345 67 193 112 51 347 126 196 84 349 152 68 44 226 412 138 94 
211 104 367 151 317 331 288 161 375 4 189 292 102 133 109 304 114 372 36 15 341 333 389 251 66 122 207 369 138 96 56 88 359 100 105 28 247 
212 117 54 38 384 199 11 337 248 215 9 70 104 127 371 106 154 317 255 397 368 184 191 102 267 109 270 112 319 402 39 268 243 407 51 408 79 146 376 61 27 145 99 311 411 192 150 344 
213 320 176 336 315 377 123 285 10 169 208 12 157 31 305 139 402 363 153 161 24 345 53 203 94 230 310 2 81 399 276 277 112 175 
214 57 221 401 36 112 393 99 45 40 144 81 31 249 218 141 314 402 240 42 127 188 289 180 230 62 7 129 22 257 61 157 308 283 102 50 130 396 394 304 263 247 193 380 404 51 29 26 59 
215 15 147 55 266 339 160 81 95 106 186 212 409 190 79 412 271 407 132 83 185 386 336 208 330 262 50 140 268 16 304 195 43 68 292 276 238 203 61 39 119 31 123 107 223 247 392 
216 296 287 400 9 87 189 242 311 300 150 55 361 402 386 66 334 302 7 239 128 170 246 367 233 99 75 127 249 401 93 78 241 139 121 24 412 331 44 8 138 410 119 68 335 
217 26 328 279 61 134 22 202 257 79 234 21 2 307 32 309 325 260 280 159 270 374 120 346 400 265 81 395 255 383 388 109 237 122 372 84 375 56 80 44 111 249 95 352 243 40 49 
218 319 134 260 380 204 94 276 106 172 21 234 48 208 241 214 376 347 125 67 173 282 2 169 182 105 206 152 334 203 408 8 197 142 257 369 78 
219 25 292 1 102 168 23 237 170 391 71 394 85 263 389 322 370 290 194 149 10 21 101 99 8 95 73 173 303 291 6 89 88 393 386 282 256 178 83 
220 55 221 358 157 240 162 223 395 28 73 193 48 178 111 112 393 167 133 381 191 146 368 357 264 117 90 31 74 351 23 
221 203 220 214 343 317 133 239 65 7 61 376 325 273 84 284 78 244 275 74 347 58 323 351 191 247 33 118 392 348 152 170 184 62 47 
222 406 31 33 335 108 312 298 403 257 172 66 13 272 27 268 295 332 182 256 396 270 161 65 227 85 142 36 310 239 56 17 232 81 386 169 188 112 300 106 
223 317 355 85 7 100 252 45 21 348 6 94 244 220 380 298 145 113 390 305 158 164 350 67 177 31 72 283 326 399 10 336 29 208 304 136 352 87 339 32 161 160 202 215 338 316 138 285 
224 350 84 242 28 130 244 173 80 369 154 312 373 378 187 267 311 23 134 349 361 366 118 269 204 353 274 283 189 412 367 195 26 66 347 70 
225 300 247 158 54 384 312 282 104 145 199 189 71 160 305 208 152 333 46 343 340 197 203 81 374 171 33 249 262 140 51 124 85 242 26 170 397 194 53 103 0 50 386 159 
226 245 177 281 102 128 125 396 318 390 69 397 185 276 145 410 110 49 45 13 373 118 325 60 406 31 192 73 323 254 283 233 282 300 156 394 14 210 68 197 
227 210 196 173 369 70 293 198 300 393 7 193 120 36 24 136 298 101 91 301 244 321 394 311 391 11 222 327 201 170 106 238 68 29 371 163 411 119 326 363 197 54 
228 51 322 104 366 232 412 79 370 396 170 87 163 274 238 85 385 394 265 127 314 123 352 245 36 258 388 97 27 7 284 298 246 157 93 177 293 194 339 295 
229 103 317 68 170 283 304 410 192 131 130 34 175 390 396 41 105 384 2 337 239 363 29 128 264 69 290 230 389 100 318 191 366 91 343 286 84 
230 314 67 210 104 23 393 289 369 302 277 261 306 149 181 356 130 30 396 185 259 371 98 214 316 364 103 184 412 38 199 155 255 213 197 229 8 79 353 162 29 401 379 
231 15 267 327 205 66 235 47 325 38 342 160 367 296 185 319 85 70 147 256 59 13 368 155 350 51 35 179 204 75 141 310 173 191 259 5 58 262 257 120 381 101 321 323 4 398 192 136 7 118 348 68 
232 233 373 342 398 228 390 236 376 194 108 244 47 124 127 157 255 239 55 381 158 188 16 78 209 168 222 369 59 293 162 356 353 110 
233 254 232 326 135 373 189 19 114 11 350 153 354 265 359 69 330 367 21 55 216 148 170 9 152 264 111 97 306 163 285 226 160 171 410 70 75 253 188 
234 295 202 177 273 279 217 384 405 218 353 278 358 39 189 55 73 246 320 81 195 322 399 367 101 299 48 119 129 144 183 82 338 124 370 161 335 64 110 387 47 
235 181 164 271 21 385 196 231 273 200 342 203 336 390 22 247 266 73 170 361 386 189 357 320 304 295 114 129 284 327 340 263 48 383 178 307 124 202 274 337 83 14 121 335 292 10 41 176 54 298 343 333 108 18 
236 176 238 371 21 14 52 121 232 39 362 185 8 299 317 20 10 42 87 295 369 200 340 241 112 101 376 347 65 383 142 348 273 256 403 380 22 129 68 152 247 406 75 316 251 
237 71 22 354 275 144 411 267 317 392 40 104 62 146 219 114 4 59 294 352 341 98 139 169 262 19 315 217 46 107 172 65 69 311 409 338 180 187 
238 298 358 182 236 140 118 261 90 43 243 350 334 278 146 279 252 397 228 264 131 191 322 411 98 95 296 305 94 99 263 58 286 215 295 26 227 59 367 311 207 155 102 259 270 
239 165 112 179 49 397 297 314 129 110 137 221 6 32 242 62 290 216 404 199 249 232 136 306 348 384 69 162 229 222 161 198 96 336 370 191 317 100 254 207 35 299 295 
240 345 347 332 220 29 187 1 322 315 24 93 283 126 366 171 46 214 371 70 355 343 65 404 56 91 337 360 277 320 73 13 176 288 411 
241 174 12 23 286 187 39 156 124 218 327 69 134 396 349 342 90 236 76 14 82 276 409 2 216 107 127 245 247 202 324 206 104 84 191 325 167 131 
242 399 118 185 333 224 216 303 20 239 105 188 11 374 108 36 13 106 101 325 160 389 104 1 225 321 382 110 387 262 405 139 199 26 
243 204 264 387 59 303 22 169 36 103 17 412 126 238 200 279 287 332 33 76 201 198 345 118 117 108 212 305 20 80 249 260 41 116 298 104 380 2 297 217 159 122 340 
244 106 80 22 362 223 316 324 224 40 9 104 167 97 232 289 209 17 71 263 319 221 119 112 282 227 2 328 394 345 11 103 265 83 361 69 378 75 198 275 196 21 34 322 262 365 
245 12 226 34 50 210 387 117 110 392 334 295 379 187 172 248 308 52 132 32 129 40 371 228 64 319 332 194 241 374 407 202 186 63 73 307 353 154 264 263 
246 125 81 116 115 393 325 127 201 268 52 349 396 55 303 288 109 403 273 216 24 205 271 314 283 234 295 360 354 18 228 61 195 391 132 292 19 66 70 
247 225 328 338 364 183 46 139 151 147 6 111 309 265 258 235 0 369 129 327 321 318 31 38 331 252 375 29 389 125 182 255 221 171 347 241 324 236 336 214 215 403 41 199 211 
248 63 11 321 171 1 354 398 356 158 346 212 193 336 58 305 93 259 255 19 189 245 372 73 203 342 344 29 113 337 27 210 46 112 51 180 85 77 382 311 94 374 373 367 274 31 24 66 
249 335 303 6 214 69 31 187 343 340 296 66 124 412 239 56 139 20 225 345 216 368 408 251 266 243 141 307 202 217 133 353 188 382 59 274 51 96 394 
250 55 109 10 46 130 188 251 195 184 54 393 270 106 409 288 209 2 121 61 202 398 120 35 373 364 28 48 313 191 285 372 406 11 141 
251 255 205 60 41 136 390 337 19 5 250 296 169 412 110 317 321 25 264 202 125 119 383 121 201 409 356 98 146 127 249 291 304 211 72 186 73 411 89 368 309 236 199 21 81 129 363 
252 341 399 223 0 349 392 374 5 93 319 301 49 378 238 327 171 197 353 283 2 148 247 166 30 266 309 276 285 121 23 367 106 268 291 10 377 264 332 61 110 
253 353 372 132 115 47 376 257 321 86 54 196 95 313 21 61 207 53 365 87 191 264 409 20 285 233 85 314 52 333 
254 233 358 55 91 52 297 359 20 51 279 167 41 170 313 50 109 353 275 362 144 180 135 316 284 107 199 44 382 343 226 397 405 22 26 190 19 360 239 139 30 338 327 2 96 49 
255 251 272 308 365 287 336 323 53 297 144 154 403 248 96 2 309 140 47 212 86 190 410 26 196 376 377 201 232 296 58 217 83 292 51 286 128 145 247 179 41 344 230 265 192 120 17 64 0 39 
256 133 116 333 160 194 128 120 82 10 381 107 269 60 151 3 5 231 204 366 222 24 343 350 306 84 271 139 355 325 372 310 236 293 83 299 113 43 106 141 219 
257 115 100 21 313 305 135 398 369 403 154 57 217 159 282 41 60 222 75 314 74 253 153 373 336 346 406 357 296 30 92 19 214 145 120 262 12 392 4 372 395 231 197 85 182 188 316 274 218 
258 135 118 291 368 8 4 322 86 138 194 247 14 115 142 50 22 361 133 183 228 160 389 315 404 330 156 318 81 109 278 175 354 15 285 
259 174 144 128 324 105 77 155 15 180 248 287 196 21 121 230 273 389 306 53 62 198 347 411 7 402 48 50 350 209 279 90 150 157 404 284 141 372 231 374 169 171 64 81 91 238 382 39 396 
260 218 20 86 36 2 316 175 21 325 404 46 261 14 369 352 340 124 411 278 320 196 217 335 10 309 176 35 349 189 375 243 161 52 330 379 121 33 179 
261 67 4 117 238 260 230 264 207 124 126 400 284 122 349 328 314 152 404 112 64 352 191 291 386 192 209 97 157 139 190 300 342 347 201 280 147 93 
262 178 10 45 186 116 156 197 125 124 267 342 39 140 299 22 5 200 324 390 113 187 24 215 225 40 82 15 237 257 153 123 339 231 242 192 370 381 368 36 182 189 367 6 38 244 
263 271 186 75 49 119 73 115 80 7 280 199 296 15 343 244 387 392 133 156 219 327 81 22 235 125 382 35 396 323 131 238 384 333 143 64 377 50 36 72 37 214 62 276 245 400 
264 243 401 14 205 261 338 121 372 281 310 124 120 161 40 324 41 238 251 24 93 202 233 47 292 76 229 26 174 154 112 253 375 326 358 220 410 21 245 371 252 23 91 
265 112 167 335 159 107 116 196 163 127 233 247 353 202 228 126 217 44 14 244 20 255 57 169 8 404 383 177 180 184 
266 57 135 215 319 286 143 316 335 15 357 287 9 98 45 36 44 235 171 58 157 299 318 108 50 285 252 79 125 7 154 249 364 394 392 371 59 150 
267 231 116 297 29 86 237 106 118 154 339 349 262 319 28 162 39 192 17 161 210 394 9 212 224 14 318 301 100 312 168 288 307 153 390 96 53 5 377 283 304 363 330 
268 118 311 58 272 371 300 246 386 60 330 314 124 222 5 385 66 368 212 374 215 16 28 207 27 146 176 177 252 167 296 323 412 288 401 186 366 158 
269 107 374 34 101 152 284 273 200 349 256 88 102 339 293 311 85 351 281 383 205 16 224 60 157 363 42 344 141 301 
270 342 206 8 383 326 150 355 91 365 299 410 154 156 24 163 284 250 20 408 70 346 152 217 212 222 60 33 339 30 348 179 142 83 127 375 238 
271 82 263 235 35 79 165 15 282 391 131 310 154 50 386 215 321 2 290 381 246 335 307 40 361 123 371 202 272 85 404 26 141 256 191 102 398 176 324 327 204 144 145 84 297 195 
272 330 255 105 268 117 181 362 188 353 373 76 92 39 6 222 318 155 166 396 29 271 12 301 140 174 184 149 84 95 145 207 277 147 13 284 408 45 16 402 
273 18 177 70 89 234 12 235 269 182 356 68 221 2 170 209 366 246 259 393 326 354 73 135 172 401 332 120 186 280 362 376 236 63 109 35 121 168 10 353 147 60 281 
274 323 305 308 203 28 144 376 121 130 180 190 157 46 228 208 47 411 375 97 52 333 87 296 35 282 295 25 378 235 174 153 303 284 107 224 178 23 390 209 382 248 249 111 45 257 167 
275 129 237 177 280 346 304 354 254 398 221 208 352 97 277 353 99 380 344 362 305 318 200 144 374 333 400 42 169 24 196 48 244 112 201 
276 133 318 192 32 218 119 67 385 286 279 321 342 356 226 76 22 391 204 1 64 338 58 374 241 252 322 346 115 370 398 128 92 16 215 135 213 337 310 73 207 263 65 72 199 
277 403 73 286 25 132 230 281 148 297 106 203 24 88 71 82 275 350 405 29 117 164 352 185 157 17 162 240 272 26 213 336 302 127 296 
278 282 149 164 363 344 190 145 135 62 312 50 121 238 234 260 287 402 143 70 166 346 75 139 173 373 321 52 136 3 316 138 133 73 300 180 65 9 258 168 201 
279 380 332 184 217 305 410 285 234 348 43 208 40 347 276 243 254 140 22 146 238 72 127 104 388 312 397 280 70 304 180 10 259 381 112 315 141 31 18 14 341 39 200 117 95 
280 309 5 88 412 155 275 146 45 263 183 70 329 338 3 107 192 217 356 313 137 184 206 116 279 369 389 385 273 96 392 35 72 325 124 314 308 303 95 159 179 79 261 
281 390 73 42 106 287 161 163 301 226 285 277 146 189 76 198 406 264 128 351 6 372 382 65 96 11 364 269 145 165 411 43 80 49 186 188 311 176 41 356 85 86 61 371 168 48 204 360 410 273 
282 278 44 208 35 369 43 394 296 157 374 407 167 395 18 271 307 317 225 283 299 257 113 127 88 244 328 274 140 218 135 52 294 186 166 342 9 226 410 22 352 386 325 0 112 219 65 
283 411 327 89 170 173 405 401 229 95 303 91 282 299 314 42 386 34 78 240 375 313 341 190 252 1 35 374 246 223 389 6 214 87 293 367 322 333 318 358 342 226 224 166 149 145 3 326 311 312 291 267 338 329 
284 333 23 374 150 269 44 363 162 401 201 42 319 352 293 261 46 346 303 221 270 59 97 235 254 300 330 36 321 259 274 380 396 228 134 151 106 272 
285 317 53 358 378 148 50 281 279 47 213 34 299 51 172 394 396 404 22 176 15 287 59 112 158 266 385 315 129 179 140 49 252 233 43 88 367 331 190 200 342 303 410 372 253 408 141 250 345 171 188 258 223 
286 27 369 38 277 266 6 195 55 241 14 23 25 102 379 45 293 73 13 276 166 336 98 184 35 57 147 372 383 356 348 406 347 120 255 196 238 191 364 172 374 399 289 180 118 130 157 95 229 
287 281 255 353 216 210 266 383 173 112 188 259 311 243 290 1 16 144 367 345 133 278 46 385 395 115 394 285 398 364 304 49 370 371 80 183 13 127 321 306 166 341 309 44 5 
288 133 325 99 211 190 64 207 408 16 106 332 27 246 76 80 29 250 395 41 203 341 71 13 145 394 146 56 172 353 115 267 356 349 143 345 59 268 240 309 382 127 111 
289 80 89 363 127 348 230 318 304 314 207 244 161 294 326 214 17 366 312 6 126 105 391 124 12 204 286 139 386 74 382 11 389 47 403 34 298 66 
290 357 347 24 378 325 313 73 158 169 154 287 361 239 271 219 410 368 405 229 68 356 18 299 140 
291 139 127 110 8 258 31 41 148 13 163 394 367 303 101 150 348 302 326 410 193 342 11 307 353 355 170 364 328 58 52 6 261 337 251 30 123 32 79 252 219 184 78 73 283 205 392 347 174 181 
292 0 399 130 219 360 301 181 401 6 211 54 164 203 146 72 53 124 255 357 327 264 305 405 177 328 364 235 133 215 391 71 99 395 407 95 374 101 337 246 334 409 13 382 113 
293 48 337 227 338 93 76 392 34 284 286 49 406 340 120 44 380 396 269 72 398 113 283 84 184 256 148 45 41 166 232 311 167 303 228 33 366 
294 348 75 150 178 96 3 192 100 390 27 105 42 134 111 237 289 407 91 160 361 68 391 14 395 302 397 343 282 139 126 400 197 409 20 176 155 113 154 52 341 115 121 37 393 
295 50 355 234 191 305 316 52 154 18 12 245 150 152 162 37 338 143 310 166 222 188 236 235 309 274 141 107 90 246 359 169 104 238 397 399 402 335 28 174 151 228 377 239 142 
296 14 216 109 307 282 13 79 172 7 5 231 251 263 207 315 139 368 249 257 47 6 274 374 25 301 238 359 255 129 147 8 70 333 298 163 404 268 59 134 190 277 194 73 
297 143 162 267 10 239 191 387 277 255 254 202 113 71 373 407 120 51 83 193 32 52 331 369 106 391 100 188 35 132 141 25 46 189 411 170 199 67 271 243 393 182 
298 238 159 64 374 119 106 196 396 105 79 222 223 227 133 204 318 301 387 94 58 302 11 411 45 392 178 160 296 167 235 228 115 100 114 243 38 9 376 151 289 311 129 
299 357 112 303 10 305 102 400 285 270 283 150 282 167 262 332 157 409 236 39 398 266 123 176 105 113 7 4 25 234 202 189 406 256 56 340 330 375 121 290 310 239 107 
300 225 16 305 350 149 268 393 227 216 199 36 331 169 75 51 50 93 301 98 372 308 385 371 158 345 193 386 312 284 314 65 337 132 113 378 165 95 226 376 120 261 278 118 222 320 
301 75 159 180 281 292 117 334 49 407 252 307 37 313 66 380 300 204 227 298 87 296 141 128 272 267 199 343 378 332 191 348 134 269 46 92 101 
302 53 386 186 129 173 230 368 399 291 124 334 358 216 95 132 351 298 131 61 294 307 6 32 115 179 321 360 277 84 3 197 385 101 
303 402 88 249 107 299 243 167 47 96 129 291 283 246 242 284 410 19 366 323 113 387 197 178 64 274 102 16 219 285 357 280 293 353 392 196 159 17 
304 396 59 371 208 229 335 179 289 362 91 275 182 10 41 211 235 23 409 313 380 279 287 400 193 187 12 223 215 251 4 66 191 214 153 80 267 
305 274 353 198 162 360 257 300 295 3 279 299 86 181 248 225 171 213 223 189 381 358 73 345 238 275 292 323 243 33 151 174 13 406 153 161 0 382 21 410 402 342 155 
306 372 71 18 179 97 51 173 163 326 230 113 333 104 15 392 128 259 151 399 170 4 239 256 157 32 233 127 34 287 165 77 208 11 
307 132 206 296 388 351 26 38 119 346 153 282 217 301 291 36 344 13 63 271 198 75 94 235 366 323 410 80 370 302 164 267 99 326 407 249 245 383 
308 81 255 274 74 44 412 343 129 406 132 3 187 127 123 245 389 350 300 317 133 370 214 115 8 29 193 47 27 45 334 97 142 280 378 326 
309 280 6 98 68 121 360 28 247 119 116 255 217 194 383 103 260 295 46 387 27 337 207 252 408 347 44 390 110 52 338 388 329 64 177 363 372 192 33 374 287 251 161 288 91 
310 313 109 316 318 389 368 271 143 99 93 153 151 312 264 202 311 295 139 81 327 150 335 407 27 222 88 339 13 346 256 231 78 168 322 77 213 85 276 65 299 
311 268 25 95 11 133 87 393 2 88 100 216 382 80 287 29 354 310 63 269 142 227 224 357 324 62 65 368 73 248 195 281 172 237 238 177 293 212 319 283 76 138 20 360 298 
312 334 351 358 108 7 373 222 73 225 12 45 368 278 310 366 8 224 32 313 343 279 38 289 381 79 117 209 267 300 42 145 375 1 332 283 19 367 
313 42 310 102 193 257 11 391 50 340 150 184 98 290 189 54 335 85 254 322 205 22 301 283 312 46 87 321 253 67 280 304 115 401 404 160 375 138 327 73 250 72 384 323 
314 230 146 41 209 239 136 289 283 90 257 397 142 214 268 166 179 261 95 26 45 246 137 85 228 67 372 157 132 75 300 382 346 70 162 202 320 280 107 58 253 81 361 
315 73 150 147 78 213 138 210 109 333 346 240 296 162 105 94 181 387 411 401 325 95 377 344 285 237 102 354 403 331 364 196 279 318 122 179 406 374 25 258 45 184 26 191 124 368 189 23 
316 23 382 57 49 332 180 17 310 338 260 353 295 266 127 244 335 106 401 45 192 97 367 389 230 96 254 120 324 150 37 326 138 122 278 69 28 82 236 99 257 223 336 98 8 
317 285 223 66 229 5 398 138 221 211 395 237 127 142 282 33 370 378 236 160 212 251 133 191 401 207 67 331 308 34 354 14 326 28 105 71 82 153 192 390 239 96 322 145 129 39 124 
318 332 15 410 23 276 370 365 187 64 310 209 289 80 59 48 158 226 382 166 169 298 272 145 38 19 247 266 96 113 344 155 267 275 324 283 31 75 201 315 180 411 86 70 192 56 229 69 146 258 90 341 
319 218 163 4 266 161 408 46 2 185 398 10 186 284 267 132 147 252 169 231 244 5 371 59 359 130 34 212 76 386 379 403 245 334 52 122 349 171 70 23 311 29 82 110 406 
320 213 59 390 112 74 68 162 323 337 203 189 206 90 360 197 260 158 235 373 322 398 234 54 333 376 187 16 372 93 383 202 314 338 240 47 300 
321 161 248 125 92 49 72 362 331 210 31 276 11 9 271 167 253 251 313 82 89 227 247 33 67 190 70 278 339 13 86 48 284 242 287 198 194 302 231 114 341 29 
322 329 85 228 195 108 68 151 350 240 258 90 37 323 371 388 193 71 0 23 367 95 313 82 77 328 238 46 219 33 141 320 234 276 283 310 47 99 196 317 48 406 244 86 392 89 
323 274 373 133 255 153 51 325 320 192 322 71 42 23 303 359 90 55 329 183 221 387 305 307 263 342 226 346 0 179 138 334 268 231 74 313 101 
324 78 138 259 181 331 34 349 72 158 83 377 10 244 99 122 353 89 262 264 40 131 46 380 16 94 168 90 311 387 96 201 318 316 167 362 271 363 164 400 247 241 185 409 329 59 401 152 
325 190 147 119 174 136 288 246 260 210 323 231 290 150 221 187 392 76 217 357 127 390 329 226 315 256 242 280 409 178 161 148 65 282 241 404 170 182 388 398 
326 233 160 333 355 337 338 270 409 306 374 363 291 385 39 10 289 50 273 63 343 154 190 59 223 402 144 76 145 317 366 2 3 171 316 307 264 373 332 283 227 157 348 51 308 5 69 150 
327 283 231 125 65 134 157 169 45 346 247 58 252 204 241 263 86 310 38 235 0 177 63 227 329 292 126 47 369 368 52 358 344 404 313 206 64 271 201 173 117 184 187 354 14 254 4 99 409 
328 247 373 376 217 210 353 363 168 155 60 1 103 354 54 131 39 56 193 322 77 261 282 379 244 291 331 10 87 58 292 399 29 209 2 339 350 122 59 
329 54 322 158 201 81 74 144 12 204 280 128 160 344 141 61 78 208 4 7 325 65 323 162 170 327 408 337 334 169 35 177 124 309 331 192 1 132 324 123 283 377 
330 272 342 13 357 61 411 30 128 34 268 139 175 233 54 2 102 215 74 384 70 372 373 127 284 32 161 44 123 336 381 68 207 260 299 53 258 117 405 353 267 388 
331 29 77 161 73 324 384 403 343 211 194 321 114 152 45 300 113 138 84 340 115 210 47 297 375 106 317 247 328 126 174 79 5 74 90 400 170 342 315 92 107 285 329 358 216 398 
332 318 165 316 353 279 87 240 86 376 155 388 197 299 288 243 222 393 210 341 412 118 273 245 301 15 72 90 326 312 106 252 75 33 198 
333 284 84 136 326 242 83 256 77 315 12 355 118 133 306 354 334 30 188 128 43 58 102 274 225 55 184 64 320 283 211 159 41 408 399 263 275 296 346 169 199 149 356 0 235 1 198 197 405 393 253 
334 79 312 388 42 100 301 394 210 74 132 238 190 380 65 245 302 333 153 216 192 8 31 86 60 329 94 319 184 399 183 191 308 186 151 194 402 188 218 387 323 103 199 344 292 26 340 73 
335 249 370 103 118 381 383 265 266 394 82 304 222 338 342 316 313 136 396 260 130 271 59 144 127 310 387 235 176 17 75 165 295 407 96 18 201 234 216 
336 130 213 255 407 6 248 113 235 31 97 286 257 15 381 215 380 90 137 89 394 43 223 132 189 391 239 359 157 361 330 152 247 40 277 151 377 316 
337 69 157 293 161 326 85 139 212 251 320 116 9 133 180 156 152 111 378 91 385 248 343 150 147 27 309 197 229 81 235 8 329 291 300 394 240 26 381 396 164 128 183 276 384 292 379 
338 60 403 247 85 316 193 326 293 335 134 409 52 264 2 393 364 280 92 295 148 276 12 156 29 341 101 118 309 33 234 180 69 113 320 237 115 254 114 223 402 283 200 
339 82 78 70 215 91 135 4 408 392 267 204 371 90 269 142 39 376 206 270 310 321 74 223 54 262 15 114 389 328 150 382 368 228 151 26 384 364 35 154 
340 116 98 201 135 15 30 313 209 365 260 56 113 27 293 405 249 140 331 170 225 167 97 235 118 122 139 21 236 393 51 18 108 408 54 6 127 59 203 189 75 65 161 299 37 155 100 89 152 334 2 243 
341 252 22 159 108 44 205 142 371 394 359 59 378 368 69 150 353 237 283 385 171 332 18 349 288 370 164 338 83 1 211 179 383 80 48 373 152 279 287 406 321 318 294 177 
342 270 389 14 330 199 232 12 335 231 262 235 174 127 377 20 276 362 142 291 71 89 110 248 164 406 37 353 241 171 22 64 109 78 119 177 26 131 143 282 323 6 283 331 405 382 29 108 2 285 118 400 32 5 404 60 261 305 172 179 
343 49 366 221 201 53 133 331 68 106 198 382 375 308 61 1 183 47 116 263 249 401 205 312 225 326 150 0 337 256 120 294 240 301 208 4 254 346 75 200 37 141 235 364 138 20 63 177 127 229 
344 166 32 278 194 404 370 392 189 84 156 106 191 7 394 329 13 412 175 148 113 94 377 307 186 248 408 164 180 38 318 366 115 275 76 315 61 327 197 255 202 125 207 96 269 72 334 353 161 362 212 
345 132 4 383 390 369 403 141 240 188 170 102 385 361 40 50 182 200 287 99 243 392 202 305 300 398 249 104 213 244 210 124 77 60 29 374 288 285 49 
346 5 207 384 381 24 248 315 191 42 307 50 401 404 121 275 126 38 394 284 257 327 380 92 107 278 270 176 157 27 217 153 41 276 6 310 58 323 343 403 149 314 333 182 189 362 96 99 161 4 118 
347 362 358 290 122 240 189 117 279 73 7 88 386 92 218 113 259 105 403 286 357 221 236 135 309 396 247 108 121 400 210 132 224 261 291 406 89 
348 294 200 47 289 223 169 291 279 85 33 372 286 112 397 79 100 0 394 239 128 168 71 72 393 91 236 270 301 221 154 186 48 127 101 326 151 231 
349 54 177 182 150 25 373 252 154 324 267 246 88 131 269 86 30 261 180 353 356 241 89 341 364 167 260 21 381 200 378 224 406 319 363 181 288 202 45 210 61 121 143 374 110 
350 351 168 156 224 163 300 110 122 322 36 179 95 233 112 14 238 175 308 66 223 277 231 256 259 2 119 130 4 407 113 328 37 31 201 186 375 180 109 12 13 27 
351 350 359 312 180 116 173 153 307 132 190 95 115 210 4 199 281 54 376 26 129 177 45 269 302 188 40 221 164 138 8 158 209 200 39 220 140 
352 407 39 50 106 388 69 284 260 188 370 203 87 80 237 42 410 275 115 10 53 228 195 261 355 223 277 121 363 178 13 75 88 399 282 373 217 412 409 
353 376 305 253 332 287 328 316 135 272 118 84 90 139 127 400 324 234 101 265 200 341 0 388 254 291 349 146 198 252 342 37 150 275 393 85 165 355 153 288 409 224 52 366 396 230 245 249 133 152 392 303 232 273 344 330 
354 237 131 248 183 109 192 170 82 233 328 333 275 311 141 62 205 383 50 166 273 122 393 358 113 105 317 162 246 315 399 133 64 327 55 144 258 31 165 
355 223 73 295 365 94 326 81 87 175 162 202 270 178 44 28 396 333 117 366 291 369 200 70 122 368 387 37 240 353 50 62 63 352 360 256 80 184 24 88 209 89 106 377 13 100 384 403 21 357 
356 69 248 19 126 133 373 185 230 22 273 54 145 276 399 65 118 16 370 286 161 349 121 385 280 14 113 251 142 288 290 201 66 92 112 281 114 333 209 232 138 165 2 196 
357 290 299 28 161 330 358 266 378 170 96 94 152 325 111 235 257 171 311 347 292 77 122 396 220 95 366 303 61 71 355 
358 362 238 404 347 220 312 285 254 158 179 61 357 383 186 302 18 206 234 368 114 94 305 354 24 135 22 53 196 398 283 327 16 192 331 13 191 264 380 141 43 9 
359 53 381 351 397 64 42 123 254 6 341 22 52 233 401 178 34 81 323 122 104 319 146 296 159 35 202 147 295 44 145 185 91 336 158 43 70 59 39 211 404 
360 151 305 292 192 374 133 309 85 146 36 112 320 205 382 206 200 191 80 19 246 355 57 45 149 15 240 69 403 0 389 11 254 398 385 170 173 302 184 281 311 
361 408 68 162 388 149 201 345 197 4 383 147 36 216 171 124 290 235 368 122 294 258 271 394 40 370 205 224 386 244 120 30 336 63 27 99 198 17 47 1 18 398 188 314 
362 358 96 347 272 365 244 136 119 321 304 368 137 236 342 385 254 120 210 59 195 161 91 390 121 138 57 70 152 275 273 407 110 162 324 113 346 408 370 15 22 344 
363 278 126 289 110 328 284 122 145 326 86 213 50 18 54 84 229 152 178 349 406 352 324 408 269 72 376 309 148 227 267 251 
364 41 54 247 14 109 17 338 183 385 199 291 281 32 93 349 287 78 16 230 197 87 292 184 286 315 376 250 157 266 192 343 167 339 60 399 190 
365 355 255 138 318 362 367 340 270 88 177 17 205 38 163 11 190 199 201 127 391 253 69 144 118 93 120 385 59 149 398 164 39 244 54 
366 343 17 159 110 31 58 228 209 183 173 133 153 312 1 240 355 273 303 289 256 116 40 344 24 411 307 34 30 326 224 37 170 143 353 130 357 98 157 229 268 190 293 
367 407 164 31 153 211 168 151 408 291 365 231 3 122 94 150 322 287 117 233 193 216 316 396 387 26 203 185 234 283 93 177 252 285 128 159 238 224 248 139 262 312 
368 168 386 161 258 27 302 310 120 184 164 312 362 341 85 16 296 118 152 109 388 101 358 361 212 86 10 43 231 122 355 125 63 249 76 268 311 327 290 45 159 398 141 220 339 251 69 144 262 199 127 6 24 315 
369 286 185 136 282 2 345 227 51 230 401 257 260 411 146 374 11 224 247 63 76 355 236 297 177 280 204 171 327 152 211 232 85 102 14 138 96 31 395 92 142 218 
370 335 318 400 410 344 228 183 352 317 138 203 356 68 219 132 88 341 48 361 308 387 70 307 276 287 200 53 239 120 148 234 165 0 135 262 391 362 186 
371 406 190 103 268 236 304 70 341 180 322 26 212 49 339 230 319 177 300 64 271 240 245 115 153 198 93 287 63 13 85 154 182 17 227 376 264 411 146 281 266 
372 306 28 96 201 253 34 398 22 77 102 264 397 135 25 286 348 281 248 300 50 188 117 330 314 81 58 55 211 18 385 256 217 127 87 320 259 8 164 257 147 285 79 309 186 250 384 15 176 386 
373 328 206 232 323 153 233 349 160 376 312 272 407 66 356 297 377 110 257 224 83 175 320 226 378 96 162 408 383 330 278 130 170 179 5 250 341 248 326 352 101 
374 38 147 380 34 269 180 298 86 284 282 1 360 37 200 252 326 369 391 394 196 105 101 242 296 225 217 283 276 57 268 78 87 19 275 286 259 248 315 245 137 12 345 292 52 309 349 35 177 39 144 
375 115 142 119 12 65 156 183 211 343 382 23 283 400 52 274 395 60 331 247 376 313 260 205 74 217 198 171 264 312 203 84 0 299 350 270 25 
376 353 328 91 188 51 199 3 373 274 332 86 232 106 410 221 253 82 2 26 351 185 125 218 103 255 36 339 375 33 320 236 273 388 58 364 212 43 363 371 300 298 
377 81 189 51 409 66 102 213 324 200 164 342 128 387 373 344 255 124 192 392 315 161 96 101 263 388 172 401 37 120 355 197 208 252 267 407 60 295 336 380 329 
378 405 120 285 179 22 0 290 407 57 37 357 110 341 317 173 169 252 8 101 224 55 406 337 202 204 274 373 91 349 144 159 301 66 32 300 244 98 25 135 308 197 399 122 
379 32 117 84 404 53 286 60 245 166 92 94 328 208 319 406 184 122 109 164 51 260 128 134 337 230 
380 204 279 218 374 80 155 223 0 48 334 123 4 145 301 293 346 336 324 76 96 275 304 407 44 88 81 167 408 7 14 236 284 65 358 396 243 47 214 192 181 377 33 
381 42 359 121 134 196 346 335 209 129 106 12 79 32 256 210 28 104 128 162 146 153 271 336 305 139 160 232 312 8 349 220 108 279 401 111 14 150 412 337 330 201 231 165 60 191 262 
382 50 122 316 117 392 311 25 343 189 375 318 188 281 8 360 204 87 34 263 203 254 185 200 150 248 184 342 314 339 242 289 305 249 274 406 288 40 259 292 201 37 
383 134 14 141 345 45 335 270 210 358 287 396 361 155 161 157 199 129 78 191 286 309 354 56 185 251 91 235 116 181 269 373 217 26 236 341 46 320 186 16 265 118 12 178 385 307 
384 112 122 212 346 177 103 331 54 225 44 157 180 178 234 193 203 156 26 151 330 229 397 154 239 114 89 37 263 400 46 99 355 337 149 39 153 372 339 32 313 96 
385 72 394 235 102 27 345 124 179 276 326 406 113 160 362 364 44 228 287 126 23 356 300 341 175 337 268 395 153 122 73 285 405 180 280 143 372 88 193 58 36 39 360 31 407 55 111 365 383 148 302 46 
386 403 302 202 26 368 400 110 158 124 173 268 271 283 216 82 93 347 145 235 84 106 215 181 182 319 300 92 261 74 361 10 170 206 195 289 53 222 176 205 282 38 117 115 225 3 78 219 372 174 
387 2 147 243 58 175 162 297 63 5 245 395 121 91 75 377 110 0 22 263 198 159 298 90 367 315 101 309 303 370 323 149 324 355 335 155 137 199 88 242 334 30 166 394 399 123 234 
388 73 307 334 164 361 124 149 352 332 322 93 148 14 353 368 65 279 161 411 17 217 228 16 376 377 309 6 162 330 94 325 
389 164 342 71 175 178 142 310 100 182 141 11 108 308 259 219 316 280 247 283 200 116 147 211 242 258 183 339 58 360 229 127 30 192 289 48 15 176 
390 281 345 320 134 126 96 251 121 210 158 294 232 51 226 100 191 235 151 229 223 67 262 362 325 203 309 17 267 8 392 274 317 91 129 
391 71 15 150 313 193 271 219 52 374 6 48 404 54 276 3 132 294 127 208 137 227 205 200 25 297 172 289 365 336 292 107 19 398 246 370 117 168 397 
392 382 13 48 339 237 344 293 252 245 164 146 306 325 54 263 14 168 78 198 118 345 6 94 108 377 208 121 280 99 55 298 26 257 390 131 221 200 266 353 303 63 291 402 138 322 215 
393 169 65 59 162 199 191 19 11 230 246 103 311 300 227 214 338 101 64 1 250 83 273 116 332 354 220 353 340 37 110 348 46 119 156 49 397 14 202 145 137 333 109 219 294 297 
394 77 282 198 385 168 291 86 60 207 335 170 334 0 341 204 285 57 346 374 219 344 228 267 287 227 76 9 361 244 20 348 288 184 336 142 337 406 158 70 266 214 93 226 387 249 
395 136 317 81 282 134 387 220 115 127 204 375 406 1 287 288 147 385 65 217 294 138 167 203 396 184 257 292 369 62 
396 304 72 150 298 140 226 206 383 228 246 355 285 398 230 116 127 60 293 24 204 229 335 193 241 367 190 222 40 272 263 13 138 192 284 347 395 191 135 337 357 353 214 165 170 380 409 49 133 98 177 259 186 48 
397 166 196 359 27 239 101 226 372 314 16 238 212 348 279 165 384 294 148 161 20 91 254 393 295 188 225 97 47 73 391 
398 317 248 257 372 232 319 82 105 396 45 24 27 162 299 275 17 404 287 25 31 320 198 345 293 114 165 10 9 250 271 107 358 276 197 122 368 144 360 391 399 134 80 231 32 365 331 361 400 129 71 325 
399 242 252 292 43 105 158 201 302 54 356 134 100 206 90 207 94 306 61 11 407 45 223 65 234 402 333 328 334 161 35 286 295 185 354 352 213 121 208 398 378 387 364 
400 53 370 216 386 123 110 299 261 77 353 164 22 375 45 29 127 199 48 47 217 103 119 304 35 294 384 331 112 275 342 324 347 11 160 85 65 101 263 89 398 
401 52 264 53 108 214 369 283 292 33 284 195 346 316 359 343 317 7 30 176 194 313 273 184 216 315 411 381 39 83 412 178 191 377 89 268 204 230 324 
402 73 146 303 120 34 67 76 11 216 177 207 3 98 214 278 213 259 326 33 133 212 399 14 295 334 27 130 92 338 305 392 272 
403 386 130 338 277 345 114 30 331 257 147 133 406 255 222 67 97 76 201 246 193 174 404 347 1 48 57 179 17 319 315 236 346 360 4 355 289 247 
404 358 145 344 379 193 5 260 181 206 146 346 10 285 144 403 391 261 202 151 83 398 239 183 54 153 313 84 271 38 259 240 327 21 192 159 296 190 265 27 3 342 258 61 325 214 359 164 
405 27 78 378 175 283 178 12 91 97 18 234 205 87 340 60 150 92 180 82 83 42 98 277 385 157 292 290 19 254 342 73 242 333 330 
406 371 412 222 97 63 403 66 54 49 14 308 385 293 90 281 53 72 257 395 152 163 378 286 342 206 17 226 349 379 363 144 105 394 299 315 56 305 236 322 341 382 2 250 173 347 153 319 
407 367 352 39 51 42 282 378 336 373 108 141 297 136 301 215 109 25 62 107 294 43 399 183 380 310 162 212 362 164 350 173 307 245 292 335 36 385 377 48 
408 361 319 367 190 339 89 288 108 32 270 344 34 79 33 28 87 410 137 373 23 309 249 340 380 329 212 333 363 133 362 285 198 218 272 
409 153 137 377 180 37 326 215 182 21 338 210 166 299 183 168 250 184 304 116 102 251 147 241 353 294 39 5 140 325 253 237 154 324 99 16 396 327 292 208 352 
410 318 31 43 193 209 182 279 370 174 70 229 71 117 189 97 270 376 76 291 303 226 148 200 255 188 352 408 105 23 196 307 81 290 155 153 74 25 157 68 114 282 233 285 264 65 113 128 305 216 281 
411 283 237 85 38 10 330 369 173 79 48 74 260 274 238 259 388 315 281 366 11 298 401 318 251 297 68 227 371 212 22 112 240 15 
412 406 150 308 280 120 243 228 68 215 125 251 38 69 344 116 184 78 249 332 41 230 80 381 401 154 224 186 63 216 268 102 97 56 88 210 352 27 
