0 205 
0 23 
0 160 
0 92 
0 260 
0 21 
0 130 
0 175 
0 102 
0 83 
0 111 
0 149 
0 100 
0 105 
0 15 
0 279 
0 56 
0 26 
0 22 
0 158 
0 32 
0 121 
0 76 
0 266 
0 93 
0 30 
0 254 
0 41 
0 18 
0 89 
0 237 
0 132 
0 162 
0 241 
1 21 
1 158 
1 223 
1 276 
1 297 
1 152 
1 286 
1 147 
1 305 
1 15 
1 151 
1 200 
1 5 
1 106 
1 27 
1 250 
1 204 
1 139 
1 58 
1 4 
1 143 
1 198 
1 137 
1 11 
1 307 
1 167 
1 108 
2 242 
2 182 
2 26 
2 90 
2 300 
2 247 
2 217 
2 51 
2 270 
2 142 
2 214 
2 78 
2 279 
2 221 
2 294 
2 81 
2 107 
2 243 
2 105 
2 194 
2 178 
2 288 
2 254 
2 76 
2 292 
2 52 
2 83 
2 210 
2 28 
2 162 
2 93 
3 71 
3 225 
3 287 
3 294 
3 230 
3 33 
3 148 
3 211 
3 269 
3 286 
3 95 
3 175 
3 110 
3 35 
3 57 
3 64 
3 195 
3 111 
3 118 
3 134 
3 112 
3 198 
3 204 
3 288 
3 101 
3 69 
3 9 
3 235 
3 172 
3 260 
3 51 
3 151 
3 128 
4 39 
4 305 
4 16 
4 240 
4 69 
4 184 
4 264 
4 53 
4 225 
4 233 
4 292 
4 108 
4 94 
4 38 
4 90 
4 167 
4 183 
4 288 
4 113 
4 93 
4 243 
4 251 
4 41 
4 170 
4 130 
4 78 
4 21 
4 128 
4 1 
4 214 
4 168 
4 293 
4 103 
5 230 
5 57 
5 297 
5 91 
5 30 
5 301 
5 241 
5 157 
5 305 
5 147 
5 183 
5 260 
5 1 
5 17 
5 92 
5 282 
5 98 
5 146 
5 224 
5 129 
5 266 
5 166 
5 28 
5 127 
5 229 
5 39 
5 140 
5 256 
5 191 
5 75 
5 94 
5 120 
5 8 
5 113 
5 203 
6 284 
6 202 
6 261 
6 113 
6 287 
6 46 
6 129 
6 65 
6 268 
6 206 
6 234 
6 253 
6 180 
6 215 
6 213 
6 282 
6 239 
6 163 
6 137 
6 207 
6 209 
6 223 
6 85 
6 43 
6 281 
6 258 
6 23 
6 242 
6 140 
6 232 
7 88 
7 159 
7 177 
7 136 
7 30 
7 303 
7 171 
7 226 
7 201 
7 202 
7 106 
7 130 
7 238 
7 145 
7 129 
7 110 
7 200 
7 9 
7 109 
7 165 
7 262 
7 273 
7 300 
7 305 
7 131 
7 65 
7 237 
7 253 
8 36 
8 49 
8 222 
8 200 
8 160 
8 261 
8 117 
8 59 
8 35 
8 138 
8 293 
8 285 
8 297 
8 206 
8 237 
8 228 
8 105 
8 169 
8 168 
8 139 
8 5 
8 191 
8 188 
8 89 
8 276 
8 15 
8 151 
8 102 
9 230 
9 275 
9 27 
9 248 
9 222 
9 46 
9 28 
9 98 
9 306 
9 298 
9 100 
9 302 
9 124 
9 167 
9 189 
9 190 
9 301 
9 117 
9 22 
9 11 
9 289 
9 274 
9 269 
9 226 
9 284 
9 7 
9 220 
9 3 
9 214 
9 101 
9 10 
9 247 
9 156 
9 157 
9 43 
10 163 
10 26 
10 278 
10 296 
10 301 
10 70 
10 145 
10 197 
10 289 
10 294 
10 232 
10 100 
10 260 
10 261 
10 104 
10 274 
10 51 
10 293 
10 155 
10 168 
10 295 
10 236 
10 254 
10 252 
10 196 
10 120 
10 44 
10 166 
10 9 
10 149 
11 45 
11 252 
11 89 
11 190 
11 293 
11 157 
11 24 
11 110 
11 138 
11 104 
11 80 
11 175 
11 59 
11 93 
11 160 
11 218 
11 235 
11 9 
11 278 
11 18 
11 13 
11 117 
11 249 
11 275 
11 203 
11 172 
11 213 
11 51 
11 199 
11 171 
11 282 
11 230 
11 1 
11 292 
11 195 
12 54 
12 231 
12 25 
12 158 
12 155 
12 62 
12 125 
12 176 
12 94 
12 189 
12 297 
12 165 
12 253 
12 273 
12 44 
12 34 
12 144 
12 214 
12 120 
12 79 
12 137 
12 229 
12 239 
12 127 
12 22 
12 41 
12 117 
12 164 
12 31 
12 29 
12 84 
12 36 
12 118 
12 167 
12 98 
12 166 
12 222 
12 15 
12 261 
13 285 
13 62 
13 221 
13 50 
13 183 
13 239 
13 79 
13 241 
13 95 
13 61 
13 273 
13 191 
13 123 
13 112 
13 261 
13 11 
13 227 
13 49 
13 157 
13 100 
13 68 
13 116 
13 210 
13 218 
13 106 
13 71 
13 280 
13 78 
13 220 
13 82 
13 197 
13 96 
14 126 
14 40 
14 111 
14 47 
14 228 
14 169 
14 204 
14 187 
14 193 
14 181 
14 140 
14 207 
14 167 
14 285 
14 231 
14 227 
14 72 
14 307 
14 263 
14 95 
14 101 
14 247 
14 145 
14 262 
14 252 
14 16 
14 118 
14 304 
14 64 
14 22 
14 301 
15 199 
15 285 
15 85 
15 182 
15 168 
15 130 
15 61 
15 243 
15 165 
15 18 
15 1 
15 143 
15 193 
15 177 
15 33 
15 189 
15 0 
15 118 
15 19 
15 301 
15 88 
15 232 
15 151 
15 213 
15 62 
15 23 
15 300 
15 135 
15 274 
15 8 
15 12 
15 134 
16 184 
16 75 
16 4 
16 79 
16 284 
16 299 
16 190 
16 155 
16 131 
16 158 
16 176 
16 70 
16 276 
16 203 
16 268 
16 227 
16 166 
16 183 
16 224 
16 135 
16 127 
16 148 
16 257 
16 277 
16 215 
16 163 
16 120 
16 144 
16 232 
16 14 
16 164 
16 156 
16 61 
16 294 
16 113 
16 305 
16 43 
17 240 
17 289 
17 196 
17 144 
17 85 
17 40 
17 139 
17 202 
17 120 
17 109 
17 268 
17 166 
17 78 
17 138 
17 86 
17 201 
17 5 
17 159 
17 95 
17 39 
17 222 
17 237 
17 112 
17 181 
17 277 
18 125 
18 198 
18 176 
18 187 
18 251 
18 199 
18 261 
18 277 
18 51 
18 88 
18 161 
18 304 
18 25 
18 15 
18 23 
18 158 
18 148 
18 11 
18 78 
18 55 
18 217 
18 142 
18 296 
18 48 
18 127 
18 235 
18 140 
18 104 
18 0 
18 86 
18 211 
18 212 
18 179 
19 146 
19 132 
19 221 
19 142 
19 32 
19 246 
19 208 
19 63 
19 151 
19 298 
19 255 
19 196 
19 292 
19 96 
19 247 
19 181 
19 239 
19 68 
19 130 
19 288 
19 278 
19 15 
19 253 
19 149 
19 148 
19 56 
19 183 
19 47 
19 35 
19 227 
19 244 
19 229 
20 37 
20 180 
20 113 
20 271 
20 250 
20 216 
20 125 
20 225 
20 123 
20 255 
20 93 
20 206 
20 128 
20 110 
20 290 
20 156 
20 151 
20 79 
20 299 
20 191 
20 221 
20 168 
20 99 
20 141 
20 86 
20 251 
20 167 
20 64 
20 105 
20 147 
21 1 
21 93 
21 275 
21 47 
21 305 
21 0 
21 163 
21 159 
21 164 
21 125 
21 99 
21 77 
21 4 
21 140 
21 244 
21 33 
21 103 
21 120 
21 175 
21 273 
21 261 
21 202 
21 218 
22 134 
22 243 
22 226 
22 301 
22 185 
22 307 
22 282 
22 249 
22 233 
22 40 
22 9 
22 39 
22 262 
22 26 
22 283 
22 29 
22 251 
22 298 
22 0 
22 215 
22 12 
22 186 
22 182 
22 72 
22 274 
22 14 
22 163 
23 176 
23 0 
23 170 
23 227 
23 53 
23 283 
23 106 
23 38 
23 64 
23 18 
23 91 
23 218 
23 98 
23 286 
23 271 
23 220 
23 121 
23 272 
23 42 
23 132 
23 133 
23 147 
23 219 
23 231 
23 77 
23 280 
23 287 
23 6 
23 15 
23 180 
24 66 
24 64 
24 254 
24 67 
24 42 
24 124 
24 11 
24 27 
24 69 
24 225 
24 241 
24 247 
24 272 
24 153 
24 179 
24 39 
24 264 
24 122 
24 187 
24 171 
24 168 
24 195 
24 88 
24 281 
25 111 
25 226 
25 12 
25 294 
25 81 
25 115 
25 113 
25 139 
25 18 
25 223 
25 91 
25 170 
25 32 
25 222 
25 120 
25 290 
25 176 
25 283 
25 158 
25 238 
25 237 
25 30 
25 58 
25 45 
25 84 
25 278 
25 129 
25 114 
25 55 
25 68 
25 121 
26 10 
26 272 
26 2 
26 93 
26 252 
26 249 
26 103 
26 270 
26 189 
26 157 
26 269 
26 149 
26 180 
26 243 
26 234 
26 125 
26 107 
26 278 
26 235 
26 22 
26 262 
26 117 
26 282 
26 0 
26 102 
26 226 
26 32 
26 174 
26 41 
26 99 
26 64 
26 109 
26 36 
26 67 
27 50 
27 9 
27 202 
27 285 
27 122 
27 182 
27 24 
27 287 
27 232 
27 251 
27 248 
27 253 
27 135 
27 121 
27 1 
27 141 
27 252 
27 198 
27 244 
27 39 
27 191 
27 65 
27 84 
27 256 
27 132 
27 211 
27 229 
27 158 
27 193 
27 305 
27 280 
27 138 
27 187 
27 37 
27 152 
27 150 
27 153 
28 124 
28 150 
28 246 
28 38 
28 65 
28 159 
28 196 
28 239 
28 304 
28 269 
28 9 
28 227 
28 166 
28 181 
28 288 
28 46 
28 48 
28 33 
28 268 
28 104 
28 177 
28 263 
28 302 
28 161 
28 118 
28 5 
28 125 
28 153 
28 83 
28 73 
28 56 
28 202 
28 283 
28 100 
28 140 
28 2 
28 130 
28 35 
28 187 
28 294 
29 63 
29 217 
29 70 
29 153 
29 229 
29 236 
29 250 
29 98 
29 53 
29 36 
29 269 
29 163 
29 181 
29 188 
29 76 
29 167 
29 127 
29 22 
29 152 
29 168 
29 183 
29 187 
29 287 
29 204 
29 88 
29 12 
29 50 
29 234 
29 206 
29 289 
30 227 
30 5 
30 7 
30 289 
30 278 
30 105 
30 247 
30 209 
30 114 
30 248 
30 62 
30 228 
30 205 
30 47 
30 150 
30 285 
30 25 
30 180 
30 77 
30 64 
30 38 
30 0 
30 254 
31 109 
31 130 
31 229 
31 242 
31 273 
31 209 
31 132 
31 73 
31 98 
31 301 
31 297 
31 76 
31 299 
31 258 
31 70 
31 302 
31 38 
31 164 
31 153 
31 171 
31 177 
31 12 
31 155 
31 291 
31 101 
31 84 
31 181 
32 209 
32 216 
32 277 
32 19 
32 140 
32 261 
32 52 
32 168 
32 114 
32 99 
32 25 
32 307 
32 70 
32 59 
32 80 
32 289 
32 0 
32 292 
32 90 
32 26 
32 152 
32 107 
32 106 
32 175 
33 203 
33 278 
33 3 
33 264 
33 85 
33 96 
33 248 
33 275 
33 252 
33 231 
33 145 
33 255 
33 45 
33 68 
33 28 
33 191 
33 15 
33 189 
33 116 
33 154 
33 283 
33 35 
33 210 
33 143 
33 290 
33 47 
33 48 
33 207 
33 21 
33 227 
33 176 
33 148 
33 121 
33 185 
33 76 
33 228 
33 307 
34 83 
34 52 
34 265 
34 231 
34 270 
34 299 
34 98 
34 114 
34 260 
34 243 
34 12 
34 137 
34 298 
34 172 
34 166 
34 92 
34 161 
34 211 
34 230 
34 118 
34 250 
34 202 
34 176 
34 281 
34 132 
35 56 
35 190 
35 226 
35 73 
35 78 
35 3 
35 64 
35 119 
35 169 
35 46 
35 263 
35 218 
35 8 
35 266 
35 179 
35 219 
35 33 
35 92 
35 274 
35 89 
35 19 
35 168 
35 299 
35 28 
35 162 
36 51 
36 148 
36 8 
36 119 
36 215 
36 130 
36 287 
36 248 
36 134 
36 72 
36 160 
36 29 
36 156 
36 281 
36 92 
36 292 
36 220 
36 12 
36 275 
36 50 
36 171 
36 146 
36 26 
36 59 
37 56 
37 283 
37 20 
37 134 
37 64 
37 291 
37 75 
37 44 
37 62 
37 60 
37 182 
37 211 
37 274 
37 248 
37 85 
37 77 
37 159 
37 151 
37 187 
37 27 
37 113 
37 246 
38 253 
38 28 
38 290 
38 167 
38 256 
38 200 
38 296 
38 97 
38 125 
38 4 
38 23 
38 161 
38 245 
38 88 
38 202 
38 166 
38 189 
38 64 
38 268 
38 270 
38 31 
38 139 
38 285 
38 228 
38 93 
38 81 
38 113 
38 154 
38 105 
38 257 
38 30 
38 101 
38 181 
38 210 
39 4 
39 124 
39 261 
39 55 
39 250 
39 48 
39 107 
39 306 
39 109 
39 267 
39 158 
39 276 
39 289 
39 79 
39 22 
39 148 
39 224 
39 300 
39 24 
39 27 
39 17 
39 137 
39 153 
39 266 
39 5 
39 58 
39 126 
39 43 
39 256 
39 156 
39 132 
39 60 
40 272 
40 264 
40 286 
40 14 
40 62 
40 179 
40 303 
40 232 
40 17 
40 54 
40 142 
40 230 
40 172 
40 290 
40 22 
40 126 
40 187 
40 281 
40 113 
40 210 
40 304 
40 102 
40 196 
40 80 
40 165 
40 47 
40 289 
40 131 
41 263 
41 122 
41 193 
41 217 
41 125 
41 52 
41 151 
41 71 
41 174 
41 170 
41 163 
41 235 
41 4 
41 238 
41 231 
41 173 
41 127 
41 107 
41 12 
41 48 
41 226 
41 307 
41 192 
41 26 
41 272 
41 150 
41 248 
41 0 
41 252 
41 187 
42 24 
42 54 
42 134 
42 135 
42 149 
42 150 
42 71 
42 117 
42 127 
42 203 
42 23 
42 124 
42 240 
42 215 
42 177 
42 143 
42 242 
42 49 
42 161 
42 280 
42 278 
43 116 
43 81 
43 128 
43 132 
43 184 
43 270 
43 217 
43 194 
43 201 
43 162 
43 207 
43 230 
43 114 
43 202 
43 216 
43 235 
43 209 
43 107 
43 84 
43 273 
43 240 
43 147 
43 186 
43 293 
43 99 
43 300 
43 267 
43 6 
43 102 
43 39 
43 241 
43 302 
43 118 
43 298 
43 16 
43 9 
44 186 
44 67 
44 265 
44 142 
44 86 
44 95 
44 191 
44 246 
44 60 
44 177 
44 12 
44 94 
44 91 
44 37 
44 216 
44 251 
44 199 
44 222 
44 234 
44 194 
44 149 
44 270 
44 102 
44 220 
44 10 
44 45 
44 184 
44 296 
44 289 
44 110 
44 287 
45 138 
45 109 
45 11 
45 275 
45 140 
45 207 
45 250 
45 149 
45 33 
45 280 
45 49 
45 304 
45 75 
45 65 
45 127 
45 276 
45 272 
45 173 
45 295 
45 179 
45 25 
45 44 
45 288 
45 96 
45 167 
45 142 
45 151 
45 86 
46 233 
46 277 
46 54 
46 123 
46 302 
46 9 
46 6 
46 76 
46 216 
46 212 
46 28 
46 35 
46 276 
46 148 
46 110 
46 68 
46 214 
46 114 
46 193 
46 80 
46 122 
46 99 
46 203 
46 60 
46 242 
46 198 
46 175 
46 154 
46 252 
46 239 
46 263 
46 223 
46 49 
46 172 
46 260 
46 72 
46 301 
46 90 
46 235 
47 115 
47 66 
47 21 
47 232 
47 14 
47 82 
47 150 
47 185 
47 75 
47 227 
47 77 
47 90 
47 30 
47 212 
47 40 
47 19 
47 33 
47 292 
47 235 
47 153 
47 210 
47 53 
47 105 
48 288 
48 194 
48 182 
48 153 
48 251 
48 290 
48 39 
48 64 
48 63 
48 68 
48 121 
48 28 
48 133 
48 195 
48 249 
48 83 
48 304 
48 92 
48 80 
48 236 
48 289 
48 18 
48 41 
48 33 
48 49 
48 201 
48 96 
48 285 
48 146 
48 74 
49 220 
49 151 
49 266 
49 127 
49 8 
49 198 
49 50 
49 152 
49 172 
49 274 
49 299 
49 286 
49 45 
49 194 
49 117 
49 236 
49 135 
49 119 
49 179 
49 258 
49 13 
49 156 
49 260 
49 85 
49 48 
49 257 
49 102 
49 293 
49 101 
49 46 
49 54 
49 42 
49 184 
49 246 
50 27 
50 92 
50 157 
50 154 
50 13 
50 273 
50 49 
50 169 
50 55 
50 68 
50 93 
50 103 
50 234 
50 284 
50 158 
50 254 
50 256 
50 295 
50 246 
50 36 
50 91 
50 29 
50 247 
50 195 
50 252 
50 290 
51 36 
51 290 
51 295 
51 139 
51 79 
51 213 
51 109 
51 18 
51 112 
51 195 
51 2 
51 149 
51 189 
51 10 
51 99 
51 11 
51 101 
51 3 
52 270 
52 73 
52 305 
52 34 
52 41 
52 275 
52 213 
52 96 
52 229 
52 32 
52 106 
52 191 
52 160 
52 65 
52 92 
52 292 
52 241 
52 287 
52 195 
52 180 
52 54 
52 136 
52 300 
52 185 
52 230 
52 178 
52 290 
52 72 
52 60 
52 225 
52 158 
52 142 
52 2 
52 137 
52 234 
52 100 
53 88 
53 23 
53 233 
53 252 
53 4 
53 275 
53 296 
53 135 
53 114 
53 78 
53 153 
53 220 
53 61 
53 29 
53 109 
53 292 
53 169 
53 196 
53 281 
53 76 
53 183 
53 295 
53 72 
53 154 
53 110 
53 136 
53 85 
53 83 
53 264 
53 47 
53 82 
54 12 
54 60 
54 273 
54 290 
54 46 
54 157 
54 42 
54 232 
54 76 
54 40 
54 83 
54 56 
54 74 
54 285 
54 246 
54 235 
54 108 
54 171 
54 52 
54 215 
54 72 
54 123 
54 287 
54 49 
54 216 
54 207 
54 77 
54 142 
54 177 
55 74 
55 243 
55 82 
55 39 
55 270 
55 275 
55 50 
55 80 
55 160 
55 259 
55 56 
55 136 
55 135 
55 257 
55 116 
55 59 
55 213 
55 187 
55 303 
55 18 
55 122 
55 84 
55 141 
55 193 
55 283 
55 94 
55 126 
55 297 
55 284 
55 159 
55 248 
55 287 
55 267 
55 239 
55 216 
55 244 
55 269 
55 25 
55 191 
56 37 
56 35 
56 96 
56 120 
56 235 
56 106 
56 132 
56 146 
56 170 
56 176 
56 54 
56 200 
56 55 
56 171 
56 262 
56 102 
56 231 
56 244 
56 104 
56 0 
56 19 
56 214 
56 293 
56 28 
56 136 
56 201 
57 220 
57 285 
57 5 
57 117 
57 107 
57 197 
57 236 
57 301 
57 3 
57 209 
57 212 
57 215 
57 279 
57 284 
57 120 
57 119 
57 88 
57 246 
57 106 
57 96 
57 158 
57 229 
57 251 
57 102 
57 141 
57 190 
57 257 
57 195 
58 69 
58 271 
58 284 
58 115 
58 166 
58 185 
58 298 
58 100 
58 196 
58 300 
58 169 
58 146 
58 179 
58 67 
58 240 
58 232 
58 277 
58 243 
58 159 
58 302 
58 1 
58 194 
58 39 
58 25 
58 299 
58 241 
59 82 
59 176 
59 242 
59 162 
59 122 
59 138 
59 209 
59 296 
59 60 
59 174 
59 218 
59 11 
59 91 
59 62 
59 188 
59 112 
59 55 
59 8 
59 175 
59 258 
59 32 
59 163 
59 210 
59 256 
59 71 
59 189 
59 180 
59 36 
59 105 
60 54 
60 285 
60 264 
60 239 
60 59 
60 176 
60 295 
60 44 
60 224 
60 189 
60 148 
60 129 
60 138 
60 212 
60 93 
60 37 
60 303 
60 305 
60 87 
60 46 
60 222 
60 52 
60 206 
60 94 
60 39 
61 65 
61 125 
61 291 
61 280 
61 158 
61 295 
61 289 
61 195 
61 15 
61 232 
61 53 
61 13 
61 144 
61 162 
61 157 
61 206 
61 142 
61 301 
61 83 
61 182 
61 129 
61 205 
61 288 
61 212 
61 108 
61 300 
61 16 
61 185 
61 275 
61 229 
61 112 
62 278 
62 96 
62 13 
62 40 
62 282 
62 12 
62 292 
62 172 
62 238 
62 135 
62 185 
62 231 
62 59 
62 148 
62 37 
62 30 
62 240 
62 254 
62 193 
62 279 
62 15 
62 94 
62 205 
62 268 
62 184 
63 29 
63 114 
63 19 
63 187 
63 163 
63 250 
63 48 
63 209 
63 231 
63 89 
63 279 
63 153 
63 262 
63 281 
63 186 
63 92 
63 141 
63 149 
63 67 
63 122 
64 172 
64 24 
64 66 
64 220 
64 91 
64 48 
64 35 
64 37 
64 272 
64 133 
64 99 
64 174 
64 23 
64 212 
64 180 
64 166 
64 3 
64 207 
64 192 
64 163 
64 143 
64 38 
64 111 
64 211 
64 69 
64 189 
64 156 
64 147 
64 297 
64 95 
64 260 
64 26 
64 30 
64 208 
64 14 
64 20 
65 213 
65 61 
65 28 
65 221 
65 80 
65 208 
65 90 
65 6 
65 52 
65 92 
65 218 
65 45 
65 143 
65 223 
65 74 
65 148 
65 27 
65 196 
65 7 
65 150 
65 222 
65 215 
65 234 
65 274 
66 132 
66 24 
66 47 
66 131 
66 64 
66 90 
66 149 
66 106 
66 205 
66 307 
66 83 
66 123 
66 286 
66 124 
66 279 
66 245 
66 69 
66 88 
66 184 
66 266 
66 133 
66 274 
66 101 
66 233 
66 165 
66 179 
66 283 
66 100 
66 272 
66 92 
66 287 
66 240 
67 24 
67 222 
67 44 
67 84 
67 233 
67 87 
67 280 
67 176 
67 173 
67 274 
67 131 
67 71 
67 254 
67 58 
67 190 
67 255 
67 181 
67 159 
67 198 
67 236 
67 122 
67 75 
67 269 
67 200 
67 206 
67 98 
67 136 
67 26 
67 63 
68 197 
68 190 
68 48 
68 124 
68 50 
68 33 
68 138 
68 266 
68 285 
68 46 
68 19 
68 184 
68 304 
68 207 
68 297 
68 186 
68 182 
68 290 
68 13 
68 157 
68 79 
68 230 
68 280 
68 289 
68 123 
68 25 
69 156 
69 58 
69 231 
69 75 
69 4 
69 287 
69 130 
69 76 
69 24 
69 126 
69 139 
69 200 
69 198 
69 149 
69 185 
69 66 
69 161 
69 64 
69 217 
69 275 
69 188 
69 3 
69 95 
69 265 
69 96 
69 83 
69 171 
69 242 
69 283 
69 244 
69 121 
70 216 
70 110 
70 144 
70 29 
70 141 
70 10 
70 135 
70 193 
70 202 
70 262 
70 236 
70 16 
70 139 
70 223 
70 152 
70 300 
70 31 
70 72 
70 32 
70 132 
70 123 
70 294 
70 85 
70 299 
70 119 
70 149 
70 277 
70 221 
70 247 
70 228 
70 114 
70 165 
70 124 
70 115 
70 288 
70 246 
71 3 
71 190 
71 182 
71 268 
71 188 
71 108 
71 292 
71 306 
71 41 
71 299 
71 227 
71 173 
71 116 
71 42 
71 84 
71 67 
71 243 
71 103 
71 147 
71 178 
71 301 
71 196 
71 179 
71 248 
71 302 
71 59 
71 272 
71 146 
71 101 
71 180 
71 13 
71 228 
71 139 
71 287 
72 75 
72 112 
72 236 
72 87 
72 36 
72 78 
72 206 
72 200 
72 99 
72 295 
72 14 
72 70 
72 257 
72 282 
72 107 
72 53 
72 54 
72 176 
72 153 
72 291 
72 52 
72 22 
72 119 
72 294 
72 77 
72 46 
72 241 
72 147 
72 288 
73 52 
73 114 
73 31 
73 35 
73 132 
73 254 
73 298 
73 136 
73 146 
73 291 
73 263 
73 242 
73 191 
73 121 
73 253 
73 278 
73 89 
73 28 
73 161 
73 199 
73 218 
73 99 
73 207 
74 55 
74 254 
74 101 
74 246 
74 223 
74 194 
74 54 
74 110 
74 306 
74 219 
74 196 
74 192 
74 149 
74 249 
74 228 
74 89 
74 65 
74 193 
74 105 
74 205 
74 117 
74 255 
74 233 
74 79 
74 259 
74 298 
74 174 
74 156 
74 171 
74 297 
74 48 
75 144 
75 16 
75 182 
75 72 
75 69 
75 220 
75 81 
75 288 
75 37 
75 302 
75 141 
75 45 
75 47 
75 104 
75 132 
75 145 
75 170 
75 243 
75 67 
75 245 
75 5 
75 203 
75 91 
75 176 
75 158 
75 124 
75 128 
76 79 
76 219 
76 69 
76 156 
76 285 
76 194 
76 54 
76 93 
76 46 
76 229 
76 197 
76 271 
76 31 
76 158 
76 203 
76 181 
76 29 
76 53 
76 279 
76 245 
76 150 
76 230 
76 225 
76 137 
76 139 
76 201 
76 206 
76 0 
76 175 
76 2 
76 246 
76 272 
76 106 
76 253 
76 33 
76 265 
77 145 
77 261 
77 92 
77 238 
77 281 
77 141 
77 129 
77 164 
77 257 
77 195 
77 84 
77 215 
77 154 
77 169 
77 239 
77 47 
77 21 
77 135 
77 176 
77 277 
77 273 
77 94 
77 23 
77 37 
77 292 
77 271 
77 30 
77 72 
77 252 
77 161 
77 54 
77 225 
77 221 
77 171 
77 188 
78 82 
78 96 
78 254 
78 35 
78 53 
78 245 
78 143 
78 120 
78 292 
78 86 
78 17 
78 241 
78 211 
78 72 
78 2 
78 284 
78 210 
78 127 
78 301 
78 223 
78 18 
78 191 
78 4 
78 302 
78 187 
78 238 
78 94 
78 231 
78 13 
78 157 
78 306 
78 118 
79 286 
79 16 
79 224 
79 142 
79 76 
79 51 
79 305 
79 295 
79 272 
79 169 
79 13 
79 284 
79 39 
79 117 
79 92 
79 261 
79 12 
79 86 
79 239 
79 292 
79 20 
79 247 
79 133 
79 74 
79 280 
79 291 
79 68 
79 240 
79 216 
79 298 
79 165 
79 242 
79 139 
80 223 
80 89 
80 65 
80 212 
80 189 
80 301 
80 11 
80 285 
80 230 
80 55 
80 156 
80 46 
80 107 
80 48 
80 239 
80 40 
80 218 
80 32 
80 260 
80 249 
80 204 
80 246 
80 140 
80 201 
80 161 
80 240 
80 254 
80 165 
80 270 
81 153 
81 262 
81 101 
81 43 
81 25 
81 96 
81 289 
81 75 
81 296 
81 151 
81 271 
81 119 
81 114 
81 157 
81 234 
81 117 
81 218 
81 120 
81 287 
81 237 
81 2 
81 92 
81 225 
81 192 
81 259 
81 172 
81 38 
81 216 
81 294 
82 59 
82 302 
82 78 
82 55 
82 186 
82 261 
82 159 
82 245 
82 104 
82 250 
82 300 
82 138 
82 298 
82 47 
82 264 
82 277 
82 144 
82 172 
82 224 
82 126 
82 220 
82 131 
82 87 
82 272 
82 156 
82 90 
82 263 
82 102 
82 13 
82 151 
82 127 
82 53 
83 142 
83 34 
83 167 
83 192 
83 165 
83 168 
83 66 
83 125 
83 224 
83 152 
83 54 
83 269 
83 0 
83 122 
83 281 
83 290 
83 234 
83 181 
83 264 
83 205 
83 166 
83 48 
83 247 
83 61 
83 285 
83 288 
83 118 
83 114 
83 28 
83 280 
83 2 
83 53 
83 69 
83 207 
84 100 
84 67 
84 285 
84 107 
84 175 
84 260 
84 203 
84 272 
84 149 
84 185 
84 217 
84 131 
84 113 
84 291 
84 96 
84 71 
84 294 
84 43 
84 250 
84 262 
84 77 
84 216 
84 152 
84 55 
84 102 
84 192 
84 241 
84 27 
84 126 
84 167 
84 12 
84 134 
84 31 
84 25 
84 298 
84 290 
84 191 
84 207 
85 15 
85 33 
85 17 
85 295 
85 303 
85 222 
85 214 
85 293 
85 284 
85 243 
85 241 
85 274 
85 102 
85 149 
85 268 
85 276 
85 70 
85 285 
85 49 
85 37 
85 204 
85 134 
85 172 
85 6 
85 277 
85 235 
85 256 
85 257 
85 53 
85 178 
85 91 
85 199 
86 113 
86 185 
86 284 
86 147 
86 199 
86 44 
86 254 
86 272 
86 78 
86 100 
86 190 
86 17 
86 189 
86 79 
86 198 
86 180 
86 307 
86 126 
86 103 
86 268 
86 294 
86 258 
86 260 
86 146 
86 20 
86 281 
86 217 
86 18 
86 252 
86 45 
87 95 
87 116 
87 72 
87 268 
87 67 
87 302 
87 157 
87 124 
87 223 
87 182 
87 303 
87 191 
87 304 
87 263 
87 144 
87 96 
87 281 
87 163 
87 60 
87 91 
87 298 
87 202 
87 82 
87 278 
87 305 
87 209 
87 88 
87 105 
87 306 
88 7 
88 53 
88 109 
88 113 
88 100 
88 183 
88 234 
88 147 
88 197 
88 271 
88 18 
88 38 
88 146 
88 222 
88 195 
88 244 
88 232 
88 304 
88 188 
88 278 
88 66 
88 57 
88 287 
88 216 
88 204 
88 249 
88 15 
88 29 
88 130 
88 305 
88 87 
88 154 
88 137 
88 24 
88 90 
89 270 
89 80 
89 11 
89 173 
89 215 
89 124 
89 201 
89 170 
89 102 
89 256 
89 254 
89 238 
89 109 
89 63 
89 246 
89 286 
89 175 
89 99 
89 74 
89 103 
89 144 
89 285 
89 73 
89 250 
89 303 
89 35 
89 0 
89 8 
89 243 
90 258 
90 190 
90 66 
90 2 
90 224 
90 65 
90 124 
90 271 
90 225 
90 4 
90 163 
90 282 
90 294 
90 205 
90 283 
90 238 
90 301 
90 47 
90 149 
90 177 
90 161 
90 32 
90 219 
90 236 
90 46 
90 82 
90 88 
90 107 
91 210 
91 297 
91 253 
91 209 
91 64 
91 5 
91 116 
91 289 
91 98 
91 306 
91 25 
91 59 
91 23 
91 242 
91 243 
91 44 
91 218 
91 265 
91 87 
91 137 
91 186 
91 147 
91 248 
91 174 
91 183 
91 215 
91 50 
91 175 
91 254 
91 75 
91 231 
91 85 
91 168 
91 153 
92 300 
92 50 
92 173 
92 147 
92 0 
92 224 
92 268 
92 225 
92 106 
92 77 
92 126 
92 274 
92 267 
92 273 
92 109 
92 207 
92 52 
92 65 
92 199 
92 5 
92 151 
92 258 
92 79 
92 48 
92 36 
92 123 
92 266 
92 245 
92 34 
92 81 
92 186 
92 35 
92 145 
92 113 
92 296 
92 146 
92 214 
92 66 
92 63 
92 278 
93 157 
93 21 
93 234 
93 26 
93 138 
93 204 
93 186 
93 76 
93 11 
93 20 
93 121 
93 179 
93 220 
93 280 
93 155 
93 50 
93 4 
93 60 
93 163 
93 226 
93 291 
93 294 
93 38 
93 151 
93 103 
93 276 
93 0 
93 2 
94 108 
94 246 
94 145 
94 293 
94 283 
94 296 
94 299 
94 4 
94 287 
94 12 
94 95 
94 44 
94 284 
94 263 
94 120 
94 121 
94 166 
94 285 
94 158 
94 294 
94 77 
94 291 
94 244 
94 55 
94 290 
94 267 
94 114 
94 278 
94 78 
94 210 
94 172 
94 60 
94 62 
94 194 
94 227 
94 5 
94 262 
94 274 
95 183 
95 179 
95 87 
95 3 
95 297 
95 44 
95 226 
95 252 
95 292 
95 13 
95 269 
95 94 
95 105 
95 167 
95 163 
95 110 
95 256 
95 221 
95 145 
95 200 
95 17 
95 229 
95 14 
95 267 
95 108 
95 69 
95 119 
95 64 
95 258 
95 283 
95 113 
95 106 
96 62 
96 175 
96 56 
96 78 
96 33 
96 294 
96 81 
96 52 
96 253 
96 278 
96 160 
96 124 
96 286 
96 246 
96 84 
96 19 
96 210 
96 225 
96 159 
96 157 
96 197 
96 269 
96 87 
96 234 
96 236 
96 287 
96 105 
96 48 
96 252 
96 57 
96 69 
96 150 
96 200 
96 138 
96 291 
96 45 
96 136 
96 137 
96 13 
97 246 
97 220 
97 118 
97 38 
97 287 
97 191 
97 126 
97 200 
97 139 
97 154 
97 203 
97 197 
97 289 
97 174 
97 147 
97 159 
97 254 
97 164 
97 273 
97 229 
97 260 
97 243 
97 302 
97 223 
98 146 
98 158 
98 185 
98 132 
98 249 
98 164 
98 9 
98 281 
98 31 
98 91 
98 29 
98 207 
98 180 
98 34 
98 178 
98 23 
98 123 
98 254 
98 5 
98 241 
98 231 
98 287 
98 242 
98 186 
98 153 
98 236 
98 101 
98 170 
98 129 
98 67 
98 12 
98 224 
98 255 
99 238 
99 127 
99 284 
99 100 
99 274 
99 251 
99 241 
99 305 
99 286 
99 222 
99 64 
99 130 
99 277 
99 151 
99 220 
99 141 
99 256 
99 204 
99 154 
99 32 
99 250 
99 72 
99 156 
99 89 
99 128 
99 225 
99 285 
99 21 
99 46 
99 301 
99 233 
99 43 
99 51 
99 20 
99 283 
99 26 
99 112 
99 293 
99 192 
99 198 
99 73 
100 108 
100 84 
100 88 
100 175 
100 249 
100 208 
100 99 
100 220 
100 127 
100 9 
100 215 
100 169 
100 86 
100 246 
100 268 
100 141 
100 146 
100 0 
100 58 
100 160 
100 228 
100 295 
100 163 
100 10 
100 233 
100 245 
100 234 
100 13 
100 258 
100 158 
100 28 
100 66 
100 182 
100 265 
100 296 
100 205 
100 156 
100 52 
101 74 
101 193 
101 81 
101 150 
101 156 
101 283 
101 223 
101 190 
101 305 
101 235 
101 302 
101 285 
101 139 
101 3 
101 214 
101 66 
101 14 
101 49 
101 306 
101 71 
101 51 
101 31 
101 159 
101 98 
101 246 
101 9 
101 230 
101 38 
101 279 
101 211 
101 295 
101 164 
102 178 
102 89 
102 247 
102 120 
102 0 
102 302 
102 160 
102 189 
102 294 
102 85 
102 56 
102 221 
102 40 
102 84 
102 252 
102 26 
102 49 
102 155 
102 108 
102 43 
102 225 
102 139 
102 44 
102 257 
102 119 
102 251 
102 208 
102 82 
102 57 
102 8 
103 286 
103 168 
103 268 
103 26 
103 117 
103 188 
103 240 
103 234 
103 118 
103 50 
103 71 
103 89 
103 157 
103 86 
103 283 
103 256 
103 93 
103 21 
103 141 
103 129 
103 146 
103 225 
103 291 
103 200 
103 4 
103 199 
103 145 
103 193 
104 143 
104 198 
104 82 
104 245 
104 201 
104 283 
104 211 
104 123 
104 164 
104 11 
104 238 
104 113 
104 285 
104 28 
104 163 
104 137 
104 240 
104 75 
104 148 
104 56 
104 162 
104 182 
104 10 
104 161 
104 274 
104 18 
104 291 
105 223 
105 287 
105 237 
105 125 
105 256 
105 30 
105 254 
105 238 
105 171 
105 95 
105 230 
105 0 
105 288 
105 183 
105 182 
105 142 
105 204 
105 123 
105 74 
105 155 
105 282 
105 303 
105 2 
105 96 
105 8 
105 166 
105 38 
105 87 
105 263 
105 299 
105 20 
105 47 
105 59 
106 174 
106 204 
106 240 
106 92 
106 66 
106 56 
106 137 
106 190 
106 23 
106 52 
106 211 
106 141 
106 7 
106 281 
106 1 
106 306 
106 304 
106 179 
106 299 
106 13 
106 57 
106 138 
106 32 
106 152 
106 199 
106 195 
106 300 
106 76 
106 139 
106 95 
106 110 
107 115 
107 158 
107 174 
107 261 
107 130 
107 188 
107 39 
107 57 
107 84 
107 291 
107 295 
107 143 
107 26 
107 121 
107 43 
107 125 
107 80 
107 72 
107 2 
107 41 
107 228 
107 229 
107 32 
107 273 
107 144 
107 226 
107 208 
107 90 
108 94 
108 237 
108 100 
108 209 
108 71 
108 190 
108 4 
108 230 
108 222 
108 156 
108 54 
108 238 
108 256 
108 169 
108 307 
108 95 
108 239 
108 61 
108 250 
108 235 
108 102 
108 211 
108 148 
108 206 
108 271 
108 1 
108 162 
108 213 
109 45 
109 31 
109 88 
109 251 
109 240 
109 156 
109 202 
109 51 
109 39 
109 17 
109 89 
109 92 
109 253 
109 53 
109 288 
109 167 
109 265 
109 302 
109 226 
109 246 
109 228 
109 7 
109 191 
109 140 
109 209 
109 242 
109 303 
109 138 
109 124 
109 26 
109 243 
109 227 
109 121 
110 183 
110 234 
110 70 
110 265 
110 118 
110 3 
110 11 
110 307 
110 142 
110 274 
110 242 
110 74 
110 46 
110 116 
110 20 
110 95 
110 7 
110 163 
110 173 
110 152 
110 222 
110 141 
110 278 
110 157 
110 53 
110 223 
110 219 
110 300 
110 44 
110 106 
111 25 
111 14 
111 127 
111 215 
111 0 
111 158 
111 242 
111 3 
111 281 
111 64 
111 140 
111 223 
111 220 
111 194 
111 278 
111 213 
111 258 
111 268 
111 136 
111 195 
112 128 
112 143 
112 122 
112 72 
112 189 
112 292 
112 134 
112 51 
112 281 
112 129 
112 59 
112 13 
112 3 
112 302 
112 116 
112 261 
112 141 
112 210 
112 172 
112 226 
112 17 
112 168 
112 300 
112 155 
112 99 
112 61 
113 154 
113 137 
113 86 
113 298 
113 126 
113 268 
113 88 
113 178 
113 226 
113 236 
113 130 
113 6 
113 20 
113 307 
113 25 
113 104 
113 84 
113 4 
113 40 
113 185 
113 162 
113 250 
113 156 
113 160 
113 168 
113 176 
113 234 
113 129 
113 247 
113 141 
113 92 
113 38 
113 288 
113 157 
113 16 
113 5 
113 159 
113 37 
113 95 
114 262 
114 73 
114 63 
114 291 
114 53 
114 290 
114 285 
114 220 
114 118 
114 141 
114 200 
114 32 
114 30 
114 172 
114 138 
114 202 
114 297 
114 43 
114 34 
114 275 
114 81 
114 46 
114 304 
114 192 
114 221 
114 83 
114 305 
114 94 
114 246 
114 70 
114 131 
114 201 
114 25 
114 128 
114 174 
114 133 
115 107 
115 47 
115 166 
115 122 
115 125 
115 58 
115 275 
115 25 
115 247 
115 157 
115 210 
115 291 
115 280 
115 303 
115 179 
115 294 
115 183 
115 195 
115 140 
115 267 
115 258 
115 178 
115 219 
115 70 
116 43 
116 299 
116 87 
116 91 
116 173 
116 250 
116 257 
116 71 
116 110 
116 55 
116 224 
116 261 
116 298 
116 33 
116 274 
116 121 
116 112 
116 253 
116 169 
116 132 
116 13 
116 208 
116 197 
116 278 
116 289 
116 220 
116 204 
116 223 
116 259 
117 242 
117 272 
117 127 
117 57 
117 103 
117 177 
117 292 
117 290 
117 8 
117 9 
117 79 
117 168 
117 148 
117 208 
117 49 
117 42 
117 288 
117 81 
117 26 
117 11 
117 224 
117 165 
117 134 
117 139 
117 74 
117 12 
117 284 
117 183 
117 166 
117 155 
117 135 
118 247 
118 192 
118 97 
118 214 
118 135 
118 140 
118 110 
118 148 
118 196 
118 114 
118 103 
118 3 
118 253 
118 15 
118 259 
118 28 
118 145 
118 177 
118 139 
118 126 
118 83 
118 225 
118 130 
118 298 
118 34 
118 209 
118 78 
118 167 
118 12 
118 14 
118 278 
118 43 
118 144 
119 183 
119 237 
119 301 
119 36 
119 208 
119 153 
119 184 
119 35 
119 174 
119 252 
119 164 
119 81 
119 232 
119 191 
119 277 
119 220 
119 49 
119 271 
119 198 
119 57 
119 155 
119 274 
119 179 
119 70 
119 249 
119 95 
119 72 
119 261 
119 243 
119 102 
119 255 
119 124 
119 303 
119 257 
120 176 
120 263 
120 227 
120 56 
120 265 
120 135 
120 292 
120 257 
120 78 
120 166 
120 102 
120 17 
120 122 
120 256 
120 302 
120 240 
120 167 
120 25 
120 12 
120 81 
120 157 
120 94 
120 57 
120 184 
120 159 
120 16 
120 297 
120 10 
120 21 
120 5 
120 270 
121 138 
121 260 
121 243 
121 177 
121 48 
121 233 
121 134 
121 93 
121 175 
121 27 
121 176 
121 107 
121 290 
121 236 
121 188 
121 303 
121 135 
121 23 
121 94 
121 116 
121 258 
121 282 
121 73 
121 203 
121 250 
121 0 
121 294 
121 261 
121 136 
121 228 
121 142 
121 109 
121 33 
121 287 
121 184 
121 69 
121 25 
122 41 
122 166 
122 307 
122 59 
122 112 
122 115 
122 27 
122 234 
122 202 
122 120 
122 83 
122 55 
122 46 
122 179 
122 24 
122 273 
122 229 
122 67 
122 168 
122 176 
122 148 
122 138 
122 279 
122 63 
123 165 
123 283 
123 243 
123 46 
123 164 
123 297 
123 242 
123 104 
123 66 
123 124 
123 20 
123 98 
123 194 
123 199 
123 203 
123 13 
123 92 
123 105 
123 241 
123 206 
123 70 
123 260 
123 54 
123 189 
123 299 
123 255 
123 216 
123 250 
123 152 
123 184 
123 68 
124 28 
124 183 
124 39 
124 166 
124 221 
124 24 
124 188 
124 89 
124 279 
124 90 
124 171 
124 9 
124 200 
124 162 
124 123 
124 68 
124 87 
124 66 
124 275 
124 96 
124 300 
124 299 
124 228 
124 220 
124 179 
124 194 
124 196 
124 156 
124 42 
124 184 
124 125 
124 109 
124 302 
124 259 
124 70 
124 119 
124 75 
124 270 
125 18 
125 61 
125 148 
125 139 
125 41 
125 115 
125 252 
125 38 
125 12 
125 105 
125 83 
125 20 
125 26 
125 107 
125 21 
125 145 
125 129 
125 294 
125 166 
125 28 
125 127 
125 302 
125 240 
125 124 
125 179 
125 210 
125 173 
125 220 
125 307 
125 217 
125 256 
126 14 
126 113 
126 208 
126 231 
126 280 
126 69 
126 143 
126 229 
126 92 
126 183 
126 40 
126 154 
126 97 
126 222 
126 118 
126 82 
126 86 
126 55 
126 84 
126 39 
126 166 
127 99 
127 181 
127 117 
127 250 
127 49 
127 111 
127 100 
127 272 
127 227 
127 174 
127 78 
127 29 
127 196 
127 42 
127 216 
127 41 
127 45 
127 188 
127 295 
127 12 
127 16 
127 125 
127 261 
127 18 
127 5 
127 145 
127 173 
127 136 
127 177 
127 82 
127 262 
128 143 
128 112 
128 183 
128 43 
128 182 
128 221 
128 211 
128 243 
128 142 
128 20 
128 284 
128 99 
128 214 
128 171 
128 4 
128 165 
128 194 
128 3 
128 281 
128 114 
128 75 
129 189 
129 248 
129 6 
129 146 
129 275 
129 177 
129 193 
129 60 
129 112 
129 77 
129 265 
129 5 
129 125 
129 7 
129 268 
129 279 
129 61 
129 287 
129 300 
129 149 
129 133 
129 231 
129 152 
129 242 
129 113 
129 167 
129 207 
129 103 
129 168 
129 98 
129 25 
130 31 
130 113 
130 107 
130 69 
130 181 
130 36 
130 206 
130 220 
130 0 
130 15 
130 145 
130 99 
130 249 
130 261 
130 7 
130 19 
130 240 
130 255 
130 209 
130 4 
130 256 
130 170 
130 205 
130 118 
130 88 
130 281 
130 258 
130 246 
130 28 
131 214 
131 66 
131 223 
131 16 
131 282 
131 291 
131 84 
131 184 
131 289 
131 67 
131 283 
131 136 
131 221 
131 181 
131 134 
131 82 
131 7 
131 232 
131 40 
131 114 
131 252 
131 231 
131 293 
131 249 
131 141 
132 66 
132 19 
132 31 
132 73 
132 98 
132 306 
132 43 
132 220 
132 56 
132 245 
132 168 
132 239 
132 262 
132 177 
132 246 
132 250 
132 23 
132 70 
132 116 
132 75 
132 204 
132 27 
132 141 
132 292 
132 39 
132 34 
132 0 
133 182 
133 274 
133 252 
133 205 
133 290 
133 202 
133 150 
133 284 
133 153 
133 151 
133 210 
133 258 
133 64 
133 48 
133 235 
133 270 
133 191 
133 278 
133 179 
133 207 
133 296 
133 232 
133 244 
133 189 
133 23 
133 129 
133 66 
133 249 
133 79 
133 170 
133 222 
133 239 
133 241 
133 114 
134 283 
134 22 
134 37 
134 42 
134 36 
134 221 
134 112 
134 162 
134 121 
134 171 
134 288 
134 136 
134 173 
134 235 
134 3 
134 249 
134 155 
134 211 
134 131 
134 268 
134 166 
134 267 
134 117 
134 159 
134 286 
134 244 
134 85 
134 146 
134 84 
134 279 
134 15 
135 235 
135 193 
135 118 
135 53 
135 120 
135 261 
135 62 
135 70 
135 271 
135 241 
135 172 
135 42 
135 203 
135 27 
135 55 
135 155 
135 121 
135 165 
135 49 
135 252 
135 16 
135 77 
135 225 
135 290 
135 179 
135 168 
135 117 
135 154 
135 15 
136 301 
136 286 
136 7 
136 197 
136 261 
136 148 
136 73 
136 195 
136 55 
136 134 
136 306 
136 188 
136 192 
136 131 
136 52 
136 272 
136 155 
136 231 
136 217 
136 183 
136 299 
136 251 
136 254 
136 53 
136 291 
136 56 
136 121 
136 221 
136 234 
136 111 
136 127 
136 266 
136 67 
136 96 
137 220 
137 113 
137 198 
137 217 
137 106 
137 296 
137 187 
137 34 
137 248 
137 290 
137 104 
137 263 
137 12 
137 76 
137 6 
137 234 
137 236 
137 186 
137 143 
137 39 
137 91 
137 193 
137 141 
137 267 
137 148 
137 88 
137 297 
137 1 
137 52 
137 96 
138 45 
138 142 
138 121 
138 206 
138 298 
138 237 
138 255 
138 292 
138 158 
138 253 
138 249 
138 93 
138 59 
138 139 
138 82 
138 11 
138 17 
138 114 
138 68 
138 60 
138 296 
138 8 
138 252 
138 286 
138 152 
138 143 
138 302 
138 181 
138 235 
138 106 
138 109 
138 173 
138 204 
138 122 
138 290 
138 279 
138 96 
138 27 
138 150 
138 171 
139 171 
139 285 
139 51 
139 125 
139 138 
139 290 
139 277 
139 17 
139 69 
139 25 
139 203 
139 301 
139 166 
139 70 
139 278 
139 264 
139 97 
139 38 
139 1 
139 118 
139 76 
139 117 
139 101 
139 213 
139 147 
139 207 
139 8 
139 102 
139 71 
139 165 
139 193 
139 79 
139 106 
139 224 
140 251 
140 272 
140 243 
140 32 
140 186 
140 45 
140 118 
140 212 
140 226 
140 158 
140 14 
140 200 
140 244 
140 283 
140 159 
140 111 
140 175 
140 21 
140 109 
140 294 
140 179 
140 80 
140 115 
140 5 
140 242 
140 28 
140 252 
140 18 
140 259 
140 230 
140 6 
141 260 
141 233 
141 298 
141 182 
141 70 
141 239 
141 214 
141 114 
141 257 
141 288 
141 99 
141 106 
141 100 
141 77 
141 75 
141 27 
141 179 
141 213 
141 176 
141 112 
141 110 
141 55 
141 181 
141 178 
141 137 
141 113 
141 192 
141 132 
141 103 
141 20 
141 174 
141 63 
141 273 
141 131 
141 269 
141 57 
141 258 
142 138 
142 83 
142 205 
142 19 
142 187 
142 277 
142 79 
142 44 
142 230 
142 40 
142 221 
142 110 
142 232 
142 128 
142 181 
142 213 
142 274 
142 238 
142 161 
142 306 
142 2 
142 61 
142 105 
142 18 
142 196 
142 300 
142 165 
142 270 
142 52 
142 121 
142 45 
142 211 
142 54 
143 243 
143 128 
143 303 
143 236 
143 104 
143 190 
143 290 
143 112 
143 219 
143 191 
143 78 
143 126 
143 107 
143 232 
143 15 
143 157 
143 194 
143 255 
143 177 
143 279 
143 64 
143 168 
143 65 
143 253 
143 138 
143 270 
143 137 
143 179 
143 33 
143 204 
143 301 
143 268 
143 166 
143 1 
143 42 
143 296 
143 182 
143 212 
144 75 
144 70 
144 160 
144 17 
144 198 
144 285 
144 214 
144 227 
144 61 
144 273 
144 12 
144 182 
144 176 
144 82 
144 195 
144 87 
144 89 
144 261 
144 16 
144 296 
144 107 
144 167 
144 257 
144 280 
144 286 
144 118 
144 300 
145 77 
145 305 
145 270 
145 210 
145 94 
145 205 
145 286 
145 176 
145 174 
145 33 
145 130 
145 10 
145 199 
145 291 
145 157 
145 154 
145 173 
145 206 
145 175 
145 125 
145 7 
145 288 
145 118 
145 269 
145 95 
145 289 
145 180 
145 256 
145 155 
145 197 
145 304 
145 75 
145 14 
145 92 
145 150 
145 211 
145 127 
145 208 
145 103 
146 19 
146 98 
146 169 
146 303 
146 300 
146 201 
146 129 
146 56 
146 232 
146 305 
146 88 
146 264 
146 100 
146 147 
146 244 
146 73 
146 5 
146 58 
146 282 
146 265 
146 134 
146 71 
146 158 
146 86 
146 103 
146 210 
146 215 
146 208 
146 92 
146 36 
146 48 
146 171 
146 233 
147 92 
147 296 
147 285 
147 158 
147 86 
147 88 
147 1 
147 280 
147 5 
147 210 
147 287 
147 146 
147 270 
147 277 
147 288 
147 227 
147 272 
147 71 
147 164 
147 43 
147 191 
147 206 
147 23 
147 64 
147 298 
147 247 
147 149 
147 91 
147 139 
147 202 
147 97 
147 252 
147 72 
147 20 
148 193 
148 36 
148 3 
148 125 
148 227 
148 281 
148 118 
148 195 
148 271 
148 300 
148 60 
148 46 
148 136 
148 62 
148 39 
148 117 
148 189 
148 18 
148 104 
148 19 
148 16 
148 65 
148 286 
148 212 
148 186 
148 266 
148 155 
148 122 
148 137 
148 108 
148 33 
148 217 
149 168 
149 66 
149 185 
149 26 
149 222 
149 84 
149 45 
149 287 
149 69 
149 42 
149 0 
149 242 
149 199 
149 51 
149 202 
149 215 
149 74 
149 225 
149 85 
149 19 
149 218 
149 302 
149 250 
149 164 
149 129 
149 232 
149 90 
149 147 
149 70 
149 152 
149 251 
149 44 
149 159 
149 233 
149 283 
149 63 
149 10 
150 28 
150 101 
150 133 
150 47 
150 178 
150 219 
150 42 
150 228 
150 280 
150 76 
150 226 
150 238 
150 30 
150 65 
150 215 
150 230 
150 145 
150 41 
150 96 
150 138 
150 162 
150 27 
151 208 
151 216 
151 49 
151 133 
151 41 
151 268 
151 81 
151 19 
151 99 
151 1 
151 163 
151 169 
151 173 
151 92 
151 247 
151 20 
151 162 
151 189 
151 93 
151 15 
151 187 
151 194 
151 184 
151 37 
151 178 
151 303 
151 3 
151 45 
151 82 
151 8 
152 1 
152 244 
152 217 
152 49 
152 83 
152 303 
152 208 
152 211 
152 70 
152 203 
152 29 
152 84 
152 110 
152 138 
152 129 
152 149 
152 32 
152 106 
152 305 
152 271 
152 123 
152 185 
152 296 
152 27 
153 81 
153 188 
153 299 
153 182 
153 172 
153 29 
153 48 
153 133 
153 278 
153 119 
153 53 
153 202 
153 166 
153 159 
153 24 
153 63 
153 295 
153 28 
153 256 
153 31 
153 266 
153 214 
153 280 
153 72 
153 39 
153 243 
153 98 
153 276 
153 164 
153 47 
153 231 
153 27 
153 91 
154 113 
154 50 
154 224 
154 221 
154 216 
154 206 
154 99 
154 145 
154 174 
154 267 
154 210 
154 203 
154 126 
154 33 
154 77 
154 190 
154 97 
154 245 
154 53 
154 46 
154 218 
154 235 
154 229 
154 38 
154 88 
154 220 
154 219 
154 226 
154 135 
155 180 
155 12 
155 176 
155 16 
155 207 
155 223 
155 222 
155 252 
155 135 
155 93 
155 134 
155 217 
155 248 
155 286 
155 237 
155 200 
155 234 
155 105 
155 119 
155 136 
155 145 
155 10 
155 31 
155 148 
155 102 
155 112 
155 197 
155 242 
155 117 
155 288 
155 294 
156 69 
156 261 
156 109 
156 76 
156 101 
156 108 
156 36 
156 226 
156 80 
156 99 
156 240 
156 264 
156 20 
156 204 
156 215 
156 124 
156 113 
156 49 
156 64 
156 269 
156 176 
156 166 
156 82 
156 16 
156 39 
156 74 
156 212 
156 100 
156 9 
157 93 
157 189 
157 287 
157 50 
157 54 
157 11 
157 305 
157 199 
157 172 
157 87 
157 26 
157 5 
157 115 
157 204 
157 145 
157 190 
157 143 
157 206 
157 61 
157 81 
157 96 
157 218 
157 181 
157 120 
157 103 
157 13 
157 198 
157 254 
157 262 
157 110 
157 266 
157 284 
157 275 
157 68 
157 241 
157 306 
157 238 
157 194 
157 78 
157 113 
157 193 
157 9 
158 98 
158 107 
158 61 
158 1 
158 12 
158 212 
158 138 
158 147 
158 244 
158 285 
158 291 
158 278 
158 269 
158 182 
158 265 
158 140 
158 39 
158 208 
158 111 
158 18 
158 306 
158 76 
158 199 
158 16 
158 213 
158 165 
158 293 
158 50 
158 25 
158 275 
158 94 
158 0 
158 100 
158 146 
158 27 
158 52 
158 57 
158 239 
158 75 
158 172 
158 307 
159 7 
159 28 
159 208 
159 164 
159 82 
159 166 
159 265 
159 21 
159 153 
159 96 
159 17 
159 140 
159 163 
159 272 
159 242 
159 231 
159 134 
159 58 
159 67 
159 120 
159 37 
159 234 
159 55 
159 149 
159 97 
159 101 
159 113 
159 307 
160 0 
160 144 
160 273 
160 207 
160 8 
160 96 
160 36 
160 52 
160 201 
160 224 
160 11 
160 55 
160 100 
160 102 
160 235 
160 269 
160 113 
160 299 
160 278 
160 223 
160 274 
160 297 
161 186 
161 175 
161 216 
161 38 
161 18 
161 205 
161 142 
161 220 
161 244 
161 28 
161 283 
161 69 
161 200 
161 34 
161 285 
161 203 
161 253 
161 90 
161 104 
161 166 
161 242 
161 224 
161 73 
161 214 
161 80 
161 42 
161 77 
162 254 
162 59 
162 274 
162 272 
162 170 
162 280 
162 214 
162 124 
162 209 
162 134 
162 228 
162 43 
162 283 
162 61 
162 113 
162 104 
162 151 
162 220 
162 233 
162 244 
162 236 
162 150 
162 2 
162 35 
162 0 
162 108 
163 10 
163 177 
163 198 
163 63 
163 213 
163 90 
163 21 
163 217 
163 238 
163 151 
163 231 
163 303 
163 29 
163 227 
163 41 
163 95 
163 64 
163 220 
163 104 
163 100 
163 93 
163 110 
163 280 
163 267 
163 6 
163 232 
163 159 
163 87 
163 263 
163 299 
163 59 
163 16 
163 216 
163 241 
163 285 
163 239 
163 292 
163 255 
163 247 
163 207 
163 244 
163 298 
163 22 
164 199 
164 123 
164 159 
164 98 
164 206 
164 165 
164 104 
164 274 
164 119 
164 21 
164 227 
164 77 
164 244 
164 147 
164 31 
164 149 
164 201 
164 191 
164 12 
164 153 
164 97 
164 289 
164 16 
164 101 
165 123 
165 257 
165 83 
165 252 
165 164 
165 169 
165 15 
165 275 
165 12 
165 223 
165 158 
165 135 
165 40 
165 7 
165 117 
165 303 
165 181 
165 233 
165 173 
165 142 
165 66 
165 70 
165 128 
165 267 
165 184 
165 79 
165 279 
165 139 
165 80 
165 241 
165 246 
166 122 
166 115 
166 124 
166 211 
166 187 
166 279 
166 159 
166 120 
166 28 
166 242 
166 17 
166 64 
166 139 
166 153 
166 194 
166 58 
166 38 
166 83 
166 298 
166 16 
166 5 
166 282 
166 283 
166 125 
166 94 
166 34 
166 134 
166 277 
166 263 
166 161 
166 156 
166 300 
166 143 
166 105 
166 126 
166 117 
166 10 
166 12 
166 269 
167 83 
167 38 
167 264 
167 238 
167 249 
167 9 
167 284 
167 182 
167 175 
167 4 
167 211 
167 109 
167 306 
167 95 
167 120 
167 14 
167 287 
167 29 
167 234 
167 179 
167 129 
167 84 
167 291 
167 118 
167 12 
167 144 
167 45 
167 20 
167 222 
167 1 
168 103 
168 149 
168 15 
168 213 
168 83 
168 211 
168 205 
168 132 
168 32 
168 304 
168 300 
168 245 
168 117 
168 299 
168 177 
168 143 
168 29 
168 113 
168 255 
168 24 
168 122 
168 20 
168 10 
168 254 
168 112 
168 129 
168 8 
168 135 
168 4 
168 35 
168 235 
168 240 
168 91 
168 176 
168 241 
168 222 
169 221 
169 274 
169 146 
169 302 
169 14 
169 242 
169 255 
169 173 
169 281 
169 79 
169 100 
169 35 
169 165 
169 206 
169 50 
169 246 
169 53 
169 199 
169 244 
169 151 
169 58 
169 245 
169 234 
169 209 
169 216 
169 77 
169 116 
169 108 
169 170 
169 8 
169 171 
169 213 
169 256 
169 275 
170 23 
170 214 
170 193 
170 89 
170 283 
170 236 
170 162 
170 211 
170 210 
170 229 
170 56 
170 225 
170 41 
170 25 
170 254 
170 290 
170 247 
170 203 
170 4 
170 184 
170 182 
170 178 
170 261 
170 235 
170 212 
170 130 
170 75 
170 169 
170 133 
170 213 
170 293 
170 98 
170 195 
171 139 
171 214 
171 124 
171 229 
171 173 
171 7 
171 299 
171 189 
171 105 
171 134 
171 56 
171 204 
171 301 
171 54 
171 128 
171 203 
171 31 
171 180 
171 181 
171 183 
171 24 
171 279 
171 185 
171 245 
171 234 
171 247 
171 36 
171 169 
171 176 
171 11 
171 69 
171 74 
171 146 
171 77 
171 138 
172 64 
172 265 
172 153 
172 62 
172 157 
172 283 
172 236 
172 49 
172 135 
172 235 
172 244 
172 114 
172 306 
172 190 
172 40 
172 233 
172 259 
172 273 
172 219 
172 251 
172 34 
172 82 
172 252 
172 11 
172 208 
172 112 
172 81 
172 85 
172 3 
172 227 
172 46 
172 94 
172 300 
172 248 
172 287 
172 158 
172 234 
172 221 
173 239 
173 92 
173 89 
173 306 
173 169 
173 116 
173 171 
173 270 
173 209 
173 67 
173 259 
173 71 
173 145 
173 151 
173 178 
173 134 
173 286 
173 41 
173 110 
173 165 
173 125 
173 45 
173 305 
173 138 
173 197 
173 127 
173 238 
174 262 
174 106 
174 107 
174 199 
174 198 
174 145 
174 64 
174 59 
174 119 
174 41 
174 295 
174 127 
174 154 
174 284 
174 187 
174 276 
174 260 
174 219 
174 244 
174 229 
174 283 
174 26 
174 91 
174 97 
174 183 
174 141 
174 74 
174 114 
175 234 
175 100 
175 161 
175 96 
175 283 
175 3 
175 84 
175 0 
175 167 
175 280 
175 11 
175 291 
175 273 
175 121 
175 145 
175 59 
175 89 
175 140 
175 294 
175 207 
175 46 
175 230 
175 197 
175 258 
175 76 
175 91 
175 304 
175 272 
175 21 
175 32 
175 260 
176 23 
176 120 
176 254 
176 59 
176 18 
176 303 
176 271 
176 155 
176 60 
176 145 
176 12 
176 67 
176 56 
176 274 
176 257 
176 121 
176 16 
176 144 
176 293 
176 212 
176 25 
176 209 
176 280 
176 185 
176 141 
176 77 
176 265 
176 72 
176 113 
176 244 
176 156 
176 122 
176 33 
176 234 
176 253 
176 171 
176 34 
176 242 
176 75 
176 168 
177 214 
177 163 
177 7 
177 255 
177 209 
177 121 
177 117 
177 198 
177 267 
177 302 
177 129 
177 239 
177 301 
177 44 
177 15 
177 201 
177 228 
177 279 
177 143 
177 28 
177 220 
177 168 
177 251 
177 184 
177 281 
177 132 
177 118 
177 221 
177 246 
177 217 
177 90 
177 195 
177 231 
177 31 
177 42 
177 307 
177 277 
177 240 
177 54 
177 127 
177 247 
177 241 
178 102 
178 113 
178 277 
178 191 
178 228 
178 150 
178 216 
178 98 
178 230 
178 173 
178 190 
178 71 
178 196 
178 170 
178 282 
178 226 
178 141 
178 52 
178 2 
178 294 
178 151 
178 85 
178 115 
178 299 
178 298 
179 95 
179 40 
179 190 
179 301 
179 270 
179 233 
179 307 
179 93 
179 133 
179 58 
179 24 
179 35 
179 115 
179 141 
179 49 
179 124 
179 268 
179 211 
179 143 
179 119 
179 122 
179 106 
179 71 
179 167 
179 140 
179 125 
179 304 
179 66 
179 135 
179 45 
179 180 
179 18 
180 199 
180 155 
180 269 
180 20 
180 214 
180 272 
180 26 
180 216 
180 64 
180 98 
180 6 
180 221 
180 249 
180 229 
180 52 
180 145 
180 86 
180 171 
180 202 
180 59 
180 71 
180 30 
180 179 
180 23 
180 279 
181 127 
181 190 
181 228 
181 130 
181 271 
181 218 
181 142 
181 203 
181 28 
181 207 
181 14 
181 83 
181 223 
181 76 
181 29 
181 19 
181 201 
181 231 
181 210 
181 157 
181 211 
181 67 
181 290 
181 131 
181 224 
181 141 
181 226 
181 171 
181 248 
181 165 
181 138 
181 17 
181 306 
181 31 
181 38 
181 185 
182 133 
182 153 
182 2 
182 75 
182 71 
182 141 
182 15 
182 295 
182 48 
182 256 
182 128 
182 27 
182 289 
182 167 
182 158 
182 194 
182 242 
182 87 
182 252 
182 144 
182 105 
182 37 
182 201 
182 170 
182 61 
182 104 
182 191 
182 68 
182 22 
182 273 
182 244 
182 247 
182 100 
182 143 
182 280 
183 119 
183 95 
183 124 
183 244 
183 110 
183 88 
183 128 
183 307 
183 13 
183 126 
183 191 
183 4 
183 220 
183 5 
183 236 
183 213 
183 204 
183 275 
183 258 
183 16 
183 105 
183 29 
183 270 
183 115 
183 251 
183 53 
183 19 
183 171 
183 266 
183 136 
183 294 
183 174 
183 193 
183 91 
183 117 
183 269 
183 303 
184 16 
184 234 
184 4 
184 43 
184 266 
184 222 
184 119 
184 302 
184 277 
184 248 
184 131 
184 293 
184 284 
184 68 
184 177 
184 170 
184 66 
184 219 
184 305 
184 257 
184 124 
184 120 
184 197 
184 243 
184 267 
184 151 
184 165 
184 49 
184 188 
184 44 
184 123 
184 121 
184 62 
184 214 
185 98 
185 86 
185 256 
185 149 
185 22 
185 205 
185 62 
185 293 
185 294 
185 84 
185 253 
185 69 
185 47 
185 58 
185 194 
185 241 
185 113 
185 262 
185 176 
185 52 
185 171 
185 61 
185 152 
185 33 
185 197 
185 181 
186 304 
186 161 
186 44 
186 263 
186 82 
186 272 
186 140 
186 273 
186 93 
186 238 
186 228 
186 300 
186 275 
186 277 
186 43 
186 137 
186 92 
186 68 
186 22 
186 214 
186 236 
186 91 
186 242 
186 148 
186 98 
186 63 
187 221 
187 142 
187 18 
187 250 
187 166 
187 223 
187 63 
187 14 
187 215 
187 189 
187 236 
187 219 
187 137 
187 40 
187 288 
187 174 
187 55 
187 246 
187 29 
187 24 
187 78 
187 286 
187 151 
187 281 
187 37 
187 27 
187 28 
187 41 
188 193 
188 153 
188 272 
188 71 
188 124 
188 107 
188 270 
188 103 
188 286 
188 59 
188 29 
188 121 
188 136 
188 262 
188 127 
188 88 
188 69 
188 184 
188 8 
188 77 
189 157 
189 129 
189 235 
189 256 
189 242 
189 112 
189 80 
189 215 
189 26 
189 9 
189 211 
189 12 
189 187 
189 60 
189 171 
189 292 
189 102 
189 38 
189 15 
189 229 
189 33 
189 307 
189 86 
189 148 
189 218 
189 232 
189 299 
189 64 
189 270 
189 51 
189 133 
189 234 
189 151 
189 263 
189 207 
189 123 
189 59 
189 290 
189 228 
189 249 
190 90 
190 143 
190 71 
190 11 
190 35 
190 181 
190 179 
190 108 
190 68 
190 16 
190 106 
190 9 
190 86 
190 172 
190 157 
190 272 
190 101 
190 178 
190 67 
190 286 
190 154 
190 215 
190 307 
190 207 
190 57 
191 290 
191 306 
191 44 
191 204 
191 143 
191 178 
191 208 
191 183 
191 52 
191 119 
191 133 
191 240 
191 259 
191 33 
191 97 
191 283 
191 13 
191 248 
191 87 
191 73 
191 228 
191 147 
191 194 
191 78 
191 109 
191 270 
191 182 
191 27 
191 164 
191 20 
191 275 
191 5 
191 221 
191 251 
191 8 
191 202 
191 233 
191 55 
191 84 
192 118 
192 229 
192 306 
192 83 
192 305 
192 74 
192 64 
192 240 
192 136 
192 296 
192 114 
192 84 
192 236 
192 81 
192 224 
192 41 
192 141 
192 218 
192 211 
192 99 
193 188 
193 242 
193 101 
193 148 
193 41 
193 170 
193 135 
193 70 
193 232 
193 14 
193 129 
193 15 
193 221 
193 272 
193 46 
193 238 
193 200 
193 294 
193 266 
193 74 
193 252 
193 55 
193 137 
193 62 
193 183 
193 248 
193 27 
193 230 
193 139 
193 157 
193 103 
194 224 
194 244 
194 48 
194 235 
194 74 
194 76 
194 43 
194 264 
194 182 
194 166 
194 143 
194 185 
194 123 
194 49 
194 279 
194 269 
194 272 
194 124 
194 199 
194 191 
194 299 
194 111 
194 44 
194 226 
194 58 
194 2 
194 263 
194 151 
194 157 
194 128 
194 94 
195 267 
195 61 
195 276 
195 148 
195 88 
195 51 
195 3 
195 136 
195 48 
195 52 
195 249 
195 77 
195 144 
195 232 
195 302 
195 115 
195 177 
195 286 
195 236 
195 24 
195 106 
195 293 
195 280 
195 50 
195 221 
195 170 
195 11 
195 57 
195 111 
196 289 
196 28 
196 17 
196 118 
196 275 
196 264 
196 53 
196 284 
196 19 
196 219 
196 74 
196 58 
196 229 
196 242 
196 127 
196 305 
196 178 
196 71 
196 40 
196 124 
196 216 
196 142 
196 65 
196 252 
196 224 
196 10 
196 304 
196 201 
196 202 
197 68 
197 253 
197 263 
197 260 
197 136 
197 57 
197 88 
197 10 
197 275 
197 76 
197 277 
197 236 
197 96 
197 276 
197 145 
197 97 
197 184 
197 265 
197 175 
197 249 
197 116 
197 155 
197 173 
197 185 
197 13 
198 18 
198 137 
198 104 
198 174 
198 144 
198 163 
198 282 
198 202 
198 49 
198 177 
198 307 
198 69 
198 262 
198 285 
198 27 
198 86 
198 157 
198 3 
198 119 
198 207 
198 67 
198 46 
198 279 
198 296 
198 99 
198 1 
198 201 
199 15 
199 291 
199 180 
199 164 
199 174 
199 18 
199 86 
199 157 
199 145 
199 273 
199 169 
199 223 
199 158 
199 149 
199 92 
199 123 
199 44 
199 220 
199 194 
199 239 
199 216 
199 297 
199 208 
199 283 
199 278 
199 236 
199 106 
199 11 
199 73 
199 235 
199 103 
199 207 
199 85 
200 213 
200 278 
200 38 
200 8 
200 114 
200 124 
200 69 
200 140 
200 1 
200 56 
200 72 
200 291 
200 269 
200 97 
200 193 
200 95 
200 161 
200 155 
200 7 
200 234 
200 298 
200 237 
200 67 
200 304 
200 96 
200 103 
200 241 
200 239 
201 89 
201 146 
201 104 
201 43 
201 7 
201 160 
201 17 
201 208 
201 177 
201 181 
201 306 
201 259 
201 182 
201 270 
201 76 
201 164 
201 237 
201 48 
201 305 
201 114 
201 56 
201 80 
201 196 
201 290 
201 273 
201 198 
201 205 
201 278 
202 133 
202 6 
202 27 
202 198 
202 109 
202 70 
202 17 
202 122 
202 38 
202 302 
202 153 
202 7 
202 114 
202 43 
202 149 
202 255 
202 296 
202 298 
202 180 
202 213 
202 87 
202 147 
202 28 
202 34 
202 196 
202 191 
202 21 
202 249 
203 33 
203 84 
203 139 
203 181 
203 228 
203 293 
203 135 
203 76 
203 123 
203 154 
203 207 
203 16 
203 170 
203 152 
203 42 
203 215 
203 171 
203 46 
203 121 
203 161 
203 97 
203 11 
203 75 
203 5 
204 253 
204 106 
204 221 
204 212 
204 243 
204 93 
204 191 
204 274 
204 14 
204 157 
204 99 
204 183 
204 171 
204 286 
204 156 
204 105 
204 1 
204 291 
204 29 
204 3 
204 228 
204 132 
204 88 
204 85 
204 143 
204 80 
204 138 
204 116 
205 262 
205 0 
205 133 
205 282 
205 142 
205 145 
205 230 
205 290 
205 66 
205 168 
205 259 
205 185 
205 161 
205 83 
205 90 
205 30 
205 248 
205 74 
205 265 
205 216 
205 61 
205 222 
205 130 
205 62 
205 211 
205 100 
205 208 
205 201 
206 138 
206 164 
206 268 
206 130 
206 169 
206 6 
206 154 
206 72 
206 20 
206 295 
206 145 
206 157 
206 61 
206 147 
206 123 
206 76 
206 8 
206 245 
206 239 
206 60 
206 108 
206 67 
206 277 
206 29 
207 275 
207 305 
207 241 
207 256 
207 160 
207 155 
207 286 
207 45 
207 259 
207 98 
207 181 
207 92 
207 43 
207 64 
207 203 
207 133 
207 14 
207 68 
207 220 
207 198 
207 6 
207 189 
207 175 
207 262 
207 265 
207 33 
207 129 
207 244 
207 190 
207 139 
207 302 
207 54 
207 163 
207 73 
207 246 
207 199 
207 84 
207 83 
208 151 
208 65 
208 126 
208 100 
208 159 
208 290 
208 19 
208 283 
208 119 
208 235 
208 301 
208 191 
208 158 
208 201 
208 152 
208 117 
208 243 
208 172 
208 220 
208 247 
208 199 
208 116 
208 146 
208 64 
208 107 
208 102 
208 145 
208 205 
209 32 
209 108 
209 31 
209 91 
209 177 
209 224 
209 59 
209 63 
209 296 
209 30 
209 162 
209 173 
209 302 
209 57 
209 43 
209 130 
209 169 
209 176 
209 212 
209 6 
209 210 
209 303 
209 109 
209 267 
209 118 
209 87 
209 286 
210 91 
210 145 
210 133 
210 170 
210 115 
210 147 
210 78 
210 154 
210 96 
210 290 
210 230 
210 181 
210 242 
210 233 
210 281 
210 249 
210 40 
210 257 
210 283 
210 209 
210 33 
210 112 
210 59 
210 305 
210 13 
210 125 
210 146 
210 94 
210 241 
210 2 
210 38 
210 239 
210 47 
211 230 
211 260 
211 3 
211 166 
211 168 
211 128 
211 170 
211 104 
211 189 
211 106 
211 78 
211 167 
211 221 
211 152 
211 181 
211 134 
211 37 
211 64 
211 179 
211 34 
211 27 
211 246 
211 145 
211 108 
211 192 
211 305 
211 215 
211 205 
211 272 
211 18 
211 101 
211 142 
212 262 
212 237 
212 275 
212 158 
212 204 
212 249 
212 140 
212 256 
212 80 
212 64 
212 46 
212 241 
212 57 
212 60 
212 279 
212 257 
212 176 
212 209 
212 47 
212 170 
212 260 
212 224 
212 148 
212 61 
212 263 
212 221 
212 216 
212 156 
212 18 
212 143 
213 200 
213 65 
213 231 
213 168 
213 290 
213 52 
213 51 
213 163 
213 142 
213 306 
213 220 
213 219 
213 277 
213 265 
213 183 
213 238 
213 158 
213 281 
213 6 
213 55 
213 141 
213 139 
213 202 
213 11 
213 214 
213 111 
213 170 
213 15 
213 267 
213 169 
213 108 
214 221 
214 177 
214 170 
214 131 
214 118 
214 171 
214 180 
214 141 
214 162 
214 85 
214 144 
214 260 
214 2 
214 46 
214 12 
214 244 
214 128 
214 222 
214 295 
214 186 
214 153 
214 101 
214 56 
214 213 
214 291 
214 4 
214 267 
214 9 
214 92 
214 161 
214 274 
214 184 
215 272 
215 227 
215 89 
215 232 
215 36 
215 189 
215 111 
215 100 
215 187 
215 238 
215 291 
215 149 
215 57 
215 6 
215 77 
215 203 
215 156 
215 54 
215 22 
215 274 
215 16 
215 42 
215 262 
215 285 
215 190 
215 150 
215 249 
215 146 
215 91 
215 211 
215 65 
215 296 
216 70 
216 151 
216 32 
216 246 
216 278 
216 161 
216 290 
216 154 
216 20 
216 180 
216 248 
216 46 
216 254 
216 178 
216 43 
216 44 
216 84 
216 127 
216 169 
216 196 
216 205 
216 199 
216 88 
216 163 
216 256 
216 303 
216 123 
216 212 
216 297 
216 54 
216 79 
216 218 
216 55 
216 81 
216 243 
217 29 
217 41 
217 137 
217 152 
217 236 
217 43 
217 163 
217 84 
217 254 
217 2 
217 155 
217 18 
217 271 
217 177 
217 69 
217 136 
217 125 
217 86 
217 148 
218 181 
218 59 
218 23 
218 11 
218 35 
218 236 
218 65 
218 157 
218 81 
218 189 
218 91 
218 149 
218 80 
218 291 
218 13 
218 154 
218 192 
218 73 
218 216 
218 21 
219 257 
219 288 
219 143 
219 76 
219 187 
219 213 
219 150 
219 74 
219 196 
219 294 
219 174 
219 172 
219 248 
219 184 
219 35 
219 259 
219 23 
219 90 
219 154 
219 115 
219 110 
219 251 
220 137 
220 49 
220 57 
220 97 
220 232 
220 64 
220 269 
220 75 
220 283 
220 132 
220 100 
220 114 
220 130 
220 53 
220 99 
220 183 
220 213 
220 161 
220 93 
220 23 
220 163 
220 177 
220 124 
220 119 
220 199 
220 111 
220 302 
220 207 
220 36 
220 162 
220 298 
220 82 
220 208 
220 9 
220 125 
220 116 
220 44 
220 154 
220 222 
220 13 
221 236 
221 214 
221 187 
221 19 
221 65 
221 169 
221 124 
221 204 
221 306 
221 13 
221 298 
221 128 
221 154 
221 142 
221 134 
221 256 
221 271 
221 211 
221 180 
221 282 
221 193 
221 226 
221 232 
221 2 
221 241 
221 268 
221 261 
221 131 
221 95 
221 102 
221 177 
221 222 
221 114 
221 20 
221 70 
221 212 
221 244 
221 293 
221 191 
221 136 
221 195 
221 77 
221 172 
222 67 
222 9 
222 237 
222 8 
222 184 
222 99 
222 85 
222 155 
222 149 
222 258 
222 228 
222 108 
222 88 
222 240 
222 25 
222 214 
222 126 
222 110 
222 44 
222 17 
222 221 
222 205 
222 60 
222 281 
222 266 
222 65 
222 220 
222 133 
222 12 
222 167 
222 270 
222 252 
222 168 
223 80 
223 1 
223 105 
223 234 
223 131 
223 74 
223 187 
223 155 
223 302 
223 25 
223 101 
223 181 
223 199 
223 87 
223 165 
223 254 
223 70 
223 78 
223 65 
223 111 
223 6 
223 46 
223 290 
223 160 
223 110 
223 116 
223 241 
223 283 
223 97 
224 194 
224 92 
224 79 
224 90 
224 209 
224 253 
224 154 
224 83 
224 60 
224 249 
224 160 
224 116 
224 227 
224 5 
224 16 
224 39 
224 117 
224 181 
224 82 
224 212 
224 235 
224 192 
224 271 
224 305 
224 161 
224 196 
224 236 
224 98 
224 304 
224 230 
224 139 
224 233 
224 287 
225 270 
225 3 
225 305 
225 4 
225 92 
225 292 
225 90 
225 298 
225 290 
225 20 
225 170 
225 24 
225 96 
225 149 
225 263 
225 271 
225 99 
225 76 
225 81 
225 118 
225 135 
225 52 
225 102 
225 103 
225 253 
225 235 
225 77 
225 245 
226 113 
226 25 
226 35 
226 22 
226 95 
226 239 
226 7 
226 140 
226 299 
226 109 
226 221 
226 156 
226 288 
226 300 
226 93 
226 9 
226 293 
226 262 
226 150 
226 178 
226 256 
226 271 
226 194 
226 181 
226 112 
226 26 
226 41 
226 107 
226 154 
226 272 
226 248 
227 23 
227 215 
227 120 
227 148 
227 30 
227 272 
227 28 
227 282 
227 252 
227 144 
227 71 
227 127 
227 163 
227 224 
227 164 
227 147 
227 16 
227 14 
227 13 
227 47 
227 273 
227 172 
227 33 
227 19 
227 240 
227 94 
227 307 
227 109 
227 239 
228 257 
228 295 
228 290 
228 181 
228 14 
228 291 
228 178 
228 222 
228 162 
228 203 
228 186 
228 284 
228 150 
228 177 
228 100 
228 124 
228 240 
228 74 
228 109 
228 191 
228 30 
228 256 
228 272 
228 304 
228 204 
228 243 
228 38 
228 260 
228 107 
228 8 
228 70 
228 121 
228 71 
228 189 
228 259 
228 280 
228 33 
228 299 
229 31 
229 192 
229 234 
229 29 
229 126 
229 171 
229 52 
229 170 
229 241 
229 76 
229 297 
229 180 
229 298 
229 189 
229 196 
229 95 
229 12 
229 107 
229 174 
229 5 
229 122 
229 268 
229 154 
229 27 
229 230 
229 97 
229 57 
229 280 
229 292 
229 61 
229 19 
229 249 
230 271 
230 9 
230 211 
230 3 
230 5 
230 289 
230 205 
230 142 
230 299 
230 277 
230 40 
230 80 
230 108 
230 276 
230 43 
230 178 
230 265 
230 105 
230 210 
230 76 
230 272 
230 52 
230 34 
230 175 
230 150 
230 68 
230 229 
230 274 
230 193 
230 101 
230 140 
230 11 
230 306 
230 242 
230 224 
230 300 
231 12 
231 69 
231 213 
231 126 
231 34 
231 33 
231 63 
231 62 
231 252 
231 163 
231 181 
231 14 
231 56 
231 98 
231 41 
231 159 
231 129 
231 23 
231 136 
231 290 
231 177 
231 78 
231 131 
231 236 
231 91 
231 153 
232 220 
232 47 
232 215 
232 40 
232 265 
232 54 
232 61 
232 279 
232 193 
232 146 
232 142 
232 297 
232 143 
232 119 
232 27 
232 10 
232 221 
232 133 
232 302 
232 88 
232 189 
232 163 
232 195 
232 58 
232 149 
232 15 
232 131 
232 16 
232 260 
232 6 
233 141 
233 46 
233 53 
233 288 
233 67 
233 4 
233 179 
233 121 
233 22 
233 172 
233 100 
233 210 
233 99 
233 74 
233 165 
233 162 
233 66 
233 149 
233 274 
233 286 
233 191 
233 224 
233 146 
234 184 
234 239 
234 110 
234 175 
234 93 
234 229 
234 300 
234 223 
234 88 
234 241 
234 122 
234 291 
234 26 
234 274 
234 6 
234 83 
234 250 
234 103 
234 81 
234 169 
234 50 
234 137 
234 200 
234 44 
234 155 
234 100 
234 96 
234 189 
234 167 
234 113 
234 159 
234 171 
234 176 
234 136 
234 65 
234 52 
234 29 
234 172 
235 135 
235 189 
235 272 
235 194 
235 56 
235 208 
235 172 
235 54 
235 133 
235 11 
235 43 
235 160 
235 26 
235 41 
235 134 
235 101 
235 170 
235 224 
235 3 
235 138 
235 18 
235 108 
235 154 
235 47 
235 85 
235 278 
235 46 
235 199 
235 225 
235 168 
236 221 
236 143 
236 113 
236 72 
236 170 
236 217 
236 29 
236 57 
236 172 
236 187 
236 70 
236 197 
236 183 
236 218 
236 121 
236 49 
236 137 
236 192 
236 48 
236 96 
236 186 
236 67 
236 285 
236 98 
236 90 
236 195 
236 10 
236 162 
236 199 
236 231 
236 224 
237 108 
237 212 
237 119 
237 138 
237 284 
237 222 
237 105 
237 155 
237 304 
237 81 
237 200 
237 25 
237 17 
237 8 
237 201 
237 7 
237 0 
238 99 
238 167 
238 265 
238 307 
238 62 
238 292 
238 281 
238 77 
238 89 
238 186 
238 215 
238 104 
238 163 
238 142 
238 278 
238 105 
238 7 
238 213 
238 193 
238 90 
238 41 
238 261 
238 108 
238 25 
238 150 
238 78 
238 293 
238 157 
238 173 
239 234 
239 173 
239 28 
239 60 
239 141 
239 226 
239 298 
239 13 
239 177 
239 132 
239 278 
239 268 
239 19 
239 79 
239 6 
239 80 
239 77 
239 267 
239 12 
239 199 
239 269 
239 276 
239 108 
239 46 
239 163 
239 206 
239 246 
239 294 
239 55 
239 133 
239 200 
239 158 
239 257 
239 210 
239 227 
240 17 
240 4 
240 109 
240 106 
240 280 
240 247 
240 268 
240 103 
240 222 
240 120 
240 191 
240 245 
240 192 
240 228 
240 156 
240 273 
240 130 
240 43 
240 104 
240 58 
240 62 
240 42 
240 125 
240 79 
240 227 
240 298 
240 80 
240 66 
240 177 
240 168 
241 284 
241 207 
241 234 
241 99 
241 5 
241 135 
241 78 
241 229 
241 243 
241 212 
241 13 
241 24 
241 52 
241 85 
241 185 
241 98 
241 221 
241 123 
241 276 
241 84 
241 163 
241 157 
241 210 
241 43 
241 260 
241 246 
241 200 
241 223 
241 165 
241 58 
241 133 
241 72 
241 168 
241 0 
241 177 
242 117 
242 193 
242 31 
242 2 
242 59 
242 189 
242 169 
242 123 
242 166 
242 110 
242 182 
242 149 
242 91 
242 111 
242 243 
242 196 
242 73 
242 210 
242 159 
242 129 
242 46 
242 98 
242 274 
242 109 
242 186 
242 277 
242 161 
242 140 
242 155 
242 42 
242 6 
242 79 
242 176 
242 69 
242 230 
243 143 
243 123 
243 55 
243 140 
243 22 
243 204 
243 121 
243 128 
243 15 
243 253 
243 26 
243 241 
243 85 
243 91 
243 34 
243 4 
243 242 
243 71 
243 208 
243 305 
243 58 
243 228 
243 2 
243 75 
243 153 
243 184 
243 278 
243 283 
243 119 
243 109 
243 261 
243 97 
243 216 
243 89 
244 183 
244 194 
244 152 
244 158 
244 172 
244 146 
244 169 
244 88 
244 161 
244 276 
244 214 
244 164 
244 140 
244 56 
244 27 
244 133 
244 252 
244 174 
244 134 
244 94 
244 21 
244 176 
244 251 
244 221 
244 162 
244 182 
244 207 
244 297 
244 271 
244 19 
244 306 
244 55 
244 277 
244 69 
244 163 
244 290 
245 82 
245 246 
245 78 
245 104 
245 132 
245 38 
245 168 
245 265 
245 240 
245 281 
245 169 
245 76 
245 66 
245 100 
245 92 
245 297 
245 154 
245 206 
245 171 
245 75 
245 257 
245 225 
246 94 
246 97 
246 28 
246 273 
246 74 
246 216 
246 19 
246 245 
246 275 
246 44 
246 169 
246 100 
246 292 
246 54 
246 89 
246 96 
246 109 
246 303 
246 187 
246 132 
246 177 
246 57 
246 80 
246 114 
246 211 
246 76 
246 50 
246 239 
246 101 
246 241 
246 130 
246 207 
246 70 
246 49 
246 165 
246 37 
247 118 
247 265 
247 102 
247 115 
247 30 
247 2 
247 240 
247 19 
247 170 
247 24 
247 272 
247 83 
247 262 
247 269 
247 151 
247 300 
247 208 
247 79 
247 147 
247 271 
247 113 
247 14 
247 70 
247 248 
247 280 
247 279 
247 171 
247 182 
247 163 
247 50 
247 9 
247 177 
248 129 
248 9 
248 33 
248 36 
248 256 
248 216 
248 184 
248 27 
248 30 
248 191 
248 255 
248 137 
248 305 
248 155 
248 219 
248 205 
248 37 
248 71 
248 181 
248 91 
248 247 
248 193 
248 55 
248 41 
248 172 
248 226 
249 298 
249 100 
249 138 
249 212 
249 98 
249 26 
249 167 
249 224 
249 130 
249 22 
249 180 
249 74 
249 48 
249 134 
249 195 
249 210 
249 11 
249 287 
249 80 
249 133 
249 88 
249 119 
249 254 
249 197 
249 215 
249 300 
249 131 
249 189 
249 229 
249 202 
250 127 
250 288 
250 187 
250 39 
250 63 
250 82 
250 29 
250 20 
250 116 
250 45 
250 99 
250 234 
250 1 
250 84 
250 283 
250 113 
250 149 
250 132 
250 121 
250 277 
250 89 
250 108 
250 34 
250 123 
251 140 
251 109 
251 272 
251 18 
251 48 
251 99 
251 277 
251 287 
251 307 
251 27 
251 4 
251 44 
251 261 
251 177 
251 172 
251 22 
251 183 
251 265 
251 136 
251 244 
251 149 
251 20 
251 191 
251 102 
251 57 
251 219 
252 133 
252 11 
252 53 
252 26 
252 125 
252 303 
252 33 
252 165 
252 287 
252 263 
252 227 
252 95 
252 119 
252 155 
252 231 
252 261 
252 182 
252 27 
252 135 
252 138 
252 244 
252 193 
252 102 
252 172 
252 46 
252 196 
252 14 
252 96 
252 10 
252 147 
252 131 
252 140 
252 77 
252 50 
252 86 
252 271 
252 41 
252 222 
253 38 
253 204 
253 91 
253 197 
253 138 
253 224 
253 96 
253 243 
253 109 
253 185 
253 254 
253 12 
253 6 
253 27 
253 296 
253 118 
253 19 
253 116 
253 305 
253 143 
253 73 
253 161 
253 262 
253 7 
253 176 
253 225 
253 76 
254 24 
254 162 
254 74 
254 176 
254 300 
254 78 
254 73 
254 86 
254 89 
254 216 
254 253 
254 105 
254 217 
254 170 
254 98 
254 223 
254 67 
254 50 
254 157 
254 62 
254 305 
254 249 
254 295 
254 2 
254 136 
254 168 
254 10 
254 97 
254 91 
254 260 
254 0 
254 80 
254 30 
255 257 
255 138 
255 177 
255 169 
255 33 
255 20 
255 19 
255 143 
255 301 
255 295 
255 202 
255 248 
255 130 
255 67 
255 261 
255 74 
255 168 
255 272 
255 123 
255 163 
255 119 
255 256 
255 98 
255 291 
256 284 
256 38 
256 189 
256 207 
256 263 
256 182 
256 212 
256 185 
256 89 
256 248 
256 269 
256 105 
256 221 
256 282 
256 120 
256 99 
256 257 
256 95 
256 260 
256 50 
256 228 
256 153 
256 130 
256 108 
256 145 
256 226 
256 258 
256 59 
256 276 
256 27 
256 307 
256 216 
256 103 
256 5 
256 85 
256 125 
256 39 
256 255 
256 169 
257 219 
257 228 
257 255 
257 307 
257 300 
257 165 
257 262 
257 296 
257 120 
257 297 
257 141 
257 284 
257 116 
257 176 
257 55 
257 77 
257 256 
257 212 
257 274 
257 266 
257 72 
257 210 
257 16 
257 184 
257 49 
257 85 
257 38 
257 102 
257 271 
257 144 
257 239 
257 245 
257 119 
257 57 
257 267 
258 90 
258 291 
258 133 
258 222 
258 183 
258 92 
258 59 
258 31 
258 49 
258 121 
258 256 
258 100 
258 86 
258 300 
258 175 
258 95 
258 111 
258 6 
258 130 
258 115 
258 141 
259 205 
259 207 
259 265 
259 173 
259 55 
259 191 
259 201 
259 172 
259 118 
259 219 
259 81 
259 262 
259 74 
259 140 
259 228 
259 124 
259 116 
260 272 
260 141 
260 121 
260 211 
260 0 
260 301 
260 295 
260 197 
260 84 
260 290 
260 305 
260 214 
260 281 
260 5 
260 261 
260 34 
260 283 
260 174 
260 10 
260 256 
260 49 
260 123 
260 307 
260 80 
260 228 
260 212 
260 64 
260 86 
260 279 
260 3 
260 46 
260 241 
260 254 
260 97 
260 232 
260 175 
261 156 
261 6 
261 107 
261 39 
261 82 
261 77 
261 32 
261 135 
261 18 
261 136 
261 8 
261 265 
261 130 
261 260 
261 252 
261 116 
261 79 
261 13 
261 251 
261 305 
261 221 
261 238 
261 255 
261 170 
261 10 
261 112 
261 144 
261 127 
261 121 
261 119 
261 21 
261 243 
261 12 
262 174 
262 205 
262 81 
262 212 
262 114 
262 257 
262 70 
262 198 
262 132 
262 22 
262 56 
262 26 
262 188 
262 247 
262 84 
262 185 
262 226 
262 7 
262 207 
262 157 
262 253 
262 215 
262 300 
262 63 
262 14 
262 287 
262 259 
262 94 
262 266 
262 127 
263 288 
263 41 
263 283 
263 186 
263 120 
263 256 
263 197 
263 294 
263 252 
263 35 
263 281 
263 266 
263 28 
263 225 
263 94 
263 73 
263 137 
263 87 
263 301 
263 14 
263 163 
263 189 
263 166 
263 212 
263 46 
263 194 
263 105 
263 82 
263 268 
264 283 
264 40 
264 33 
264 60 
264 268 
264 4 
264 167 
264 194 
264 196 
264 146 
264 82 
264 83 
264 298 
264 139 
264 156 
264 24 
264 53 
265 172 
265 284 
265 44 
265 110 
265 34 
265 247 
265 120 
265 238 
265 232 
265 159 
265 158 
265 259 
265 261 
265 109 
265 245 
265 129 
265 213 
265 230 
265 91 
265 146 
265 305 
265 205 
265 277 
265 176 
265 207 
265 251 
265 197 
265 297 
265 69 
265 100 
265 76 
266 270 
266 275 
266 49 
266 184 
266 293 
266 68 
266 263 
266 5 
266 35 
266 257 
266 92 
266 193 
266 66 
266 153 
266 183 
266 157 
266 39 
266 148 
266 222 
266 0 
266 136 
266 262 
267 195 
267 177 
267 92 
267 39 
267 154 
267 163 
267 239 
267 134 
267 95 
267 275 
267 209 
267 137 
267 94 
267 300 
267 304 
267 184 
267 43 
267 115 
267 213 
267 214 
267 165 
267 55 
267 290 
267 292 
267 257 
268 113 
268 264 
268 71 
268 92 
268 103 
268 87 
268 279 
268 206 
268 151 
268 17 
268 6 
268 100 
268 240 
268 28 
268 239 
268 16 
268 38 
268 221 
268 129 
268 85 
268 179 
268 134 
268 86 
268 270 
268 143 
268 229 
268 111 
268 272 
268 62 
268 290 
268 263 
268 288 
269 3 
269 220 
269 28 
269 180 
269 26 
269 256 
269 158 
269 83 
269 29 
269 95 
269 285 
269 200 
269 194 
269 160 
269 247 
269 9 
269 145 
269 96 
269 289 
269 288 
269 239 
269 275 
269 156 
269 67 
269 183 
269 296 
269 141 
269 166 
269 55 
270 225 
270 266 
270 274 
270 52 
270 89 
270 145 
270 271 
270 55 
270 26 
270 43 
270 34 
270 179 
270 188 
270 173 
270 133 
270 147 
270 2 
270 38 
270 183 
270 201 
270 189 
270 143 
270 191 
270 272 
270 268 
270 304 
270 142 
270 44 
270 80 
270 222 
270 124 
270 120 
271 230 
271 58 
271 270 
271 176 
271 284 
271 90 
271 20 
271 181 
271 135 
271 148 
271 88 
271 81 
271 221 
271 76 
271 23 
271 225 
271 119 
271 217 
271 226 
271 247 
271 224 
271 283 
271 299 
271 77 
271 244 
271 152 
271 108 
271 257 
271 252 
272 260 
272 117 
272 40 
272 188 
272 215 
272 26 
272 235 
272 140 
272 251 
272 186 
272 227 
272 162 
272 64 
272 127 
272 79 
272 180 
272 86 
272 84 
272 276 
272 190 
272 24 
272 147 
272 193 
272 194 
272 247 
272 23 
272 136 
272 159 
272 228 
272 230 
272 270 
272 71 
272 45 
272 292 
272 255 
272 41 
272 82 
272 280 
272 66 
272 211 
272 175 
272 76 
272 268 
272 226 
272 299 
273 282 
273 276 
273 54 
273 31 
273 246 
273 186 
273 160 
273 50 
273 92 
273 199 
273 284 
273 175 
273 144 
273 13 
273 12 
273 43 
273 240 
273 172 
273 77 
273 227 
273 7 
273 122 
273 182 
273 107 
273 97 
273 21 
273 141 
273 201 
274 270 
274 133 
274 169 
274 99 
274 162 
274 204 
274 295 
274 110 
274 92 
274 164 
274 49 
274 234 
274 142 
274 176 
274 279 
274 67 
274 85 
274 9 
274 116 
274 257 
274 37 
274 119 
274 215 
274 10 
274 66 
274 242 
274 35 
274 104 
274 233 
274 230 
274 160 
274 214 
274 22 
274 65 
274 15 
274 94 
275 207 
275 9 
275 45 
275 21 
275 266 
275 212 
275 306 
275 53 
275 52 
275 33 
275 115 
275 246 
275 129 
275 55 
275 196 
275 197 
275 165 
275 124 
275 114 
275 183 
275 186 
275 11 
275 158 
275 269 
275 69 
275 267 
275 191 
275 157 
275 36 
275 61 
275 169 
275 292 
276 273 
276 1 
276 195 
276 301 
276 292 
276 272 
276 230 
276 46 
276 39 
276 244 
276 16 
276 289 
276 174 
276 45 
276 241 
276 85 
276 197 
276 239 
276 302 
276 256 
276 93 
276 153 
276 8 
277 178 
277 46 
277 32 
277 142 
277 251 
277 18 
277 139 
277 99 
277 230 
277 197 
277 184 
277 213 
277 119 
277 82 
277 147 
277 286 
277 186 
277 58 
277 77 
277 265 
277 16 
277 166 
277 70 
277 250 
277 242 
277 85 
277 177 
277 17 
277 244 
277 206 
277 297 
278 200 
278 33 
278 10 
278 62 
278 298 
278 153 
278 216 
278 96 
278 158 
278 30 
278 238 
278 239 
278 133 
278 26 
278 139 
278 19 
278 11 
278 287 
278 88 
278 110 
278 73 
278 111 
278 94 
278 160 
278 87 
278 116 
278 199 
278 235 
278 243 
278 25 
278 118 
278 92 
278 291 
278 42 
278 304 
278 201 
279 304 
279 124 
279 268 
279 166 
279 232 
279 306 
279 274 
279 177 
279 2 
279 212 
279 194 
279 57 
279 143 
279 66 
279 63 
279 76 
279 305 
279 0 
279 129 
279 295 
279 171 
279 260 
279 282 
279 62 
279 198 
279 247 
279 138 
279 165 
279 122 
279 101 
279 134 
279 180 
280 61 
280 126 
280 67 
280 162 
280 147 
280 175 
280 240 
280 45 
280 93 
280 150 
280 115 
280 163 
280 176 
280 23 
280 153 
280 79 
280 247 
280 272 
280 13 
280 83 
280 68 
280 27 
280 195 
280 228 
280 229 
280 288 
280 42 
280 144 
280 182 
281 294 
281 148 
281 98 
281 238 
281 169 
281 83 
281 77 
281 112 
281 260 
281 263 
281 299 
281 106 
281 36 
281 53 
281 245 
281 295 
281 40 
281 213 
281 111 
281 177 
281 210 
281 87 
281 282 
281 222 
281 130 
281 300 
281 6 
281 86 
281 63 
281 187 
281 34 
281 24 
281 128 
282 273 
282 205 
282 62 
282 198 
282 227 
282 256 
282 296 
282 90 
282 131 
282 22 
282 221 
282 5 
282 293 
282 6 
282 166 
282 146 
282 72 
282 26 
282 178 
282 105 
282 121 
282 292 
282 281 
282 279 
282 11 
283 264 
283 263 
283 134 
283 23 
283 123 
283 37 
283 94 
283 220 
283 170 
283 208 
283 175 
283 172 
283 104 
283 101 
283 162 
283 284 
283 260 
283 191 
283 131 
283 90 
283 22 
283 161 
283 33 
283 140 
283 250 
283 166 
283 302 
283 25 
283 210 
283 55 
283 103 
283 174 
283 199 
283 271 
283 28 
283 99 
283 95 
283 66 
283 243 
283 69 
283 149 
283 223 
284 6 
284 241 
284 99 
284 256 
284 265 
284 86 
284 58 
284 237 
284 133 
284 16 
284 271 
284 167 
284 257 
284 79 
284 291 
284 273 
284 196 
284 85 
284 228 
284 283 
284 78 
284 174 
284 94 
284 184 
284 128 
284 57 
284 50 
284 9 
284 299 
284 157 
284 55 
284 117 
285 60 
285 15 
285 57 
285 139 
285 13 
285 147 
285 27 
285 84 
285 114 
285 158 
285 76 
285 144 
285 80 
285 104 
285 54 
285 198 
285 269 
285 68 
285 14 
285 8 
285 99 
285 83 
285 101 
285 94 
285 89 
285 38 
285 161 
285 85 
285 30 
285 236 
285 163 
285 215 
285 48 
286 40 
286 136 
286 103 
286 79 
286 145 
286 3 
286 1 
286 99 
286 207 
286 66 
286 290 
286 298 
286 188 
286 96 
286 49 
286 23 
286 277 
286 89 
286 204 
286 293 
286 173 
286 155 
286 138 
286 190 
286 134 
286 148 
286 187 
286 195 
286 209 
286 233 
286 144 
286 300 
287 3 
287 157 
287 69 
287 105 
287 6 
287 27 
287 36 
287 252 
287 251 
287 94 
287 149 
287 97 
287 147 
287 52 
287 167 
287 300 
287 278 
287 29 
287 81 
287 98 
287 129 
287 88 
287 249 
287 23 
287 96 
287 262 
287 54 
287 55 
287 66 
287 172 
287 121 
287 71 
287 44 
287 224 
288 263 
288 48 
288 219 
288 300 
288 250 
288 233 
288 141 
288 28 
288 109 
288 4 
288 75 
288 134 
288 187 
288 147 
288 226 
288 19 
288 105 
288 117 
288 145 
288 83 
288 269 
288 3 
288 61 
288 2 
288 113 
288 45 
288 155 
288 280 
288 70 
288 268 
288 305 
288 72 
289 196 
289 17 
289 230 
289 61 
289 81 
289 182 
289 30 
289 91 
289 10 
289 39 
289 131 
289 9 
289 276 
289 145 
289 269 
289 48 
289 32 
289 97 
289 40 
289 305 
289 116 
289 164 
289 68 
289 44 
289 29 
290 191 
290 38 
290 133 
290 54 
290 143 
290 51 
290 228 
290 48 
290 208 
290 213 
290 205 
290 114 
290 139 
290 216 
290 260 
290 225 
290 286 
290 83 
290 40 
290 117 
290 170 
290 121 
290 210 
290 25 
290 137 
290 20 
290 181 
290 68 
290 33 
290 231 
290 94 
290 52 
290 305 
290 223 
290 135 
290 138 
290 189 
290 268 
290 84 
290 201 
290 267 
290 244 
290 50 
291 199 
291 61 
291 114 
291 300 
291 158 
291 296 
291 258 
291 228 
291 299 
291 107 
291 234 
291 37 
291 145 
291 215 
291 284 
291 175 
291 131 
291 84 
291 200 
291 115 
291 73 
291 204 
291 94 
291 218 
291 93 
291 72 
291 214 
291 167 
291 79 
291 136 
291 31 
291 103 
291 96 
291 255 
291 278 
291 104 
292 138 
292 71 
292 62 
292 4 
292 120 
292 225 
292 238 
292 112 
292 117 
292 276 
292 78 
292 53 
292 95 
292 246 
292 19 
292 189 
292 52 
292 79 
292 36 
292 282 
292 32 
292 300 
292 47 
292 294 
292 77 
292 272 
292 163 
292 2 
292 132 
292 229 
292 11 
292 267 
292 275 
293 94 
293 11 
293 185 
293 85 
293 203 
293 266 
293 282 
293 184 
293 286 
293 158 
293 176 
293 8 
293 226 
293 43 
293 49 
293 56 
293 10 
293 221 
293 238 
293 131 
293 4 
293 99 
293 195 
293 170 
294 3 
294 281 
294 25 
294 96 
294 263 
294 185 
294 10 
294 219 
294 84 
294 90 
294 102 
294 125 
294 193 
294 115 
294 2 
294 70 
294 94 
294 175 
294 140 
294 292 
294 121 
294 86 
294 93 
294 183 
294 178 
294 72 
294 239 
294 16 
294 155 
294 28 
294 81 
295 228 
295 61 
295 182 
295 51 
295 260 
295 85 
295 274 
295 79 
295 60 
295 107 
295 174 
295 300 
295 206 
295 100 
295 281 
295 72 
295 255 
295 153 
295 279 
295 127 
295 214 
295 53 
295 254 
295 10 
295 50 
295 45 
295 101 
296 10 
296 147 
296 38 
296 53 
296 94 
296 59 
296 257 
296 291 
296 81 
296 209 
296 282 
296 137 
296 253 
296 133 
296 202 
296 138 
296 192 
296 18 
296 198 
296 92 
296 144 
296 143 
296 100 
296 215 
296 269 
296 152 
296 44 
297 91 
297 5 
297 1 
297 95 
297 123 
297 257 
297 305 
297 232 
297 31 
297 12 
297 114 
297 229 
297 68 
297 245 
297 8 
297 64 
297 199 
297 55 
297 265 
297 120 
297 216 
297 137 
297 244 
297 74 
297 277 
297 160 
298 113 
298 141 
298 249 
298 138 
298 278 
298 221 
298 9 
298 82 
298 239 
298 225 
298 73 
298 19 
298 286 
298 58 
298 264 
298 302 
298 229 
298 166 
298 116 
298 34 
298 22 
298 200 
298 220 
298 202 
298 147 
298 87 
298 118 
298 240 
298 74 
298 79 
298 84 
298 178 
298 43 
298 163 
299 153 
299 116 
299 94 
299 16 
299 291 
299 230 
299 34 
299 226 
299 171 
299 71 
299 49 
299 124 
299 281 
299 31 
299 168 
299 189 
299 194 
299 284 
299 20 
299 160 
299 70 
299 163 
299 136 
299 123 
299 106 
299 271 
299 58 
299 105 
299 35 
299 178 
299 272 
299 228 
300 92 
300 254 
300 257 
300 288 
300 234 
300 291 
300 146 
300 82 
300 2 
300 168 
300 148 
300 295 
300 186 
300 124 
300 58 
300 226 
300 70 
300 39 
300 287 
300 247 
300 129 
300 52 
300 292 
300 7 
300 142 
300 262 
300 258 
300 43 
300 166 
300 267 
300 281 
300 112 
300 249 
300 61 
300 172 
300 106 
300 15 
300 110 
300 230 
300 144 
300 286 
301 136 
301 10 
301 119 
301 260 
301 179 
301 22 
301 208 
301 5 
301 276 
301 80 
301 57 
301 31 
301 139 
301 177 
301 9 
301 255 
301 171 
301 78 
301 71 
301 61 
301 263 
301 90 
301 15 
301 99 
301 143 
301 46 
301 14 
302 82 
302 46 
302 169 
302 9 
302 87 
302 184 
302 177 
302 209 
302 202 
302 120 
302 223 
302 109 
302 102 
302 75 
302 307 
302 298 
302 232 
302 28 
302 31 
302 112 
302 283 
302 220 
302 149 
302 101 
302 138 
302 306 
302 125 
302 78 
302 71 
302 195 
302 58 
302 276 
302 124 
302 207 
302 43 
302 97 
303 143 
303 176 
303 146 
303 40 
303 252 
303 7 
303 85 
303 152 
303 163 
303 87 
303 121 
303 115 
303 246 
303 55 
303 306 
303 60 
303 105 
303 209 
303 165 
303 89 
303 109 
303 216 
303 151 
303 119 
303 183 
304 186 
304 279 
304 28 
304 168 
304 18 
304 45 
304 48 
304 114 
304 68 
304 87 
304 88 
304 40 
304 237 
304 106 
304 228 
304 145 
304 307 
304 179 
304 267 
304 270 
304 200 
304 175 
304 196 
304 14 
304 224 
304 278 
305 4 
305 145 
305 207 
305 225 
305 52 
305 21 
305 157 
305 79 
305 99 
305 5 
305 297 
305 146 
305 260 
305 1 
305 192 
305 101 
305 261 
305 279 
305 248 
305 196 
305 253 
305 265 
305 243 
305 60 
305 184 
305 210 
305 7 
305 114 
305 254 
305 224 
305 289 
305 88 
305 87 
305 290 
305 173 
305 201 
305 27 
305 211 
305 152 
305 16 
305 288 
306 275 
306 192 
306 173 
306 221 
306 132 
306 191 
306 9 
306 39 
306 71 
306 91 
306 279 
306 213 
306 172 
306 167 
306 158 
306 74 
306 142 
306 136 
306 201 
306 303 
306 106 
306 302 
306 101 
306 181 
306 157 
306 78 
306 244 
306 87 
306 230 
307 257 
307 122 
307 113 
307 183 
307 238 
307 110 
307 66 
307 198 
307 22 
307 179 
307 251 
307 302 
307 189 
307 32 
307 14 
307 86 
307 260 
307 108 
307 304 
307 41 
307 256 
307 190 
307 177 
307 125 
307 227 
307 1 
307 158 
307 33 
307 159 
