0 305 22 312 342 389 19 191 369 292 221 124 372 316 142 123 52 117 193 309 223 267 33 134 208 233 311 370 371 86 92 144 321 253 378 268 298 69 345 141 183 
1 399 271 27 369 143 243 105 237 265 227 22 39 318 152 371 251 299 120 130 336 14 168 390 244 321 239 170 295 397 115 379 56 358 362 
2 283 184 222 57 255 219 54 380 206 139 326 212 291 278 272 312 297 168 234 29 239 131 126 159 323 188 271 23 58 229 240 167 237 213 296 161 
3 49 177 290 336 142 133 215 298 366 169 370 372 104 110 228 140 127 36 168 106 166 259 59 293 14 256 62 236 39 316 205 41 42 
4 7 222 214 179 16 98 82 317 319 268 386 314 396 288 114 361 284 184 320 99 283 149 322 155 238 54 194 146 324 389 35 350 323 213 
5 6 134 391 195 128 300 100 337 28 353 132 9 292 137 114 370 315 368 161 46 129 185 101 340 196 127 363 244 157 26 97 316 104 
6 61 5 146 252 313 230 209 378 138 179 182 187 153 207 68 301 256 302 318 319 306 166 161 81 148 390 51 80 134 145 290 308 271 267 305 124 25 221 367 
7 27 355 385 4 207 84 214 91 367 261 270 268 94 76 311 240 317 44 384 391 229 319 15 251 237 258 233 230 182 186 349 224 133 196 225 172 25 93 46 134 
8 103 10 62 364 321 259 241 137 275 153 129 40 155 86 377 395 190 166 89 159 82 343 114 105 108 151 122 362 127 210 29 217 310 315 128 260 266 329 181 134 394 
9 143 166 19 361 261 238 388 306 392 296 147 364 88 49 275 5 13 354 227 144 63 122 269 91 376 300 46 326 189 181 192 163 47 22 
10 282 95 8 284 378 296 266 288 387 200 127 314 90 18 144 135 164 301 125 302 181 180 141 82 265 375 379 53 397 241 196 99 207 259 317 179 325 275 247 280 358 
11 76 53 299 228 239 185 111 94 385 177 87 395 112 181 149 340 146 292 59 314 370 204 21 35 325 318 138 41 344 351 398 300 198 276 122 36 72 295 307 244 
12 63 361 384 320 312 349 357 83 229 284 36 363 362 218 247 126 283 89 58 252 164 180 373 398 116 148 32 295 330 95 314 233 188 47 162 249 274 
13 363 160 343 368 164 397 320 56 104 274 83 261 127 335 9 267 295 390 132 379 287 51 197 322 184 141 382 313 157 166 88 284 344 334 225 139 213 33 352 266 
14 225 77 112 68 303 23 47 281 100 56 250 180 358 129 80 300 130 166 342 1 311 67 119 3 133 340 394 158 326 154 319 248 188 371 78 
15 124 351 26 83 367 155 143 76 314 177 338 382 59 181 148 369 194 88 284 84 159 41 7 60 308 309 196 38 281 119 117 368 292 33 348 398 28 286 21 
16 180 202 96 183 356 41 144 177 4 235 260 92 344 212 231 22 289 290 200 39 275 314 93 58 257 331 108 47 181 130 124 272 83 378 189 208 341 397 217 109 152 304 
17 253 317 136 391 100 173 303 227 397 271 172 131 91 348 201 309 139 105 387 302 386 57 155 120 273 61 121 31 113 292 124 37 283 132 84 81 
18 123 282 55 384 252 187 38 305 310 279 128 82 10 287 386 170 62 316 66 343 231 334 25 23 22 105 152 60 121 268 336 107 308 209 88 181 
19 57 220 9 111 51 351 0 236 181 43 93 287 390 335 240 331 260 193 281 272 244 267 98 192 228 255 328 361 322 50 136 34 
20 275 123 397 217 308 21 315 265 304 77 203 279 333 260 73 22 255 355 230 102 249 
21 340 58 118 369 245 95 354 83 156 47 386 20 106 380 320 335 263 236 124 346 307 322 25 304 274 11 235 366 181 314 97 96 141 15 392 71 
22 179 195 375 300 133 349 161 0 319 267 107 66 76 244 374 73 352 1 46 330 335 24 240 115 43 362 16 283 147 30 130 370 146 83 183 75 340 200 180 393 18 20 295 154 258 122 342 171 34 302 87 256 151 346 380 9 305 
23 161 312 147 287 188 299 45 256 265 333 102 70 90 14 228 388 296 288 294 117 206 318 191 74 28 373 364 18 81 156 198 291 224 339 96 2 135 310 398 369 267 337 171 24 
24 333 48 31 95 273 119 371 65 152 62 82 151 336 22 121 79 143 26 372 253 85 379 86 224 285 397 124 25 276 298 332 290 331 206 37 126 183 286 23 
25 63 253 388 358 64 167 346 178 194 94 349 378 117 326 114 309 341 40 276 371 283 396 154 119 350 21 348 18 46 372 139 339 236 145 87 163 263 24 6 231 93 100 7 393 296 77 243 
26 74 172 385 156 15 37 81 89 207 371 171 73 386 369 378 75 299 24 263 135 242 107 194 370 350 55 165 377 76 170 28 338 353 5 397 256 312 247 196 373 
27 49 7 249 100 264 1 156 40 219 211 389 336 58 202 299 369 309 181 331 105 213 344 327 158 189 285 186 359 30 179 332 95 184 125 278 67 89 345 349 130 154 162 334 395 163 114 93 224 50 152 
28 390 151 349 362 301 395 219 58 5 127 103 171 134 264 23 213 271 316 377 205 156 333 325 245 160 222 369 164 51 124 357 26 114 44 49 15 223 65 
29 235 73 202 71 377 360 110 190 104 106 257 136 246 129 399 163 369 149 69 335 398 86 321 166 260 103 254 284 2 329 347 237 135 8 188 291 323 208 
30 51 167 311 206 349 117 68 356 142 376 367 224 32 331 121 22 301 27 385 391 131 162 164 297 61 234 97 109 362 203 236 137 101 240 159 115 363 35 67 233 132 
31 159 250 50 24 217 62 310 249 392 168 259 110 256 177 131 355 244 165 228 302 340 46 122 17 154 153 269 370 86 271 346 353 139 378 180 352 275 
32 97 314 369 320 148 289 364 76 153 117 178 288 30 183 359 212 210 396 52 343 292 39 182 49 170 58 99 114 62 12 388 335 194 203 224 377 378 385 74 96 303 229 329 
33 110 243 349 314 208 109 323 331 321 194 36 244 268 210 136 125 307 328 40 224 77 376 115 0 386 330 39 68 104 15 180 114 215 172 79 13 74 384 38 169 216 
34 374 336 276 185 297 304 170 262 256 398 75 113 379 373 59 37 194 97 190 366 257 84 121 289 378 153 150 161 389 253 363 118 22 360 215 303 183 19 
35 290 45 294 269 258 76 358 119 263 61 324 343 170 204 83 389 11 100 366 219 253 128 360 145 372 4 225 30 132 274 98 222 340 385 
36 142 339 268 326 144 200 118 79 151 270 340 33 71 104 12 265 325 323 211 386 152 303 217 86 248 371 123 204 235 84 359 107 3 306 362 95 173 230 381 108 139 11 361 
37 329 200 387 165 26 164 39 112 34 221 60 242 38 291 366 283 292 159 100 188 305 277 197 370 374 367 161 240 190 304 160 17 265 119 24 298 154 
38 62 235 179 163 220 18 199 252 249 122 176 234 288 396 52 68 306 309 37 323 264 304 185 125 15 70 96 76 207 85 186 189 298 44 251 33 391 
39 290 371 165 107 112 44 89 175 354 181 396 106 37 1 234 368 251 125 222 49 291 94 323 386 239 198 16 277 103 32 287 363 241 58 312 153 385 87 216 137 327 262 64 104 321 122 33 313 102 359 229 3 
40 393 149 387 115 27 204 196 50 398 41 229 8 124 114 25 221 297 366 33 207 381 58 238 347 320 128 178 354 322 52 357 
41 118 343 62 92 370 207 369 16 335 362 40 216 388 333 225 163 159 115 246 140 337 211 256 243 342 160 15 47 120 263 308 11 210 230 64 314 273 215 153 46 84 77 328 232 292 86 254 227 172 3 141 
42 191 212 120 211 109 129 272 197 199 241 154 389 84 185 326 254 230 382 74 145 87 325 354 323 259 210 233 43 276 355 160 161 251 388 203 335 98 383 346 369 334 237 339 3 
43 186 125 60 72 323 330 105 19 22 195 242 334 68 53 201 203 42 163 69 61 305 94 309 206 277 103 296 130 
44 225 50 39 289 156 233 256 392 109 136 107 116 343 73 286 7 180 396 81 203 144 276 77 139 270 311 185 146 333 85 334 290 99 387 75 28 247 38 209 127 132 
45 94 35 23 229 334 169 378 92 286 61 180 145 144 394 353 172 238 231 338 275 175 292 270 343 159 107 163 274 339 306 164 46 332 399 361 324 114 123 395 298 181 
46 83 332 118 60 296 22 348 297 177 377 57 374 342 326 218 204 25 186 5 88 31 265 378 216 277 135 9 41 243 45 7 
47 70 249 357 124 291 337 21 332 120 80 140 150 14 160 347 74 127 56 126 165 298 245 242 173 262 392 195 382 41 241 16 125 373 49 135 130 194 211 207 235 311 154 12 292 9 368 321 
48 311 295 256 24 340 106 108 49 144 268 244 297 122 279 98 231 87 230 388 90 264 74 137 301 102 236 255 214 77 
49 27 302 3 235 326 258 48 225 341 150 217 39 120 216 269 9 251 124 270 32 195 130 357 47 236 128 168 314 50 28 300 190 97 
50 168 102 325 217 107 255 31 303 314 129 274 44 347 162 40 386 310 277 60 118 353 91 231 157 194 258 233 206 329 79 120 180 326 78 262 158 181 392 204 283 49 100 19 312 159 264 27 226 75 
51 58 30 101 60 286 173 19 255 375 203 216 126 342 149 388 174 160 6 61 90 13 334 253 369 194 28 387 139 70 182 86 263 
52 264 57 164 257 140 260 374 209 38 92 200 0 32 373 246 173 80 59 265 176 76 289 206 143 319 297 40 62 
53 330 11 63 398 358 325 185 73 319 372 109 383 221 155 293 123 355 242 139 184 326 153 137 310 198 82 43 226 382 288 244 259 10 363 256 154 72 171 378 331 162 
54 173 56 254 269 326 368 125 2 87 175 277 276 293 321 329 207 206 385 278 135 208 4 121 339 354 390 233 220 
55 112 18 138 98 386 168 222 201 283 264 387 221 252 303 316 211 238 318 355 92 148 196 376 368 347 214 223 311 275 26 94 308 381 281 282 56 340 272 324 306 
56 372 290 167 54 341 113 133 364 67 292 227 13 241 14 93 86 131 225 47 176 84 155 120 302 198 303 388 280 235 274 354 98 262 245 211 125 270 276 315 199 161 1 55 174 90 271 
57 19 52 209 2 343 378 373 189 182 396 371 46 63 292 347 214 310 159 321 108 106 17 314 130 271 124 64 160 324 142 67 88 289 190 233 79 248 
58 134 21 51 304 352 324 311 128 112 27 256 284 367 153 28 376 230 307 326 194 148 291 302 356 127 12 125 104 16 207 39 32 364 40 116 333 108 278 323 2 97 129 138 140 
59 202 112 393 379 240 292 253 300 381 34 15 314 103 62 339 380 252 353 219 245 11 378 386 130 217 64 52 124 128 276 3 205 168 273 199 222 129 282 238 375 333 391 
60 333 43 237 111 51 46 68 233 192 37 50 155 335 288 109 245 275 179 174 70 15 272 236 292 293 18 188 73 96 274 90 118 115 97 300 
61 210 275 6 218 86 154 101 345 223 45 328 303 381 260 285 116 183 35 122 219 51 30 104 265 329 221 43 110 191 114 17 262 317 132 344 302 
62 38 290 395 41 138 160 238 31 8 79 381 24 368 318 335 167 59 149 151 359 245 18 147 179 363 200 155 303 32 135 316 98 97 156 3 330 142 291 52 
63 12 25 81 255 261 53 339 318 113 253 329 177 396 182 175 344 57 74 219 188 9 343 314 384 332 283 238 136 94 323 144 362 335 321 315 324 130 141 
64 96 333 25 68 299 279 347 191 345 211 112 75 321 252 176 91 397 93 198 95 148 393 79 59 296 159 348 250 171 41 295 39 57 350 153 368 179 313 
65 234 151 120 114 323 273 211 196 195 24 212 91 374 181 338 76 345 100 89 202 267 241 66 351 335 362 349 68 301 236 70 218 231 67 28 356 101 81 
66 97 22 285 165 108 373 138 102 375 388 126 111 72 328 77 374 330 237 158 264 18 263 298 390 65 171 318 250 322 177 188 335 252 213 383 377 356 179 
67 153 238 358 368 331 56 372 173 154 78 389 110 213 197 147 83 181 182 151 27 94 14 82 298 231 332 159 314 57 104 208 254 30 65 98 348 71 260 106 
68 326 287 64 261 294 285 338 14 195 283 348 275 183 30 310 235 60 6 389 193 302 362 274 152 116 43 38 373 298 347 361 255 91 65 93 242 280 33 151 217 309 269 
69 339 244 176 327 153 203 305 241 334 392 189 111 120 310 394 253 260 269 29 163 83 235 155 321 297 252 43 106 326 302 123 0 214 98 304 158 73 
70 335 47 396 281 394 282 255 155 23 235 220 176 99 376 333 264 97 219 168 100 226 190 313 136 60 348 233 374 290 385 248 38 312 372 140 65 71 113 154 345 51 74 72 
71 98 29 324 90 213 99 196 192 138 36 339 185 108 161 117 228 321 381 127 243 313 83 110 240 253 201 360 70 67 329 333 21 162 
72 162 178 336 105 331 43 316 212 399 186 120 349 153 130 66 243 296 116 94 396 231 124 288 151 137 380 128 346 109 53 117 220 341 188 224 11 252 70 
73 376 265 77 29 53 339 22 223 327 26 396 215 367 164 80 156 207 92 210 252 44 102 352 20 119 277 139 365 203 60 152 129 78 180 200 69 
74 26 372 211 218 341 168 196 260 329 309 206 338 127 165 80 199 116 106 304 177 97 47 42 63 90 398 380 23 210 122 94 237 161 32 48 386 154 98 92 124 70 374 33 383 
75 85 306 334 324 131 237 294 356 328 251 77 64 34 99 164 127 242 26 180 91 258 193 88 152 22 108 359 234 197 330 154 249 299 110 157 312 292 227 238 183 256 229 44 343 216 50 391 
76 326 159 11 284 353 282 233 22 35 381 32 161 15 318 118 134 81 138 375 251 97 370 275 136 65 190 7 89 114 384 121 396 147 175 203 214 52 311 38 390 26 278 195 321 383 162 
77 263 73 131 168 14 386 111 146 75 329 144 118 66 156 275 189 361 304 20 221 169 114 164 33 363 44 295 216 203 222 93 41 225 106 362 359 316 205 183 277 25 99 48 305 223 220 336 
78 161 98 156 289 253 357 123 252 259 306 392 67 311 261 365 129 173 164 246 193 190 191 208 242 368 399 227 99 157 159 217 340 50 393 345 170 73 206 142 152 14 
79 195 332 352 222 239 62 36 263 347 165 24 94 290 320 199 297 206 218 64 220 392 140 187 283 383 98 229 360 50 213 112 359 396 33 307 399 57 
80 373 216 270 196 47 74 313 93 73 225 390 187 263 14 99 396 309 254 105 52 251 6 166 200 293 147 148 121 145 207 308 
81 63 358 177 26 162 126 76 161 264 148 274 308 195 6 276 44 330 23 102 149 197 382 314 132 286 335 275 118 334 233 202 17 311 65 
82 208 167 235 240 267 249 322 363 172 301 24 4 158 302 367 144 305 18 393 276 189 207 361 53 262 146 374 114 10 379 256 303 263 8 104 210 67 173 317 350 358 378 87 233 360 174 366 286 273 126 312 
83 46 225 15 220 139 233 21 115 123 295 247 12 117 239 355 312 206 155 102 193 94 13 308 167 365 22 273 67 388 321 354 35 281 300 69 71 368 234 147 275 186 203 332 322 137 16 144 121 272 369 348 217 
84 339 127 147 175 369 385 228 116 7 152 267 119 299 345 163 42 117 362 167 274 34 361 56 380 15 136 166 36 314 176 234 212 320 383 392 41 270 141 317 329 94 87 344 17 
85 75 122 143 251 152 104 312 205 355 380 237 269 123 277 202 283 394 326 91 278 317 24 388 309 361 313 145 38 44 146 137 353 
86 271 326 141 245 303 61 387 137 373 216 132 354 222 154 223 316 56 224 124 8 284 29 36 269 327 148 256 364 24 370 292 386 275 185 118 145 0 272 120 41 31 51 333 
87 166 239 230 396 243 96 359 339 127 54 373 145 204 11 281 294 236 336 367 163 134 191 42 248 48 371 39 25 386 97 362 82 22 84 235 164 105 186 
88 118 271 190 114 258 123 232 276 350 169 347 208 273 9 75 15 149 196 245 103 46 260 363 252 325 13 382 286 100 57 268 306 297 302 263 318 388 18 101 
89 207 248 127 305 129 26 375 253 270 39 93 187 152 200 257 123 285 139 163 243 132 239 65 76 222 12 8 133 27 172 363 229 351 238 395 374 316 312 283 330 114 
90 71 164 331 189 23 343 153 10 208 191 227 314 74 220 308 371 259 342 51 261 108 48 375 60 350 269 230 380 337 315 245 177 56 
91 262 234 264 131 99 7 65 219 153 75 17 50 210 64 102 224 218 85 347 394 68 9 328 267 338 158 217 377 185 166 94 174 335 375 
92 224 285 41 392 107 116 209 132 45 16 205 371 217 73 348 315 212 52 373 174 222 267 284 308 275 269 210 55 176 156 117 207 208 314 255 227 380 0 74 93 143 147 187 
93 261 152 267 89 159 163 80 361 19 56 151 387 64 16 156 239 312 68 260 291 373 109 317 77 92 253 238 25 27 7 325 
94 45 339 219 248 329 231 135 25 235 11 354 288 174 79 39 299 83 7 388 257 159 153 113 72 293 238 310 171 67 74 245 63 55 205 315 43 164 370 349 84 91 
95 131 10 374 24 21 163 208 225 272 200 366 239 258 311 234 212 270 27 64 207 97 335 158 121 189 389 235 353 282 387 175 372 278 280 367 12 182 195 36 219 354 99 133 162 295 201 161 116 
96 64 205 16 193 213 87 302 127 337 108 232 133 111 394 235 145 165 227 357 273 249 149 38 60 307 23 233 32 135 346 285 21 
97 32 275 66 242 359 158 124 238 76 34 269 352 389 162 74 241 221 70 293 308 233 353 142 341 95 236 312 244 265 30 206 145 262 358 198 112 351 62 87 285 170 349 58 144 5 21 106 239 300 126 395 60 49 335 
98 71 78 227 109 55 365 377 169 4 236 157 122 193 288 146 353 356 188 48 56 110 179 296 79 323 19 62 372 334 303 135 279 42 261 74 184 172 67 35 69 267 
99 155 209 118 158 71 91 75 323 70 181 374 138 80 243 4 210 332 303 132 176 278 32 235 304 78 253 151 100 10 44 95 142 224 228 77 279 
100 27 329 174 117 17 147 284 5 190 14 397 65 170 379 70 144 37 145 109 324 35 128 314 328 99 255 88 138 125 25 249 50 187 319 
101 290 194 51 372 61 341 353 124 345 204 228 279 180 161 376 327 240 349 198 5 221 354 388 30 370 218 114 335 130 392 88 65 
102 171 50 155 383 310 268 187 269 23 112 66 296 109 359 83 91 73 231 120 129 104 322 306 193 229 152 116 81 220 191 219 164 340 218 39 20 48 285 254 398 
103 344 8 250 150 345 318 157 161 317 315 282 177 59 28 281 334 342 328 39 202 299 188 168 29 330 88 209 395 133 136 143 326 178 43 353 351 323 
104 171 231 236 351 29 147 227 85 163 13 183 36 378 174 160 316 398 102 110 246 303 251 58 3 61 82 222 280 112 290 39 354 271 33 67 297 132 205 5 118 200 
105 144 72 250 1 171 106 122 332 170 43 301 165 27 341 298 214 17 324 155 80 394 287 189 350 313 201 18 151 8 115 194 333 383 340 363 114 87 260 
106 282 268 362 119 295 133 115 390 160 105 250 48 39 109 330 29 175 21 74 277 235 167 174 387 203 218 267 356 57 141 3 187 69 284 77 137 202 364 279 178 97 67 339 164 
107 50 118 198 92 39 22 308 275 353 224 289 268 327 216 111 137 44 323 272 281 247 334 121 108 26 342 36 45 122 241 18 382 184 352 195 270 123 
108 336 272 364 123 334 301 66 321 345 48 294 183 96 139 212 71 126 306 143 374 295 327 142 121 75 207 107 178 16 90 57 152 189 145 313 58 368 8 128 236 256 36 168 181 140 
109 358 136 228 98 42 33 367 226 274 53 106 242 203 168 44 360 102 224 329 256 205 312 164 60 332 248 100 30 292 72 231 281 93 119 305 213 16 319 194 239 230 354 
110 212 33 183 327 219 29 391 305 280 229 171 244 331 67 297 116 359 375 180 31 381 355 190 104 324 364 98 3 380 71 61 75 292 377 208 
111 117 389 187 19 60 69 77 11 395 320 152 124 66 107 263 163 96 354 328 155 286 182 318 316 344 277 373 119 245 215 315 349 142 272 144 265 242 
112 55 247 59 205 296 146 126 39 14 156 64 58 147 380 176 326 285 102 302 167 114 37 11 151 338 315 259 340 387 171 150 104 189 293 97 181 391 274 336 208 304 79 154 234 262 216 291 241 115 210 
113 308 218 284 56 171 34 63 297 350 364 159 320 258 94 210 127 267 341 298 349 201 391 264 329 17 387 222 129 70 375 165 318 344 365 
114 213 181 65 168 88 155 160 120 128 112 359 278 25 258 40 270 284 318 4 169 5 136 396 77 76 117 219 232 138 82 135 251 32 272 8 357 295 61 101 243 28 27 33 89 105 45 378 
115 149 40 106 299 369 154 271 287 83 378 125 363 304 206 232 241 157 22 312 239 41 319 295 370 153 116 377 33 290 105 30 399 376 350 1 120 178 391 152 60 112 
116 148 255 92 378 180 314 174 84 266 256 74 275 110 192 358 44 332 68 61 72 395 185 290 298 214 115 321 12 102 247 340 312 58 270 203 380 319 95 267 
117 372 111 178 145 306 100 374 30 221 147 376 165 32 273 84 25 83 354 180 23 175 71 233 136 0 269 241 114 212 92 252 331 346 154 325 15 72 300 328 149 256 384 258 366 167 
118 88 41 172 46 21 107 133 99 176 211 76 36 167 309 77 50 370 184 278 318 191 368 380 288 119 321 341 222 338 34 86 336 261 399 81 60 233 269 190 104 
119 308 159 106 252 24 244 238 182 201 35 84 206 314 366 169 142 202 345 171 397 332 25 243 344 192 219 315 73 14 199 111 118 15 109 358 236 37 279 144 321 370 230 
120 133 42 65 122 354 173 69 47 201 114 72 184 374 194 126 204 49 121 222 370 379 102 56 1 386 242 357 41 393 334 17 50 323 283 329 86 140 115 360 227 
121 293 270 276 233 208 149 145 24 132 120 394 30 268 187 34 247 108 76 335 349 107 95 314 310 224 248 189 369 231 18 182 54 17 279 166 80 83 137 304 123 191 395 284 128 167 221 
122 85 306 341 120 105 196 205 38 264 98 358 238 61 337 48 276 263 9 280 184 74 152 107 31 287 22 39 176 8 351 269 316 180 11 243 382 
123 18 108 78 20 240 88 347 296 83 197 198 279 53 89 85 0 252 259 399 36 268 129 232 286 69 390 121 300 45 227 132 107 
124 15 194 47 228 129 97 101 189 210 111 0 309 282 40 86 49 21 235 322 320 200 392 328 279 298 315 59 215 72 163 212 155 169 16 195 278 6 24 57 399 28 167 224 17 372 383 74 219 166 
125 370 389 225 43 345 308 358 283 173 115 54 153 269 274 39 178 162 192 352 33 220 230 137 10 27 332 58 285 38 56 47 158 342 185 142 235 100 297 
126 280 230 373 156 112 376 81 381 283 51 243 160 66 173 120 108 140 389 12 204 47 271 141 2 312 194 24 97 82 
127 84 218 234 265 89 213 142 87 96 74 148 75 10 386 28 146 13 47 328 197 314 180 356 71 58 113 357 3 396 136 387 309 140 166 183 5 141 8 153 256 182 347 289 370 44 287 352 
128 150 182 393 346 136 58 223 5 190 219 18 114 337 310 163 195 168 249 368 323 382 225 313 72 59 100 35 108 40 363 49 202 8 170 191 121 
129 180 226 50 89 274 189 336 252 42 328 257 124 370 130 332 390 8 78 29 14 102 295 5 302 194 221 297 223 360 123 264 73 371 58 113 186 312 380 263 59 325 206 283 212 334 204 236 
130 261 377 253 397 129 172 72 341 178 311 22 216 59 14 272 150 173 1 392 199 27 225 49 16 57 47 238 226 63 269 322 101 43 
131 312 75 77 95 327 321 351 271 200 330 347 91 356 259 371 326 227 390 17 249 236 56 263 379 243 31 191 179 276 30 358 283 2 139 135 228 392 208 260 248 145 148 397 383 211 219 380 386 
132 300 327 369 310 288 152 160 293 303 92 86 388 381 241 378 323 324 121 89 134 5 260 239 235 367 13 209 99 197 259 389 172 289 174 370 144 346 81 379 358 163 35 104 61 17 123 178 30 44 
133 120 244 106 275 22 118 56 259 181 197 245 317 195 96 175 221 3 288 142 367 180 264 363 343 344 261 356 89 278 296 103 354 371 157 331 213 359 14 7 95 205 293 
134 58 337 5 177 76 187 312 210 342 132 286 269 206 87 28 208 266 221 324 6 272 202 374 0 182 295 339 325 197 7 368 8 
135 317 255 94 250 396 260 218 10 266 232 26 192 388 189 341 54 114 321 320 239 374 186 131 62 47 98 190 29 46 289 294 393 23 315 96 236 263 156 227 251 141 206 
136 109 390 17 128 370 208 297 388 173 259 172 29 335 76 44 354 145 33 237 386 200 243 187 117 114 166 203 84 70 395 231 276 209 127 63 103 349 339 223 196 19 
137 236 387 157 86 238 386 243 8 271 355 107 219 53 254 215 273 125 5 229 172 180 279 392 72 256 39 360 30 83 247 335 48 106 121 85 202 232 293 302 
138 353 324 196 281 380 62 144 198 247 55 167 6 66 285 76 215 242 71 231 99 306 357 382 114 370 397 363 11 157 259 219 100 58 338 319 153 
139 332 385 324 83 223 173 142 108 144 89 53 233 194 148 2 318 306 17 399 309 25 396 131 262 44 73 185 287 376 335 13 51 243 36 273 292 31 299 268 
140 372 382 331 289 218 157 52 293 274 47 399 164 390 172 180 126 41 281 316 205 147 3 79 398 213 193 127 265 70 120 58 391 314 108 388 
141 86 354 210 381 294 163 323 320 237 348 199 276 313 182 10 312 241 151 126 13 106 331 356 127 84 142 63 317 326 0 385 21 135 366 41 
142 278 340 232 36 370 127 304 331 250 139 30 247 154 3 0 133 119 193 265 295 97 108 263 249 269 225 296 274 176 291 125 322 329 155 57 62 99 141 111 166 78 
143 180 9 85 205 1 15 238 199 194 24 302 182 296 108 218 289 348 301 365 234 262 145 255 176 203 259 52 103 172 244 292 330 168 92 193 148 263 269 257 219 
144 355 105 233 138 36 352 16 329 382 385 286 155 77 195 139 297 82 334 45 314 10 370 48 259 100 9 383 324 44 316 148 159 173 246 185 63 394 132 302 83 0 97 119 111 241 364 
145 117 356 376 244 235 87 121 45 267 136 352 388 390 42 96 286 379 100 182 327 279 395 143 302 97 6 25 108 265 294 35 85 203 362 391 86 325 131 80 289 193 196 271 148 306 185 
146 239 288 332 177 6 232 112 308 333 77 157 254 257 331 149 251 11 247 127 22 98 249 182 82 210 353 188 339 181 304 385 383 147 4 44 225 230 272 85 218 
147 23 84 324 112 104 100 117 310 230 9 22 306 62 67 204 313 205 154 344 76 388 140 295 83 146 187 191 393 368 80 348 378 213 92 271 353 274 289 170 
148 116 374 32 163 375 304 211 227 342 127 378 390 196 168 199 81 139 15 183 58 64 6 266 86 55 224 144 12 176 179 250 80 131 143 252 239 204 145 222 223 
149 40 115 350 152 347 392 223 295 121 298 51 214 146 346 62 11 385 29 323 340 194 228 273 88 321 380 4 286 235 317 81 96 302 287 184 324 170 117 352 285 278 
150 128 103 347 243 306 390 172 321 47 49 346 334 309 212 305 341 130 230 250 234 202 228 112 34 244 238 174 294 153 
151 337 320 28 65 392 160 256 36 24 299 177 238 62 235 112 93 284 373 398 324 257 157 67 141 72 105 244 172 199 8 99 68 387 22 216 265 
152 392 373 93 149 299 132 347 85 228 84 24 323 111 89 317 1 68 340 171 36 230 324 75 325 242 352 102 285 398 18 247 122 108 176 156 183 379 73 291 385 153 245 115 16 27 78 
153 340 162 200 67 282 274 69 347 378 264 381 368 125 283 32 6 72 58 90 8 361 91 327 296 201 53 154 94 300 226 205 115 34 39 334 358 176 382 266 386 338 41 192 236 269 127 31 64 152 150 138 354 
154 378 115 289 318 61 242 372 203 67 42 86 142 186 254 312 253 299 153 370 25 147 368 184 215 156 75 117 223 27 22 53 283 112 31 74 342 383 47 70 14 199 37 
155 270 102 99 315 236 385 15 114 229 70 53 144 60 83 8 364 380 111 160 56 105 287 320 62 396 393 272 281 304 69 4 192 124 179 338 17 334 203 181 326 142 254 232 234 295 
156 188 78 26 27 346 313 126 386 112 368 21 44 220 333 174 299 190 77 73 315 373 241 172 93 196 199 92 370 28 154 334 23 209 152 279 62 350 205 232 357 135 163 399 
157 137 262 103 140 338 146 283 201 207 349 98 245 115 365 227 294 50 381 218 193 167 151 190 279 78 138 133 75 13 385 5 332 378 331 373 238 297 
158 263 201 99 97 373 82 395 27 358 290 243 169 66 397 95 302 177 351 216 125 387 318 50 14 218 91 223 242 244 207 69 
159 31 164 76 119 362 330 226 172 230 93 396 301 113 263 41 277 283 94 366 185 197 383 324 37 15 372 291 358 64 254 57 256 8 356 45 2 334 144 67 78 302 184 30 359 216 187 315 313 183 296 50 327 306 233 
160 13 312 345 62 380 225 395 366 132 151 106 114 335 373 126 161 203 280 47 187 104 51 204 162 155 207 165 41 212 364 42 28 244 57 226 37 367 219 180 177 
161 23 176 78 215 338 22 76 374 271 206 276 164 103 253 198 294 160 81 258 71 291 227 296 250 6 101 5 37 42 34 290 375 232 74 264 246 373 369 56 95 353 2 
162 72 153 374 350 205 81 50 249 321 394 234 222 393 125 324 232 97 362 231 259 160 277 245 186 319 262 30 398 178 278 306 326 27 217 235 317 95 53 12 219 76 71 
163 357 239 148 95 38 93 245 104 84 128 141 260 89 41 111 296 29 87 69 371 189 224 280 218 124 393 216 215 43 45 25 203 219 276 305 335 27 132 9 292 299 156 
164 159 232 317 52 13 395 268 161 238 37 90 73 75 377 228 140 252 78 376 273 208 109 10 77 30 12 270 290 274 305 45 102 182 384 28 94 322 287 215 87 235 106 222 
165 370 259 39 195 37 193 66 222 337 344 293 117 74 277 271 105 292 79 176 221 96 31 47 160 332 300 319 26 352 383 171 364 191 317 113 214 224 
166 87 9 282 220 234 308 219 340 373 172 208 329 6 136 29 380 8 84 14 80 174 3 13 197 127 121 338 290 398 91 292 142 246 124 
167 210 82 30 281 56 25 298 182 138 112 118 312 340 226 62 342 84 191 360 363 106 83 232 170 256 157 326 186 277 207 248 124 203 117 121 2 197 301 373 
168 50 77 354 114 74 362 377 109 148 55 31 332 392 208 128 2 70 234 272 241 103 368 170 243 1 281 189 3 328 364 313 312 338 59 379 143 49 371 308 182 357 108 
169 340 262 269 219 98 45 299 88 230 119 330 178 158 395 114 271 77 342 265 3 202 327 180 291 240 124 363 379 239 362 268 237 311 183 33 
170 268 34 356 178 263 335 340 218 397 105 295 289 362 208 200 367 294 240 18 230 167 100 180 302 284 285 35 383 168 312 371 32 206 199 322 260 97 315 1 26 149 78 128 176 377 286 147 
171 102 104 322 270 105 113 26 373 264 110 206 258 189 119 28 152 374 319 94 66 112 384 295 255 343 64 294 179 22 304 242 53 187 165 205 252 363 398 23 
172 192 118 26 305 377 82 159 166 323 336 150 130 136 17 209 140 303 316 45 156 342 137 353 132 89 194 151 306 182 387 143 317 328 201 380 98 333 7 33 41 
173 219 321 54 334 17 139 51 125 277 373 120 353 67 136 271 294 126 226 78 363 254 368 52 47 330 130 331 234 223 82 216 144 394 36 380 297 393 343 
174 100 241 353 116 183 267 156 364 232 176 94 51 104 92 106 60 214 374 238 231 166 132 371 235 82 150 56 91 
175 278 377 181 84 259 327 39 54 254 267 106 228 133 357 63 117 184 269 338 282 76 45 318 187 95 304 364 336 334 301 371 372 196 294 
176 161 69 279 370 350 260 237 118 321 220 301 112 218 38 214 174 70 64 221 56 165 266 92 99 52 342 142 143 148 84 153 248 152 122 236 264 200 349 396 344 170 296 376 281 365 280 208 
177 384 180 81 146 188 134 3 336 337 16 15 399 371 328 11 267 63 329 103 281 224 297 46 151 350 74 398 288 286 245 31 233 278 251 222 279 158 317 393 239 259 363 368 268 216 66 283 90 333 160 
178 255 72 117 228 170 254 25 388 266 382 365 186 32 323 125 130 391 334 169 319 369 231 207 331 162 236 260 372 108 352 324 245 40 184 103 115 220 265 106 345 132 
179 22 38 4 210 252 6 184 267 195 271 27 131 231 62 264 60 308 293 98 155 148 171 378 274 386 10 64 311 66 
180 16 143 129 387 322 190 177 296 116 271 371 350 272 45 341 75 342 230 225 110 14 117 140 133 228 170 127 44 101 10 200 22 388 192 12 137 391 169 358 381 50 278 33 122 392 181 194 206 361 326 73 251 282 160 217 268 31 
181 175 114 297 317 311 337 133 39 27 19 65 267 15 99 330 11 392 324 329 234 264 10 67 146 260 16 112 328 155 383 50 9 229 349 211 315 21 180 8 18 108 45 
182 215 128 375 197 213 339 167 360 119 321 6 57 63 143 246 186 217 146 141 331 145 111 32 348 67 226 196 294 134 121 7 164 172 95 313 232 127 168 270 248 51 249 
183 336 110 249 394 270 16 210 189 174 310 68 329 108 301 273 104 32 148 61 22 380 211 397 283 205 185 321 215 313 152 127 75 238 159 77 169 24 191 34 0 
184 215 2 349 302 304 237 179 216 120 278 357 355 53 303 376 292 227 321 238 293 347 217 175 118 27 4 154 348 122 210 13 159 149 399 178 239 107 98 
185 283 34 254 53 11 256 221 310 195 311 42 397 294 71 232 388 159 116 268 38 183 5 125 44 246 139 144 261 86 219 341 384 91 145 257 382 
186 43 378 72 350 252 268 364 281 178 154 228 230 27 313 284 162 182 250 359 333 275 210 46 167 135 83 322 7 38 257 129 223 87 
187 111 233 214 18 102 89 6 390 312 134 398 372 190 160 393 245 80 121 232 136 206 377 279 336 335 79 175 147 325 106 171 159 307 346 318 100 322 92 252 211 196 391 282 
188 156 177 23 267 357 244 323 266 302 293 322 190 98 63 316 146 103 233 37 386 381 376 220 60 2 384 66 72 12 309 29 285 237 377 353 14 253 
189 372 129 283 215 326 183 69 342 303 124 90 57 244 348 369 255 77 27 82 171 388 377 362 163 135 288 105 95 353 121 263 168 108 380 112 9 16 38 386 355 319 228 230 
190 291 180 88 29 238 356 128 259 257 253 392 100 250 156 336 187 34 76 188 225 78 211 8 70 110 327 191 389 157 135 37 355 267 224 366 365 118 49 57 
191 234 233 42 286 64 240 353 253 0 222 296 277 90 304 167 87 131 23 368 378 78 271 254 190 266 339 192 118 147 236 102 61 314 264 294 165 373 128 121 367 183 369 
192 172 366 321 386 201 295 393 71 60 249 125 116 251 354 135 119 180 191 247 369 155 286 387 19 235 153 305 392 222 290 9 311 
193 326 165 96 200 386 253 349 68 83 221 142 75 98 78 19 157 0 102 246 280 204 269 140 296 303 210 143 145 308 382 271 301 
194 124 358 101 208 254 25 33 232 212 246 34 143 120 249 224 139 15 58 50 149 200 26 374 129 172 32 4 105 51 47 394 215 341 333 180 126 337 329 109 311 217 
195 79 22 165 242 390 5 68 65 133 339 185 179 144 128 43 387 81 255 213 47 218 49 283 124 330 95 76 399 107 391 
196 230 293 138 335 358 40 80 74 65 271 122 237 283 71 148 303 337 233 240 321 156 88 55 311 330 236 182 289 15 371 323 274 307 10 5 7 304 265 365 145 175 136 329 357 26 187 
197 343 376 182 367 338 264 133 326 123 42 347 242 342 243 67 206 127 159 377 211 363 388 132 13 75 382 37 361 373 81 166 380 263 134 167 357 
198 385 331 212 107 230 138 378 361 255 161 123 344 227 319 271 39 283 64 53 350 291 56 320 260 356 273 355 266 101 201 23 97 262 220 289 11 340 233 223 328 
199 264 38 291 143 42 392 368 74 320 148 230 342 79 221 209 313 141 223 283 326 364 156 386 260 130 203 277 170 119 279 396 151 211 275 56 59 369 219 154 216 350 
200 314 37 153 341 325 338 355 131 36 193 399 10 89 95 170 317 279 136 16 52 361 124 333 62 22 180 194 302 384 227 80 380 176 297 318 347 379 73 104 295 
201 233 269 371 222 192 158 119 120 157 259 349 153 55 326 17 202 368 43 396 235 105 113 198 352 258 212 234 71 238 172 359 341 232 95 211 336 286 216 
202 59 308 16 205 29 256 227 382 355 27 214 350 359 386 277 85 119 242 243 358 367 201 341 65 103 344 340 265 266 169 150 134 269 278 361 329 246 307 371 314 128 106 137 81 362 327 322 
203 386 223 69 242 302 51 154 109 160 293 262 363 316 390 20 280 379 136 224 289 106 44 43 270 76 199 339 30 143 32 332 77 73 116 83 145 163 155 42 283 167 237 
204 218 220 336 302 278 270 328 40 331 205 264 273 212 87 325 350 101 344 390 120 389 207 160 274 126 357 147 304 337 35 36 11 46 193 215 50 296 258 384 330 148 129 
205 96 112 297 202 326 143 399 162 313 320 261 122 350 204 85 92 332 109 319 381 147 153 183 140 28 221 300 59 215 94 156 171 306 77 104 133 3 334 
206 353 268 30 350 161 74 370 119 115 333 83 2 256 171 134 197 23 79 299 359 365 187 54 285 97 269 275 170 50 52 398 292 43 24 274 180 78 129 135 
207 89 229 7 41 26 364 358 218 277 157 6 240 204 349 73 290 227 82 356 303 54 343 337 262 178 279 95 160 310 108 58 92 241 40 228 305 226 351 38 167 10 47 377 80 327 381 224 158 
208 266 82 33 398 136 194 121 395 95 392 166 226 170 265 90 379 88 238 332 164 168 134 78 229 372 336 390 323 337 92 54 0 310 324 333 112 131 16 308 363 67 110 29 176 
209 247 99 277 57 318 92 6 376 172 354 52 246 269 355 365 255 292 199 249 343 132 103 344 361 136 156 254 262 18 366 212 281 44 267 333 368 
210 61 340 167 390 325 353 305 183 259 179 141 124 226 134 382 33 91 73 32 113 146 92 99 319 74 186 42 251 274 381 391 184 82 376 41 299 221 315 193 316 246 8 377 245 308 112 
211 74 277 285 42 64 65 27 118 148 369 36 397 41 256 375 183 55 190 197 332 381 362 225 56 347 47 199 181 282 360 229 291 131 243 201 187 374 
212 110 198 319 42 316 362 247 72 318 272 65 194 204 108 16 261 92 2 150 32 95 392 357 352 255 371 117 160 302 373 124 84 228 235 201 332 315 384 209 129 
213 114 267 182 96 127 71 304 328 364 27 353 237 67 226 330 283 246 255 373 28 195 334 308 293 289 273 140 234 378 313 228 133 306 79 396 147 232 252 109 66 13 336 4 380 2 260 238 305 
214 384 394 313 187 387 4 334 297 7 253 202 176 282 243 259 226 149 355 105 352 398 116 361 174 266 262 57 76 55 289 351 373 330 314 390 322 69 48 165 
215 182 161 387 231 184 353 313 322 285 274 189 374 73 331 138 314 340 334 382 254 344 137 310 3 222 349 389 265 154 124 228 364 221 183 163 255 204 41 258 205 111 194 34 236 164 33 252 399 
216 293 80 236 291 86 51 383 184 301 41 341 107 49 246 339 130 344 382 343 294 158 224 173 163 39 46 77 177 220 243 159 112 396 199 75 151 33 201 
217 50 273 399 31 342 249 372 388 332 20 317 289 310 49 251 92 292 184 229 182 36 368 391 59 302 287 369 78 162 306 250 8 16 91 276 68 297 180 83 386 194 
218 204 127 394 74 113 61 274 140 246 358 207 219 170 176 362 283 308 135 355 383 12 222 143 311 346 79 157 91 249 46 325 106 195 262 163 243 230 250 343 334 65 101 158 102 275 146 323 
219 173 94 355 110 27 272 347 2 169 166 218 128 326 273 91 337 262 28 137 335 59 63 70 61 114 385 325 119 35 318 102 163 239 257 95 283 138 185 160 199 224 131 162 252 124 143 
220 204 344 353 19 166 83 331 176 38 156 70 383 248 125 90 290 303 79 270 242 397 237 360 363 322 188 102 393 216 198 72 178 54 77 
221 324 185 117 255 53 0 37 357 133 264 193 176 199 347 97 40 165 55 77 368 377 134 272 376 215 205 101 129 61 234 210 300 278 283 352 227 6 291 327 121 367 
222 360 4 377 201 2 79 165 86 191 371 378 162 306 313 39 55 120 218 301 92 278 353 89 215 250 298 177 370 314 104 282 245 346 28 77 118 192 113 59 265 294 35 148 164 292 
223 203 235 302 233 319 388 139 128 149 73 61 259 86 225 360 343 365 250 199 292 270 370 246 0 230 320 173 367 55 154 349 129 275 291 231 375 136 308 158 198 352 186 28 323 77 148 
224 350 92 397 264 343 107 177 30 194 109 239 86 278 91 163 203 338 33 269 288 148 121 381 251 329 216 24 32 7 23 315 124 190 230 207 27 72 219 99 165 
225 44 125 335 393 14 370 83 272 160 330 95 49 364 223 180 80 41 384 56 280 313 190 340 270 230 142 241 211 128 293 369 312 130 146 392 303 13 77 390 233 35 284 7 355 248 326 329 271 
226 129 159 109 371 210 208 167 173 296 214 213 308 334 306 267 153 70 273 53 182 310 207 251 312 385 160 331 130 309 326 291 50 
227 98 202 17 1 148 104 56 270 273 383 131 157 198 161 207 90 184 301 96 9 316 78 200 92 75 326 391 221 41 120 135 309 123 294 320 279 
228 11 178 109 124 394 304 84 152 398 294 272 23 164 175 186 329 373 180 276 381 392 101 71 149 31 353 280 264 3 231 215 343 150 207 131 372 213 212 307 19 319 269 248 391 99 189 
229 348 302 207 155 45 291 110 318 387 294 12 40 305 234 217 359 298 347 358 7 341 102 137 364 208 296 339 79 89 273 181 75 353 211 39 2 32 394 
230 196 270 126 87 198 6 309 370 159 147 384 169 180 199 186 42 58 170 125 388 331 152 267 280 225 293 237 48 150 223 7 218 41 275 146 344 90 20 36 393 224 296 284 189 109 282 119 
231 364 215 104 94 390 365 351 366 315 296 16 282 138 50 162 262 178 102 45 179 18 48 72 136 228 345 174 121 67 109 326 386 251 339 223 379 65 25 310 
232 330 142 164 254 146 320 325 88 290 297 194 96 115 174 185 162 167 187 135 371 375 114 255 161 41 123 182 213 155 156 287 201 137 
233 191 309 201 251 187 76 144 223 273 83 121 44 60 139 383 261 331 307 117 97 177 196 188 361 291 50 42 70 314 7 242 269 0 333 225 96 253 12 82 357 198 296 81 54 118 272 30 57 159 
234 65 191 127 240 91 369 166 162 39 315 382 38 95 367 297 229 241 257 168 2 181 235 143 356 30 266 264 75 83 150 173 213 236 84 396 265 221 246 201 112 237 325 155 303 
235 29 38 82 274 223 308 387 49 388 94 16 145 245 68 296 70 294 311 303 354 106 381 151 247 96 396 124 327 132 234 261 56 36 240 95 69 201 149 99 258 284 21 212 192 162 316 174 47 348 125 87 164 259 
236 137 104 277 238 268 325 288 216 399 155 377 370 270 19 98 310 357 87 365 317 131 298 21 265 369 350 97 246 178 196 25 60 328 234 191 30 65 49 153 176 108 3 391 135 215 119 353 302 48 129 
237 75 399 176 310 60 184 1 196 250 327 85 353 213 141 66 136 249 389 393 328 369 387 230 298 220 7 291 380 295 74 29 316 390 396 377 339 169 326 234 321 188 42 2 203 323 
238 391 337 67 236 284 62 137 190 143 262 9 164 119 97 349 151 245 122 184 208 45 367 94 282 55 368 384 341 174 63 381 4 348 40 280 89 372 75 130 150 201 389 93 183 157 59 261 362 213 
239 87 146 163 265 11 79 384 294 323 280 260 83 95 263 321 89 39 115 224 132 351 93 322 2 271 177 135 169 1 296 219 184 396 148 259 243 97 109 
240 234 82 361 59 123 374 191 282 22 207 317 170 245 7 19 196 326 235 287 246 101 169 71 270 37 30 387 2 331 347 350 
241 174 69 257 42 132 8 381 261 56 115 322 97 285 234 380 156 275 65 117 168 39 225 397 141 390 207 47 294 107 10 316 277 329 372 112 144 
242 349 195 97 203 154 109 138 75 53 301 395 253 286 197 43 37 202 326 287 152 47 120 220 78 26 272 302 233 370 68 274 246 171 300 250 344 341 257 158 331 111 288 
243 366 369 33 394 87 1 318 137 150 126 384 310 286 272 214 72 89 197 158 136 202 131 99 119 41 71 322 355 336 168 287 218 339 359 365 46 267 216 114 360 281 139 376 211 239 122 304 25 
244 69 133 331 22 145 119 348 188 189 110 259 33 330 287 251 48 355 31 312 97 276 245 53 19 151 349 1 393 160 150 143 5 285 323 158 11 
245 277 86 354 326 21 342 303 375 133 163 235 157 366 238 187 62 240 59 162 177 60 47 393 88 56 244 28 94 250 362 222 369 111 288 178 386 152 90 210 323 246 
246 282 327 357 264 218 194 375 29 300 329 209 182 216 78 213 41 284 52 260 104 236 295 223 315 193 316 346 240 335 279 374 185 382 144 202 234 242 161 210 296 166 245 
247 112 209 212 138 142 83 373 261 330 12 146 350 235 319 107 121 332 252 282 192 116 152 380 137 249 44 296 10 26 
248 89 94 295 382 220 253 294 377 109 36 342 87 121 262 303 314 70 302 396 310 176 348 323 332 131 167 361 309 228 182 365 304 225 14 353 57 
249 27 47 183 278 365 82 217 162 38 355 329 31 269 322 194 131 192 366 389 386 128 331 146 237 209 218 397 387 354 142 96 265 75 247 20 100 12 182 
250 397 31 367 103 105 319 106 142 237 135 190 14 333 281 296 362 223 186 161 222 150 64 379 245 148 218 267 66 217 348 242 265 324 
251 233 392 85 75 76 39 217 369 146 244 1 342 192 49 267 177 268 210 104 80 254 365 7 114 224 226 42 298 231 297 293 316 327 326 38 180 135 
252 260 119 319 78 6 262 18 129 179 186 38 314 64 164 59 308 344 275 123 73 55 278 340 305 247 12 117 371 88 254 373 69 341 346 213 171 148 66 215 383 187 72 219 
253 17 25 78 363 59 130 89 191 161 214 393 255 190 63 69 193 242 154 248 24 331 375 380 35 99 71 51 360 34 233 93 0 313 188 
254 360 185 232 297 332 290 178 54 194 333 175 366 146 351 283 154 311 271 42 215 137 372 335 80 173 29 159 191 251 269 394 252 209 346 377 155 277 41 371 67 344 102 
255 374 178 63 116 50 324 367 2 135 70 51 198 221 370 253 189 352 366 209 213 195 212 68 382 143 326 171 232 92 390 321 215 20 100 391 19 325 358 314 343 48 
256 48 202 399 23 185 315 34 151 58 44 281 265 116 360 279 318 206 385 109 6 267 307 393 31 284 167 303 211 321 41 386 86 268 82 159 137 325 53 282 271 3 127 350 75 108 22 117 26 
257 292 241 52 129 190 328 89 146 326 29 373 34 94 301 234 341 291 151 16 270 318 219 392 186 242 320 371 143 185 
258 35 88 49 389 95 114 161 171 75 326 113 50 395 7 323 269 235 22 201 362 215 344 204 117 394 317 
259 372 165 175 133 78 210 131 190 223 8 244 136 201 346 214 31 391 144 123 162 112 90 42 292 132 371 177 53 352 294 143 296 3 390 138 10 311 239 329 299 235 
260 252 176 395 74 301 345 291 289 16 239 277 69 163 135 326 52 61 132 19 29 246 198 199 20 178 88 93 181 377 293 170 344 131 342 270 8 67 310 213 105 
261 93 357 130 63 68 9 365 205 375 274 7 316 241 78 352 212 247 233 13 338 235 133 90 351 185 118 98 333 266 346 383 238 
262 287 309 91 393 169 252 34 157 308 238 302 327 219 395 203 231 300 207 82 359 387 162 47 143 56 214 218 248 97 139 324 39 352 198 209 50 112 61 344 332 373 268 
263 77 301 158 319 170 344 79 362 35 239 111 379 159 131 21 273 80 26 66 305 142 122 356 350 82 41 189 25 285 369 197 364 271 129 135 88 51 365 143 
264 27 52 91 153 199 224 197 246 382 171 204 303 122 391 81 344 221 55 70 283 133 66 28 276 179 181 38 228 234 113 48 266 191 161 129 176 379 50 364 291 
265 73 127 326 239 347 361 1 23 305 283 256 321 36 208 20 381 309 343 236 142 319 169 202 215 52 97 314 358 61 10 46 249 296 145 234 140 310 196 250 37 222 111 178 325 294 151 
266 208 362 332 305 381 178 10 355 188 399 116 269 135 297 134 176 148 214 202 234 191 198 320 153 264 288 261 375 8 13 
267 213 22 82 188 302 282 93 349 84 175 177 179 296 174 181 145 276 371 256 375 13 92 230 226 65 251 113 343 106 0 19 6 250 243 91 190 397 335 367 23 341 98 116 209 
268 106 170 206 236 36 271 102 331 164 186 107 323 7 4 383 355 33 48 121 377 315 185 359 251 123 340 256 18 354 177 362 269 345 353 169 88 262 0 139 375 180 
269 347 35 201 54 169 102 389 288 249 295 125 287 294 85 266 97 69 134 209 49 351 175 117 86 272 92 9 142 224 254 206 193 202 258 233 369 268 228 153 31 327 90 271 122 291 130 68 366 118 143 360 
270 155 230 340 395 204 183 121 357 171 80 295 89 236 36 227 7 284 305 114 95 223 225 49 220 383 203 45 351 257 164 56 44 240 116 84 260 275 182 336 107 
271 86 1 331 88 268 115 161 131 196 180 173 17 165 137 254 179 366 198 169 28 191 239 126 353 6 367 57 104 256 2 332 269 363 147 263 335 31 145 193 225 56 
272 108 225 344 297 219 331 42 212 228 180 95 276 243 107 2 168 269 387 221 130 277 155 242 134 19 60 114 285 363 16 86 146 111 83 233 55 336 
273 217 297 324 233 65 24 295 204 282 219 183 117 362 227 302 356 388 342 164 88 263 137 83 332 149 226 313 322 96 380 213 198 288 370 17 229 41 349 286 59 139 82 301 
274 286 314 328 153 235 397 50 129 215 218 334 261 398 109 140 125 13 84 68 81 204 300 56 210 21 380 142 45 164 242 196 112 179 60 292 388 206 35 147 12 375 
275 97 61 133 20 385 107 375 362 353 68 76 8 293 116 77 252 328 9 16 241 45 60 92 186 380 364 83 206 55 230 223 86 199 283 270 218 81 10 31 
276 34 121 88 161 357 282 324 272 267 54 396 82 25 228 131 264 141 122 368 81 136 244 44 42 59 343 56 163 24 309 321 217 11 
277 367 245 211 356 209 236 173 207 54 165 327 331 348 260 191 287 50 202 85 106 281 159 162 380 39 354 272 394 37 111 199 167 395 73 349 387 342 364 46 241 283 254 365 43 77 344 339 
278 175 142 204 249 280 344 374 302 289 384 184 114 357 2 224 222 387 252 177 85 54 27 118 323 133 99 162 202 95 124 58 221 333 180 76 310 328 149 
279 176 381 64 280 385 398 364 18 388 123 323 256 200 329 101 207 48 124 187 145 20 177 324 347 137 246 157 199 289 307 370 98 156 121 119 106 287 99 227 
280 126 364 295 278 279 110 239 160 225 203 377 56 230 294 228 122 163 193 384 325 285 95 104 238 68 362 348 378 176 10 
281 138 167 324 70 345 366 286 326 186 256 316 317 14 87 177 250 277 103 107 140 83 155 19 168 395 15 365 109 375 243 55 335 176 209 
282 106 10 246 18 166 319 153 329 76 70 267 305 240 273 276 399 103 214 231 385 124 389 238 379 175 296 247 95 343 222 344 256 374 381 336 211 55 338 59 180 187 230 
283 2 364 185 338 189 125 68 153 320 126 157 196 265 387 218 254 390 55 22 264 159 213 12 294 85 198 309 386 25 37 331 199 183 4 131 63 333 195 349 79 154 120 203 323 221 50 275 277 219 177 89 17 296 129 
284 360 76 312 238 113 10 304 100 353 58 12 270 114 151 186 256 86 15 92 170 246 4 364 29 235 13 357 106 225 230 121 
285 92 211 215 68 66 300 112 138 89 27 61 241 170 206 326 350 353 125 152 24 280 308 272 263 97 244 188 96 149 102 
286 292 274 191 51 341 144 281 45 305 243 242 134 177 145 44 338 333 111 149 331 192 273 88 123 81 345 82 15 346 201 24 170 
287 262 364 68 362 23 115 331 269 277 307 19 397 18 244 288 242 298 155 105 39 13 217 303 240 243 122 139 149 383 361 328 317 164 232 279 127 
288 146 132 236 295 342 10 269 329 32 325 94 133 23 38 60 287 4 177 98 189 53 224 273 331 72 370 118 334 266 245 302 399 242 335 
289 78 365 154 326 140 32 44 317 260 278 217 107 170 349 304 16 143 346 340 34 330 203 213 356 196 52 214 279 132 392 198 385 397 135 291 145 390 305 127 147 57 377 
290 39 35 62 101 56 381 364 254 3 232 207 79 158 16 318 329 220 116 363 70 6 307 115 164 293 161 104 44 314 166 24 344 358 192 311 
291 352 190 47 216 199 260 229 39 161 2 384 345 299 58 37 348 198 159 257 233 237 296 169 142 323 93 223 23 152 385 289 112 329 269 211 62 29 264 226 221 337 
292 286 383 392 257 59 294 308 306 0 56 165 217 184 11 5 326 209 370 57 37 223 303 32 259 347 45 316 109 60 354 359 299 86 75 17 143 274 15 206 41 396 163 47 139 110 166 222 
293 216 121 196 359 339 297 132 382 140 165 53 336 386 331 355 275 203 54 188 343 351 184 340 97 94 315 383 213 230 325 179 225 60 260 290 112 3 80 251 302 396 137 133 
294 35 68 75 365 292 108 173 239 228 161 360 141 269 229 235 185 87 330 170 378 157 23 283 248 347 355 280 216 241 182 259 145 171 191 324 135 395 222 150 334 175 265 399 227 
295 48 364 106 280 317 270 273 288 248 192 348 83 149 388 170 372 269 336 303 108 13 142 115 129 246 383 147 171 237 22 77 12 114 330 64 134 1 371 95 346 11 155 200 
296 375 112 180 10 231 46 123 102 235 326 267 191 342 9 226 153 23 72 250 163 143 161 354 352 64 142 282 229 291 133 265 324 193 98 396 259 239 333 204 328 233 176 230 283 159 247 25 246 398 43 2 
297 370 205 181 34 273 254 272 293 136 214 358 232 343 46 113 144 177 110 345 234 79 266 2 40 48 30 69 354 129 251 200 52 104 217 88 173 157 125 
298 349 167 388 149 299 105 236 368 348 325 66 229 287 47 116 3 68 222 124 237 113 67 375 251 24 390 38 333 0 330 37 45 
299 64 11 115 387 389 152 23 27 84 169 156 298 151 366 26 94 154 399 291 206 1 103 351 292 365 75 210 331 163 139 259 
300 132 22 392 285 59 339 5 246 343 153 348 262 14 349 327 274 395 83 165 205 342 221 394 9 242 11 117 397 353 49 123 379 97 60 
301 328 304 263 108 28 176 260 317 82 183 216 351 105 159 242 6 30 257 222 227 371 10 143 364 335 319 65 324 306 175 369 48 347 193 167 273 318 
302 229 204 49 184 223 322 267 96 262 278 203 377 112 308 82 315 68 273 326 188 143 6 170 10 323 56 351 58 327 17 217 31 158 145 212 200 129 242 341 248 159 149 22 144 69 288 293 88 236 61 137 
303 50 86 245 307 17 14 132 368 189 196 264 235 61 295 172 184 362 207 256 55 36 394 220 56 292 104 287 99 82 62 248 98 193 225 32 34 234 
304 301 58 332 34 184 148 228 284 142 213 115 399 289 74 191 20 77 387 204 366 381 38 318 21 155 327 146 344 99 175 385 112 171 353 37 196 121 307 248 243 69 16 
305 89 0 69 338 397 210 266 172 18 282 265 110 286 334 229 82 270 325 150 263 383 252 37 347 207 6 164 336 43 340 192 163 319 109 289 22 77 213 
306 75 122 117 333 292 78 150 9 222 310 108 368 147 139 38 6 138 226 377 102 363 370 36 162 354 172 301 45 213 217 330 315 205 384 88 145 159 55 
307 313 310 303 387 391 338 287 380 388 256 322 58 33 233 21 346 365 290 311 377 279 228 196 202 96 187 304 317 11 366 79 
308 113 119 202 107 235 125 146 397 166 262 292 20 302 218 252 314 83 226 386 81 97 90 92 213 330 179 15 365 6 41 285 18 168 385 55 208 223 193 80 210 
309 233 262 230 74 27 118 357 124 25 150 340 265 17 378 283 38 80 334 393 0 139 15 85 127 315 397 276 43 248 188 226 68 227 
310 388 362 132 102 237 307 357 346 329 338 31 18 183 147 185 69 68 217 396 128 50 323 243 306 236 350 53 215 94 343 207 57 121 398 226 248 351 352 208 318 265 278 23 231 8 334 260 370 
311 48 181 30 58 331 326 396 185 78 254 235 95 130 388 7 218 196 14 55 44 307 0 378 341 76 374 47 192 169 179 259 290 81 194 
312 23 131 160 284 0 12 85 382 187 325 167 134 83 314 398 154 115 109 2 356 399 244 97 141 170 93 39 225 126 318 116 70 313 75 226 168 380 89 129 50 26 82 
313 347 389 307 215 214 156 205 6 331 222 80 186 380 225 360 199 147 141 273 70 315 343 71 105 128 330 183 213 108 13 85 312 168 39 367 182 159 340 253 397 64 
314 32 200 274 321 33 50 353 116 15 315 252 119 215 10 59 312 144 362 308 4 90 16 127 11 121 84 265 63 222 390 233 396 248 92 100 57 41 191 214 202 81 67 49 290 12 255 21 140 
315 397 155 231 335 323 256 314 103 354 317 234 302 20 92 343 156 338 268 112 379 293 374 5 124 246 313 376 119 210 309 342 56 170 224 306 94 111 181 63 159 135 8 90 212 
316 212 342 72 364 261 281 0 86 203 172 393 104 18 377 55 188 227 28 140 246 292 111 396 144 62 237 210 241 399 235 89 122 251 77 334 357 5 3 343 345 
317 17 354 181 164 295 135 375 289 301 133 103 321 217 152 4 315 281 240 357 200 236 319 7 322 85 177 149 82 93 369 366 287 172 162 61 165 10 84 141 307 258 
318 209 154 63 103 243 76 212 229 62 1 256 6 139 114 290 23 55 111 304 175 118 359 11 257 312 66 219 310 158 344 200 187 88 113 301 
319 282 212 252 368 22 322 223 250 263 53 4 198 6 178 317 115 205 247 265 354 162 7 171 210 358 301 165 228 372 52 305 189 116 14 109 100 138 
320 151 32 12 205 232 13 329 283 111 352 199 21 141 79 113 359 124 198 4 155 396 135 223 337 266 84 395 40 391 323 257 227 
321 173 382 314 192 176 131 108 338 33 368 162 317 182 399 369 8 64 150 375 387 265 239 54 391 184 71 256 29 83 196 149 116 183 135 57 69 255 39 118 1 383 63 276 0 76 237 119 47 
322 171 180 372 386 215 319 82 302 353 249 387 358 188 307 357 241 124 317 21 102 243 273 239 220 13 4 170 186 142 66 83 328 164 40 19 130 187 214 341 335 202 
323 65 33 43 315 172 188 152 239 268 132 99 310 178 279 36 141 39 107 149 302 324 38 42 366 278 364 128 258 208 380 196 98 291 63 248 2 120 283 58 382 331 244 320 4 361 349 223 245 350 334 29 218 348 103 237 
324 371 75 138 58 329 147 281 139 255 71 273 221 276 132 162 380 35 181 151 105 152 323 159 144 331 110 134 100 279 296 301 262 4 208 178 57 149 294 63 250 327 45 372 55 367 
325 50 210 236 53 200 346 232 312 204 288 36 305 298 152 42 218 293 219 393 362 11 280 28 117 187 256 88 145 255 367 234 10 134 129 265 93 
326 86 193 76 68 205 265 245 337 36 289 189 54 197 311 112 219 387 281 49 131 296 257 25 260 327 53 42 2 302 201 258 58 377 292 242 46 85 240 199 285 334 167 255 162 50 231 103 9 155 227 69 14 237 338 385 141 383 251 225 180 226 
327 132 69 110 131 246 175 73 337 349 237 277 262 107 153 27 326 384 235 353 300 108 302 86 145 331 304 190 101 169 348 39 354 269 375 207 324 251 372 202 159 221 
328 301 274 204 331 129 75 177 257 213 66 61 275 111 127 103 33 124 237 329 236 168 100 181 91 41 287 322 19 172 117 296 397 364 278 198 
329 37 338 94 100 340 282 324 74 310 357 339 320 144 77 183 249 288 63 177 166 109 246 228 279 54 290 181 328 224 50 61 29 202 113 142 120 241 291 370 84 8 225 196 194 259 71 32 
330 53 232 159 225 131 22 106 43 347 294 181 244 247 66 340 169 213 289 103 173 308 196 81 360 75 313 295 33 332 12 195 379 214 306 143 62 89 204 375 352 298 
331 198 72 328 361 271 244 140 268 220 311 272 33 204 396 67 142 313 90 215 277 287 110 27 146 293 377 30 233 230 19 249 283 182 324 178 327 253 173 16 288 117 372 286 133 141 323 24 226 350 53 240 157 299 242 373 
332 139 46 79 373 146 304 266 254 105 217 47 129 376 205 168 349 116 208 27 109 247 273 119 211 125 165 99 382 63 67 203 330 344 83 248 212 24 339 271 157 45 262 
333 60 24 64 386 146 306 254 342 344 23 156 377 364 206 250 41 70 357 353 286 338 200 186 20 345 343 283 28 396 233 58 105 208 44 278 296 261 172 194 298 177 71 59 339 86 209 
334 75 375 108 173 380 69 214 274 45 363 305 215 150 144 335 178 103 43 226 309 107 18 213 326 51 153 396 156 357 159 120 392 381 98 155 218 288 27 175 13 44 316 310 81 42 294 323 205 129 
335 70 393 225 196 170 315 41 22 160 62 136 398 334 60 219 21 19 13 29 389 254 95 121 65 187 246 301 355 32 338 63 42 139 137 163 66 267 81 101 271 281 322 91 97 288 367 
336 108 338 363 183 204 72 34 384 129 177 27 394 399 3 172 24 293 190 295 87 364 361 243 187 365 1 208 373 18 305 112 175 118 282 368 376 213 201 270 77 272 
337 151 134 238 326 349 181 352 47 177 327 165 384 373 96 128 219 5 196 41 207 395 204 122 343 208 320 360 341 90 339 194 23 351 291 
338 336 329 161 283 305 197 68 310 321 200 74 157 392 15 65 307 366 261 112 315 286 175 45 333 224 155 335 388 153 118 166 168 91 26 347 326 282 138 
339 69 84 94 36 63 293 182 73 87 329 346 300 195 71 59 370 216 372 146 362 371 191 25 203 229 243 368 45 366 136 54 231 23 332 134 237 337 106 333 277 42 
340 393 210 270 21 153 142 329 48 169 166 170 36 167 215 354 11 389 330 309 152 149 293 399 225 289 375 252 112 202 22 268 31 390 369 116 5 78 102 305 14 105 198 55 313 35 
341 74 200 56 122 372 286 101 49 364 180 105 216 130 25 202 257 97 150 229 389 344 135 113 238 302 395 311 118 252 337 72 16 346 242 194 185 201 267 322 
342 389 245 0 316 217 369 333 189 288 148 51 296 180 167 134 374 197 199 273 251 103 371 46 169 346 248 41 172 382 90 14 107 176 300 125 387 277 22 315 260 154 
343 346 41 197 13 367 224 57 297 90 300 223 315 293 44 265 207 35 18 310 337 32 362 209 63 133 216 313 267 45 228 333 282 8 171 391 276 218 396 255 75 316 173 
344 103 220 278 272 333 263 385 165 16 204 198 27 382 264 252 215 63 202 147 341 361 133 119 216 209 111 304 11 282 332 376 356 260 13 230 258 318 242 262 290 176 254 113 84 61 277 389 
345 160 125 103 281 64 108 61 260 84 101 352 297 65 119 291 333 231 27 395 286 268 78 70 0 178 316 
346 343 128 156 25 325 310 377 339 150 259 369 149 218 289 21 342 361 246 307 117 359 72 222 254 252 132 341 42 187 295 96 22 261 31 286 
347 313 365 269 153 149 393 370 265 64 50 219 152 131 150 123 197 79 330 396 88 47 221 184 294 229 91 68 57 292 305 279 367 55 211 29 351 40 127 338 301 200 386 240 
348 229 366 68 244 295 46 277 189 92 17 141 395 300 298 291 143 184 25 182 70 327 64 238 375 248 372 384 250 147 351 235 15 389 67 83 280 323 
349 242 22 33 298 184 396 337 28 12 267 30 25 327 72 371 289 238 193 157 351 201 207 332 361 300 215 121 398 65 113 101 27 283 223 244 277 136 273 7 97 181 111 176 94 323 
350 224 149 162 176 206 186 205 88 202 180 204 113 310 177 247 377 198 384 236 25 105 285 263 371 387 26 82 156 90 64 256 115 331 4 323 240 199 
351 15 231 131 104 19 301 352 254 349 293 269 379 302 375 65 239 158 270 299 261 388 310 357 214 89 97 347 207 11 122 348 378 337 103 
352 291 79 58 337 144 22 320 351 345 261 388 97 125 214 255 145 366 399 73 212 296 152 259 310 201 262 178 359 165 221 107 149 223 330 13 31 127 
353 138 220 206 215 76 210 174 314 107 191 275 322 101 173 284 375 237 50 213 59 5 45 98 327 333 97 387 222 228 380 146 357 285 172 189 358 95 271 304 26 268 229 236 300 85 147 103 188 31 248 161 
354 317 168 245 141 21 120 39 86 315 94 117 235 209 136 340 192 111 9 390 319 296 83 42 277 249 56 292 133 101 297 306 268 389 104 54 327 95 40 357 153 109 
355 144 7 370 219 202 200 249 266 85 53 137 83 293 184 268 373 218 214 209 110 31 244 294 382 55 243 198 335 42 20 190 189 225 
356 277 170 145 16 75 190 131 389 30 373 273 207 98 312 127 58 263 234 198 133 289 106 159 344 141 367 379 66 65 
357 261 163 78 47 398 270 310 246 188 329 12 276 309 184 221 236 317 175 278 322 204 138 333 212 96 353 120 127 334 49 114 351 284 28 233 379 354 316 168 156 359 196 40 197 
358 109 81 25 194 196 53 207 67 35 125 218 297 396 394 322 116 158 14 122 202 229 159 131 265 319 353 97 153 82 180 119 255 290 132 1 10 
359 362 293 395 97 87 202 114 102 110 62 32 27 320 397 206 229 262 186 268 75 36 318 292 243 346 352 133 159 79 375 77 39 201 385 357 
360 222 366 254 284 29 182 372 369 294 256 109 223 371 167 313 385 220 330 137 79 35 253 337 129 243 211 34 82 71 120 269 
361 381 12 365 331 392 9 240 265 384 383 198 93 153 77 82 349 84 200 389 4 214 336 68 233 344 346 209 197 85 202 287 248 19 45 180 323 36 
362 106 359 266 310 287 159 394 212 28 275 41 168 170 263 273 218 84 68 12 314 22 250 303 162 189 211 343 387 339 65 325 30 245 390 268 258 145 63 8 36 87 77 169 280 202 383 238 1 
363 336 13 82 253 115 334 12 203 173 167 62 197 133 377 39 220 77 290 306 138 88 89 177 53 169 34 272 364 128 30 5 271 171 208 105 
364 231 295 108 283 287 280 290 56 32 207 279 8 186 316 225 341 174 333 213 113 387 9 336 155 374 229 284 301 199 323 110 23 86 275 160 215 58 175 277 386 168 363 165 106 263 328 264 377 144 
365 347 361 289 249 231 294 376 261 98 367 178 384 78 157 236 223 83 209 380 206 143 251 336 307 308 394 299 281 243 73 277 190 248 196 176 263 113 
366 243 192 360 160 388 231 281 348 395 384 254 119 95 299 245 34 338 271 249 159 255 352 37 304 40 3 323 391 35 339 21 317 82 190 209 269 117 307 141 
367 277 250 15 255 343 197 109 365 73 7 58 82 30 170 133 234 87 202 238 132 393 347 37 223 271 95 313 325 356 398 160 267 191 6 324 335 221 
368 319 13 156 54 303 67 153 321 199 62 39 306 298 221 191 201 276 217 173 238 168 374 154 78 5 128 55 83 118 177 339 108 386 15 147 398 336 64 47 134 209 393 
369 21 243 132 32 84 115 234 1 41 342 360 27 0 26 321 189 211 346 15 372 251 29 178 236 237 340 225 192 121 394 217 269 51 245 263 317 28 161 381 301 199 385 23 42 83 191 
370 165 297 125 355 176 225 136 41 142 347 230 236 129 206 255 76 118 144 22 339 154 120 292 388 115 223 5 11 3 222 138 156 86 37 273 306 26 288 387 393 242 0 132 279 101 377 94 31 329 119 310 127 
371 324 39 201 26 24 177 222 131 180 226 349 393 92 360 57 1 267 25 301 342 163 232 90 36 212 386 339 170 87 259 252 350 196 133 174 0 202 129 168 295 175 254 257 14 
372 117 259 140 74 56 322 189 101 341 360 53 217 67 154 390 295 187 0 369 254 24 339 159 3 208 25 178 331 95 98 228 70 35 380 348 238 319 327 124 175 241 324 
373 152 332 126 80 171 86 66 173 337 166 57 158 87 34 160 356 355 257 247 228 92 151 156 68 213 52 23 12 212 336 47 111 252 197 93 214 161 191 262 157 26 331 167 
374 255 34 162 148 95 117 22 240 161 278 215 383 65 120 66 342 52 99 46 108 171 368 364 315 82 174 70 194 135 134 37 246 282 89 311 74 211 
375 334 22 296 182 148 89 317 275 261 245 51 66 76 321 353 246 110 267 211 340 232 351 253 10 298 348 161 90 281 359 223 327 266 113 330 59 268 274 91 
376 73 197 145 393 365 126 117 209 332 30 70 164 58 184 386 221 101 55 315 33 9 210 188 139 344 115 243 336 176 
377 175 222 29 236 130 346 172 390 98 302 168 380 333 164 46 331 326 268 189 350 280 8 316 248 306 221 197 187 363 28 115 260 307 32 254 26 370 237 207 91 110 188 210 391 170 364 66 289 
378 154 186 153 116 10 390 198 6 115 57 25 45 222 26 132 148 104 294 309 59 191 34 393 213 46 311 32 82 179 16 53 147 351 0 157 31 280 114 
379 59 34 390 208 263 131 203 145 315 120 100 282 351 13 24 82 10 250 169 385 330 152 168 231 132 357 1 264 300 200 356 
380 138 160 334 112 85 377 2 21 59 307 324 313 155 241 365 183 84 74 277 166 391 353 149 274 273 275 110 237 253 118 72 189 323 92 200 247 372 116 197 312 90 172 173 129 22 213 131 
381 361 279 290 76 153 266 126 62 141 132 59 241 61 265 235 228 110 157 71 205 211 304 210 224 188 238 40 334 384 180 282 369 55 36 207 
382 140 321 202 264 293 144 178 312 15 234 210 215 344 385 42 248 396 355 342 138 47 216 53 255 128 197 332 13 246 153 107 81 88 323 193 122 185 
383 387 292 102 361 53 374 216 227 268 218 233 220 159 388 144 293 305 170 270 295 146 79 84 321 105 287 181 42 165 154 131 326 66 252 124 362 74 76 261 
384 214 12 177 336 18 361 337 239 278 366 230 243 365 225 291 327 7 350 76 392 238 280 171 63 200 381 348 164 188 117 204 306 185 212 33 
385 198 26 139 7 84 279 155 275 144 344 11 282 256 382 149 30 360 54 219 39 146 70 304 379 226 32 157 291 152 289 308 369 326 359 141 35 
386 203 322 333 156 192 137 77 55 21 26 193 202 50 127 293 4 18 39 36 136 308 283 249 59 256 397 376 120 371 188 199 17 33 86 153 231 368 364 87 179 74 245 189 347 131 217 
387 383 215 40 180 137 37 299 392 86 235 214 307 10 326 229 321 322 283 93 364 195 55 304 17 353 278 262 272 106 249 112 362 237 95 127 350 370 342 277 192 240 158 172 113 151 44 51 
388 310 25 223 366 178 235 136 217 9 132 295 279 66 298 23 393 352 51 307 41 273 189 94 311 145 185 230 135 370 383 56 83 197 147 180 48 85 32 351 101 338 42 274 88 140 
389 111 125 313 342 299 0 27 356 269 42 67 68 204 258 282 97 340 126 249 335 361 237 215 341 35 95 132 190 399 34 354 4 238 348 344 
390 28 136 210 231 195 106 378 377 187 150 372 148 204 379 129 283 131 80 140 19 203 145 354 13 6 66 314 241 340 208 255 1 362 259 76 237 225 123 298 214 289 54 392 
391 238 17 5 110 307 264 259 178 321 30 7 380 217 366 210 180 113 343 112 145 255 236 320 227 228 115 140 377 38 75 195 59 187 
392 395 152 292 251 92 300 151 387 149 361 69 208 338 199 78 31 190 9 44 168 181 212 228 124 384 79 47 137 130 334 131 84 225 289 50 257 192 393 180 101 390 21 
393 335 340 40 225 128 59 347 262 376 253 192 371 162 388 82 187 256 316 64 237 367 245 309 155 378 177 22 120 325 163 147 370 220 78 244 392 135 230 25 173 368 
394 218 214 183 243 362 70 228 336 162 69 358 121 45 96 85 303 105 91 277 254 365 369 300 173 144 14 194 258 229 8 
395 392 270 62 359 160 260 164 208 111 366 28 399 262 11 158 242 116 348 169 8 337 300 258 136 145 103 277 345 281 341 320 89 27 294 121 45 97 
396 87 70 349 73 331 39 311 358 159 310 347 63 135 57 276 38 4 32 235 80 382 114 25 72 76 44 155 320 201 316 139 127 333 334 314 199 248 296 234 343 213 237 79 293 176 292 216 239 397 
397 250 315 224 274 20 305 13 308 17 130 170 185 287 211 100 64 119 359 158 183 386 249 220 241 138 24 10 309 267 289 16 1 300 131 328 26 396 313 
398 357 208 279 53 34 274 228 40 187 335 312 177 29 151 74 214 104 162 349 12 140 152 310 206 11 368 367 23 166 171 15 296 102 
399 1 217 237 205 236 256 72 177 200 336 321 282 395 266 140 304 29 299 340 352 123 312 78 139 389 124 184 316 115 288 118 45 195 79 215 294 156 
