0 300 
0 165 
0 322 
0 117 
0 62 
0 146 
0 275 
0 239 
0 13 
0 118 
0 253 
0 115 
0 310 
0 234 
0 153 
0 95 
0 260 
0 306 
0 215 
0 293 
0 232 
0 147 
0 61 
0 139 
0 149 
0 258 
0 19 
0 231 
0 17 
0 135 
1 43 
1 30 
1 210 
1 7 
1 207 
1 166 
1 121 
1 242 
1 72 
1 284 
1 71 
1 87 
1 206 
1 131 
1 129 
1 236 
1 8 
1 34 
1 150 
1 303 
1 232 
1 261 
1 111 
1 52 
1 168 
1 267 
1 215 
1 263 
1 51 
1 212 
1 146 
1 208 
1 195 
1 269 
1 62 
1 133 
1 211 
1 165 
2 138 
2 43 
2 42 
2 69 
2 222 
2 51 
2 106 
2 67 
2 250 
2 209 
2 119 
2 308 
2 198 
2 35 
2 58 
2 154 
2 169 
2 291 
2 97 
2 121 
2 177 
2 81 
2 301 
2 264 
2 274 
2 135 
2 258 
2 278 
2 107 
2 299 
2 128 
2 101 
2 112 
2 4 
2 302 
2 46 
2 266 
2 240 
2 132 
2 297 
2 41 
2 310 
3 317 
3 294 
3 97 
3 204 
3 239 
3 104 
3 196 
3 194 
3 316 
3 302 
3 228 
3 308 
3 263 
3 300 
3 117 
3 318 
3 227 
3 305 
3 256 
3 50 
3 156 
3 67 
3 212 
3 188 
3 139 
3 141 
3 161 
3 90 
3 164 
3 145 
3 281 
3 211 
3 79 
3 127 
3 109 
3 203 
3 46 
3 8 
4 146 
4 139 
4 185 
4 165 
4 33 
4 285 
4 310 
4 74 
4 223 
4 180 
4 47 
4 239 
4 37 
4 229 
4 113 
4 230 
4 174 
4 56 
4 309 
4 237 
4 103 
4 282 
4 234 
4 95 
4 298 
4 307 
4 281 
4 2 
4 169 
4 16 
4 81 
4 122 
4 34 
4 94 
4 157 
4 104 
4 8 
4 183 
5 230 
5 107 
5 29 
5 99 
5 130 
5 41 
5 40 
5 287 
5 202 
5 277 
5 145 
5 127 
5 220 
5 211 
5 94 
5 249 
5 270 
5 194 
5 244 
5 243 
5 304 
5 199 
5 257 
5 11 
5 138 
5 291 
5 176 
5 154 
5 137 
5 26 
6 111 
6 313 
6 278 
6 186 
6 105 
6 312 
6 298 
6 324 
6 54 
6 304 
6 138 
6 153 
6 180 
6 190 
6 24 
6 258 
6 70 
6 51 
6 227 
6 199 
6 91 
6 144 
6 38 
6 242 
6 309 
6 201 
6 73 
6 272 
6 47 
6 279 
6 301 
6 126 
6 284 
6 44 
6 101 
6 172 
7 183 
7 1 
7 124 
7 17 
7 20 
7 103 
7 39 
7 45 
7 323 
7 243 
7 96 
7 285 
7 26 
7 238 
7 303 
7 30 
7 223 
7 160 
7 181 
7 302 
7 15 
7 105 
7 179 
7 104 
7 92 
7 190 
7 195 
7 23 
7 169 
7 286 
7 232 
7 68 
8 226 
8 93 
8 315 
8 58 
8 117 
8 221 
8 275 
8 13 
8 179 
8 79 
8 272 
8 1 
8 61 
8 160 
8 14 
8 59 
8 213 
8 293 
8 18 
8 290 
8 29 
8 228 
8 132 
8 103 
8 78 
8 183 
8 248 
8 298 
8 178 
8 4 
8 260 
8 70 
8 144 
8 65 
8 3 
8 296 
8 159 
9 11 
9 79 
9 91 
9 289 
9 189 
9 87 
9 252 
9 220 
9 176 
9 57 
9 12 
9 77 
9 193 
9 23 
9 30 
9 147 
9 24 
9 216 
9 59 
9 33 
9 115 
9 36 
9 121 
9 243 
9 301 
9 181 
9 146 
9 136 
9 144 
9 35 
9 314 
9 251 
9 212 
9 76 
10 16 
10 312 
10 273 
10 300 
10 160 
10 316 
10 269 
10 153 
10 236 
10 75 
10 148 
10 201 
10 186 
10 310 
10 170 
10 229 
10 68 
10 183 
10 125 
10 303 
10 89 
10 180 
10 245 
10 198 
10 294 
10 155 
10 209 
10 313 
11 9 
11 292 
11 126 
11 25 
11 33 
11 75 
11 59 
11 90 
11 30 
11 123 
11 91 
11 194 
11 136 
11 179 
11 209 
11 154 
11 164 
11 151 
11 195 
11 249 
11 187 
11 17 
11 279 
11 202 
11 188 
11 311 
11 210 
11 254 
11 259 
11 5 
11 175 
11 72 
11 197 
11 220 
11 61 
11 21 
11 51 
11 124 
11 201 
11 226 
11 13 
11 113 
11 99 
12 268 
12 77 
12 93 
12 178 
12 112 
12 202 
12 246 
12 276 
12 254 
12 231 
12 161 
12 60 
12 9 
12 132 
12 55 
12 86 
12 68 
12 76 
12 305 
12 92 
12 30 
12 250 
12 245 
12 111 
12 185 
12 33 
12 123 
12 235 
12 95 
13 228 
13 314 
13 64 
13 137 
13 224 
13 210 
13 302 
13 43 
13 0 
13 8 
13 71 
13 122 
13 268 
13 318 
13 27 
13 182 
13 116 
13 283 
13 178 
13 212 
13 65 
13 317 
13 127 
13 132 
13 115 
13 98 
13 203 
13 46 
13 11 
14 284 
14 293 
14 280 
14 247 
14 58 
14 135 
14 103 
14 44 
14 242 
14 40 
14 167 
14 24 
14 173 
14 186 
14 8 
14 216 
14 125 
14 254 
14 116 
14 204 
14 80 
14 94 
14 219 
14 248 
14 165 
14 232 
14 30 
14 31 
14 321 
15 220 
15 182 
15 238 
15 117 
15 57 
15 210 
15 99 
15 255 
15 232 
15 102 
15 175 
15 134 
15 237 
15 187 
15 39 
15 97 
15 285 
15 144 
15 194 
15 322 
15 239 
15 170 
15 98 
15 7 
15 172 
15 139 
15 30 
15 122 
15 277 
15 45 
15 37 
15 321 
15 87 
15 221 
16 10 
16 259 
16 95 
16 54 
16 87 
16 144 
16 53 
16 44 
16 294 
16 83 
16 107 
16 301 
16 203 
16 109 
16 172 
16 28 
16 237 
16 219 
16 79 
16 127 
16 35 
16 59 
16 37 
16 69 
16 322 
16 129 
16 39 
16 232 
16 89 
16 4 
16 85 
16 77 
16 218 
16 122 
16 255 
16 80 
16 239 
16 213 
17 268 
17 7 
17 117 
17 202 
17 24 
17 301 
17 41 
17 192 
17 100 
17 104 
17 27 
17 312 
17 62 
17 134 
17 227 
17 317 
17 11 
17 248 
17 170 
17 226 
17 168 
17 31 
17 58 
17 223 
17 214 
17 235 
17 246 
17 72 
17 0 
17 115 
17 207 
18 63 
18 223 
18 140 
18 161 
18 227 
18 252 
18 195 
18 90 
18 190 
18 94 
18 208 
18 215 
18 209 
18 158 
18 72 
18 249 
18 22 
18 8 
18 207 
18 145 
18 194 
18 177 
18 159 
18 274 
18 303 
18 42 
18 148 
18 82 
18 37 
18 115 
18 281 
18 310 
18 198 
19 162 
19 213 
19 237 
19 311 
19 127 
19 115 
19 72 
19 192 
19 259 
19 180 
19 235 
19 124 
19 168 
19 70 
19 244 
19 87 
19 71 
19 20 
19 153 
19 217 
19 203 
19 47 
19 204 
19 109 
19 117 
19 288 
19 191 
19 57 
19 0 
19 22 
19 309 
20 151 
20 112 
20 93 
20 191 
20 7 
20 165 
20 159 
20 147 
20 303 
20 295 
20 65 
20 71 
20 204 
20 228 
20 266 
20 19 
20 219 
20 215 
20 293 
20 129 
20 75 
20 46 
20 243 
20 55 
20 22 
20 164 
20 139 
20 320 
20 180 
20 288 
20 173 
20 39 
21 222 
21 296 
21 194 
21 277 
21 304 
21 284 
21 192 
21 110 
21 303 
21 207 
21 290 
21 121 
21 30 
21 133 
21 172 
21 246 
21 171 
21 293 
21 187 
21 92 
21 190 
21 104 
21 302 
21 132 
21 150 
21 241 
21 156 
21 138 
21 292 
21 11 
21 112 
21 256 
21 136 
21 50 
21 116 
22 100 
22 171 
22 37 
22 202 
22 125 
22 279 
22 207 
22 231 
22 83 
22 205 
22 220 
22 302 
22 261 
22 295 
22 199 
22 324 
22 291 
22 75 
22 62 
22 113 
22 209 
22 18 
22 49 
22 284 
22 292 
22 97 
22 323 
22 232 
22 180 
22 64 
22 20 
22 50 
22 293 
22 247 
22 61 
22 29 
22 151 
22 281 
22 176 
22 19 
22 312 
22 268 
23 133 
23 48 
23 303 
23 201 
23 33 
23 79 
23 77 
23 291 
23 190 
23 192 
23 57 
23 9 
23 274 
23 122 
23 34 
23 182 
23 211 
23 322 
23 106 
23 117 
23 73 
23 285 
23 236 
23 130 
23 269 
23 7 
23 191 
23 41 
24 209 
24 120 
24 17 
24 274 
24 109 
24 186 
24 292 
24 48 
24 54 
24 243 
24 290 
24 14 
24 318 
24 61 
24 263 
24 70 
24 247 
24 9 
24 251 
24 6 
24 144 
24 103 
24 164 
24 151 
24 253 
24 293 
24 67 
24 316 
24 43 
24 71 
24 211 
24 267 
25 250 
25 266 
25 302 
25 277 
25 11 
25 134 
25 301 
25 260 
25 224 
25 101 
25 190 
25 238 
25 202 
25 310 
25 220 
25 137 
25 52 
25 231 
25 39 
25 55 
25 280 
25 324 
25 102 
25 315 
25 118 
25 144 
25 218 
25 308 
25 78 
25 42 
25 232 
26 280 
26 200 
26 267 
26 198 
26 141 
26 211 
26 114 
26 47 
26 7 
26 276 
26 324 
26 195 
26 207 
26 231 
26 259 
26 153 
26 305 
26 175 
26 235 
26 37 
26 228 
26 216 
26 123 
26 31 
26 5 
26 199 
27 291 
27 260 
27 250 
27 68 
27 71 
27 159 
27 201 
27 17 
27 252 
27 30 
27 13 
27 256 
27 257 
27 227 
27 317 
27 118 
27 189 
27 31 
27 157 
27 220 
27 232 
27 98 
27 285 
27 63 
27 96 
27 172 
27 267 
27 85 
28 99 
28 183 
28 129 
28 143 
28 113 
28 274 
28 139 
28 209 
28 258 
28 189 
28 16 
28 231 
28 201 
28 194 
28 223 
28 203 
28 196 
28 213 
28 117 
28 308 
28 270 
28 228 
28 77 
28 324 
28 55 
28 150 
28 217 
28 133 
28 82 
28 245 
28 52 
28 149 
28 226 
29 74 
29 243 
29 83 
29 303 
29 5 
29 166 
29 177 
29 33 
29 298 
29 300 
29 41 
29 73 
29 202 
29 275 
29 96 
29 121 
29 140 
29 86 
29 8 
29 68 
29 223 
29 195 
29 40 
29 271 
29 53 
29 213 
29 39 
29 108 
29 22 
29 162 
29 247 
29 258 
30 1 
30 315 
30 167 
30 265 
30 125 
30 31 
30 262 
30 194 
30 246 
30 165 
30 289 
30 11 
30 84 
30 311 
30 85 
30 58 
30 27 
30 192 
30 33 
30 21 
30 9 
30 273 
30 7 
30 159 
30 228 
30 73 
30 135 
30 12 
30 15 
30 32 
30 163 
30 313 
30 272 
30 115 
30 307 
30 142 
30 14 
30 210 
30 187 
30 67 
31 137 
31 58 
31 30 
31 188 
31 56 
31 315 
31 272 
31 127 
31 151 
31 291 
31 71 
31 149 
31 298 
31 179 
31 70 
31 248 
31 27 
31 80 
31 118 
31 36 
31 211 
31 266 
31 253 
31 17 
31 136 
31 258 
31 165 
31 132 
31 275 
31 262 
31 231 
31 73 
31 317 
31 26 
31 14 
31 205 
31 190 
31 113 
31 225 
32 92 
32 156 
32 239 
32 91 
32 208 
32 198 
32 244 
32 70 
32 129 
32 299 
32 93 
32 147 
32 35 
32 309 
32 30 
32 254 
32 118 
32 287 
32 224 
32 278 
32 160 
32 153 
33 120 
33 222 
33 114 
33 11 
33 4 
33 23 
33 187 
33 37 
33 29 
33 133 
33 141 
33 73 
33 107 
33 205 
33 30 
33 116 
33 294 
33 293 
33 56 
33 237 
33 161 
33 281 
33 9 
33 260 
33 77 
33 117 
33 301 
33 113 
33 167 
33 105 
33 199 
33 137 
33 12 
33 238 
34 131 
34 48 
34 292 
34 99 
34 219 
34 266 
34 247 
34 189 
34 87 
34 144 
34 194 
34 1 
34 231 
34 276 
34 304 
34 130 
34 23 
34 210 
34 178 
34 112 
34 227 
34 289 
34 58 
34 188 
34 191 
34 4 
34 125 
34 297 
34 190 
34 163 
34 129 
34 234 
34 204 
34 89 
34 81 
34 208 
34 277 
34 319 
34 110 
35 111 
35 252 
35 192 
35 231 
35 140 
35 258 
35 47 
35 228 
35 162 
35 182 
35 2 
35 102 
35 263 
35 142 
35 226 
35 53 
35 302 
35 45 
35 318 
35 16 
35 250 
35 50 
35 185 
35 32 
35 99 
35 198 
35 191 
35 119 
35 209 
35 9 
35 286 
35 101 
35 304 
35 298 
36 138 
36 262 
36 62 
36 155 
36 276 
36 121 
36 154 
36 165 
36 236 
36 251 
36 232 
36 91 
36 221 
36 69 
36 289 
36 238 
36 118 
36 208 
36 217 
36 135 
36 31 
36 9 
36 72 
36 284 
36 140 
36 306 
36 47 
36 60 
36 234 
37 251 
37 177 
37 96 
37 22 
37 94 
37 226 
37 277 
37 311 
37 33 
37 123 
37 180 
37 4 
37 169 
37 52 
37 176 
37 89 
37 70 
37 299 
37 220 
37 106 
37 84 
37 313 
37 16 
37 237 
37 179 
37 262 
37 200 
37 291 
37 26 
37 273 
37 15 
37 18 
37 193 
37 321 
37 73 
38 101 
38 202 
38 316 
38 141 
38 104 
38 307 
38 216 
38 93 
38 148 
38 64 
38 117 
38 136 
38 84 
38 240 
38 220 
38 44 
38 315 
38 287 
38 195 
38 194 
38 6 
38 105 
38 261 
38 226 
38 306 
38 198 
38 154 
38 160 
39 81 
39 193 
39 184 
39 287 
39 300 
39 166 
39 7 
39 223 
39 25 
39 217 
39 168 
39 15 
39 137 
39 198 
39 232 
39 191 
39 124 
39 16 
39 174 
39 182 
39 286 
39 281 
39 29 
39 72 
39 66 
39 273 
39 58 
39 20 
39 276 
40 314 
40 167 
40 226 
40 109 
40 122 
40 5 
40 14 
40 250 
40 131 
40 201 
40 299 
40 185 
40 267 
40 136 
40 49 
40 275 
40 308 
40 192 
40 223 
40 283 
40 158 
40 221 
40 270 
40 224 
40 104 
40 229 
40 293 
40 29 
40 180 
40 146 
40 303 
40 59 
41 295 
41 184 
41 85 
41 208 
41 279 
41 273 
41 313 
41 285 
41 17 
41 91 
41 308 
41 112 
41 5 
41 240 
41 277 
41 161 
41 104 
41 310 
41 29 
41 249 
41 231 
41 236 
41 203 
41 230 
41 176 
41 275 
41 153 
41 170 
41 48 
41 162 
41 179 
41 23 
41 2 
42 281 
42 2 
42 270 
42 277 
42 92 
42 136 
42 45 
42 71 
42 137 
42 157 
42 289 
42 256 
42 145 
42 91 
42 55 
42 313 
42 205 
42 159 
42 131 
42 302 
42 52 
42 231 
42 235 
42 214 
42 224 
42 62 
42 144 
42 186 
42 51 
42 81 
42 18 
42 118 
42 168 
42 59 
42 53 
42 25 
42 147 
42 84 
42 139 
43 1 
43 2 
43 246 
43 243 
43 315 
43 154 
43 216 
43 259 
43 13 
43 57 
43 168 
43 142 
43 182 
43 128 
43 311 
43 225 
43 175 
43 247 
43 252 
43 72 
43 226 
43 206 
43 144 
43 24 
43 221 
43 112 
44 106 
44 82 
44 164 
44 273 
44 295 
44 65 
44 16 
44 154 
44 144 
44 14 
44 320 
44 263 
44 191 
44 170 
44 157 
44 96 
44 269 
44 186 
44 137 
44 252 
44 207 
44 138 
44 188 
44 105 
44 38 
44 253 
44 48 
44 244 
44 268 
44 165 
44 125 
44 221 
44 77 
44 205 
44 299 
44 113 
44 248 
44 150 
44 159 
44 6 
44 271 
45 150 
45 146 
45 42 
45 112 
45 252 
45 7 
45 283 
45 218 
45 249 
45 149 
45 147 
45 201 
45 297 
45 305 
45 267 
45 247 
45 35 
45 56 
45 67 
45 258 
45 286 
45 233 
45 47 
45 213 
45 90 
45 48 
45 324 
45 15 
45 313 
45 293 
45 77 
45 158 
46 90 
46 98 
46 117 
46 146 
46 257 
46 66 
46 152 
46 164 
46 304 
46 55 
46 58 
46 79 
46 263 
46 322 
46 115 
46 123 
46 236 
46 244 
46 114 
46 20 
46 246 
46 170 
46 195 
46 310 
46 2 
46 309 
46 73 
46 3 
46 13 
47 68 
47 142 
47 250 
47 141 
47 262 
47 90 
47 4 
47 169 
47 116 
47 35 
47 108 
47 182 
47 92 
47 254 
47 227 
47 137 
47 72 
47 88 
47 26 
47 213 
47 56 
47 270 
47 53 
47 215 
47 275 
47 19 
47 321 
47 206 
47 45 
47 126 
47 196 
47 178 
47 36 
47 6 
47 302 
48 113 
48 23 
48 223 
48 34 
48 74 
48 164 
48 60 
48 155 
48 92 
48 110 
48 24 
48 211 
48 251 
48 151 
48 154 
48 97 
48 142 
48 221 
48 275 
48 193 
48 99 
48 44 
48 319 
48 51 
48 171 
48 309 
48 127 
48 181 
48 98 
48 45 
48 248 
48 41 
48 268 
48 178 
48 252 
48 232 
48 216 
48 229 
48 147 
49 206 
49 58 
49 272 
49 100 
49 113 
49 128 
49 63 
49 122 
49 217 
49 246 
49 174 
49 40 
49 266 
49 176 
49 108 
49 109 
49 171 
49 96 
49 22 
49 286 
49 251 
49 185 
49 89 
49 241 
49 274 
49 51 
49 280 
49 221 
49 220 
49 231 
49 141 
49 198 
49 53 
49 212 
50 207 
50 310 
50 313 
50 201 
50 124 
50 83 
50 79 
50 314 
50 116 
50 289 
50 193 
50 3 
50 121 
50 192 
50 159 
50 82 
50 35 
50 142 
50 136 
50 322 
50 22 
50 227 
50 224 
50 215 
50 315 
50 21 
50 103 
51 244 
51 144 
51 218 
51 85 
51 234 
51 226 
51 2 
51 167 
51 150 
51 198 
51 233 
51 175 
51 115 
51 317 
51 293 
51 247 
51 62 
51 178 
51 227 
51 6 
51 109 
51 82 
51 1 
51 49 
51 48 
51 194 
51 42 
51 294 
51 148 
51 11 
51 89 
51 314 
52 282 
52 65 
52 272 
52 260 
52 53 
52 109 
52 180 
52 231 
52 195 
52 37 
52 144 
52 25 
52 301 
52 290 
52 106 
52 228 
52 42 
52 83 
52 101 
52 204 
52 1 
52 131 
52 205 
52 322 
52 94 
52 55 
52 178 
52 28 
52 206 
52 149 
53 272 
53 258 
53 317 
53 270 
53 291 
53 52 
53 188 
53 16 
53 224 
53 99 
53 180 
53 172 
53 318 
53 178 
53 125 
53 159 
53 206 
53 211 
53 230 
53 295 
53 35 
53 70 
53 47 
53 222 
53 223 
53 174 
53 29 
53 283 
53 247 
53 193 
53 82 
53 105 
53 259 
53 205 
53 215 
53 42 
53 307 
53 49 
53 64 
54 275 
54 16 
54 67 
54 152 
54 115 
54 122 
54 102 
54 316 
54 92 
54 24 
54 6 
54 104 
54 213 
54 94 
54 264 
54 150 
54 238 
54 100 
54 106 
54 84 
54 141 
54 117 
54 236 
54 299 
54 70 
54 136 
55 62 
55 270 
55 278 
55 258 
55 158 
55 95 
55 142 
55 12 
55 46 
55 42 
55 308 
55 179 
55 174 
55 254 
55 129 
55 25 
55 299 
55 175 
55 20 
55 166 
55 28 
55 120 
55 52 
55 163 
55 295 
55 100 
56 59 
56 133 
56 31 
56 254 
56 322 
56 300 
56 179 
56 82 
56 4 
56 119 
56 293 
56 206 
56 47 
56 77 
56 164 
56 33 
56 45 
56 251 
56 70 
56 274 
56 94 
56 79 
56 264 
56 96 
56 159 
56 283 
56 279 
56 181 
56 297 
56 134 
56 157 
56 318 
56 321 
57 280 
57 188 
57 70 
57 311 
57 175 
57 15 
57 273 
57 9 
57 233 
57 291 
57 100 
57 43 
57 201 
57 151 
57 185 
57 62 
57 23 
57 138 
57 193 
57 184 
57 113 
57 285 
57 189 
57 160 
57 194 
57 104 
57 107 
57 217 
57 186 
57 19 
57 77 
57 277 
57 275 
58 318 
58 31 
58 14 
58 49 
58 8 
58 96 
58 122 
58 30 
58 186 
58 46 
58 182 
58 2 
58 228 
58 275 
58 91 
58 134 
58 316 
58 131 
58 34 
58 163 
58 320 
58 17 
58 321 
58 77 
58 309 
58 273 
58 232 
58 39 
58 282 
59 56 
59 211 
59 279 
59 75 
59 11 
59 127 
59 100 
59 8 
59 71 
59 228 
59 64 
59 123 
59 308 
59 9 
59 16 
59 324 
59 269 
59 154 
59 293 
59 204 
59 218 
59 311 
59 142 
59 274 
59 42 
59 243 
59 40 
59 110 
59 287 
60 140 
60 74 
60 148 
60 73 
60 243 
60 104 
60 244 
60 48 
60 160 
60 277 
60 173 
60 204 
60 125 
60 313 
60 171 
60 82 
60 202 
60 12 
60 85 
60 323 
60 182 
60 197 
60 132 
60 280 
60 259 
60 118 
60 179 
60 36 
60 97 
60 120 
61 265 
61 194 
61 198 
61 228 
61 141 
61 90 
61 220 
61 275 
61 130 
61 158 
61 252 
61 24 
61 8 
61 69 
61 187 
61 249 
61 190 
61 311 
61 234 
61 196 
61 144 
61 202 
61 320 
61 93 
61 0 
61 151 
61 22 
61 11 
61 85 
62 96 
62 55 
62 36 
62 139 
62 127 
62 205 
62 279 
62 233 
62 84 
62 0 
62 95 
62 79 
62 263 
62 241 
62 17 
62 229 
62 57 
62 214 
62 149 
62 22 
62 51 
62 304 
62 242 
62 195 
62 112 
62 173 
62 192 
62 42 
62 322 
62 306 
62 213 
62 318 
62 219 
62 252 
62 1 
62 301 
62 308 
63 173 
63 18 
63 138 
63 152 
63 100 
63 87 
63 258 
63 79 
63 95 
63 151 
63 49 
63 130 
63 163 
63 283 
63 110 
63 245 
63 93 
63 154 
63 270 
63 232 
63 187 
63 153 
63 179 
63 246 
63 27 
63 75 
63 242 
63 80 
63 137 
63 67 
63 143 
64 322 
64 155 
64 146 
64 253 
64 13 
64 119 
64 192 
64 296 
64 75 
64 306 
64 308 
64 38 
64 278 
64 135 
64 59 
64 256 
64 187 
64 299 
64 320 
64 98 
64 22 
64 136 
64 65 
64 188 
64 258 
64 203 
64 311 
64 82 
64 149 
64 270 
64 53 
65 324 
65 148 
65 52 
65 213 
65 106 
65 44 
65 119 
65 140 
65 71 
65 287 
65 20 
65 288 
65 216 
65 217 
65 173 
65 306 
65 250 
65 221 
65 156 
65 89 
65 197 
65 238 
65 137 
65 74 
65 13 
65 85 
65 272 
65 64 
65 284 
65 8 
65 234 
66 151 
66 232 
66 173 
66 207 
66 127 
66 150 
66 46 
66 93 
66 307 
66 156 
66 117 
66 300 
66 137 
66 169 
66 306 
66 296 
66 255 
66 216 
66 211 
66 299 
66 107 
66 136 
66 303 
66 80 
66 98 
66 213 
66 162 
66 153 
66 277 
66 184 
66 309 
66 131 
66 274 
66 176 
66 319 
66 39 
67 248 
67 184 
67 261 
67 54 
67 2 
67 252 
67 268 
67 317 
67 208 
67 218 
67 275 
67 85 
67 151 
67 178 
67 3 
67 277 
67 45 
67 24 
67 147 
67 207 
67 250 
67 137 
67 63 
67 30 
67 105 
68 178 
68 47 
68 188 
68 120 
68 124 
68 27 
68 265 
68 243 
68 118 
68 114 
68 79 
68 144 
68 282 
68 12 
68 302 
68 165 
68 323 
68 10 
68 83 
68 29 
68 295 
68 224 
68 71 
68 290 
68 314 
68 291 
68 111 
68 182 
68 209 
68 208 
68 254 
68 7 
68 316 
69 2 
69 142 
69 181 
69 316 
69 289 
69 305 
69 320 
69 139 
69 256 
69 314 
69 229 
69 234 
69 277 
69 200 
69 36 
69 174 
69 61 
69 129 
69 288 
69 191 
69 16 
69 280 
69 91 
69 252 
69 315 
69 89 
69 313 
69 306 
69 161 
70 229 
70 81 
70 87 
70 267 
70 258 
70 57 
70 321 
70 127 
70 83 
70 186 
70 167 
70 205 
70 225 
70 19 
70 32 
70 37 
70 90 
70 24 
70 294 
70 122 
70 124 
70 31 
70 307 
70 53 
70 6 
70 56 
70 310 
70 227 
70 117 
70 285 
70 133 
70 308 
70 311 
70 8 
70 210 
70 222 
70 54 
71 196 
71 220 
71 142 
71 42 
71 283 
71 27 
71 1 
71 65 
71 292 
71 13 
71 20 
71 31 
71 116 
71 19 
71 59 
71 183 
71 202 
71 238 
71 322 
71 199 
71 68 
71 81 
71 24 
71 314 
71 125 
71 225 
71 249 
72 19 
72 1 
72 154 
72 263 
72 197 
72 120 
72 18 
72 47 
72 173 
72 252 
72 254 
72 217 
72 160 
72 215 
72 153 
72 75 
72 159 
72 130 
72 225 
72 236 
72 43 
72 36 
72 139 
72 104 
72 284 
72 11 
72 39 
72 117 
72 92 
72 17 
73 81 
73 60 
73 284 
73 253 
73 79 
73 181 
73 197 
73 162 
73 105 
73 237 
73 324 
73 293 
73 33 
73 29 
73 114 
73 314 
73 132 
73 95 
73 30 
73 242 
73 187 
73 254 
73 23 
73 210 
73 295 
73 96 
73 6 
73 31 
73 297 
73 46 
73 176 
73 171 
73 86 
73 37 
74 60 
74 181 
74 48 
74 81 
74 29 
74 284 
74 104 
74 4 
74 296 
74 127 
74 272 
74 291 
74 131 
74 220 
74 99 
74 96 
74 266 
74 199 
74 102 
74 188 
74 193 
74 257 
74 65 
74 208 
74 147 
74 200 
74 110 
74 184 
74 160 
74 180 
74 278 
74 263 
74 246 
74 285 
75 78 
75 142 
75 302 
75 196 
75 59 
75 11 
75 222 
75 210 
75 115 
75 273 
75 193 
75 64 
75 245 
75 187 
75 244 
75 10 
75 177 
75 162 
75 125 
75 261 
75 136 
75 223 
75 22 
75 192 
75 272 
75 72 
75 183 
75 152 
75 110 
75 163 
75 311 
75 20 
75 63 
75 265 
75 149 
75 291 
75 129 
75 208 
75 306 
75 77 
75 313 
75 247 
75 301 
75 155 
75 289 
76 104 
76 136 
76 245 
76 311 
76 158 
76 225 
76 232 
76 90 
76 12 
76 253 
76 205 
76 144 
76 220 
76 210 
76 84 
76 275 
76 126 
76 123 
76 191 
76 213 
76 307 
76 9 
77 266 
77 86 
77 219 
77 12 
77 220 
77 192 
77 117 
77 97 
77 190 
77 185 
77 164 
77 152 
77 135 
77 9 
77 23 
77 211 
77 300 
77 224 
77 106 
77 84 
77 129 
77 317 
77 191 
77 100 
77 56 
77 134 
77 136 
77 28 
77 319 
77 33 
77 291 
77 44 
77 146 
77 248 
77 16 
77 57 
77 107 
77 58 
77 75 
77 142 
77 45 
77 301 
78 171 
78 75 
78 268 
78 229 
78 156 
78 285 
78 317 
78 138 
78 107 
78 118 
78 176 
78 144 
78 291 
78 128 
78 258 
78 8 
78 130 
78 126 
78 278 
78 187 
78 98 
78 322 
78 199 
78 211 
78 193 
78 25 
78 153 
78 124 
78 201 
78 204 
79 119 
79 9 
79 73 
79 197 
79 127 
79 185 
79 62 
79 63 
79 23 
79 50 
79 233 
79 91 
79 68 
79 82 
79 8 
79 46 
79 258 
79 229 
79 280 
79 16 
79 259 
79 220 
79 110 
79 215 
79 294 
79 56 
79 3 
79 87 
79 315 
79 264 
79 100 
79 96 
79 81 
79 268 
79 205 
79 249 
79 322 
80 222 
80 215 
80 152 
80 187 
80 238 
80 226 
80 131 
80 286 
80 241 
80 189 
80 310 
80 307 
80 182 
80 107 
80 214 
80 321 
80 31 
80 209 
80 66 
80 14 
80 99 
80 270 
80 138 
80 213 
80 149 
80 229 
80 63 
80 185 
80 324 
80 16 
80 126 
81 39 
81 70 
81 73 
81 160 
81 74 
81 87 
81 195 
81 151 
81 241 
81 230 
81 294 
81 93 
81 2 
81 184 
81 259 
81 250 
81 126 
81 319 
81 4 
81 167 
81 71 
81 248 
81 182 
81 42 
81 175 
81 79 
81 224 
81 306 
81 34 
82 44 
82 206 
82 180 
82 165 
82 307 
82 173 
82 123 
82 218 
82 286 
82 60 
82 287 
82 118 
82 293 
82 84 
82 285 
82 56 
82 79 
82 119 
82 324 
82 197 
82 129 
82 179 
82 229 
82 318 
82 199 
82 50 
82 263 
82 51 
82 251 
82 230 
82 236 
82 88 
82 101 
82 207 
82 53 
82 288 
82 64 
82 291 
82 28 
82 18 
82 258 
82 160 
82 115 
83 219 
83 225 
83 29 
83 200 
83 22 
83 70 
83 323 
83 50 
83 16 
83 269 
83 186 
83 131 
83 276 
83 113 
83 313 
83 221 
83 52 
83 68 
83 237 
83 311 
83 324 
83 209 
83 223 
83 232 
83 247 
83 273 
83 170 
83 236 
84 144 
84 299 
84 318 
84 155 
84 62 
84 30 
84 296 
84 207 
84 82 
84 121 
84 77 
84 38 
84 281 
84 279 
84 37 
84 167 
84 76 
84 233 
84 271 
84 54 
84 118 
84 265 
84 95 
84 295 
84 195 
84 42 
84 137 
84 115 
85 41 
85 290 
85 51 
85 163 
85 60 
85 281 
85 30 
85 67 
85 253 
85 272 
85 90 
85 207 
85 132 
85 138 
85 144 
85 266 
85 314 
85 174 
85 309 
85 279 
85 65 
85 214 
85 201 
85 16 
85 316 
85 282 
85 210 
85 156 
85 61 
85 95 
85 27 
85 123 
86 288 
86 208 
86 77 
86 293 
86 306 
86 139 
86 321 
86 271 
86 268 
86 142 
86 283 
86 12 
86 312 
86 164 
86 274 
86 205 
86 29 
86 222 
86 263 
86 254 
86 203 
86 165 
86 128 
86 209 
86 296 
86 228 
86 158 
86 183 
86 253 
86 168 
86 73 
87 258 
87 70 
87 253 
87 81 
87 63 
87 16 
87 293 
87 9 
87 268 
87 185 
87 249 
87 1 
87 206 
87 294 
87 126 
87 34 
87 129 
87 161 
87 314 
87 259 
87 170 
87 19 
87 305 
87 273 
87 248 
87 292 
87 216 
87 295 
87 152 
87 281 
87 89 
87 306 
87 115 
87 79 
87 225 
87 128 
87 229 
87 15 
87 202 
88 157 
88 92 
88 264 
88 148 
88 202 
88 300 
88 192 
88 116 
88 47 
88 230 
88 294 
88 289 
88 271 
88 156 
88 312 
88 257 
88 82 
88 123 
88 170 
88 301 
88 138 
88 107 
88 149 
88 318 
88 120 
88 206 
88 218 
89 200 
89 180 
89 182 
89 240 
89 141 
89 312 
89 229 
89 188 
89 210 
89 274 
89 37 
89 161 
89 241 
89 192 
89 198 
89 220 
89 217 
89 278 
89 304 
89 49 
89 65 
89 233 
89 10 
89 193 
89 16 
89 87 
89 295 
89 51 
89 69 
89 34 
89 122 
90 46 
90 130 
90 132 
90 266 
90 299 
90 191 
90 240 
90 18 
90 47 
90 61 
90 11 
90 303 
90 230 
90 245 
90 295 
90 101 
90 76 
90 217 
90 85 
90 219 
90 70 
90 119 
90 225 
90 3 
90 190 
90 207 
90 45 
90 220 
90 214 
90 293 
90 251 
91 144 
91 211 
91 188 
91 9 
91 281 
91 32 
91 267 
91 41 
91 11 
91 209 
91 79 
91 42 
91 112 
91 323 
91 36 
91 235 
91 109 
91 179 
91 161 
91 110 
91 289 
91 58 
91 264 
91 69 
91 6 
91 99 
91 126 
92 32 
92 88 
92 236 
92 281 
92 42 
92 316 
92 127 
92 314 
92 48 
92 54 
92 322 
92 47 
92 246 
92 320 
92 293 
92 12 
92 21 
92 185 
92 184 
92 257 
92 148 
92 315 
92 111 
92 7 
92 241 
92 164 
92 304 
92 72 
92 101 
93 12 
93 241 
93 8 
93 20 
93 297 
93 315 
93 66 
93 121 
93 38 
93 320 
93 212 
93 81 
93 146 
93 168 
93 272 
93 113 
93 63 
93 32 
93 193 
93 255 
93 195 
93 171 
93 313 
93 118 
93 242 
93 301 
93 61 
93 224 
93 310 
93 222 
93 201 
93 273 
94 107 
94 37 
94 226 
94 251 
94 18 
94 187 
94 259 
94 128 
94 320 
94 170 
94 114 
94 177 
94 137 
94 184 
94 54 
94 160 
94 5 
94 267 
94 182 
94 224 
94 181 
94 183 
94 14 
94 308 
94 56 
94 195 
94 52 
94 4 
94 281 
94 119 
94 262 
95 117 
95 16 
95 106 
95 62 
95 181 
95 63 
95 55 
95 228 
95 198 
95 169 
95 211 
95 192 
95 73 
95 180 
95 4 
95 316 
95 0 
95 178 
95 183 
95 297 
95 288 
95 84 
95 193 
95 97 
95 96 
95 222 
95 12 
95 85 
96 62 
96 37 
96 144 
96 156 
96 260 
96 136 
96 58 
96 208 
96 237 
96 304 
96 283 
96 174 
96 44 
96 218 
96 296 
96 264 
96 7 
96 29 
96 191 
96 122 
96 49 
96 74 
96 120 
96 262 
96 277 
96 251 
96 175 
96 73 
96 56 
96 300 
96 27 
96 79 
96 95 
96 266 
96 292 
97 250 
97 3 
97 275 
97 77 
97 305 
97 203 
97 204 
97 148 
97 191 
97 155 
97 2 
97 171 
97 48 
97 15 
97 262 
97 22 
97 205 
97 223 
97 224 
97 259 
97 251 
97 122 
97 280 
97 95 
97 117 
97 60 
98 46 
98 185 
98 215 
98 323 
98 121 
98 148 
98 155 
98 266 
98 180 
98 280 
98 321 
98 232 
98 66 
98 15 
98 136 
98 64 
98 27 
98 309 
98 78 
98 129 
98 48 
98 13 
98 195 
98 322 
98 273 
98 170 
98 230 
99 202 
99 28 
99 34 
99 268 
99 100 
99 261 
99 272 
99 222 
99 15 
99 317 
99 5 
99 243 
99 53 
99 107 
99 267 
99 287 
99 104 
99 299 
99 74 
99 155 
99 315 
99 192 
99 48 
99 80 
99 148 
99 91 
99 35 
99 310 
99 175 
99 290 
99 241 
99 274 
99 269 
99 11 
100 22 
100 220 
100 250 
100 257 
100 255 
100 99 
100 63 
100 266 
100 290 
100 57 
100 49 
100 17 
100 309 
100 59 
100 190 
100 214 
100 131 
100 143 
100 77 
100 194 
100 133 
100 103 
100 54 
100 129 
100 163 
100 219 
100 252 
100 104 
100 105 
100 79 
100 314 
100 282 
100 55 
101 38 
101 267 
101 169 
101 123 
101 226 
101 25 
101 212 
101 242 
101 306 
101 321 
101 90 
101 112 
101 113 
101 228 
101 52 
101 108 
101 2 
101 301 
101 159 
101 165 
101 82 
101 237 
101 178 
101 307 
101 280 
101 229 
101 316 
101 196 
101 35 
101 92 
101 6 
101 275 
101 161 
102 104 
102 302 
102 242 
102 138 
102 304 
102 231 
102 195 
102 54 
102 15 
102 211 
102 129 
102 169 
102 228 
102 35 
102 324 
102 193 
102 289 
102 25 
102 191 
102 284 
102 74 
102 132 
102 260 
102 225 
102 109 
102 110 
102 262 
102 290 
103 144 
103 155 
103 124 
103 313 
103 235 
103 14 
103 271 
103 7 
103 106 
103 198 
103 237 
103 277 
103 279 
103 175 
103 100 
103 4 
103 227 
103 232 
103 24 
103 132 
103 233 
103 167 
103 8 
103 173 
103 245 
103 210 
103 140 
103 157 
103 241 
103 188 
103 196 
103 164 
103 50 
104 311 
104 213 
104 102 
104 76 
104 180 
104 166 
104 60 
104 38 
104 3 
104 74 
104 143 
104 208 
104 235 
104 17 
104 41 
104 54 
104 287 
104 197 
104 99 
104 139 
104 194 
104 317 
104 182 
104 187 
104 300 
104 40 
104 21 
104 177 
104 115 
104 276 
104 72 
104 57 
104 156 
104 100 
104 7 
104 4 
104 151 
104 137 
104 198 
105 166 
105 215 
105 236 
105 188 
105 6 
105 205 
105 293 
105 259 
105 131 
105 73 
105 216 
105 200 
105 252 
105 113 
105 179 
105 270 
105 142 
105 245 
105 44 
105 152 
105 242 
105 264 
105 175 
105 114 
105 314 
105 7 
105 38 
105 100 
105 33 
105 53 
105 227 
105 303 
105 67 
106 44 
106 266 
106 113 
106 65 
106 2 
106 95 
106 305 
106 199 
106 302 
106 320 
106 103 
106 243 
106 178 
106 298 
106 138 
106 77 
106 140 
106 37 
106 107 
106 176 
106 52 
106 254 
106 180 
106 154 
106 269 
106 246 
106 259 
106 54 
106 23 
106 306 
106 217 
106 293 
106 292 
106 294 
106 310 
106 134 
107 94 
107 202 
107 313 
107 5 
107 296 
107 111 
107 108 
107 285 
107 99 
107 16 
107 177 
107 80 
107 33 
107 106 
107 66 
107 78 
107 2 
107 264 
107 57 
107 77 
107 88 
107 224 
108 296 
108 118 
108 152 
108 107 
108 162 
108 237 
108 123 
108 155 
108 47 
108 233 
108 324 
108 262 
108 120 
108 254 
108 49 
108 136 
108 257 
108 101 
108 224 
108 147 
108 232 
108 277 
108 300 
108 29 
108 173 
109 112 
109 241 
109 183 
109 293 
109 120 
109 40 
109 251 
109 52 
109 24 
109 255 
109 303 
109 319 
109 270 
109 16 
109 91 
109 168 
109 169 
109 247 
109 151 
109 49 
109 177 
109 206 
109 51 
109 226 
109 136 
109 113 
109 207 
109 19 
109 173 
109 260 
109 102 
109 145 
109 3 
109 192 
109 234 
110 254 
110 191 
110 238 
110 48 
110 21 
110 148 
110 291 
110 63 
110 306 
110 91 
110 289 
110 281 
110 75 
110 307 
110 147 
110 309 
110 172 
110 79 
110 74 
110 268 
110 102 
110 160 
110 34 
110 246 
110 59 
111 35 
111 6 
111 323 
111 258 
111 315 
111 293 
111 107 
111 220 
111 277 
111 179 
111 299 
111 122 
111 298 
111 193 
111 228 
111 141 
111 1 
111 313 
111 196 
111 262 
111 197 
111 236 
111 268 
111 12 
111 92 
111 68 
111 149 
111 204 
112 109 
112 301 
112 20 
112 237 
112 118 
112 12 
112 244 
112 45 
112 41 
112 302 
112 269 
112 270 
112 279 
112 91 
112 196 
112 101 
112 181 
112 222 
112 62 
112 166 
112 2 
112 290 
112 34 
112 306 
112 207 
112 149 
112 245 
112 236 
112 136 
112 178 
112 169 
112 43 
112 21 
112 252 
113 48 
113 277 
113 316 
113 253 
113 106 
113 222 
113 28 
113 49 
113 245 
113 154 
113 4 
113 156 
113 279 
113 115 
113 306 
113 274 
113 162 
113 105 
113 101 
113 83 
113 22 
113 57 
113 93 
113 308 
113 283 
113 152 
113 307 
113 109 
113 282 
113 182 
113 133 
113 181 
113 251 
113 33 
113 299 
113 208 
113 313 
113 293 
113 44 
113 178 
113 188 
113 186 
113 309 
113 31 
113 285 
113 11 
114 246 
114 33 
114 152 
114 225 
114 204 
114 68 
114 119 
114 94 
114 26 
114 73 
114 190 
114 323 
114 211 
114 46 
114 140 
114 105 
114 241 
114 307 
114 136 
114 127 
114 143 
114 255 
114 302 
114 268 
115 303 
115 258 
115 134 
115 19 
115 170 
115 54 
115 271 
115 75 
115 236 
115 321 
115 130 
115 287 
115 208 
115 276 
115 263 
115 252 
115 51 
115 191 
115 113 
115 246 
115 46 
115 278 
115 0 
115 275 
115 270 
115 9 
115 154 
115 226 
115 175 
115 104 
115 242 
115 87 
115 171 
115 200 
115 13 
115 177 
115 30 
115 229 
115 244 
115 182 
115 238 
115 82 
115 18 
115 17 
115 84 
116 263 
116 235 
116 264 
116 214 
116 251 
116 161 
116 257 
116 293 
116 141 
116 154 
116 47 
116 242 
116 221 
116 170 
116 50 
116 88 
116 155 
116 71 
116 125 
116 33 
116 162 
116 200 
116 314 
116 14 
116 139 
116 13 
116 229 
116 133 
116 196 
116 279 
116 165 
116 136 
116 280 
116 21 
117 95 
117 153 
117 260 
117 165 
117 267 
117 163 
117 217 
117 15 
117 46 
117 119 
117 17 
117 77 
117 8 
117 0 
117 223 
117 128 
117 66 
117 158 
117 126 
117 3 
117 207 
117 38 
117 179 
117 141 
117 176 
117 133 
117 199 
117 316 
117 189 
117 299 
117 28 
117 243 
117 70 
117 33 
117 19 
117 168 
117 282 
117 23 
117 244 
117 184 
117 219 
117 54 
117 97 
117 172 
117 72 
117 292 
117 218 
118 311 
118 243 
118 108 
118 112 
118 140 
118 163 
118 68 
118 217 
118 185 
118 82 
118 126 
118 175 
118 0 
118 312 
118 141 
118 273 
118 36 
118 27 
118 31 
118 78 
118 25 
118 264 
118 188 
118 137 
118 93 
118 234 
118 259 
118 84 
118 279 
118 32 
118 283 
118 42 
118 307 
118 60 
118 177 
118 199 
118 154 
118 321 
119 79 
119 202 
119 164 
119 240 
119 152 
119 117 
119 64 
119 65 
119 2 
119 134 
119 114 
119 260 
119 82 
119 56 
119 229 
119 291 
119 121 
119 90 
119 137 
119 245 
119 214 
119 223 
119 135 
119 310 
119 209 
119 35 
119 302 
119 270 
119 94 
119 301 
120 33 
120 255 
120 24 
120 68 
120 252 
120 109 
120 185 
120 303 
120 137 
120 311 
120 108 
120 72 
120 188 
120 193 
120 196 
120 96 
120 312 
120 179 
120 155 
120 212 
120 306 
120 55 
120 202 
120 88 
120 60 
121 266 
121 36 
121 146 
121 1 
121 180 
121 186 
121 178 
121 135 
121 209 
121 93 
121 98 
121 207 
121 250 
121 243 
121 84 
121 263 
121 21 
121 2 
121 29 
121 119 
121 216 
121 50 
121 155 
121 303 
121 249 
121 229 
121 194 
121 277 
121 9 
121 256 
121 179 
121 221 
121 202 
121 163 
121 304 
121 215 
122 190 
122 193 
122 54 
122 281 
122 58 
122 260 
122 40 
122 111 
122 248 
122 13 
122 49 
122 127 
122 266 
122 208 
122 186 
122 70 
122 23 
122 96 
122 141 
122 201 
122 178 
122 219 
122 305 
122 4 
122 97 
122 286 
122 15 
122 16 
122 229 
122 89 
122 128 
123 186 
123 101 
123 180 
123 82 
123 108 
123 37 
123 214 
123 11 
123 283 
123 294 
123 153 
123 46 
123 287 
123 256 
123 195 
123 59 
123 233 
123 88 
123 314 
123 76 
123 12 
123 26 
123 85 
124 302 
124 207 
124 298 
124 103 
124 7 
124 247 
124 50 
124 135 
124 68 
124 148 
124 210 
124 19 
124 157 
124 278 
124 236 
124 221 
124 131 
124 139 
124 264 
124 222 
124 284 
124 319 
124 143 
124 70 
124 203 
124 242 
124 39 
124 270 
124 182 
124 214 
124 269 
124 11 
124 177 
124 78 
124 167 
125 30 
125 294 
125 22 
125 208 
125 60 
125 177 
125 53 
125 196 
125 75 
125 128 
125 116 
125 207 
125 14 
125 289 
125 10 
125 183 
125 143 
125 295 
125 127 
125 44 
125 129 
125 201 
125 236 
125 34 
125 71 
125 182 
125 309 
125 248 
125 319 
126 11 
126 206 
126 318 
126 137 
126 176 
126 117 
126 232 
126 87 
126 118 
126 198 
126 172 
126 280 
126 251 
126 78 
126 81 
126 240 
126 165 
126 76 
126 181 
126 167 
126 47 
126 127 
126 236 
126 91 
126 6 
126 204 
126 80 
126 138 
127 247 
127 164 
127 62 
127 19 
127 66 
127 92 
127 31 
127 79 
127 70 
127 59 
127 74 
127 248 
127 297 
127 301 
127 122 
127 304 
127 187 
127 5 
127 308 
127 16 
127 209 
127 267 
127 195 
127 151 
127 296 
127 125 
127 322 
127 3 
127 48 
127 319 
127 13 
127 126 
127 114 
127 148 
127 169 
127 221 
127 216 
128 150 
128 180 
128 117 
128 135 
128 131 
128 49 
128 231 
128 94 
128 319 
128 310 
128 125 
128 206 
128 199 
128 43 
128 149 
128 2 
128 304 
128 272 
128 78 
128 86 
128 129 
128 198 
128 213 
128 87 
128 143 
128 177 
128 256 
128 122 
128 151 
129 176 
129 245 
129 135 
129 264 
129 28 
129 191 
129 102 
129 140 
129 324 
129 87 
129 1 
129 77 
129 143 
129 82 
129 232 
129 32 
129 55 
129 69 
129 150 
129 100 
129 144 
129 16 
129 20 
129 128 
129 98 
129 125 
129 297 
129 75 
129 34 
129 204 
130 270 
130 312 
130 90 
130 268 
130 186 
130 248 
130 293 
130 267 
130 168 
130 179 
130 115 
130 5 
130 218 
130 240 
130 200 
130 61 
130 185 
130 63 
130 162 
130 233 
130 275 
130 298 
130 143 
130 34 
130 178 
130 72 
130 152 
130 199 
130 189 
130 78 
130 251 
130 306 
130 23 
130 257 
130 253 
131 34 
131 80 
131 204 
131 251 
131 273 
131 289 
131 222 
131 105 
131 264 
131 128 
131 40 
131 124 
131 1 
131 241 
131 163 
131 150 
131 239 
131 83 
131 100 
131 74 
131 42 
131 212 
131 235 
131 133 
131 215 
131 58 
131 248 
131 189 
131 52 
131 297 
131 221 
131 154 
131 190 
131 66 
131 280 
132 231 
132 90 
132 140 
132 232 
132 206 
132 227 
132 274 
132 12 
132 187 
132 292 
132 312 
132 259 
132 179 
132 291 
132 324 
132 150 
132 177 
132 235 
132 147 
132 73 
132 162 
132 8 
132 152 
132 85 
132 103 
132 102 
132 135 
132 60 
132 307 
132 21 
132 13 
132 31 
132 276 
132 2 
132 233 
133 23 
133 296 
133 282 
133 56 
133 195 
133 204 
133 306 
133 168 
133 244 
133 217 
133 214 
133 33 
133 201 
133 175 
133 242 
133 229 
133 181 
133 21 
133 100 
133 117 
133 281 
133 256 
133 131 
133 177 
133 116 
133 113 
133 194 
133 70 
133 28 
133 200 
133 173 
133 1 
133 257 
133 286 
134 141 
134 231 
134 209 
134 115 
134 25 
134 217 
134 313 
134 239 
134 282 
134 210 
134 190 
134 119 
134 15 
134 17 
134 226 
134 242 
134 230 
134 77 
134 58 
134 249 
134 164 
134 246 
134 193 
134 146 
134 56 
134 106 
134 199 
135 322 
135 314 
135 290 
135 168 
135 14 
135 298 
135 124 
135 129 
135 121 
135 316 
135 128 
135 243 
135 77 
135 198 
135 64 
135 2 
135 166 
135 36 
135 237 
135 296 
135 132 
135 30 
135 285 
135 236 
135 214 
135 119 
135 224 
135 247 
135 303 
135 310 
135 181 
135 279 
135 0 
136 301 
136 76 
136 42 
136 234 
136 96 
136 216 
136 297 
136 191 
136 11 
136 40 
136 203 
136 175 
136 282 
136 75 
136 38 
136 164 
136 108 
136 66 
136 233 
136 251 
136 163 
136 165 
136 109 
136 77 
136 98 
136 279 
136 208 
136 50 
136 64 
136 31 
136 321 
136 112 
136 114 
136 322 
136 116 
136 186 
136 9 
136 253 
136 21 
136 306 
136 176 
136 238 
136 54 
137 31 
137 126 
137 315 
137 13 
137 42 
137 275 
137 120 
137 66 
137 25 
137 147 
137 47 
137 44 
137 94 
137 296 
137 39 
137 119 
137 118 
137 65 
137 241 
137 262 
137 67 
137 63 
137 298 
137 33 
137 5 
137 286 
137 84 
137 104 
138 2 
138 36 
138 143 
138 63 
138 102 
138 300 
138 6 
138 78 
138 106 
138 57 
138 259 
138 44 
138 287 
138 161 
138 323 
138 159 
138 247 
138 85 
138 222 
138 80 
138 213 
138 5 
138 21 
138 88 
138 167 
138 269 
138 240 
138 178 
138 150 
138 126 
138 153 
139 200 
139 238 
139 62 
139 4 
139 86 
139 158 
139 282 
139 290 
139 69 
139 28 
139 302 
139 237 
139 124 
139 104 
139 229 
139 184 
139 297 
139 3 
139 116 
139 164 
139 72 
139 15 
139 142 
139 20 
139 0 
139 42 
140 211 
140 60 
140 18 
140 132 
140 187 
140 223 
140 35 
140 193 
140 118 
140 65 
140 302 
140 129 
140 169 
140 310 
140 106 
140 220 
140 29 
140 149 
140 114 
140 181 
140 192 
140 103 
140 299 
140 194 
140 196 
140 36 
140 265 
140 316 
141 134 
141 312 
141 310 
141 38 
141 290 
141 89 
141 47 
141 116 
141 61 
141 26 
141 233 
141 33 
141 237 
141 313 
141 190 
141 205 
141 118 
141 263 
141 193 
141 117 
141 308 
141 122 
141 239 
141 111 
141 3 
141 208 
141 320 
141 264 
141 171 
141 149 
141 282 
141 54 
141 49 
141 162 
141 251 
141 283 
141 156 
142 47 
142 75 
142 311 
142 293 
142 219 
142 69 
142 236 
142 71 
142 248 
142 86 
142 55 
142 253 
142 217 
142 302 
142 216 
142 43 
142 150 
142 105 
142 48 
142 35 
142 289 
142 229 
142 50 
142 214 
142 303 
142 213 
142 164 
142 139 
142 234 
142 321 
142 59 
142 272 
142 161 
142 291 
142 30 
142 77 
142 172 
142 201 
143 138 
143 263 
143 165 
143 104 
143 222 
143 159 
143 320 
143 28 
143 129 
143 207 
143 124 
143 130 
143 100 
143 171 
143 302 
143 234 
143 125 
143 153 
143 306 
143 274 
143 212 
143 114 
143 323 
143 128 
143 176 
143 255 
143 319 
143 63 
144 91 
144 103 
144 199 
144 84 
144 161 
144 96 
144 51 
144 324 
144 176 
144 16 
144 224 
144 44 
144 192 
144 305 
144 316 
144 226 
144 181 
144 52 
144 68 
144 34 
144 160 
144 76 
144 229 
144 78 
144 24 
144 15 
144 85 
144 129 
144 265 
144 157 
144 237 
144 194 
144 61 
144 25 
144 217 
144 317 
144 42 
144 6 
144 43 
144 275 
144 184 
144 321 
144 9 
144 8 
144 277 
144 219 
145 237 
145 241 
145 208 
145 305 
145 42 
145 257 
145 317 
145 5 
145 281 
145 18 
145 251 
145 267 
145 189 
145 3 
145 109 
145 160 
145 302 
145 173 
145 272 
145 280 
146 4 
146 318 
146 121 
146 64 
146 45 
146 46 
146 260 
146 266 
146 172 
146 0 
146 222 
146 93 
146 170 
146 216 
146 168 
146 193 
146 230 
146 301 
146 290 
146 1 
146 134 
146 77 
146 155 
146 189 
146 322 
146 9 
146 40 
146 257 
146 165 
147 163 
147 242 
147 20 
147 250 
147 137 
147 45 
147 9 
147 132 
147 32 
147 110 
147 157 
147 108 
147 159 
147 67 
147 74 
147 0 
147 317 
147 48 
147 42 
148 150 
148 316 
148 213 
148 60 
148 65 
148 88 
148 250 
148 124 
148 278 
148 238 
148 98 
148 38 
148 97 
148 185 
148 271 
148 110 
148 10 
148 263 
148 259 
148 189 
148 272 
148 270 
148 99 
148 304 
148 92 
148 244 
148 216 
148 51 
148 127 
148 240 
148 18 
149 186 
149 293 
149 188 
149 159 
149 253 
149 276 
149 274 
149 240 
149 212 
149 270 
149 45 
149 199 
149 62 
149 31 
149 254 
149 128 
149 191 
149 140 
149 112 
149 243 
149 141 
149 80 
149 75 
149 111 
149 64 
149 310 
149 320 
149 0 
149 88 
149 28 
149 52 
150 173 
150 148 
150 128 
150 45 
150 228 
150 66 
150 213 
150 217 
150 51 
150 253 
150 157 
150 242 
150 131 
150 308 
150 185 
150 132 
150 180 
150 1 
150 142 
150 247 
150 226 
150 301 
150 199 
150 299 
150 129 
150 177 
150 54 
150 288 
150 28 
150 21 
150 284 
150 206 
150 184 
150 176 
150 44 
150 168 
150 138 
150 324 
151 66 
151 308 
151 20 
151 278 
151 289 
151 263 
151 312 
151 31 
151 210 
151 185 
151 275 
151 81 
151 63 
151 204 
151 57 
151 67 
151 199 
151 48 
151 109 
151 268 
151 11 
151 24 
151 127 
151 61 
151 197 
151 238 
151 104 
151 22 
151 128 
152 80 
152 210 
152 114 
152 288 
152 212 
152 63 
152 119 
152 54 
152 108 
152 46 
152 77 
152 267 
152 195 
152 176 
152 216 
152 291 
152 290 
152 105 
152 130 
152 75 
152 132 
152 229 
152 113 
152 154 
152 167 
152 200 
152 87 
152 209 
152 180 
153 117 
153 176 
153 163 
153 10 
153 154 
153 123 
153 6 
153 311 
153 19 
153 72 
153 233 
153 26 
153 0 
153 165 
153 63 
153 309 
153 164 
153 143 
153 41 
153 322 
153 66 
153 170 
153 78 
153 138 
153 32 
154 36 
154 206 
154 258 
154 44 
154 304 
154 116 
154 229 
154 43 
154 72 
154 113 
154 153 
154 2 
154 292 
154 11 
154 48 
154 106 
154 173 
154 63 
154 302 
154 196 
154 212 
154 152 
154 167 
154 115 
154 272 
154 59 
154 216 
154 220 
154 131 
154 200 
154 5 
154 240 
154 320 
154 279 
154 118 
154 38 
155 103 
155 36 
155 64 
155 298 
155 48 
155 84 
155 272 
155 108 
155 291 
155 163 
155 264 
155 98 
155 97 
155 191 
155 274 
155 116 
155 301 
155 177 
155 164 
155 99 
155 168 
155 121 
155 120 
155 10 
155 146 
155 241 
155 75 
156 32 
156 319 
156 316 
156 96 
156 171 
156 318 
156 166 
156 78 
156 191 
156 66 
156 230 
156 252 
156 113 
156 208 
156 245 
156 179 
156 3 
156 278 
156 65 
156 88 
156 104 
156 267 
156 256 
156 21 
156 257 
156 85 
156 141 
157 88 
157 280 
157 268 
157 165 
157 180 
157 42 
157 275 
157 124 
157 150 
157 184 
157 44 
157 245 
157 234 
157 276 
157 279 
157 174 
157 182 
157 239 
157 260 
157 216 
157 217 
157 27 
157 322 
157 144 
157 147 
157 281 
157 317 
157 103 
157 4 
157 179 
157 168 
157 56 
157 213 
158 306 
158 299 
158 192 
158 139 
158 276 
158 55 
158 76 
158 117 
158 18 
158 217 
158 245 
158 61 
158 40 
158 291 
158 315 
158 246 
158 225 
158 300 
158 239 
158 271 
158 171 
158 86 
158 45 
159 149 
159 255 
159 272 
159 195 
159 20 
159 143 
159 175 
159 27 
159 298 
159 179 
159 53 
159 42 
159 30 
159 138 
159 72 
159 262 
159 50 
159 241 
159 18 
159 101 
159 147 
159 236 
159 290 
159 201 
159 56 
159 178 
159 231 
159 307 
159 44 
159 8 
160 181 
160 81 
160 205 
160 177 
160 60 
160 10 
160 321 
160 203 
160 8 
160 144 
160 167 
160 94 
160 72 
160 194 
160 7 
160 267 
160 282 
160 57 
160 200 
160 287 
160 271 
160 187 
160 252 
160 274 
160 74 
160 110 
160 145 
160 82 
160 221 
160 32 
160 38 
160 264 
161 165 
161 144 
161 241 
161 256 
161 18 
161 116 
161 284 
161 196 
161 294 
161 202 
161 12 
161 312 
161 322 
161 41 
161 267 
161 87 
161 89 
161 251 
161 167 
161 91 
161 138 
161 282 
161 229 
161 217 
161 33 
161 179 
161 248 
161 3 
161 180 
161 142 
161 271 
161 233 
161 69 
161 101 
162 191 
162 19 
162 108 
162 73 
162 216 
162 166 
162 262 
162 35 
162 184 
162 310 
162 113 
162 130 
162 75 
162 116 
162 200 
162 317 
162 132 
162 280 
162 219 
162 251 
162 66 
162 271 
162 232 
162 141 
162 41 
162 29 
162 257 
162 255 
162 223 
162 263 
162 267 
163 117 
163 147 
163 118 
163 153 
163 85 
163 155 
163 190 
163 239 
163 309 
163 131 
163 63 
163 222 
163 315 
163 256 
163 260 
163 75 
163 136 
163 100 
163 58 
163 268 
163 121 
163 30 
163 55 
163 34 
163 275 
164 186 
164 44 
164 127 
164 236 
164 119 
164 48 
164 46 
164 77 
164 323 
164 222 
164 86 
164 249 
164 297 
164 136 
164 11 
164 155 
164 56 
164 282 
164 139 
164 24 
164 153 
164 286 
164 142 
164 3 
164 134 
164 301 
164 20 
164 92 
164 212 
164 103 
165 320 
165 161 
165 0 
165 117 
165 238 
165 157 
165 82 
165 4 
165 36 
165 143 
165 20 
165 30 
165 307 
165 284 
165 68 
165 262 
165 260 
165 224 
165 86 
165 136 
165 153 
165 226 
165 44 
165 126 
165 101 
165 14 
165 31 
165 319 
165 116 
165 189 
165 1 
165 146 
166 105 
166 1 
166 104 
166 297 
166 232 
166 156 
166 39 
166 281 
166 162 
166 211 
166 29 
166 314 
166 168 
166 275 
166 193 
166 135 
166 261 
166 240 
166 112 
166 55 
166 282 
166 308 
166 251 
166 315 
166 283 
166 305 
167 245 
167 30 
167 293 
167 40 
167 240 
167 51 
167 70 
167 276 
167 299 
167 14 
167 275 
167 161 
167 324 
167 190 
167 160 
167 84 
167 103 
167 154 
167 152 
167 33 
167 306 
167 81 
167 126 
167 267 
167 138 
167 265 
167 224 
167 124 
168 222 
168 135 
168 133 
168 179 
168 130 
168 166 
168 223 
168 19 
168 311 
168 203 
168 43 
168 109 
168 93 
168 39 
168 310 
168 155 
168 254 
168 146 
168 1 
168 176 
168 17 
168 117 
168 230 
168 252 
168 42 
168 157 
168 150 
168 86 
169 101 
169 47 
169 66 
169 102 
169 37 
169 140 
169 254 
169 242 
169 2 
169 95 
169 318 
169 109 
169 265 
169 190 
169 223 
169 194 
169 188 
169 218 
169 4 
169 312 
169 127 
169 112 
169 298 
169 7 
169 186 
169 252 
169 181 
170 264 
170 283 
170 198 
170 115 
170 187 
170 116 
170 252 
170 44 
170 94 
170 87 
170 307 
170 146 
170 274 
170 10 
170 286 
170 209 
170 15 
170 222 
170 17 
170 221 
170 183 
170 153 
170 41 
170 266 
170 287 
170 193 
170 88 
170 46 
170 192 
170 83 
170 313 
170 261 
170 98 
170 206 
171 78 
171 22 
171 156 
171 204 
171 283 
171 60 
171 290 
171 281 
171 180 
171 97 
171 21 
171 49 
171 211 
171 143 
171 219 
171 93 
171 189 
171 287 
171 201 
171 215 
171 172 
171 48 
171 277 
171 141 
171 158 
171 308 
171 115 
171 298 
171 285 
171 209 
171 316 
171 186 
171 265 
171 73 
172 295 
172 280 
172 232 
172 307 
172 146 
172 263 
172 206 
172 53 
172 203 
172 16 
172 298 
172 21 
172 255 
172 187 
172 310 
172 215 
172 216 
172 110 
172 126 
172 15 
172 218 
172 194 
172 171 
172 209 
172 188 
172 27 
172 239 
172 180 
172 117 
172 290 
172 265 
172 142 
172 6 
173 63 
173 281 
173 150 
173 66 
173 228 
173 60 
173 218 
173 82 
173 291 
173 198 
173 315 
173 182 
173 266 
173 14 
173 72 
173 65 
173 302 
173 154 
173 225 
173 242 
173 62 
173 241 
173 103 
173 306 
173 109 
173 264 
173 207 
173 316 
173 243 
173 133 
173 108 
173 145 
173 20 
173 231 
173 188 
174 288 
174 298 
174 96 
174 240 
174 315 
174 4 
174 55 
174 49 
174 157 
174 69 
174 292 
174 39 
174 85 
174 282 
174 53 
174 294 
174 308 
174 321 
174 230 
174 311 
175 199 
175 57 
175 287 
175 159 
175 309 
175 51 
175 15 
175 118 
175 133 
175 186 
175 136 
175 103 
175 43 
175 55 
175 267 
175 105 
175 115 
175 26 
175 304 
175 96 
175 251 
175 183 
175 11 
175 99 
175 81 
175 202 
175 219 
176 275 
176 252 
176 153 
176 129 
176 144 
176 126 
176 9 
176 259 
176 152 
176 37 
176 189 
176 198 
176 223 
176 267 
176 106 
176 49 
176 266 
176 271 
176 117 
176 187 
176 78 
176 298 
176 315 
176 240 
176 168 
176 41 
176 260 
176 199 
176 5 
176 66 
176 284 
176 254 
176 143 
176 150 
176 22 
176 73 
176 136 
177 37 
177 190 
177 160 
177 219 
177 315 
177 125 
177 199 
177 318 
177 29 
177 107 
177 224 
177 198 
177 216 
177 94 
177 268 
177 75 
177 132 
177 2 
177 155 
177 265 
177 208 
177 109 
177 314 
177 150 
177 297 
177 305 
177 133 
177 18 
177 104 
177 286 
177 193 
177 191 
177 285 
177 274 
177 240 
177 115 
177 200 
177 128 
177 118 
177 124 
177 207 
177 293 
178 68 
178 12 
178 266 
178 308 
178 121 
178 319 
178 229 
178 238 
178 53 
178 106 
178 67 
178 322 
178 51 
178 130 
178 34 
178 122 
178 207 
178 13 
178 95 
178 230 
178 180 
178 101 
178 52 
178 112 
178 8 
178 159 
178 47 
178 299 
178 48 
178 138 
178 113 
179 310 
179 216 
179 247 
179 168 
179 258 
179 130 
179 232 
179 261 
179 274 
179 111 
179 292 
179 11 
179 269 
179 56 
179 159 
179 132 
179 55 
179 8 
179 117 
179 91 
179 105 
179 200 
179 305 
179 82 
179 31 
179 307 
179 156 
179 245 
179 266 
179 218 
179 223 
179 37 
179 120 
179 253 
179 161 
179 63 
179 121 
179 288 
179 7 
179 242 
179 318 
179 157 
179 41 
179 211 
179 60 
180 237 
180 190 
180 128 
180 89 
180 229 
180 252 
180 82 
180 104 
180 121 
180 123 
180 157 
180 19 
180 4 
180 208 
180 52 
180 37 
180 53 
180 189 
180 98 
180 256 
180 6 
180 150 
180 294 
180 171 
180 202 
180 106 
180 95 
180 22 
180 10 
180 288 
180 40 
180 203 
180 192 
180 216 
180 296 
180 161 
180 244 
180 178 
180 321 
180 221 
180 74 
180 172 
180 20 
180 270 
180 277 
180 152 
181 160 
181 319 
181 321 
181 279 
181 74 
181 69 
181 73 
181 275 
181 95 
181 144 
181 232 
181 280 
181 133 
181 253 
181 203 
181 202 
181 282 
181 112 
181 7 
181 94 
181 228 
181 210 
181 214 
181 140 
181 113 
181 9 
181 126 
181 135 
181 48 
181 219 
181 205 
181 56 
181 169 
181 234 
182 245 
182 322 
182 89 
182 15 
182 239 
182 246 
182 255 
182 296 
182 173 
182 47 
182 35 
182 58 
182 80 
182 218 
182 308 
182 157 
182 13 
182 212 
182 60 
182 43 
182 94 
182 104 
182 23 
182 113 
182 269 
182 39 
182 124 
182 302 
182 232 
182 68 
182 81 
182 305 
182 125 
182 115 
182 215 
182 241 
183 7 
183 254 
183 109 
183 28 
183 306 
183 321 
183 251 
183 287 
183 263 
183 277 
183 207 
183 274 
183 304 
183 71 
183 246 
183 75 
183 297 
183 10 
183 125 
183 94 
183 241 
183 324 
183 195 
183 283 
183 95 
183 170 
183 8 
183 175 
183 187 
183 86 
183 226 
183 197 
183 4 
184 39 
184 67 
184 41 
184 291 
184 237 
184 222 
184 157 
184 162 
184 94 
184 57 
184 139 
184 81 
184 286 
184 220 
184 92 
184 226 
184 74 
184 66 
184 117 
184 144 
184 150 
184 245 
184 312 
184 287 
184 315 
185 213 
185 293 
185 4 
185 98 
185 77 
185 120 
185 79 
185 87 
185 226 
185 118 
185 151 
185 40 
185 148 
185 130 
185 306 
185 57 
185 289 
185 150 
185 191 
185 237 
185 49 
185 295 
185 35 
185 92 
185 247 
185 12 
185 80 
186 149 
186 164 
186 123 
186 207 
186 192 
186 130 
186 6 
186 121 
186 24 
186 70 
186 324 
186 259 
186 83 
186 272 
186 273 
186 58 
186 175 
186 297 
186 44 
186 251 
186 14 
186 122 
186 299 
186 10 
186 196 
186 260 
186 303 
186 217 
186 42 
186 57 
186 271 
186 280 
186 293 
186 136 
186 253 
186 275 
186 171 
186 223 
186 169 
186 113 
187 80 
187 140 
187 279 
187 170 
187 33 
187 315 
187 235 
187 94 
187 251 
187 132 
187 233 
187 75 
187 303 
187 127 
187 15 
187 61 
187 252 
187 172 
187 21 
187 11 
187 176 
187 104 
187 63 
187 219 
187 64 
187 78 
187 241 
187 73 
187 160 
187 183 
187 212 
187 305 
187 280 
187 30 
187 270 
188 149 
188 256 
188 91 
188 68 
188 31 
188 213 
188 57 
188 105 
188 89 
188 233 
188 53 
188 296 
188 192 
188 253 
188 267 
188 120 
188 200 
188 218 
188 44 
188 3 
188 118 
188 11 
188 74 
188 288 
188 169 
188 34 
188 103 
188 64 
188 172 
188 302 
188 212 
188 113 
188 173 
189 310 
189 269 
189 201 
189 9 
189 242 
189 280 
189 80 
189 243 
189 225 
189 253 
189 176 
189 34 
189 180 
189 28 
189 271 
189 27 
189 148 
189 57 
189 117 
189 323 
189 254 
189 130 
189 171 
189 198 
189 145 
189 273 
189 131 
189 246 
189 322 
189 324 
189 230 
189 317 
189 217 
189 146 
189 312 
189 165 
190 180 
190 177 
190 122 
190 247 
190 292 
190 77 
190 25 
190 18 
190 275 
190 134 
190 163 
190 23 
190 141 
190 100 
190 215 
190 238 
190 299 
190 167 
190 114 
190 6 
190 61 
190 236 
190 21 
190 169 
190 90 
190 203 
190 198 
190 34 
190 131 
190 7 
190 31 
190 229 
191 162 
191 110 
191 238 
191 90 
191 321 
191 20 
191 156 
191 278 
191 129 
191 136 
191 44 
191 97 
191 155 
191 115 
191 235 
191 267 
191 185 
191 77 
191 96 
191 102 
191 149 
191 39 
191 296 
191 69 
191 258 
191 311 
191 177 
191 34 
191 19 
191 196 
191 76 
191 35 
191 23 
191 290 
191 304 
192 35 
192 310 
192 186 
192 211 
192 263 
192 238 
192 77 
192 309 
192 19 
192 158 
192 64 
192 144 
192 188 
192 306 
192 17 
192 21 
192 283 
192 88 
192 241 
192 23 
192 30 
192 89 
192 75 
192 40 
192 297 
192 95 
192 50 
192 287 
192 99 
192 62 
192 320 
192 140 
192 234 
192 180 
192 170 
192 109 
193 39 
193 282 
193 122 
193 319 
193 140 
193 75 
193 254 
193 230 
193 310 
193 214 
193 9 
193 273 
193 120 
193 307 
193 272 
193 57 
193 111 
193 50 
193 166 
193 102 
193 141 
193 241 
193 93 
193 211 
193 48 
193 275 
193 74 
193 146 
193 89 
193 177 
193 265 
193 280 
193 134 
193 170 
193 78 
193 53 
193 95 
193 37 
194 217 
194 61 
194 294 
194 238 
194 21 
194 30 
194 319 
194 3 
194 265 
194 11 
194 318 
194 292 
194 232 
194 303 
194 34 
194 300 
194 198 
194 160 
194 100 
194 28 
194 104 
194 18 
194 5 
194 296 
194 15 
194 121 
194 144 
194 172 
194 57 
194 169 
194 133 
194 215 
194 38 
194 140 
194 282 
194 51 
194 203 
194 267 
194 284 
194 251 
194 323 
195 323 
195 306 
195 293 
195 133 
195 201 
195 280 
195 211 
195 18 
195 159 
195 102 
195 81 
195 260 
195 52 
195 152 
195 271 
195 123 
195 26 
195 11 
195 29 
195 62 
195 206 
195 93 
195 127 
195 38 
195 287 
195 183 
195 94 
195 294 
195 1 
195 46 
195 98 
195 7 
195 216 
195 307 
195 84 
195 248 
196 239 
196 75 
196 280 
196 71 
196 161 
196 3 
196 304 
196 260 
196 226 
196 112 
196 125 
196 199 
196 120 
196 319 
196 154 
196 28 
196 61 
196 186 
196 111 
196 116 
196 272 
196 140 
196 191 
196 219 
196 47 
196 101 
196 274 
196 316 
196 103 
196 266 
197 319 
197 297 
197 312 
197 228 
197 79 
197 261 
197 73 
197 198 
197 72 
197 203 
197 104 
197 82 
197 200 
197 60 
197 65 
197 111 
197 11 
197 151 
197 264 
197 183 
197 253 
198 317 
198 61 
198 26 
198 170 
198 276 
198 173 
198 197 
198 51 
198 311 
198 103 
198 135 
198 32 
198 126 
198 177 
198 310 
198 2 
198 176 
198 303 
198 95 
198 214 
198 300 
198 194 
198 89 
198 286 
198 39 
198 189 
198 292 
198 235 
198 323 
198 10 
198 190 
198 128 
198 35 
198 285 
198 49 
198 38 
198 18 
198 104 
199 144 
199 219 
199 175 
199 223 
199 106 
199 177 
199 226 
199 149 
199 22 
199 196 
199 151 
199 288 
199 128 
199 82 
199 150 
199 117 
199 266 
199 74 
199 130 
199 71 
199 6 
199 5 
199 295 
199 78 
199 176 
199 33 
199 306 
199 26 
199 118 
199 272 
199 134 
200 89 
200 26 
200 139 
200 230 
200 279 
200 83 
200 286 
200 288 
200 203 
200 105 
200 324 
200 130 
200 306 
200 69 
200 188 
200 179 
200 162 
200 302 
200 116 
200 197 
200 250 
200 235 
200 160 
200 152 
200 37 
200 74 
200 115 
200 154 
200 133 
200 177 
200 294 
200 278 
200 251 
201 195 
201 23 
201 50 
201 189 
201 242 
201 40 
201 27 
201 57 
201 133 
201 45 
201 218 
201 10 
201 323 
201 303 
201 28 
201 236 
201 122 
201 171 
201 85 
201 125 
201 6 
201 159 
201 249 
201 93 
201 11 
201 257 
201 142 
201 78 
202 38 
202 99 
202 119 
202 107 
202 264 
202 22 
202 12 
202 17 
202 282 
202 161 
202 88 
202 60 
202 25 
202 5 
202 274 
202 29 
202 236 
202 180 
202 181 
202 11 
202 270 
202 71 
202 232 
202 61 
202 121 
202 297 
202 278 
202 238 
202 267 
202 316 
202 279 
202 120 
202 324 
202 175 
202 87 
203 208 
203 279 
203 320 
203 286 
203 200 
203 97 
203 160 
203 277 
203 16 
203 197 
203 136 
203 168 
203 298 
203 172 
203 256 
203 181 
203 293 
203 124 
203 28 
203 86 
203 19 
203 41 
203 235 
203 190 
203 180 
203 194 
203 3 
203 64 
203 13 
203 302 
204 133 
204 224 
204 3 
204 131 
204 60 
204 114 
204 296 
204 171 
204 280 
204 97 
204 288 
204 151 
204 275 
204 20 
204 257 
204 302 
204 271 
204 14 
204 52 
204 316 
204 19 
204 293 
204 59 
204 237 
204 238 
204 34 
204 129 
204 126 
204 220 
204 111 
204 277 
204 78 
205 298 
205 62 
205 312 
205 320 
205 160 
205 224 
205 105 
205 22 
205 265 
205 246 
205 70 
205 281 
205 33 
205 141 
205 86 
205 242 
205 234 
205 324 
205 42 
205 76 
205 97 
205 52 
205 44 
205 181 
205 53 
205 31 
205 288 
205 79 
205 255 
206 49 
206 231 
206 316 
206 82 
206 307 
206 126 
206 271 
206 273 
206 154 
206 318 
206 219 
206 262 
206 132 
206 172 
206 293 
206 239 
206 1 
206 87 
206 283 
206 291 
206 274 
206 53 
206 56 
206 128 
206 286 
206 109 
206 220 
206 195 
206 257 
206 43 
206 47 
206 319 
206 312 
206 296 
206 300 
206 150 
206 52 
206 170 
206 88 
207 264 
207 124 
207 50 
207 186 
207 1 
207 66 
207 22 
207 309 
207 232 
207 121 
207 84 
207 298 
207 117 
207 183 
207 239 
207 21 
207 143 
207 44 
207 256 
207 125 
207 26 
207 18 
207 85 
207 178 
207 109 
207 112 
207 247 
207 284 
207 173 
207 244 
207 67 
207 90 
207 82 
207 280 
207 210 
207 177 
207 17 
208 203 
208 86 
208 41 
208 125 
208 145 
208 96 
208 241 
208 297 
208 104 
208 180 
208 18 
208 32 
208 115 
208 67 
208 291 
208 122 
208 248 
208 239 
208 156 
208 177 
208 36 
208 141 
208 257 
208 136 
208 236 
208 74 
208 1 
208 113 
208 221 
208 75 
208 68 
208 34 
209 24 
209 134 
209 300 
209 295 
209 121 
209 267 
209 2 
209 281 
209 18 
209 312 
209 223 
209 91 
209 28 
209 11 
209 259 
209 22 
209 322 
209 244 
209 310 
209 80 
209 127 
209 170 
209 291 
209 83 
209 86 
209 247 
209 119 
209 172 
209 10 
209 68 
209 35 
209 171 
209 152 
209 290 
209 308 
210 152 
210 1 
210 324 
210 235 
210 318 
210 75 
210 15 
210 13 
210 281 
210 89 
210 124 
210 151 
210 134 
210 227 
210 291 
210 34 
210 76 
210 181 
210 276 
210 11 
210 103 
210 247 
210 265 
210 73 
210 85 
210 207 
210 70 
210 30 
210 244 
211 140 
211 91 
211 59 
211 192 
211 258 
211 195 
211 275 
211 239 
211 166 
211 26 
211 48 
211 226 
211 102 
211 77 
211 66 
211 250 
211 53 
211 95 
211 249 
211 5 
211 171 
211 272 
211 31 
211 302 
211 114 
211 193 
211 220 
211 23 
211 296 
211 3 
211 78 
211 322 
211 251 
211 24 
211 179 
211 222 
211 1 
212 219 
212 152 
212 226 
212 101 
212 240 
212 149 
212 93 
212 182 
212 287 
212 220 
212 131 
212 3 
212 299 
212 154 
212 286 
212 120 
212 13 
212 1 
212 277 
212 143 
212 187 
212 164 
212 188 
212 49 
212 318 
212 9 
212 218 
213 185 
213 104 
213 148 
213 19 
213 188 
213 238 
213 65 
213 150 
213 254 
213 302 
213 310 
213 54 
213 47 
213 8 
213 284 
213 307 
213 318 
213 28 
213 66 
213 142 
213 62 
213 138 
213 45 
213 80 
213 249 
213 296 
213 29 
213 128 
213 235 
213 312 
213 76 
213 157 
213 16 
214 287 
214 116 
214 123 
214 245 
214 133 
214 193 
214 62 
214 80 
214 100 
214 198 
214 236 
214 248 
214 243 
214 263 
214 42 
214 282 
214 142 
214 181 
214 119 
214 135 
214 289 
214 85 
214 17 
214 90 
214 124 
214 290 
215 80 
215 311 
215 105 
215 319 
215 18 
215 98 
215 237 
215 274 
215 190 
215 303 
215 271 
215 72 
215 172 
215 47 
215 20 
215 231 
215 131 
215 1 
215 285 
215 171 
215 79 
215 194 
215 293 
215 289 
215 0 
215 121 
215 50 
215 53 
215 273 
215 182 
216 241 
216 179 
216 162 
216 136 
216 268 
216 38 
216 105 
216 43 
216 66 
216 222 
216 177 
216 142 
216 312 
216 249 
216 152 
216 65 
216 275 
216 121 
216 14 
216 157 
216 9 
216 172 
216 146 
216 280 
216 270 
216 87 
216 154 
216 148 
216 180 
216 26 
216 307 
216 321 
216 195 
216 247 
216 48 
216 127 
217 194 
217 248 
217 271 
217 244 
217 117 
217 277 
217 134 
217 150 
217 133 
217 118 
217 264 
217 158 
217 142 
217 90 
217 49 
217 285 
217 39 
217 292 
217 261 
217 306 
217 65 
217 72 
217 36 
217 157 
217 89 
217 161 
217 19 
217 223 
217 144 
217 186 
217 57 
217 308 
217 221 
217 28 
217 106 
217 265 
217 189 
217 289 
218 321 
218 272 
218 51 
218 238 
218 236 
218 173 
218 82 
218 320 
218 261 
218 130 
218 257 
218 67 
218 277 
218 96 
218 45 
218 250 
218 201 
218 182 
218 188 
218 291 
218 179 
218 310 
218 172 
218 224 
218 169 
218 59 
218 25 
218 300 
218 308 
218 292 
218 16 
218 247 
218 117 
218 88 
218 212 
219 212 
219 83 
219 199 
219 77 
219 142 
219 34 
219 177 
219 240 
219 297 
219 206 
219 301 
219 228 
219 90 
219 232 
219 16 
219 20 
219 171 
219 162 
219 259 
219 236 
219 187 
219 309 
219 14 
219 100 
219 304 
219 122 
219 196 
219 181 
219 62 
219 117 
219 175 
219 319 
219 144 
219 254 
220 15 
220 100 
220 307 
220 77 
220 259 
220 71 
220 111 
220 9 
220 300 
220 61 
220 22 
220 222 
220 294 
220 25 
220 231 
220 37 
220 140 
220 212 
220 5 
220 74 
220 38 
220 89 
220 76 
220 206 
220 79 
220 211 
220 242 
220 27 
220 184 
220 268 
220 256 
220 49 
220 154 
220 90 
220 313 
220 11 
220 303 
220 226 
220 304 
220 314 
220 204 
221 324 
221 242 
221 8 
221 116 
221 124 
221 250 
221 36 
221 249 
221 83 
221 40 
221 48 
221 65 
221 243 
221 49 
221 170 
221 257 
221 44 
221 121 
221 217 
221 131 
221 208 
221 260 
221 43 
221 180 
221 232 
221 160 
221 15 
221 127 
222 80 
222 250 
222 168 
222 230 
222 33 
222 113 
222 21 
222 2 
222 75 
222 184 
222 143 
222 99 
222 131 
222 233 
222 220 
222 313 
222 238 
222 164 
222 216 
222 146 
222 269 
222 124 
222 163 
222 275 
222 86 
222 112 
222 138 
222 294 
222 170 
222 317 
222 53 
222 93 
222 284 
222 70 
222 95 
222 211 
223 18 
223 48 
223 140 
223 117 
223 241 
223 4 
223 199 
223 288 
223 168 
223 315 
223 39 
223 209 
223 176 
223 75 
223 40 
223 179 
223 7 
223 28 
223 266 
223 29 
223 252 
223 217 
223 97 
223 119 
223 169 
223 17 
223 83 
223 53 
223 245 
223 244 
223 265 
223 229 
223 186 
223 162 
223 237 
224 242 
224 234 
224 204 
224 205 
224 239 
224 25 
224 13 
224 53 
224 144 
224 227 
224 177 
224 77 
224 236 
224 265 
224 94 
224 322 
224 40 
224 283 
224 108 
224 277 
224 165 
224 68 
224 244 
224 42 
224 218 
224 135 
224 97 
224 93 
224 50 
224 107 
224 264 
224 324 
224 32 
224 81 
224 167 
225 83 
225 324 
225 278 
225 114 
225 322 
225 76 
225 189 
225 70 
225 229 
225 297 
225 248 
225 316 
225 256 
225 320 
225 173 
225 72 
225 43 
225 252 
225 259 
225 314 
225 90 
225 102 
225 158 
225 306 
225 288 
225 87 
225 271 
225 71 
225 31 
226 8 
226 80 
226 40 
226 37 
226 294 
226 94 
226 212 
226 101 
226 51 
226 199 
226 185 
226 266 
226 144 
226 211 
226 272 
226 196 
226 134 
226 150 
226 35 
226 250 
226 109 
226 165 
226 43 
226 115 
226 17 
226 184 
226 292 
226 38 
226 220 
226 28 
226 11 
226 183 
227 238 
227 270 
227 271 
227 18 
227 132 
227 252 
227 224 
227 210 
227 47 
227 3 
227 17 
227 27 
227 286 
227 103 
227 276 
227 269 
227 51 
227 304 
227 6 
227 70 
227 34 
227 303 
227 250 
227 293 
227 50 
227 105 
228 13 
228 173 
228 230 
228 197 
228 61 
228 150 
228 299 
228 319 
228 35 
228 3 
228 314 
228 95 
228 269 
228 219 
228 102 
228 285 
228 238 
228 20 
228 58 
228 59 
228 52 
228 101 
228 111 
228 257 
228 30 
228 8 
228 233 
228 181 
228 28 
228 86 
228 277 
228 26 
228 265 
228 248 
229 70 
229 252 
229 180 
229 283 
229 89 
229 78 
229 178 
229 306 
229 154 
229 309 
229 4 
229 225 
229 69 
229 62 
229 259 
229 133 
229 119 
229 139 
229 79 
229 82 
229 275 
229 10 
229 144 
229 161 
229 152 
229 121 
229 142 
229 116 
229 40 
229 80 
229 321 
229 315 
229 101 
229 115 
229 87 
229 223 
229 245 
229 48 
229 190 
229 122 
229 299 
230 247 
230 228 
230 5 
230 222 
230 200 
230 243 
230 193 
230 90 
230 156 
230 291 
230 4 
230 81 
230 234 
230 88 
230 53 
230 316 
230 256 
230 134 
230 287 
230 41 
230 275 
230 146 
230 323 
230 82 
230 249 
230 178 
230 168 
230 279 
230 189 
230 174 
230 98 
230 321 
231 134 
231 206 
231 132 
231 35 
231 102 
231 22 
231 232 
231 52 
231 12 
231 269 
231 308 
231 128 
231 245 
231 220 
231 312 
231 25 
231 34 
231 277 
231 283 
231 41 
231 28 
231 42 
231 26 
231 315 
231 215 
231 297 
231 314 
231 292 
231 49 
231 287 
231 307 
231 31 
231 159 
231 173 
231 0 
232 66 
232 172 
232 278 
232 132 
232 166 
232 231 
232 279 
232 179 
232 207 
232 15 
232 194 
232 126 
232 36 
232 76 
232 181 
232 129 
232 219 
232 98 
232 274 
232 1 
232 39 
232 103 
232 22 
232 202 
232 63 
232 27 
232 108 
232 320 
232 16 
232 83 
232 14 
232 182 
232 0 
232 162 
232 221 
232 48 
232 58 
232 25 
232 275 
232 7 
233 288 
233 252 
233 62 
233 188 
233 279 
233 222 
233 57 
233 51 
233 79 
233 108 
233 141 
233 187 
233 246 
233 130 
233 307 
233 153 
233 136 
233 123 
233 228 
233 103 
233 89 
233 45 
233 84 
233 238 
233 244 
233 267 
233 285 
233 161 
233 132 
234 322 
234 224 
234 136 
234 51 
234 271 
234 157 
234 69 
234 305 
234 230 
234 205 
234 241 
234 0 
234 240 
234 143 
234 61 
234 4 
234 118 
234 192 
234 142 
234 268 
234 34 
234 324 
234 109 
234 306 
234 65 
234 36 
234 181 
235 116 
235 210 
235 307 
235 103 
235 296 
235 19 
235 187 
235 104 
235 191 
235 91 
235 132 
235 131 
235 42 
235 313 
235 200 
235 203 
235 198 
235 286 
235 26 
235 295 
235 17 
235 213 
235 289 
235 12 
236 92 
236 307 
236 164 
236 142 
236 287 
236 105 
236 218 
236 115 
236 36 
236 124 
236 10 
236 1 
236 202 
236 224 
236 46 
236 276 
236 214 
236 260 
236 201 
236 323 
236 41 
236 72 
236 190 
236 219 
236 261 
236 248 
236 135 
236 265 
236 208 
236 82 
236 111 
236 310 
236 159 
236 125 
236 112 
236 23 
236 126 
236 309 
236 54 
236 83 
236 282 
237 180 
237 19 
237 321 
237 145 
237 112 
237 184 
237 250 
237 96 
237 108 
237 73 
237 215 
237 139 
237 141 
237 253 
237 103 
237 247 
237 15 
237 16 
237 279 
237 185 
237 246 
237 4 
237 83 
237 33 
237 135 
237 37 
237 144 
237 101 
237 204 
237 223 
238 227 
238 139 
238 321 
238 80 
238 15 
238 192 
238 165 
238 191 
238 213 
238 194 
238 218 
238 110 
238 254 
238 148 
238 25 
238 178 
238 222 
238 190 
238 228 
238 36 
238 7 
238 248 
238 260 
238 54 
238 71 
238 286 
238 65 
238 251 
238 233 
238 204 
238 202 
238 151 
238 272 
238 115 
238 33 
238 136 
239 196 
239 182 
239 32 
239 224 
239 243 
239 3 
239 318 
239 4 
239 134 
239 211 
239 206 
239 0 
239 163 
239 131 
239 207 
239 157 
239 208 
239 255 
239 141 
239 15 
239 268 
239 158 
239 270 
239 172 
239 16 
239 263 
240 258 
240 89 
240 273 
240 119 
240 90 
240 167 
240 219 
240 41 
240 130 
240 149 
240 212 
240 174 
240 308 
240 249 
240 38 
240 295 
240 166 
240 234 
240 251 
240 176 
240 126 
240 177 
240 148 
240 2 
240 138 
240 321 
240 154 
241 216 
241 109 
241 259 
241 161 
241 93 
241 319 
241 252 
241 145 
241 80 
241 288 
241 223 
241 208 
241 81 
241 62 
241 131 
241 192 
241 89 
241 273 
241 279 
241 234 
241 193 
241 49 
241 173 
241 159 
241 183 
241 187 
241 137 
241 303 
241 114 
241 21 
241 103 
241 92 
241 155 
241 99 
241 298 
241 267 
241 182 
242 309 
242 224 
242 221 
242 312 
242 1 
242 301 
242 147 
242 102 
242 189 
242 101 
242 305 
242 116 
242 201 
242 14 
242 150 
242 169 
242 133 
242 205 
242 290 
242 134 
242 283 
242 173 
242 62 
242 105 
242 124 
242 220 
242 93 
242 73 
242 115 
242 6 
242 179 
242 63 
242 285 
243 255 
243 286 
243 313 
243 43 
243 118 
243 60 
243 29 
243 230 
243 239 
243 259 
243 135 
243 99 
243 68 
243 189 
243 106 
243 24 
243 121 
243 7 
243 294 
243 214 
243 221 
243 5 
243 295 
243 117 
243 20 
243 9 
243 149 
243 173 
243 59 
244 51 
244 310 
244 217 
244 60 
244 133 
244 112 
244 307 
244 313 
244 75 
244 32 
244 258 
244 302 
244 19 
244 46 
244 254 
244 314 
244 209 
244 297 
244 5 
244 279 
244 224 
244 44 
244 207 
244 148 
244 117 
244 223 
244 252 
244 180 
244 233 
244 115 
244 210 
245 167 
245 311 
245 182 
245 291 
245 129 
245 76 
245 214 
245 113 
245 90 
245 231 
245 158 
245 75 
245 157 
245 315 
245 156 
245 105 
245 179 
245 255 
245 63 
245 119 
245 103 
245 10 
245 112 
245 223 
245 12 
245 184 
245 28 
245 229 
245 266 
245 295 
246 114 
246 43 
246 182 
246 12 
246 30 
246 274 
246 205 
246 303 
246 92 
246 115 
246 287 
246 49 
246 233 
246 21 
246 237 
246 302 
246 183 
246 248 
246 158 
246 106 
246 46 
246 318 
246 189 
246 134 
246 63 
246 313 
246 249 
246 265 
246 279 
246 74 
246 110 
246 17 
247 127 
247 230 
247 14 
247 124 
247 190 
247 179 
247 275 
247 34 
247 309 
247 237 
247 150 
247 109 
247 24 
247 51 
247 277 
247 45 
247 138 
247 262 
247 319 
247 43 
247 274 
247 207 
247 273 
247 210 
247 209 
247 135 
247 321 
247 83 
247 185 
247 53 
247 22 
247 294 
247 218 
247 75 
247 29 
247 216 
248 67 
248 275 
248 217 
248 142 
248 130 
248 304 
248 127 
248 122 
248 305 
248 208 
248 87 
248 225 
248 323 
248 214 
248 31 
248 238 
248 17 
248 271 
248 246 
248 266 
248 301 
248 236 
248 280 
248 161 
248 131 
248 14 
248 81 
248 77 
248 8 
248 48 
248 322 
248 44 
248 302 
248 195 
248 228 
248 125 
249 279 
249 318 
249 261 
249 286 
249 87 
249 45 
249 240 
249 164 
249 221 
249 18 
249 41 
249 216 
249 61 
249 211 
249 294 
249 11 
249 5 
249 121 
249 134 
249 230 
249 201 
249 213 
249 246 
249 263 
249 79 
249 71 
250 25 
250 222 
250 27 
250 100 
250 148 
250 97 
250 47 
250 237 
250 2 
250 147 
250 294 
250 40 
250 121 
250 221 
250 257 
250 267 
250 218 
250 211 
250 287 
250 65 
250 200 
250 35 
250 81 
250 226 
250 251 
250 262 
250 302 
250 227 
250 12 
250 67 
250 297 
250 314 
250 318 
251 37 
251 286 
251 116 
251 283 
251 131 
251 109 
251 94 
251 314 
251 36 
251 183 
251 187 
251 48 
251 161 
251 186 
251 24 
251 49 
251 56 
251 136 
251 250 
251 261 
251 162 
251 145 
251 126 
251 240 
251 278 
251 82 
251 238 
251 96 
251 130 
251 97 
251 113 
251 166 
251 175 
251 194 
251 271 
251 211 
251 200 
251 90 
251 141 
251 276 
251 9 
252 290 
252 35 
252 229 
252 176 
252 180 
252 233 
252 120 
252 308 
252 299 
252 241 
252 18 
252 9 
252 67 
252 45 
252 227 
252 105 
252 288 
252 170 
252 156 
252 27 
252 115 
252 297 
252 61 
252 72 
252 44 
252 187 
252 267 
252 223 
252 225 
252 43 
252 69 
252 160 
252 100 
252 244 
252 168 
252 62 
252 271 
252 263 
252 112 
252 48 
252 169 
252 320 
253 113 
253 87 
253 295 
253 64 
253 73 
253 149 
253 188 
253 150 
253 189 
253 142 
253 270 
253 85 
253 237 
253 0 
253 76 
253 181 
253 44 
253 24 
253 268 
253 179 
253 31 
253 269 
253 279 
253 316 
253 186 
253 86 
253 136 
253 323 
253 130 
253 296 
253 197 
254 110 
254 183 
254 238 
254 56 
254 12 
254 265 
254 193 
254 213 
254 169 
254 304 
254 280 
254 47 
254 108 
254 55 
254 149 
254 72 
254 244 
254 296 
254 106 
254 14 
254 86 
254 189 
254 168 
254 11 
254 255 
254 73 
254 32 
254 176 
254 68 
254 317 
254 219 
255 243 
255 120 
255 159 
255 100 
255 182 
255 15 
255 109 
255 323 
255 66 
255 293 
255 172 
255 245 
255 256 
255 239 
255 93 
255 281 
255 262 
255 254 
255 289 
255 300 
255 16 
255 114 
255 143 
255 162 
255 320 
255 205 
256 188 
256 161 
256 299 
256 260 
256 265 
256 323 
256 42 
256 69 
256 291 
256 320 
256 180 
256 27 
256 203 
256 207 
256 3 
256 123 
256 230 
256 225 
256 255 
256 285 
256 163 
256 64 
256 133 
256 318 
256 220 
256 121 
256 324 
256 156 
256 128 
256 21 
256 275 
257 100 
257 116 
257 46 
257 321 
257 218 
257 145 
257 250 
257 27 
257 262 
257 204 
257 108 
257 228 
257 206 
257 208 
257 74 
257 88 
257 92 
257 221 
257 296 
257 5 
257 156 
257 130 
257 162 
257 146 
257 133 
257 201 
258 240 
258 87 
258 53 
258 115 
258 283 
258 55 
258 111 
258 70 
258 211 
258 179 
258 154 
258 35 
258 63 
258 28 
258 244 
258 79 
258 310 
258 301 
258 267 
258 2 
258 6 
258 45 
258 191 
258 293 
258 78 
258 317 
258 31 
258 64 
258 0 
258 82 
258 265 
258 29 
259 241 
259 16 
259 220 
259 243 
259 19 
259 105 
259 176 
259 307 
259 43 
259 186 
259 94 
259 132 
259 229 
259 87 
259 138 
259 313 
259 209 
259 281 
259 148 
259 79 
259 288 
259 271 
259 294 
259 316 
259 81 
259 219 
259 26 
259 225 
259 284 
259 118 
259 97 
259 106 
259 11 
259 286 
259 308 
259 53 
259 60 
260 117 
260 27 
260 25 
260 288 
260 96 
260 52 
260 146 
260 256 
260 122 
260 195 
260 303 
260 196 
260 119 
260 157 
260 236 
260 290 
260 165 
260 238 
260 163 
260 276 
260 186 
260 33 
260 102 
260 0 
260 176 
260 109 
260 312 
260 221 
260 8 
261 67 
261 99 
261 197 
261 249 
261 299 
261 179 
261 218 
261 22 
261 75 
261 217 
261 287 
261 166 
261 251 
261 1 
261 236 
261 313 
261 318 
261 38 
261 278 
261 304 
261 170 
262 36 
262 30 
262 298 
262 47 
262 206 
262 316 
262 162 
262 323 
262 108 
262 257 
262 165 
262 275 
262 97 
262 159 
262 96 
262 247 
262 250 
262 291 
262 111 
262 37 
262 255 
262 304 
262 137 
262 281 
262 31 
262 102 
262 285 
262 94 
263 116 
263 143 
263 283 
263 192 
263 151 
263 266 
263 172 
263 44 
263 72 
263 62 
263 183 
263 115 
263 3 
263 306 
263 148 
263 46 
263 121 
263 141 
263 24 
263 35 
263 86 
263 214 
263 82 
263 1 
263 296 
263 277 
263 249 
263 252 
263 74 
263 265 
263 239 
263 162 
264 207 
264 280 
264 170 
264 116 
264 88 
264 202 
264 276 
264 129 
264 217 
264 131 
264 316 
264 155 
264 96 
264 124 
264 2 
264 300 
264 54 
264 304 
264 107 
264 118 
264 105 
264 91 
264 318 
264 141 
264 173 
264 56 
264 224 
264 79 
264 311 
264 294 
264 197 
264 160 
265 287 
265 307 
265 61 
265 30 
265 256 
265 205 
265 254 
265 68 
265 194 
265 299 
265 309 
265 224 
265 177 
265 289 
265 169 
265 144 
265 236 
265 193 
265 210 
265 84 
265 75 
265 223 
265 246 
265 217 
265 140 
265 281 
265 228 
265 319 
265 167 
265 263 
265 258 
265 171 
265 172 
265 271 
266 77 
266 25 
266 121 
266 106 
266 178 
266 90 
266 100 
266 34 
266 263 
266 146 
266 281 
266 300 
266 173 
266 226 
266 98 
266 122 
266 49 
266 20 
266 306 
266 176 
266 179 
266 74 
266 199 
266 223 
266 269 
266 85 
266 31 
266 248 
266 311 
266 170 
266 2 
266 277 
266 245 
266 96 
266 196 
266 282 
267 26 
267 117 
267 101 
267 70 
267 91 
267 296 
267 291 
267 294 
267 130 
267 273 
267 209 
267 99 
267 152 
267 188 
267 40 
267 161 
267 250 
267 191 
267 176 
267 45 
267 258 
267 94 
267 252 
267 160 
267 145 
267 127 
267 1 
267 175 
267 321 
267 156 
267 194 
267 167 
267 202 
267 233 
267 27 
267 241 
267 24 
267 162 
268 12 
268 157 
268 130 
268 309 
268 99 
268 17 
268 78 
268 87 
268 86 
268 216 
268 67 
268 269 
268 299 
268 13 
268 177 
268 151 
268 239 
268 253 
268 220 
268 44 
268 163 
268 111 
268 110 
268 234 
268 48 
268 79 
268 114 
268 304 
268 22 
269 311 
269 189 
269 231 
269 83 
269 112 
269 10 
269 179 
269 292 
269 268 
269 44 
269 228 
269 222 
269 227 
269 266 
269 106 
269 182 
269 253 
269 59 
269 299 
269 1 
269 300 
269 278 
269 138 
269 23 
269 124 
269 99 
270 42 
270 130 
270 227 
270 55 
270 53 
270 112 
270 253 
270 322 
270 149 
270 109 
270 279 
270 105 
270 40 
270 5 
270 47 
270 63 
270 202 
270 115 
270 216 
270 28 
270 80 
270 148 
270 124 
270 308 
270 239 
270 119 
270 180 
270 64 
270 323 
270 311 
270 187 
271 227 
271 217 
271 309 
271 206 
271 86 
271 115 
271 103 
271 234 
271 148 
271 195 
271 189 
271 215 
271 176 
271 204 
271 259 
271 248 
271 88 
271 315 
271 160 
271 84 
271 29 
271 162 
271 186 
271 158 
271 225 
271 252 
271 251 
271 161 
271 265 
271 44 
272 53 
272 218 
272 275 
272 31 
272 49 
272 52 
272 159 
272 286 
272 99 
272 155 
272 186 
272 226 
272 74 
272 85 
272 8 
272 193 
272 75 
272 93 
272 211 
272 148 
272 128 
272 319 
272 154 
272 196 
272 65 
272 287 
272 142 
272 6 
272 30 
272 274 
272 238 
272 145 
272 199 
273 313 
273 10 
273 240 
273 287 
273 206 
273 318 
273 319 
273 44 
273 298 
273 41 
273 295 
273 131 
273 75 
273 267 
273 57 
273 186 
273 193 
273 317 
273 241 
273 118 
273 87 
273 30 
273 315 
273 189 
273 247 
273 83 
273 37 
273 58 
273 215 
273 98 
273 93 
273 39 
274 24 
274 246 
274 149 
274 179 
274 132 
274 28 
274 215 
274 89 
274 206 
274 202 
274 155 
274 113 
274 86 
274 183 
274 2 
274 170 
274 23 
274 290 
274 232 
274 247 
274 49 
274 56 
274 143 
274 18 
274 283 
274 160 
274 304 
274 177 
274 59 
274 66 
274 272 
274 196 
274 99 
275 286 
275 294 
275 307 
275 248 
275 176 
275 54 
275 272 
275 322 
275 97 
275 301 
275 211 
275 157 
275 137 
275 190 
275 8 
275 181 
275 316 
275 247 
275 0 
275 61 
275 151 
275 67 
275 167 
275 204 
275 130 
275 40 
275 166 
275 29 
275 222 
275 216 
275 229 
275 262 
275 48 
275 58 
275 47 
275 115 
275 193 
275 230 
275 280 
275 41 
275 76 
275 289 
275 144 
275 31 
275 163 
275 186 
275 57 
275 232 
275 256 
275 101 
276 36 
276 264 
276 198 
276 158 
276 285 
276 12 
276 149 
276 167 
276 115 
276 157 
276 83 
276 26 
276 307 
276 34 
276 304 
276 236 
276 227 
276 210 
276 260 
276 310 
276 104 
276 283 
276 132 
276 320 
276 251 
276 39 
277 113 
277 323 
277 25 
277 42 
277 300 
277 217 
277 37 
277 60 
277 111 
277 21 
277 283 
277 203 
277 41 
277 318 
277 183 
277 218 
277 5 
277 69 
277 103 
277 310 
277 231 
277 247 
277 67 
277 280 
277 121 
277 224 
277 302 
277 96 
277 108 
277 312 
277 228 
277 171 
277 66 
277 212 
277 263 
277 15 
277 266 
277 313 
277 57 
277 311 
277 144 
277 288 
277 34 
277 180 
277 204 
278 55 
278 151 
278 232 
278 6 
278 225 
278 311 
278 148 
278 191 
278 124 
278 64 
278 115 
278 2 
278 89 
278 156 
278 251 
278 78 
278 202 
278 269 
278 74 
278 200 
278 261 
278 32 
278 285 
279 203 
279 181 
279 249 
279 59 
279 200 
279 41 
279 187 
279 22 
279 62 
279 232 
279 233 
279 112 
279 113 
279 157 
279 296 
279 103 
279 241 
279 270 
279 237 
279 84 
279 11 
279 244 
279 136 
279 85 
279 116 
279 253 
279 118 
279 230 
279 202 
279 6 
279 56 
279 319 
279 246 
279 154 
279 135 
280 264 
280 26 
280 57 
280 172 
280 157 
280 14 
280 196 
280 195 
280 189 
280 204 
280 254 
280 181 
280 98 
280 315 
280 79 
280 25 
280 307 
280 309 
280 162 
280 277 
280 216 
280 69 
280 126 
280 248 
280 49 
280 275 
280 193 
280 60 
280 97 
280 186 
280 207 
280 101 
280 116 
280 306 
280 187 
280 131 
280 145 
281 173 
281 42 
281 92 
281 91 
281 320 
281 166 
281 266 
281 122 
281 210 
281 209 
281 85 
281 314 
281 205 
281 171 
281 145 
281 259 
281 84 
281 133 
281 110 
281 33 
281 255 
281 157 
281 316 
281 4 
281 3 
281 317 
281 87 
281 262 
281 39 
281 94 
281 265 
281 22 
281 18 
282 133 
282 52 
282 193 
282 139 
282 202 
282 298 
282 134 
282 68 
282 136 
282 181 
282 161 
282 164 
282 160 
282 4 
282 214 
282 113 
282 166 
282 174 
282 117 
282 194 
282 85 
282 287 
282 141 
282 100 
282 58 
282 266 
282 236 
283 170 
283 263 
283 229 
283 258 
283 251 
283 304 
283 71 
283 171 
283 277 
283 96 
283 123 
283 308 
283 192 
283 86 
283 45 
283 206 
283 63 
283 231 
283 40 
283 242 
283 113 
283 224 
283 13 
283 276 
283 313 
283 306 
283 274 
283 183 
283 297 
283 53 
283 118 
283 56 
283 289 
283 166 
283 141 
284 14 
284 73 
284 74 
284 161 
284 1 
284 21 
284 165 
284 124 
284 319 
284 22 
284 213 
284 102 
284 298 
284 259 
284 36 
284 207 
284 150 
284 72 
284 194 
284 306 
284 176 
284 65 
284 222 
284 6 
285 4 
285 287 
285 276 
285 41 
285 107 
285 78 
285 82 
285 217 
285 7 
285 228 
285 299 
285 57 
285 256 
285 15 
285 215 
285 70 
285 135 
285 27 
285 177 
285 23 
285 198 
285 171 
285 242 
285 262 
285 233 
285 74 
285 278 
285 113 
286 275 
286 251 
286 243 
286 323 
286 203 
286 80 
286 200 
286 272 
286 82 
286 289 
286 249 
286 227 
286 206 
286 49 
286 198 
286 184 
286 170 
286 45 
286 212 
286 238 
286 164 
286 177 
286 235 
286 39 
286 259 
286 122 
286 35 
286 137 
286 7 
286 133 
287 294 
287 312 
287 265 
287 214 
287 39 
287 273 
287 236 
287 175 
287 285 
287 115 
287 82 
287 183 
287 316 
287 104 
287 5 
287 65 
287 320 
287 246 
287 99 
287 250 
287 212 
287 123 
287 261 
287 138 
287 192 
287 38 
287 171 
287 230 
287 160 
287 195 
287 272 
287 231 
287 282 
287 170 
287 32 
287 314 
287 184 
287 290 
287 59 
288 86 
288 233 
288 152 
288 260 
288 174 
288 241 
288 200 
288 223 
288 252 
288 204 
288 65 
288 199 
288 69 
288 259 
288 150 
288 188 
288 180 
288 19 
288 297 
288 179 
288 225 
288 95 
288 82 
288 289 
288 277 
288 20 
288 205 
289 151 
289 9 
289 42 
289 131 
289 69 
289 286 
289 30 
289 185 
289 50 
289 36 
289 88 
289 91 
289 102 
289 265 
289 125 
289 110 
289 142 
289 34 
289 298 
289 214 
289 275 
289 300 
289 255 
289 215 
289 288 
289 235 
289 283 
289 217 
289 75 
290 252 
290 314 
290 135 
290 141 
290 85 
290 100 
290 139 
290 24 
290 171 
290 52 
290 21 
290 309 
290 242 
290 274 
290 8 
290 260 
290 152 
290 322 
290 112 
290 68 
290 146 
290 159 
290 102 
290 99 
290 172 
290 214 
290 287 
290 209 
290 191 
291 245 
291 27 
291 184 
291 53 
291 267 
291 173 
291 57 
291 155 
291 31 
291 230 
291 256 
291 208 
291 23 
291 206 
291 132 
291 210 
291 2 
291 110 
291 22 
291 119 
291 74 
291 218 
291 152 
291 158 
291 78 
291 262 
291 209 
291 300 
291 68 
291 37 
291 77 
291 75 
291 5 
291 142 
291 82 
292 11 
292 34 
292 302 
292 190 
292 24 
292 179 
292 194 
292 132 
292 269 
292 71 
292 154 
292 217 
292 174 
292 295 
292 22 
292 87 
292 198 
292 231 
292 226 
292 297 
292 218 
292 318 
292 21 
292 106 
292 322 
292 117 
292 96 
293 149 
293 167 
293 195 
293 298 
293 185 
293 14 
293 142 
293 109 
293 86 
293 111 
293 87 
293 116 
293 130 
293 105 
293 206 
293 82 
293 73 
293 255 
293 56 
293 92 
293 51 
293 21 
293 8 
293 203 
293 33 
293 299 
293 20 
293 40 
293 258 
293 24 
293 215 
293 59 
293 204 
293 227 
293 0 
293 22 
293 186 
293 106 
293 113 
293 90 
293 45 
293 177 
293 295 
294 287 
294 275 
294 194 
294 125 
294 3 
294 161 
294 226 
294 267 
294 307 
294 16 
294 250 
294 220 
294 87 
294 123 
294 81 
294 180 
294 70 
294 249 
294 88 
294 33 
294 259 
294 243 
294 222 
294 79 
294 195 
294 10 
294 174 
294 51 
294 247 
294 200 
294 106 
294 313 
294 264 
295 41 
295 172 
295 253 
295 44 
295 273 
295 209 
295 20 
295 90 
295 22 
295 53 
295 292 
295 240 
295 68 
295 185 
295 125 
295 243 
295 199 
295 87 
295 235 
295 73 
295 89 
295 55 
295 84 
295 245 
295 293 
296 133 
296 318 
296 108 
296 107 
296 21 
296 182 
296 267 
296 204 
296 64 
296 235 
296 74 
296 188 
296 84 
296 66 
296 96 
296 279 
296 137 
296 254 
296 194 
296 191 
296 135 
296 127 
296 86 
296 211 
296 257 
296 263 
296 180 
296 213 
296 206 
296 253 
296 8 
297 197 
297 93 
297 166 
297 219 
297 208 
297 136 
297 127 
297 252 
297 225 
297 45 
297 186 
297 164 
297 192 
297 139 
297 308 
297 183 
297 244 
297 177 
297 231 
297 288 
297 292 
297 131 
297 283 
297 129 
297 95 
297 202 
297 34 
297 250 
297 73 
297 2 
297 56 
298 124 
298 293 
298 205 
298 155 
298 135 
298 273 
298 262 
298 305 
298 282 
298 6 
298 323 
298 174 
298 159 
298 207 
298 29 
298 106 
298 203 
298 111 
298 31 
298 172 
298 130 
298 284 
298 176 
298 4 
298 289 
298 171 
298 8 
298 137 
298 299 
298 241 
298 169 
298 35 
299 84 
299 158 
299 256 
299 90 
299 252 
299 261 
299 228 
299 111 
299 265 
299 40 
299 167 
299 268 
299 37 
299 190 
299 186 
299 66 
299 32 
299 99 
299 285 
299 320 
299 2 
299 293 
299 150 
299 55 
299 212 
299 117 
299 64 
299 140 
299 269 
299 113 
299 178 
299 298 
299 44 
299 54 
299 229 
300 0 
300 10 
300 277 
300 39 
300 209 
300 266 
300 220 
300 88 
300 56 
300 66 
300 138 
300 77 
300 3 
300 29 
300 198 
300 194 
300 264 
300 104 
300 320 
300 303 
300 291 
300 158 
300 289 
300 218 
300 108 
300 269 
300 96 
300 206 
300 255 
301 136 
301 112 
301 242 
301 25 
301 275 
301 17 
301 313 
301 219 
301 16 
301 127 
301 316 
301 52 
301 155 
301 258 
301 2 
301 150 
301 101 
301 248 
301 314 
301 33 
301 146 
301 93 
301 164 
301 9 
301 88 
301 315 
301 6 
301 62 
301 321 
301 75 
301 119 
301 77 
302 124 
302 25 
302 304 
302 102 
302 75 
302 292 
302 13 
302 106 
302 112 
302 3 
302 140 
302 139 
302 213 
302 22 
302 142 
302 244 
302 68 
302 200 
302 204 
302 246 
302 173 
302 42 
302 35 
302 154 
302 7 
302 317 
302 143 
302 211 
302 277 
302 21 
302 250 
302 2 
302 182 
302 119 
302 188 
302 145 
302 248 
302 203 
302 305 
302 114 
302 47 
303 115 
303 23 
303 29 
303 120 
303 20 
303 90 
303 246 
303 260 
303 109 
303 194 
303 198 
303 187 
303 21 
303 215 
303 7 
303 1 
303 309 
303 201 
303 121 
303 66 
303 10 
303 300 
303 186 
303 142 
303 227 
303 241 
303 135 
303 18 
303 220 
303 40 
303 105 
303 314 
304 314 
304 302 
304 283 
304 102 
304 21 
304 154 
304 96 
304 46 
304 248 
304 6 
304 196 
304 254 
304 127 
304 305 
304 276 
304 34 
304 183 
304 264 
304 312 
304 62 
304 128 
304 89 
304 227 
304 5 
304 148 
304 219 
304 175 
304 262 
304 274 
304 121 
304 261 
304 92 
304 220 
304 268 
304 35 
304 191 
305 319 
305 97 
305 298 
305 106 
305 308 
305 69 
305 242 
305 144 
305 145 
305 234 
305 45 
305 248 
305 304 
305 87 
305 3 
305 323 
305 12 
305 179 
305 177 
305 26 
305 122 
305 309 
305 311 
305 182 
305 187 
305 166 
305 302 
306 195 
306 158 
306 133 
306 86 
306 183 
306 229 
306 192 
306 101 
306 64 
306 66 
306 263 
306 200 
306 185 
306 113 
306 217 
306 266 
306 110 
306 65 
306 173 
306 112 
306 120 
306 143 
306 0 
306 283 
306 62 
306 167 
306 87 
306 106 
306 130 
306 225 
306 284 
306 38 
306 316 
306 36 
306 75 
306 199 
306 280 
306 81 
306 136 
306 69 
306 234 
307 275 
307 265 
307 206 
307 236 
307 220 
307 172 
307 38 
307 235 
307 82 
307 244 
307 66 
307 294 
307 259 
307 165 
307 80 
307 193 
307 276 
307 170 
307 280 
307 179 
307 70 
307 233 
307 110 
307 213 
307 113 
307 4 
307 132 
307 309 
307 114 
307 231 
307 101 
307 216 
307 30 
307 118 
307 159 
307 53 
307 195 
307 76 
308 151 
308 252 
308 178 
308 305 
308 41 
308 312 
308 283 
308 231 
308 64 
308 3 
308 240 
308 55 
308 2 
308 150 
308 182 
308 40 
308 127 
308 141 
308 113 
308 297 
308 59 
308 28 
308 94 
308 70 
308 270 
308 217 
308 166 
308 218 
308 171 
308 259 
308 25 
308 174 
308 209 
308 62 
309 242 
309 271 
309 268 
309 192 
309 207 
309 175 
309 100 
309 265 
309 229 
309 247 
309 163 
309 290 
309 4 
309 303 
309 280 
309 110 
309 219 
309 153 
309 98 
309 85 
309 32 
309 305 
309 307 
309 6 
309 48 
309 66 
309 236 
309 58 
309 125 
309 46 
309 19 
309 113 
310 244 
310 179 
310 192 
310 50 
310 189 
310 141 
310 4 
310 314 
310 193 
310 25 
310 80 
310 41 
310 140 
310 198 
310 162 
310 213 
310 128 
310 277 
310 258 
310 168 
310 10 
310 172 
310 0 
310 209 
310 218 
310 70 
310 276 
310 119 
310 236 
310 135 
310 46 
310 99 
310 93 
310 149 
310 316 
310 106 
310 18 
310 2 
311 245 
311 104 
311 118 
311 215 
311 142 
311 269 
311 57 
311 19 
311 37 
311 278 
311 76 
311 30 
311 198 
311 120 
311 168 
311 153 
311 43 
311 61 
311 83 
311 75 
311 191 
311 11 
311 266 
311 59 
311 305 
311 70 
311 64 
311 277 
311 264 
311 174 
311 270 
312 141 
312 287 
312 130 
312 10 
312 197 
312 242 
312 205 
312 89 
312 6 
312 151 
312 161 
312 308 
312 209 
312 132 
312 17 
312 86 
312 231 
312 118 
312 216 
312 304 
312 120 
312 88 
312 277 
312 206 
312 260 
312 169 
312 314 
312 189 
312 213 
312 184 
312 22 
313 273 
313 50 
313 243 
313 107 
313 6 
313 103 
313 41 
313 301 
313 134 
313 60 
313 244 
313 222 
313 141 
313 42 
313 259 
313 83 
313 317 
313 37 
313 235 
313 318 
313 93 
313 261 
313 111 
313 283 
313 246 
313 30 
313 220 
313 113 
313 10 
313 277 
313 170 
313 75 
313 45 
313 69 
313 294 
314 40 
314 304 
314 290 
314 13 
314 135 
314 92 
314 251 
314 310 
314 317 
314 166 
314 69 
314 50 
314 281 
314 228 
314 87 
314 73 
314 244 
314 177 
314 116 
314 225 
314 85 
314 301 
314 231 
314 323 
314 68 
314 105 
314 123 
314 71 
314 321 
314 312 
314 100 
314 9 
314 287 
314 250 
314 51 
314 220 
314 303 
315 30 
315 8 
315 111 
315 31 
315 137 
315 177 
315 43 
315 93 
315 323 
315 173 
315 187 
315 223 
315 174 
315 245 
315 280 
315 273 
315 163 
315 99 
315 25 
315 176 
315 231 
315 38 
315 158 
315 271 
315 92 
315 166 
315 69 
315 79 
315 229 
315 301 
315 50 
315 184 
316 38 
316 148 
316 113 
316 206 
316 156 
316 69 
316 92 
316 10 
316 135 
316 262 
316 3 
316 275 
316 144 
316 54 
316 264 
316 287 
316 301 
316 230 
316 225 
316 117 
316 259 
316 204 
316 58 
316 95 
316 281 
316 24 
316 85 
316 173 
316 253 
316 306 
316 171 
316 202 
316 101 
316 310 
316 196 
316 140 
316 68 
317 3 
317 198 
317 53 
317 99 
317 314 
317 67 
317 145 
317 78 
317 273 
317 51 
317 322 
317 77 
317 27 
317 162 
317 17 
317 104 
317 313 
317 302 
317 222 
317 157 
317 144 
317 281 
317 13 
317 258 
317 189 
317 31 
317 147 
317 254 
318 58 
318 146 
318 296 
318 126 
318 273 
318 249 
318 206 
318 84 
318 239 
318 156 
318 210 
318 177 
318 194 
318 277 
318 53 
318 3 
318 24 
318 13 
318 169 
318 82 
318 35 
318 213 
318 313 
318 264 
318 261 
318 256 
318 246 
318 62 
318 292 
318 179 
318 324 
318 250 
318 88 
318 212 
318 56 
319 197 
319 181 
319 156 
319 241 
319 305 
319 215 
319 193 
319 273 
319 178 
319 194 
319 228 
319 109 
319 128 
319 124 
319 196 
319 284 
319 247 
319 77 
319 272 
319 48 
319 81 
319 206 
319 127 
319 165 
319 66 
319 279 
319 265 
319 143 
319 34 
319 219 
319 125 
320 165 
320 203 
320 205 
320 281 
320 143 
320 218 
320 69 
320 106 
320 44 
320 93 
320 256 
320 94 
320 287 
320 92 
320 299 
320 225 
320 300 
320 141 
320 192 
320 64 
320 232 
320 61 
320 58 
320 322 
320 20 
320 276 
320 149 
320 154 
320 255 
320 252 
321 218 
321 181 
321 238 
321 237 
321 191 
321 70 
321 86 
321 257 
321 183 
321 115 
321 160 
321 101 
321 80 
321 98 
321 267 
321 47 
321 136 
321 247 
321 142 
321 58 
321 229 
321 314 
321 144 
321 180 
321 216 
321 174 
321 15 
321 240 
321 301 
321 14 
321 118 
321 37 
321 230 
321 56 
322 135 
322 64 
322 182 
322 234 
322 275 
322 0 
322 225 
322 56 
322 161 
322 92 
322 270 
322 317 
322 46 
322 209 
322 178 
322 224 
322 15 
322 290 
322 16 
322 71 
322 157 
322 23 
322 62 
322 153 
322 78 
322 127 
322 52 
322 189 
322 50 
322 136 
322 211 
322 320 
322 146 
322 98 
322 248 
322 292 
322 79 
323 195 
323 277 
323 111 
323 286 
323 315 
323 298 
323 256 
323 83 
323 262 
323 98 
323 255 
323 7 
323 164 
323 91 
323 60 
323 201 
323 305 
323 138 
323 68 
323 248 
323 236 
323 114 
323 189 
323 22 
323 230 
323 314 
323 198 
323 143 
323 194 
323 253 
323 270 
324 221 
324 225 
324 210 
324 65 
324 144 
324 73 
324 6 
324 200 
324 186 
324 108 
324 129 
324 82 
324 22 
324 132 
324 167 
324 26 
324 205 
324 102 
324 25 
324 59 
324 83 
324 28 
324 183 
324 256 
324 189 
324 45 
324 80 
324 202 
324 318 
324 224 
324 234 
324 150 
