0 29 353 84 336 31 25 395 183 366 244 8 327 161 10 276 385 234 297 268 160 13 384 231 89 80 292 222 119 229 254 345 156 163 271 157 393 238 59 39 195 273 3 
1 360 70 42 37 81 349 366 110 373 285 185 143 193 287 173 277 135 71 228 3 324 208 68 122 211 128 62 384 96 32 365 153 47 176 350 191 183 281 261 329 14 111 172 82 379 170 178 
2 267 313 161 240 74 270 75 204 245 241 136 296 261 347 191 158 391 281 140 251 351 309 322 103 250 366 350 72 40 298 167 275 193 278 330 287 70 71 183 
3 183 340 291 283 139 266 260 201 307 74 242 379 317 1 197 332 404 293 22 20 361 350 105 119 204 345 238 194 347 136 302 391 353 73 35 77 102 9 384 30 0 
4 46 130 139 308 246 6 329 373 374 326 159 226 70 138 225 43 78 104 105 318 401 396 21 17 18 170 201 120 263 278 174 248 156 297 
5 158 336 59 352 334 95 382 322 384 277 129 148 186 128 183 314 328 169 276 395 371 174 397 375 151 99 261 105 102 315 329 90 366 390 94 386 353 211 171 134 126 250 
6 203 356 283 85 232 62 91 156 385 25 215 264 311 4 236 51 78 199 96 223 222 144 155 63 50 259 218 346 73 322 313 240 16 285 279 343 
7 311 129 336 201 195 153 133 353 399 98 191 278 91 261 18 376 289 286 80 346 177 148 337 249 302 99 190 269 51 216 29 93 250 391 139 186 43 185 61 241 312 121 
8 249 58 330 176 153 252 29 219 0 91 380 265 250 73 18 12 36 218 140 232 304 147 237 75 83 185 76 363 388 79 25 10 162 295 121 105 63 212 311 85 339 
9 272 73 142 208 132 39 400 206 349 31 81 158 35 101 174 394 205 28 108 62 284 69 60 64 250 94 65 370 34 145 37 130 266 367 214 225 103 118 3 288 
10 16 311 72 133 105 134 207 63 349 227 0 286 86 160 253 138 250 21 110 242 275 8 182 236 56 400 355 176 381 151 
11 362 170 42 244 132 282 54 338 229 106 167 69 403 361 116 345 26 111 161 136 389 259 245 226 175 171 286 180 233 296 76 378 91 253 220 46 323 143 39 300 
12 331 103 380 178 267 52 244 65 77 287 201 8 284 221 183 179 200 14 243 276 336 29 368 190 248 121 377 289 339 389 260 
13 330 73 120 54 248 182 328 387 33 402 191 306 300 289 394 176 118 366 0 147 282 288 303 184 101 258 380 87 307 259 187 104 263 169 151 290 
14 327 167 371 56 399 121 41 377 228 238 109 42 289 310 208 132 70 12 122 388 384 16 305 379 313 177 221 247 164 288 117 1 110 163 293 363 176 90 400 160 252 
15 177 307 50 65 237 291 49 153 19 280 275 134 266 285 124 363 233 43 160 215 66 323 178 269 185 130 349 399 195 61 246 
16 10 210 333 234 71 93 344 36 295 399 37 225 324 157 112 317 101 193 143 60 21 310 208 249 180 309 128 238 14 114 373 17 111 187 123 242 92 67 6 
17 65 187 179 361 346 371 67 71 79 277 302 366 222 178 310 221 260 329 242 362 256 137 326 238 121 379 143 160 4 360 282 404 164 119 380 16 146 138 270 89 60 232 95 227 322 344 315 149 87 
18 148 372 219 131 230 330 237 345 109 243 338 112 399 238 288 7 346 8 248 149 180 183 133 184 215 99 287 250 254 118 83 216 104 4 197 296 30 244 351 210 403 293 291 81 
19 224 302 90 269 138 266 15 72 402 335 167 298 303 362 260 333 76 32 43 218 293 265 147 84 210 223 44 227 232 240 239 226 89 101 251 262 
20 312 238 314 35 145 60 279 91 64 53 41 393 198 54 182 141 212 183 3 76 252 130 29 30 120 158 194 331 109 190 81 320 208 334 251 282 264 191 156 210 
21 118 111 83 243 159 347 202 117 319 394 255 267 165 16 291 126 160 10 92 4 185 371 167 297 363 22 242 386 397 45 40 354 177 398 377 323 251 103 
22 94 146 72 60 148 140 398 227 373 225 259 270 196 204 264 295 198 376 222 260 76 3 377 157 390 392 183 91 208 153 123 98 324 52 343 244 309 21 313 236 237 316 64 265 221 355 
23 249 232 107 168 56 156 362 186 400 293 147 254 355 219 274 51 340 160 353 183 273 246 225 351 209 171 207 25 140 316 269 153 70 248 81 99 172 334 91 244 288 346 315 175 94 260 
24 238 42 262 87 223 97 133 47 361 302 405 254 59 214 34 267 281 139 188 259 352 399 341 202 116 401 346 310 313 383 86 48 130 215 96 279 210 182 93 253 
25 179 68 28 357 0 6 380 190 267 197 58 26 318 307 383 299 54 368 145 260 322 266 23 275 202 213 328 43 8 66 73 32 242 387 106 285 122 323 148 87 367 401 85 233 338 269 102 211 
26 311 151 377 396 153 360 263 54 375 44 116 315 90 290 198 342 218 11 25 234 85 208 105 376 130 232 373 277 339 341 403 369 387 283 118 162 242 260 
27 275 202 347 276 311 294 163 355 230 82 159 242 174 105 300 76 365 209 50 80 125 57 118 290 319 302 274 395 97 227 197 183 387 151 108 201 122 404 354 226 
28 103 43 25 71 261 178 60 395 299 398 371 46 296 289 227 101 65 197 206 164 108 9 396 338 374 83 353 394 120 383 167 370 201 94 215 382 161 193 385 
29 0 275 359 233 97 8 182 294 124 147 380 405 332 281 311 216 80 61 85 7 113 400 20 283 12 387 60 75 329 333 321 266 
30 320 59 53 310 260 184 359 324 347 137 154 337 127 136 52 133 333 103 335 302 326 60 344 206 253 373 234 56 20 345 289 144 89 18 210 314 308 3 274 
31 157 112 351 0 60 267 58 9 34 247 245 391 256 39 358 79 258 66 235 368 83 120 392 354 296 142 50 344 376 91 206 225 86 217 175 390 
32 403 247 369 398 402 87 51 114 404 141 268 229 112 296 19 337 388 42 157 274 309 224 240 184 1 25 286 124 334 317 373 85 152 148 340 113 
33 163 116 372 151 148 198 149 175 203 326 100 84 61 13 282 307 330 331 301 291 161 60 55 213 74 236 279 368 366 223 370 386 48 81 228 341 101 347 
34 280 311 54 52 116 373 46 350 31 162 122 269 24 170 109 142 64 298 41 124 96 9 266 144 392 242 222 333 341 358 185 63 279 128 40 400 264 267 396 
35 282 210 49 385 20 180 375 78 358 299 245 9 343 397 119 243 389 314 104 328 89 279 348 124 155 216 402 55 319 396 199 3 99 
36 256 362 240 77 402 16 315 146 378 8 167 379 143 148 357 95 385 243 142 115 225 157 197 110 147 144 103 354 50 380 
37 175 93 386 393 78 1 146 186 119 16 86 131 69 226 397 262 38 261 103 150 240 104 382 301 85 94 342 89 142 303 167 288 9 213 162 366 400 276 256 266 228 368 
38 123 231 235 165 344 281 212 143 325 188 213 148 37 48 225 176 320 305 153 282 381 162 183 246 216 122 236 400 226 358 156 292 147 199 349 377 118 338 192 380 49 298 89 82 131 
39 45 222 152 41 9 274 311 213 93 158 243 71 133 76 78 386 145 137 281 109 31 165 329 334 320 167 348 86 262 153 47 73 279 297 0 155 288 232 218 85 396 11 48 107 
40 218 76 362 404 140 198 249 279 284 159 110 334 331 400 142 394 69 350 285 112 283 240 136 87 327 231 403 255 116 243 148 73 137 246 339 359 21 2 34 
41 99 125 257 157 50 39 167 110 174 135 151 20 117 14 224 396 243 401 116 34 62 217 97 371 124 227 225 249 251 47 186 254 104 71 298 362 329 80 81 270 159 
42 71 11 299 24 1 110 291 309 358 193 277 154 242 346 247 268 149 179 14 230 32 214 166 70 182 161 393 122 240 371 274 363 243 57 92 387 115 398 45 79 186 
43 171 405 28 242 325 66 99 95 401 218 329 72 291 347 44 259 15 19 149 87 4 362 328 316 25 280 80 7 387 126 262 248 50 295 61 90 
44 237 48 197 26 396 370 136 262 395 163 345 43 154 95 332 403 258 65 175 287 19 349 340 198 313 243 187 231 228 131 51 66 59 354 144 271 379 57 270 312 355 
45 332 58 250 39 337 214 80 178 374 166 195 380 284 382 334 280 405 287 149 140 292 302 336 181 309 52 283 296 122 21 356 164 86 267 42 184 290 364 121 325 
46 364 4 378 208 158 222 127 119 34 28 78 217 258 61 284 179 335 366 344 155 345 354 223 300 235 387 294 396 80 279 169 363 229 392 209 11 181 316 369 292 355 
47 129 318 158 273 184 111 237 240 128 24 376 324 286 344 387 74 188 385 303 54 171 298 365 243 226 300 340 93 79 140 257 213 41 185 343 1 346 370 39 187 192 378 52 135 320 115 
48 44 248 331 354 340 390 279 245 38 238 153 299 328 400 135 199 296 386 368 141 77 24 158 364 388 311 360 116 143 33 67 392 218 180 320 39 
49 35 238 373 245 15 79 87 160 97 343 204 114 301 309 159 379 111 246 53 315 94 197 274 133 382 277 249 254 156 367 240 247 167 226 38 182 84 
50 251 293 110 294 135 208 235 217 84 41 15 286 347 204 173 142 77 381 196 189 363 158 57 75 223 27 166 109 268 74 359 169 161 6 76 31 43 36 93 378 131 130 181 
51 238 402 404 294 138 233 153 326 70 189 32 6 293 112 195 23 105 148 329 355 175 185 56 385 7 164 156 73 252 225 220 44 194 61 133 246 382 237 232 346 104 
52 129 270 73 87 229 247 241 34 97 219 302 149 55 12 401 391 175 30 200 161 94 166 385 394 344 72 124 22 45 174 220 77 317 303 188 277 187 395 47 364 111 362 152 320 
53 371 110 263 76 30 128 254 378 223 20 91 87 243 375 336 293 131 122 218 78 49 290 364 164 100 124 258 66 287 160 
54 293 306 105 106 402 383 11 34 13 26 68 82 175 200 385 167 261 333 133 294 25 20 47 336 152 178 195 330 374 231 95 97 258 61 260 60 309 88 
55 376 366 128 403 93 152 168 110 140 52 339 156 307 189 119 193 56 62 271 150 149 135 372 334 33 300 137 249 320 236 129 347 188 90 246 35 276 278 138 82 273 127 203 
56 264 286 403 77 245 224 162 23 362 14 213 258 55 149 154 51 180 156 161 30 297 176 404 388 121 75 210 214 247 10 127 292 211 232 260 
57 155 126 84 113 115 361 405 168 50 322 389 221 59 306 185 371 338 27 351 60 42 359 307 103 44 263 
58 171 45 390 8 195 214 387 307 126 31 25 351 120 106 124 318 81 338 82 317 178 274 175 305 217 251 248 194 286 335 361 400 345 367 255 343 365 346 150 403 292 266 147 169 245 273 385 
59 364 175 30 133 62 5 387 213 159 194 209 216 24 371 69 150 384 72 372 239 183 325 188 328 127 164 57 242 99 379 334 117 132 139 356 383 114 44 0 76 162 295 108 394 
60 230 266 354 342 345 101 22 115 349 20 31 28 371 264 94 343 364 251 145 98 237 16 150 116 213 366 305 307 303 258 222 400 30 33 129 9 276 308 246 84 217 219 172 57 141 402 80 17 29 92 54 265 
61 275 270 169 106 118 401 81 337 378 398 33 121 203 46 205 357 86 87 104 304 176 306 66 353 68 29 242 307 302 257 347 367 388 283 260 231 294 51 249 54 69 7 15 97 358 73 238 43 
62 319 318 268 6 289 59 228 114 250 136 108 253 346 261 55 384 9 95 41 177 1 377 311 405 83 109 358 396 63 296 235 144 402 164 339 207 
63 326 240 156 286 342 10 88 261 298 250 200 266 237 211 109 295 194 372 367 81 6 105 375 400 281 403 34 121 62 8 386 305 
64 247 168 388 373 215 241 331 20 327 178 357 340 72 194 383 299 34 181 9 375 377 403 249 82 195 290 191 84 291 166 22 117 399 402 351 380 159 229 150 254 344 350 
65 71 259 17 360 70 164 250 15 78 321 295 260 223 374 293 315 12 345 308 28 154 189 173 230 367 99 318 341 44 306 9 215 139 168 329 247 263 182 324 92 75 128 141 361 
66 308 196 312 374 170 179 285 43 159 220 367 390 382 318 89 313 121 61 15 31 306 79 237 257 378 269 108 25 174 185 242 169 44 292 267 291 343 53 350 263 372 
67 279 311 341 379 17 325 73 359 185 245 215 271 87 105 265 263 312 283 392 222 88 161 155 142 192 273 48 90 246 219 16 288 351 
68 214 71 117 25 54 225 96 324 245 374 105 329 279 1 61 394 173 267 402 130 93 76 269 310 335 330 163 244 128 252 
69 153 225 223 236 295 11 401 387 37 334 320 59 40 292 289 99 335 298 118 9 374 122 316 371 245 136 277 313 61 326 291 137 328 402 214 373 
70 162 149 254 156 1 398 146 399 65 92 319 281 51 330 376 186 394 102 93 4 329 271 81 172 313 321 42 191 14 265 134 154 222 331 391 289 341 105 23 110 266 249 255 106 173 159 2 
71 321 339 42 65 68 148 28 16 364 84 79 17 221 239 167 39 237 225 129 291 192 1 368 403 340 381 206 369 136 269 212 301 232 277 111 87 134 373 41 2 
72 22 88 10 93 183 125 19 128 293 314 310 268 59 43 64 401 329 330 154 147 52 386 357 391 115 220 385 299 2 355 127 282 107 
73 260 384 9 52 13 156 67 151 170 262 8 399 405 371 145 344 86 403 365 305 184 84 376 254 111 321 374 244 51 25 150 157 126 104 336 307 40 221 39 242 3 6 61 
74 162 166 177 339 2 228 318 3 349 190 347 207 325 128 47 96 361 109 260 368 106 83 173 396 33 50 202 305 171 79 296 359 251 258 259 369 75 365 142 272 
75 371 250 76 266 221 134 276 231 203 83 343 2 235 99 77 85 245 356 50 317 101 325 279 258 217 233 94 259 8 280 156 118 154 249 265 56 284 299 65 137 74 223 29 320 114 119 394 304 168 
76 271 237 100 40 53 75 85 260 207 292 142 377 342 39 127 27 140 173 228 344 294 336 19 375 389 357 147 298 394 391 300 22 20 284 303 8 265 77 208 267 337 178 11 50 362 68 305 59 155 301 335 115 
77 108 56 36 107 360 243 50 270 338 75 387 12 126 334 196 231 166 129 341 80 328 311 139 172 48 352 76 152 52 150 183 347 301 178 356 96 318 3 192 132 342 244 125 222 
78 143 99 37 330 185 65 129 35 165 46 254 161 133 39 6 246 271 347 217 368 300 228 239 208 159 157 340 53 222 4 363 297 154 349 286 260 401 283 107 119 256 100 317 291 266 403 289 125 187 90 207 106 
79 318 277 266 93 181 71 317 372 49 309 17 366 132 108 273 346 92 177 31 155 347 184 66 244 189 47 74 176 8 363 379 329 313 352 148 398 137 42 399 146 109 
80 300 308 189 385 45 328 268 363 130 336 335 207 251 365 7 212 352 150 272 27 199 211 29 0 77 269 158 250 43 223 46 133 344 255 60 248 403 351 327 333 106 181 41 155 
81 162 1 346 274 190 61 385 93 9 170 316 58 172 137 384 117 70 183 169 141 293 90 113 382 163 178 195 386 261 85 335 304 202 308 63 284 23 20 268 405 33 347 108 375 120 166 41 103 18 
82 336 214 220 54 175 27 303 292 138 149 93 290 340 325 58 382 314 170 211 134 123 143 95 384 388 253 64 199 148 55 1 237 191 38 
83 21 217 372 330 260 224 145 192 75 379 262 229 354 218 93 180 175 178 320 302 112 214 74 8 28 31 18 382 304 296 165 284 62 160 313 332 341 373 91 
84 178 0 403 191 57 50 258 71 267 33 171 240 353 346 165 387 73 19 394 60 132 101 314 303 338 161 182 244 166 206 64 331 298 270 308 153 220 93 49 
85 136 152 94 6 289 128 324 76 312 191 212 364 180 142 119 75 209 97 26 109 98 37 287 29 158 81 360 347 366 262 214 164 210 254 383 321 32 268 39 25 351 8 
86 402 356 269 221 399 357 37 152 220 98 275 136 126 328 10 153 264 61 73 174 393 39 324 362 368 243 177 218 24 89 227 273 383 307 45 210 208 211 143 31 
87 256 172 158 241 138 89 52 24 249 352 355 177 49 32 244 53 139 344 67 311 305 253 342 307 207 161 345 61 43 289 40 155 362 140 181 380 145 356 290 13 298 71 110 25 395 336 354 143 160 212 258 121 88 17 213 
88 334 208 72 170 320 63 372 357 348 113 305 288 155 67 384 141 379 95 139 341 346 240 390 121 120 286 100 91 118 199 325 212 258 54 383 87 
89 96 207 229 287 87 283 95 334 386 345 244 346 129 307 66 122 133 211 237 349 35 270 199 328 90 0 187 280 37 171 260 389 157 359 138 112 86 130 354 30 148 146 17 19 377 325 277 258 38 
90 19 218 385 109 361 327 151 333 26 249 207 267 188 245 269 255 114 293 102 81 89 248 152 5 359 55 299 189 376 67 213 356 261 179 78 14 144 232 309 390 123 43 
91 369 149 178 148 191 6 202 266 123 20 241 292 8 111 7 229 243 53 354 330 271 358 277 361 328 320 187 209 128 22 275 395 392 323 371 88 97 11 206 23 31 224 118 394 83 
92 153 70 392 250 306 315 204 232 79 143 316 289 358 175 224 21 223 241 295 220 183 404 65 42 280 312 271 60 372 234 16 144 317 378 184 
93 155 37 186 72 239 135 16 254 149 55 79 39 320 81 390 82 83 122 284 153 70 247 229 167 369 335 47 250 7 195 68 236 148 263 264 50 137 258 24 346 249 84 
94 22 85 367 111 118 356 125 390 333 60 189 269 100 383 257 394 281 291 131 321 75 52 372 240 230 233 104 37 9 178 49 339 124 216 273 198 195 5 183 263 260 28 238 248 329 159 23 
95 117 361 139 150 89 148 364 243 108 119 43 5 394 122 174 216 338 176 363 44 36 128 62 88 352 258 215 82 170 153 293 280 54 166 17 312 
96 181 89 149 125 339 252 335 152 68 157 124 277 340 359 287 332 320 74 221 163 6 150 188 34 1 216 263 306 189 24 77 254 207 
97 385 24 29 266 163 52 319 404 195 145 190 322 209 173 377 49 346 85 106 212 112 291 131 181 275 283 41 222 104 27 375 91 158 363 206 54 316 197 295 61 
98 384 341 293 336 283 359 313 370 7 105 253 110 86 256 170 60 192 382 349 85 231 295 300 22 292 389 220 234 243 227 133 204 190 305 164 153 102 264 
99 385 41 383 169 211 78 111 157 298 224 328 43 190 75 178 227 69 300 295 144 65 18 370 7 322 59 335 5 323 268 306 334 245 400 148 267 149 278 23 261 35 325 303 
100 244 76 273 268 156 128 177 125 33 154 94 157 259 380 239 326 232 53 262 253 88 187 78 270 308 302 231 203 236 198 299 358 261 301 275 110 340 
101 345 197 348 267 60 270 400 224 123 402 284 28 16 362 341 162 283 117 9 75 210 149 145 133 375 328 84 172 13 155 166 263 306 288 368 106 277 254 215 193 271 33 19 300 311 373 250 327 
102 157 106 261 384 398 318 263 144 208 271 139 70 344 130 199 287 230 183 90 145 320 244 185 165 5 290 158 265 276 215 212 368 196 189 194 170 335 3 98 25 
103 233 28 12 374 273 390 227 117 373 289 180 152 210 168 223 216 300 37 396 187 240 30 192 288 268 296 173 112 179 2 298 114 241 307 36 281 369 9 405 207 184 57 81 21 
104 261 335 349 294 253 379 119 361 145 325 180 306 150 224 37 61 35 255 142 94 396 264 4 18 149 189 365 97 137 116 288 73 41 13 181 268 263 386 201 203 51 385 
105 54 269 241 368 222 234 110 284 10 239 154 134 294 98 384 260 27 329 156 118 311 309 67 51 68 26 213 148 380 141 385 323 278 5 4 297 343 3 70 198 163 63 263 344 372 8 331 306 150 
106 102 241 54 163 11 61 119 387 216 58 304 394 275 157 281 203 97 299 209 154 263 74 312 225 138 298 188 208 296 369 101 25 399 70 245 320 370 115 80 78 
107 227 191 305 23 393 265 376 77 385 182 317 374 399 313 356 400 177 114 310 322 117 370 257 326 316 389 185 78 267 275 138 383 405 121 180 331 39 72 
108 77 176 392 335 290 339 95 386 62 119 346 362 142 391 289 28 79 402 9 319 114 224 249 254 375 320 66 167 137 357 294 397 81 27 59 
109 204 90 201 356 241 207 261 18 254 354 342 398 364 231 14 39 74 394 34 271 85 63 50 386 390 384 160 211 20 213 389 140 62 317 240 123 392 225 191 239 79 164 189 
110 336 50 209 53 385 42 105 1 41 391 204 40 291 235 55 397 115 98 234 352 330 125 299 263 294 121 175 220 349 210 127 230 375 10 36 70 132 381 293 208 87 14 282 382 195 100 380 273 
111 21 47 319 99 155 94 313 91 11 358 213 344 244 181 328 249 158 216 385 49 122 73 295 129 270 145 71 317 365 16 281 279 1 276 357 52 220 
112 327 152 31 141 328 190 129 388 214 18 387 51 16 333 40 373 32 197 97 172 83 341 103 243 199 279 208 207 89 315 356 203 270 
113 362 274 57 337 216 124 265 321 372 156 312 88 363 81 187 174 29 322 123 151 355 320 385 325 398 226 177 32 230 346 350 392 
114 122 370 62 301 229 253 32 342 107 206 172 131 360 224 314 369 90 207 49 108 355 16 103 147 59 199 280 75 149 117 
115 211 137 333 135 60 171 281 142 57 355 307 110 271 343 366 199 133 257 295 36 192 190 266 209 352 158 301 273 72 127 241 42 126 379 215 106 254 76 47 
116 33 118 339 390 148 34 348 26 11 60 138 140 41 191 345 398 365 24 174 165 40 375 104 48 366 322 272 229 291 351 255 298 
117 215 150 385 95 68 121 129 240 103 227 204 307 324 133 140 21 41 101 135 383 137 81 322 361 364 186 107 273 292 346 59 151 318 14 395 144 303 302 64 333 160 114 
118 21 116 195 173 329 155 400 94 266 378 61 165 313 287 105 389 134 330 280 333 359 13 172 255 69 150 18 276 75 367 256 27 185 191 390 340 377 88 170 384 162 38 348 26 254 325 252 401 9 331 91 293 
119 266 177 126 157 37 263 46 106 95 104 108 85 347 139 122 176 308 364 257 238 55 35 344 208 120 335 250 0 3 366 78 17 246 292 333 75 151 235 190 195 311 
120 381 228 13 244 202 322 405 370 349 58 209 388 360 152 133 395 135 177 234 119 199 330 180 153 31 20 88 139 28 368 226 4 249 229 337 328 81 355 181 
121 117 219 378 339 348 230 152 14 229 396 176 61 298 197 310 402 110 66 372 371 131 192 196 134 267 381 165 235 401 17 141 393 88 303 358 199 56 308 360 366 294 8 357 63 107 12 45 87 7 
122 326 253 114 349 234 378 356 95 313 206 34 89 119 93 127 266 307 53 183 331 14 1 189 42 69 216 111 38 168 197 217 301 274 291 45 25 286 178 304 315 209 282 27 171 241 
123 38 251 281 372 320 177 338 91 259 101 173 203 253 164 219 82 342 284 199 352 340 113 231 367 22 270 145 193 170 262 351 282 149 256 16 222 125 109 187 309 90 
124 164 201 340 385 297 289 113 96 231 166 318 330 58 213 29 15 254 374 132 228 332 142 171 35 338 41 34 94 396 52 53 313 32 238 354 153 235 125 169 
125 313 41 96 188 155 194 357 100 341 94 72 335 160 110 392 404 279 158 322 237 175 288 314 184 187 233 255 271 350 346 240 148 27 192 323 157 191 324 267 268 206 278 384 123 134 382 78 295 397 124 234 379 77 249 347 
126 57 386 119 400 230 58 315 187 86 131 77 266 359 284 273 245 219 399 260 257 21 180 193 152 279 198 392 378 327 73 333 127 43 240 115 220 5 222 249 
127 190 214 46 171 134 301 370 342 76 296 30 293 122 205 392 226 59 395 110 131 396 358 197 314 159 126 277 115 390 142 56 294 72 278 55 243 339 
128 164 228 211 85 55 310 53 100 47 214 153 389 72 242 74 342 5 393 179 95 281 293 246 331 16 1 91 135 189 245 240 346 191 256 388 300 212 257 34 65 172 132 166 68 181 
129 47 135 52 238 7 117 262 227 112 222 78 253 400 89 193 71 187 5 189 324 276 165 302 325 77 257 358 194 60 200 55 210 398 263 111 225 202 216 214 188 140 321 219 295 285 
130 4 131 190 207 157 373 353 139 356 294 358 286 80 343 258 396 198 220 102 185 188 366 26 324 134 248 310 363 15 20 68 9 24 89 165 390 277 222 376 154 380 50 205 
131 130 18 225 167 372 175 273 324 160 139 202 397 37 178 126 114 381 94 374 97 53 121 127 342 291 165 255 44 200 201 153 141 192 158 50 234 38 
132 221 11 9 154 145 79 265 361 281 323 224 140 124 291 135 233 168 381 14 240 211 84 389 261 241 59 399 110 200 161 150 274 320 158 267 160 77 184 360 128 180 
133 183 10 59 24 7 372 245 39 117 78 218 89 54 120 30 115 157 231 246 18 267 101 254 375 181 257 383 360 248 80 377 167 364 306 98 49 208 189 51 378 396 397 273 319 
134 247 177 163 10 368 75 292 105 301 181 217 127 15 118 336 305 169 82 269 239 261 130 121 70 191 195 323 302 324 71 5 258 370 125 
135 166 271 129 50 167 379 93 115 295 248 404 350 366 41 137 291 1 200 241 171 120 117 48 385 132 226 270 234 329 55 220 292 383 128 242 389 345 377 157 47 327 401 149 
136 85 62 195 44 178 86 2 403 30 226 233 11 369 402 171 269 234 357 71 177 340 217 40 327 343 191 169 342 69 243 3 149 241 330 301 
137 115 342 216 356 144 214 187 352 30 135 302 364 275 81 398 39 117 316 286 55 319 359 259 17 193 228 153 375 205 104 108 40 378 75 323 303 79 177 93 69 384 332 222 
138 294 153 87 51 19 375 339 390 152 183 205 354 82 320 188 154 263 116 4 10 322 311 368 106 377 89 149 287 107 17 328 404 55 347 216 308 252 
139 256 95 183 4 3 321 281 391 172 130 219 150 131 401 87 119 312 102 169 231 24 381 175 88 376 65 77 120 7 59 203 355 228 356 393 279 260 
140 273 158 381 40 296 326 22 393 55 76 117 8 132 323 116 338 2 222 87 45 23 355 47 151 237 324 171 195 190 214 267 172 109 148 307 263 303 129 144 224 
141 143 221 112 216 288 32 156 374 303 209 192 358 144 150 307 174 81 20 88 105 376 293 121 193 319 403 48 318 352 60 290 385 359 373 206 377 131 65 255 280 234 287 404 
142 308 378 159 9 389 294 369 115 363 50 76 256 222 85 214 40 208 376 249 108 293 213 281 183 34 124 362 248 104 270 36 37 67 143 273 341 236 403 31 127 144 387 146 74 320 314 372 
143 268 306 141 78 164 390 214 384 217 159 241 219 1 331 38 231 353 16 356 36 190 358 92 229 399 82 17 142 151 266 271 48 156 87 197 166 11 86 239 
144 329 389 236 303 388 137 335 194 102 391 207 287 141 356 99 333 195 164 225 158 308 6 243 162 34 36 30 211 197 117 142 44 222 92 338 90 62 150 200 140 
145 254 179 351 368 352 20 235 183 83 323 132 97 104 223 60 39 172 251 73 354 177 359 166 25 101 239 102 329 9 193 87 170 373 184 346 293 111 149 260 123 167 263 153 208 178 190 289 209 
146 298 342 70 22 206 37 290 293 259 286 159 389 321 176 36 387 250 251 373 200 385 215 149 178 194 89 17 301 257 142 79 332 299 
147 227 220 163 272 204 23 281 303 399 29 76 243 8 19 13 244 225 218 288 371 72 290 250 36 356 114 38 223 203 196 58 
148 280 91 18 71 369 116 354 307 95 33 22 178 396 290 326 349 328 38 5 36 51 263 198 7 105 314 153 125 252 235 190 350 164 168 99 182 308 40 163 89 93 388 25 140 269 82 79 310 158 270 322 32 154 
149 91 195 70 96 334 357 93 33 294 52 222 82 385 369 177 271 42 18 205 56 55 43 101 310 45 146 182 216 104 344 138 284 145 154 158 123 99 256 136 289 354 212 114 17 135 324 
150 117 231 167 273 95 321 401 202 165 139 223 152 262 244 59 104 37 316 60 141 381 55 80 241 183 326 118 96 375 318 194 163 73 188 132 77 260 58 349 185 64 193 201 144 105 304 
151 26 198 247 152 220 33 156 294 90 73 351 405 373 41 241 393 208 221 246 153 344 261 335 369 325 172 5 322 315 143 140 117 113 226 176 197 196 253 337 27 188 119 336 256 13 10 
152 85 379 112 289 151 39 121 96 382 320 265 55 150 86 331 138 171 103 175 272 340 120 342 362 384 241 126 301 54 90 212 352 276 77 246 303 364 326 321 32 329 52 
153 69 138 292 350 26 257 8 92 7 51 165 229 15 128 273 361 151 48 93 283 86 148 230 38 280 120 255 39 137 289 23 22 396 95 195 1 240 201 124 131 145 98 330 161 84 390 
154 349 359 313 398 169 105 365 132 254 100 377 30 381 341 42 157 260 180 214 65 138 44 106 56 272 352 175 309 72 70 78 75 320 332 149 200 220 173 329 130 210 333 253 331 148 390 
155 57 188 93 174 353 125 118 111 212 330 187 286 354 158 306 341 396 387 228 364 297 173 367 239 168 170 88 79 284 180 46 205 87 67 321 35 287 242 6 260 319 255 101 219 320 76 39 181 347 391 80 281 
156 70 322 63 252 227 100 6 151 73 23 55 141 221 105 267 113 303 325 179 339 291 56 75 319 340 51 38 369 305 357 372 0 143 157 231 326 49 200 288 20 402 4 
157 102 261 41 31 119 130 99 169 96 259 222 316 262 325 16 100 106 154 184 133 292 281 78 32 22 234 231 251 36 190 89 216 405 125 240 330 73 0 156 350 135 278 277 242 
158 267 5 47 87 337 140 210 358 200 391 46 39 316 352 155 399 125 50 199 9 345 111 2 243 144 273 386 85 349 264 184 209 203 80 102 363 172 115 48 20 333 397 321 204 149 97 132 285 131 148 306 241 
159 309 308 142 346 259 66 254 21 143 27 59 40 146 352 199 285 229 4 165 356 375 310 78 49 325 215 367 209 372 342 341 377 127 202 177 184 388 351 70 64 241 94 194 359 234 41 
160 181 131 256 125 379 49 352 338 10 281 269 23 323 198 282 283 15 0 196 21 353 286 109 325 17 355 220 233 213 83 87 117 132 206 14 53 
161 223 2 254 172 290 0 78 163 11 87 33 52 312 356 221 294 67 320 208 42 56 196 258 84 327 50 132 194 168 332 170 28 153 288 197 
162 81 70 74 328 302 235 301 386 56 247 368 225 401 34 101 350 295 243 270 276 280 167 284 336 262 404 38 144 221 361 166 8 37 118 26 59 375 285 299 
163 351 398 33 310 106 147 27 265 97 134 300 356 319 309 161 228 330 182 197 44 216 187 331 367 257 96 360 314 81 384 263 375 183 229 323 105 404 318 150 264 148 0 285 292 14 262 68 339 297 
164 128 393 243 143 347 124 224 65 391 250 273 207 213 182 28 123 395 59 286 144 188 349 175 285 185 53 51 252 148 17 336 14 85 176 219 193 233 45 98 373 109 172 62 320 
165 278 38 263 269 354 150 382 153 78 118 261 244 265 363 159 84 266 21 39 328 129 312 273 252 219 207 121 102 131 116 83 403 130 372 304 213 355 203 257 324 240 294 
166 135 331 74 293 256 124 371 45 172 264 347 311 312 396 310 205 77 299 52 145 50 277 42 182 255 337 234 339 273 333 192 288 206 101 162 305 219 306 84 64 272 383 290 95 222 143 81 128 189 
167 150 135 14 131 343 335 41 11 367 71 381 320 237 54 19 176 268 233 302 36 162 39 93 277 229 389 37 361 108 28 21 133 226 177 145 298 348 291 279 49 401 2 
168 258 64 264 386 23 404 270 341 301 361 55 388 391 360 103 57 291 170 309 339 155 300 132 222 294 122 148 65 303 385 237 266 272 161 201 260 75 
169 210 380 99 61 154 157 197 243 252 279 139 277 315 134 261 269 81 5 378 189 237 50 136 275 46 66 294 349 338 257 403 13 209 58 124 310 176 
170 208 284 11 187 66 88 212 251 396 241 333 81 73 98 227 168 34 82 260 269 155 363 201 289 377 319 299 95 145 4 123 317 245 240 118 278 274 383 161 102 272 252 1 
171 251 58 43 354 261 115 387 84 127 179 152 362 211 245 255 375 135 298 256 401 136 355 47 124 23 11 89 74 195 266 140 174 307 238 5 334 122 205 
172 262 87 317 344 139 161 261 234 200 233 385 320 389 209 166 81 362 114 145 387 231 187 112 374 118 237 305 70 210 151 199 235 60 101 158 77 356 249 140 254 23 180 242 205 1 310 336 128 240 164 177 
173 230 312 118 352 201 205 50 244 405 123 1 97 76 195 345 65 328 155 222 103 74 68 215 176 341 373 332 364 309 70 346 154 274 246 279 194 
174 338 241 378 155 41 27 361 95 303 9 141 86 352 356 320 188 326 197 5 260 113 116 264 392 256 171 302 240 52 220 66 263 390 362 231 275 252 4 
175 37 247 59 351 261 341 335 131 82 54 33 392 152 372 224 316 83 52 234 125 110 58 283 11 356 164 51 154 92 44 139 199 205 185 347 402 255 332 23 264 221 31 376 
176 201 108 8 219 369 342 316 325 146 343 198 200 272 121 231 167 205 262 196 119 95 355 38 13 300 61 291 186 404 320 301 362 79 333 56 173 381 1 164 183 151 397 227 10 283 14 221 169 
177 15 206 295 123 119 74 134 377 100 246 376 87 263 325 285 107 230 388 149 120 204 244 322 249 145 7 79 136 401 342 62 279 349 86 362 200 14 238 267 404 203 167 159 113 137 21 318 172 
178 84 91 401 328 248 329 28 12 148 45 239 389 179 131 330 387 136 64 99 58 83 17 286 297 340 223 319 81 15 345 94 363 146 331 54 230 76 334 122 77 325 145 220 1 299 
179 247 397 145 298 25 17 66 220 270 323 390 171 178 281 259 190 46 42 128 309 156 340 186 248 237 250 222 260 357 272 12 401 282 103 334 361 297 90 
180 232 35 225 85 103 348 334 104 154 83 255 18 336 155 126 16 56 248 120 404 11 271 380 321 288 172 326 107 189 283 203 48 295 132 
181 96 232 246 355 302 160 79 286 134 258 263 111 365 97 293 64 197 217 305 87 45 133 307 333 366 306 329 104 155 46 266 80 212 120 373 50 128 
182 288 242 211 325 107 13 328 378 269 29 231 163 333 164 246 370 20 166 400 42 149 229 148 365 65 84 10 319 24 262 49 
183 228 188 133 314 3 139 298 211 0 145 72 238 138 260 324 5 203 12 59 142 81 18 23 150 102 313 237 122 20 330 256 163 22 355 38 387 219 92 176 94 395 1 206 247 217 252 77 27 227 2 
184 404 374 47 352 310 30 238 157 402 207 341 125 405 18 216 73 312 79 286 365 13 158 32 145 206 379 266 234 349 159 236 202 45 132 92 103 378 345 
185 398 318 251 78 352 278 67 1 377 226 320 223 364 385 240 130 391 57 51 250 175 102 164 15 8 210 118 358 47 107 21 66 329 325 34 7 365 231 150 360 376 366 362 
186 93 37 363 381 23 396 70 5 207 317 196 369 305 296 370 243 179 309 117 176 249 221 41 193 289 7 367 392 242 244 42 
187 301 170 336 17 195 215 271 307 372 274 229 137 155 286 129 126 212 103 163 295 172 125 232 339 358 113 324 89 91 44 390 100 13 47 282 16 52 123 280 78 377 333 226 
188 220 155 183 310 284 125 338 323 298 281 38 90 138 335 47 286 59 130 24 239 208 164 230 360 174 96 190 55 297 291 106 150 52 322 151 129 210 201 204 282 
189 371 229 80 51 343 94 301 204 50 358 397 129 55 65 350 375 258 241 243 265 319 169 122 79 104 323 254 290 128 262 90 304 96 201 369 133 180 102 267 287 109 166 277 
190 279 130 196 81 127 278 235 370 112 25 99 389 97 347 329 392 74 265 226 179 143 215 283 290 7 280 188 115 157 227 148 140 261 20 330 341 98 237 12 247 321 368 119 271 145 
191 107 289 84 91 262 212 265 85 250 7 232 204 360 13 354 2 248 116 299 322 70 234 134 395 118 136 251 125 405 345 228 1 64 128 282 373 109 260 20 352 82 
192 212 226 338 83 341 279 71 141 98 103 299 342 121 233 115 385 125 241 398 298 260 166 194 377 67 296 217 47 215 239 38 325 77 131 317 
193 242 302 392 255 206 367 250 205 42 1 129 16 202 55 400 217 271 204 273 126 137 141 145 267 241 186 300 123 251 379 164 340 360 101 269 150 2 28 
194 359 392 125 241 391 203 144 59 274 289 309 344 64 129 286 58 265 150 381 63 20 192 3 200 146 257 262 161 201 51 102 159 173 
195 149 378 363 118 58 281 187 7 269 356 287 275 314 97 136 227 249 45 51 173 293 271 144 243 277 81 247 204 171 203 140 93 94 64 153 54 134 219 15 0 396 110 241 119 
196 66 383 341 221 190 244 368 50 334 364 373 366 22 403 176 77 391 186 273 160 121 269 225 161 357 275 345 333 102 151 245 267 400 147 321 
197 363 350 101 269 382 282 44 169 25 341 307 381 204 163 362 121 3 28 275 252 237 112 272 398 306 181 174 251 36 290 287 122 49 18 331 144 127 151 97 27 349 143 367 368 161 
198 151 380 40 33 278 264 26 377 383 176 281 381 216 130 304 372 160 22 20 375 321 148 260 365 333 404 382 126 335 44 94 357 105 232 394 100 279 262 
199 293 300 245 205 376 288 312 390 159 272 158 315 115 48 359 102 392 6 80 358 120 237 89 250 175 112 172 123 226 348 364 327 121 82 38 88 114 328 35 
200 266 158 278 300 54 258 172 176 263 229 355 284 374 264 135 63 262 271 330 309 52 207 146 129 12 177 194 235 234 154 132 217 131 340 156 144 327 
201 176 212 203 285 173 333 7 109 390 124 372 3 254 386 214 292 12 225 332 170 229 308 251 355 359 311 248 334 367 4 28 351 343 153 194 131 189 401 260 273 168 27 104 188 150 
202 27 150 91 300 120 366 131 246 235 21 304 397 193 267 255 291 309 323 24 249 74 25 247 215 277 81 232 129 236 303 314 159 278 184 
203 6 267 293 201 268 75 223 194 33 302 253 327 324 61 377 106 123 247 183 397 226 276 158 195 285 342 147 139 177 294 221 280 329 112 274 100 391 180 165 246 55 104 374 
204 257 266 109 234 307 215 369 50 110 117 268 375 211 191 2 189 263 243 197 147 401 22 92 177 49 193 255 338 251 195 3 297 158 98 188 319 
205 361 291 378 402 173 199 251 373 298 193 344 302 138 176 127 9 207 61 303 149 166 155 175 263 137 367 247 271 371 172 315 289 171 130 
206 337 177 212 146 193 342 9 275 318 122 296 114 28 271 71 225 262 290 30 379 332 383 388 184 166 401 349 125 84 326 183 97 91 141 327 353 31 160 
207 89 398 224 298 130 310 109 164 10 76 90 269 144 210 74 308 80 186 184 302 87 391 205 297 114 328 200 289 251 23 165 112 316 353 291 348 288 255 103 352 96 300 78 62 
208 170 88 50 397 9 46 343 102 301 142 151 242 330 1 26 302 16 382 188 119 78 293 326 14 161 230 252 248 22 112 223 76 106 20 110 380 133 86 294 368 145 
209 296 223 110 405 267 218 59 261 355 120 172 97 339 85 141 230 27 106 231 23 159 322 91 115 158 226 46 366 391 403 169 122 282 145 
210 348 169 35 342 16 294 158 103 207 337 218 101 379 110 313 400 172 316 19 185 129 391 214 56 85 312 30 18 86 24 154 370 188 20 
211 370 115 128 99 182 183 293 298 333 278 204 171 319 339 358 368 89 63 82 386 248 249 80 352 132 1 304 109 284 350 144 5 323 363 330 56 86 266 25 389 
212 236 326 235 206 303 201 192 170 191 155 38 85 320 316 281 187 80 97 71 20 289 152 233 340 296 232 102 88 128 285 293 87 149 181 8 213 
213 291 39 59 164 124 38 111 319 343 309 56 142 240 60 105 33 368 283 25 249 47 224 234 109 351 37 282 294 160 165 90 212 87 252 253 
214 68 396 297 58 323 82 137 45 369 143 356 128 127 112 201 326 142 154 24 83 42 219 264 85 140 210 348 9 56 332 129 384 69 
215 117 278 187 333 204 6 64 67 285 235 270 190 18 15 380 295 159 146 95 65 173 202 283 335 220 273 297 102 101 24 271 192 28 115 
216 137 231 341 113 382 141 388 106 59 95 198 103 163 335 355 254 284 343 111 395 184 29 149 122 18 94 280 7 38 157 35 278 360 96 369 344 129 138 292 347 264 
217 83 50 301 340 143 385 229 134 46 242 245 320 78 371 75 193 58 230 136 41 181 60 237 318 350 122 222 283 183 200 192 232 388 31 
218 371 350 90 40 209 247 300 363 26 133 210 83 43 251 8 19 53 309 147 327 86 322 302 323 262 337 384 6 39 48 237 
219 400 337 18 121 393 176 288 382 52 287 139 8 143 23 354 126 123 165 214 60 267 183 389 281 365 155 195 166 164 67 129 324 
220 188 312 147 151 250 349 179 82 405 66 86 130 334 110 402 135 395 255 333 332 351 313 310 98 160 215 174 92 52 72 378 51 277 154 11 126 178 84 111 
221 333 312 400 86 132 196 141 75 360 291 71 156 349 357 151 282 272 96 311 12 57 17 161 186 162 14 301 337 279 368 73 203 22 317 176 175 249 
222 39 290 105 46 157 129 401 375 382 149 142 337 272 17 173 22 67 60 179 78 140 168 70 0 347 340 6 97 310 399 217 34 123 130 144 166 339 126 335 278 137 286 329 77 
223 161 269 245 209 299 69 24 363 281 287 328 203 150 65 332 53 145 103 275 315 185 50 270 356 249 6 392 178 232 46 394 19 92 33 236 346 208 80 147 75 316 244 258 397 271 
224 19 207 319 301 350 164 56 320 83 99 101 391 357 311 267 363 175 310 275 114 104 361 352 132 41 318 325 108 402 393 92 280 32 394 304 358 213 237 348 306 91 140 
225 69 398 131 68 284 268 180 16 162 22 369 71 319 373 356 260 294 38 396 201 144 4 23 206 106 147 368 289 360 36 41 196 229 390 362 129 51 392 9 109 31 349 277 
226 249 228 286 192 37 185 393 4 190 136 127 377 11 135 306 203 47 229 199 323 258 38 151 241 290 238 209 167 120 113 19 381 244 350 237 187 49 227 27 
227 386 147 107 299 295 156 312 237 129 103 117 10 280 22 385 281 396 315 195 28 240 283 242 170 99 388 255 257 336 246 248 41 291 356 190 86 19 27 98 176 17 183 229 259 226 282 395 327 346 
228 183 357 128 120 226 74 301 62 249 317 163 155 1 14 76 351 124 257 78 137 269 287 266 324 191 44 33 247 367 139 37 323 397 
229 89 254 349 189 52 350 342 11 217 153 291 320 187 114 330 121 91 83 200 365 258 159 32 235 298 284 201 242 93 143 382 226 246 182 167 225 163 0 348 285 366 46 116 370 120 64 379 227 316 
230 60 389 404 173 337 18 353 121 286 126 27 269 290 331 281 177 258 209 65 102 42 94 188 217 261 153 285 233 110 208 178 259 320 402 348 395 358 321 113 384 
231 150 38 216 75 254 124 400 297 182 143 339 176 283 109 133 172 139 77 209 319 0 98 157 40 304 357 123 250 275 242 280 236 44 54 364 61 156 289 100 174 185 393 251 397 305 
232 23 313 6 180 181 238 307 279 377 255 367 191 346 92 396 360 306 8 337 364 187 26 223 100 362 71 202 212 19 233 198 217 17 39 276 56 90 51 285 
233 289 103 29 402 51 387 172 297 279 167 136 355 386 262 15 75 377 320 125 94 132 230 336 192 396 212 11 264 232 235 164 160 378 257 345 25 290 271 
234 313 16 204 105 122 244 292 172 245 261 236 110 268 362 332 0 26 175 289 136 120 135 368 157 351 191 166 30 312 213 98 200 184 353 338 92 365 398 374 321 326 290 125 141 131 159 282 
235 212 38 50 162 145 190 110 202 259 75 215 292 295 229 387 343 31 405 375 172 121 148 46 287 200 233 236 124 119 62 395 324 
236 212 144 322 69 283 288 362 351 6 354 234 337 265 400 305 393 392 55 33 398 243 38 223 403 361 142 260 202 93 231 302 254 22 10 235 184 276 390 100 318 
237 76 400 44 47 227 18 15 238 167 71 307 60 299 384 125 197 89 63 294 332 172 183 179 199 298 8 315 339 66 169 217 140 224 362 168 378 337 22 190 226 82 396 51 218 
238 24 51 336 49 20 129 289 301 232 394 237 366 183 184 18 48 14 119 287 362 16 17 242 290 3 177 396 171 226 312 124 0 94 265 61 250 
239 281 353 93 105 178 71 404 290 249 59 100 155 188 78 145 134 339 380 359 298 257 19 386 242 192 109 143 284 
240 36 63 396 263 346 2 359 314 47 117 242 307 403 270 84 330 256 227 383 381 213 37 322 103 185 378 317 299 94 40 125 132 261 251 42 32 349 241 272 88 368 174 276 157 128 277 339 170 153 19 126 109 374 49 172 165 6 288 
241 355 174 106 105 336 87 298 52 109 194 91 64 143 251 170 276 320 2 151 135 246 189 150 397 363 152 321 389 192 132 240 92 193 252 103 226 370 388 273 115 350 339 136 7 159 195 158 122 
242 193 182 43 288 240 27 3 217 395 128 42 227 208 229 17 254 59 301 61 155 238 10 135 252 34 25 231 259 66 186 21 239 73 16 172 26 381 157 369 361 
243 164 276 21 280 18 95 169 355 77 39 91 268 204 53 162 383 354 35 195 186 41 189 147 158 36 47 112 258 12 251 144 236 86 44 273 42 98 40 333 136 246 364 249 289 127 306 
244 11 100 401 120 234 0 196 173 87 89 12 165 342 150 111 177 338 335 312 147 102 79 247 73 397 22 366 388 341 84 18 325 377 186 340 226 23 223 68 318 77 
245 223 325 268 199 56 401 49 333 68 133 67 234 31 302 254 2 48 363 75 171 90 217 35 267 126 262 404 11 393 99 69 128 170 106 331 271 326 295 196 365 389 58 
246 368 257 181 281 4 264 177 299 202 338 361 151 78 403 182 133 241 23 247 128 49 60 227 229 367 297 385 38 55 152 377 265 119 40 243 248 360 173 15 315 67 369 51 203 
247 64 134 32 179 175 151 52 218 162 270 370 31 358 347 378 388 273 42 203 311 246 93 361 195 202 244 339 314 352 65 14 205 183 56 333 228 395 190 49 386 401 
248 389 358 405 178 356 13 48 265 135 402 359 316 287 18 383 191 357 142 179 58 211 180 90 130 318 227 380 208 283 201 336 23 133 80 246 43 12 94 4 
249 8 23 226 356 254 87 393 365 40 90 228 288 305 271 250 261 195 142 111 265 239 177 223 7 16 211 108 55 186 202 41 75 213 64 263 320 70 172 291 402 49 243 120 61 126 319 93 346 125 221 
250 45 75 220 65 164 193 267 191 62 8 92 249 63 304 259 397 351 146 381 331 179 10 18 119 185 9 199 386 277 147 80 93 2 7 231 319 365 5 101 238 
251 171 379 50 123 185 170 270 205 334 392 377 241 60 307 80 218 145 295 325 146 309 58 207 2 197 201 157 243 240 204 41 261 191 311 193 301 74 20 19 231 297 21 332 
252 317 255 96 156 362 333 289 8 389 169 276 278 197 165 263 148 208 328 20 323 164 51 242 241 271 183 379 404 118 283 174 352 138 170 353 14 213 68 
253 122 288 273 104 335 385 114 363 98 129 203 62 355 123 87 10 260 30 286 351 82 100 340 331 11 372 151 376 154 270 24 213 
254 145 70 229 161 249 93 53 266 159 109 231 201 24 154 78 245 23 124 216 303 394 287 312 377 242 18 108 311 387 403 133 73 404 343 0 355 189 381 262 291 367 41 85 236 309 101 172 118 49 369 315 96 115 371 64 
255 252 370 193 385 265 232 340 171 21 227 373 202 90 180 118 104 125 166 204 220 153 285 345 392 58 131 40 155 403 80 70 272 405 175 207 141 369 116 342 
256 87 321 36 139 267 386 404 397 166 282 160 266 142 324 98 240 402 31 171 354 183 17 118 174 388 392 78 339 128 123 149 37 271 151 297 
257 263 204 258 246 348 41 153 386 313 94 119 163 115 228 349 126 129 227 388 342 107 66 286 355 47 133 61 377 194 239 295 233 340 128 146 169 260 400 165 
258 368 257 168 304 327 84 200 396 181 46 326 130 229 381 311 230 56 75 189 60 346 31 44 260 95 243 226 360 161 13 74 53 362 54 262 295 134 89 87 223 93 88 
259 65 308 309 346 372 299 146 159 157 123 261 383 303 235 22 376 179 100 327 250 11 43 24 75 381 137 302 310 369 282 293 13 242 230 271 345 267 294 74 6 404 227 343 
260 73 291 83 300 3 30 347 65 76 401 299 105 154 183 225 19 392 275 170 198 74 126 17 25 179 22 253 258 174 89 78 192 155 296 236 145 94 150 61 279 395 201 54 257 191 271 26 168 56 139 23 12 
261 104 157 102 171 28 175 109 172 259 209 63 165 7 234 54 249 323 37 62 2 297 151 365 169 383 230 134 5 240 81 355 132 251 298 387 190 372 1 358 99 364 90 354 381 100 
262 172 24 404 129 191 280 157 356 150 316 83 73 44 37 176 304 200 245 233 206 400 162 39 85 254 189 100 300 123 194 364 218 43 323 258 163 375 393 348 182 198 19 
263 257 268 53 165 402 240 26 329 119 177 288 200 102 204 350 281 181 110 388 138 67 148 106 285 252 343 163 205 405 129 249 364 65 101 314 398 105 94 174 96 13 140 93 104 4 145 280 66 374 57 
264 56 168 281 246 6 60 291 198 400 166 22 200 86 278 341 403 288 104 158 347 214 174 267 233 163 387 93 20 34 175 216 98 
265 274 107 163 370 248 255 191 152 376 399 8 269 342 132 113 387 165 190 67 249 236 285 19 189 70 194 75 76 102 364 386 343 246 324 280 22 338 238 60 
266 399 200 119 204 60 75 97 79 254 91 3 118 19 256 15 126 369 122 165 63 390 25 340 380 115 405 34 171 304 228 315 143 9 70 184 385 168 289 78 58 306 37 181 211 29 
267 158 203 256 2 351 209 101 269 31 84 250 25 331 12 90 347 224 156 245 21 202 309 24 385 371 133 121 338 68 219 193 264 300 107 177 99 76 140 393 125 259 342 275 399 389 45 132 196 189 66 392 34 
268 143 263 245 62 100 379 203 225 370 80 405 204 393 234 243 387 283 72 167 32 42 0 103 303 50 365 99 297 335 317 403 125 81 104 368 312 85 373 
269 223 105 86 197 288 195 165 273 19 267 359 230 182 207 334 265 94 90 315 312 160 34 136 392 170 169 134 304 71 7 15 196 295 228 23 80 66 276 386 380 68 148 344 399 193 25 
270 297 52 61 377 251 2 179 247 168 101 77 240 215 22 343 389 162 384 316 135 223 89 142 356 271 111 123 339 17 100 381 84 112 148 253 41 44 
271 135 76 275 352 187 249 285 115 397 67 102 91 78 200 149 195 70 206 55 109 193 287 333 125 346 180 270 402 373 205 143 259 0 354 252 347 245 92 215 101 44 256 260 294 403 190 223 233 
272 9 147 340 314 176 152 277 199 221 339 222 374 343 197 80 154 287 179 300 293 292 240 337 356 116 255 166 377 168 74 370 288 170 303 
273 285 47 140 299 100 150 253 103 269 164 131 339 323 153 346 247 126 196 397 287 336 79 373 23 193 165 158 117 94 166 393 363 303 243 295 142 215 115 342 86 378 67 241 349 55 301 201 362 0 133 58 110 
274 265 113 277 316 81 358 354 39 187 303 194 292 319 23 58 383 32 27 42 314 49 122 132 170 173 203 315 366 401 30 
275 27 271 29 61 369 195 206 15 285 86 106 137 223 313 224 371 197 260 352 315 97 322 347 357 25 91 295 10 169 196 344 107 231 389 267 402 174 341 2 100 
276 287 243 27 372 75 252 241 0 401 129 315 162 299 5 60 336 118 12 203 152 240 102 269 55 37 111 338 236 232 301 323 342 311 358 357 
277 79 305 274 353 394 348 17 96 292 42 5 329 272 1 341 284 278 342 169 345 380 91 195 166 26 250 386 167 202 392 71 369 240 127 101 220 49 130 52 69 89 399 157 337 189 225 
278 165 335 215 190 281 200 198 185 211 7 323 322 288 307 370 318 252 277 381 344 264 380 401 332 105 358 308 329 216 125 170 55 99 202 4 127 157 2 222 
279 67 190 302 20 232 326 40 169 192 48 309 233 125 330 394 75 286 68 331 35 126 33 177 112 293 221 404 46 335 260 39 111 34 301 24 310 173 167 198 315 139 6 
280 364 148 34 243 376 262 318 345 15 227 285 394 162 118 390 45 75 153 371 190 89 224 216 296 43 355 231 387 95 392 92 265 203 114 263 187 141 
281 343 239 123 195 264 223 246 38 335 115 139 361 278 339 70 364 357 230 227 198 188 297 212 342 106 263 359 179 405 132 94 147 160 142 39 24 291 157 310 128 2 29 365 219 328 1 63 111 103 387 155 
282 35 350 391 11 296 197 256 328 403 33 333 335 221 160 13 38 259 179 17 381 297 299 213 326 187 123 191 110 20 382 285 72 122 227 209 188 234 
283 6 98 89 3 376 399 325 236 313 294 351 231 268 227 312 101 334 153 67 40 175 160 358 190 391 97 213 248 215 78 29 45 61 217 310 26 284 318 252 180 176 
284 170 188 308 317 105 359 225 378 40 101 311 200 395 126 277 45 12 93 46 216 355 229 400 392 289 155 9 162 306 366 405 123 76 344 81 149 211 83 358 75 283 286 239 
285 273 319 201 66 288 1 291 352 271 280 329 215 275 177 159 15 40 298 326 366 263 265 402 230 164 255 327 377 229 203 163 25 321 368 282 212 158 334 391 162 129 6 232 
286 291 56 226 50 63 230 146 181 335 307 130 155 47 187 10 404 7 188 137 164 178 279 194 58 184 11 160 78 253 257 88 32 384 356 122 348 338 284 222 
287 89 276 355 223 195 385 219 298 1 96 346 248 118 144 12 290 326 273 102 254 271 238 272 18 45 85 44 155 300 197 308 228 138 235 312 53 189 2 141 401 
288 312 182 253 269 219 242 285 199 236 141 249 263 374 325 278 18 319 125 88 327 103 264 147 13 307 405 37 166 104 367 101 14 389 329 207 180 39 23 272 156 67 9 240 161 
289 233 342 379 85 191 386 152 389 238 62 252 124 28 353 103 194 13 69 401 7 108 234 14 284 92 87 212 207 387 170 225 70 153 30 186 369 231 266 149 78 205 243 12 145 
290 391 222 146 108 161 148 230 392 389 26 293 82 390 287 239 319 206 190 53 359 324 147 102 27 197 297 238 87 189 64 141 226 384 166 385 45 234 233 13 
291 286 213 260 205 3 330 42 15 404 229 264 221 285 110 384 296 364 135 168 71 94 33 202 43 281 97 132 21 176 131 156 321 227 326 188 254 346 207 122 249 64 116 368 78 301 66 69 167 356 18 390 
292 153 364 234 134 76 91 304 201 277 82 274 325 294 235 69 344 316 342 305 157 135 117 0 45 373 272 98 401 302 38 396 382 119 58 163 66 216 56 46 
293 54 50 199 98 166 203 146 211 72 345 51 290 23 65 301 127 142 195 53 90 3 208 181 81 19 128 321 398 141 272 279 369 145 259 95 110 322 14 212 371 18 402 118 
294 138 50 210 27 104 142 400 51 151 327 130 105 373 317 149 283 29 292 329 393 110 358 225 54 382 76 237 161 340 168 46 366 339 121 213 169 353 259 368 203 61 108 312 345 127 333 208 394 271 165 
295 334 227 177 354 69 135 16 65 332 235 162 22 357 187 251 99 115 63 215 374 303 269 98 111 275 273 405 92 383 397 257 8 313 97 245 258 125 43 129 59 180 
296 315 209 282 140 28 291 206 127 2 32 186 48 311 103 361 83 280 260 31 212 106 11 45 74 18 192 62 
297 270 214 343 124 231 281 233 0 261 155 207 178 379 360 315 78 246 105 374 290 56 339 268 188 398 326 215 282 204 349 21 373 179 303 39 299 394 251 318 340 256 324 163 4 
298 146 207 304 179 241 183 99 211 205 287 340 188 19 63 121 285 171 229 76 329 69 34 47 237 388 106 346 192 261 239 373 87 103 348 84 167 41 315 2 38 116 
299 42 227 223 330 391 349 273 259 246 28 309 260 316 110 35 317 237 48 394 276 25 106 301 192 64 166 240 362 191 170 320 329 383 90 302 282 404 75 72 297 100 162 178 355 146 
300 199 305 80 260 202 163 218 200 27 308 13 103 99 176 405 78 168 55 76 313 46 372 98 47 272 287 329 267 193 262 346 310 128 323 101 207 11 
301 352 187 342 346 224 238 217 162 397 228 134 168 114 189 127 208 293 33 299 363 37 393 317 49 152 327 71 176 242 115 221 122 251 146 325 303 77 291 316 388 279 76 273 276 100 136 
302 19 279 193 162 181 24 52 338 203 205 245 137 352 167 17 207 376 83 208 129 30 7 390 259 45 27 61 174 134 405 299 218 292 236 3 339 100 117 308 
303 329 212 320 144 337 82 274 259 340 400 19 174 141 147 156 205 254 371 47 60 268 295 13 76 37 273 84 168 121 351 202 152 397 52 297 117 301 137 140 350 272 99 
304 258 298 405 358 363 316 292 338 319 106 202 198 262 250 399 61 269 8 231 346 83 81 224 211 266 310 333 189 401 165 122 312 329 359 75 150 
305 306 277 300 107 369 249 349 87 134 186 352 88 60 236 292 38 396 58 73 172 181 74 14 166 156 76 98 322 231 367 63 
306 305 143 54 92 365 155 13 104 331 57 226 232 197 61 284 66 401 65 99 404 312 101 181 166 224 133 96 356 266 388 158 368 105 243 
307 15 148 204 232 58 187 348 3 286 117 240 115 197 89 367 251 33 278 237 55 335 25 141 87 398 60 122 361 288 352 61 181 171 13 103 73 86 140 372 57 
308 66 259 142 284 159 4 80 367 404 385 386 339 300 207 119 65 312 375 144 201 60 278 287 81 148 121 321 100 397 30 138 84 302 
309 392 259 159 42 79 163 299 341 279 322 194 105 213 388 384 267 168 202 352 179 200 343 251 186 49 16 154 218 2 383 357 391 32 45 325 22 380 310 254 369 173 396 54 123 90 
310 163 188 184 30 128 207 348 404 72 392 107 224 121 316 166 16 17 14 149 281 159 259 130 24 220 370 222 304 400 309 300 283 68 399 279 172 148 169 
311 394 26 67 7 34 10 27 355 39 6 357 224 258 284 166 105 87 221 247 296 383 338 29 138 254 352 336 201 77 48 374 62 251 398 101 8 276 119 
312 20 349 221 360 384 66 220 288 173 227 85 199 362 378 346 372 139 113 283 166 269 308 67 358 375 161 165 244 254 184 106 326 359 234 306 323 287 210 390 393 238 92 294 268 394 95 304 7 44 
313 125 234 232 154 2 98 346 283 111 322 107 122 118 257 275 66 339 183 210 70 351 300 24 220 14 373 44 359 355 380 124 374 22 340 390 79 295 376 347 360 69 83 6 
314 330 183 20 240 272 195 72 403 114 5 82 125 332 35 327 148 339 163 84 247 274 263 384 127 202 30 142 
315 296 328 321 370 36 26 126 92 227 65 364 199 223 269 276 169 275 363 339 297 237 366 49 151 5 266 353 336 112 352 205 340 254 359 246 23 298 274 122 346 279 17 
316 378 357 401 383 274 304 362 176 157 158 262 248 212 81 346 299 175 150 310 292 137 270 92 43 210 23 342 107 69 207 354 381 97 22 301 223 388 46 229 
317 252 284 172 79 107 294 336 228 3 16 186 299 58 75 357 240 301 347 111 170 52 268 32 325 78 109 92 221 192 
318 47 62 79 185 403 74 280 206 124 102 389 58 66 278 404 25 224 65 150 248 4 141 217 163 117 328 333 375 283 77 297 236 177 244 
319 62 285 224 343 111 70 97 163 304 274 225 288 213 21 211 328 290 108 231 137 178 189 344 170 156 141 27 155 391 336 35 349 250 182 249 204 133 
320 30 123 303 350 224 152 340 229 212 329 88 93 172 167 241 69 138 398 185 96 217 83 378 38 39 233 174 161 91 55 102 176 362 299 108 154 249 397 113 230 20 132 106 155 75 142 47 48 164 52 
321 71 256 361 315 348 389 150 139 65 350 146 385 113 94 378 198 70 343 241 293 155 291 73 180 158 328 85 285 308 349 190 152 234 129 230 29 196 371 
322 156 335 236 120 5 313 278 363 97 309 391 397 125 57 240 177 377 117 107 390 191 275 25 138 346 99 209 151 2 381 113 218 364 293 116 188 331 305 17 6 148 367 368 
323 361 214 188 145 179 278 273 383 261 132 160 202 140 375 15 353 105 99 125 354 252 226 189 163 397 91 134 312 218 25 344 211 137 262 300 11 388 21 384 276 228 
324 386 85 68 131 387 30 344 363 47 16 117 256 203 183 129 388 1 398 130 187 86 290 140 326 22 228 125 65 134 265 351 165 297 219 149 235 
325 338 380 245 182 283 43 369 67 176 157 177 288 38 292 104 74 82 404 75 59 156 129 251 224 159 151 330 160 309 113 244 301 88 185 317 354 118 89 178 192 356 99 45 
326 63 212 327 122 140 51 279 148 214 33 4 258 370 351 287 285 30 150 208 174 100 17 107 404 397 312 291 345 324 297 206 282 180 245 343 152 156 69 234 405 
327 112 326 14 258 392 90 294 64 0 203 259 288 314 334 136 301 40 285 218 398 348 126 199 161 370 206 80 101 135 227 200 
328 315 162 178 368 223 112 182 99 282 80 13 148 86 393 111 48 388 173 319 5 165 385 59 360 207 35 91 89 43 359 101 252 77 25 318 321 281 138 199 120 69 
329 144 303 365 178 118 375 350 333 263 373 320 190 4 285 105 277 294 331 43 352 70 51 39 68 298 135 72 17 145 363 5 299 278 65 300 288 79 185 1 181 154 203 41 304 94 29 152 222 338 
330 314 13 299 8 83 291 393 18 78 362 155 70 229 363 124 178 110 163 240 33 279 385 91 118 208 200 352 72 183 325 120 365 383 54 157 190 347 394 340 211 153 68 368 2 136 
331 394 12 166 404 48 64 363 152 230 267 143 40 329 33 306 163 250 279 128 122 402 70 349 178 20 197 405 253 369 245 84 105 322 360 107 118 154 
332 45 223 295 96 234 3 314 201 124 44 237 29 278 206 220 154 173 214 83 161 175 137 251 146 
333 221 375 16 336 115 201 215 252 329 211 245 90 94 170 382 363 182 282 112 54 19 30 403 144 118 271 365 198 220 337 176 166 181 158 243 304 383 126 34 196 318 247 119 117 294 356 80 154 187 29 
334 88 295 361 149 251 89 5 40 269 362 380 196 69 354 180 77 45 220 283 39 327 55 179 59 201 99 32 20 178 23 285 171 
335 104 322 396 278 108 96 253 281 167 144 175 286 125 389 19 80 282 388 188 307 216 151 360 46 365 69 383 30 244 119 58 99 93 81 198 215 268 279 375 68 76 102 222 
336 110 398 187 238 241 98 333 82 0 7 5 355 317 395 80 401 351 134 76 366 53 273 383 180 227 54 233 276 162 391 311 45 365 12 319 248 164 315 73 87 172 151 
337 206 45 230 158 219 303 113 61 222 210 30 236 32 232 7 166 359 333 272 221 76 237 218 151 120 343 277 
338 174 325 188 123 11 364 192 18 302 304 77 246 58 95 160 381 369 244 28 140 311 57 204 124 387 267 84 344 234 169 276 38 265 286 25 144 329 384 
339 71 96 116 121 74 108 281 348 388 382 273 138 55 308 209 231 211 272 313 168 187 314 379 315 156 239 237 166 94 26 247 297 270 240 294 256 302 241 386 341 40 222 163 127 12 62 8 
340 3 217 124 272 320 96 303 343 298 48 152 255 82 372 23 64 71 386 179 365 136 78 178 294 266 366 123 222 47 212 156 118 44 253 396 313 193 360 354 388 257 200 315 330 244 398 297 32 100 
341 376 352 98 67 196 175 354 216 125 168 197 192 155 309 154 277 101 388 184 264 77 65 24 112 88 70 159 173 26 142 244 190 34 339 33 275 83 
342 146 210 289 301 137 60 206 229 176 63 398 26 114 109 76 265 281 127 244 128 277 152 87 292 397 177 123 131 192 257 37 159 316 401 392 347 136 273 203 267 77 255 276 
343 281 319 167 297 208 60 189 176 75 340 130 115 213 270 35 49 272 216 309 362 235 321 263 348 105 254 136 22 373 47 58 265 372 201 326 66 259 337 6 
344 396 38 16 172 366 205 324 47 87 111 194 151 76 292 102 73 278 119 385 46 392 30 52 319 284 149 338 377 371 275 216 105 80 31 323 269 17 64 
345 101 60 18 280 89 293 11 65 44 173 277 87 158 116 46 178 255 58 30 351 3 326 398 354 191 196 259 0 135 394 233 294 184 
346 301 367 259 81 313 17 240 159 287 89 108 316 273 312 62 232 84 18 42 403 97 399 7 79 258 125 322 271 358 24 391 373 298 304 88 223 145 117 128 291 58 47 300 173 6 23 374 315 93 249 113 51 227 
347 390 27 164 50 260 190 30 247 21 267 119 393 166 74 2 78 43 317 275 79 55 175 222 85 264 61 342 389 3 360 271 330 77 313 81 138 33 216 155 367 125 
348 210 321 257 101 405 121 307 339 310 116 277 397 180 88 401 35 39 343 229 199 224 360 327 214 230 207 394 118 298 286 167 262 
349 394 312 154 299 229 104 122 220 1 60 389 9 148 74 10 120 375 305 378 221 89 98 257 164 110 363 158 377 15 78 240 177 44 331 297 206 38 184 357 319 169 321 273 197 150 381 225 
350 197 218 282 153 320 224 329 229 135 321 34 263 40 162 189 125 3 396 395 148 1 217 211 241 2 157 226 303 66 113 64 
351 163 175 267 145 31 151 363 236 58 283 353 336 385 326 228 250 23 313 383 2 234 369 220 253 345 57 390 303 213 201 123 18 159 64 324 80 116 85 371 67 377 
352 301 341 271 184 173 145 5 185 87 285 137 158 159 110 160 387 329 302 379 224 309 305 80 330 24 174 275 154 211 95 311 123 307 152 115 141 247 77 79 315 191 252 207 
353 0 277 155 239 230 369 130 7 289 84 143 351 23 61 323 160 28 5 315 207 294 234 3 206 379 389 252 
354 171 398 60 148 295 362 341 165 274 392 109 48 236 155 138 83 334 191 91 243 219 145 256 46 323 369 31 89 345 316 271 124 340 36 44 325 87 21 261 149 27 
355 241 387 375 287 311 336 181 27 243 361 115 87 209 367 200 23 176 233 253 216 358 284 51 368 369 171 114 183 201 261 140 160 257 379 313 385 254 280 113 360 139 72 10 165 22 120 299 44 46 
356 6 86 249 137 248 195 214 109 94 122 130 163 262 107 389 225 75 159 144 143 223 161 174 175 270 381 399 227 401 172 87 272 147 59 286 45 306 77 112 90 384 333 291 139 325 
357 228 316 25 149 125 86 311 281 88 224 382 221 400 64 295 76 317 61 36 136 248 275 179 374 309 231 198 196 387 72 370 156 108 349 121 111 276 
358 304 248 382 158 274 42 130 247 35 111 189 294 91 211 141 31 312 355 143 129 283 199 187 92 390 399 346 278 127 224 185 38 121 383 391 284 34 62 261 61 100 230 276 
359 194 374 154 98 29 240 284 269 67 248 30 96 126 281 199 118 145 383 137 328 50 290 201 337 90 89 313 312 239 361 74 141 40 315 57 304 159 
360 1 312 26 65 221 77 168 393 191 120 114 232 335 328 163 188 297 225 85 17 386 258 216 348 48 133 121 347 340 355 193 313 246 331 185 132 
361 323 321 95 334 205 17 90 281 24 168 355 57 11 402 174 371 104 153 246 132 74 224 117 91 296 247 3 58 307 368 179 167 394 236 162 359 65 242 
362 11 113 36 40 252 316 375 354 330 56 236 23 334 312 171 234 197 172 101 108 19 152 142 343 299 43 17 87 238 176 232 86 320 177 225 372 237 76 382 258 174 41 273 185 52 
363 197 195 376 304 223 186 142 385 218 351 331 253 368 330 80 324 322 333 245 50 224 404 15 165 95 364 301 170 113 315 349 241 78 329 130 178 158 8 273 42 21 79 46 402 97 211 14 
364 46 59 280 292 71 95 338 281 85 60 291 196 137 370 119 315 109 185 155 363 117 232 377 53 48 263 199 265 322 367 133 231 173 262 152 243 261 52 45 
365 329 403 154 249 306 229 27 181 80 261 335 73 340 47 333 116 198 184 268 336 104 330 281 1 182 219 58 111 250 74 185 234 245 
366 376 55 0 1 344 202 374 238 135 79 403 115 196 383 336 17 60 46 130 13 285 391 284 315 340 5 33 229 2 85 119 244 294 181 116 121 37 209 274 185 
367 346 94 396 308 193 167 383 232 66 404 355 307 163 379 155 65 159 246 118 58 63 123 61 201 372 205 9 254 288 364 186 405 25 49 228 371 197 322 347 305 
368 246 258 105 145 328 134 162 196 363 71 78 211 25 399 355 74 234 213 48 31 225 138 86 33 361 240 390 221 101 120 285 294 102 12 291 268 208 396 190 330 306 401 37 381 197 322 
369 91 32 148 353 214 275 204 325 176 142 305 225 266 136 338 149 186 114 71 355 151 399 387 351 259 354 93 293 216 156 277 106 388 331 74 309 26 289 103 189 377 254 246 255 242 46 
370 211 315 255 265 98 247 114 190 120 268 44 127 326 278 364 389 186 384 182 99 107 9 310 33 357 28 47 241 375 229 327 134 106 272 210 
371 218 189 75 53 17 14 60 28 361 166 59 394 73 217 275 303 121 389 267 57 5 377 280 41 382 147 42 69 344 21 91 205 293 367 351 254 321 
372 123 18 33 131 83 259 276 187 201 79 133 88 312 113 175 340 198 59 121 94 55 300 159 63 362 367 261 156 343 105 165 307 92 253 66 142 
373 49 130 401 205 329 64 1 34 294 103 22 151 4 196 225 255 112 387 379 273 146 26 30 292 346 313 145 376 343 16 271 298 297 32 173 71 141 191 164 101 83 390 268 181 69 385 
374 184 66 359 103 366 107 288 65 4 45 377 141 200 68 388 272 131 124 172 28 295 69 404 357 297 73 311 313 54 240 234 346 263 203 
375 333 355 362 329 26 138 35 222 384 349 204 390 53 171 76 189 198 312 159 323 308 150 101 64 5 163 235 108 110 133 137 97 116 63 370 396 318 335 81 399 262 162 
376 366 341 55 363 283 107 280 377 199 177 265 47 70 142 259 7 302 22 26 141 139 73 373 90 313 31 130 253 185 175 
377 26 388 177 270 376 381 251 232 401 76 198 185 154 374 203 383 97 14 322 226 233 254 371 22 364 170 349 64 62 285 138 257 159 118 344 192 133 246 244 38 135 272 89 141 369 12 187 21 351 
378 316 174 195 142 205 46 121 122 118 182 284 61 53 312 247 394 349 36 320 321 240 169 66 126 237 403 11 220 273 137 233 47 133 50 92 184 
379 251 152 289 67 135 398 268 104 3 83 160 352 36 373 367 210 297 339 49 88 206 396 17 59 14 355 184 193 79 252 115 229 44 353 125 404 1 
380 169 325 198 12 25 8 334 45 401 382 277 100 29 215 278 105 266 248 239 87 180 313 13 17 309 269 208 64 130 38 36 110 400 399 
381 120 140 377 186 167 50 197 198 154 258 338 240 131 278 250 150 71 259 139 132 356 121 38 322 194 282 254 176 385 110 226 403 316 270 242 261 10 349 368 
382 358 197 152 219 165 216 385 339 5 222 333 66 357 398 45 294 380 82 98 37 208 81 229 371 198 83 388 292 49 362 282 110 125 28 51 
383 403 196 99 54 316 259 367 198 94 323 366 377 240 248 243 117 25 335 64 359 336 311 261 274 351 386 309 388 135 206 401 24 299 133 28 330 295 333 358 85 86 59 166 107 170 88 
384 98 312 73 143 102 375 291 5 105 59 81 309 237 270 391 62 370 152 88 0 163 109 398 14 1 82 314 286 125 290 118 218 356 214 3 137 323 230 338 
385 99 117 35 90 395 97 110 80 6 107 255 217 287 124 382 363 308 253 81 54 172 227 321 0 149 351 330 185 135 328 267 47 344 36 111 146 52 51 105 192 246 355 386 168 381 113 141 72 266 290 28 58 373 104 
386 227 37 324 289 126 256 168 162 201 308 89 108 257 39 233 340 211 48 109 81 250 158 383 277 72 360 385 5 265 33 269 239 21 339 395 104 63 247 
387 355 58 59 171 233 324 106 391 69 13 112 178 268 265 47 155 77 146 402 352 172 373 235 84 388 289 369 254 338 46 183 357 261 280 25 43 264 29 42 26 142 395 27 281 
388 377 144 64 403 339 216 112 168 120 247 335 309 324 263 227 328 341 177 374 32 257 298 387 14 383 206 82 8 48 256 61 244 382 56 369 241 148 159 128 340 301 217 401 306 316 323 
389 230 144 321 248 289 142 349 128 146 290 252 190 335 178 172 318 356 118 370 270 11 57 76 35 371 241 132 89 167 107 98 219 347 390 135 275 109 288 267 245 353 12 211 
390 58 347 116 143 103 201 94 179 138 66 199 48 93 375 290 266 280 322 302 22 109 358 118 5 88 225 368 351 389 187 312 313 130 127 174 236 373 153 291 154 90 31 
391 282 290 299 139 164 158 194 110 387 224 31 168 144 52 322 196 108 207 185 384 2 366 76 283 336 309 346 70 319 72 7 210 358 3 209 203 285 155 
392 309 108 193 194 327 251 354 290 92 175 310 190 125 127 260 269 199 67 344 236 284 223 22 31 255 126 174 91 342 277 34 256 46 225 186 280 405 109 48 267 113 
393 164 37 219 330 107 249 140 268 360 347 151 226 20 328 294 128 301 236 86 245 224 42 398 273 121 267 312 0 231 262 139 
394 331 311 349 277 238 95 106 378 40 21 371 94 280 70 299 13 279 9 109 254 76 84 52 68 223 224 396 28 361 198 348 345 330 297 312 75 294 91 59 
395 385 0 28 336 242 44 284 120 405 164 127 216 5 404 220 91 191 350 27 183 117 260 386 247 387 52 87 230 227 235 
396 344 214 26 335 240 367 170 148 258 121 44 186 227 155 130 103 232 166 225 41 28 305 104 74 233 124 379 4 350 127 153 394 46 238 292 340 35 375 309 62 195 133 368 39 237 34 
397 179 208 301 256 348 110 131 271 37 322 189 202 250 35 273 203 241 342 403 5 326 323 244 158 320 303 295 176 21 108 308 125 231 133 223 228 
398 207 163 185 336 70 354 225 32 154 379 28 342 102 22 61 320 382 137 109 197 307 324 116 293 236 384 192 393 129 297 327 345 263 113 311 42 79 234 340 21 
399 266 86 70 283 16 107 7 14 265 18 158 73 304 346 147 403 126 368 369 24 143 356 358 132 222 15 106 267 310 64 269 375 79 277 405 380 
400 221 219 237 126 118 294 9 101 23 129 231 107 264 303 40 357 236 48 193 284 60 262 210 182 401 58 29 38 99 310 63 37 10 196 257 34 14 380 
401 316 244 178 150 373 245 69 260 61 377 222 162 43 139 204 52 276 336 380 289 171 72 348 41 177 179 278 400 306 121 24 4 383 356 78 342 206 292 304 201 388 25 118 135 167 368 274 247 287 
402 86 54 51 205 263 32 36 233 248 361 101 19 13 387 256 184 136 405 121 108 220 285 224 331 68 271 175 35 230 60 363 249 275 64 293 62 69 156 
403 383 32 84 56 365 318 55 11 388 366 240 314 282 196 136 246 346 399 71 333 73 264 44 397 254 64 40 141 236 142 26 378 165 255 268 58 63 381 80 78 209 18 169 271 
404 184 230 262 256 40 51 168 308 291 331 310 135 97 367 32 125 239 286 363 318 325 245 3 395 176 374 162 180 198 254 326 306 17 163 56 177 279 92 299 138 252 259 27 379 141 
405 43 304 209 248 348 220 120 24 57 173 151 268 73 281 402 395 300 184 29 45 235 284 266 263 288 157 295 191 302 62 331 81 367 255 392 107 103 326 399 
