0 7 
0 4 
0 9 
0 15 
0 10 
0 13 
0 16 
0 11 
0 5 
0 1 
0 6 
0 3 
0 12 
1 6 
1 11 
1 5 
1 9 
1 10 
1 13 
1 16 
1 4 
1 3 
1 0 
1 7 
1 8 
1 15 
1 12 
1 14 
1 2 
2 3 
2 16 
2 12 
2 6 
2 4 
2 11 
2 10 
2 9 
2 15 
2 8 
2 1 
2 14 
2 5 
3 2 
3 5 
3 8 
3 14 
3 15 
3 6 
3 1 
3 9 
3 4 
3 10 
3 16 
3 12 
3 0 
3 11 
3 13 
4 0 
4 15 
4 10 
4 11 
4 2 
4 6 
4 7 
4 1 
4 3 
4 5 
4 12 
4 16 
4 13 
5 16 
5 1 
5 7 
5 13 
5 8 
5 15 
5 3 
5 6 
5 0 
5 10 
5 11 
5 4 
5 9 
5 14 
5 12 
5 2 
6 12 
6 1 
6 2 
6 15 
6 8 
6 5 
6 9 
6 4 
6 10 
6 11 
6 3 
6 0 
6 7 
6 16 
7 0 
7 14 
7 5 
7 15 
7 10 
7 16 
7 9 
7 4 
7 1 
7 6 
7 11 
8 5 
8 13 
8 6 
8 11 
8 3 
8 9 
8 16 
8 1 
8 2 
8 12 
8 14 
8 15 
8 10 
9 0 
9 6 
9 7 
9 1 
9 8 
9 12 
9 2 
9 13 
9 3 
9 5 
9 15 
9 16 
9 14 
10 7 
10 0 
10 4 
10 11 
10 1 
10 2 
10 6 
10 5 
10 13 
10 3 
10 14 
10 8 
10 15 
11 1 
11 10 
11 8 
11 4 
11 2 
11 0 
11 6 
11 14 
11 16 
11 15 
11 5 
11 7 
11 12 
11 3 
11 13 
12 6 
12 2 
12 13 
12 9 
12 16 
12 1 
12 4 
12 8 
12 14 
12 3 
12 11 
12 5 
12 0 
13 5 
13 15 
13 0 
13 8 
13 12 
13 1 
13 9 
13 10 
13 4 
13 3 
13 11 
14 7 
14 3 
14 16 
14 11 
14 1 
14 15 
14 12 
14 2 
14 8 
14 5 
14 10 
14 9 
15 16 
15 7 
15 0 
15 13 
15 4 
15 5 
15 6 
15 3 
15 11 
15 2 
15 1 
15 14 
15 8 
15 9 
15 10 
16 2 
16 15 
16 5 
16 0 
16 7 
16 14 
16 8 
16 1 
16 11 
16 12 
16 4 
16 3 
16 6 
16 9 
