0 13 
0 4 
0 9 
0 16 
0 3 
0 7 
1 6 
1 13 
1 12 
1 8 
1 5 
1 3 
1 11 
1 16 
1 4 
1 2 
2 10 
2 11 
2 8 
2 9 
2 15 
2 4 
2 1 
2 16 
2 12 
3 4 
3 1 
3 13 
3 7 
3 15 
3 10 
3 11 
3 9 
3 0 
3 8 
4 3 
4 0 
4 16 
4 9 
4 10 
4 1 
4 15 
4 2 
4 5 
4 13 
5 1 
5 9 
5 6 
5 13 
5 4 
5 16 
5 15 
6 1 
6 5 
6 12 
6 13 
7 15 
7 10 
7 3 
7 16 
7 0 
7 9 
8 1 
8 11 
8 15 
8 2 
8 3 
9 16 
9 5 
9 15 
9 2 
9 0 
9 10 
9 4 
9 12 
9 13 
9 3 
9 7 
10 2 
10 14 
10 7 
10 11 
10 16 
10 12 
10 9 
10 4 
10 3 
11 14 
11 8 
11 2 
11 10 
11 1 
11 3 
12 15 
12 1 
12 14 
12 16 
12 10 
12 9 
12 2 
12 6 
13 1 
13 0 
13 15 
13 3 
13 5 
13 9 
13 14 
13 4 
13 6 
13 16 
14 11 
14 10 
14 12 
14 16 
14 13 
15 12 
15 7 
15 13 
15 9 
15 8 
15 3 
15 2 
15 4 
15 5 
16 9 
16 14 
16 12 
16 10 
16 4 
16 1 
16 0 
16 2 
16 5 
16 7 
16 13 
