0 10 
0 8 
0 7 
0 14 
0 4 
0 5 
0 13 
0 3 
0 11 
1 12 
1 10 
1 14 
1 11 
1 9 
1 2 
1 6 
1 4 
1 3 
1 7 
1 13 
2 8 
2 11 
2 9 
2 7 
2 1 
2 10 
2 14 
2 12 
2 13 
2 5 
2 6 
3 12 
3 10 
3 13 
3 9 
3 11 
3 1 
3 4 
3 14 
3 0 
3 8 
3 7 
3 6 
3 5 
4 8 
4 0 
4 12 
4 5 
4 10 
4 14 
4 1 
4 6 
4 3 
4 7 
4 13 
4 9 
5 8 
5 12 
5 0 
5 4 
5 14 
5 6 
5 13 
5 9 
5 7 
5 10 
5 2 
5 11 
5 3 
6 5 
6 1 
6 14 
6 4 
6 8 
6 10 
6 7 
6 9 
6 13 
6 3 
6 2 
6 11 
7 0 
7 12 
7 13 
7 2 
7 10 
7 9 
7 14 
7 5 
7 1 
7 6 
7 4 
7 3 
7 8 
8 2 
8 5 
8 4 
8 9 
8 13 
8 14 
8 0 
8 11 
8 12 
8 6 
8 3 
8 7 
9 12 
9 8 
9 10 
9 3 
9 1 
9 2 
9 5 
9 7 
9 6 
9 14 
9 4 
10 13 
10 0 
10 1 
10 3 
10 9 
10 4 
10 7 
10 2 
10 12 
10 14 
10 6 
10 5 
10 11 
11 2 
11 1 
11 14 
11 13 
11 3 
11 8 
11 12 
11 10 
11 0 
11 5 
11 6 
12 1 
12 9 
12 13 
12 3 
12 7 
12 5 
12 4 
12 11 
12 8 
12 2 
12 10 
13 10 
13 12 
13 8 
13 7 
13 11 
13 3 
13 14 
13 5 
13 0 
13 2 
13 4 
13 6 
13 1 
14 1 
14 8 
14 0 
14 11 
14 4 
14 13 
14 5 
14 6 
14 7 
14 2 
14 3 
14 10 
14 9 
