0 12 
0 8 
0 27 
0 28 
1 17 
1 21 
1 29 
2 10 
2 7 
2 13 
2 14 
3 10 
3 21 
3 24 
3 26 
3 15 
4 11 
4 9 
4 17 
4 26 
4 27 
4 12 
4 5 
4 16 
4 24 
5 19 
5 21 
5 11 
5 20 
5 4 
5 28 
5 22 
6 23 
6 14 
6 13 
7 14 
7 29 
7 28 
7 9 
7 12 
7 16 
7 17 
7 22 
7 2 
8 23 
8 0 
8 10 
8 16 
9 4 
9 24 
9 7 
9 12 
9 26 
10 2 
10 3 
10 17 
10 14 
10 26 
10 8 
11 4 
11 14 
11 25 
11 5 
11 29 
11 28 
11 24 
11 27 
12 0 
12 7 
12 4 
12 9 
12 20 
12 17 
13 29 
13 14 
13 26 
13 22 
13 6 
13 19 
13 25 
13 2 
14 7 
14 11 
14 13 
14 10 
14 6 
14 17 
14 16 
14 19 
14 2 
15 28 
15 29 
15 18 
15 21 
15 25 
15 26 
15 3 
16 22 
16 20 
16 7 
16 4 
16 27 
16 14 
16 8 
17 1 
17 10 
17 4 
17 7 
17 23 
17 14 
17 12 
18 26 
18 28 
18 25 
18 15 
19 5 
19 28 
19 13 
19 14 
20 16 
20 5 
20 12 
21 3 
21 22 
21 5 
21 28 
21 1 
21 15 
22 21 
22 16 
22 29 
22 13 
22 7 
22 5 
23 6 
23 29 
23 8 
23 17 
24 9 
24 3 
24 26 
24 11 
24 4 
25 11 
25 18 
25 15 
25 13 
26 18 
26 3 
26 24 
26 4 
26 13 
26 10 
26 15 
26 9 
27 4 
27 0 
27 16 
27 11 
28 15 
28 7 
28 18 
28 21 
28 19 
28 11 
28 5 
28 0 
29 13 
29 7 
29 23 
29 15 
29 11 
29 22 
29 1 
