0 3 
0 22 
0 14 
0 11 
0 26 
0 12 
1 3 
1 21 
1 27 
2 9 
2 14 
3 0 
3 1 
3 25 
3 14 
3 16 
3 24 
3 13 
4 25 
5 27 
6 11 
7 14 
7 12 
7 20 
7 9 
7 28 
8 20 
9 2 
9 21 
9 13 
9 7 
9 10 
10 27 
10 24 
10 9 
11 6 
11 0 
12 26 
12 7 
12 14 
12 0 
13 9 
13 3 
13 29 
14 26 
14 3 
14 7 
14 0 
14 12 
14 2 
15 25 
16 3 
18 20 
18 26 
18 25 
18 19 
19 18 
20 18 
20 8 
20 7 
21 9 
21 1 
22 24 
22 0 
23 29 
24 22 
24 27 
24 3 
24 10 
25 3 
25 26 
25 4 
25 18 
25 15 
26 14 
26 12 
26 18 
26 25 
26 0 
27 10 
27 5 
27 24 
27 1 
28 7 
29 23 
29 13 
