0 6 11 9 2 1 15 14 5 7 10 18 
1 9 0 18 8 11 
2 4 14 18 17 19 10 0 16 7 
3 11 14 15 19 5 4 18 9 10 17 8 
4 2 15 12 3 6 16 17 5 10 7 
5 12 7 15 3 9 14 4 0 8 
6 0 8 12 4 10 15 19 9 
7 5 17 8 19 16 4 0 2 11 9 18 
8 6 7 9 15 1 14 17 5 18 10 3 
9 14 19 16 1 0 5 15 8 6 3 7 
10 11 2 19 12 6 4 17 16 0 3 8 15 13 
11 18 3 10 0 16 1 7 
12 16 5 4 6 14 17 10 13 
13 15 18 12 10 
14 2 9 3 16 12 17 5 0 8 
15 13 16 4 5 3 17 6 9 0 8 10 
16 12 17 15 9 14 11 4 7 2 10 19 
17 16 19 7 15 2 14 12 18 4 10 8 3 
18 2 11 13 17 3 1 8 0 19 7 
19 17 9 3 2 10 7 6 16 18 
