0 14 
0 11 
0 20 
0 19 
0 2 
0 13 
0 12 
0 18 
0 7 
0 4 
0 16 
0 1 
0 6 
0 3 
1 15 
1 9 
1 11 
1 14 
1 6 
1 16 
1 3 
1 13 
1 19 
1 17 
1 10 
1 2 
1 7 
1 4 
1 0 
1 18 
1 5 
2 4 
2 14 
2 11 
2 10 
2 13 
2 5 
2 12 
2 0 
2 1 
2 8 
2 3 
2 20 
2 18 
2 19 
3 15 
3 4 
3 18 
3 6 
3 1 
3 8 
3 7 
3 5 
3 9 
3 2 
3 14 
3 12 
3 0 
4 6 
4 10 
4 7 
4 2 
4 3 
4 13 
4 9 
4 15 
4 1 
4 0 
4 18 
4 20 
5 14 
5 2 
5 11 
5 8 
5 9 
5 13 
5 3 
5 15 
5 18 
5 20 
5 16 
5 10 
5 12 
5 19 
5 7 
5 1 
6 4 
6 18 
6 17 
6 10 
6 15 
6 1 
6 3 
6 8 
6 7 
6 16 
6 13 
6 14 
6 12 
6 9 
6 19 
6 0 
7 13 
7 4 
7 15 
7 20 
7 19 
7 10 
7 16 
7 14 
7 9 
7 6 
7 3 
7 18 
7 1 
7 0 
7 11 
7 5 
7 17 
8 13 
8 10 
8 5 
8 18 
8 11 
8 14 
8 3 
8 6 
8 16 
8 2 
8 20 
8 12 
8 15 
9 1 
9 5 
9 20 
9 7 
9 10 
9 18 
9 3 
9 12 
9 14 
9 6 
9 4 
9 11 
9 19 
9 16 
10 4 
10 8 
10 7 
10 2 
10 6 
10 18 
10 19 
10 1 
10 9 
10 14 
10 16 
10 11 
10 5 
10 15 
11 19 
11 15 
11 1 
11 2 
11 0 
11 5 
11 8 
11 12 
11 10 
11 7 
11 9 
11 17 
11 14 
11 16 
12 19 
12 2 
12 14 
12 13 
12 0 
12 9 
12 8 
12 11 
12 6 
12 17 
12 5 
12 15 
12 3 
12 20 
12 18 
13 7 
13 8 
13 15 
13 2 
13 20 
13 1 
13 14 
13 17 
13 0 
13 12 
13 4 
13 5 
13 18 
13 6 
13 19 
13 16 
14 5 
14 2 
14 0 
14 15 
14 1 
14 17 
14 7 
14 13 
14 12 
14 8 
14 20 
14 6 
14 10 
14 9 
14 3 
14 18 
14 11 
15 11 
15 1 
15 7 
15 13 
15 14 
15 6 
15 3 
15 5 
15 16 
15 20 
15 18 
15 17 
15 8 
15 12 
15 4 
15 19 
15 10 
16 20 
16 18 
16 7 
16 1 
16 17 
16 6 
16 8 
16 10 
16 15 
16 13 
16 5 
16 0 
16 9 
16 11 
17 6 
17 19 
17 14 
17 13 
17 1 
17 16 
17 20 
17 12 
17 15 
17 18 
17 7 
17 11 
18 6 
18 20 
18 16 
18 3 
18 19 
18 8 
18 10 
18 0 
18 13 
18 7 
18 9 
18 5 
18 15 
18 14 
18 17 
18 1 
18 12 
18 2 
18 4 
19 11 
19 7 
19 12 
19 17 
19 18 
19 0 
19 1 
19 10 
19 20 
19 13 
19 9 
19 15 
19 6 
19 5 
19 2 
20 7 
20 18 
20 13 
20 16 
20 0 
20 9 
20 17 
20 14 
20 8 
20 19 
20 5 
20 15 
20 2 
20 12 
20 4 
