0 13 16 18 3 2 10 15 14 17 6 1 11 9 20 12 7 8 19 
1 14 3 7 12 4 18 15 19 9 6 17 0 21 8 10 20 5 
2 5 18 19 20 15 14 0 3 13 11 7 16 17 6 12 8 21 4 10 9 
3 7 14 1 8 0 12 17 18 2 15 10 16 6 19 5 4 
4 8 11 13 10 17 1 14 7 20 15 21 16 6 19 2 9 5 3 12 
5 2 16 18 6 8 7 21 14 13 15 10 9 3 4 19 12 1 
6 12 9 14 10 1 5 0 13 19 2 4 3 8 18 16 17 20 
7 18 13 3 8 1 12 4 20 19 11 2 5 15 17 0 14 10 16 
8 12 4 14 7 3 10 21 17 16 15 19 20 18 5 1 9 2 0 6 11 
9 13 14 6 12 21 20 18 10 16 1 17 0 8 4 5 15 11 2 
10 4 21 9 8 17 0 15 11 13 6 18 19 3 20 16 12 7 5 1 2 
11 4 17 15 18 13 19 10 14 7 2 16 12 0 20 21 9 8 
12 8 6 18 9 1 3 7 15 13 21 20 14 11 16 2 0 19 10 4 5 
13 9 0 4 7 11 21 20 14 12 10 2 15 6 5 16 
14 1 9 6 8 3 4 2 13 0 11 21 12 20 5 19 15 7 
15 11 18 2 21 12 1 10 0 17 4 8 3 13 7 20 19 14 5 9 
16 0 17 5 9 8 2 3 4 11 10 12 19 20 13 21 7 6 
17 11 19 16 4 10 8 3 15 0 18 1 2 21 9 7 6 
18 7 2 12 9 20 11 0 15 1 5 3 19 10 17 8 21 6 
19 2 17 21 20 11 18 1 7 10 8 6 14 15 16 12 3 4 5 0 
20 19 9 2 18 13 4 7 12 8 10 14 15 0 21 11 16 1 6 
21 9 10 19 15 13 8 12 14 4 18 17 5 1 20 11 2 16 
