0 3 
0 21 
0 17 
0 18 
0 22 
0 19 
0 14 
0 20 
0 11 
0 5 
1 16 
1 15 
1 5 
1 7 
1 17 
1 3 
1 19 
1 10 
1 12 
1 4 
2 3 
2 18 
2 4 
2 14 
2 6 
2 16 
2 19 
2 5 
2 11 
3 19 
3 10 
3 0 
3 2 
3 7 
3 21 
3 14 
3 5 
3 6 
3 1 
3 20 
3 8 
4 14 
4 15 
4 8 
4 12 
4 2 
4 5 
4 10 
4 17 
4 18 
4 22 
4 1 
5 11 
5 19 
5 0 
5 1 
5 8 
5 3 
5 18 
5 4 
5 15 
5 17 
5 10 
5 16 
5 2 
5 20 
5 12 
5 14 
6 14 
6 21 
6 15 
6 22 
6 2 
6 18 
6 19 
6 17 
6 3 
7 3 
7 14 
7 17 
7 15 
7 12 
7 1 
7 22 
7 11 
7 18 
7 13 
8 9 
8 15 
8 13 
8 11 
8 4 
8 5 
8 21 
8 22 
8 3 
9 8 
9 16 
9 20 
9 18 
9 11 
9 13 
9 14 
9 10 
10 3 
10 16 
10 20 
10 22 
10 11 
10 15 
10 17 
10 4 
10 5 
10 1 
10 9 
11 13 
11 8 
11 15 
11 5 
11 22 
11 0 
11 10 
11 9 
11 7 
11 2 
11 14 
12 16 
12 4 
12 7 
12 13 
12 15 
12 20 
12 5 
12 1 
12 17 
12 19 
13 11 
13 14 
13 8 
13 21 
13 18 
13 12 
13 9 
13 22 
13 15 
13 17 
13 16 
13 7 
14 13 
14 6 
14 4 
14 7 
14 0 
14 20 
14 2 
14 3 
14 17 
14 9 
14 15 
14 5 
14 11 
15 8 
15 19 
15 1 
15 11 
15 4 
15 7 
15 6 
15 17 
15 10 
15 12 
15 5 
15 13 
15 14 
16 10 
16 1 
16 12 
16 19 
16 9 
16 21 
16 18 
16 22 
16 5 
16 2 
16 13 
17 20 
17 0 
17 7 
17 19 
17 15 
17 10 
17 21 
17 5 
17 14 
17 6 
17 1 
17 4 
17 13 
17 12 
18 2 
18 0 
18 22 
18 13 
18 20 
18 9 
18 5 
18 16 
18 6 
18 19 
18 4 
18 7 
19 3 
19 15 
19 5 
19 0 
19 16 
19 17 
19 22 
19 18 
19 6 
19 1 
19 2 
19 20 
19 12 
20 17 
20 10 
20 18 
20 9 
20 0 
20 14 
20 12 
20 3 
20 5 
20 19 
21 0 
21 13 
21 6 
21 16 
21 3 
21 17 
21 8 
22 0 
22 18 
22 11 
22 10 
22 19 
22 6 
22 7 
22 13 
22 8 
22 16 
22 4 
