0 6 
0 7 
0 22 
1 11 
1 21 
1 12 
1 25 
2 22 
2 19 
2 17 
2 24 
3 14 
3 12 
4 9 
4 13 
5 21 
5 14 
5 9 
5 22 
5 11 
5 24 
6 0 
6 21 
6 19 
6 12 
6 22 
7 20 
7 22 
7 18 
7 0 
7 16 
7 13 
7 24 
8 13 
8 15 
8 16 
8 12 
8 11 
8 22 
8 25 
9 20 
9 13 
9 22 
9 19 
9 5 
9 4 
9 17 
10 18 
10 23 
10 14 
11 1 
11 21 
11 15 
11 8 
11 5 
12 14 
12 6 
12 8 
12 1 
12 3 
12 19 
13 9 
13 17 
13 8 
13 14 
13 18 
13 21 
13 20 
13 7 
13 4 
14 15 
14 5 
14 12 
14 13 
14 3 
14 10 
15 14 
15 11 
15 20 
15 8 
16 20 
16 8 
16 7 
17 13 
17 2 
17 9 
18 24 
18 7 
18 13 
18 10 
19 21 
19 2 
19 6 
19 9 
19 12 
20 7 
20 9 
20 15 
20 16 
20 13 
20 24 
20 22 
21 5 
21 19 
21 6 
21 11 
21 25 
21 1 
21 13 
21 24 
22 2 
22 7 
22 9 
22 5 
22 6 
22 8 
22 0 
22 20 
23 10 
24 18 
24 25 
24 2 
24 7 
24 21 
24 20 
24 5 
25 24 
25 21 
25 1 
25 8 
