0 1 
0 13 
0 12 
0 17 
0 3 
0 19 
0 18 
1 6 
1 0 
1 20 
1 23 
1 8 
1 10 
1 2 
2 26 
2 10 
2 21 
2 3 
2 9 
2 1 
2 11 
2 17 
3 16 
3 2 
3 0 
3 25 
4 5 
4 20 
4 17 
4 24 
4 11 
4 22 
4 10 
5 4 
5 17 
5 25 
5 13 
5 7 
5 20 
6 1 
6 16 
6 19 
6 20 
6 7 
6 21 
6 23 
6 9 
6 8 
7 20 
7 8 
7 6 
7 24 
7 26 
7 22 
7 25 
7 5 
7 14 
8 16 
8 23 
8 22 
8 11 
8 7 
8 15 
8 26 
8 19 
8 1 
8 6 
9 21 
9 24 
9 26 
9 23 
9 2 
9 22 
9 6 
9 11 
10 2 
10 1 
10 14 
10 12 
10 25 
10 4 
11 12 
11 8 
11 24 
11 15 
11 2 
11 4 
11 9 
11 17 
12 24 
12 11 
12 0 
12 20 
12 25 
12 17 
12 10 
12 22 
13 26 
13 18 
13 0 
13 17 
13 5 
13 14 
14 10 
14 13 
14 15 
14 7 
15 8 
15 18 
15 23 
15 25 
15 11 
15 20 
15 24 
15 14 
16 8 
16 6 
16 3 
16 17 
16 20 
16 25 
16 24 
17 16 
17 25 
17 5 
17 13 
17 0 
17 2 
17 26 
17 4 
17 12 
17 18 
17 11 
18 23 
18 13 
18 15 
18 24 
18 20 
18 21 
18 17 
18 22 
18 0 
19 26 
19 6 
19 20 
19 21 
19 8 
19 0 
20 7 
20 19 
20 6 
20 21 
20 1 
20 18 
20 16 
20 12 
20 15 
20 4 
20 5 
20 26 
21 25 
21 24 
21 9 
21 20 
21 19 
21 2 
21 6 
21 18 
22 8 
22 7 
22 9 
22 18 
22 12 
22 4 
23 18 
23 8 
23 15 
23 26 
23 9 
23 1 
23 6 
23 25 
24 21 
24 12 
24 7 
24 18 
24 11 
24 9 
24 16 
24 4 
24 15 
25 21 
25 17 
25 15 
25 5 
25 12 
25 7 
25 23 
25 16 
25 3 
25 10 
26 19 
26 2 
26 13 
26 7 
26 8 
26 23 
26 9 
26 17 
26 20 
