0 25 12 4 
1 3 15 7 11 16 28 18 10 29 20 19 6 8 
2 28 20 3 7 5 25 24 22 4 
3 1 2 20 4 24 19 15 27 5 
4 7 26 9 3 0 11 2 
5 23 24 2 28 8 19 6 3 29 17 
6 23 9 5 22 7 16 1 10 
7 12 10 17 20 28 1 4 2 21 26 29 16 23 6 24 15 19 
8 23 29 21 15 11 19 5 1 
9 27 29 4 18 6 15 21 14 26 22 
10 7 28 20 18 19 1 16 6 
11 24 29 1 23 8 19 14 18 4 
12 26 7 0 24 23 20 18 16 
13 18 20 25 26 23 17 
14 27 21 16 11 9 
15 29 1 8 3 16 9 7 
16 18 14 22 17 1 7 15 27 6 10 12 19 
17 7 16 5 13 
18 13 16 9 11 12 1 10 
19 3 11 8 20 5 21 10 24 7 1 29 16 
20 13 2 7 3 12 19 10 22 28 1 
21 24 14 28 7 8 9 19 
22 27 28 16 29 23 6 2 20 9 
23 8 6 29 5 12 26 11 28 22 7 13 27 
24 11 21 26 12 5 3 2 19 7 
25 0 13 29 2 27 
26 12 13 4 24 7 23 9 
27 9 14 28 22 3 16 25 23 
28 2 7 27 10 21 22 23 5 1 20 
29 15 8 11 23 9 7 25 22 1 19 5 
