0 16 8 1 6 13 18 4 9 10 12 14 5 3 2 11 
1 5 16 18 2 0 9 8 17 4 3 10 12 13 6 
2 14 8 9 5 1 6 7 17 11 3 4 15 12 0 16 10 
3 10 11 9 17 16 18 5 7 1 2 8 12 4 0 
4 10 15 12 1 0 14 2 9 3 6 8 7 18 13 
5 7 1 2 18 3 6 12 9 0 16 13 
6 11 13 17 18 0 2 5 10 9 7 16 4 1 
7 15 5 11 13 14 2 3 10 17 8 6 4 16 12 9 
8 13 2 0 17 18 15 1 12 14 3 7 4 11 16 
9 2 13 3 18 14 1 0 6 5 12 4 17 10 7 
10 11 3 4 14 18 6 13 7 0 1 15 16 12 2 9 
11 10 6 3 7 13 12 2 18 16 8 0 14 17 
12 16 13 4 11 8 5 0 9 3 2 1 10 7 15 
13 8 18 9 6 7 15 12 16 0 11 17 10 14 1 5 4 
14 18 2 10 7 16 9 8 4 13 15 0 11 
15 7 4 13 8 14 2 10 12 
16 12 18 1 0 13 3 14 17 5 6 11 7 10 8 2 
17 8 6 3 16 2 1 13 7 9 11 
18 14 16 13 5 1 6 8 3 9 10 0 11 4 
