0 21 
0 23 
0 14 
0 22 
0 6 
1 12 
1 8 
1 6 
1 11 
1 15 
1 20 
1 9 
2 20 
2 12 
2 4 
2 17 
2 21 
2 5 
3 7 
3 13 
3 16 
3 6 
3 17 
3 15 
3 4 
3 8 
4 13 
4 14 
4 15 
4 2 
4 3 
5 18 
5 2 
5 17 
6 19 
6 3 
6 8 
6 12 
6 1 
6 13 
6 16 
6 17 
6 0 
6 18 
7 3 
7 17 
7 22 
7 18 
8 16 
8 1 
8 6 
8 12 
8 13 
8 19 
8 22 
8 17 
8 3 
9 11 
9 21 
9 23 
9 15 
9 1 
10 17 
10 13 
10 23 
10 22 
10 21 
11 1 
11 12 
11 9 
11 23 
12 20 
12 1 
12 17 
12 14 
12 2 
12 6 
12 8 
12 11 
12 19 
13 3 
13 10 
13 4 
13 6 
13 8 
13 17 
14 12 
14 18 
14 4 
14 0 
14 17 
14 19 
14 16 
14 15 
14 23 
15 19 
15 1 
15 4 
15 3 
15 14 
15 22 
15 16 
15 9 
16 8 
16 3 
16 6 
16 14 
16 15 
16 20 
17 10 
17 12 
17 7 
17 14 
17 23 
17 3 
17 6 
17 2 
17 5 
17 8 
17 13 
17 20 
18 5 
18 14 
18 23 
18 21 
18 6 
18 7 
19 6 
19 15 
19 20 
19 22 
19 14 
19 8 
19 12 
20 12 
20 2 
20 23 
20 19 
20 1 
20 22 
20 16 
20 17 
21 23 
21 0 
21 10 
21 9 
21 18 
21 2 
22 10 
22 19 
22 7 
22 8 
22 15 
22 0 
22 20 
23 21 
23 0 
23 20 
23 18 
23 10 
23 17 
23 14 
23 9 
23 11 
