0 23 
0 15 
0 7 
0 19 
0 16 
0 3 
0 8 
0 6 
0 11 
0 2 
1 21 
1 2 
1 6 
1 18 
1 20 
1 9 
1 8 
1 16 
1 11 
1 7 
1 22 
2 1 
2 8 
2 19 
2 9 
2 17 
2 7 
2 6 
2 16 
2 21 
2 12 
2 0 
3 20 
3 8 
3 17 
3 13 
3 0 
3 14 
3 10 
3 4 
3 19 
3 12 
4 7 
4 17 
4 22 
4 14 
4 15 
4 10 
4 18 
4 19 
4 23 
4 21 
4 12 
4 3 
4 5 
5 8 
5 9 
5 15 
5 17 
5 20 
5 19 
5 13 
5 10 
5 22 
5 16 
5 4 
6 23 
6 11 
6 1 
6 7 
6 22 
6 13 
6 2 
6 0 
6 9 
6 18 
6 10 
7 4 
7 18 
7 12 
7 8 
7 6 
7 11 
7 0 
7 15 
7 9 
7 2 
7 20 
7 19 
7 10 
7 16 
7 1 
7 14 
7 21 
8 5 
8 2 
8 7 
8 10 
8 3 
8 23 
8 1 
8 17 
8 14 
8 22 
8 18 
8 9 
8 0 
9 17 
9 5 
9 15 
9 2 
9 1 
9 21 
9 7 
9 13 
9 18 
9 22 
9 8 
9 6 
10 8 
10 17 
10 4 
10 5 
10 7 
10 13 
10 3 
10 22 
10 15 
10 6 
10 12 
10 21 
11 6 
11 21 
11 7 
11 16 
11 20 
11 1 
11 22 
11 14 
11 13 
11 0 
12 7 
12 17 
12 14 
12 23 
12 4 
12 15 
12 3 
12 20 
12 10 
12 2 
12 18 
13 19 
13 16 
13 5 
13 22 
13 23 
13 6 
13 9 
13 3 
13 10 
13 18 
13 11 
14 16 
14 4 
14 12 
14 22 
14 8 
14 3 
14 17 
14 11 
14 7 
15 22 
15 5 
15 9 
15 0 
15 23 
15 21 
15 7 
15 4 
15 17 
15 16 
15 12 
15 18 
15 10 
16 19 
16 14 
16 13 
16 11 
16 1 
16 0 
16 2 
16 18 
16 15 
16 7 
16 5 
17 4 
17 9 
17 12 
17 5 
17 2 
17 3 
17 10 
17 22 
17 8 
17 19 
17 15 
17 14 
18 7 
18 1 
18 21 
18 4 
18 9 
18 16 
18 8 
18 19 
18 15 
18 13 
18 6 
18 12 
19 16 
19 13 
19 21 
19 2 
19 5 
19 0 
19 4 
19 7 
19 17 
19 23 
19 3 
19 18 
20 22 
20 3 
20 23 
20 1 
20 5 
20 11 
20 21 
20 7 
20 12 
21 1 
21 11 
21 19 
21 15 
21 9 
21 18 
21 20 
21 22 
21 4 
21 2 
21 7 
21 10 
22 20 
22 15 
22 4 
22 6 
22 17 
22 13 
22 14 
22 5 
22 8 
22 21 
22 11 
22 10 
22 9 
22 1 
23 6 
23 0 
23 20 
23 15 
23 8 
23 12 
23 13 
23 4 
23 19 
