0 5 11 14 10 
1 11 9 23 27 4 14 10 
2 21 24 18 
3 5 
4 5 1 22 
5 18 4 0 26 7 6 3 9 28 20 
6 15 26 24 5 12 28 
7 12 22 5 
8 14 9 15 
9 1 15 18 8 5 
10 11 28 22 1 0 
11 10 13 1 19 23 22 0 26 
12 19 7 21 23 6 22 16 14 20 
13 21 11 17 22 20 16 24 27 15 28 
14 8 1 0 12 
15 6 9 16 20 19 13 28 8 
16 24 13 25 15 27 12 
17 13 21 22 28 19 
18 5 27 22 19 9 2 
19 12 11 18 20 17 15 
20 13 19 15 12 5 
21 13 12 17 23 2 26 
22 18 24 13 7 11 17 10 12 4 
23 28 1 11 12 27 21 
24 16 22 6 13 2 
25 16 
26 6 5 27 11 21 
27 18 23 1 26 13 16 
28 23 10 17 6 5 15 13 
