0 18 
0 2 
0 14 
0 16 
1 18 
1 21 
1 13 
2 22 
2 20 
2 6 
2 0 
2 11 
2 21 
3 8 
3 12 
3 14 
4 21 
4 14 
4 9 
4 6 
4 8 
5 21 
5 12 
5 9 
5 18 
5 8 
5 23 
6 22 
6 11 
6 2 
6 21 
6 4 
6 23 
7 19 
7 11 
7 16 
8 3 
8 19 
8 5 
8 15 
8 4 
8 11 
9 11 
9 21 
9 4 
9 20 
9 5 
9 10 
10 13 
10 9 
10 19 
10 16 
10 21 
11 23 
11 7 
11 9 
11 6 
11 2 
11 8 
12 22 
12 5 
12 3 
13 10 
13 15 
13 1 
14 22 
14 4 
14 0 
14 3 
15 19 
15 13 
15 8 
16 19 
16 7 
16 0 
16 10 
16 18 
17 20 
18 0 
18 5 
18 1 
18 16 
18 23 
19 7 
19 15 
19 20 
19 16 
19 8 
19 10 
20 2 
20 9 
20 17 
20 19 
21 4 
21 5 
21 9 
21 22 
21 1 
21 6 
21 2 
21 10 
22 14 
22 12 
22 2 
22 6 
22 21 
23 11 
23 6 
23 5 
23 18 
