0 9 21 13 15 17 23 16 7 6 5 12 2 4 10 22 11 18 24 20 19 8 3 
1 23 12 13 20 6 9 18 2 14 17 5 21 3 22 10 24 7 4 19 16 11 
2 3 21 15 7 8 20 12 10 13 4 5 14 18 0 1 23 16 9 17 6 19 
3 2 16 5 9 13 23 8 12 17 11 24 7 19 20 14 1 21 6 18 22 4 10 0 
4 6 23 2 5 13 24 7 14 8 0 12 11 20 17 10 1 3 18 
5 3 13 16 4 2 17 0 19 8 11 10 7 22 1 15 6 23 14 
6 19 9 4 21 11 1 0 12 17 20 7 5 3 2 15 22 8 13 16 23 
7 11 17 2 9 8 12 10 21 4 0 22 24 18 3 5 20 6 13 1 
8 2 18 7 3 19 23 4 20 16 13 5 9 24 10 11 14 0 6 
9 14 0 24 6 3 7 16 20 1 21 15 23 18 19 8 2 22 
10 22 15 2 7 12 23 0 20 5 13 24 11 8 1 18 4 19 16 17 21 3 
11 7 17 14 23 6 18 22 16 12 3 20 19 0 5 4 10 21 13 8 15 24 1 
12 19 2 20 7 1 10 18 23 3 15 24 6 11 0 14 4 13 16 22 21 17 
13 5 17 3 0 2 1 4 23 8 22 15 20 12 21 10 24 11 7 18 6 19 
14 9 11 15 2 4 20 12 1 21 3 17 16 19 22 8 5 18 23 24 
15 2 14 20 23 10 16 0 12 9 21 13 5 22 6 11 18 19 17 
16 3 19 5 9 15 24 11 0 22 20 17 8 23 2 21 12 14 18 10 1 6 
17 11 7 18 13 21 5 0 3 16 6 1 24 19 2 14 23 4 22 10 12 15 
18 8 17 12 24 11 21 1 22 2 9 0 7 20 19 10 16 13 14 3 23 15 4 
19 6 12 16 8 20 21 11 5 9 3 17 23 24 18 14 10 0 22 2 1 13 15 
20 2 15 12 9 1 19 21 23 8 16 14 11 10 13 22 6 0 3 7 4 18 
21 24 2 23 6 22 0 17 7 20 9 18 19 15 13 14 16 1 11 3 12 10 
22 10 21 24 11 7 18 16 0 13 20 5 1 23 12 15 9 14 19 17 6 3 
23 21 24 1 4 15 11 3 13 8 10 12 20 0 9 16 2 19 17 22 5 14 18 6 
24 9 21 23 18 4 22 16 12 7 3 0 17 10 8 13 19 1 11 14 
