0 4 
0 11 
0 12 
0 5 
0 7 
0 8 
0 6 
0 3 
0 17 
0 1 
0 23 
0 9 
0 22 
0 18 
0 13 
1 12 
1 4 
1 3 
1 13 
1 17 
1 21 
1 14 
1 15 
1 2 
1 23 
1 18 
1 0 
1 7 
1 8 
1 20 
1 11 
1 24 
2 21 
2 13 
2 3 
2 6 
2 1 
2 23 
2 7 
2 12 
2 5 
2 8 
2 15 
2 10 
2 19 
2 22 
3 11 
3 14 
3 20 
3 1 
3 5 
3 15 
3 2 
3 16 
3 19 
3 0 
3 18 
3 13 
3 9 
3 23 
3 17 
3 8 
3 7 
3 6 
3 24 
4 9 
4 24 
4 8 
4 10 
4 0 
4 1 
4 19 
4 5 
4 17 
4 20 
4 21 
4 12 
4 11 
4 23 
4 22 
4 13 
4 16 
4 7 
4 6 
4 14 
5 12 
5 24 
5 17 
5 8 
5 3 
5 9 
5 21 
5 0 
5 10 
5 4 
5 22 
5 15 
5 11 
5 13 
5 6 
5 16 
5 20 
5 2 
5 18 
6 9 
6 7 
6 19 
6 22 
6 20 
6 11 
6 24 
6 23 
6 2 
6 8 
6 0 
6 15 
6 12 
6 5 
6 16 
6 13 
6 4 
6 3 
6 17 
7 8 
7 9 
7 14 
7 15 
7 6 
7 18 
7 23 
7 0 
7 2 
7 20 
7 13 
7 1 
7 21 
7 22 
7 24 
7 12 
7 10 
7 4 
7 3 
8 4 
8 5 
8 7 
8 20 
8 9 
8 16 
8 18 
8 17 
8 6 
8 10 
8 0 
8 12 
8 21 
8 19 
8 24 
8 1 
8 2 
8 23 
8 3 
8 11 
8 15 
9 4 
9 6 
9 7 
9 20 
9 12 
9 5 
9 11 
9 17 
9 15 
9 21 
9 8 
9 3 
9 14 
9 13 
9 10 
9 18 
9 0 
9 24 
10 4 
10 17 
10 5 
10 20 
10 14 
10 19 
10 16 
10 13 
10 8 
10 23 
10 9 
10 12 
10 7 
10 2 
10 18 
11 3 
11 14 
11 19 
11 0 
11 22 
11 18 
11 20 
11 21 
11 9 
11 6 
11 15 
11 5 
11 4 
11 13 
11 12 
11 17 
11 8 
11 23 
11 1 
12 5 
12 1 
12 0 
12 9 
12 22 
12 17 
12 14 
12 16 
12 21 
12 4 
12 8 
12 2 
12 13 
12 19 
12 6 
12 23 
12 20 
12 11 
12 24 
12 7 
12 10 
12 18 
12 15 
13 22 
13 1 
13 16 
13 2 
13 10 
13 14 
13 15 
13 12 
13 11 
13 5 
13 21 
13 3 
13 23 
13 7 
13 4 
13 9 
13 19 
13 6 
13 0 
14 11 
14 24 
14 3 
14 22 
14 7 
14 1 
14 12 
14 17 
14 10 
14 19 
14 13 
14 9 
14 16 
14 23 
14 4 
14 18 
15 7 
15 1 
15 3 
15 9 
15 11 
15 5 
15 17 
15 19 
15 13 
15 6 
15 22 
15 20 
15 24 
15 2 
15 8 
15 12 
16 21 
16 18 
16 13 
16 24 
16 10 
16 12 
16 8 
16 22 
16 3 
16 6 
16 5 
16 4 
16 14 
16 17 
16 20 
16 23 
17 5 
17 10 
17 1 
17 19 
17 12 
17 9 
17 14 
17 4 
17 15 
17 8 
17 23 
17 18 
17 0 
17 11 
17 21 
17 16 
17 3 
17 20 
17 6 
18 11 
18 16 
18 22 
18 7 
18 8 
18 21 
18 24 
18 20 
18 3 
18 17 
18 1 
18 23 
18 9 
18 5 
18 10 
18 12 
18 0 
18 14 
19 11 
19 4 
19 17 
19 6 
19 10 
19 22 
19 15 
19 14 
19 3 
19 12 
19 8 
19 23 
19 21 
19 13 
19 20 
19 24 
19 2 
20 22 
20 3 
20 9 
20 8 
20 11 
20 23 
20 6 
20 10 
20 4 
20 24 
20 18 
20 15 
20 12 
20 7 
20 5 
20 16 
20 1 
20 19 
20 17 
21 2 
21 16 
21 1 
21 11 
21 5 
21 9 
21 4 
21 18 
21 12 
21 8 
21 13 
21 22 
21 24 
21 19 
21 7 
21 17 
22 13 
22 20 
22 14 
22 11 
22 12 
22 24 
22 6 
22 18 
22 5 
22 23 
22 16 
22 19 
22 15 
22 21 
22 4 
22 7 
22 0 
22 2 
23 20 
23 7 
23 6 
23 22 
23 2 
23 24 
23 17 
23 1 
23 12 
23 19 
23 4 
23 13 
23 18 
23 10 
23 3 
23 0 
23 8 
23 14 
23 16 
23 11 
24 5 
24 4 
24 14 
24 22 
24 6 
24 16 
24 20 
24 23 
24 18 
24 21 
24 8 
24 15 
24 12 
24 7 
24 19 
24 9 
24 3 
24 1 
