0 8 24 7 23 5 10 14 27 18 16 15 3 22 13 11 28 17 4 25 21 
1 3 10 2 23 17 7 22 8 4 20 15 13 5 25 21 6 24 28 16 12 9 18 
2 7 10 4 16 1 18 11 8 23 3 12 20 21 5 19 9 26 17 25 28 24 15 
3 26 25 28 1 23 21 7 10 4 6 27 2 22 15 19 9 0 17 18 20 
4 17 2 26 25 3 20 1 28 13 16 7 12 5 27 21 11 22 19 14 8 0 10 
5 15 10 11 13 1 22 0 6 8 21 2 4 23 12 9 16 7 14 
6 11 18 21 26 19 14 3 12 17 8 23 5 15 1 10 13 16 7 25 28 22 24 9 
7 23 2 14 3 1 19 0 24 13 4 17 18 12 10 22 28 27 6 15 5 9 16 21 8 
8 0 14 9 10 23 1 26 24 15 2 18 6 16 5 19 17 13 27 4 11 21 7 
9 8 28 26 21 15 25 19 3 2 10 18 5 24 1 6 7 20 12 
10 27 2 1 28 8 5 3 25 20 12 23 0 26 6 17 7 9 11 15 4 24 
11 6 18 2 19 5 12 14 26 17 15 16 28 13 27 25 22 4 24 0 10 8 
12 17 27 25 11 6 15 2 16 10 7 19 4 13 20 22 18 5 1 21 23 14 9 
13 26 19 21 22 24 1 16 4 7 5 27 12 14 11 17 6 0 8 15 23 
14 8 7 22 23 17 18 6 15 19 16 11 25 20 0 13 27 4 28 12 5 
15 23 26 21 5 25 1 17 24 8 14 28 16 12 11 9 6 20 19 3 0 27 7 13 10 2 22 
16 17 18 2 13 22 4 14 15 19 12 8 20 11 0 23 1 26 6 5 27 21 28 24 7 
17 12 26 28 16 4 1 18 14 22 15 25 6 7 11 21 10 13 3 20 8 2 19 0 
18 16 6 11 2 17 14 27 8 7 22 0 28 12 21 26 9 3 23 1 
19 21 13 7 11 6 22 14 16 20 12 25 15 26 2 3 9 8 4 17 28 
20 28 4 1 10 22 26 2 19 15 14 16 12 23 17 9 3 
21 19 15 3 28 13 6 23 22 25 27 17 9 2 5 1 4 18 24 12 16 26 8 0 7 
22 14 13 1 17 19 16 20 21 5 3 27 18 23 12 7 0 24 11 4 6 28 15 
23 25 15 3 7 1 8 14 21 2 0 10 6 28 27 22 16 5 20 12 18 13 
24 0 13 25 28 27 7 8 15 26 1 22 21 11 6 9 2 16 10 
25 3 23 15 4 24 10 12 17 1 14 21 19 9 11 27 6 26 2 0 
26 27 3 13 15 17 4 8 9 6 24 28 20 11 10 19 16 18 2 25 21 
27 26 12 10 24 18 3 21 22 13 23 0 11 4 15 7 25 14 16 8 
28 3 17 21 10 9 20 4 24 15 26 23 11 18 1 7 6 16 22 14 0 19 2 
