0 5 
0 6 
0 2 
0 7 
0 11 
0 1 
0 14 
0 12 
0 13 
0 4 
0 10 
0 15 
1 7 
1 8 
1 6 
1 9 
1 4 
1 10 
1 0 
1 13 
1 12 
1 3 
1 11 
1 15 
1 2 
2 10 
2 3 
2 11 
2 13 
2 0 
2 6 
2 16 
2 8 
2 7 
2 4 
2 15 
2 14 
2 1 
2 12 
3 5 
3 2 
3 8 
3 10 
3 15 
3 16 
3 12 
3 13 
3 9 
3 1 
3 6 
4 12 
4 13 
4 6 
4 14 
4 1 
4 11 
4 2 
4 0 
5 3 
5 0 
5 12 
5 9 
5 16 
5 6 
5 13 
5 7 
5 15 
5 10 
5 14 
6 12 
6 16 
6 4 
6 1 
6 15 
6 8 
6 0 
6 11 
6 2 
6 5 
6 9 
6 7 
6 3 
6 10 
7 15 
7 1 
7 12 
7 13 
7 16 
7 0 
7 5 
7 10 
7 14 
7 2 
7 6 
7 8 
8 14 
8 9 
8 10 
8 3 
8 1 
8 6 
8 13 
8 2 
8 7 
9 12 
9 8 
9 1 
9 14 
9 5 
9 13 
9 6 
9 15 
9 3 
9 16 
9 10 
10 2 
10 13 
10 12 
10 15 
10 8 
10 14 
10 3 
10 1 
10 7 
10 16 
10 11 
10 5 
10 6 
10 0 
10 9 
11 2 
11 16 
11 6 
11 0 
11 4 
11 15 
11 10 
11 14 
11 1 
12 15 
12 4 
12 6 
12 10 
12 13 
12 9 
12 7 
12 5 
12 3 
12 1 
12 0 
12 16 
12 2 
13 10 
13 4 
13 12 
13 16 
13 7 
13 2 
13 8 
13 3 
13 9 
13 5 
13 1 
13 0 
13 15 
13 14 
14 15 
14 8 
14 4 
14 9 
14 10 
14 0 
14 16 
14 7 
14 11 
14 2 
14 5 
14 13 
15 12 
15 14 
15 10 
15 7 
15 6 
15 3 
15 9 
15 11 
15 16 
15 5 
15 1 
15 2 
15 13 
15 0 
16 13 
16 6 
16 11 
16 7 
16 3 
16 2 
16 5 
16 14 
16 10 
16 15 
16 12 
16 9 
