0 6 
0 7 
0 10 
0 1 
0 12 
0 5 
0 8 
0 4 
0 3 
0 9 
1 9 
1 12 
1 0 
1 4 
1 5 
1 11 
1 6 
1 10 
1 8 
1 7 
2 4 
2 7 
2 6 
2 12 
2 9 
2 8 
2 11 
2 3 
2 5 
3 7 
3 6 
3 11 
3 0 
3 12 
3 2 
3 4 
3 8 
3 5 
4 12 
4 2 
4 9 
4 1 
4 11 
4 10 
4 7 
4 5 
4 0 
4 6 
4 8 
4 3 
5 12 
5 8 
5 1 
5 6 
5 0 
5 4 
5 9 
5 10 
5 11 
5 3 
5 2 
5 7 
6 0 
6 2 
6 8 
6 5 
6 3 
6 1 
6 11 
6 4 
6 10 
6 7 
7 0 
7 12 
7 3 
7 9 
7 2 
7 10 
7 4 
7 11 
7 1 
7 6 
7 5 
8 5 
8 10 
8 12 
8 6 
8 2 
8 1 
8 11 
8 0 
8 4 
8 3 
8 9 
9 1 
9 7 
9 4 
9 2 
9 11 
9 5 
9 0 
9 10 
9 8 
10 8 
10 0 
10 7 
10 4 
10 12 
10 1 
10 5 
10 9 
10 6 
11 12 
11 4 
11 1 
11 9 
11 3 
11 6 
11 8 
11 7 
11 2 
11 5 
12 5 
12 11 
12 7 
12 4 
12 8 
12 1 
12 2 
12 0 
12 10 
12 3 
