0 11 
0 5 
0 3 
0 7 
0 8 
0 6 
1 13 
1 2 
1 12 
1 15 
1 3 
1 7 
1 5 
1 8 
1 10 
1 14 
1 11 
2 1 
2 10 
2 8 
2 4 
2 7 
2 13 
3 4 
3 1 
3 7 
3 0 
3 5 
4 11 
4 3 
4 5 
4 7 
4 13 
4 12 
4 8 
4 10 
4 2 
4 9 
4 14 
4 15 
5 0 
5 7 
5 1 
5 15 
5 4 
5 10 
5 3 
6 11 
6 15 
6 8 
6 7 
6 0 
7 5 
7 1 
7 11 
7 4 
7 3 
7 15 
7 12 
7 2 
7 0 
7 6 
8 15 
8 1 
8 10 
8 4 
8 2 
8 6 
8 12 
8 0 
9 15 
9 11 
9 12 
9 4 
10 2 
10 12 
10 8 
10 5 
10 4 
10 1 
10 11 
11 4 
11 0 
11 13 
11 9 
11 14 
11 7 
11 15 
11 6 
11 12 
11 10 
11 1 
12 1 
12 9 
12 14 
12 4 
12 10 
12 11 
12 13 
12 7 
12 8 
13 1 
13 11 
13 15 
13 4 
13 12 
13 2 
14 11 
14 12 
14 1 
14 4 
15 9 
15 1 
15 8 
15 5 
15 13 
15 11 
15 7 
15 6 
15 4 
