0 24 
0 12 
0 6 
0 18 
0 10 
0 11 
0 9 
0 26 
0 25 
0 16 
0 8 
0 19 
0 4 
0 21 
0 3 
0 14 
0 22 
0 5 
0 23 
0 17 
0 13 
0 20 
1 10 
1 17 
1 5 
1 26 
1 9 
1 16 
1 18 
1 12 
1 25 
1 2 
1 4 
1 3 
1 8 
1 19 
1 21 
1 24 
1 13 
1 14 
1 6 
1 15 
2 20 
2 22 
2 4 
2 17 
2 23 
2 24 
2 11 
2 5 
2 14 
2 1 
2 3 
2 19 
2 21 
2 12 
2 8 
2 10 
2 16 
2 7 
2 18 
2 26 
2 15 
3 9 
3 15 
3 14 
3 20 
3 25 
3 19 
3 1 
3 8 
3 2 
3 0 
3 18 
3 22 
3 17 
3 16 
3 7 
3 4 
3 24 
3 13 
3 21 
4 15 
4 11 
4 23 
4 2 
4 26 
4 8 
4 9 
4 7 
4 1 
4 14 
4 0 
4 22 
4 13 
4 24 
4 20 
4 12 
4 25 
4 3 
4 17 
4 6 
4 16 
5 6 
5 24 
5 17 
5 10 
5 1 
5 12 
5 14 
5 2 
5 18 
5 26 
5 20 
5 25 
5 15 
5 11 
5 19 
5 22 
5 16 
5 0 
5 7 
5 8 
6 5 
6 0 
6 12 
6 18 
6 20 
6 10 
6 8 
6 16 
6 13 
6 11 
6 9 
6 21 
6 7 
6 17 
6 15 
6 24 
6 1 
6 4 
7 12 
7 11 
7 20 
7 17 
7 8 
7 4 
7 25 
7 14 
7 21 
7 6 
7 13 
7 26 
7 3 
7 22 
7 19 
7 10 
7 24 
7 2 
7 9 
7 5 
8 17 
8 21 
8 19 
8 4 
8 7 
8 12 
8 20 
8 11 
8 6 
8 0 
8 3 
8 13 
8 1 
8 10 
8 26 
8 16 
8 2 
8 14 
8 15 
8 9 
8 5 
9 18 
9 1 
9 10 
9 3 
9 0 
9 17 
9 19 
9 4 
9 24 
9 12 
9 14 
9 15 
9 6 
9 22 
9 23 
9 16 
9 8 
9 7 
10 1 
10 0 
10 15 
10 5 
10 9 
10 23 
10 13 
10 22 
10 6 
10 11 
10 14 
10 17 
10 21 
10 19 
10 8 
10 2 
10 7 
10 18 
10 20 
10 24 
11 25 
11 12 
11 7 
11 4 
11 0 
11 18 
11 8 
11 2 
11 22 
11 15 
11 17 
11 10 
11 6 
11 5 
11 14 
11 26 
11 23 
11 24 
12 0 
12 7 
12 11 
12 21 
12 6 
12 15 
12 1 
12 8 
12 5 
12 9 
12 2 
12 4 
12 13 
12 16 
12 20 
12 14 
13 21 
13 23 
13 25 
13 10 
13 26 
13 16 
13 6 
13 24 
13 8 
13 4 
13 7 
13 15 
13 12 
13 3 
13 20 
13 0 
13 1 
13 19 
14 3 
14 19 
14 24 
14 5 
14 2 
14 9 
14 4 
14 7 
14 10 
14 23 
14 11 
14 20 
14 18 
14 17 
14 21 
14 0 
14 8 
14 25 
14 12 
14 1 
14 16 
14 26 
15 10 
15 4 
15 3 
15 12 
15 20 
15 17 
15 11 
15 24 
15 19 
15 9 
15 5 
15 18 
15 25 
15 23 
15 13 
15 22 
15 6 
15 8 
15 1 
15 26 
15 2 
16 18 
16 1 
16 24 
16 13 
16 0 
16 6 
16 26 
16 9 
16 8 
16 3 
16 22 
16 23 
16 5 
16 2 
16 12 
16 25 
16 14 
16 4 
17 8 
17 1 
17 5 
17 7 
17 9 
17 2 
17 15 
17 11 
17 25 
17 10 
17 14 
17 3 
17 6 
17 26 
17 19 
17 18 
17 4 
17 0 
17 22 
18 26 
18 16 
18 0 
18 19 
18 9 
18 1 
18 25 
18 6 
18 11 
18 22 
18 5 
18 15 
18 3 
18 14 
18 10 
18 17 
18 20 
18 2 
19 18 
19 8 
19 22 
19 14 
19 9 
19 3 
19 21 
19 15 
19 0 
19 23 
19 5 
19 10 
19 1 
19 2 
19 17 
19 7 
19 25 
19 13 
19 24 
19 20 
20 2 
20 24 
20 7 
20 3 
20 23 
20 25 
20 8 
20 6 
20 15 
20 5 
20 14 
20 4 
20 21 
20 10 
20 18 
20 26 
20 12 
20 13 
20 0 
20 22 
20 19 
21 8 
21 12 
21 25 
21 13 
21 19 
21 23 
21 7 
21 0 
21 10 
21 6 
21 2 
21 14 
21 20 
21 22 
21 26 
21 1 
21 24 
21 3 
22 2 
22 19 
22 24 
22 10 
22 11 
22 18 
22 26 
22 4 
22 3 
22 5 
22 9 
22 21 
22 15 
22 0 
22 23 
22 16 
22 7 
22 17 
22 20 
22 25 
23 24 
23 4 
23 20 
23 10 
23 13 
23 2 
23 21 
23 19 
23 14 
23 9 
23 11 
23 15 
23 22 
23 16 
23 25 
23 0 
24 0 
24 5 
24 20 
24 23 
24 22 
24 14 
24 2 
24 9 
24 15 
24 16 
24 13 
24 26 
24 4 
24 25 
24 11 
24 7 
24 1 
24 21 
24 3 
24 10 
24 19 
24 6 
25 11 
25 21 
25 20 
25 3 
25 18 
25 13 
25 1 
25 0 
25 7 
25 17 
25 5 
25 26 
25 15 
25 24 
25 4 
25 23 
25 14 
25 16 
25 19 
25 22 
26 18 
26 1 
26 0 
26 4 
26 13 
26 5 
26 24 
26 25 
26 22 
26 11 
26 16 
26 8 
26 21 
26 17 
26 7 
26 20 
26 2 
26 15 
26 14 
