0 20 12 13 15 19 6 18 16 17 21 22 3 2 
1 17 5 3 20 19 13 2 7 11 18 22 16 14 21 4 
2 10 19 16 6 25 22 1 12 26 0 
3 17 7 20 26 1 18 10 0 19 8 23 24 
4 26 21 22 16 5 15 12 10 23 14 13 8 1 24 
5 7 1 8 9 4 26 16 24 14 
6 19 13 2 20 0 25 7 16 24 8 10 18 22 
7 3 9 5 26 16 21 13 25 6 15 24 1 17 18 
8 12 13 15 25 5 18 6 20 11 9 21 3 4 17 
9 7 10 18 5 14 26 8 22 11 
10 17 2 20 9 11 18 23 13 14 3 4 6 16 19 
11 24 10 16 15 1 21 26 8 9 13 
12 8 0 21 16 18 19 4 25 24 2 15 20 23 
13 19 0 8 6 18 21 23 17 24 7 10 15 1 22 4 26 11 
14 24 10 16 15 9 4 20 23 5 1 26 25 
15 0 8 22 7 13 11 4 14 26 12 17 16 
16 2 12 7 11 4 14 0 6 5 26 1 22 17 15 10 
17 10 3 20 1 13 0 18 7 23 16 26 24 15 19 8 22 
18 13 24 9 10 0 12 3 23 8 1 17 6 7 
19 13 2 23 6 25 0 1 12 22 3 17 10 
20 17 0 10 6 3 1 23 8 14 21 26 12 24 
21 4 12 13 7 23 25 22 24 0 11 20 8 1 
22 2 15 4 21 13 0 1 23 19 16 25 6 9 17 
23 19 13 10 21 18 20 4 14 22 25 26 17 3 12 
24 11 14 18 13 7 6 21 12 5 17 20 3 4 
25 26 2 19 8 6 7 21 12 23 22 14 
26 4 25 7 3 5 9 11 16 15 23 20 17 13 14 2 
