0 4 
0 2 
0 3 
0 12 
0 1 
0 10 
0 6 
0 11 
1 9 
1 5 
1 12 
1 11 
1 0 
1 8 
1 10 
1 7 
2 7 
2 8 
2 0 
2 10 
2 12 
2 3 
2 9 
2 5 
2 6 
3 10 
3 6 
3 8 
3 12 
3 5 
3 0 
3 7 
3 2 
3 9 
4 5 
4 6 
4 7 
4 10 
4 11 
4 0 
4 8 
4 12 
4 9 
5 4 
5 6 
5 1 
5 9 
5 3 
5 12 
5 10 
5 11 
5 2 
5 8 
6 3 
6 5 
6 4 
6 7 
6 10 
6 9 
6 0 
6 2 
6 8 
7 2 
7 11 
7 4 
7 6 
7 3 
7 1 
7 8 
7 12 
8 12 
8 3 
8 2 
8 9 
8 1 
8 4 
8 11 
8 10 
8 7 
8 5 
8 6 
9 1 
9 11 
9 8 
9 5 
9 2 
9 6 
9 10 
9 3 
9 4 
10 3 
10 4 
10 2 
10 6 
10 5 
10 0 
10 1 
10 9 
10 12 
10 8 
11 9 
11 7 
11 4 
11 1 
11 5 
11 0 
11 8 
12 8 
12 3 
12 5 
12 1 
12 2 
12 0 
12 4 
12 10 
12 7 
