0 10 24 12 5 18 25 3 19 1 9 6 23 21 
1 10 11 24 3 23 16 17 0 26 12 15 
2 28 15 18 19 4 5 20 27 11 7 3 9 22 26 6 
3 4 8 6 1 11 0 7 12 23 20 17 21 2 15 9 13 
4 3 23 11 2 14 5 22 9 7 24 16 15 27 8 12 18 
5 26 6 2 0 4 12 27 18 7 24 19 22 15 14 
6 15 9 3 7 5 24 18 14 22 13 21 11 0 10 2 
7 13 23 16 28 14 27 6 17 19 15 25 5 4 24 3 2 18 
8 10 18 3 27 22 9 23 28 13 12 15 4 
9 6 18 10 26 8 4 0 13 12 2 3 17 28 
10 1 0 8 14 17 21 9 27 24 23 15 19 20 25 6 16 
11 20 4 1 18 15 3 26 13 2 6 19 24 14 12 
12 27 16 0 14 5 15 22 8 17 3 28 20 13 9 26 25 4 19 1 11 
13 7 17 23 6 19 8 18 11 9 12 25 22 3 
14 18 10 7 16 27 28 6 4 12 17 22 11 15 25 5 
15 21 25 6 26 2 16 10 11 12 7 18 28 4 8 5 27 3 14 1 
16 21 7 12 14 20 26 15 22 18 1 4 23 10 
17 21 19 13 10 7 14 22 20 12 1 23 3 9 
18 14 8 9 2 11 6 0 19 13 16 5 28 15 27 7 4 
19 17 2 7 20 13 10 18 0 23 5 25 11 12 
20 16 11 23 2 19 17 21 10 12 3 26 27 
21 17 15 16 10 23 20 6 26 0 3 
22 8 6 16 27 12 17 4 14 25 5 23 2 13 
23 7 4 20 13 10 24 8 21 1 19 17 26 3 0 22 16 25 
24 0 1 25 10 6 23 5 7 28 4 11 
25 15 26 24 27 0 7 19 22 13 10 23 12 14 
26 5 15 25 16 28 9 11 23 21 1 20 12 2 
27 12 8 7 14 10 25 2 22 5 18 4 15 20 
28 2 7 14 26 8 18 24 15 12 9 
