0 12 
0 5 
0 13 
0 1 
0 3 
0 7 
0 9 
0 11 
0 8 
0 10 
0 6 
1 13 
1 4 
1 10 
1 7 
1 0 
1 2 
1 9 
1 12 
1 6 
1 8 
2 7 
2 8 
2 13 
2 12 
2 4 
2 1 
2 3 
3 6 
3 11 
3 7 
3 0 
3 9 
3 10 
3 8 
3 12 
3 5 
3 2 
4 1 
4 5 
4 11 
4 13 
4 6 
4 8 
4 2 
4 12 
4 9 
4 10 
4 7 
5 7 
5 4 
5 0 
5 13 
5 10 
5 3 
5 6 
5 9 
6 11 
6 9 
6 3 
6 4 
6 13 
6 7 
6 10 
6 8 
6 5 
6 0 
6 1 
7 2 
7 8 
7 5 
7 9 
7 1 
7 3 
7 12 
7 11 
7 10 
7 0 
7 6 
7 4 
8 7 
8 2 
8 9 
8 4 
8 3 
8 6 
8 13 
8 0 
8 1 
9 6 
9 12 
9 7 
9 8 
9 11 
9 3 
9 0 
9 1 
9 10 
9 4 
9 5 
10 11 
10 1 
10 7 
10 12 
10 6 
10 3 
10 9 
10 5 
10 0 
10 4 
11 10 
11 13 
11 6 
11 4 
11 3 
11 7 
11 9 
11 0 
12 0 
12 9 
12 13 
12 7 
12 10 
12 2 
12 4 
12 3 
12 1 
13 1 
13 11 
13 0 
13 2 
13 12 
13 4 
13 5 
13 6 
13 8 
