0 14 13 9 3 6 2 7 4 10 17 5 8 11 
1 13 4 14 8 11 5 7 16 6 10 2 3 9 17 
2 6 5 9 7 8 3 0 12 13 1 15 4 
3 9 0 6 16 2 12 10 17 5 4 1 15 11 
4 5 1 11 10 13 17 12 6 0 16 8 15 7 14 3 2 
5 2 4 6 7 15 13 3 16 12 10 1 0 11 
6 10 16 2 11 5 3 0 4 7 9 1 12 13 8 
7 2 9 5 12 13 0 15 8 6 4 1 11 
8 9 14 13 2 11 1 16 7 10 4 15 0 6 
9 2 8 3 7 0 15 13 10 6 1 
10 6 4 16 15 3 17 14 5 8 9 0 11 13 1 
11 4 6 8 17 1 14 10 15 12 5 7 3 0 16 
12 4 3 7 15 17 5 14 2 11 6 13 
13 1 14 8 0 17 4 15 9 5 7 2 10 12 6 
14 0 8 13 15 1 17 10 12 11 4 
15 13 9 5 10 14 12 16 7 4 8 11 3 2 17 
16 6 3 10 15 8 5 4 17 1 11 
17 13 4 10 3 12 14 11 0 16 1 15 
