0 13 7 6 16 11 18 15 12 23 1 22 19 10 14 9 3 8 4 2 20 25 21 
1 13 24 7 2 0 17 16 14 9 4 10 22 20 25 3 6 5 21 8 15 23 12 
2 19 20 16 21 8 1 15 5 7 4 10 18 22 13 17 24 11 0 12 9 14 25 6 
3 25 12 21 4 14 9 1 7 22 0 20 8 5 11 23 16 6 17 18 15 
4 5 24 13 8 20 17 14 16 7 6 3 2 10 1 15 22 19 18 0 12 25 11 
5 4 22 14 16 10 17 25 18 9 13 24 2 11 15 3 1 23 8 12 6 20 
6 0 9 24 4 25 10 17 14 21 23 20 18 12 1 13 15 5 2 3 19 
7 0 15 14 10 13 8 1 4 22 2 18 9 12 3 21 17 16 24 25 
8 12 25 23 20 4 2 7 16 22 15 24 13 11 14 10 17 0 3 1 5 19 
9 23 17 5 6 13 15 24 7 22 14 1 3 21 18 0 2 11 12 19 
10 16 5 24 7 17 6 2 8 4 0 1 12 21 25 23 15 22 11 
11 21 13 20 0 23 12 25 24 22 16 8 5 17 18 15 2 9 3 4 19 10 
12 8 3 19 25 0 11 15 20 7 10 21 22 18 14 6 13 2 4 16 23 9 5 17 1 
13 24 0 17 11 1 4 23 19 7 9 5 8 25 21 2 16 12 14 6 18 22 15 
14 5 4 7 16 21 25 20 22 17 6 3 8 9 1 23 0 12 24 13 15 2 18 19 
15 17 7 16 0 9 25 2 18 8 23 12 4 19 5 11 14 6 22 1 10 3 13 
16 2 10 21 17 5 20 22 0 14 15 4 8 11 1 13 23 12 18 7 3 25 19 
17 19 15 13 18 16 5 9 4 10 23 14 20 6 1 2 11 8 21 7 12 25 3 
18 22 21 17 19 23 5 0 15 25 7 2 12 6 9 11 4 14 16 24 13 3 
19 17 2 25 18 13 21 12 22 20 24 0 23 15 4 9 11 8 16 14 6 
20 2 21 11 16 8 22 4 14 17 24 12 19 6 1 23 3 25 0 5 
21 11 18 20 16 2 19 3 14 6 13 24 12 9 10 7 17 1 25 23 22 0 
22 23 18 5 20 16 24 14 19 8 7 11 9 0 4 1 2 12 25 3 15 21 13 10 
23 22 9 8 13 18 25 11 17 0 15 19 6 14 20 5 16 24 21 12 1 3 10 
24 13 4 1 10 22 6 9 20 8 5 11 19 21 25 14 2 23 18 7 
25 8 3 19 23 5 14 12 15 6 11 18 13 1 22 24 10 21 20 2 4 0 16 7 17 
