0 5 
0 21 
0 9 
0 23 
0 17 
0 11 
0 12 
0 1 
0 8 
1 19 
1 22 
1 25 
1 3 
1 13 
1 0 
1 8 
2 9 
2 22 
2 4 
2 17 
2 25 
3 14 
3 5 
3 15 
3 17 
3 24 
3 1 
3 21 
3 9 
3 25 
3 18 
3 16 
4 15 
4 19 
4 12 
4 22 
4 11 
4 10 
4 2 
5 0 
5 24 
5 3 
5 16 
5 12 
5 13 
6 24 
6 25 
6 14 
6 15 
7 19 
7 25 
7 10 
7 15 
8 19 
8 12 
8 14 
8 22 
8 17 
8 1 
8 0 
8 13 
9 2 
9 0 
9 10 
9 23 
9 3 
9 11 
9 15 
9 13 
10 16 
10 21 
10 22 
10 9 
10 7 
10 4 
10 26 
11 25 
11 18 
11 24 
11 0 
11 17 
11 9 
11 4 
11 13 
12 17 
12 8 
12 23 
12 4 
12 0 
12 21 
12 5 
12 16 
12 19 
13 16 
13 14 
13 19 
13 18 
13 1 
13 24 
13 22 
13 15 
13 5 
13 11 
13 9 
13 8 
14 3 
14 22 
14 19 
14 13 
14 20 
14 8 
14 18 
14 6 
15 4 
15 3 
15 16 
15 25 
15 13 
15 7 
15 19 
15 6 
15 9 
16 10 
16 13 
16 19 
16 15 
16 5 
16 3 
16 12 
17 12 
17 0 
17 3 
17 21 
17 11 
17 8 
17 2 
18 25 
18 11 
18 13 
18 22 
18 14 
18 3 
18 19 
18 26 
18 21 
19 8 
19 7 
19 16 
19 1 
19 14 
19 13 
19 4 
19 21 
19 18 
19 15 
19 27 
19 23 
19 12 
20 23 
20 24 
20 14 
20 22 
21 0 
21 26 
21 10 
21 23 
21 3 
21 17 
21 25 
21 12 
21 19 
21 18 
22 23 
22 14 
22 2 
22 24 
22 1 
22 10 
22 8 
22 18 
22 4 
22 13 
22 20 
22 26 
22 27 
23 22 
23 0 
23 24 
23 20 
23 12 
23 26 
23 21 
23 9 
23 19 
24 5 
24 25 
24 22 
24 23 
24 20 
24 11 
24 3 
24 6 
24 26 
24 13 
24 27 
25 11 
25 24 
25 18 
25 1 
25 15 
25 21 
25 7 
25 3 
25 6 
25 2 
26 21 
26 23 
26 24 
26 22 
26 27 
26 18 
26 10 
27 24 
27 26 
27 22 
27 19 
