0 9 
0 20 
0 23 
0 24 
0 18 
0 5 
0 26 
0 28 
0 27 
0 14 
0 10 
0 1 
0 4 
0 2 
0 8 
1 12 
1 16 
1 3 
1 5 
1 11 
1 21 
1 6 
1 0 
1 10 
1 26 
1 20 
1 27 
2 14 
2 21 
2 18 
2 19 
2 27 
2 3 
2 9 
2 0 
2 16 
2 11 
2 5 
3 12 
3 1 
3 16 
3 7 
3 17 
3 2 
3 26 
3 5 
3 6 
3 23 
3 18 
3 4 
3 11 
3 21 
3 19 
3 27 
4 27 
4 12 
4 22 
4 8 
4 16 
4 14 
4 0 
4 26 
4 18 
4 28 
4 3 
4 6 
5 17 
5 1 
5 0 
5 14 
5 20 
5 24 
5 3 
5 10 
5 2 
5 26 
5 18 
6 18 
6 28 
6 8 
6 23 
6 12 
6 22 
6 20 
6 17 
6 1 
6 3 
6 13 
6 9 
6 27 
6 14 
6 4 
7 24 
7 21 
7 20 
7 9 
7 8 
7 3 
7 10 
7 17 
7 15 
7 14 
7 23 
7 13 
7 25 
7 18 
7 26 
7 16 
8 22 
8 6 
8 7 
8 19 
8 4 
8 20 
8 14 
8 0 
8 12 
8 9 
8 23 
8 24 
8 15 
8 10 
8 16 
9 0 
9 7 
9 17 
9 11 
9 12 
9 27 
9 15 
9 2 
9 25 
9 23 
9 19 
9 8 
9 10 
9 6 
9 18 
9 24 
9 26 
9 22 
10 24 
10 12 
10 7 
10 0 
10 20 
10 16 
10 18 
10 1 
10 5 
10 21 
10 9 
10 8 
10 23 
11 14 
11 22 
11 27 
11 9 
11 1 
11 25 
11 18 
11 2 
11 28 
11 3 
11 16 
11 23 
11 17 
11 15 
12 1 
12 3 
12 4 
12 20 
12 10 
12 9 
12 28 
12 15 
12 6 
12 23 
12 22 
12 17 
12 19 
12 27 
12 26 
12 14 
12 8 
12 16 
12 25 
12 13 
13 21 
13 17 
13 26 
13 6 
13 28 
13 7 
13 12 
14 11 
14 23 
14 2 
14 19 
14 5 
14 0 
14 17 
14 7 
14 22 
14 8 
14 4 
14 24 
14 12 
14 27 
14 6 
15 12 
15 7 
15 9 
15 20 
15 25 
15 26 
15 18 
15 8 
15 27 
15 11 
16 1 
16 3 
16 4 
16 10 
16 23 
16 21 
16 20 
16 24 
16 2 
16 26 
16 12 
16 11 
16 18 
16 7 
16 8 
17 5 
17 9 
17 12 
17 27 
17 7 
17 14 
17 6 
17 21 
17 3 
17 13 
17 19 
17 11 
17 22 
18 6 
18 0 
18 2 
18 11 
18 10 
18 27 
18 4 
18 22 
18 3 
18 28 
18 20 
18 15 
18 7 
18 16 
18 9 
18 5 
19 26 
19 27 
19 14 
19 8 
19 22 
19 2 
19 12 
19 28 
19 9 
19 17 
19 25 
19 20 
19 24 
19 3 
20 0 
20 7 
20 12 
20 5 
20 6 
20 8 
20 10 
20 15 
20 16 
20 25 
20 18 
20 23 
20 22 
20 19 
20 1 
20 24 
21 7 
21 24 
21 2 
21 13 
21 17 
21 1 
21 16 
21 23 
21 10 
21 3 
22 25 
22 11 
22 8 
22 4 
22 19 
22 6 
22 12 
22 23 
22 14 
22 24 
22 18 
22 20 
22 28 
22 17 
22 9 
23 14 
23 0 
23 26 
23 6 
23 12 
23 22 
23 28 
23 24 
23 27 
23 16 
23 9 
23 7 
23 25 
23 21 
23 3 
23 8 
23 20 
23 11 
23 10 
24 7 
24 10 
24 0 
24 21 
24 25 
24 23 
24 5 
24 22 
24 14 
24 16 
24 8 
24 19 
24 9 
24 20 
24 26 
25 22 
25 24 
25 11 
25 9 
25 15 
25 20 
25 23 
25 19 
25 27 
25 7 
25 12 
26 19 
26 23 
26 0 
26 3 
26 12 
26 13 
26 4 
26 1 
26 16 
26 15 
26 7 
26 9 
26 5 
26 24 
27 4 
27 11 
27 19 
27 2 
27 0 
27 9 
27 17 
27 23 
27 28 
27 12 
27 18 
27 14 
27 25 
27 15 
27 6 
27 1 
27 3 
28 6 
28 0 
28 12 
28 23 
28 19 
28 27 
28 18 
28 4 
28 13 
28 11 
28 22 
