0 11 2 6 8 7 28 10 18 
1 32 36 31 26 35 5 30 10 9 17 13 24 
2 11 0 37 35 8 16 24 12 
3 10 7 19 16 22 27 34 24 
4 26 21 20 32 28 11 10 30 22 
5 32 30 21 1 
6 0 34 15 7 21 18 26 
7 11 24 18 20 3 6 33 19 0 25 
8 10 25 0 20 2 11 36 
9 12 13 34 30 1 
10 3 8 20 14 1 4 0 
11 2 0 21 7 30 35 23 12 8 4 19 15 
12 9 31 16 25 11 33 37 17 13 2 
13 25 22 9 29 15 12 1 14 20 
14 32 23 28 10 36 13 
15 22 18 6 13 37 11 21 
16 12 30 3 2 
17 32 23 29 27 12 25 1 
18 15 28 7 33 36 37 6 29 0 31 19 
19 28 7 3 37 11 18 
20 4 7 21 8 10 28 29 34 13 
21 11 4 27 5 20 29 6 15 
22 15 30 13 3 26 4 
23 11 14 17 34 
24 7 27 34 2 29 26 1 3 
25 35 13 8 12 37 32 7 17 
26 4 1 24 22 6 
27 21 33 24 36 17 35 3 
28 18 19 4 14 20 0 
29 21 35 20 13 17 24 18 
30 11 22 5 37 9 16 1 31 4 
31 1 12 30 36 18 
32 14 1 5 17 4 25 
33 27 7 18 12 
34 6 9 24 20 23 3 35 
35 25 11 37 2 1 29 27 34 
36 1 18 27 8 37 14 31 
37 2 35 30 19 18 25 12 15 36 
