0 3 35 16 8 21 22 39 32 31 26 13 24 6 12 10 38 28 33 23 44 9 19 18 45 11 1 34 5 42 25 27 14 7 30 37 
1 17 46 33 37 35 41 21 6 22 42 27 2 8 9 18 15 5 44 39 7 25 43 29 0 10 12 13 19 4 45 28 30 11 
2 23 33 9 17 30 22 7 42 35 28 18 34 45 36 25 8 3 1 15 26 44 6 14 38 5 4 39 40 43 29 46 11 16 21 20 31 12 27 24 19 32 
3 23 18 0 13 9 36 26 19 35 46 11 22 39 40 14 2 28 6 38 30 41 24 4 12 42 34 44 45 20 31 32 21 16 8 29 25 37 10 43 7 33 
4 32 18 38 12 8 23 20 41 5 6 28 9 7 27 42 40 36 30 3 17 14 22 26 37 31 2 45 25 34 16 1 46 29 10 
5 35 36 24 31 27 17 4 41 19 44 38 34 37 8 18 32 1 16 9 42 22 33 29 2 26 20 11 0 12 23 10 25 14 
6 25 8 45 15 24 43 4 1 44 3 0 38 20 39 35 18 11 36 46 2 9 12 32 30 26 22 10 23 17 19 40 13 
7 45 9 42 40 2 8 33 4 20 22 16 37 23 26 13 34 38 41 12 15 44 1 30 32 0 35 21 46 3 28 36 
8 4 6 13 15 45 7 38 39 40 0 37 21 17 26 33 2 1 5 36 34 42 19 14 28 35 43 9 16 32 25 12 18 3 20 23 31 
9 2 37 7 40 46 3 35 38 11 44 14 21 27 4 24 28 33 18 39 1 20 29 10 25 0 5 12 26 6 8 15 32 43 45 34 13 16 
10 21 46 44 20 16 39 31 40 27 38 0 43 9 11 13 30 23 32 17 42 36 29 26 35 1 25 33 28 22 6 5 3 4 
11 15 9 26 36 31 34 46 3 32 24 25 10 16 6 28 41 18 39 0 35 42 5 23 30 21 2 27 20 19 13 40 38 43 1 45 
12 20 4 15 21 32 18 0 37 7 3 9 31 17 30 6 43 33 22 23 34 40 41 25 1 42 39 8 38 13 5 45 19 26 24 2 27 
13 44 16 3 8 42 45 30 37 43 15 25 38 0 26 31 33 7 20 32 21 10 27 17 19 28 1 12 24 18 41 11 9 34 6 
14 17 34 21 9 31 22 36 23 3 42 24 43 27 35 32 8 4 2 45 30 39 41 29 38 0 37 28 5 
15 11 40 46 12 22 8 29 21 28 6 19 13 37 2 31 24 38 1 16 27 7 43 33 41 34 26 25 9 44 32 23 
16 13 35 34 0 19 31 10 27 29 45 42 7 36 15 5 11 33 25 39 43 46 28 8 18 38 4 41 3 2 24 30 9 
17 14 30 2 1 22 26 27 21 23 5 38 39 32 8 46 20 45 24 43 34 4 31 13 12 42 10 18 25 6 41 
18 3 4 34 31 41 23 2 35 19 12 38 9 1 5 44 6 0 27 11 30 25 32 42 21 24 16 17 8 13 36 46 43 
19 16 42 22 3 29 32 15 26 5 18 44 21 41 40 20 8 43 31 34 23 0 13 33 25 37 36 1 28 12 11 27 6 45 46 2 
20 34 12 35 27 29 10 4 23 39 26 25 33 44 17 7 9 19 43 38 13 6 36 5 28 3 31 22 45 41 8 2 11 24 30 37 
21 10 23 34 46 25 14 17 15 9 32 12 1 28 8 19 0 36 43 31 35 13 44 42 45 30 37 18 24 22 3 40 11 2 41 7 38 
22 29 17 15 40 46 2 31 19 14 41 3 1 0 34 7 24 44 5 4 23 32 12 42 39 6 10 20 21 25 27 37 45 
23 2 3 21 33 41 4 44 17 18 20 26 31 27 14 24 35 28 30 7 34 37 0 10 43 19 22 12 11 6 5 29 8 15 32 
24 39 33 34 5 40 41 32 36 6 42 28 9 37 23 14 11 0 15 27 25 3 17 44 22 35 46 45 18 21 29 13 16 26 20 31 12 2 30 
25 37 6 21 44 20 46 2 28 13 27 33 11 31 41 24 9 43 39 16 45 32 1 40 29 18 15 38 8 10 4 19 12 0 17 34 22 26 3 36 42 5 
26 41 17 38 3 11 27 23 20 19 28 8 33 44 36 29 0 32 13 2 7 43 9 37 4 46 15 5 10 45 39 6 34 24 30 12 25 31 
27 43 20 17 5 16 26 37 9 23 1 10 25 4 24 14 15 13 18 40 38 30 28 45 35 11 0 39 44 32 19 33 2 22 42 12 
28 45 31 15 2 43 4 36 29 24 21 9 26 25 3 37 23 41 0 32 8 34 11 13 35 42 16 20 40 10 27 19 1 30 14 7 38 
29 22 32 20 15 19 46 30 28 16 26 38 9 41 39 43 44 5 25 1 10 36 14 33 37 2 24 23 45 3 4 34 42 
30 37 17 38 2 36 13 29 46 3 4 23 31 10 41 42 12 7 18 14 21 27 6 11 39 26 28 1 0 33 16 20 24 
31 28 18 5 16 22 14 11 23 10 0 15 21 37 45 13 34 25 43 40 30 19 44 17 12 39 4 46 38 3 20 36 42 41 2 24 35 8 26 
32 4 29 45 33 40 35 24 21 19 36 17 12 11 0 26 42 5 46 13 41 28 14 39 10 25 22 18 6 8 7 3 9 34 27 15 2 44 23 
33 2 24 46 1 23 45 43 32 38 34 36 8 26 7 9 20 25 40 13 0 39 16 15 35 19 5 12 29 42 10 37 30 27 3 
34 20 21 14 18 16 24 42 33 11 2 38 5 22 8 31 23 7 17 19 28 44 36 15 37 3 12 0 4 46 26 39 32 25 9 41 29 13 
35 5 16 0 20 9 2 32 3 1 38 18 23 37 42 21 46 41 6 14 24 8 33 43 28 40 45 11 10 27 7 31 
36 5 3 30 24 11 33 32 42 28 2 14 21 26 46 8 4 16 40 37 20 6 34 41 44 10 45 29 31 43 19 18 25 7 
37 30 25 9 1 27 13 8 24 15 5 28 38 31 35 46 7 36 45 12 39 23 26 4 34 40 44 21 29 19 14 3 33 0 22 43 20 
38 43 4 30 44 9 26 33 45 17 34 35 8 13 5 18 29 10 3 37 15 0 20 41 6 40 7 46 39 27 2 25 31 16 14 12 42 11 21 28 
39 24 10 20 17 8 3 41 46 0 9 29 33 6 37 38 25 32 1 16 31 11 14 22 26 2 45 12 34 30 27 42 
40 46 15 43 9 22 24 7 32 44 10 8 3 41 19 33 4 36 45 31 38 35 27 25 37 12 28 2 42 21 11 6 
41 26 23 24 18 4 5 1 22 39 19 40 28 46 29 38 3 25 35 7 32 30 45 15 11 42 36 14 12 31 16 13 20 21 34 17 
42 7 45 19 2 34 13 46 24 36 1 14 44 16 8 4 32 35 3 5 17 30 41 21 28 10 22 11 18 33 40 31 12 0 38 25 39 27 29 
43 40 27 38 33 6 28 13 14 21 10 20 31 19 17 26 25 15 23 46 29 35 8 1 12 16 2 36 9 3 37 11 18 
44 13 10 38 23 9 40 25 19 6 26 5 42 20 2 18 1 24 22 31 0 7 21 34 29 36 3 37 15 27 32 
45 7 28 32 33 42 6 38 8 13 2 16 31 17 40 37 41 25 35 14 21 36 0 24 3 4 26 39 27 9 20 12 29 1 19 22 11 
46 40 10 1 15 9 33 21 22 29 42 3 11 25 30 39 17 36 37 41 35 32 38 6 24 43 26 16 31 34 2 4 18 7 19 
