0 4 36 14 3 16 1 46 8 24 38 44 35 15 13 26 43 41 23 20 12 42 10 18 5 50 34 40 19 45 28 7 32 22 39 47 17 21 11 29 37 6 2 
1 51 33 31 0 14 5 23 32 9 37 28 34 12 6 16 38 20 25 18 15 36 26 11 44 40 39 13 8 2 7 24 27 22 35 17 10 48 43 3 50 29 30 47 
2 15 10 9 38 19 51 31 22 40 16 37 5 39 41 50 11 26 45 46 14 30 7 1 4 17 47 48 25 13 32 33 49 20 12 28 27 36 24 8 3 29 6 0 18 35 43 
3 19 39 5 50 44 23 43 0 17 4 32 25 13 42 47 40 45 38 31 24 41 12 33 28 15 6 22 51 20 48 49 30 36 1 37 21 26 2 10 27 16 29 
4 0 17 32 34 47 49 33 3 39 46 44 48 22 42 29 25 24 20 8 19 43 14 10 26 41 11 15 2 27 6 7 45 9 38 40 50 30 16 28 12 51 21 5 
5 42 3 35 6 1 24 30 37 13 2 45 16 17 21 41 36 34 38 22 19 51 26 50 43 39 25 12 0 44 7 31 46 9 18 32 20 14 27 40 49 8 47 10 33 11 23 48 4 
6 47 33 49 24 26 48 5 14 50 32 18 8 19 1 12 44 25 10 17 35 28 21 36 34 3 22 11 4 39 42 7 15 29 30 37 27 16 45 38 46 2 51 23 0 9 
7 49 14 32 21 41 18 42 36 27 26 43 44 8 23 15 51 24 50 2 1 40 20 45 4 33 6 13 11 19 5 34 12 48 46 9 39 30 38 25 0 31 47 17 29 10 16 
8 22 35 13 18 29 0 39 6 32 31 21 45 34 7 23 19 42 30 36 24 4 33 49 26 1 11 37 14 46 38 44 28 12 51 9 40 2 27 50 5 16 25 47 48 10 
9 2 49 25 1 19 21 41 40 51 23 35 22 32 34 39 47 20 38 16 13 11 27 4 29 7 48 5 45 36 8 31 28 18 30 17 15 6 10 46 
10 43 2 19 40 20 14 15 37 34 18 51 45 22 6 28 36 21 4 41 13 0 38 29 42 49 30 33 35 1 27 47 44 48 26 17 32 50 7 5 3 31 46 23 25 9 8 
11 44 50 19 39 49 20 47 30 2 34 15 45 21 38 41 48 1 51 28 36 25 4 29 43 8 6 9 33 7 40 32 13 42 16 12 37 35 0 31 27 5 17 26 22 46 14 
12 42 33 34 50 30 47 21 16 1 6 18 31 20 24 46 37 3 28 45 13 0 40 19 5 35 32 26 7 17 51 36 2 44 49 41 8 25 4 14 23 29 39 11 43 
13 8 49 19 5 3 46 44 21 39 0 29 51 17 12 45 31 10 48 1 41 37 22 9 34 40 33 7 2 30 27 11 16 38 43 32 50 26 42 20 28 15 18 14 
14 39 7 0 20 10 6 1 34 24 43 15 30 25 33 49 19 44 4 2 38 22 51 41 48 37 31 18 8 35 28 36 29 23 21 26 5 12 47 17 13 46 11 
15 17 2 36 47 27 50 10 24 18 28 38 14 43 23 7 1 41 0 31 16 20 11 34 26 3 4 21 37 48 32 6 25 46 29 42 49 35 13 39 51 45 19 44 9 40 33 
16 26 20 0 17 2 12 39 1 5 34 38 41 15 49 29 42 32 23 45 27 9 35 18 22 24 19 44 43 13 28 40 4 36 33 11 6 47 37 8 51 3 7 50 48 46 
17 15 4 3 47 16 27 48 26 39 5 23 30 21 28 6 31 32 13 37 44 36 25 2 51 43 1 12 41 29 45 20 38 35 10 19 0 7 9 14 18 22 11 42 
18 7 22 8 25 37 27 6 42 15 35 12 10 1 43 30 28 21 44 48 0 23 16 47 14 36 38 26 29 39 5 46 20 51 9 32 40 13 17 2 34 45 
19 3 38 10 48 33 25 39 51 2 11 9 13 24 6 43 8 41 22 5 20 45 14 31 21 4 37 36 12 46 30 26 42 7 16 27 0 32 47 23 35 17 49 29 15 44 50 
20 25 41 32 42 50 16 43 34 10 26 14 51 44 37 31 11 1 12 49 45 38 15 19 4 0 21 9 46 27 7 29 36 3 48 39 2 17 18 5 35 13 30 33 28 22 
21 36 7 33 30 49 12 41 44 34 9 46 8 43 37 5 50 13 22 17 11 29 6 18 19 10 20 23 15 24 26 45 28 31 14 39 3 0 25 40 27 35 4 38 
22 8 31 18 2 45 33 47 4 44 10 36 30 9 5 19 21 37 29 14 32 3 6 13 16 1 42 50 35 48 41 40 43 0 38 27 17 49 11 20 39 
23 3 30 37 1 43 49 17 9 15 33 7 8 50 41 0 29 47 38 16 21 18 25 28 42 19 14 24 36 46 26 12 48 45 6 5 31 27 10 34 32 
24 33 37 6 31 5 14 0 15 19 36 48 12 3 30 35 4 8 7 44 26 1 25 16 21 38 29 46 23 2 47 34 28 45 27 41 49 
25 20 31 33 19 45 39 34 35 18 9 3 1 43 14 4 44 6 28 47 40 27 41 11 38 17 36 42 5 24 23 32 2 29 15 50 51 26 7 12 21 8 10 
26 16 6 31 20 27 30 17 7 28 48 2 46 1 0 15 50 41 5 4 47 8 33 24 42 39 19 18 40 21 25 12 32 29 49 23 10 37 14 13 3 35 43 11 45 38 51 
27 47 45 28 15 17 26 18 7 41 33 51 25 35 29 42 16 4 43 20 38 44 1 9 30 49 19 13 34 10 46 2 40 6 36 39 5 32 8 31 21 3 11 22 23 37 24 
28 27 51 38 40 43 31 45 1 15 32 36 37 26 18 17 25 39 12 10 6 3 11 41 46 23 14 44 21 34 42 0 16 4 8 2 30 48 9 13 47 50 24 33 20 
29 41 8 39 4 37 30 47 13 21 42 23 16 22 11 36 27 20 44 25 10 51 18 50 15 9 24 38 6 33 31 14 40 17 32 26 49 48 34 12 2 1 19 7 0 3 
30 21 12 23 35 5 26 31 42 51 50 22 37 14 38 48 11 17 18 8 29 24 40 33 34 2 19 13 27 10 41 4 7 47 3 6 46 28 44 9 43 20 45 49 32 1 
31 45 25 49 44 22 26 24 1 46 2 28 30 50 20 8 12 48 3 15 33 17 19 13 40 36 14 38 5 42 29 21 41 9 7 35 39 43 27 11 51 34 10 23 32 37 
32 20 7 4 37 35 45 51 1 3 6 39 8 40 28 44 9 17 43 50 34 22 16 33 25 48 15 2 41 11 12 42 19 26 38 46 29 5 0 13 47 27 10 18 49 31 30 23 
33 24 6 12 25 1 21 19 49 44 4 22 35 27 23 46 14 31 37 3 30 8 50 26 32 7 13 43 11 51 10 40 2 29 16 41 42 34 48 20 28 5 15 36 
34 12 4 50 20 25 14 21 51 46 1 37 42 10 8 16 5 11 9 15 30 35 6 32 13 45 0 7 48 39 28 27 49 29 44 33 24 31 36 47 41 18 23 43 
35 48 5 8 32 37 25 30 18 33 41 9 0 24 42 49 6 47 27 36 43 34 45 44 16 50 40 12 14 39 38 1 10 22 20 17 46 19 31 15 26 11 21 2 
36 21 0 15 44 48 38 7 24 37 46 22 28 5 43 8 1 40 35 10 6 19 11 17 29 51 25 45 31 18 20 14 12 16 9 23 2 3 27 39 34 50 33 
37 32 24 35 44 23 20 18 1 5 2 34 10 36 21 29 30 28 50 39 33 12 42 22 17 19 45 13 14 48 8 15 51 47 49 6 26 3 43 16 11 0 27 31 41 
38 19 28 2 36 0 46 15 1 30 5 3 40 16 20 49 11 42 14 9 25 23 41 51 44 27 10 31 18 24 4 35 29 39 32 8 13 7 45 17 48 47 50 22 6 43 21 26 
39 14 3 19 25 4 8 11 32 16 41 2 17 29 43 13 37 40 47 28 51 9 45 5 1 50 26 6 35 18 34 20 38 7 27 21 0 31 15 12 36 42 22 
40 41 48 10 28 46 2 32 9 3 38 39 30 25 36 47 1 31 12 43 42 7 35 13 26 11 4 33 0 29 16 22 49 27 8 5 51 18 21 15 
41 20 48 40 7 29 21 39 9 50 42 27 2 35 5 19 15 16 3 0 23 49 11 26 10 25 4 46 14 38 13 51 28 32 17 30 22 45 31 12 43 33 44 34 47 37 24 
42 5 12 20 7 18 30 34 3 41 4 44 47 46 8 35 29 37 38 0 16 27 25 40 26 43 6 23 10 19 22 31 15 32 28 11 50 45 13 33 51 48 39 17 
43 10 20 3 28 23 48 14 19 21 7 15 25 51 18 36 39 0 32 35 4 5 40 11 27 42 33 17 16 1 13 47 41 22 30 37 50 31 44 38 12 26 34 2 45 
44 3 31 36 11 50 33 37 46 21 20 4 0 22 13 32 7 42 6 25 45 14 18 1 17 24 35 38 5 48 27 29 28 16 12 8 10 30 41 34 43 49 15 19 
45 31 27 25 46 32 22 28 5 49 10 8 3 51 20 44 2 19 11 12 13 39 35 37 16 36 7 48 4 34 21 0 17 41 9 38 42 6 30 15 23 24 26 43 18 
46 45 0 44 31 40 4 34 21 38 13 36 33 42 12 26 2 51 41 20 19 48 28 15 8 5 7 32 24 18 30 27 47 23 49 35 6 10 16 14 11 9 
47 6 27 15 4 17 12 22 3 11 42 29 39 25 35 40 9 23 26 18 2 37 49 50 19 30 10 43 46 38 24 32 28 0 7 16 14 5 34 8 41 1 
48 41 35 19 40 6 36 43 17 4 24 31 30 26 11 13 51 14 18 37 45 44 46 2 15 32 34 7 20 3 9 22 1 29 10 38 28 23 33 5 16 42 8 
49 7 6 9 31 33 4 21 13 23 11 45 20 38 14 35 41 16 8 10 27 47 2 34 3 37 29 12 26 40 46 15 19 44 32 5 30 51 22 24 
50 20 3 12 34 44 15 11 6 31 41 30 2 21 37 23 26 32 5 33 39 7 35 0 25 29 22 47 4 42 13 38 1 43 10 8 28 16 51 36 19 
51 1 28 19 20 32 2 34 30 9 10 43 45 27 13 5 39 11 46 7 14 48 36 41 3 38 25 17 29 37 33 12 8 18 40 4 15 31 6 42 49 16 50 26 
