0 35 
0 61 
0 39 
0 5 
0 33 
0 26 
0 60 
0 52 
0 22 
0 18 
0 16 
0 55 
0 12 
0 51 
0 54 
0 10 
0 63 
0 65 
0 57 
0 20 
0 4 
0 3 
0 43 
0 37 
0 40 
0 34 
0 49 
0 46 
0 27 
0 47 
0 56 
0 32 
0 41 
0 21 
0 53 
0 11 
0 8 
0 42 
0 59 
0 31 
0 64 
0 58 
0 15 
0 6 
0 13 
0 7 
0 48 
0 38 
0 62 
0 9 
0 50 
1 23 
1 12 
1 4 
1 58 
1 3 
1 8 
1 50 
1 31 
1 49 
1 24 
1 61 
1 40 
1 16 
1 60 
1 62 
1 28 
1 30 
1 15 
1 20 
1 36 
1 59 
1 39 
1 5 
1 57 
1 53 
1 6 
1 2 
1 45 
1 37 
1 55 
1 19 
1 32 
1 33 
1 54 
1 44 
1 47 
1 64 
1 13 
1 63 
1 29 
1 38 
1 65 
1 21 
1 48 
2 57 
2 40 
2 60 
2 8 
2 45 
2 28 
2 44 
2 54 
2 4 
2 46 
2 65 
2 50 
2 36 
2 6 
2 15 
2 37 
2 49 
2 25 
2 33 
2 58 
2 53 
2 41 
2 61 
2 31 
2 43 
2 47 
2 42 
2 63 
2 1 
2 12 
2 19 
2 21 
2 11 
2 56 
2 51 
2 62 
2 22 
2 23 
2 16 
2 18 
2 38 
2 55 
2 3 
2 29 
2 7 
2 17 
2 26 
2 32 
3 30 
3 35 
3 51 
3 64 
3 45 
3 9 
3 58 
3 1 
3 20 
3 41 
3 25 
3 22 
3 46 
3 32 
3 8 
3 6 
3 60 
3 36 
3 62 
3 39 
3 44 
3 37 
3 0 
3 18 
3 28 
3 49 
3 59 
3 61 
3 4 
3 52 
3 55 
3 31 
3 17 
3 19 
3 16 
3 65 
3 21 
3 15 
3 47 
3 5 
3 38 
3 53 
3 27 
3 33 
3 2 
3 54 
3 10 
3 7 
3 43 
3 57 
3 14 
3 26 
3 11 
4 30 
4 28 
4 1 
4 21 
4 47 
4 54 
4 2 
4 50 
4 5 
4 58 
4 27 
4 20 
4 11 
4 36 
4 57 
4 19 
4 61 
4 0 
4 24 
4 46 
4 22 
4 3 
4 65 
4 55 
4 63 
4 14 
4 38 
4 29 
4 41 
4 56 
4 60 
4 39 
4 37 
4 23 
4 43 
4 8 
4 6 
4 53 
4 31 
4 17 
4 64 
4 9 
4 62 
4 59 
5 64 
5 44 
5 8 
5 25 
5 9 
5 41 
5 0 
5 4 
5 56 
5 46 
5 24 
5 42 
5 49 
5 48 
5 65 
5 47 
5 22 
5 63 
5 1 
5 57 
5 39 
5 52 
5 27 
5 50 
5 53 
5 43 
5 37 
5 34 
5 35 
5 17 
5 18 
5 30 
5 51 
5 28 
5 40 
5 13 
5 11 
5 3 
5 20 
5 62 
5 32 
5 33 
5 15 
5 31 
5 16 
5 19 
5 7 
5 12 
5 55 
6 10 
6 37 
6 65 
6 32 
6 24 
6 12 
6 50 
6 39 
6 11 
6 2 
6 46 
6 36 
6 23 
6 17 
6 30 
6 38 
6 44 
6 3 
6 21 
6 57 
6 15 
6 62 
6 26 
6 16 
6 51 
6 45 
6 52 
6 1 
6 33 
6 20 
6 22 
6 9 
6 61 
6 28 
6 7 
6 60 
6 34 
6 27 
6 64 
6 48 
6 0 
6 29 
6 13 
6 4 
6 59 
6 42 
6 63 
6 58 
7 9 
7 27 
7 63 
7 38 
7 17 
7 15 
7 42 
7 56 
7 51 
7 49 
7 50 
7 59 
7 64 
7 65 
7 61 
7 29 
7 57 
7 21 
7 62 
7 19 
7 32 
7 22 
7 35 
7 55 
7 60 
7 58 
7 8 
7 24 
7 31 
7 16 
7 34 
7 48 
7 25 
7 6 
7 44 
7 53 
7 39 
7 52 
7 23 
7 14 
7 40 
7 2 
7 3 
7 0 
7 11 
7 5 
7 45 
8 19 
8 13 
8 60 
8 5 
8 33 
8 2 
8 14 
8 47 
8 50 
8 65 
8 1 
8 56 
8 58 
8 24 
8 35 
8 52 
8 37 
8 3 
8 48 
8 12 
8 29 
8 40 
8 22 
8 15 
8 7 
8 46 
8 34 
8 45 
8 27 
8 26 
8 53 
8 16 
8 55 
8 41 
8 57 
8 30 
8 17 
8 32 
8 0 
8 10 
8 9 
8 21 
8 31 
8 54 
8 23 
8 4 
8 43 
8 38 
8 59 
8 42 
8 39 
8 49 
8 36 
9 7 
9 24 
9 47 
9 51 
9 27 
9 5 
9 3 
9 52 
9 10 
9 64 
9 57 
9 34 
9 42 
9 22 
9 41 
9 28 
9 14 
9 13 
9 15 
9 32 
9 60 
9 56 
9 35 
9 39 
9 12 
9 53 
9 61 
9 45 
9 31 
9 17 
9 6 
9 65 
9 33 
9 43 
9 59 
9 29 
9 23 
9 38 
9 48 
9 8 
9 20 
9 0 
9 4 
10 6 
10 18 
10 40 
10 20 
10 59 
10 34 
10 19 
10 50 
10 45 
10 9 
10 64 
10 11 
10 51 
10 29 
10 28 
10 33 
10 30 
10 0 
10 17 
10 57 
10 21 
10 25 
10 36 
10 52 
10 43 
10 60 
10 38 
10 55 
10 53 
10 13 
10 32 
10 58 
10 62 
10 63 
10 16 
10 42 
10 61 
10 54 
10 65 
10 39 
10 26 
10 8 
10 41 
10 22 
10 3 
10 31 
10 24 
10 46 
10 35 
10 56 
11 64 
11 46 
11 39 
11 53 
11 62 
11 10 
11 40 
11 61 
11 52 
11 6 
11 55 
11 14 
11 63 
11 47 
11 4 
11 41 
11 30 
11 15 
11 19 
11 54 
11 59 
11 22 
11 36 
11 20 
11 21 
11 25 
11 2 
11 42 
11 31 
11 32 
11 45 
11 57 
11 43 
11 0 
11 24 
11 5 
11 28 
11 12 
11 38 
11 51 
11 16 
11 33 
11 7 
11 13 
11 3 
12 47 
12 62 
12 1 
12 54 
12 43 
12 23 
12 39 
12 6 
12 35 
12 16 
12 61 
12 0 
12 59 
12 45 
12 37 
12 65 
12 14 
12 30 
12 8 
12 50 
12 15 
12 26 
12 31 
12 9 
12 60 
12 49 
12 63 
12 2 
12 55 
12 32 
12 18 
12 29 
12 51 
12 53 
12 19 
12 28 
12 22 
12 21 
12 13 
12 52 
12 56 
12 11 
12 38 
12 42 
12 41 
12 5 
13 8 
13 17 
13 45 
13 14 
13 41 
13 27 
13 54 
13 56 
13 65 
13 44 
13 55 
13 9 
13 30 
13 31 
13 16 
13 23 
13 46 
13 19 
13 22 
13 34 
13 59 
13 29 
13 15 
13 28 
13 10 
13 33 
13 62 
13 18 
13 24 
13 49 
13 35 
13 21 
13 5 
13 1 
13 64 
13 12 
13 37 
13 25 
13 26 
13 36 
13 6 
13 0 
13 42 
13 63 
13 61 
13 43 
13 11 
13 48 
14 57 
14 27 
14 8 
14 23 
14 16 
14 15 
14 52 
14 13 
14 50 
14 20 
14 11 
14 59 
14 39 
14 24 
14 9 
14 21 
14 43 
14 12 
14 61 
14 45 
14 48 
14 40 
14 58 
14 46 
14 41 
14 18 
14 34 
14 30 
14 17 
14 60 
14 25 
14 4 
14 51 
14 44 
14 42 
14 33 
14 37 
14 55 
14 63 
14 56 
14 7 
14 32 
14 65 
14 64 
14 3 
14 62 
14 36 
15 36 
15 38 
15 20 
15 7 
15 14 
15 62 
15 17 
15 49 
15 42 
15 33 
15 2 
15 37 
15 1 
15 57 
15 11 
15 9 
15 41 
15 6 
15 35 
15 12 
15 48 
15 31 
15 13 
15 8 
15 52 
15 47 
15 30 
15 28 
15 56 
15 51 
15 60 
15 61 
15 63 
15 18 
15 3 
15 53 
15 0 
15 39 
15 19 
15 25 
15 45 
15 59 
15 26 
15 46 
15 5 
15 58 
15 29 
15 50 
15 22 
16 64 
16 44 
16 65 
16 45 
16 18 
16 29 
16 53 
16 14 
16 42 
16 59 
16 55 
16 49 
16 35 
16 50 
16 43 
16 0 
16 12 
16 34 
16 63 
16 1 
16 32 
16 23 
16 21 
16 30 
16 13 
16 57 
16 54 
16 47 
16 19 
16 6 
16 40 
16 28 
16 39 
16 33 
16 56 
16 22 
16 52 
16 24 
16 51 
16 7 
16 60 
16 8 
16 20 
16 10 
16 3 
16 2 
16 41 
16 48 
16 11 
16 5 
16 46 
17 48 
17 13 
17 7 
17 65 
17 26 
17 53 
17 15 
17 35 
17 23 
17 6 
17 31 
17 62 
17 56 
17 44 
17 57 
17 10 
17 54 
17 50 
17 28 
17 36 
17 55 
17 19 
17 27 
17 9 
17 14 
17 25 
17 5 
17 29 
17 41 
17 3 
17 21 
17 18 
17 60 
17 42 
17 61 
17 8 
17 38 
17 64 
17 20 
17 43 
17 52 
17 46 
17 37 
17 34 
17 2 
17 4 
17 39 
17 24 
18 63 
18 10 
18 32 
18 33 
18 16 
18 55 
18 0 
18 27 
18 25 
18 62 
18 23 
18 50 
18 51 
18 19 
18 59 
18 28 
18 52 
18 64 
18 65 
18 29 
18 3 
18 48 
18 41 
18 53 
18 14 
18 20 
18 12 
18 13 
18 40 
18 17 
18 5 
18 22 
18 54 
18 38 
18 39 
18 45 
18 15 
18 42 
18 2 
18 60 
18 34 
18 21 
19 8 
19 10 
19 65 
19 27 
19 46 
19 37 
19 57 
19 11 
19 38 
19 4 
19 18 
19 49 
19 7 
19 13 
19 55 
19 16 
19 17 
19 26 
19 56 
19 23 
19 35 
19 2 
19 21 
19 1 
19 25 
19 48 
19 54 
19 3 
19 40 
19 28 
19 12 
19 20 
19 47 
19 43 
19 59 
19 24 
19 53 
19 64 
19 29 
19 15 
19 45 
19 63 
19 41 
19 33 
19 5 
19 50 
20 32 
20 22 
20 10 
20 60 
20 15 
20 30 
20 49 
20 47 
20 3 
20 14 
20 38 
20 4 
20 1 
20 35 
20 61 
20 0 
20 34 
20 11 
20 39 
20 64 
20 48 
20 25 
20 58 
20 6 
20 42 
20 26 
20 53 
20 62 
20 18 
20 55 
20 16 
20 50 
20 63 
20 57 
20 54 
20 40 
20 19 
20 59 
20 37 
20 17 
20 36 
20 41 
20 56 
20 9 
20 23 
20 5 
20 31 
20 52 
20 27 
20 21 
20 45 
21 31 
21 28 
21 51 
21 4 
21 53 
21 62 
21 24 
21 46 
21 44 
21 64 
21 38 
21 14 
21 16 
21 60 
21 7 
21 34 
21 6 
21 29 
21 10 
21 37 
21 36 
21 45 
21 52 
21 11 
21 50 
21 2 
21 25 
21 33 
21 19 
21 58 
21 17 
21 30 
21 0 
21 13 
21 47 
21 22 
21 54 
21 12 
21 3 
21 63 
21 8 
21 49 
21 42 
21 59 
21 48 
21 65 
21 1 
21 20 
21 32 
21 18 
21 35 
21 61 
21 55 
22 20 
22 48 
22 45 
22 27 
22 52 
22 58 
22 0 
22 61 
22 9 
22 53 
22 36 
22 3 
22 59 
22 5 
22 55 
22 50 
22 54 
22 46 
22 57 
22 7 
22 13 
22 34 
22 8 
22 11 
22 4 
22 39 
22 16 
22 6 
22 41 
22 37 
22 33 
22 23 
22 18 
22 65 
22 40 
22 64 
22 12 
22 35 
22 49 
22 21 
22 42 
22 60 
22 2 
22 10 
22 31 
22 56 
22 38 
22 15 
23 1 
23 26 
23 12 
23 38 
23 39 
23 29 
23 14 
23 25 
23 28 
23 37 
23 42 
23 17 
23 6 
23 18 
23 44 
23 55 
23 52 
23 16 
23 33 
23 13 
23 61 
23 36 
23 58 
23 35 
23 19 
23 45 
23 47 
23 56 
23 22 
23 62 
23 46 
23 34 
23 54 
23 27 
23 65 
23 9 
23 7 
23 4 
23 2 
23 53 
23 31 
23 20 
23 8 
23 59 
23 60 
23 57 
23 50 
23 40 
23 30 
23 51 
24 26 
24 9 
24 34 
24 29 
24 49 
24 56 
24 50 
24 27 
24 6 
24 63 
24 21 
24 30 
24 51 
24 5 
24 41 
24 1 
24 8 
24 28 
24 14 
24 40 
24 60 
24 45 
24 37 
24 4 
24 7 
24 57 
24 43 
24 62 
24 16 
24 31 
24 65 
24 44 
24 54 
24 13 
24 53 
24 11 
24 19 
24 59 
24 58 
24 55 
24 52 
24 61 
24 64 
24 10 
24 48 
24 32 
24 38 
24 17 
25 48 
25 39 
25 36 
25 31 
25 5 
25 23 
25 34 
25 53 
25 64 
25 58 
25 65 
25 18 
25 3 
25 51 
25 2 
25 44 
25 30 
25 54 
25 37 
25 10 
25 55 
25 60 
25 32 
25 20 
25 11 
25 56 
25 17 
25 21 
25 14 
25 41 
25 19 
25 7 
25 28 
25 27 
25 43 
25 35 
25 33 
25 46 
25 52 
25 13 
25 45 
25 15 
25 61 
25 59 
25 50 
26 24 
26 23 
26 48 
26 30 
26 41 
26 17 
26 0 
26 38 
26 63 
26 35 
26 36 
26 34 
26 42 
26 56 
26 51 
26 62 
26 6 
26 12 
26 27 
26 52 
26 19 
26 33 
26 31 
26 49 
26 28 
26 20 
26 8 
26 60 
26 64 
26 32 
26 45 
26 39 
26 10 
26 13 
26 53 
26 40 
26 58 
26 29 
26 15 
26 55 
26 2 
26 46 
26 3 
27 62 
27 7 
27 22 
27 14 
27 9 
27 46 
27 24 
27 40 
27 34 
27 42 
27 48 
27 19 
27 45 
27 64 
27 13 
27 18 
27 58 
27 38 
27 31 
27 4 
27 59 
27 32 
27 65 
27 55 
27 61 
27 28 
27 39 
27 53 
27 26 
27 17 
27 5 
27 54 
27 35 
27 8 
27 0 
27 57 
27 52 
27 37 
27 51 
27 36 
27 25 
27 23 
27 6 
27 29 
27 60 
27 3 
27 49 
27 43 
27 20 
27 41 
27 33 
27 44 
28 32 
28 4 
28 21 
28 34 
28 2 
28 23 
28 51 
28 43 
28 61 
28 24 
28 10 
28 49 
28 44 
28 9 
28 1 
28 60 
28 56 
28 31 
28 17 
28 18 
28 27 
28 59 
28 13 
28 40 
28 65 
28 16 
28 3 
28 52 
28 26 
28 45 
28 50 
28 15 
28 30 
28 6 
28 25 
28 19 
28 5 
28 12 
28 47 
28 54 
28 37 
28 11 
28 53 
28 42 
28 38 
28 58 
28 62 
29 24 
29 16 
29 57 
29 23 
29 65 
29 10 
29 64 
29 62 
29 7 
29 8 
29 21 
29 13 
29 18 
29 46 
29 34 
29 61 
29 36 
29 17 
29 49 
29 53 
29 12 
29 4 
29 44 
29 9 
29 50 
29 42 
29 63 
29 27 
29 56 
29 1 
29 38 
29 54 
29 39 
29 47 
29 30 
29 19 
29 6 
29 2 
29 35 
29 26 
29 31 
29 48 
29 32 
29 15 
29 60 
30 3 
30 4 
30 32 
30 55 
30 59 
30 38 
30 20 
30 26 
30 45 
30 24 
30 37 
30 61 
30 60 
30 6 
30 58 
30 39 
30 1 
30 34 
30 10 
30 13 
30 11 
30 42 
30 12 
30 65 
30 16 
30 25 
30 47 
30 44 
30 40 
30 46 
30 36 
30 62 
30 14 
30 52 
30 15 
30 28 
30 21 
30 5 
30 8 
30 35 
30 53 
30 49 
30 29 
30 31 
30 57 
30 41 
30 63 
30 23 
30 33 
31 25 
31 21 
31 34 
31 56 
31 1 
31 65 
31 37 
31 58 
31 17 
31 27 
31 46 
31 28 
31 51 
31 13 
31 60 
31 35 
31 59 
31 15 
31 2 
31 12 
31 55 
31 26 
31 7 
31 9 
31 50 
31 32 
31 24 
31 48 
31 3 
31 11 
31 0 
31 43 
31 38 
31 33 
31 8 
31 30 
31 23 
31 40 
31 20 
31 22 
31 29 
31 4 
31 54 
31 10 
31 5 
31 52 
31 53 
31 49 
32 20 
32 28 
32 18 
32 30 
32 65 
32 6 
32 35 
32 60 
32 54 
32 56 
32 27 
32 16 
32 3 
32 64 
32 40 
32 9 
32 59 
32 7 
32 37 
32 25 
32 63 
32 31 
32 52 
32 48 
32 36 
32 10 
32 12 
32 1 
32 46 
32 39 
32 26 
32 11 
32 0 
32 58 
32 8 
32 44 
32 62 
32 47 
32 38 
32 34 
32 5 
32 14 
32 50 
32 29 
32 41 
32 33 
32 21 
32 24 
32 2 
33 18 
33 57 
33 8 
33 35 
33 0 
33 53 
33 54 
33 34 
33 44 
33 47 
33 62 
33 10 
33 15 
33 2 
33 50 
33 55 
33 45 
33 23 
33 38 
33 16 
33 26 
33 6 
33 65 
33 13 
33 21 
33 39 
33 58 
33 48 
33 63 
33 22 
33 61 
33 1 
33 9 
33 56 
33 51 
33 43 
33 41 
33 25 
33 14 
33 31 
33 3 
33 52 
33 5 
33 40 
33 60 
33 32 
33 19 
33 11 
33 30 
33 27 
33 64 
34 52 
34 24 
34 55 
34 10 
34 31 
34 28 
34 35 
34 59 
34 25 
34 27 
34 46 
34 9 
34 33 
34 54 
34 16 
34 38 
34 36 
34 47 
34 64 
34 26 
34 30 
34 62 
34 21 
34 41 
34 60 
34 37 
34 61 
34 13 
34 53 
34 22 
34 20 
34 8 
34 0 
34 63 
34 49 
34 14 
34 5 
34 57 
34 29 
34 7 
34 42 
34 50 
34 45 
34 23 
34 58 
34 6 
34 43 
34 51 
34 17 
34 32 
34 40 
34 18 
34 44 
34 56 
34 39 
34 65 
35 55 
35 0 
35 3 
35 62 
35 42 
35 33 
35 34 
35 40 
35 61 
35 64 
35 12 
35 32 
35 16 
35 43 
35 17 
35 46 
35 8 
35 26 
35 60 
35 63 
35 20 
35 45 
35 15 
35 31 
35 7 
35 9 
35 47 
35 44 
35 54 
35 38 
35 57 
35 23 
35 27 
35 19 
35 52 
35 5 
35 56 
35 58 
35 30 
35 13 
35 25 
35 22 
35 53 
35 65 
35 36 
35 29 
35 21 
35 10 
36 25 
36 37 
36 15 
36 50 
36 43 
36 2 
36 61 
36 39 
36 6 
36 38 
36 34 
36 26 
36 22 
36 45 
36 1 
36 4 
36 55 
36 3 
36 17 
36 63 
36 10 
36 40 
36 23 
36 11 
36 21 
36 30 
36 46 
36 32 
36 64 
36 29 
36 41 
36 27 
36 52 
36 42 
36 20 
36 44 
36 65 
36 57 
36 13 
36 35 
36 56 
36 60 
36 49 
36 8 
36 14 
37 6 
37 36 
37 62 
37 23 
37 56 
37 30 
37 31 
37 39 
37 2 
37 19 
37 8 
37 12 
37 15 
37 60 
37 48 
37 47 
37 49 
37 34 
37 63 
37 3 
37 32 
37 25 
37 64 
37 21 
37 24 
37 0 
37 1 
37 5 
37 55 
37 52 
37 27 
37 22 
37 58 
37 50 
37 41 
37 4 
37 20 
37 14 
37 13 
37 17 
37 38 
37 28 
37 45 
37 53 
38 7 
38 15 
38 23 
38 30 
38 56 
38 60 
38 53 
38 26 
38 36 
38 27 
38 34 
38 46 
38 20 
38 50 
38 6 
38 21 
38 51 
38 59 
38 52 
38 19 
38 49 
38 33 
38 41 
38 62 
38 10 
38 63 
38 35 
38 58 
38 54 
38 4 
38 65 
38 45 
38 18 
38 17 
38 9 
38 48 
38 29 
38 31 
38 3 
38 37 
38 32 
38 42 
38 2 
38 1 
38 55 
38 8 
38 12 
38 11 
38 28 
38 22 
38 0 
38 24 
39 25 
39 50 
39 40 
39 12 
39 23 
39 0 
39 52 
39 11 
39 48 
39 6 
39 36 
39 37 
39 14 
39 41 
39 30 
39 64 
39 43 
39 1 
39 58 
39 27 
39 59 
39 3 
39 9 
39 5 
39 55 
39 16 
39 20 
39 22 
39 42 
39 33 
39 54 
39 32 
39 46 
39 57 
39 51 
39 18 
39 4 
39 26 
39 10 
39 7 
39 53 
39 29 
39 15 
39 60 
39 62 
39 44 
39 61 
39 8 
39 17 
39 34 
40 50 
40 44 
40 2 
40 10 
40 39 
40 62 
40 35 
40 27 
40 55 
40 56 
40 11 
40 49 
40 43 
40 1 
40 47 
40 24 
40 45 
40 32 
40 8 
40 64 
40 16 
40 36 
40 28 
40 30 
40 14 
40 42 
40 0 
40 59 
40 18 
40 22 
40 19 
40 53 
40 5 
40 20 
40 26 
40 31 
40 51 
40 7 
40 34 
40 52 
40 58 
40 33 
40 60 
40 57 
40 23 
40 41 
41 54 
41 5 
41 60 
41 26 
41 53 
41 13 
41 24 
41 3 
41 64 
41 55 
41 9 
41 45 
41 39 
41 11 
41 62 
41 48 
41 15 
41 34 
41 42 
41 2 
41 50 
41 38 
41 57 
41 43 
41 61 
41 18 
41 46 
41 14 
41 22 
41 25 
41 17 
41 36 
41 8 
41 0 
41 63 
41 4 
41 33 
41 49 
41 37 
41 10 
41 20 
41 52 
41 56 
41 16 
41 30 
41 32 
41 27 
41 19 
41 40 
41 12 
42 59 
42 35 
42 61 
42 56 
42 16 
42 7 
42 27 
42 23 
42 50 
42 15 
42 5 
42 9 
42 65 
42 45 
42 60 
42 26 
42 30 
42 41 
42 57 
42 40 
42 2 
42 39 
42 48 
42 20 
42 11 
42 34 
42 58 
42 54 
42 10 
42 53 
42 17 
42 14 
42 36 
42 29 
42 0 
42 51 
42 22 
42 18 
42 43 
42 38 
42 21 
42 55 
42 12 
42 13 
42 28 
42 6 
42 8 
43 12 
43 47 
43 58 
43 48 
43 57 
43 36 
43 28 
43 35 
43 40 
43 16 
43 14 
43 39 
43 59 
43 55 
43 10 
43 2 
43 0 
43 60 
43 24 
43 41 
43 46 
43 5 
43 65 
43 62 
43 50 
43 9 
43 49 
43 33 
43 25 
43 63 
43 11 
43 19 
43 31 
43 34 
43 64 
43 17 
43 45 
43 4 
43 42 
43 27 
43 8 
43 56 
43 3 
43 52 
43 13 
44 40 
44 16 
44 5 
44 2 
44 51 
44 65 
44 33 
44 52 
44 54 
44 28 
44 13 
44 21 
44 23 
44 17 
44 6 
44 25 
44 59 
44 3 
44 49 
44 30 
44 35 
44 62 
44 64 
44 24 
44 61 
44 1 
44 60 
44 46 
44 14 
44 29 
44 7 
44 53 
44 32 
44 36 
44 56 
44 39 
44 63 
44 55 
44 34 
44 27 
45 52 
45 22 
45 16 
45 63 
45 2 
45 3 
45 10 
45 30 
45 54 
45 13 
45 27 
45 56 
45 42 
45 41 
45 12 
45 36 
45 40 
45 35 
45 33 
45 14 
45 24 
45 6 
45 21 
45 55 
45 50 
45 9 
45 8 
45 46 
45 47 
45 1 
45 23 
45 28 
45 51 
45 61 
45 49 
45 34 
45 26 
45 11 
45 38 
45 48 
45 53 
45 65 
45 18 
45 64 
45 43 
45 59 
45 57 
45 25 
45 15 
45 19 
45 60 
45 20 
45 37 
45 7 
46 11 
46 27 
46 52 
46 2 
46 51 
46 5 
46 19 
46 34 
46 53 
46 6 
46 21 
46 60 
46 35 
46 38 
46 31 
46 55 
46 3 
46 22 
46 63 
46 13 
46 30 
46 64 
46 8 
46 4 
46 65 
46 0 
46 43 
46 45 
46 29 
46 36 
46 14 
46 41 
46 58 
46 32 
46 23 
46 39 
46 59 
46 44 
46 47 
46 54 
46 62 
46 25 
46 48 
46 17 
46 56 
46 15 
46 50 
46 49 
46 10 
46 26 
46 16 
47 12 
47 9 
47 56 
47 43 
47 54 
47 4 
47 8 
47 53 
47 48 
47 20 
47 33 
47 61 
47 34 
47 11 
47 52 
47 40 
47 5 
47 65 
47 59 
47 62 
47 57 
47 37 
47 16 
47 30 
47 35 
47 60 
47 2 
47 64 
47 45 
47 15 
47 23 
47 58 
47 0 
47 49 
47 1 
47 46 
47 19 
47 55 
47 21 
47 28 
47 32 
47 3 
47 50 
47 29 
48 25 
48 22 
48 57 
48 50 
48 17 
48 51 
48 53 
48 43 
48 26 
48 49 
48 39 
48 47 
48 27 
48 56 
48 61 
48 5 
48 65 
48 62 
48 54 
48 63 
48 37 
48 41 
48 8 
48 14 
48 15 
48 59 
48 58 
48 20 
48 18 
48 32 
48 42 
48 31 
48 33 
48 19 
48 7 
48 45 
48 46 
48 9 
48 38 
48 6 
48 21 
48 29 
48 16 
48 0 
48 1 
48 24 
48 13 
49 53 
49 64 
49 24 
49 52 
49 48 
49 20 
49 7 
49 40 
49 55 
49 15 
49 16 
49 1 
49 28 
49 5 
49 2 
49 37 
49 57 
49 19 
49 38 
49 63 
49 59 
49 44 
49 12 
49 0 
49 3 
49 26 
49 34 
49 61 
49 29 
49 47 
49 60 
49 45 
49 13 
49 43 
49 41 
49 22 
49 65 
49 62 
49 30 
49 21 
49 27 
49 54 
49 46 
49 36 
49 8 
49 31 
50 40 
50 39 
50 64 
50 48 
50 10 
50 24 
50 36 
50 8 
50 4 
50 6 
50 2 
50 1 
50 16 
50 14 
50 42 
50 7 
50 60 
50 38 
50 65 
50 18 
50 56 
50 33 
50 22 
50 17 
50 12 
50 63 
50 41 
50 5 
50 62 
50 45 
50 31 
50 21 
50 51 
50 28 
50 34 
50 20 
50 54 
50 58 
50 43 
50 52 
50 37 
50 29 
50 61 
50 59 
50 47 
50 55 
50 53 
50 32 
50 46 
50 23 
50 15 
50 19 
50 25 
50 0 
51 53 
51 3 
51 9 
51 21 
51 48 
51 44 
51 56 
51 46 
51 28 
51 24 
51 7 
51 10 
51 64 
51 63 
51 58 
51 25 
51 0 
51 65 
51 38 
51 57 
51 31 
51 26 
51 54 
51 18 
51 6 
51 62 
51 16 
51 50 
51 45 
51 27 
51 15 
51 5 
51 33 
51 39 
51 12 
51 14 
51 42 
51 2 
51 34 
51 52 
51 40 
51 11 
51 23 
52 45 
52 58 
52 34 
52 54 
52 49 
52 55 
52 39 
52 22 
52 9 
52 46 
52 14 
52 0 
52 11 
52 44 
52 59 
52 47 
52 8 
52 23 
52 57 
52 64 
52 38 
52 65 
52 18 
52 56 
52 26 
52 5 
52 10 
52 6 
52 61 
52 15 
52 21 
52 28 
52 63 
52 32 
52 16 
52 53 
52 35 
52 30 
52 37 
52 3 
52 27 
52 36 
52 50 
52 7 
52 25 
52 17 
52 51 
52 12 
52 40 
52 41 
52 33 
52 24 
52 20 
52 43 
52 31 
52 62 
53 49 
53 51 
53 48 
53 11 
53 16 
53 65 
53 38 
53 21 
53 25 
53 33 
53 47 
53 41 
53 17 
53 46 
53 22 
53 56 
53 2 
53 27 
53 1 
53 34 
53 9 
53 57 
53 10 
53 59 
53 5 
53 18 
53 52 
53 63 
53 60 
53 20 
53 8 
53 29 
53 42 
53 24 
53 12 
53 40 
53 45 
53 0 
53 35 
53 44 
53 30 
53 7 
53 39 
53 58 
53 19 
53 23 
53 15 
53 3 
53 26 
53 61 
53 50 
53 62 
53 28 
53 4 
53 31 
53 55 
53 37 
54 41 
54 52 
54 12 
54 47 
54 4 
54 2 
54 61 
54 45 
54 33 
54 13 
54 32 
54 34 
54 44 
54 0 
54 48 
54 62 
54 17 
54 51 
54 65 
54 22 
54 16 
54 25 
54 11 
54 60 
54 55 
54 35 
54 27 
54 38 
54 24 
54 57 
54 39 
54 1 
54 42 
54 19 
54 18 
54 50 
54 10 
54 20 
54 23 
54 46 
54 21 
54 29 
54 59 
54 28 
54 8 
54 49 
54 3 
54 31 
54 63 
54 58 
55 35 
55 34 
55 52 
55 30 
55 40 
55 18 
55 49 
55 16 
55 11 
55 41 
55 0 
55 60 
55 23 
55 46 
55 13 
55 27 
55 22 
55 36 
55 33 
55 43 
55 7 
55 19 
55 17 
55 25 
55 39 
55 54 
55 31 
55 10 
55 45 
55 37 
55 1 
55 12 
55 4 
55 3 
55 20 
55 8 
55 59 
55 58 
55 47 
55 62 
55 14 
55 63 
55 61 
55 56 
55 2 
55 24 
55 50 
55 38 
55 42 
55 26 
55 44 
55 57 
55 53 
55 5 
55 21 
56 47 
56 24 
56 31 
56 42 
56 38 
56 51 
56 5 
56 40 
56 7 
56 37 
56 58 
56 48 
56 8 
56 45 
56 60 
56 13 
56 32 
56 17 
56 61 
56 50 
56 28 
56 26 
56 53 
56 9 
56 52 
56 19 
56 16 
56 25 
56 35 
56 15 
56 23 
56 59 
56 0 
56 33 
56 62 
56 2 
56 4 
56 64 
56 29 
56 46 
56 12 
56 20 
56 14 
56 44 
56 55 
56 36 
56 57 
56 41 
56 43 
56 22 
56 10 
56 34 
57 2 
57 48 
57 14 
57 33 
57 29 
57 59 
57 43 
57 9 
57 19 
57 62 
57 15 
57 52 
57 17 
57 51 
57 7 
57 47 
57 0 
57 4 
57 6 
57 49 
57 16 
57 65 
57 1 
57 22 
57 10 
57 5 
57 42 
57 61 
57 53 
57 41 
57 24 
57 35 
57 60 
57 34 
57 27 
57 54 
57 8 
57 20 
57 39 
57 11 
57 36 
57 45 
57 56 
57 30 
57 23 
57 40 
57 3 
57 55 
58 52 
58 61 
58 43 
58 1 
58 3 
58 22 
58 56 
58 4 
58 25 
58 8 
58 27 
58 31 
58 51 
58 30 
58 62 
58 2 
58 39 
58 64 
58 7 
58 23 
58 48 
58 14 
58 20 
58 38 
58 10 
58 47 
58 33 
58 35 
58 21 
58 46 
58 37 
58 42 
58 55 
58 50 
58 34 
58 32 
58 65 
58 0 
58 53 
58 24 
58 26 
58 40 
58 59 
58 15 
58 28 
58 54 
58 6 
59 42 
59 10 
59 30 
59 34 
59 57 
59 62 
59 16 
59 63 
59 14 
59 52 
59 7 
59 61 
59 12 
59 60 
59 65 
59 22 
59 27 
59 47 
59 38 
59 1 
59 32 
59 18 
59 43 
59 28 
59 39 
59 44 
59 13 
59 31 
59 11 
59 49 
59 48 
59 40 
59 53 
59 3 
59 56 
59 55 
59 46 
59 9 
59 20 
59 19 
59 0 
59 24 
59 50 
59 54 
59 45 
59 15 
59 23 
59 21 
59 6 
59 58 
59 8 
59 25 
59 4 
60 8 
60 2 
60 20 
60 38 
60 62 
60 41 
60 0 
60 56 
60 32 
60 46 
60 50 
60 59 
60 55 
60 30 
60 35 
60 1 
60 42 
60 37 
60 64 
60 28 
60 21 
60 3 
60 34 
60 9 
60 31 
60 24 
60 7 
60 25 
60 10 
60 54 
60 12 
60 47 
60 43 
60 57 
60 14 
60 53 
60 16 
60 26 
60 49 
60 15 
60 17 
60 63 
60 44 
60 4 
60 6 
60 27 
60 22 
60 39 
60 18 
60 45 
60 23 
60 33 
60 40 
60 36 
60 29 
60 65 
61 58 
61 0 
61 42 
61 35 
61 54 
61 36 
61 28 
61 30 
61 11 
61 1 
61 48 
61 47 
61 22 
61 12 
61 59 
61 56 
61 7 
61 14 
61 27 
61 20 
61 63 
61 4 
61 34 
61 23 
61 2 
61 57 
61 52 
61 9 
61 41 
61 3 
61 6 
61 29 
61 49 
61 45 
61 44 
61 33 
61 10 
61 15 
61 17 
61 50 
61 64 
61 55 
61 53 
61 62 
61 24 
61 25 
61 39 
61 13 
61 21 
62 27 
62 12 
62 37 
62 35 
62 40 
62 63 
62 59 
62 60 
62 21 
62 15 
62 11 
62 33 
62 18 
62 17 
62 1 
62 48 
62 57 
62 54 
62 41 
62 29 
62 34 
62 58 
62 47 
62 7 
62 26 
62 3 
62 6 
62 38 
62 44 
62 50 
62 51 
62 24 
62 30 
62 10 
62 20 
62 13 
62 65 
62 56 
62 43 
62 23 
62 46 
62 55 
62 2 
62 49 
62 32 
62 5 
62 39 
62 61 
62 53 
62 0 
62 52 
62 14 
62 4 
62 28 
63 18 
63 7 
63 45 
63 62 
63 24 
63 26 
63 59 
63 51 
63 11 
63 16 
63 5 
63 48 
63 35 
63 0 
63 50 
63 46 
63 61 
63 37 
63 36 
63 49 
63 38 
63 34 
63 32 
63 2 
63 12 
63 52 
63 53 
63 10 
63 4 
63 33 
63 20 
63 60 
63 41 
63 15 
63 43 
63 29 
63 1 
63 21 
63 14 
63 55 
63 44 
63 19 
63 6 
63 13 
63 30 
63 54 
64 11 
64 16 
64 5 
64 49 
64 50 
64 3 
64 35 
64 25 
64 10 
64 9 
64 27 
64 65 
64 41 
64 51 
64 7 
64 34 
64 21 
64 29 
64 32 
64 60 
64 39 
64 52 
64 40 
64 58 
64 18 
64 37 
64 46 
64 20 
64 47 
64 44 
64 36 
64 26 
64 22 
64 1 
64 56 
64 17 
64 6 
64 13 
64 43 
64 45 
64 0 
64 19 
64 61 
64 24 
64 14 
64 4 
64 33 
65 16 
65 32 
65 6 
65 53 
65 19 
65 8 
65 29 
65 17 
65 2 
65 31 
65 44 
65 25 
65 64 
65 5 
65 42 
65 13 
65 50 
65 59 
65 47 
65 48 
65 51 
65 7 
65 27 
65 12 
65 0 
65 30 
65 54 
65 52 
65 57 
65 28 
65 18 
65 46 
65 33 
65 43 
65 4 
65 24 
65 62 
65 9 
65 38 
65 22 
65 58 
65 45 
65 23 
65 10 
65 3 
65 49 
65 36 
65 35 
65 14 
65 21 
65 1 
65 60 
65 34 
