0 7 11 42 9 19 26 43 45 21 67 58 5 66 69 27 28 18 52 17 30 41 34 39 57 56 12 49 53 31 29 23 63 47 3 62 
1 34 27 7 45 10 55 24 14 58 40 12 35 19 13 64 53 8 46 31 16 66 11 26 42 62 47 41 49 43 4 68 60 39 54 44 17 69 29 2 57 3 
2 28 6 22 16 20 32 30 34 48 69 7 51 60 40 36 27 19 54 4 44 59 50 24 23 31 29 58 43 38 13 67 55 47 35 9 65 1 18 26 39 
3 59 23 62 60 66 4 58 14 56 33 20 29 28 41 50 44 22 30 9 39 53 26 17 51 0 1 38 65 
4 26 58 38 41 37 40 3 22 13 27 57 15 59 42 52 9 31 11 45 8 2 56 35 36 46 20 24 43 1 30 32 61 10 62 28 44 60 51 6 33 
5 9 39 29 14 33 6 51 38 40 31 61 48 30 0 23 67 68 24 66 58 43 26 45 57 13 11 35 22 65 41 32 
6 51 42 57 24 5 35 2 55 27 60 37 36 18 38 65 12 46 62 49 22 31 69 17 52 40 10 54 67 9 4 
7 47 54 0 1 15 52 45 18 50 44 27 10 16 58 14 37 2 42 36 39 53 66 31 51 60 20 55 64 24 41 17 49 34 22 11 67 21 38 69 12 8 65 35 
8 69 68 40 26 30 10 53 27 59 54 24 18 48 39 11 61 16 57 63 9 15 34 1 32 25 46 50 21 4 37 45 20 19 23 31 67 55 58 12 51 49 47 29 13 7 14 
9 5 11 0 48 28 44 8 47 68 24 32 26 46 4 29 54 19 61 35 10 12 21 69 59 16 3 66 38 58 15 2 45 34 6 
10 16 58 8 1 42 64 23 61 57 38 7 21 22 59 17 36 34 46 32 9 11 41 39 31 4 51 27 37 6 12 14 15 44 
11 62 9 48 0 32 31 49 8 40 37 64 17 1 56 24 47 59 27 4 44 14 12 41 10 45 5 34 68 53 23 7 19 
12 14 50 58 32 52 64 1 60 39 13 6 17 51 36 41 21 53 45 34 11 9 27 46 19 26 15 18 0 68 61 8 40 49 10 43 42 48 7 
13 65 68 35 67 29 69 14 30 54 37 1 66 31 4 44 48 39 45 12 15 59 25 51 24 50 58 17 5 55 63 23 32 22 2 27 34 43 20 8 64 
14 41 12 38 59 47 25 5 1 28 13 19 52 46 7 51 29 3 18 39 42 32 63 44 11 69 43 35 23 54 10 27 8 22 
15 46 69 7 23 58 43 8 21 24 22 4 17 13 34 45 26 30 62 52 28 12 18 25 67 9 49 60 29 42 10 27 40 61 
16 10 35 68 2 8 52 22 7 21 67 1 44 32 34 31 48 37 20 25 55 45 43 9 40 65 63 62 41 54 26 33 
17 36 62 25 63 38 55 47 19 23 11 66 10 12 21 40 53 0 15 29 51 57 59 46 41 13 6 65 37 56 7 60 61 1 3 45 69 
18 56 44 28 52 25 8 67 7 53 43 45 66 6 30 0 14 26 40 23 69 32 21 15 12 35 48 49 41 29 64 2 58 38 57 27 
19 0 46 60 31 40 42 14 59 1 17 29 64 57 56 28 36 47 2 45 9 50 48 51 8 44 12 30 35 62 27 24 61 66 11 37 53 52 63 
20 64 45 2 34 46 43 41 62 3 33 21 8 16 63 61 7 65 55 4 23 57 29 31 48 66 13 
21 61 43 41 64 47 30 0 40 10 51 57 15 16 36 24 68 59 17 8 53 65 12 20 23 58 66 18 9 37 69 60 27 45 63 7 55 67 
22 49 56 24 43 48 2 61 31 46 16 33 4 10 25 15 63 55 27 28 59 44 6 68 69 3 40 13 5 60 35 51 7 45 34 14 
23 69 3 15 10 47 63 60 5 17 51 52 57 31 18 54 32 29 46 21 8 20 2 28 30 48 49 13 37 68 55 40 0 56 14 36 11 33 50 59 
24 22 1 8 6 56 29 28 43 64 53 15 57 67 9 11 21 33 5 59 25 52 55 13 2 4 36 58 63 7 46 62 68 19 69 
25 14 18 28 32 49 17 57 43 67 22 34 8 13 24 16 69 15 42 35 44 47 56 
26 4 8 62 0 40 45 27 54 65 30 33 43 42 64 67 9 1 18 47 15 29 58 28 5 12 35 16 3 50 2 53 49 52 31 
27 1 8 6 26 62 33 7 49 68 4 0 47 11 22 36 61 2 39 32 12 46 19 37 21 13 10 53 41 63 14 15 18 
28 2 40 18 25 36 14 9 54 61 62 24 45 48 0 29 19 3 30 56 22 38 49 26 23 15 4 59 37 46 58 
29 41 5 13 65 39 46 42 24 37 19 14 62 52 53 28 43 3 9 69 17 23 68 26 33 2 45 31 20 38 0 57 18 44 56 1 15 8 47 
30 66 8 2 13 46 5 21 26 68 43 18 52 42 64 28 0 49 50 51 15 38 31 23 19 55 57 4 33 3 60 41 36 34 44 69 53 
31 60 11 33 64 5 19 44 22 69 13 1 23 49 57 4 16 7 39 68 67 65 51 30 8 2 47 6 62 36 29 37 10 46 0 32 35 20 53 43 26 
32 42 40 11 12 64 59 48 25 2 47 57 54 8 9 43 33 16 14 10 23 27 18 45 65 68 46 13 4 31 66 39 41 5 
33 5 31 27 59 65 68 26 35 57 22 56 47 40 32 69 3 20 53 24 46 41 49 29 52 30 60 51 63 62 23 45 16 4 61 
34 1 2 44 52 8 41 20 42 10 35 25 40 16 59 69 58 0 15 12 39 66 11 63 13 7 9 30 62 47 22 
35 69 43 13 16 6 40 1 33 62 44 34 59 4 9 39 19 18 26 14 5 31 42 22 2 57 25 67 7 
36 67 17 38 47 28 48 51 40 6 21 10 39 61 19 7 43 52 12 54 2 27 49 59 4 65 37 24 31 42 68 30 23 
37 69 66 43 4 13 58 38 29 62 6 11 7 54 53 67 41 16 8 52 40 36 44 21 23 17 27 31 64 10 28 46 19 45 56 50 47 
38 14 54 4 36 61 5 67 41 66 17 37 10 6 59 44 63 28 52 30 43 39 2 29 9 7 53 50 48 3 18 
39 58 41 45 5 40 8 29 44 12 13 36 51 14 52 7 50 46 31 27 60 0 55 61 35 34 38 64 10 1 3 32 53 59 48 2 
40 8 28 32 46 39 5 26 19 1 35 11 4 36 21 53 33 51 63 58 2 18 17 49 34 52 68 50 69 59 37 64 22 16 6 23 12 60 67 15 
41 14 29 39 47 58 56 4 21 38 69 53 49 34 60 20 37 3 45 12 0 68 61 33 54 17 11 1 10 18 66 7 48 16 30 32 27 5 46 51 62 
42 32 50 61 6 0 10 43 55 19 29 66 26 52 45 65 34 1 7 30 14 4 48 49 62 47 46 36 25 35 60 63 15 68 12 57 
43 65 35 63 45 22 21 67 42 37 0 47 15 18 26 24 30 20 62 25 32 29 36 44 60 5 38 64 4 1 14 16 58 2 66 56 59 13 57 12 53 31 
44 49 18 63 45 31 34 9 7 50 39 16 62 13 35 38 57 22 11 60 69 14 43 2 66 19 3 47 37 54 67 55 4 1 29 25 64 30 10 
45 39 1 43 20 46 62 63 26 56 44 7 0 18 28 42 47 60 13 52 51 69 4 41 65 19 8 12 15 32 5 11 16 29 21 48 9 22 17 64 37 33 53 
46 15 45 40 19 54 30 29 22 1 14 20 58 8 55 9 62 39 10 50 49 6 23 33 17 4 12 32 57 60 27 42 24 31 53 61 28 37 69 56 64 41 67 
47 7 41 14 36 21 23 43 32 17 9 59 61 33 45 68 11 19 26 27 1 64 31 44 42 65 66 2 58 60 8 69 25 0 34 29 37 
48 59 11 60 22 32 36 55 8 9 5 64 61 2 13 28 54 42 16 19 65 23 18 41 45 20 68 50 38 62 12 39 
49 22 44 11 50 25 54 27 52 41 31 58 40 64 36 28 46 30 42 6 63 1 33 23 18 69 55 0 7 12 8 15 26 
50 66 12 42 62 49 7 44 51 8 39 46 3 60 19 64 40 30 2 61 13 55 52 48 53 26 23 65 38 37 
51 6 5 58 36 62 52 67 66 21 50 14 23 69 2 40 39 56 54 45 12 17 7 19 31 30 13 60 57 53 10 33 8 22 55 4 3 41 
52 18 63 12 7 34 51 16 49 14 59 42 23 30 29 0 45 39 4 65 36 40 69 68 38 37 24 15 33 6 53 50 66 19 26 
53 8 60 18 67 41 40 1 69 24 37 66 29 7 33 17 21 12 59 51 52 11 27 46 0 3 31 39 50 38 19 45 43 26 30 
54 7 38 8 46 26 13 28 49 58 32 56 37 48 51 36 9 2 23 41 64 63 44 1 16 6 14 62 67 
55 65 59 64 1 48 6 42 17 22 46 67 61 7 39 24 20 16 30 13 8 63 2 23 49 44 50 62 51 21 
56 22 18 41 58 45 24 33 54 11 19 3 51 28 66 4 57 63 61 0 43 17 62 23 29 46 25 37 
57 6 63 10 60 64 8 33 32 21 25 19 69 23 24 4 31 44 17 56 0 66 46 51 58 5 30 20 29 35 1 43 42 18 
58 39 4 41 12 10 56 67 1 51 60 15 37 65 68 54 7 0 3 46 40 49 34 5 21 69 26 24 13 2 57 43 8 9 63 47 28 62 18 
59 55 14 48 8 3 32 33 19 52 47 10 38 64 11 21 4 34 35 62 22 24 17 36 13 2 53 40 9 61 43 28 39 23 
60 31 62 48 19 58 53 57 3 6 23 12 41 2 45 44 50 39 7 43 69 46 51 21 1 33 22 30 4 17 42 61 40 47 15 
61 42 21 63 38 22 67 5 10 8 28 48 47 36 27 55 9 20 41 62 39 56 69 50 4 12 59 46 19 17 60 33 15 
62 11 68 67 60 26 50 45 69 17 3 27 51 37 28 35 29 43 44 20 1 46 59 61 6 42 15 31 19 56 16 4 24 55 66 58 34 33 54 48 0 41 
63 67 43 61 52 44 45 57 17 23 8 40 22 38 14 20 56 49 54 65 13 24 55 16 34 21 33 58 0 42 68 27 66 19 
64 55 20 32 10 21 31 12 67 57 1 48 24 19 11 26 59 66 30 49 50 7 47 65 54 43 40 39 37 46 18 44 45 13 
65 13 55 43 29 26 33 58 42 6 52 45 21 31 20 32 48 64 36 47 63 17 67 16 5 2 50 3 7 
66 50 30 37 38 3 42 13 51 18 0 1 17 53 64 7 56 5 44 21 57 34 43 47 41 9 32 62 20 19 52 63 
67 63 62 36 13 58 43 38 61 18 64 53 51 0 16 5 25 24 26 37 55 31 8 44 65 2 68 15 35 6 7 40 21 54 69 46 
68 8 62 13 16 33 58 27 30 9 5 47 21 41 52 31 40 29 32 22 1 11 36 12 23 67 24 48 63 42 69 
69 8 35 23 15 37 13 62 31 41 53 0 57 2 51 33 45 52 34 29 44 18 40 14 58 60 22 61 9 25 6 21 49 1 46 24 47 7 67 68 17 30 
