0 13 
0 44 
0 46 
0 72 
0 26 
0 63 
0 48 
0 18 
0 25 
0 74 
0 24 
0 54 
0 53 
0 67 
0 69 
0 10 
0 60 
0 61 
0 32 
0 57 
0 68 
0 50 
0 64 
0 45 
0 11 
0 1 
0 51 
0 21 
0 41 
0 29 
0 36 
0 59 
0 27 
0 66 
0 16 
0 42 
0 39 
0 31 
0 56 
0 9 
0 55 
0 75 
0 30 
0 7 
0 58 
0 22 
0 17 
0 34 
0 40 
0 37 
0 20 
0 4 
0 28 
0 38 
0 12 
0 8 
0 71 
0 19 
0 23 
0 43 
0 70 
0 33 
0 65 
0 5 
0 3 
0 73 
1 66 
1 6 
1 26 
1 56 
1 9 
1 5 
1 15 
1 2 
1 74 
1 4 
1 51 
1 48 
1 37 
1 34 
1 10 
1 0 
1 11 
1 19 
1 63 
1 73 
1 43 
1 57 
1 25 
1 17 
1 55 
1 36 
1 71 
1 18 
1 75 
1 32 
1 8 
1 47 
1 14 
1 40 
1 60 
1 68 
1 24 
1 49 
1 70 
1 72 
1 22 
1 30 
1 41 
1 45 
1 61 
1 20 
1 44 
1 67 
1 69 
1 39 
1 46 
1 53 
1 38 
1 21 
1 58 
1 33 
1 62 
1 29 
1 59 
1 16 
1 12 
1 27 
1 31 
2 24 
2 71 
2 19 
2 1 
2 39 
2 74 
2 52 
2 47 
2 11 
2 66 
2 3 
2 51 
2 75 
2 6 
2 70 
2 13 
2 58 
2 23 
2 20 
2 21 
2 17 
2 35 
2 59 
2 46 
2 4 
2 28 
2 60 
2 64 
2 57 
2 18 
2 8 
2 25 
2 63 
2 22 
2 53 
2 33 
2 67 
2 29 
2 54 
2 48 
2 12 
2 34 
2 43 
2 38 
2 62 
2 5 
2 40 
2 68 
2 72 
2 15 
2 41 
2 14 
2 10 
2 36 
2 27 
2 49 
2 44 
2 16 
2 61 
3 21 
3 74 
3 20 
3 75 
3 2 
3 44 
3 72 
3 19 
3 67 
3 50 
3 70 
3 11 
3 56 
3 71 
3 57 
3 68 
3 23 
3 15 
3 54 
3 41 
3 7 
3 16 
3 38 
3 43 
3 64 
3 28 
3 47 
3 12 
3 34 
3 6 
3 65 
3 69 
3 25 
3 9 
3 59 
3 31 
3 5 
3 55 
3 49 
3 53 
3 58 
3 22 
3 45 
3 18 
3 24 
3 26 
3 73 
3 66 
3 33 
3 61 
3 4 
3 17 
3 62 
3 52 
3 37 
3 42 
3 51 
3 8 
3 39 
3 0 
3 60 
3 27 
4 16 
4 29 
4 8 
4 9 
4 25 
4 24 
4 66 
4 57 
4 73 
4 1 
4 48 
4 51 
4 43 
4 5 
4 74 
4 26 
4 41 
4 2 
4 75 
4 52 
4 32 
4 62 
4 20 
4 63 
4 33 
4 23 
4 45 
4 70 
4 72 
4 31 
4 14 
4 36 
4 61 
4 56 
4 50 
4 64 
4 39 
4 65 
4 18 
4 28 
4 27 
4 69 
4 7 
4 38 
4 53 
4 0 
4 40 
4 67 
4 49 
4 3 
4 68 
4 6 
4 71 
4 13 
4 55 
4 12 
4 46 
4 34 
4 35 
4 58 
4 15 
4 44 
4 59 
5 72 
5 14 
5 1 
5 52 
5 10 
5 70 
5 20 
5 8 
5 18 
5 9 
5 54 
5 12 
5 4 
5 39 
5 31 
5 28 
5 32 
5 11 
5 30 
5 62 
5 68 
5 61 
5 47 
5 25 
5 57 
5 60 
5 45 
5 50 
5 19 
5 55 
5 35 
5 69 
5 53 
5 7 
5 27 
5 66 
5 49 
5 13 
5 3 
5 16 
5 29 
5 36 
5 75 
5 41 
5 63 
5 59 
5 2 
5 26 
5 34 
5 37 
5 42 
5 44 
5 40 
5 74 
5 38 
5 71 
5 64 
5 22 
5 67 
5 0 
5 73 
5 24 
5 33 
5 6 
5 48 
5 43 
5 51 
6 22 
6 10 
6 45 
6 57 
6 1 
6 74 
6 60 
6 31 
6 14 
6 2 
6 38 
6 41 
6 55 
6 26 
6 35 
6 20 
6 16 
6 58 
6 37 
6 56 
6 9 
6 63 
6 18 
6 73 
6 53 
6 15 
6 40 
6 11 
6 12 
6 72 
6 70 
6 17 
6 46 
6 44 
6 30 
6 21 
6 65 
6 13 
6 66 
6 3 
6 27 
6 68 
6 39 
6 42 
6 75 
6 43 
6 24 
6 62 
6 47 
6 4 
6 54 
6 36 
6 61 
6 8 
6 23 
6 34 
6 59 
6 5 
6 28 
6 71 
7 30 
7 39 
7 35 
7 36 
7 28 
7 18 
7 52 
7 58 
7 15 
7 49 
7 60 
7 13 
7 25 
7 68 
7 19 
7 11 
7 65 
7 74 
7 42 
7 20 
7 27 
7 16 
7 72 
7 45 
7 57 
7 3 
7 34 
7 44 
7 41 
7 55 
7 54 
7 56 
7 23 
7 26 
7 5 
7 8 
7 0 
7 75 
7 51 
7 46 
7 24 
7 32 
7 4 
7 14 
7 62 
7 9 
7 69 
7 73 
7 64 
7 40 
7 67 
7 71 
7 12 
7 59 
7 47 
7 31 
7 53 
7 43 
8 4 
8 28 
8 32 
8 42 
8 46 
8 45 
8 5 
8 25 
8 53 
8 16 
8 68 
8 43 
8 72 
8 69 
8 55 
8 12 
8 31 
8 65 
8 27 
8 70 
8 52 
8 59 
8 67 
8 66 
8 2 
8 50 
8 37 
8 36 
8 38 
8 17 
8 39 
8 24 
8 30 
8 62 
8 10 
8 7 
8 71 
8 74 
8 20 
8 15 
8 1 
8 63 
8 21 
8 23 
8 40 
8 33 
8 19 
8 26 
8 60 
8 11 
8 0 
8 73 
8 48 
8 14 
8 75 
8 6 
8 49 
8 3 
8 18 
8 64 
8 22 
8 35 
8 13 
8 61 
8 47 
8 51 
8 58 
9 22 
9 1 
9 32 
9 27 
9 40 
9 16 
9 38 
9 4 
9 72 
9 29 
9 5 
9 18 
9 68 
9 46 
9 54 
9 25 
9 66 
9 50 
9 67 
9 43 
9 55 
9 20 
9 28 
9 31 
9 37 
9 6 
9 52 
9 34 
9 69 
9 56 
9 42 
9 51 
9 57 
9 36 
9 48 
9 74 
9 63 
9 13 
9 73 
9 33 
9 10 
9 71 
9 0 
9 58 
9 12 
9 60 
9 3 
9 64 
9 45 
9 47 
9 21 
9 26 
9 7 
9 65 
9 24 
9 14 
9 15 
9 53 
9 19 
9 41 
9 61 
9 30 
9 70 
9 49 
10 47 
10 6 
10 69 
10 14 
10 5 
10 16 
10 64 
10 18 
10 75 
10 31 
10 54 
10 19 
10 34 
10 45 
10 0 
10 13 
10 63 
10 71 
10 58 
10 48 
10 1 
10 53 
10 44 
10 43 
10 15 
10 20 
10 46 
10 52 
10 38 
10 73 
10 60 
10 40 
10 17 
10 50 
10 28 
10 26 
10 68 
10 67 
10 49 
10 33 
10 9 
10 8 
10 32 
10 21 
10 61 
10 23 
10 51 
10 59 
10 24 
10 74 
10 29 
10 2 
10 66 
10 35 
10 62 
10 72 
10 65 
10 55 
10 30 
10 25 
10 57 
10 39 
10 70 
10 42 
10 56 
10 41 
11 49 
11 29 
11 2 
11 40 
11 54 
11 37 
11 44 
11 75 
11 7 
11 64 
11 3 
11 0 
11 34 
11 27 
11 47 
11 16 
11 1 
11 18 
11 5 
11 61 
11 32 
11 13 
11 33 
11 12 
11 31 
11 23 
11 6 
11 73 
11 24 
11 14 
11 70 
11 51 
11 45 
11 60 
11 69 
11 53 
11 39 
11 71 
11 19 
11 20 
11 35 
11 30 
11 72 
11 68 
11 66 
11 67 
11 46 
11 55 
11 48 
11 8 
11 15 
11 25 
11 65 
11 74 
11 57 
11 59 
11 50 
11 52 
11 56 
11 41 
11 26 
12 65 
12 47 
12 68 
12 38 
12 17 
12 52 
12 27 
12 45 
12 63 
12 5 
12 8 
12 51 
12 39 
12 34 
12 57 
12 74 
12 19 
12 61 
12 24 
12 75 
12 11 
12 64 
12 6 
12 46 
12 30 
12 53 
12 3 
12 48 
12 42 
12 71 
12 9 
12 26 
12 54 
12 49 
12 60 
12 25 
12 2 
12 62 
12 15 
12 37 
12 32 
12 73 
12 36 
12 41 
12 69 
12 20 
12 18 
12 23 
12 0 
12 21 
12 35 
12 29 
12 56 
12 43 
12 66 
12 7 
12 59 
12 4 
12 70 
12 13 
12 67 
12 1 
12 16 
12 58 
12 55 
13 0 
13 54 
13 55 
13 61 
13 27 
13 23 
13 34 
13 7 
13 2 
13 72 
13 75 
13 32 
13 14 
13 10 
13 51 
13 17 
13 21 
13 45 
13 60 
13 38 
13 28 
13 47 
13 63 
13 62 
13 11 
13 43 
13 15 
13 33 
13 57 
13 31 
13 35 
13 48 
13 71 
13 68 
13 44 
13 9 
13 26 
13 6 
13 41 
13 18 
13 20 
13 70 
13 53 
13 73 
13 24 
13 5 
13 66 
13 30 
13 65 
13 36 
13 56 
13 69 
13 39 
13 42 
13 19 
13 64 
13 4 
13 67 
13 22 
13 74 
13 52 
13 12 
13 59 
13 8 
13 49 
13 16 
14 33 
14 30 
14 5 
14 70 
14 43 
14 10 
14 31 
14 23 
14 63 
14 53 
14 60 
14 47 
14 37 
14 18 
14 6 
14 13 
14 54 
14 59 
14 36 
14 72 
14 40 
14 26 
14 73 
14 34 
14 27 
14 74 
14 62 
14 48 
14 32 
14 38 
14 46 
14 64 
14 35 
14 11 
14 15 
14 29 
14 56 
14 21 
14 4 
14 22 
14 67 
14 24 
14 57 
14 71 
14 20 
14 1 
14 42 
14 7 
14 17 
14 16 
14 2 
14 51 
14 25 
14 9 
14 8 
14 39 
14 41 
14 55 
14 66 
14 28 
14 49 
14 19 
14 50 
14 75 
15 38 
15 19 
15 45 
15 40 
15 50 
15 18 
15 1 
15 65 
15 7 
15 74 
15 60 
15 36 
15 54 
15 55 
15 37 
15 43 
15 46 
15 66 
15 64 
15 10 
15 16 
15 3 
15 13 
15 6 
15 41 
15 58 
15 25 
15 27 
15 69 
15 20 
15 30 
15 22 
15 56 
15 67 
15 35 
15 14 
15 48 
15 52 
15 68 
15 75 
15 12 
15 8 
15 33 
15 39 
15 49 
15 28 
15 34 
15 63 
15 2 
15 42 
15 29 
15 11 
15 51 
15 53 
15 9 
15 17 
15 57 
15 62 
15 32 
15 23 
15 26 
15 59 
15 47 
15 4 
15 31 
16 4 
16 44 
16 68 
16 9 
16 39 
16 29 
16 10 
16 64 
16 23 
16 8 
16 42 
16 6 
16 70 
16 58 
16 11 
16 28 
16 61 
16 15 
16 71 
16 21 
16 75 
16 38 
16 37 
16 30 
16 7 
16 62 
16 18 
16 34 
16 0 
16 3 
16 41 
16 57 
16 59 
16 46 
16 17 
16 72 
16 5 
16 63 
16 51 
16 32 
16 14 
16 43 
16 19 
16 47 
16 60 
16 74 
16 24 
16 55 
16 69 
16 56 
16 45 
16 48 
16 20 
16 40 
16 36 
16 33 
16 1 
16 2 
16 27 
16 54 
16 12 
16 73 
16 35 
16 13 
17 35 
17 44 
17 19 
17 21 
17 12 
17 41 
17 54 
17 46 
17 64 
17 22 
17 69 
17 36 
17 13 
17 23 
17 47 
17 2 
17 74 
17 58 
17 45 
17 39 
17 1 
17 42 
17 33 
17 61 
17 53 
17 8 
17 31 
17 62 
17 75 
17 6 
17 10 
17 28 
17 34 
17 56 
17 29 
17 49 
17 26 
17 63 
17 24 
17 18 
17 65 
17 38 
17 16 
17 0 
17 71 
17 60 
17 48 
17 14 
17 27 
17 57 
17 3 
17 15 
17 72 
17 55 
17 30 
17 68 
17 50 
17 51 
17 73 
17 40 
17 20 
17 59 
17 37 
18 36 
18 26 
18 58 
18 73 
18 15 
18 7 
18 41 
18 44 
18 0 
18 10 
18 14 
18 5 
18 30 
18 9 
18 75 
18 63 
18 28 
18 20 
18 19 
18 66 
18 32 
18 11 
18 59 
18 60 
18 27 
18 6 
18 46 
18 57 
18 2 
18 62 
18 56 
18 16 
18 33 
18 54 
18 39 
18 25 
18 34 
18 64 
18 1 
18 68 
18 13 
18 17 
18 47 
18 53 
18 4 
18 61 
18 51 
18 3 
18 29 
18 43 
18 45 
18 48 
18 12 
18 31 
18 49 
18 55 
18 23 
18 42 
18 52 
18 22 
18 50 
18 8 
18 71 
18 65 
18 67 
18 74 
19 56 
19 15 
19 17 
19 71 
19 2 
19 44 
19 35 
19 54 
19 10 
19 75 
19 69 
19 18 
19 7 
19 74 
19 43 
19 3 
19 47 
19 66 
19 36 
19 1 
19 12 
19 70 
19 63 
19 38 
19 26 
19 34 
19 5 
19 22 
19 49 
19 28 
19 31 
19 72 
19 61 
19 25 
19 11 
19 32 
19 52 
19 27 
19 64 
19 41 
19 46 
19 60 
19 53 
19 8 
19 40 
19 16 
19 0 
19 57 
19 13 
19 21 
19 9 
19 59 
19 73 
19 33 
19 67 
19 37 
19 62 
19 20 
19 14 
20 40 
20 64 
20 5 
20 3 
20 65 
20 24 
20 69 
20 48 
20 46 
20 29 
20 21 
20 54 
20 18 
20 2 
20 55 
20 63 
20 6 
20 36 
20 49 
20 9 
20 10 
20 7 
20 4 
20 25 
20 71 
20 32 
20 47 
20 31 
20 38 
20 15 
20 73 
20 74 
20 57 
20 45 
20 39 
20 23 
20 44 
20 37 
20 58 
20 13 
20 11 
20 60 
20 59 
20 66 
20 14 
20 8 
20 22 
20 35 
20 27 
20 72 
20 42 
20 56 
20 0 
20 12 
20 61 
20 68 
20 1 
20 52 
20 26 
20 67 
20 16 
20 28 
20 30 
20 19 
20 33 
20 62 
20 17 
20 51 
21 62 
21 3 
21 23 
21 67 
21 17 
21 66 
21 20 
21 58 
21 40 
21 28 
21 48 
21 13 
21 2 
21 36 
21 49 
21 25 
21 46 
21 57 
21 0 
21 64 
21 44 
21 55 
21 16 
21 52 
21 63 
21 47 
21 38 
21 61 
21 74 
21 24 
21 51 
21 6 
21 22 
21 26 
21 32 
21 14 
21 31 
21 34 
21 10 
21 70 
21 9 
21 8 
21 45 
21 33 
21 71 
21 60 
21 75 
21 65 
21 12 
21 19 
21 72 
21 59 
21 1 
21 27 
21 39 
21 54 
21 69 
21 56 
21 30 
21 43 
22 6 
22 49 
22 9 
22 68 
22 64 
22 28 
22 23 
22 43 
22 17 
22 63 
22 27 
22 72 
22 71 
22 26 
22 36 
22 48 
22 54 
22 35 
22 2 
22 70 
22 46 
22 55 
22 73 
22 41 
22 67 
22 60 
22 47 
22 15 
22 19 
22 51 
22 21 
22 59 
22 14 
22 74 
22 69 
22 50 
22 62 
22 32 
22 39 
22 0 
22 40 
22 20 
22 52 
22 75 
22 31 
22 3 
22 44 
22 58 
22 33 
22 1 
22 38 
22 24 
22 5 
22 13 
22 18 
22 42 
22 57 
22 8 
22 37 
22 25 
22 45 
23 41 
23 21 
23 65 
23 14 
23 60 
23 61 
23 69 
23 16 
23 54 
23 67 
23 48 
23 13 
23 22 
23 58 
23 62 
23 2 
23 24 
23 17 
23 43 
23 35 
23 70 
23 39 
23 3 
23 37 
23 11 
23 38 
23 34 
23 59 
23 57 
23 55 
23 4 
23 7 
23 32 
23 52 
23 20 
23 75 
23 33 
23 50 
23 40 
23 31 
23 71 
23 45 
23 74 
23 10 
23 8 
23 56 
23 72 
23 53 
23 12 
23 51 
23 44 
23 30 
23 0 
23 42 
23 18 
23 46 
23 73 
23 26 
23 27 
23 36 
23 6 
23 15 
23 28 
23 49 
24 63 
24 49 
24 2 
24 37 
24 55 
24 4 
24 20 
24 60 
24 44 
24 0 
24 75 
24 41 
24 46 
24 73 
24 23 
24 62 
24 30 
24 59 
24 39 
24 69 
24 31 
24 12 
24 40 
24 58 
24 64 
24 71 
24 35 
24 51 
24 11 
24 28 
24 25 
24 8 
24 68 
24 21 
24 72 
24 53 
24 38 
24 56 
24 52 
24 33 
24 29 
24 34 
24 17 
24 74 
24 14 
24 42 
24 47 
24 13 
24 7 
24 61 
24 65 
24 70 
24 1 
24 3 
24 6 
24 54 
24 67 
24 10 
24 45 
24 16 
24 22 
24 9 
24 57 
24 43 
24 50 
24 5 
24 66 
24 48 
25 40 
25 30 
25 69 
25 52 
25 4 
25 64 
25 62 
25 55 
25 0 
25 8 
25 47 
25 43 
25 7 
25 9 
25 45 
25 49 
25 44 
25 36 
25 21 
25 70 
25 28 
25 71 
25 34 
25 41 
25 2 
25 20 
25 1 
25 37 
25 68 
25 5 
25 15 
25 35 
25 24 
25 65 
25 46 
25 18 
25 60 
25 19 
25 3 
25 54 
25 12 
25 61 
25 58 
25 56 
25 31 
25 74 
25 42 
25 50 
25 38 
25 39 
25 27 
25 11 
25 14 
25 48 
25 73 
25 72 
25 75 
25 10 
25 33 
25 22 
26 18 
26 62 
26 1 
26 0 
26 58 
26 75 
26 56 
26 50 
26 51 
26 6 
26 4 
26 68 
26 22 
26 14 
26 41 
26 54 
26 48 
26 64 
26 33 
26 37 
26 30 
26 46 
26 19 
26 57 
26 29 
26 7 
26 69 
26 21 
26 10 
26 13 
26 47 
26 73 
26 17 
26 42 
26 39 
26 31 
26 12 
26 34 
26 66 
26 28 
26 53 
26 45 
26 72 
26 3 
26 32 
26 9 
26 59 
26 74 
26 5 
26 67 
26 8 
26 71 
26 35 
26 65 
26 27 
26 23 
26 55 
26 38 
26 36 
26 20 
26 49 
26 15 
26 63 
26 60 
26 11 
27 58 
27 71 
27 9 
27 46 
27 39 
27 13 
27 12 
27 22 
27 53 
27 35 
27 8 
27 11 
27 14 
27 38 
27 57 
27 18 
27 29 
27 61 
27 68 
27 7 
27 70 
27 41 
27 47 
27 0 
27 56 
27 36 
27 15 
27 28 
27 32 
27 31 
27 49 
27 63 
27 54 
27 75 
27 51 
27 74 
27 73 
27 5 
27 62 
27 50 
27 6 
27 19 
27 43 
27 20 
27 4 
27 72 
27 52 
27 59 
27 17 
27 25 
27 37 
27 40 
27 42 
27 26 
27 48 
27 23 
27 66 
27 64 
27 21 
27 2 
27 34 
27 60 
27 44 
27 16 
27 65 
27 1 
27 3 
28 37 
28 36 
28 56 
28 46 
28 8 
28 71 
28 48 
28 31 
28 7 
28 55 
28 42 
28 29 
28 32 
28 69 
28 22 
28 18 
28 70 
28 21 
28 2 
28 5 
28 13 
28 60 
28 16 
28 9 
28 25 
28 30 
28 38 
28 35 
28 33 
28 45 
28 65 
28 27 
28 24 
28 17 
28 74 
28 10 
28 19 
28 3 
28 40 
28 51 
28 68 
28 54 
28 59 
28 41 
28 53 
28 66 
28 4 
28 26 
28 49 
28 44 
28 15 
28 39 
28 67 
28 57 
28 0 
28 43 
28 72 
28 52 
28 20 
28 61 
28 14 
28 50 
28 64 
28 23 
28 6 
29 72 
29 4 
29 55 
29 65 
29 31 
29 70 
29 58 
29 11 
29 73 
29 16 
29 28 
29 9 
29 20 
29 46 
29 47 
29 35 
29 37 
29 60 
29 74 
29 63 
29 54 
29 52 
29 27 
29 0 
29 62 
29 45 
29 50 
29 49 
29 53 
29 51 
29 61 
29 57 
29 41 
29 36 
29 59 
29 56 
29 2 
29 26 
29 64 
29 30 
29 14 
29 38 
29 17 
29 68 
29 75 
29 24 
29 71 
29 5 
29 66 
29 18 
29 34 
29 10 
29 15 
29 69 
29 12 
29 40 
29 1 
29 67 
29 32 
30 14 
30 50 
30 7 
30 25 
30 48 
30 56 
30 62 
30 18 
30 72 
30 33 
30 74 
30 47 
30 24 
30 60 
30 40 
30 5 
30 28 
30 61 
30 49 
30 16 
30 43 
30 26 
30 34 
30 71 
30 53 
30 12 
30 15 
30 6 
30 68 
30 8 
30 29 
30 69 
30 55 
30 52 
30 0 
30 64 
30 45 
30 11 
30 13 
30 54 
30 35 
30 44 
30 51 
30 31 
30 1 
30 37 
30 38 
30 59 
30 67 
30 23 
30 70 
30 42 
30 63 
30 58 
30 17 
30 66 
30 46 
30 10 
30 20 
30 32 
30 9 
30 75 
30 41 
30 21 
30 65 
31 72 
31 14 
31 58 
31 29 
31 28 
31 46 
31 43 
31 6 
31 41 
31 65 
31 10 
31 74 
31 55 
31 70 
31 64 
31 48 
31 8 
31 5 
31 50 
31 9 
31 37 
31 24 
31 42 
31 11 
31 62 
31 13 
31 67 
31 44 
31 34 
31 47 
31 32 
31 17 
31 20 
31 68 
31 27 
31 19 
31 0 
31 54 
31 56 
31 4 
31 21 
31 26 
31 39 
31 75 
31 3 
31 51 
31 69 
31 23 
31 22 
31 25 
31 30 
31 52 
31 18 
31 73 
31 61 
31 60 
31 33 
31 7 
31 40 
31 45 
31 35 
31 57 
31 53 
31 71 
31 1 
31 15 
32 44 
32 9 
32 8 
32 34 
32 66 
32 71 
32 56 
32 28 
32 48 
32 39 
32 75 
32 13 
32 0 
32 51 
32 64 
32 18 
32 5 
32 37 
32 60 
32 11 
32 4 
32 41 
32 43 
32 69 
32 33 
32 14 
32 20 
32 31 
32 27 
32 55 
32 63 
32 23 
32 21 
32 46 
32 42 
32 10 
32 57 
32 22 
32 19 
32 1 
32 12 
32 74 
32 68 
32 7 
32 16 
32 26 
32 72 
32 52 
32 58 
32 40 
32 36 
32 62 
32 38 
32 73 
32 61 
32 35 
32 59 
32 47 
32 30 
32 15 
32 70 
32 50 
32 29 
33 14 
33 61 
33 55 
33 57 
33 70 
33 30 
33 69 
33 44 
33 73 
33 35 
33 56 
33 26 
33 65 
33 11 
33 50 
33 47 
33 13 
33 53 
33 51 
33 64 
33 32 
33 18 
33 28 
33 17 
33 68 
33 2 
33 38 
33 4 
33 10 
33 54 
33 9 
33 24 
33 66 
33 23 
33 58 
33 62 
33 39 
33 15 
33 37 
33 41 
33 74 
33 43 
33 21 
33 59 
33 3 
33 75 
33 8 
33 49 
33 72 
33 22 
33 19 
33 31 
33 0 
33 34 
33 45 
33 36 
33 1 
33 20 
33 16 
33 63 
33 25 
33 5 
33 71 
33 48 
33 67 
33 42 
33 60 
34 70 
34 32 
34 50 
34 47 
34 53 
34 54 
34 72 
34 13 
34 10 
34 1 
34 12 
34 57 
34 11 
34 65 
34 67 
34 14 
34 55 
34 9 
34 25 
34 73 
34 36 
34 59 
34 40 
34 30 
34 16 
34 23 
34 31 
34 51 
34 7 
34 19 
34 58 
34 17 
34 75 
34 18 
34 3 
34 71 
34 24 
34 69 
34 45 
34 2 
34 64 
34 26 
34 66 
34 60 
34 21 
34 63 
34 43 
34 0 
34 15 
34 5 
34 29 
34 42 
34 52 
34 68 
34 37 
34 44 
34 33 
34 4 
34 6 
34 56 
34 27 
34 46 
35 17 
35 7 
35 19 
35 36 
35 29 
35 73 
35 27 
35 6 
35 71 
35 23 
35 2 
35 33 
35 44 
35 58 
35 41 
35 63 
35 22 
35 28 
35 13 
35 49 
35 24 
35 69 
35 60 
35 25 
35 72 
35 62 
35 15 
35 14 
35 5 
35 68 
35 43 
35 42 
35 55 
35 59 
35 11 
35 39 
35 53 
35 74 
35 30 
35 20 
35 66 
35 70 
35 65 
35 37 
35 47 
35 48 
35 67 
35 45 
35 12 
35 10 
35 56 
35 64 
35 32 
35 26 
35 50 
35 4 
35 75 
35 31 
35 8 
35 16 
35 54 
36 28 
36 18 
36 63 
36 7 
36 39 
36 66 
36 54 
36 65 
36 35 
36 17 
36 49 
36 15 
36 21 
36 60 
36 25 
36 20 
36 14 
36 22 
36 37 
36 40 
36 38 
36 19 
36 48 
36 58 
36 51 
36 67 
36 0 
36 45 
36 34 
36 27 
36 8 
36 50 
36 69 
36 9 
36 29 
36 74 
36 1 
36 4 
36 57 
36 71 
36 5 
36 13 
36 12 
36 55 
36 75 
36 43 
36 32 
36 6 
36 47 
36 2 
36 26 
36 56 
36 23 
36 33 
36 16 
36 59 
36 46 
36 53 
36 61 
36 73 
36 68 
36 52 
37 28 
37 68 
37 71 
37 47 
37 24 
37 38 
37 14 
37 29 
37 11 
37 58 
37 63 
37 1 
37 15 
37 41 
37 36 
37 32 
37 6 
37 9 
37 31 
37 52 
37 72 
37 26 
37 40 
37 73 
37 23 
37 16 
37 56 
37 8 
37 25 
37 64 
37 55 
37 59 
37 75 
37 67 
37 51 
37 43 
37 20 
37 46 
37 65 
37 57 
37 12 
37 54 
37 60 
37 33 
37 74 
37 0 
37 35 
37 5 
37 30 
37 62 
37 27 
37 34 
37 53 
37 44 
37 19 
37 3 
37 50 
37 22 
37 70 
37 17 
37 66 
38 15 
38 9 
38 65 
38 66 
38 12 
38 37 
38 42 
38 6 
38 67 
38 43 
38 13 
38 75 
38 48 
38 36 
38 55 
38 27 
38 10 
38 51 
38 61 
38 63 
38 49 
38 16 
38 44 
38 28 
38 74 
38 23 
38 58 
38 14 
38 19 
38 8 
38 40 
38 33 
38 3 
38 20 
38 21 
38 60 
38 24 
38 29 
38 45 
38 59 
38 54 
38 17 
38 69 
38 2 
38 73 
38 4 
38 68 
38 72 
38 0 
38 30 
38 25 
38 47 
38 22 
38 56 
38 32 
38 57 
38 5 
38 70 
38 1 
38 26 
38 53 
38 64 
38 41 
38 71 
39 60 
39 75 
39 7 
39 16 
39 2 
39 36 
39 27 
39 48 
39 62 
39 61 
39 32 
39 50 
39 47 
39 42 
39 12 
39 5 
39 59 
39 23 
39 57 
39 73 
39 24 
39 63 
39 17 
39 68 
39 64 
39 66 
39 18 
39 8 
39 0 
39 58 
39 20 
39 49 
39 11 
39 26 
39 55 
39 4 
39 31 
39 22 
39 35 
39 6 
39 33 
39 65 
39 46 
39 15 
39 28 
39 53 
39 51 
39 13 
39 25 
39 45 
39 52 
39 40 
39 14 
39 74 
39 67 
39 41 
39 1 
39 70 
39 21 
39 10 
39 3 
39 44 
39 69 
40 25 
40 69 
40 9 
40 44 
40 58 
40 15 
40 20 
40 54 
40 63 
40 11 
40 47 
40 50 
40 21 
40 14 
40 36 
40 67 
40 42 
40 30 
40 24 
40 71 
40 75 
40 37 
40 55 
40 65 
40 6 
40 64 
40 34 
40 45 
40 56 
40 38 
40 10 
40 43 
40 59 
40 28 
40 72 
40 23 
40 22 
40 1 
40 0 
40 51 
40 61 
40 66 
40 2 
40 57 
40 8 
40 73 
40 4 
40 53 
40 19 
40 5 
40 60 
40 32 
40 7 
40 46 
40 39 
40 27 
40 68 
40 48 
40 62 
40 16 
40 29 
40 31 
40 17 
40 49 
41 23 
41 60 
41 54 
41 18 
41 31 
41 42 
41 62 
41 57 
41 17 
41 74 
41 69 
41 56 
41 24 
41 6 
41 4 
41 37 
41 71 
41 50 
41 26 
41 55 
41 75 
41 0 
41 52 
41 70 
41 47 
41 35 
41 32 
41 65 
41 44 
41 25 
41 27 
41 49 
41 15 
41 3 
41 22 
41 43 
41 29 
41 7 
41 66 
41 13 
41 53 
41 64 
41 48 
41 16 
41 45 
41 28 
41 46 
41 5 
41 33 
41 19 
41 12 
41 2 
41 1 
41 61 
41 51 
41 39 
41 68 
41 63 
41 67 
41 9 
41 14 
41 72 
41 73 
41 30 
41 11 
41 38 
41 59 
41 10 
41 58 
42 55 
42 54 
42 53 
42 49 
42 52 
42 8 
42 73 
42 41 
42 28 
42 57 
42 70 
42 16 
42 38 
42 63 
42 39 
42 68 
42 44 
42 40 
42 7 
42 62 
42 31 
42 51 
42 69 
42 71 
42 9 
42 46 
42 17 
42 61 
42 0 
42 48 
42 65 
42 56 
42 32 
42 12 
42 26 
42 35 
42 59 
42 75 
42 24 
42 6 
42 20 
42 50 
42 14 
42 25 
42 47 
42 5 
42 34 
42 13 
42 43 
42 15 
42 30 
42 23 
42 58 
42 27 
42 18 
42 67 
42 3 
42 22 
42 10 
42 33 
42 72 
43 56 
43 14 
43 74 
43 31 
43 71 
43 22 
43 25 
43 4 
43 8 
43 58 
43 19 
43 38 
43 23 
43 60 
43 15 
43 62 
43 59 
43 10 
43 9 
43 13 
43 54 
43 1 
43 32 
43 30 
43 75 
43 64 
43 41 
43 3 
43 63 
43 40 
43 44 
43 51 
43 37 
43 35 
43 68 
43 53 
43 73 
43 2 
43 34 
43 27 
43 61 
43 33 
43 6 
43 18 
43 47 
43 65 
43 70 
43 28 
43 16 
43 36 
43 42 
43 0 
43 12 
43 52 
43 66 
43 69 
43 24 
43 49 
43 21 
43 7 
43 5 
44 16 
44 0 
44 32 
44 17 
44 48 
44 40 
44 75 
44 18 
44 19 
44 24 
44 72 
44 58 
44 3 
44 53 
44 64 
44 65 
44 11 
44 33 
44 49 
44 25 
44 46 
44 10 
44 42 
44 35 
44 21 
44 41 
44 69 
44 74 
44 38 
44 62 
44 55 
44 31 
44 7 
44 51 
44 6 
44 57 
44 59 
44 13 
44 43 
44 20 
44 56 
44 52 
44 67 
44 30 
44 60 
44 22 
44 28 
44 47 
44 73 
44 5 
44 71 
44 61 
44 23 
44 1 
44 34 
44 37 
44 45 
44 68 
44 39 
44 27 
44 2 
44 63 
44 4 
45 6 
45 70 
45 15 
45 72 
45 64 
45 53 
45 50 
45 8 
45 74 
45 10 
45 12 
45 58 
45 25 
45 13 
45 73 
45 0 
45 69 
45 17 
45 63 
45 54 
45 29 
45 46 
45 62 
45 65 
45 36 
45 55 
45 7 
45 28 
45 40 
45 5 
45 56 
45 20 
45 4 
45 51 
45 48 
45 11 
45 75 
45 38 
45 66 
45 34 
45 41 
45 30 
45 71 
45 60 
45 23 
45 9 
45 26 
45 3 
45 21 
45 67 
45 18 
45 52 
45 24 
45 35 
45 1 
45 39 
45 49 
45 47 
45 16 
45 44 
45 33 
45 57 
45 31 
45 22 
46 0 
46 28 
46 27 
46 31 
46 58 
46 8 
46 49 
46 72 
46 69 
46 20 
46 29 
46 17 
46 52 
46 9 
46 24 
46 63 
46 44 
46 2 
46 15 
46 21 
46 47 
46 55 
46 10 
46 68 
46 18 
46 45 
46 22 
46 42 
46 26 
46 51 
46 12 
46 14 
46 65 
46 6 
46 62 
46 70 
46 66 
46 25 
46 32 
46 48 
46 67 
46 74 
46 57 
46 37 
46 56 
46 7 
46 16 
46 41 
46 60 
46 39 
46 11 
46 19 
46 71 
46 64 
46 53 
46 40 
46 1 
46 75 
46 23 
46 30 
46 4 
46 50 
46 34 
46 36 
47 10 
47 63 
47 12 
47 37 
47 71 
47 34 
47 14 
47 2 
47 29 
47 25 
47 40 
47 39 
47 74 
47 17 
47 19 
47 46 
47 11 
47 13 
47 72 
47 30 
47 55 
47 65 
47 53 
47 41 
47 50 
47 68 
47 33 
47 27 
47 5 
47 21 
47 31 
47 56 
47 69 
47 20 
47 22 
47 60 
47 3 
47 26 
47 62 
47 18 
47 24 
47 75 
47 1 
47 9 
47 49 
47 51 
47 66 
47 44 
47 43 
47 35 
47 42 
47 70 
47 64 
47 16 
47 6 
47 67 
47 38 
47 45 
47 36 
47 57 
47 7 
47 32 
47 8 
47 15 
47 54 
48 44 
48 28 
48 30 
48 52 
48 0 
48 39 
48 20 
48 32 
48 4 
48 23 
48 63 
48 1 
48 21 
48 60 
48 58 
48 31 
48 62 
48 10 
48 38 
48 50 
48 26 
48 36 
48 22 
48 72 
48 68 
48 57 
48 49 
48 14 
48 13 
48 51 
48 9 
48 42 
48 45 
48 15 
48 46 
48 2 
48 12 
48 41 
48 53 
48 64 
48 71 
48 55 
48 65 
48 17 
48 18 
48 75 
48 11 
48 35 
48 56 
48 54 
48 8 
48 25 
48 27 
48 74 
48 16 
48 40 
48 61 
48 33 
48 5 
48 24 
49 22 
49 51 
49 24 
49 11 
49 42 
49 56 
49 71 
49 74 
49 7 
49 46 
49 73 
49 59 
49 36 
49 44 
49 25 
49 21 
49 20 
49 65 
49 30 
49 38 
49 48 
49 29 
49 41 
49 57 
49 35 
49 60 
49 19 
49 27 
49 10 
49 72 
49 39 
49 17 
49 58 
49 12 
49 53 
49 50 
49 5 
49 3 
49 69 
49 28 
49 15 
49 47 
49 63 
49 1 
49 33 
49 4 
49 18 
49 45 
49 62 
49 75 
49 8 
49 68 
49 43 
49 66 
49 26 
49 67 
49 14 
49 2 
49 9 
49 23 
49 40 
49 13 
50 30 
50 15 
50 34 
50 60 
50 53 
50 26 
50 45 
50 39 
50 63 
50 57 
50 40 
50 68 
50 3 
50 0 
50 9 
50 75 
50 55 
50 41 
50 31 
50 48 
50 62 
50 58 
50 71 
50 47 
50 59 
50 65 
50 8 
50 29 
50 33 
50 36 
50 74 
50 5 
50 10 
50 51 
50 73 
50 52 
50 67 
50 56 
50 54 
50 22 
50 4 
50 49 
50 23 
50 27 
50 66 
50 42 
50 70 
50 25 
50 72 
50 11 
50 64 
50 35 
50 24 
50 18 
50 28 
50 17 
50 46 
50 37 
50 14 
50 32 
50 61 
51 74 
51 49 
51 72 
51 68 
51 26 
51 2 
51 75 
51 1 
51 57 
51 4 
51 52 
51 13 
51 12 
51 63 
51 32 
51 0 
51 54 
51 36 
51 38 
51 42 
51 33 
51 9 
51 29 
51 48 
51 46 
51 34 
51 24 
51 44 
51 55 
51 21 
51 22 
51 50 
51 45 
51 37 
51 43 
51 27 
51 11 
51 28 
51 7 
51 31 
51 16 
51 65 
51 30 
51 18 
51 40 
51 10 
51 60 
51 47 
51 66 
51 39 
51 71 
51 69 
51 67 
51 23 
51 59 
51 14 
51 53 
51 61 
51 15 
51 41 
51 64 
51 62 
51 58 
51 3 
51 17 
51 20 
51 8 
51 5 
51 73 
52 57 
52 64 
52 5 
52 25 
52 69 
52 42 
52 65 
52 48 
52 7 
52 2 
52 68 
52 12 
52 53 
52 56 
52 46 
52 51 
52 8 
52 54 
52 29 
52 37 
52 4 
52 9 
52 41 
52 10 
52 70 
52 21 
52 72 
52 23 
52 73 
52 24 
52 50 
52 15 
52 30 
52 44 
52 19 
52 59 
52 71 
52 22 
52 45 
52 55 
52 60 
52 62 
52 32 
52 75 
52 31 
52 27 
52 28 
52 39 
52 34 
52 11 
52 43 
52 20 
52 3 
52 18 
52 13 
52 66 
52 36 
52 74 
53 63 
53 42 
53 64 
53 50 
53 45 
53 57 
53 14 
53 75 
53 52 
53 34 
53 8 
53 70 
53 0 
53 44 
53 27 
53 10 
53 68 
53 47 
53 6 
53 2 
53 33 
53 67 
53 72 
53 29 
53 69 
53 54 
53 61 
53 17 
53 30 
53 55 
53 24 
53 12 
53 71 
53 62 
53 41 
53 11 
53 65 
53 5 
53 58 
53 13 
53 43 
53 48 
53 18 
53 49 
53 28 
53 35 
53 56 
53 3 
53 26 
53 60 
53 39 
53 4 
53 19 
53 40 
53 23 
53 46 
53 51 
53 15 
53 9 
53 1 
53 37 
53 38 
53 7 
53 31 
53 36 
54 55 
54 42 
54 13 
54 41 
54 68 
54 40 
54 62 
54 36 
54 61 
54 23 
54 10 
54 19 
54 17 
54 34 
54 74 
54 5 
54 11 
54 20 
54 0 
54 9 
54 14 
54 15 
54 60 
54 26 
54 29 
54 52 
54 51 
54 67 
54 45 
54 56 
54 43 
54 22 
54 3 
54 53 
54 18 
54 7 
54 2 
54 27 
54 33 
54 31 
54 50 
54 38 
54 64 
54 12 
54 28 
54 25 
54 69 
54 30 
54 37 
54 59 
54 24 
54 63 
54 66 
54 57 
54 48 
54 6 
54 71 
54 58 
54 21 
54 75 
54 16 
54 35 
54 47 
55 54 
55 42 
55 29 
55 13 
55 33 
55 24 
55 28 
55 25 
55 72 
55 20 
55 31 
55 58 
55 6 
55 8 
55 74 
55 15 
55 62 
55 50 
55 38 
55 9 
55 46 
55 41 
55 47 
55 64 
55 21 
55 34 
55 40 
55 60 
55 45 
55 68 
55 22 
55 44 
55 71 
55 37 
55 7 
55 1 
55 53 
55 23 
55 32 
55 51 
55 57 
55 5 
55 59 
55 65 
55 30 
55 0 
55 35 
55 39 
55 66 
55 48 
55 69 
55 3 
55 75 
55 11 
55 52 
55 36 
55 18 
55 16 
55 17 
55 56 
55 26 
55 4 
55 10 
55 14 
55 70 
55 73 
55 12 
56 28 
56 19 
56 43 
56 62 
56 1 
56 64 
56 26 
56 49 
56 30 
56 32 
56 52 
56 41 
56 63 
56 66 
56 59 
56 3 
56 6 
56 33 
56 54 
56 68 
56 37 
56 9 
56 18 
56 27 
56 70 
56 47 
56 40 
56 57 
56 45 
56 65 
56 29 
56 15 
56 7 
56 42 
56 17 
56 72 
56 24 
56 0 
56 50 
56 14 
56 31 
56 75 
56 44 
56 71 
56 4 
56 46 
56 61 
56 53 
56 13 
56 25 
56 20 
56 74 
56 23 
56 48 
56 67 
56 38 
56 35 
56 12 
56 55 
56 16 
56 36 
56 11 
56 69 
56 34 
56 10 
56 21 
56 60 
57 58 
57 52 
57 6 
57 59 
57 69 
57 53 
57 4 
57 33 
57 41 
57 73 
57 42 
57 50 
57 51 
57 0 
57 34 
57 12 
57 39 
57 3 
57 21 
57 27 
57 48 
57 18 
57 2 
57 1 
57 49 
57 13 
57 5 
57 9 
57 7 
57 29 
57 56 
57 23 
57 44 
57 20 
57 26 
57 55 
57 64 
57 74 
57 66 
57 67 
57 72 
57 46 
57 36 
57 61 
57 14 
57 32 
57 16 
57 37 
57 70 
57 40 
57 71 
57 28 
57 65 
57 54 
57 17 
57 19 
57 11 
57 24 
57 38 
57 47 
57 15 
57 45 
57 22 
57 10 
57 63 
57 31 
58 57 
58 18 
58 27 
58 40 
58 26 
58 31 
58 29 
58 46 
58 7 
58 44 
58 21 
58 23 
58 45 
58 64 
58 2 
58 43 
58 37 
58 55 
58 48 
58 61 
58 6 
58 10 
58 16 
58 59 
58 17 
58 36 
58 35 
58 50 
58 24 
58 63 
58 15 
58 38 
58 34 
58 39 
58 75 
58 68 
58 20 
58 9 
58 53 
58 49 
58 33 
58 0 
58 73 
58 25 
58 74 
58 3 
58 72 
58 22 
58 32 
58 69 
58 62 
58 42 
58 30 
58 70 
58 51 
58 1 
58 4 
58 54 
58 12 
58 41 
58 8 
59 74 
59 57 
59 60 
59 68 
59 71 
59 49 
59 63 
59 66 
59 62 
59 14 
59 56 
59 2 
59 39 
59 58 
59 43 
59 8 
59 18 
59 72 
59 24 
59 0 
59 50 
59 75 
59 34 
59 37 
59 23 
59 67 
59 29 
59 44 
59 40 
59 22 
59 70 
59 55 
59 38 
59 42 
59 35 
59 16 
59 28 
59 3 
59 20 
59 52 
59 69 
59 5 
59 54 
59 10 
59 33 
59 26 
59 73 
59 61 
59 27 
59 30 
59 51 
59 11 
59 19 
59 32 
59 12 
59 7 
59 21 
59 13 
59 15 
59 1 
59 6 
59 36 
59 17 
59 41 
59 64 
59 4 
60 41 
60 39 
60 6 
60 59 
60 23 
60 50 
60 70 
60 14 
60 24 
60 29 
60 7 
60 67 
60 0 
60 15 
60 48 
60 13 
60 36 
60 43 
60 54 
60 28 
60 64 
60 32 
60 30 
60 18 
60 2 
60 65 
60 55 
60 73 
60 5 
60 35 
60 10 
60 22 
60 49 
60 47 
60 38 
60 69 
60 68 
60 11 
60 25 
60 9 
60 20 
60 12 
60 62 
60 46 
60 45 
60 34 
60 1 
60 37 
60 44 
60 51 
60 53 
60 66 
60 17 
60 19 
60 52 
60 8 
60 63 
60 16 
60 21 
60 40 
60 71 
60 75 
60 31 
60 27 
60 3 
60 26 
60 33 
60 56 
61 70 
61 33 
61 13 
61 23 
61 74 
61 54 
61 39 
61 62 
61 69 
61 75 
61 0 
61 58 
61 16 
61 11 
61 66 
61 12 
61 38 
61 30 
61 27 
61 64 
61 5 
61 73 
61 29 
61 17 
61 53 
61 42 
61 68 
61 21 
61 65 
61 19 
61 4 
61 57 
61 67 
61 56 
61 71 
61 25 
61 24 
61 18 
61 43 
61 10 
61 40 
61 3 
61 59 
61 20 
61 1 
61 44 
61 72 
61 51 
61 31 
61 32 
61 41 
61 6 
61 28 
61 48 
61 9 
61 8 
61 36 
61 50 
61 2 
62 21 
62 26 
62 56 
62 69 
62 67 
62 54 
62 41 
62 25 
62 30 
62 39 
62 61 
62 23 
62 73 
62 75 
62 59 
62 48 
62 55 
62 43 
62 24 
62 71 
62 4 
62 13 
62 50 
62 14 
62 29 
62 5 
62 42 
62 45 
62 18 
62 65 
62 31 
62 16 
62 44 
62 66 
62 17 
62 46 
62 64 
62 35 
62 63 
62 8 
62 70 
62 47 
62 53 
62 22 
62 72 
62 27 
62 60 
62 12 
62 33 
62 2 
62 7 
62 6 
62 52 
62 32 
62 37 
62 10 
62 58 
62 49 
62 3 
62 51 
62 40 
62 74 
62 19 
62 15 
62 1 
62 20 
63 24 
63 53 
63 47 
63 36 
63 67 
63 68 
63 0 
63 40 
63 66 
63 14 
63 75 
63 70 
63 50 
63 18 
63 73 
63 59 
63 48 
63 12 
63 22 
63 42 
63 20 
63 56 
63 10 
63 37 
63 46 
63 51 
63 29 
63 69 
63 72 
63 13 
63 39 
63 1 
63 6 
63 45 
63 19 
63 38 
63 35 
63 21 
63 2 
63 58 
63 74 
63 4 
63 9 
63 43 
63 32 
63 27 
63 62 
63 17 
63 71 
63 34 
63 16 
63 5 
63 8 
63 49 
63 15 
63 54 
63 60 
63 30 
63 41 
63 33 
63 26 
63 57 
63 44 
64 52 
64 53 
64 22 
64 56 
64 20 
64 45 
64 25 
64 10 
64 68 
64 16 
64 17 
64 58 
64 44 
64 31 
64 32 
64 11 
64 0 
64 15 
64 60 
64 26 
64 21 
64 55 
64 2 
64 61 
64 12 
64 40 
64 33 
64 24 
64 39 
64 37 
64 43 
64 73 
64 3 
64 72 
64 62 
64 14 
64 57 
64 29 
64 74 
64 75 
64 18 
64 69 
64 41 
64 54 
64 30 
64 4 
64 48 
64 34 
64 66 
64 9 
64 70 
64 19 
64 46 
64 47 
64 7 
64 71 
64 13 
64 35 
64 5 
64 50 
64 51 
64 67 
64 27 
64 38 
64 8 
64 28 
64 59 
65 23 
65 12 
65 29 
65 52 
65 38 
65 15 
65 31 
65 20 
65 36 
65 44 
65 7 
65 8 
65 67 
65 34 
65 47 
65 74 
65 33 
65 60 
65 49 
65 41 
65 50 
65 45 
65 40 
65 62 
65 28 
65 46 
65 25 
65 56 
65 42 
65 61 
65 6 
65 70 
65 55 
65 72 
65 3 
65 68 
65 53 
65 17 
65 37 
65 4 
65 13 
65 66 
65 48 
65 51 
65 39 
65 35 
65 24 
65 43 
65 57 
65 9 
65 21 
65 11 
65 26 
65 10 
65 0 
65 69 
65 75 
65 18 
65 27 
65 30 
66 1 
66 32 
66 38 
66 63 
66 4 
66 36 
66 21 
66 2 
66 59 
66 9 
66 56 
66 18 
66 19 
66 67 
66 69 
66 15 
66 71 
66 70 
66 61 
66 8 
66 0 
66 74 
66 62 
66 39 
66 46 
66 41 
66 57 
66 6 
66 45 
66 68 
66 73 
66 75 
66 33 
66 5 
66 13 
66 55 
66 20 
66 64 
66 34 
66 28 
66 65 
66 26 
66 29 
66 35 
66 11 
66 50 
66 40 
66 60 
66 51 
66 47 
66 3 
66 54 
66 10 
66 12 
66 43 
66 30 
66 27 
66 49 
66 14 
66 52 
66 24 
66 37 
67 72 
67 62 
67 63 
67 21 
67 23 
67 0 
67 60 
67 38 
67 3 
67 66 
67 65 
67 40 
67 9 
67 34 
67 8 
67 54 
67 36 
67 53 
67 31 
67 22 
67 59 
67 2 
67 15 
67 37 
67 10 
67 57 
67 50 
67 46 
67 14 
67 73 
67 61 
67 69 
67 44 
67 11 
67 45 
67 24 
67 28 
67 26 
67 4 
67 35 
67 74 
67 51 
67 47 
67 56 
67 30 
67 70 
67 7 
67 39 
67 1 
67 13 
67 64 
67 19 
67 41 
67 20 
67 42 
67 5 
67 71 
67 49 
67 29 
67 68 
67 33 
67 12 
67 18 
68 37 
68 16 
68 22 
68 12 
68 54 
68 63 
68 59 
68 51 
68 64 
68 52 
68 8 
68 9 
68 7 
68 50 
68 0 
68 26 
68 42 
68 3 
68 71 
68 53 
68 69 
68 73 
68 48 
68 46 
68 56 
68 27 
68 5 
68 39 
68 47 
68 55 
68 25 
68 33 
68 61 
68 31 
68 13 
68 75 
68 30 
68 24 
68 10 
68 60 
68 58 
68 35 
68 66 
68 29 
68 65 
68 28 
68 43 
68 18 
68 15 
68 72 
68 70 
68 11 
68 6 
68 1 
68 32 
68 74 
68 38 
68 2 
68 4 
68 20 
68 34 
68 41 
68 40 
68 17 
68 49 
68 44 
68 67 
68 36 
69 10 
69 62 
69 40 
69 25 
69 52 
69 57 
69 23 
69 20 
69 46 
69 28 
69 41 
69 61 
69 17 
69 0 
69 19 
69 33 
69 8 
69 66 
69 45 
69 63 
69 24 
69 68 
69 9 
69 44 
69 42 
69 32 
69 36 
69 53 
69 72 
69 35 
69 47 
69 15 
69 26 
69 60 
69 5 
69 30 
69 11 
69 64 
69 3 
69 34 
69 22 
69 70 
69 54 
69 38 
69 31 
69 55 
69 49 
69 67 
69 59 
69 4 
69 73 
69 12 
69 13 
69 51 
69 7 
69 58 
69 29 
69 75 
69 1 
69 16 
69 43 
69 65 
69 21 
69 56 
69 39 
70 61 
70 14 
70 45 
70 5 
70 34 
70 29 
70 60 
70 71 
70 33 
70 63 
70 42 
70 53 
70 2 
70 28 
70 31 
70 3 
70 23 
70 16 
70 8 
70 72 
70 66 
70 19 
70 25 
70 41 
70 52 
70 27 
70 22 
70 56 
70 6 
70 46 
70 11 
70 4 
70 65 
70 59 
70 62 
70 13 
70 69 
70 68 
70 21 
70 35 
70 64 
70 24 
70 57 
70 1 
70 50 
70 43 
70 47 
70 73 
70 30 
70 67 
70 0 
70 38 
70 58 
70 75 
70 39 
70 12 
70 10 
70 55 
70 9 
70 32 
70 37 
71 27 
71 37 
71 28 
71 19 
71 2 
71 47 
71 70 
71 32 
71 49 
71 59 
71 72 
71 43 
71 22 
71 10 
71 35 
71 73 
71 3 
71 41 
71 66 
71 68 
71 62 
71 16 
71 25 
71 50 
71 40 
71 42 
71 20 
71 24 
71 55 
71 30 
71 13 
71 1 
71 53 
71 9 
71 34 
71 12 
71 11 
71 56 
71 63 
71 8 
71 14 
71 36 
71 48 
71 45 
71 61 
71 29 
71 52 
71 23 
71 17 
71 51 
71 46 
71 57 
71 21 
71 26 
71 44 
71 60 
71 0 
71 64 
71 4 
71 5 
71 7 
71 67 
71 54 
71 18 
71 33 
71 31 
71 6 
71 38 
72 29 
72 5 
72 31 
72 74 
72 67 
72 0 
72 51 
72 45 
72 9 
72 46 
72 71 
72 44 
72 34 
72 55 
72 30 
72 13 
72 22 
72 3 
72 8 
72 14 
72 47 
72 70 
72 63 
72 59 
72 37 
72 48 
72 52 
72 7 
72 53 
72 69 
72 6 
72 64 
72 35 
72 24 
72 19 
72 56 
72 49 
72 4 
72 65 
72 57 
72 40 
72 68 
72 62 
72 16 
72 11 
72 20 
72 27 
72 26 
72 58 
72 32 
72 38 
72 2 
72 33 
72 50 
72 1 
72 23 
72 28 
72 61 
72 17 
72 10 
72 21 
72 41 
72 25 
72 42 
73 18 
73 42 
73 29 
73 4 
73 57 
73 49 
73 63 
73 75 
73 62 
73 35 
73 33 
73 24 
73 45 
73 71 
73 39 
73 14 
73 68 
73 1 
73 10 
73 6 
73 37 
73 34 
73 61 
73 22 
73 60 
73 64 
73 11 
73 20 
73 9 
73 52 
73 50 
73 26 
73 27 
73 66 
73 67 
73 13 
73 43 
73 58 
73 38 
73 12 
73 69 
73 3 
73 59 
73 40 
73 44 
73 70 
73 7 
73 31 
73 8 
73 32 
73 19 
73 23 
73 25 
73 5 
73 41 
73 17 
73 55 
73 0 
73 16 
73 36 
73 51 
74 51 
74 75 
74 72 
74 6 
74 59 
74 3 
74 43 
74 61 
74 2 
74 1 
74 0 
74 49 
74 41 
74 45 
74 54 
74 31 
74 15 
74 19 
74 47 
74 29 
74 55 
74 4 
74 7 
74 17 
74 30 
74 12 
74 14 
74 65 
74 44 
74 63 
74 38 
74 66 
74 50 
74 9 
74 36 
74 28 
74 20 
74 21 
74 64 
74 57 
74 46 
74 27 
74 22 
74 24 
74 8 
74 35 
74 32 
74 58 
74 23 
74 56 
74 37 
74 68 
74 33 
74 26 
74 25 
74 10 
74 67 
74 5 
74 16 
74 11 
74 39 
74 13 
74 48 
74 62 
74 52 
74 18 
75 74 
75 39 
75 44 
75 26 
75 63 
75 53 
75 10 
75 3 
75 51 
75 2 
75 24 
75 18 
75 19 
75 73 
75 61 
75 62 
75 13 
75 32 
75 11 
75 50 
75 38 
75 41 
75 4 
75 12 
75 40 
75 16 
75 59 
75 43 
75 37 
75 17 
75 68 
75 34 
75 27 
75 64 
75 58 
75 45 
75 56 
75 29 
75 0 
75 42 
75 66 
75 7 
75 1 
75 23 
75 15 
75 31 
75 47 
75 5 
75 22 
75 6 
75 55 
75 33 
75 48 
75 52 
75 36 
75 60 
75 21 
75 69 
75 8 
75 46 
75 70 
75 49 
75 35 
75 25 
75 65 
75 30 
75 54 
75 14 
