0 71 
0 9 
0 31 
0 29 
0 26 
0 44 
0 51 
0 60 
0 25 
1 62 
1 30 
1 29 
1 68 
1 4 
1 55 
1 50 
1 5 
1 16 
2 13 
2 25 
2 26 
2 35 
2 7 
2 44 
2 29 
2 59 
2 51 
2 74 
2 56 
2 58 
3 17 
3 6 
3 41 
3 13 
3 11 
3 64 
4 14 
4 37 
4 25 
4 45 
4 23 
4 21 
4 1 
4 10 
4 33 
5 40 
5 31 
5 59 
5 47 
5 67 
5 11 
5 37 
5 20 
5 16 
5 34 
5 25 
5 66 
5 1 
6 37 
6 26 
6 58 
6 3 
6 65 
6 52 
6 25 
6 68 
6 75 
6 11 
7 49 
7 36 
7 29 
7 2 
7 47 
7 75 
7 69 
7 16 
8 18 
8 25 
8 72 
8 57 
8 69 
8 52 
8 31 
8 37 
9 64 
9 0 
9 13 
9 53 
9 34 
9 70 
9 19 
10 64 
10 41 
10 4 
11 62 
11 26 
11 61 
11 53 
11 5 
11 40 
11 3 
11 25 
11 6 
11 23 
12 59 
12 66 
12 30 
12 44 
13 2 
13 31 
13 15 
13 72 
13 9 
13 76 
13 3 
14 4 
14 33 
14 55 
14 28 
14 61 
15 22 
15 13 
15 28 
15 49 
15 41 
16 63 
16 54 
16 29 
16 62 
16 47 
16 5 
16 46 
16 42 
16 33 
16 67 
16 1 
16 7 
17 3 
17 43 
17 48 
18 8 
18 28 
18 67 
18 60 
19 39 
19 64 
19 27 
19 58 
19 24 
19 9 
19 60 
19 23 
19 48 
20 73 
20 24 
20 38 
20 5 
21 38 
21 32 
21 65 
21 61 
21 4 
21 63 
22 15 
22 39 
22 75 
22 67 
22 61 
22 46 
22 33 
22 70 
22 57 
22 44 
22 31 
22 47 
23 76 
23 57 
23 61 
23 4 
23 36 
23 31 
23 49 
23 11 
23 19 
24 60 
24 19 
24 20 
24 65 
24 33 
25 2 
25 43 
25 8 
25 4 
25 50 
25 6 
25 0 
25 11 
25 66 
25 5 
26 6 
26 2 
26 11 
26 62 
26 0 
26 60 
26 27 
26 44 
27 19 
27 38 
27 69 
27 65 
27 58 
27 26 
28 18 
28 14 
28 39 
28 15 
29 43 
29 44 
29 7 
29 0 
29 34 
29 16 
29 1 
29 2 
29 57 
29 37 
29 31 
30 1 
30 62 
30 32 
30 49 
30 40 
30 42 
30 67 
30 12 
31 13 
31 5 
31 0 
31 38 
31 63 
31 36 
31 8 
31 23 
31 22 
31 29 
31 32 
32 38 
32 21 
32 53 
32 30 
32 37 
32 39 
32 50 
32 31 
32 45 
33 14 
33 57 
33 22 
33 53 
33 45 
33 16 
33 59 
33 24 
33 4 
34 29 
34 9 
34 44 
34 5 
34 62 
35 39 
35 2 
35 63 
35 58 
35 46 
35 64 
36 7 
36 72 
36 23 
36 31 
36 44 
36 63 
37 6 
37 4 
37 32 
37 69 
37 5 
37 62 
37 59 
37 8 
37 29 
37 39 
38 42 
38 27 
38 32 
38 21 
38 31 
38 51 
38 20 
38 76 
38 41 
39 56 
39 19 
39 22 
39 54 
39 65 
39 35 
39 69 
39 71 
39 46 
39 59 
39 28 
39 32 
39 76 
39 37 
40 5 
40 60 
40 30 
40 62 
40 11 
40 45 
41 3 
41 10 
41 38 
41 15 
42 38 
42 62 
42 56 
42 30 
42 16 
43 29 
43 60 
43 25 
43 69 
43 17 
44 29 
44 74 
44 0 
44 2 
44 34 
44 22 
44 36 
44 12 
44 55 
44 26 
45 57 
45 4 
45 48 
45 33 
45 76 
45 32 
45 40 
46 49 
46 39 
46 22 
46 35 
46 16 
47 52 
47 53 
47 68 
47 5 
47 7 
47 72 
47 16 
47 62 
47 64 
47 22 
48 75 
48 50 
48 45 
48 53 
48 17 
48 19 
49 63 
49 61 
49 7 
49 46 
49 30 
49 23 
49 50 
49 15 
49 69 
49 56 
50 70 
50 58 
50 66 
50 48 
50 25 
50 32 
50 49 
50 54 
50 51 
50 71 
50 63 
50 1 
51 53 
51 73 
51 38 
51 0 
51 2 
51 50 
51 74 
52 47 
52 6 
52 8 
52 71 
53 51 
53 59 
53 32 
53 47 
53 11 
53 56 
53 9 
53 33 
53 48 
54 74 
54 39 
54 75 
54 16 
54 50 
55 59 
55 71 
55 63 
55 14 
55 66 
55 75 
55 1 
55 44 
56 39 
56 42 
56 53 
56 2 
56 49 
57 23 
57 33 
57 45 
57 8 
57 29 
57 22 
58 6 
58 19 
58 50 
58 65 
58 35 
58 61 
58 27 
58 2 
59 55 
59 12 
59 5 
59 53 
59 39 
59 76 
59 37 
59 2 
59 70 
59 33 
60 43 
60 24 
60 40 
60 18 
60 26 
60 19 
60 0 
60 61 
60 69 
61 49 
61 14 
61 21 
61 23 
61 11 
61 22 
61 73 
61 58 
61 74 
61 60 
61 65 
62 71 
62 1 
62 11 
62 42 
62 30 
62 26 
62 16 
62 40 
62 47 
62 34 
62 37 
63 49 
63 55 
63 16 
63 31 
63 35 
63 72 
63 21 
63 68 
63 69 
63 50 
63 36 
64 19 
64 10 
64 9 
64 3 
64 35 
64 47 
65 39 
65 27 
65 21 
65 6 
65 58 
65 24 
65 61 
66 68 
66 71 
66 50 
66 55 
66 12 
66 25 
66 5 
67 18 
67 22 
67 5 
67 30 
67 73 
67 16 
68 66 
68 47 
68 6 
68 73 
68 1 
68 63 
69 27 
69 76 
69 39 
69 37 
69 8 
69 43 
69 60 
69 63 
69 7 
69 49 
70 50 
70 22 
70 9 
70 59 
70 74 
71 62 
71 0 
71 55 
71 39 
71 66 
71 52 
71 50 
72 13 
72 8 
72 36 
72 47 
72 63 
73 51 
73 20 
73 61 
73 67 
73 68 
74 54 
74 44 
74 61 
74 2 
74 51 
74 70 
75 48 
75 54 
75 22 
75 7 
75 6 
75 55 
75 76 
76 23 
76 69 
76 59 
76 38 
76 13 
76 45 
76 39 
76 75 
