0 11 10 28 7 34 29 18 14 
1 48 77 2 11 7 69 46 55 4 9 
2 8 1 68 61 66 28 47 
3 8 22 64 67 71 72 40 56 70 
4 23 58 59 75 43 1 19 13 
5 13 77 71 41 47 27 29 61 26 
6 38 27 29 46 75 62 65 
7 39 42 1 38 0 68 60 19 
8 2 36 61 3 63 13 12 16 55 42 
9 20 53 1 72 11 12 
10 47 25 75 37 0 74 68 32 23 
11 0 1 43 22 64 27 9 42 
12 19 57 45 76 30 39 8 20 69 54 9 
13 5 67 8 30 20 35 59 45 75 4 70 
14 23 39 34 49 20 48 68 0 18 
15 20 38 43 40 61 67 64 22 42 36 59 
16 26 55 8 43 
17 45 22 41 21 64 73 
18 52 27 22 48 70 0 14 76 26 69 
19 12 66 37 43 53 7 4 59 
20 15 45 35 36 49 13 14 12 9 31 72 57 
21 25 69 40 22 17 45 
22 72 71 17 11 18 3 46 69 21 15 73 51 33 
23 14 4 41 77 10 
24 66 41 53 56 48 77 69 
25 61 10 53 21 37 
26 30 16 49 27 68 18 46 5 
27 49 39 6 18 5 67 26 71 11 70 
28 35 71 0 50 2 34 66 
29 6 5 0 44 43 71 55 52 
30 26 73 35 12 64 13 72 70 44 
31 55 54 56 20 
32 40 10 36 
33 43 77 22 
34 35 59 14 0 75 28 70 
35 59 28 55 34 20 30 47 13 68 69 48 
36 62 8 75 20 53 15 76 58 43 39 32 66 
37 10 70 43 19 25 77 
38 6 15 59 7 73 40 
39 70 56 7 27 14 41 12 36 
40 32 15 52 21 3 73 66 38 
41 23 24 17 39 5 61 54 
42 7 59 61 60 15 67 8 11 
43 33 15 11 37 19 4 29 77 36 16 
44 29 70 30 
45 17 20 12 51 21 46 59 13 
46 72 51 22 54 6 1 45 26 
47 10 53 56 5 35 58 2 73 
48 1 56 18 73 54 24 58 14 66 35 
49 70 26 27 20 52 14 
50 64 28 67 
51 69 46 45 65 68 53 58 22 
52 18 68 49 40 29 
53 25 47 24 36 9 19 64 51 
54 31 48 46 41 12 
55 16 35 71 31 73 8 1 66 29 
56 71 48 39 47 60 31 24 3 
57 60 12 74 20 
58 73 70 4 47 72 60 48 36 51 61 
59 35 76 34 38 4 13 42 45 72 15 19 
60 57 76 56 42 58 7 
61 25 8 2 15 41 42 5 58 
62 36 6 
63 68 8 
64 50 11 3 15 30 17 53 
65 51 76 6 77 
66 24 19 2 40 48 55 28 36 
67 13 15 3 27 42 50 76 
68 63 52 2 7 10 51 14 35 26 
69 51 75 21 22 1 18 24 35 12 
70 49 71 39 37 58 18 3 30 44 34 13 27 
71 56 70 28 22 75 5 55 3 27 29 
72 22 46 30 3 58 59 9 20 
73 58 30 76 48 55 40 22 38 17 47 
74 77 10 57 
75 10 77 36 71 69 76 4 6 34 13 
76 59 60 73 12 75 65 18 36 67 
77 75 1 74 5 33 23 24 43 65 37 
