0 84 
0 13 
0 63 
0 58 
0 56 
0 10 
0 19 
0 75 
0 21 
0 72 
0 98 
0 53 
0 91 
0 86 
0 89 
0 57 
0 16 
0 29 
0 68 
0 47 
0 3 
0 28 
0 65 
0 54 
0 4 
0 31 
0 55 
1 79 
1 22 
1 98 
1 35 
1 69 
1 31 
1 90 
1 82 
1 70 
1 52 
1 13 
1 97 
1 80 
1 61 
1 58 
1 66 
1 62 
1 7 
1 21 
1 28 
1 8 
1 4 
1 20 
1 95 
1 60 
1 93 
1 26 
1 29 
1 89 
1 9 
1 48 
2 83 
2 77 
2 13 
2 60 
2 67 
2 82 
2 45 
2 75 
2 48 
2 27 
2 37 
2 19 
2 69 
2 9 
2 81 
2 24 
2 21 
2 36 
2 29 
2 5 
2 98 
2 84 
2 6 
2 92 
2 25 
2 96 
2 61 
2 89 
2 10 
2 85 
3 67 
3 5 
3 56 
3 86 
3 10 
3 89 
3 13 
3 11 
3 31 
3 7 
3 79 
3 41 
3 20 
3 48 
3 55 
3 50 
3 75 
3 40 
3 46 
3 92 
3 68 
3 54 
3 83 
3 8 
3 53 
3 29 
3 87 
3 60 
3 0 
3 82 
3 17 
3 26 
3 76 
3 94 
3 35 
3 34 
4 94 
4 59 
4 57 
4 88 
4 15 
4 96 
4 26 
4 52 
4 45 
4 35 
4 49 
4 91 
4 43 
4 33 
4 68 
4 44 
4 32 
4 18 
4 8 
4 1 
4 46 
4 55 
4 38 
4 53 
4 58 
4 27 
4 0 
4 51 
5 3 
5 88 
5 35 
5 84 
5 77 
5 30 
5 82 
5 11 
5 47 
5 96 
5 55 
5 81 
5 63 
5 91 
5 52 
5 56 
5 89 
5 71 
5 14 
5 68 
5 75 
5 87 
5 78 
5 2 
5 58 
5 6 
5 10 
5 22 
5 92 
5 69 
5 41 
5 85 
5 62 
5 15 
5 38 
5 79 
5 72 
6 67 
6 70 
6 91 
6 12 
6 55 
6 18 
6 88 
6 56 
6 80 
6 96 
6 41 
6 29 
6 65 
6 58 
6 84 
6 27 
6 60 
6 64 
6 73 
6 69 
6 97 
6 43 
6 85 
6 66 
6 21 
6 63 
6 68 
6 5 
6 2 
6 48 
6 9 
6 34 
7 89 
7 42 
7 13 
7 27 
7 84 
7 75 
7 3 
7 72 
7 79 
7 52 
7 67 
7 29 
7 1 
7 28 
7 51 
7 91 
7 43 
7 73 
7 95 
7 40 
7 49 
7 78 
7 46 
7 93 
7 8 
7 54 
7 25 
8 95 
8 72 
8 86 
8 93 
8 58 
8 9 
8 15 
8 76 
8 19 
8 77 
8 91 
8 14 
8 33 
8 49 
8 71 
8 48 
8 4 
8 1 
8 89 
8 3 
8 28 
8 64 
8 88 
8 7 
8 11 
9 14 
9 33 
9 75 
9 30 
9 64 
9 23 
9 8 
9 74 
9 88 
9 68 
9 17 
9 12 
9 25 
9 81 
9 54 
9 90 
9 2 
9 21 
9 32 
9 86 
9 36 
9 28 
9 78 
9 56 
9 53 
9 83 
9 6 
9 43 
9 85 
9 1 
9 50 
9 98 
9 15 
10 28 
10 29 
10 98 
10 93 
10 51 
10 3 
10 17 
10 0 
10 50 
10 13 
10 63 
10 82 
10 43 
10 96 
10 34 
10 40 
10 46 
10 44 
10 27 
10 66 
10 85 
10 5 
10 23 
10 20 
10 2 
10 26 
11 14 
11 79 
11 43 
11 74 
11 5 
11 3 
11 93 
11 38 
11 94 
11 75 
11 76 
11 82 
11 37 
11 42 
11 57 
11 54 
11 56 
11 69 
11 32 
11 24 
11 78 
11 34 
11 26 
11 44 
11 70 
11 98 
11 64 
11 25 
11 89 
11 87 
11 46 
11 39 
11 61 
11 97 
11 21 
11 91 
11 8 
11 55 
12 6 
12 32 
12 56 
12 55 
12 86 
12 77 
12 25 
12 82 
12 92 
12 43 
12 34 
12 78 
12 36 
12 9 
12 80 
12 66 
12 61 
12 98 
12 27 
12 42 
12 30 
12 87 
12 58 
12 63 
12 29 
12 38 
12 97 
12 74 
12 91 
13 82 
13 35 
13 7 
13 15 
13 92 
13 2 
13 77 
13 0 
13 3 
13 1 
13 54 
13 10 
13 24 
13 28 
13 81 
13 86 
13 21 
13 68 
13 46 
13 20 
13 85 
13 42 
13 38 
13 58 
13 45 
13 89 
13 17 
13 39 
13 59 
13 53 
13 91 
13 32 
13 47 
13 70 
14 11 
14 9 
14 53 
14 24 
14 63 
14 88 
14 37 
14 91 
14 51 
14 76 
14 97 
14 5 
14 49 
14 15 
14 8 
14 33 
14 96 
14 93 
14 35 
14 41 
14 55 
14 46 
14 52 
14 42 
14 47 
14 75 
14 18 
15 51 
15 80 
15 13 
15 46 
15 41 
15 4 
15 66 
15 8 
15 70 
15 28 
15 19 
15 87 
15 56 
15 79 
15 34 
15 14 
15 81 
15 27 
15 20 
15 21 
15 68 
15 32 
15 60 
15 53 
15 93 
15 40 
15 26 
15 38 
15 35 
15 75 
15 5 
15 9 
16 74 
16 31 
16 19 
16 44 
16 96 
16 49 
16 18 
16 47 
16 95 
16 22 
16 81 
16 84 
16 38 
16 70 
16 43 
16 52 
16 55 
16 78 
16 0 
16 32 
16 34 
16 61 
16 64 
17 32 
17 58 
17 71 
17 60 
17 90 
17 70 
17 67 
17 56 
17 10 
17 61 
17 9 
17 48 
17 28 
17 83 
17 24 
17 87 
17 76 
17 89 
17 57 
17 51 
17 35 
17 18 
17 33 
17 13 
17 95 
17 66 
17 3 
17 59 
18 73 
18 26 
18 84 
18 94 
18 6 
18 71 
18 45 
18 16 
18 23 
18 60 
18 85 
18 64 
18 25 
18 41 
18 30 
18 31 
18 81 
18 4 
18 62 
18 42 
18 49 
18 37 
18 17 
18 40 
18 87 
18 69 
18 36 
18 14 
19 95 
19 38 
19 97 
19 16 
19 47 
19 98 
19 89 
19 56 
19 15 
19 0 
19 8 
19 67 
19 76 
19 2 
19 53 
19 54 
19 79 
19 78 
19 45 
19 80 
19 82 
19 29 
19 55 
19 43 
19 27 
20 85 
20 24 
20 36 
20 89 
20 79 
20 33 
20 81 
20 88 
20 57 
20 22 
20 87 
20 3 
20 69 
20 56 
20 67 
20 47 
20 29 
20 75 
20 15 
20 25 
20 13 
20 51 
20 44 
20 98 
20 55 
20 1 
20 76 
20 30 
20 91 
20 59 
20 84 
20 10 
20 28 
20 96 
20 95 
20 53 
20 73 
20 94 
21 90 
21 65 
21 29 
21 30 
21 28 
21 71 
21 0 
21 1 
21 13 
21 77 
21 15 
21 9 
21 57 
21 80 
21 62 
21 86 
21 2 
21 41 
21 51 
21 6 
21 70 
21 87 
21 44 
21 63 
21 61 
21 11 
21 52 
21 49 
21 96 
21 64 
22 1 
22 44 
22 92 
22 32 
22 25 
22 31 
22 23 
22 20 
22 46 
22 94 
22 16 
22 29 
22 75 
22 80 
22 65 
22 58 
22 97 
22 87 
22 52 
22 89 
22 61 
22 84 
22 36 
22 37 
22 24 
22 85 
22 66 
22 51 
22 48 
22 5 
22 26 
22 54 
23 95 
23 97 
23 94 
23 31 
23 9 
23 55 
23 22 
23 18 
23 72 
23 52 
23 41 
23 26 
23 58 
23 78 
23 29 
23 64 
23 82 
23 68 
23 53 
23 37 
23 54 
23 45 
23 61 
23 59 
23 10 
23 38 
23 74 
23 83 
23 86 
23 65 
24 20 
24 47 
24 80 
24 45 
24 93 
24 14 
24 29 
24 32 
24 28 
24 71 
24 13 
24 72 
24 17 
24 11 
24 97 
24 55 
24 78 
24 65 
24 2 
24 63 
24 76 
24 43 
24 95 
24 37 
24 22 
24 61 
24 98 
24 94 
24 68 
24 38 
24 42 
24 59 
24 51 
24 62 
24 46 
24 25 
24 30 
24 66 
25 78 
25 68 
25 12 
25 22 
25 73 
25 81 
25 27 
25 48 
25 37 
25 74 
25 18 
25 33 
25 9 
25 41 
25 63 
25 20 
25 65 
25 11 
25 53 
25 60 
25 39 
25 58 
25 2 
25 85 
25 86 
25 24 
25 7 
25 32 
25 55 
26 53 
26 92 
26 18 
26 54 
26 4 
26 91 
26 33 
26 56 
26 89 
26 47 
26 52 
26 23 
26 86 
26 60 
26 40 
26 85 
26 11 
26 73 
26 42 
26 1 
26 74 
26 15 
26 3 
26 22 
26 49 
26 82 
26 71 
26 97 
26 64 
26 57 
26 10 
26 70 
26 72 
27 30 
27 7 
27 41 
27 25 
27 31 
27 64 
27 60 
27 35 
27 67 
27 84 
27 73 
27 2 
27 58 
27 44 
27 6 
27 15 
27 93 
27 34 
27 12 
27 51 
27 10 
27 33 
27 19 
27 77 
27 4 
27 43 
27 56 
27 36 
28 35 
28 10 
28 55 
28 67 
28 94 
28 24 
28 21 
28 51 
28 15 
28 13 
28 85 
28 38 
28 78 
28 7 
28 30 
28 98 
28 34 
28 68 
28 17 
28 1 
28 72 
28 82 
28 32 
28 9 
28 79 
28 65 
28 56 
28 52 
28 73 
28 31 
28 8 
28 76 
28 0 
28 40 
28 20 
28 42 
29 10 
29 24 
29 21 
29 57 
29 73 
29 36 
29 22 
29 48 
29 7 
29 94 
29 43 
29 6 
29 20 
29 23 
29 87 
29 84 
29 70 
29 37 
29 62 
29 33 
29 19 
29 3 
29 0 
29 74 
29 2 
29 1 
29 63 
29 12 
29 86 
29 66 
30 27 
30 52 
30 56 
30 5 
30 9 
30 61 
30 21 
30 37 
30 77 
30 66 
30 86 
30 44 
30 18 
30 79 
30 89 
30 28 
30 93 
30 53 
30 43 
30 41 
30 92 
30 91 
30 88 
30 12 
30 20 
30 80 
30 24 
30 62 
30 94 
31 16 
31 61 
31 1 
31 23 
31 92 
31 22 
31 73 
31 27 
31 3 
31 50 
31 43 
31 18 
31 74 
31 65 
31 67 
31 83 
31 63 
31 70 
31 48 
31 40 
31 28 
31 45 
31 56 
31 85 
31 0 
32 12 
32 81 
32 17 
32 22 
32 75 
32 91 
32 33 
32 24 
32 39 
32 61 
32 67 
32 65 
32 53 
32 85 
32 76 
32 66 
32 47 
32 34 
32 4 
32 83 
32 11 
32 90 
32 84 
32 9 
32 59 
32 38 
32 15 
32 28 
32 97 
32 63 
32 16 
32 80 
32 13 
32 40 
32 25 
32 42 
32 98 
33 92 
33 9 
33 47 
33 32 
33 48 
33 20 
33 60 
33 38 
33 39 
33 26 
33 25 
33 4 
33 46 
33 81 
33 35 
33 44 
33 14 
33 8 
33 75 
33 50 
33 29 
33 96 
33 17 
33 63 
33 27 
33 94 
33 54 
33 79 
33 40 
33 61 
33 82 
34 98 
34 59 
34 42 
34 76 
34 39 
34 88 
34 12 
34 52 
34 75 
34 36 
34 72 
34 83 
34 15 
34 32 
34 28 
34 61 
34 51 
34 10 
34 11 
34 70 
34 50 
34 27 
34 87 
34 71 
34 92 
34 64 
34 16 
34 56 
34 40 
34 3 
34 38 
34 69 
34 6 
35 28 
35 13 
35 1 
35 79 
35 5 
35 60 
35 36 
35 98 
35 51 
35 4 
35 90 
35 91 
35 72 
35 27 
35 83 
35 33 
35 94 
35 62 
35 80 
35 14 
35 17 
35 63 
35 15 
35 64 
35 67 
35 3 
36 65 
36 20 
36 50 
36 35 
36 88 
36 55 
36 84 
36 29 
36 34 
36 96 
36 45 
36 12 
36 39 
36 73 
36 9 
36 46 
36 89 
36 70 
36 22 
36 2 
36 93 
36 91 
36 18 
36 27 
36 83 
37 67 
37 90 
37 30 
37 81 
37 14 
37 66 
37 25 
37 11 
37 2 
37 64 
37 69 
37 24 
37 29 
37 23 
37 22 
37 50 
37 87 
37 48 
37 73 
37 18 
37 78 
37 83 
37 85 
37 91 
37 46 
37 82 
38 19 
38 68 
38 33 
38 48 
38 44 
38 11 
38 28 
38 55 
38 84 
38 51 
38 62 
38 16 
38 50 
38 32 
38 65 
38 13 
38 90 
38 70 
38 53 
38 91 
38 15 
38 24 
38 4 
38 76 
38 23 
38 64 
38 12 
38 5 
38 34 
39 86 
39 73 
39 87 
39 34 
39 32 
39 84 
39 93 
39 33 
39 91 
39 55 
39 36 
39 69 
39 67 
39 49 
39 76 
39 25 
39 11 
39 92 
39 13 
39 65 
39 53 
39 98 
39 62 
40 74 
40 87 
40 63 
40 60 
40 44 
40 79 
40 45 
40 76 
40 78 
40 66 
40 50 
40 26 
40 3 
40 7 
40 61 
40 93 
40 98 
40 56 
40 47 
40 10 
40 94 
40 88 
40 15 
40 92 
40 18 
40 31 
40 89 
40 68 
40 32 
40 28 
40 33 
40 34 
41 15 
41 48 
41 27 
41 44 
41 53 
41 69 
41 49 
41 3 
41 18 
41 23 
41 6 
41 43 
41 70 
41 25 
41 77 
41 91 
41 47 
41 30 
41 54 
41 60 
41 21 
41 68 
41 14 
41 78 
41 83 
41 59 
41 80 
41 97 
41 96 
41 5 
42 7 
42 34 
42 97 
42 69 
42 43 
42 76 
42 11 
42 86 
42 96 
42 89 
42 92 
42 78 
42 60 
42 18 
42 12 
42 90 
42 26 
42 13 
42 24 
42 14 
42 45 
42 28 
42 59 
42 67 
42 32 
43 50 
43 55 
43 11 
43 88 
43 42 
43 12 
43 59 
43 74 
43 31 
43 4 
43 54 
43 41 
43 29 
43 7 
43 84 
43 30 
43 10 
43 16 
43 85 
43 57 
43 24 
43 96 
43 62 
43 68 
43 6 
43 86 
43 19 
43 97 
43 9 
43 81 
43 27 
43 76 
44 22 
44 41 
44 95 
44 40 
44 16 
44 68 
44 52 
44 38 
44 89 
44 77 
44 64 
44 87 
44 30 
44 93 
44 76 
44 33 
44 27 
44 4 
44 70 
44 72 
44 11 
44 20 
44 47 
44 63 
44 10 
44 84 
44 21 
44 97 
44 75 
45 65 
45 72 
45 24 
45 63 
45 49 
45 18 
45 47 
45 4 
45 96 
45 40 
45 75 
45 2 
45 51 
45 85 
45 36 
45 74 
45 80 
45 67 
45 98 
45 19 
45 73 
45 60 
45 23 
45 13 
45 55 
45 57 
45 31 
45 42 
46 97 
46 15 
46 88 
46 75 
46 67 
46 66 
46 80 
46 22 
46 95 
46 73 
46 63 
46 33 
46 81 
46 76 
46 3 
46 13 
46 68 
46 78 
46 36 
46 7 
46 4 
46 11 
46 10 
46 14 
46 24 
46 70 
46 84 
46 37 
46 48 
46 83 
47 24 
47 49 
47 33 
47 19 
47 81 
47 45 
47 5 
47 79 
47 16 
47 73 
47 26 
47 86 
47 60 
47 32 
47 20 
47 41 
47 92 
47 83 
47 55 
47 70 
47 40 
47 52 
47 98 
47 74 
47 80 
47 44 
47 66 
47 68 
47 0 
47 14 
47 13 
48 41 
48 33 
48 38 
48 84 
48 25 
48 92 
48 3 
48 29 
48 2 
48 87 
48 78 
48 88 
48 60 
48 17 
48 68 
48 65 
48 8 
48 71 
48 58 
48 37 
48 31 
48 98 
48 22 
48 6 
48 76 
48 74 
48 89 
48 46 
48 1 
49 47 
49 83 
49 67 
49 45 
49 84 
49 62 
49 41 
49 86 
49 59 
49 77 
49 16 
49 54 
49 64 
49 66 
49 4 
49 98 
49 57 
49 14 
49 80 
49 39 
49 8 
49 7 
49 18 
49 50 
49 93 
49 81 
49 61 
49 70 
49 82 
49 71 
49 26 
49 21 
49 92 
50 43 
50 81 
50 58 
50 36 
50 53 
50 31 
50 80 
50 10 
50 56 
50 40 
50 72 
50 3 
50 62 
50 94 
50 38 
50 68 
50 34 
50 60 
50 98 
50 57 
50 37 
50 49 
50 33 
50 65 
50 84 
50 67 
50 61 
50 78 
50 9 
51 15 
51 10 
51 35 
51 45 
51 90 
51 14 
51 28 
51 38 
51 7 
51 34 
51 93 
51 20 
51 63 
51 76 
51 27 
51 17 
51 21 
51 94 
51 22 
51 62 
51 24 
51 82 
51 85 
51 64 
51 4 
52 59 
52 30 
52 90 
52 80 
52 4 
52 74 
52 1 
52 55 
52 34 
52 44 
52 94 
52 68 
52 5 
52 7 
52 26 
52 23 
52 56 
52 22 
52 85 
52 69 
52 95 
52 16 
52 47 
52 77 
52 28 
52 70 
52 14 
52 72 
52 21 
52 66 
53 26 
53 14 
53 41 
53 50 
53 32 
53 93 
53 98 
53 76 
53 62 
53 19 
53 30 
53 71 
53 0 
53 84 
53 23 
53 25 
53 3 
53 15 
53 38 
53 92 
53 9 
53 85 
53 39 
53 13 
53 83 
53 4 
53 82 
53 20 
54 26 
54 80 
54 49 
54 13 
54 65 
54 98 
54 43 
54 67 
54 11 
54 9 
54 19 
54 85 
54 41 
54 3 
54 97 
54 23 
54 75 
54 62 
54 63 
54 84 
54 33 
54 61 
54 0 
54 7 
54 22 
54 96 
55 77 
55 6 
55 12 
55 43 
55 84 
55 28 
55 91 
55 23 
55 71 
55 36 
55 67 
55 52 
55 5 
55 74 
55 3 
55 39 
55 38 
55 70 
55 24 
55 47 
55 62 
55 20 
55 16 
55 45 
55 19 
55 14 
55 90 
55 4 
55 80 
55 87 
55 95 
55 61 
55 11 
55 25 
55 0 
56 3 
56 12 
56 30 
56 63 
56 66 
56 70 
56 86 
56 6 
56 17 
56 0 
56 97 
56 26 
56 19 
56 50 
56 5 
56 15 
56 20 
56 11 
56 52 
56 40 
56 84 
56 65 
56 28 
56 9 
56 69 
56 60 
56 71 
56 34 
56 31 
56 27 
57 91 
57 4 
57 80 
57 29 
57 20 
57 98 
57 97 
57 83 
57 85 
57 96 
57 49 
57 11 
57 87 
57 89 
57 21 
57 79 
57 43 
57 50 
57 0 
57 17 
57 74 
57 59 
57 45 
57 72 
57 26 
58 50 
58 95 
58 90 
58 17 
58 0 
58 8 
58 1 
58 81 
58 23 
58 22 
58 27 
58 76 
58 6 
58 82 
58 48 
58 66 
58 13 
58 25 
58 64 
58 60 
58 62 
58 5 
58 12 
58 77 
58 4 
59 82 
59 52 
59 4 
59 69 
59 34 
59 49 
59 43 
59 65 
59 70 
59 75 
59 71 
59 32 
59 92 
59 67 
59 97 
59 98 
59 57 
59 41 
59 20 
59 23 
59 13 
59 24 
59 80 
59 96 
59 42 
59 17 
60 35 
60 2 
60 17 
60 40 
60 83 
60 76 
60 68 
60 33 
60 93 
60 18 
60 27 
60 81 
60 61 
60 75 
60 26 
60 47 
60 48 
60 72 
60 6 
60 42 
60 15 
60 50 
60 69 
60 41 
60 98 
60 25 
60 1 
60 45 
60 3 
60 58 
60 84 
60 56 
61 31 
61 94 
61 30 
61 86 
61 32 
61 1 
61 82 
61 17 
61 60 
61 71 
61 34 
61 40 
61 12 
61 85 
61 22 
61 24 
61 49 
61 23 
61 11 
61 2 
61 21 
61 98 
61 54 
61 55 
61 16 
61 33 
61 50 
61 84 
62 49 
62 89 
62 73 
62 96 
62 1 
62 97 
62 53 
62 38 
62 50 
62 35 
62 83 
62 93 
62 63 
62 21 
62 18 
62 55 
62 29 
62 43 
62 54 
62 86 
62 58 
62 51 
62 24 
62 5 
62 30 
62 95 
62 39 
63 89 
63 56 
63 40 
63 14 
63 45 
63 69 
63 0 
63 79 
63 5 
63 68 
63 46 
63 74 
63 25 
63 10 
63 96 
63 62 
63 24 
63 51 
63 32 
63 31 
63 44 
63 54 
63 88 
63 84 
63 33 
63 6 
63 35 
63 12 
63 29 
63 21 
63 95 
64 83 
64 79 
64 9 
64 90 
64 49 
64 27 
64 18 
64 88 
64 44 
64 37 
64 69 
64 23 
64 6 
64 11 
64 81 
64 58 
64 65 
64 34 
64 8 
64 35 
64 38 
64 91 
64 26 
64 51 
64 21 
64 16 
65 45 
65 36 
65 92 
65 70 
65 21 
65 69 
65 59 
65 32 
65 75 
65 54 
65 79 
65 83 
65 86 
65 22 
65 67 
65 48 
65 6 
65 31 
65 24 
65 25 
65 89 
65 56 
65 38 
65 28 
65 64 
65 50 
65 39 
65 0 
65 23 
66 94 
66 56 
66 46 
66 72 
66 37 
66 1 
66 15 
66 40 
66 30 
66 49 
66 93 
66 12 
66 32 
66 90 
66 74 
66 91 
66 58 
66 85 
66 47 
66 22 
66 6 
66 10 
66 17 
66 86 
66 52 
66 24 
66 29 
67 37 
67 6 
67 3 
67 77 
67 28 
67 49 
67 17 
67 46 
67 2 
67 55 
67 32 
67 7 
67 27 
67 19 
67 71 
67 20 
67 54 
67 92 
67 65 
67 45 
67 31 
67 39 
67 86 
67 74 
67 87 
67 89 
67 59 
67 88 
67 35 
67 50 
67 90 
67 42 
68 38 
68 25 
68 60 
68 44 
68 52 
68 84 
68 63 
68 9 
68 48 
68 4 
68 28 
68 72 
68 97 
68 13 
68 3 
68 46 
68 15 
68 5 
68 50 
68 89 
68 23 
68 41 
68 43 
68 87 
68 0 
68 47 
68 6 
68 24 
68 40 
68 69 
69 1 
69 59 
69 42 
69 65 
69 41 
69 63 
69 73 
69 95 
69 92 
69 20 
69 80 
69 84 
69 64 
69 11 
69 2 
69 37 
69 39 
69 79 
69 6 
69 52 
69 91 
69 60 
69 56 
69 5 
69 18 
69 34 
69 68 
70 6 
70 73 
70 65 
70 84 
70 17 
70 56 
70 82 
70 1 
70 93 
70 89 
70 15 
70 59 
70 86 
70 41 
70 79 
70 55 
70 16 
70 44 
70 97 
70 34 
70 29 
70 47 
70 36 
70 11 
70 38 
70 31 
70 49 
70 52 
70 21 
70 46 
70 78 
70 26 
70 95 
70 13 
71 17 
71 18 
71 55 
71 74 
71 21 
71 24 
71 80 
71 5 
71 67 
71 72 
71 61 
71 86 
71 89 
71 82 
71 53 
71 59 
71 8 
71 79 
71 96 
71 48 
71 34 
71 49 
71 77 
71 56 
71 26 
72 83 
72 45 
72 8 
72 78 
72 66 
72 23 
72 73 
72 7 
72 76 
72 24 
72 34 
72 35 
72 50 
72 71 
72 96 
72 0 
72 60 
72 28 
72 68 
72 95 
72 44 
72 85 
72 86 
72 52 
72 89 
72 57 
72 26 
72 5 
73 18 
73 78 
73 70 
73 39 
73 92 
73 25 
73 69 
73 89 
73 31 
73 29 
73 72 
73 85 
73 47 
73 77 
73 62 
73 76 
73 46 
73 27 
73 94 
73 7 
73 96 
73 36 
73 6 
73 26 
73 37 
73 45 
73 82 
73 28 
73 74 
73 20 
74 16 
74 40 
74 11 
74 52 
74 71 
74 43 
74 9 
74 55 
74 25 
74 45 
74 63 
74 31 
74 67 
74 66 
74 47 
74 57 
74 80 
74 29 
74 26 
74 48 
74 73 
74 23 
74 86 
74 12 
75 46 
75 9 
75 32 
75 7 
75 92 
75 81 
75 45 
75 65 
75 34 
75 11 
75 22 
75 2 
75 60 
75 85 
75 0 
75 3 
75 59 
75 87 
75 20 
75 76 
75 84 
75 5 
75 82 
75 33 
75 54 
75 15 
75 14 
75 44 
76 34 
76 60 
76 98 
76 40 
76 42 
76 72 
76 14 
76 8 
76 95 
76 73 
76 11 
76 44 
76 92 
76 32 
76 53 
76 19 
76 46 
76 58 
76 86 
76 89 
76 75 
76 24 
76 17 
76 51 
76 39 
76 83 
76 20 
76 77 
76 80 
76 91 
76 87 
76 3 
76 28 
76 38 
76 48 
76 43 
77 2 
77 55 
77 67 
77 5 
77 13 
77 12 
77 78 
77 49 
77 30 
77 73 
77 44 
77 79 
77 8 
77 41 
77 21 
77 89 
77 88 
77 92 
77 52 
77 76 
77 90 
77 58 
77 71 
77 91 
77 87 
77 27 
78 73 
78 25 
78 87 
78 77 
78 72 
78 12 
78 40 
78 48 
78 23 
78 28 
78 42 
78 11 
78 46 
78 24 
78 19 
78 89 
78 7 
78 9 
78 16 
78 5 
78 37 
78 41 
78 90 
78 81 
78 50 
78 70 
79 1 
79 11 
79 35 
79 20 
79 64 
79 63 
79 40 
79 47 
79 88 
79 3 
79 7 
79 65 
79 77 
79 30 
79 15 
79 90 
79 70 
79 69 
79 71 
79 19 
79 57 
79 28 
79 86 
79 33 
79 87 
79 5 
80 24 
80 15 
80 96 
80 93 
80 52 
80 57 
80 84 
80 54 
80 1 
80 6 
80 50 
80 46 
80 71 
80 69 
80 22 
80 12 
80 45 
80 35 
80 49 
80 87 
80 21 
80 97 
80 19 
80 47 
80 74 
80 76 
80 32 
80 55 
80 41 
80 59 
80 30 
81 50 
81 92 
81 32 
81 94 
81 47 
81 37 
81 25 
81 20 
81 93 
81 75 
81 5 
81 60 
81 58 
81 13 
81 16 
81 46 
81 9 
81 33 
81 97 
81 15 
81 18 
81 2 
81 64 
81 49 
81 90 
81 78 
81 43 
81 85 
82 13 
82 59 
82 5 
82 12 
82 70 
82 1 
82 2 
82 61 
82 11 
82 85 
82 71 
82 10 
82 58 
82 83 
82 23 
82 91 
82 28 
82 75 
82 19 
82 73 
82 49 
82 3 
82 84 
82 51 
82 26 
82 53 
82 33 
82 37 
83 72 
83 2 
83 64 
83 49 
83 60 
83 57 
83 34 
83 65 
83 35 
83 17 
83 32 
83 82 
83 62 
83 3 
83 47 
83 93 
83 76 
83 31 
83 41 
83 37 
83 9 
83 53 
83 91 
83 23 
83 36 
83 46 
84 18 
84 7 
84 5 
84 55 
84 70 
84 0 
84 80 
84 49 
84 39 
84 85 
84 48 
84 36 
84 68 
84 87 
84 69 
84 27 
84 16 
84 38 
84 43 
84 6 
84 32 
84 29 
84 53 
84 75 
84 22 
84 56 
84 63 
84 54 
84 50 
84 2 
84 20 
84 82 
84 44 
84 60 
84 46 
84 93 
84 98 
84 96 
84 61 
85 20 
85 84 
85 73 
85 18 
85 57 
85 45 
85 28 
85 32 
85 75 
85 82 
85 26 
85 61 
85 54 
85 13 
85 52 
85 95 
85 43 
85 72 
85 22 
85 66 
85 6 
85 37 
85 10 
85 53 
85 25 
85 5 
85 9 
85 51 
85 31 
85 81 
85 89 
85 2 
86 3 
86 39 
86 91 
86 12 
86 56 
86 8 
86 49 
86 61 
86 30 
86 70 
86 87 
86 47 
86 13 
86 26 
86 65 
86 42 
86 71 
86 76 
86 88 
86 98 
86 89 
86 67 
86 0 
86 9 
86 21 
86 79 
86 72 
86 43 
86 62 
86 66 
86 29 
86 25 
86 74 
86 23 
87 39 
87 40 
87 78 
87 20 
87 15 
87 84 
87 44 
87 86 
87 48 
87 57 
87 22 
87 75 
87 17 
87 29 
87 80 
87 67 
87 34 
87 89 
87 37 
87 12 
87 5 
87 11 
87 68 
87 3 
87 18 
87 76 
87 21 
87 77 
87 55 
87 79 
88 5 
88 46 
88 4 
88 34 
88 6 
88 43 
88 14 
88 36 
88 20 
88 79 
88 64 
88 9 
88 48 
88 86 
88 77 
88 93 
88 30 
88 40 
88 67 
88 63 
88 8 
89 7 
89 97 
89 63 
89 20 
89 94 
89 3 
89 73 
89 62 
89 19 
89 44 
89 70 
89 26 
89 5 
89 30 
89 71 
89 95 
89 77 
89 42 
89 57 
89 98 
89 76 
89 86 
89 22 
89 36 
89 17 
89 68 
89 78 
89 8 
89 0 
89 65 
89 87 
89 67 
89 11 
89 13 
89 40 
89 1 
89 72 
89 2 
89 48 
89 85 
90 58 
90 21 
90 52 
90 17 
90 1 
90 37 
90 64 
90 35 
90 51 
90 96 
90 79 
90 32 
90 9 
90 66 
90 42 
90 38 
90 77 
90 81 
90 78 
90 55 
90 67 
91 57 
91 6 
91 86 
91 55 
91 32 
91 14 
91 26 
91 39 
91 35 
91 5 
91 4 
91 8 
91 7 
91 41 
91 94 
91 0 
91 30 
91 69 
91 82 
91 66 
91 76 
91 38 
91 20 
91 83 
91 37 
91 13 
91 36 
91 77 
91 64 
91 11 
91 12 
92 81 
92 26 
92 33 
92 13 
92 65 
92 22 
92 73 
92 31 
92 75 
92 12 
92 48 
92 69 
92 96 
92 76 
92 67 
92 42 
92 3 
92 47 
92 30 
92 77 
92 59 
92 40 
92 53 
92 39 
92 34 
92 2 
92 5 
92 95 
92 49 
93 80 
93 10 
93 24 
93 81 
93 60 
93 39 
93 8 
93 70 
93 11 
93 95 
93 53 
93 44 
93 66 
93 30 
93 27 
93 51 
93 40 
93 62 
93 88 
93 14 
93 83 
93 49 
93 98 
93 1 
93 15 
93 36 
93 7 
93 84 
94 66 
94 4 
94 18 
94 61 
94 23 
94 81 
94 89 
94 28 
94 52 
94 22 
94 11 
94 29 
94 73 
94 35 
94 50 
94 91 
94 40 
94 51 
94 24 
94 33 
94 3 
94 20 
94 30 
95 19 
95 58 
95 23 
95 8 
95 44 
95 69 
95 16 
95 76 
95 46 
95 93 
95 89 
95 97 
95 7 
95 72 
95 85 
95 52 
95 24 
95 1 
95 17 
95 92 
95 63 
95 55 
95 20 
95 62 
95 70 
95 98 
96 80 
96 4 
96 16 
96 98 
96 45 
96 5 
96 6 
96 36 
96 57 
96 62 
96 92 
96 90 
96 72 
96 42 
96 63 
96 14 
96 10 
96 73 
96 71 
96 43 
96 33 
96 2 
96 41 
96 20 
96 84 
96 59 
96 21 
96 54 
97 89 
97 46 
97 19 
97 42 
97 23 
97 57 
97 1 
97 56 
97 62 
97 14 
97 81 
97 95 
97 22 
97 68 
97 24 
97 70 
97 80 
97 54 
97 6 
97 32 
97 59 
97 43 
97 41 
97 11 
97 44 
97 26 
97 12 
98 1 
98 34 
98 10 
98 96 
98 76 
98 19 
98 35 
98 57 
98 54 
98 53 
98 49 
98 28 
98 0 
98 86 
98 89 
98 45 
98 40 
98 12 
98 20 
98 50 
98 11 
98 60 
98 47 
98 93 
98 59 
98 24 
98 48 
98 2 
98 39 
98 61 
98 84 
98 9 
98 32 
98 95 
