0 2 
0 12 
0 29 
0 7 
0 4 
0 3 
0 11 
0 27 
0 9 
0 32 
0 19 
0 21 
0 25 
0 20 
0 8 
0 23 
0 34 
0 33 
0 30 
0 18 
0 14 
0 13 
0 1 
0 5 
0 22 
0 17 
0 6 
1 6 
1 25 
1 7 
1 26 
1 24 
1 34 
1 8 
1 10 
1 30 
1 15 
1 23 
1 22 
1 4 
1 20 
1 28 
1 3 
1 33 
1 0 
1 2 
1 12 
1 14 
1 29 
2 0 
2 26 
2 21 
2 25 
2 15 
2 34 
2 14 
2 7 
2 19 
2 23 
2 27 
2 24 
2 31 
2 10 
2 17 
2 30 
2 9 
2 3 
2 8 
2 1 
2 6 
2 13 
3 24 
3 29 
3 9 
3 4 
3 6 
3 18 
3 19 
3 0 
3 16 
3 13 
3 32 
3 33 
3 7 
3 34 
3 28 
3 12 
3 26 
3 10 
3 5 
3 8 
3 1 
3 11 
3 22 
3 2 
3 14 
3 25 
3 15 
3 23 
4 13 
4 23 
4 22 
4 29 
4 3 
4 18 
4 7 
4 15 
4 6 
4 0 
4 5 
4 8 
4 19 
4 20 
4 25 
4 9 
4 12 
4 32 
4 11 
4 26 
4 1 
4 21 
4 30 
4 10 
4 34 
5 24 
5 8 
5 14 
5 10 
5 31 
5 4 
5 13 
5 12 
5 26 
5 18 
5 19 
5 3 
5 21 
5 34 
5 6 
5 30 
5 32 
5 29 
5 0 
5 9 
5 33 
5 7 
5 20 
6 1 
6 34 
6 10 
6 3 
6 16 
6 4 
6 15 
6 26 
6 27 
6 24 
6 17 
6 18 
6 30 
6 8 
6 9 
6 31 
6 5 
6 28 
6 21 
6 29 
6 7 
6 13 
6 19 
6 2 
6 32 
6 0 
7 1 
7 10 
7 34 
7 28 
7 21 
7 4 
7 2 
7 0 
7 19 
7 20 
7 22 
7 15 
7 3 
7 9 
7 25 
7 8 
7 32 
7 31 
7 26 
7 12 
7 27 
7 11 
7 33 
7 17 
7 30 
7 14 
7 13 
7 29 
7 6 
7 5 
7 16 
7 23 
8 5 
8 14 
8 15 
8 22 
8 16 
8 30 
8 19 
8 25 
8 26 
8 4 
8 7 
8 1 
8 20 
8 27 
8 10 
8 33 
8 9 
8 29 
8 34 
8 31 
8 0 
8 6 
8 3 
8 12 
8 23 
8 13 
8 32 
8 28 
8 2 
8 18 
8 17 
9 3 
9 28 
9 17 
9 12 
9 21 
9 13 
9 20 
9 0 
9 7 
9 16 
9 8 
9 34 
9 4 
9 25 
9 29 
9 27 
9 6 
9 22 
9 18 
9 2 
9 26 
9 15 
9 5 
9 30 
10 27 
10 7 
10 23 
10 6 
10 20 
10 17 
10 5 
10 31 
10 34 
10 1 
10 12 
10 8 
10 18 
10 3 
10 30 
10 2 
10 24 
10 29 
10 19 
10 22 
10 28 
10 14 
10 33 
10 4 
10 15 
10 26 
11 17 
11 33 
11 29 
11 24 
11 21 
11 18 
11 0 
11 15 
11 20 
11 32 
11 34 
11 7 
11 22 
11 4 
11 14 
11 25 
11 3 
11 23 
11 19 
11 28 
11 31 
12 22 
12 16 
12 26 
12 28 
12 0 
12 31 
12 9 
12 23 
12 25 
12 27 
12 5 
12 10 
12 18 
12 15 
12 7 
12 3 
12 33 
12 14 
12 24 
12 4 
12 21 
12 30 
12 8 
12 20 
12 1 
13 4 
13 34 
13 16 
13 25 
13 26 
13 9 
13 3 
13 5 
13 27 
13 29 
13 28 
13 31 
13 15 
13 7 
13 0 
13 14 
13 8 
13 17 
13 6 
13 22 
13 18 
13 32 
13 2 
14 23 
14 8 
14 33 
14 5 
14 16 
14 2 
14 20 
14 31 
14 32 
14 30 
14 28 
14 24 
14 12 
14 17 
14 25 
14 27 
14 11 
14 34 
14 26 
14 7 
14 21 
14 0 
14 22 
14 13 
14 10 
14 3 
14 1 
14 19 
15 23 
15 19 
15 8 
15 2 
15 4 
15 25 
15 6 
15 28 
15 7 
15 31 
15 11 
15 16 
15 12 
15 29 
15 26 
15 24 
15 1 
15 34 
15 30 
15 21 
15 22 
15 13 
15 9 
15 27 
15 10 
15 3 
15 33 
16 34 
16 12 
16 29 
16 13 
16 6 
16 14 
16 33 
16 8 
16 31 
16 22 
16 3 
16 18 
16 19 
16 30 
16 20 
16 9 
16 17 
16 15 
16 24 
16 28 
16 25 
16 7 
16 32 
16 21 
17 11 
17 24 
17 10 
17 9 
17 21 
17 20 
17 22 
17 16 
17 27 
17 28 
17 6 
17 14 
17 34 
17 18 
17 7 
17 23 
17 2 
17 31 
17 19 
17 29 
17 13 
17 25 
17 0 
17 8 
17 26 
18 19 
18 21 
18 3 
18 27 
18 4 
18 22 
18 24 
18 11 
18 16 
18 25 
18 20 
18 23 
18 12 
18 5 
18 10 
18 26 
18 6 
18 17 
18 0 
18 9 
18 8 
18 30 
18 31 
18 13 
19 15 
19 18 
19 23 
19 29 
19 8 
19 2 
19 7 
19 3 
19 16 
19 4 
19 0 
19 28 
19 5 
19 22 
19 21 
19 30 
19 32 
19 27 
19 26 
19 10 
19 17 
19 31 
19 11 
19 34 
19 33 
19 6 
19 14 
20 22 
20 10 
20 17 
20 7 
20 34 
20 14 
20 9 
20 18 
20 11 
20 16 
20 8 
20 0 
20 4 
20 26 
20 1 
20 21 
20 12 
20 28 
20 29 
20 32 
20 30 
20 23 
20 5 
21 18 
21 2 
21 33 
21 7 
21 24 
21 17 
21 11 
21 9 
21 22 
21 31 
21 0 
21 32 
21 19 
21 5 
21 15 
21 12 
21 20 
21 28 
21 23 
21 14 
21 30 
21 4 
21 6 
21 16 
22 12 
22 4 
22 23 
22 8 
22 20 
22 24 
22 18 
22 16 
22 7 
22 33 
22 17 
22 21 
22 31 
22 11 
22 19 
22 1 
22 15 
22 14 
22 10 
22 9 
22 3 
22 34 
22 13 
22 0 
22 29 
23 15 
23 30 
23 19 
23 14 
23 4 
23 10 
23 22 
23 12 
23 18 
23 2 
23 24 
23 31 
23 1 
23 0 
23 32 
23 17 
23 21 
23 8 
23 11 
23 34 
23 33 
23 27 
23 20 
23 7 
23 29 
23 3 
24 29 
24 5 
24 3 
24 33 
24 17 
24 1 
24 22 
24 11 
24 21 
24 18 
24 27 
24 34 
24 30 
24 23 
24 6 
24 16 
24 15 
24 2 
24 14 
24 12 
24 26 
24 10 
24 25 
24 31 
24 32 
25 1 
25 33 
25 28 
25 34 
25 2 
25 29 
25 13 
25 15 
25 18 
25 12 
25 8 
25 27 
25 7 
25 0 
25 4 
25 9 
25 31 
25 14 
25 11 
25 24 
25 32 
25 30 
25 16 
25 17 
25 3 
26 1 
26 2 
26 29 
26 12 
26 13 
26 6 
26 32 
26 8 
26 5 
26 30 
26 15 
26 7 
26 34 
26 20 
26 31 
26 3 
26 18 
26 4 
26 14 
26 24 
26 19 
26 9 
26 27 
26 28 
26 10 
26 17 
27 10 
27 32 
27 18 
27 34 
27 24 
27 25 
27 12 
27 0 
27 13 
27 6 
27 2 
27 17 
27 8 
27 33 
27 7 
27 9 
27 28 
27 14 
27 19 
27 30 
27 23 
27 26 
27 15 
27 31 
28 9 
28 7 
28 25 
28 33 
28 12 
28 15 
28 19 
28 3 
28 14 
28 17 
28 13 
28 16 
28 30 
28 27 
28 21 
28 1 
28 20 
28 32 
28 6 
28 10 
28 8 
28 29 
28 11 
28 26 
28 34 
29 24 
29 16 
29 3 
29 11 
29 4 
29 19 
29 26 
29 25 
29 0 
29 30 
29 34 
29 31 
29 13 
29 15 
29 8 
29 9 
29 33 
29 10 
29 7 
29 32 
29 5 
29 6 
29 20 
29 17 
29 28 
29 22 
29 1 
29 23 
30 23 
30 8 
30 29 
30 34 
30 16 
30 33 
30 14 
30 24 
30 26 
30 1 
30 15 
30 6 
30 28 
30 10 
30 19 
30 0 
30 12 
30 7 
30 32 
30 5 
30 2 
30 21 
30 25 
30 27 
30 4 
30 20 
30 9 
30 18 
31 5 
31 16 
31 10 
31 12 
31 14 
31 15 
31 29 
31 22 
31 21 
31 7 
31 23 
31 8 
31 25 
31 26 
31 33 
31 2 
31 6 
31 13 
31 32 
31 17 
31 24 
31 19 
31 18 
31 11 
31 27 
32 27 
32 26 
32 3 
32 0 
32 14 
32 7 
32 11 
32 4 
32 21 
32 23 
32 19 
32 30 
32 31 
32 28 
32 34 
32 25 
32 5 
32 24 
32 29 
32 8 
32 20 
32 6 
32 16 
32 13 
33 24 
33 11 
33 25 
33 14 
33 34 
33 21 
33 16 
33 28 
33 22 
33 3 
33 30 
33 8 
33 27 
33 12 
33 31 
33 29 
33 7 
33 0 
33 1 
33 23 
33 19 
33 10 
33 5 
33 15 
34 16 
34 7 
34 13 
34 6 
34 25 
34 33 
34 2 
34 10 
34 20 
34 27 
34 30 
34 29 
34 3 
34 1 
34 24 
34 11 
34 26 
34 9 
34 8 
34 15 
34 17 
34 0 
34 14 
34 5 
34 32 
34 22 
34 23 
34 19 
34 28 
34 4 
