0 36 11 26 10 18 12 5 32 13 17 8 
1 21 37 20 31 
2 4 19 30 24 28 15 26 33 35 
3 24 17 37 18 5 6 
4 2 16 21 13 22 30 31 
5 7 6 13 3 0 12 10 35 26 15 
6 5 37 11 3 22 
7 5 12 17 20 32 35 22 
8 17 30 20 0 31 16 12 
9 33 36 31 25 15 12 28 
10 34 0 15 22 35 5 
11 33 0 22 6 
12 21 7 27 37 0 32 9 5 8 
13 30 5 17 4 31 0 18 
14 28 16 22 34 27 15 35 
15 34 19 17 10 21 14 9 25 24 37 2 5 
16 34 14 4 28 29 26 23 8 
17 8 7 37 15 13 3 18 23 19 31 0 
18 0 17 3 26 28 25 13 
19 2 26 15 34 17 20 23 
20 33 22 7 19 21 1 35 28 8 
21 35 24 12 1 4 29 15 20 27 28 
22 20 14 11 23 35 7 10 4 6 
23 29 22 17 31 19 16 
24 21 3 2 15 31 
25 31 9 15 18 
26 34 19 0 18 5 2 16 36 
27 12 14 32 21 
28 14 30 16 2 37 18 21 20 9 
29 23 32 21 33 16 
30 28 13 8 2 34 36 4 
31 25 32 9 17 23 1 13 24 8 4 
32 31 29 7 27 36 12 0 
33 11 20 9 36 29 34 2 
34 26 16 15 14 10 19 30 33 
35 21 7 22 14 10 20 5 2 
36 0 9 33 32 30 26 
37 17 3 1 12 6 28 15 
