0 59 27 55 47 53 6 19 54 21 34 49 44 31 13 7 11 52 40 18 10 39 32 29 15 50 16 9 38 22 24 45 8 43 26 42 33 20 3 25 12 23 1 5 
1 17 18 37 28 21 25 31 29 58 3 10 42 4 44 47 22 59 14 20 39 49 12 16 55 57 15 53 8 2 24 6 9 36 38 11 0 33 13 23 52 30 26 5 54 
2 13 8 24 53 41 48 59 40 33 16 20 56 22 42 50 55 37 25 45 7 18 49 30 34 19 3 1 51 54 32 28 38 39 46 57 36 4 29 43 
3 46 32 43 42 10 34 23 49 13 31 1 4 14 48 16 53 20 38 57 9 45 15 41 19 56 25 54 47 50 26 28 33 39 44 0 2 51 18 37 52 7 55 59 8 35 
4 8 25 57 10 9 46 35 14 26 3 20 21 32 30 1 31 47 28 7 55 11 53 19 13 58 23 52 54 33 43 39 22 56 36 38 27 6 16 48 29 5 24 51 41 50 2 44 18 
5 53 19 21 36 26 23 43 45 12 7 56 32 39 44 41 54 35 40 38 42 14 13 55 16 31 10 15 27 22 52 6 18 34 4 58 33 0 29 1 47 
6 47 18 48 49 8 33 10 0 45 54 20 25 14 35 31 39 58 27 51 44 46 52 24 15 41 50 32 57 30 36 22 7 38 40 21 13 23 9 56 26 4 42 1 17 5 
7 45 19 41 50 56 48 57 43 52 47 39 5 51 33 0 23 14 53 17 18 16 54 4 8 10 42 6 28 34 26 36 25 2 59 29 20 9 58 35 27 3 38 
8 4 2 42 6 51 30 16 36 52 20 48 9 10 58 53 26 25 41 34 33 7 59 18 22 27 35 29 21 45 40 0 49 15 43 56 47 24 38 55 1 31 57 54 39 37 13 12 46 50 3 
9 58 48 31 4 23 21 19 8 10 16 51 18 13 54 22 3 32 29 11 20 0 56 27 28 33 6 38 25 41 53 35 7 44 55 59 14 43 1 50 57 24 17 36 40 52 12 42 
10 27 50 39 21 4 57 58 6 11 3 49 55 42 38 8 9 1 34 26 44 0 13 45 35 7 37 43 48 23 54 59 24 33 5 30 19 18 32 31 12 22 
11 48 40 54 42 45 25 59 46 10 34 27 36 43 18 39 20 41 0 37 58 53 4 30 28 47 9 56 31 32 49 38 57 35 13 23 19 44 1 52 26 21 16 55 51 
12 22 29 24 30 31 34 54 20 5 23 56 55 33 13 58 44 26 19 21 59 47 40 18 50 14 46 16 1 57 25 38 0 42 52 36 17 39 10 37 8 45 9 
13 2 49 36 31 39 32 18 40 59 47 3 53 15 17 29 24 46 56 0 48 16 12 9 58 10 34 38 57 4 35 19 5 45 44 6 11 54 51 26 8 1 22 43 27 21 
14 30 29 49 53 55 4 6 21 3 28 7 36 41 17 39 1 26 47 12 5 37 54 35 38 19 20 27 33 16 42 9 24 44 59 48 34 32 46 
15 46 29 58 47 27 13 40 20 43 22 6 45 34 3 0 38 50 23 52 19 54 49 44 8 21 30 32 18 42 5 1 41 25 17 51 35 36 39 59 24 56 57 
16 26 38 8 17 56 9 36 44 51 3 13 27 2 25 48 31 7 24 54 0 21 57 12 37 32 29 46 5 39 1 59 14 19 45 30 4 53 22 28 40 11 41 42 
17 22 41 47 1 34 59 51 13 30 52 16 35 39 42 7 55 14 36 56 28 25 29 40 18 21 38 24 50 57 43 15 31 6 12 54 27 33 26 45 9 20 32 23 
18 1 34 6 13 44 48 51 56 11 52 32 50 26 25 9 0 59 33 7 38 49 27 42 35 8 54 12 43 58 47 17 19 31 2 20 41 40 21 15 39 55 10 3 5 45 28 22 37 29 4 
19 30 37 27 7 41 5 0 38 9 54 29 25 51 35 55 43 12 39 26 36 4 28 3 40 45 18 13 46 15 59 52 14 22 42 16 2 24 48 32 57 10 11 21 56 23 20 50 49 33 
20 36 45 55 48 8 25 12 6 22 44 27 15 11 34 21 4 38 41 2 3 54 1 29 9 40 24 59 31 53 57 46 14 50 18 0 47 52 7 26 30 39 23 37 17 19 28 
21 49 10 35 51 9 47 5 0 27 50 24 1 53 14 36 44 20 4 55 57 12 45 31 42 30 16 17 8 38 6 23 15 34 40 18 25 48 32 54 26 19 41 46 11 56 13 
22 17 12 35 45 39 51 29 20 32 31 15 43 1 9 23 2 28 33 6 8 46 0 47 53 42 27 4 48 19 41 59 57 5 37 16 49 40 56 55 13 52 44 18 10 
23 46 9 5 48 30 3 31 24 12 38 28 59 7 55 50 26 22 43 27 15 4 54 10 37 40 47 39 21 53 6 11 56 0 25 32 58 52 20 1 19 51 41 17 
24 2 12 58 37 55 27 21 50 23 25 13 49 47 53 6 29 16 38 56 36 33 20 0 17 35 42 10 26 8 19 1 40 46 51 4 9 14 34 32 52 15 44 39 28 
25 4 51 11 36 29 28 54 20 1 6 50 19 24 30 18 8 16 39 34 57 53 35 17 49 2 42 32 47 3 26 44 7 33 12 9 0 31 21 15 23 40 52 58 48 59 38 
26 39 16 30 36 5 48 27 29 4 59 10 18 8 12 55 23 19 14 34 7 41 47 25 3 0 24 57 37 6 42 56 52 51 20 21 13 17 44 11 1 
27 10 32 0 42 19 24 26 21 11 15 34 20 48 31 57 6 16 39 50 18 29 23 28 8 41 51 44 9 36 54 14 22 40 43 52 30 4 5 59 56 46 17 49 35 7 47 13 
28 59 1 40 25 31 50 14 58 49 23 43 41 47 46 4 22 17 11 27 42 19 7 37 34 48 3 9 39 38 57 44 45 29 2 16 32 18 53 20 24 52 
29 54 14 51 12 15 25 44 55 49 26 33 1 22 19 13 52 24 57 0 48 20 9 27 42 43 17 50 8 30 16 56 7 47 36 28 45 37 4 35 34 2 5 53 18 
30 14 19 43 26 37 12 8 23 53 58 55 17 50 59 25 57 4 32 40 6 11 36 49 46 42 21 29 38 33 2 31 15 27 51 10 16 20 47 54 1 44 34 
31 45 35 9 13 12 23 38 1 28 3 6 27 0 59 22 57 4 16 46 54 49 21 42 37 56 11 20 39 50 18 30 52 36 5 25 41 40 8 17 55 34 33 10 47 44 51 
32 41 27 3 44 59 13 37 57 18 36 52 22 5 4 30 6 0 9 58 25 11 16 54 15 38 19 21 40 47 48 2 23 10 28 34 24 53 45 17 14 
33 35 34 50 6 59 47 46 29 38 55 42 51 7 2 12 57 45 18 54 8 22 24 4 48 53 14 3 30 25 0 9 37 10 31 44 1 17 5 52 19 
34 18 33 17 3 11 0 12 52 27 10 20 47 13 58 39 8 25 46 50 15 48 54 26 7 28 37 38 55 49 45 2 35 21 36 31 5 41 40 56 32 24 29 57 14 30 51 
35 33 37 31 21 4 50 22 55 6 48 17 19 10 39 59 5 51 56 18 25 36 53 8 13 47 14 24 11 54 34 9 15 44 7 27 46 52 29 45 49 41 3 
36 49 20 13 39 26 25 5 8 45 44 57 11 21 32 56 48 16 37 59 43 14 55 17 47 6 19 30 35 24 53 38 27 7 58 4 31 46 29 50 34 12 1 15 2 42 9 40 
37 50 41 19 35 30 1 24 32 47 59 36 57 55 44 11 40 10 31 2 28 53 46 34 16 14 23 49 26 33 58 22 29 51 8 42 20 3 12 43 38 52 18 56 45 
38 57 46 16 42 51 19 31 10 33 23 20 55 53 3 18 54 24 59 13 15 6 5 0 36 17 41 34 21 30 14 11 44 52 47 45 28 9 32 4 12 8 1 49 2 48 37 50 25 7 
39 26 10 36 13 22 54 59 7 6 11 17 47 49 5 27 0 46 35 50 34 25 19 14 52 55 44 45 1 31 4 23 51 42 48 16 28 3 18 40 8 20 53 12 2 15 24 58 
40 57 44 11 45 58 51 28 13 53 15 2 59 0 30 54 56 52 37 5 12 49 41 46 20 17 19 6 8 43 23 47 27 48 18 21 55 31 32 24 39 22 34 42 25 16 36 9 
41 17 32 37 2 19 7 48 51 57 11 20 28 5 8 58 14 6 3 40 46 27 45 26 38 55 18 54 22 31 9 53 15 47 34 21 4 23 52 35 16 
42 27 11 8 38 3 55 45 10 43 59 33 1 17 57 56 2 44 7 18 21 29 53 31 28 30 49 5 25 22 54 24 39 0 48 47 19 15 26 12 6 14 37 52 40 36 9 16 
43 46 30 54 51 52 3 5 42 57 7 55 11 36 15 28 19 22 23 10 29 50 18 49 40 0 4 47 44 8 17 27 9 45 37 48 13 56 58 2 
44 49 40 59 46 32 58 29 18 36 50 53 0 20 16 21 10 6 37 5 1 12 42 39 47 27 25 43 54 13 38 15 3 28 48 9 35 33 11 51 14 26 22 30 56 31 24 4 
45 7 31 11 20 40 6 42 47 55 36 48 5 22 33 49 10 15 3 21 52 56 39 53 51 50 46 0 41 8 19 2 13 38 34 16 28 29 43 18 17 59 32 12 35 58 37 
46 43 23 3 38 15 4 44 11 33 13 52 57 47 6 39 34 28 31 54 22 30 40 41 12 37 45 59 19 20 50 16 53 36 55 27 24 21 2 35 8 14 
47 6 17 55 0 54 21 45 15 33 7 13 37 50 24 39 46 57 49 34 28 1 4 36 11 14 12 18 44 22 35 25 26 3 40 43 23 53 29 38 20 48 42 8 56 32 41 30 31 59 27 5 
48 11 6 49 9 2 20 23 26 7 41 8 18 45 55 35 27 36 3 50 13 52 56 53 16 34 29 59 10 33 28 40 39 42 22 47 51 57 44 19 21 32 4 43 38 14 25 
49 36 13 50 44 48 6 21 53 14 10 29 3 0 24 28 39 47 45 51 59 18 31 30 40 1 25 42 57 43 37 11 56 8 2 15 34 54 22 27 38 19 52 35 
50 37 49 10 52 33 35 7 57 21 44 24 28 25 30 47 18 48 53 39 23 34 6 27 2 0 43 15 12 29 45 58 3 31 59 46 20 17 51 36 9 19 4 38 8 
51 29 25 43 21 8 38 40 54 17 41 18 22 9 7 16 33 19 6 49 57 35 59 45 53 55 27 39 52 50 48 30 2 26 15 3 37 13 24 4 56 44 23 11 34 31 
52 50 43 8 7 34 18 17 32 46 57 48 29 0 6 40 58 45 39 4 15 19 51 38 31 27 20 56 12 26 5 59 23 42 11 33 1 22 35 25 3 24 37 9 49 41 28 
53 2 5 49 57 0 14 30 40 21 44 13 8 3 59 7 38 24 50 48 11 55 25 4 42 35 36 37 45 51 22 56 20 47 33 23 46 41 1 9 16 39 28 32 29 
54 29 43 11 47 58 0 56 6 51 25 19 12 39 9 40 33 38 5 7 20 31 16 46 34 18 59 23 4 14 3 10 15 42 27 32 44 35 41 21 13 2 8 49 17 55 30 1 
55 47 0 20 59 42 29 10 24 35 14 45 30 43 33 48 12 38 37 19 58 21 26 23 17 36 53 4 2 39 51 5 41 34 1 40 8 46 9 18 31 22 54 56 11 3 
56 59 54 7 18 36 16 5 13 12 48 40 42 2 17 24 35 45 9 3 31 11 53 49 29 4 8 52 6 47 23 26 27 22 19 51 34 43 44 21 55 15 37 
57 38 40 4 10 53 59 32 50 43 7 36 41 37 27 30 46 52 33 47 31 42 21 3 25 6 29 51 13 49 16 20 11 17 26 12 58 28 22 48 1 19 8 9 2 34 15 
58 9 10 15 40 24 54 44 30 1 8 6 28 12 13 11 55 34 41 52 32 4 18 50 59 36 57 37 7 23 5 25 43 45 39 
59 0 28 44 56 11 55 57 33 32 2 17 13 39 42 37 40 26 30 36 31 23 53 18 35 49 38 12 51 1 8 54 48 20 46 58 19 7 50 10 22 16 27 9 52 45 14 47 15 25 3 
