0 56 1 21 14 68 72 63 38 54 59 15 20 40 34 3 4 70 31 61 47 25 71 73 46 23 17 62 65 9 28 58 66 49 6 32 8 39 60 52 5 57 10 51 45 26 27 12 22 29 43 35 36 74 53 50 7 18 16 41 2 42 48 30 67 33 44 19 64 
1 71 0 29 3 66 39 48 73 7 24 55 25 68 46 60 20 38 19 44 12 9 69 50 22 10 58 16 62 6 36 32 57 43 35 40 70 2 5 31 28 59 42 54 63 30 37 51 4 45 72 23 8 17 56 41 21 67 61 11 14 15 13 64 
2 31 70 34 20 73 44 68 39 46 16 7 32 45 71 12 64 67 74 42 27 49 52 13 22 56 25 26 35 17 55 41 8 29 18 48 21 47 5 1 15 65 4 69 19 33 60 9 38 30 40 63 50 0 51 28 6 37 59 43 62 
3 32 1 15 39 70 0 73 48 19 67 42 44 5 16 30 27 7 69 12 24 9 4 46 36 55 22 64 53 14 11 49 63 45 62 54 56 57 33 40 58 52 23 31 21 20 71 35 60 51 68 38 18 43 61 41 17 10 6 
4 31 10 36 69 63 73 71 0 54 49 55 30 58 51 53 72 22 23 25 57 52 14 3 46 28 20 15 42 60 16 64 37 47 39 7 33 29 70 17 41 8 59 62 2 1 74 18 21 66 34 44 43 11 27 9 56 35 26 19 48 12 38 40 45 61 5 6 
5 13 53 42 58 25 63 70 32 12 69 55 8 57 3 36 68 19 29 45 72 17 15 74 46 28 27 64 0 73 56 39 26 35 2 9 1 6 16 54 43 65 22 67 62 14 7 49 30 50 24 59 34 61 47 40 11 41 66 48 52 51 4 23 44 38 
6 35 36 22 25 45 18 12 72 63 39 43 48 54 41 56 60 37 70 58 64 74 51 29 16 13 20 0 26 1 11 67 40 19 53 7 14 50 38 28 27 62 5 59 34 49 66 17 55 44 73 10 30 2 9 15 24 46 31 57 52 4 47 3 68 
7 38 16 27 22 24 1 46 43 66 42 55 17 58 68 9 2 57 45 73 11 44 18 14 25 53 3 26 40 47 67 51 52 6 21 15 20 10 4 35 13 32 39 5 48 69 60 28 0 54 31 61 12 8 41 65 34 64 59 33 70 19 56 
8 27 52 19 35 39 41 50 68 9 61 51 45 5 55 18 16 25 32 37 31 26 23 71 33 59 56 53 65 0 38 22 42 73 12 2 67 24 70 54 46 11 17 63 4 13 62 1 10 66 69 20 28 48 60 15 7 44 64 72 14 40 
9 61 15 57 53 18 43 52 64 29 21 12 67 8 11 55 62 66 48 49 7 44 30 71 10 39 1 26 0 3 60 47 27 50 40 25 59 68 74 58 5 37 13 65 23 20 16 2 42 56 4 54 14 32 31 46 6 17 45 63 70 24 41 72 73 
10 24 60 48 17 4 47 14 13 52 29 42 11 66 49 51 31 19 54 9 20 62 68 70 64 23 56 21 27 63 1 55 46 0 37 39 7 41 45 59 69 15 40 8 28 71 6 72 12 44 16 3 30 74 53 61 
11 59 65 39 67 68 38 19 10 9 25 73 50 58 7 72 51 71 44 13 22 6 36 56 62 3 49 64 30 27 55 29 26 43 8 20 28 37 12 48 23 66 4 47 15 54 42 31 14 53 5 69 1 24 61 40 60 17 74 52 35 46 
12 29 14 55 58 49 15 9 6 5 24 26 20 64 33 27 18 67 1 2 59 46 13 47 69 3 63 62 53 44 43 30 52 8 56 16 65 38 45 50 42 40 70 25 39 36 28 23 0 74 11 32 72 35 31 22 54 57 7 10 4 71 66 51 19 73 48 41 
13 48 5 45 21 44 36 60 59 10 28 16 42 56 41 74 39 33 66 71 46 55 69 15 12 43 68 50 2 11 6 52 38 25 14 53 24 29 64 19 20 17 40 9 57 30 7 34 67 65 27 72 31 8 58 47 63 49 61 32 37 23 1 70 35 
14 12 0 29 63 10 57 52 51 65 20 74 41 23 44 50 36 62 32 59 58 72 38 66 19 24 7 71 27 4 40 25 39 46 30 47 13 43 61 18 48 35 6 31 15 37 3 17 56 21 5 28 53 68 67 22 70 55 9 49 11 26 1 8 16 
15 30 9 43 42 63 51 66 12 3 0 54 58 29 35 23 41 13 56 37 5 39 62 50 49 57 4 45 33 61 7 32 14 44 2 53 16 70 10 69 47 19 65 52 31 28 71 27 38 48 11 67 59 8 36 74 6 20 40 55 60 1 46 68 72 22 
16 19 7 58 30 39 61 32 27 25 59 35 36 13 51 63 2 8 68 31 3 45 24 56 50 20 49 38 73 52 62 6 1 70 66 69 74 12 4 28 43 48 23 15 60 5 57 33 40 55 42 21 9 17 72 29 37 44 64 0 18 71 34 46 22 10 67 53 54 14 
17 36 47 71 10 54 45 41 35 58 31 43 7 20 0 32 26 23 65 56 30 64 18 69 28 70 22 46 5 61 52 27 2 29 51 74 13 48 14 59 4 8 38 57 55 67 16 73 24 6 44 1 39 50 53 66 62 37 9 3 63 11 
18 38 45 9 41 66 63 52 28 26 56 6 65 69 32 67 20 24 42 54 51 12 47 8 39 36 72 7 17 53 59 21 27 49 14 44 57 2 48 74 73 23 61 60 68 33 4 55 64 58 71 50 0 3 16 40 46 43 22 19 35 30 
19 16 30 33 8 35 38 57 24 32 21 74 70 11 3 44 65 47 1 64 10 50 14 29 55 5 59 23 63 31 51 68 34 60 27 56 6 13 43 62 54 48 36 15 26 2 42 41 71 46 22 4 25 39 67 37 18 53 73 49 0 12 7 69 58 28 
20 32 56 21 27 2 26 23 40 64 62 46 14 68 29 22 0 50 45 70 18 1 12 17 48 10 39 16 31 57 6 37 52 4 54 47 43 13 7 24 38 30 67 28 9 11 25 74 49 53 35 3 55 65 36 71 33 63 8 73 15 41 61 59 
21 61 20 0 68 13 53 28 9 35 62 34 22 19 38 27 42 70 50 45 37 48 73 40 54 10 24 29 18 44 71 46 69 30 31 25 64 51 7 41 2 49 66 56 72 57 47 59 63 16 14 4 3 26 60 52 1 39 23 65 58 
22 71 52 58 7 6 32 56 65 64 21 20 54 68 36 66 23 38 35 42 48 29 33 4 70 17 67 1 2 26 11 47 8 49 3 59 31 30 53 69 46 61 74 5 41 45 0 43 14 72 44 63 34 62 73 12 19 16 18 27 15 
23 40 28 60 20 43 74 31 29 36 14 70 46 15 58 0 22 17 27 69 19 42 10 61 4 56 30 8 55 48 51 66 67 50 52 16 18 65 9 12 32 72 3 24 37 1 11 38 41 68 35 53 57 44 71 21 47 39 33 26 13 5 64 
24 54 67 10 43 35 40 7 41 1 19 29 71 44 34 48 12 31 18 55 32 63 14 16 70 72 21 3 69 65 13 37 38 8 66 20 36 39 26 25 42 45 53 59 56 23 62 49 74 17 52 5 61 50 73 28 47 11 6 68 64 57 9 
25 45 16 6 1 44 57 5 38 11 40 46 65 66 37 0 59 39 8 42 41 54 7 4 14 27 33 2 34 30 60 13 73 21 9 68 53 55 72 24 32 74 31 70 35 64 51 12 20 56 61 26 49 58 52 19 48 36 29 71 
26 63 20 72 73 30 69 49 44 18 64 38 12 68 17 58 27 50 9 59 8 36 7 56 2 32 22 6 70 48 37 65 47 45 53 52 5 35 66 24 11 31 41 0 60 39 40 54 19 29 74 61 71 34 25 21 33 4 57 14 23 28 
27 32 8 65 51 20 7 64 16 67 40 38 42 39 29 21 72 73 60 12 34 61 23 55 59 26 3 45 48 2 14 33 10 58 9 25 18 5 17 19 46 31 69 6 41 71 11 13 0 47 68 56 15 70 43 4 44 50 74 36 62 57 49 30 54 28 22 
28 65 23 45 21 59 69 13 41 18 44 50 40 38 58 66 46 33 70 36 52 56 54 31 17 48 0 63 5 30 53 4 55 35 71 16 34 49 6 1 74 20 37 12 11 73 14 15 72 7 67 62 10 68 29 8 24 2 57 26 47 27 61 39 19 64 
29 58 32 12 1 14 60 9 41 10 30 72 24 45 23 20 27 65 61 15 54 40 37 31 19 36 51 22 5 57 62 21 6 71 56 52 66 17 13 2 38 73 42 55 47 4 39 11 68 33 0 26 48 44 16 28 64 63 59 46 35 74 25 34 53 50 69 
30 53 19 15 59 16 31 33 65 26 29 36 71 48 50 57 9 47 3 4 56 17 38 23 60 28 42 25 14 12 21 58 22 45 52 20 11 13 32 1 55 39 40 5 69 62 2 49 63 6 72 0 68 46 10 27 18 73 
31 2 54 40 48 4 23 30 50 62 60 66 0 24 17 39 43 10 16 29 65 52 20 8 28 19 45 67 35 61 59 21 27 68 22 14 51 25 1 37 26 55 57 49 13 73 3 15 70 47 32 12 36 7 9 11 64 44 34 63 74 6 71 
32 20 3 44 27 29 50 22 62 16 64 40 19 46 18 43 73 5 14 24 17 2 53 8 37 36 47 26 55 0 49 1 71 42 41 15 25 65 67 54 30 52 7 59 23 12 31 68 33 72 57 45 70 69 9 48 63 34 13 58 
33 63 35 49 65 19 43 30 67 69 56 46 60 45 12 13 66 59 28 41 22 27 73 25 8 44 58 39 15 55 4 51 48 70 16 18 3 29 54 2 38 52 32 53 20 62 26 36 40 23 68 7 37 0 42 57 72 
34 57 2 46 21 62 0 60 24 51 50 27 39 68 54 49 73 61 19 25 52 63 42 28 36 72 56 6 69 13 37 67 44 38 41 26 59 40 4 22 5 58 16 66 31 32 7 64 29 65 71 74 
35 6 74 33 44 24 19 39 8 21 59 46 55 16 63 17 15 69 54 41 65 22 2 31 52 1 36 28 14 58 26 5 40 70 25 7 57 66 42 38 71 48 45 73 0 20 12 3 61 23 4 53 29 51 50 68 18 64 47 67 11 13 43 
36 17 6 44 62 13 4 70 52 42 30 23 16 54 14 22 57 41 28 18 5 29 37 50 64 26 39 72 32 60 1 11 3 61 68 35 74 63 24 58 34 48 12 19 45 59 46 47 0 40 49 20 55 31 65 56 71 69 27 33 15 38 25 73 67 
37 47 67 49 65 72 46 42 48 51 25 56 54 29 6 21 8 64 32 36 71 15 70 20 61 26 74 45 24 69 14 10 4 52 9 57 31 39 28 73 34 43 1 11 66 55 68 23 62 63 59 40 16 17 2 58 19 38 13 33 60 
38 43 7 18 65 19 54 41 70 0 27 21 11 25 42 28 26 1 14 22 53 45 16 30 62 51 68 40 13 8 57 64 67 24 48 59 12 29 6 20 39 61 17 47 35 34 33 15 23 2 52 3 56 60 71 55 72 69 4 36 37 73 5 
39 48 1 16 35 43 8 11 3 27 51 72 58 45 6 52 2 55 13 40 31 59 25 54 18 34 20 9 53 36 15 14 0 33 5 42 74 24 10 4 29 37 38 12 56 41 7 50 26 30 66 63 70 73 57 46 17 21 62 19 23 68 49 71 64 28 
40 55 23 31 20 62 24 53 32 27 0 28 54 46 25 66 45 39 29 59 67 21 14 42 7 9 38 6 72 58 1 56 13 65 12 71 35 16 10 3 26 30 73 36 50 52 47 34 37 2 69 43 18 5 60 33 44 15 41 4 11 74 8 64 68 
41 61 56 18 38 29 8 24 28 14 17 51 13 44 6 46 62 35 36 15 25 33 49 66 72 45 2 58 48 32 21 73 10 27 60 4 55 26 69 22 39 71 43 34 52 64 53 19 23 63 57 1 0 54 5 7 74 20 40 3 70 42 68 47 9 59 12 
42 74 63 15 10 57 5 36 27 7 37 38 13 3 46 18 52 21 64 61 48 25 22 72 47 23 2 40 30 8 65 32 4 66 39 34 12 24 29 60 1 16 62 70 35 58 44 49 67 19 9 68 56 69 11 50 0 73 41 54 33 51 
43 38 57 15 23 24 54 9 33 50 66 71 39 67 7 73 32 17 6 31 68 72 13 62 44 69 12 47 14 1 19 64 20 16 48 70 5 11 45 37 51 49 22 0 56 59 41 53 27 4 60 40 18 3 46 61 63 65 2 35 
44 32 60 36 70 35 13 2 45 72 26 25 28 24 73 14 19 41 63 46 3 9 1 54 7 11 57 52 33 12 21 43 59 18 15 74 68 66 42 58 34 29 22 55 4 67 27 17 47 6 16 49 23 31 40 10 8 50 65 0 61 62 5 
45 50 55 13 18 61 48 25 28 49 44 64 70 29 54 6 57 17 20 51 33 39 8 74 40 7 68 2 16 21 38 46 5 27 71 52 59 56 31 53 62 65 41 37 15 26 63 12 67 24 30 3 10 72 0 43 22 36 35 1 58 47 32 73 9 60 4 66 69 
46 69 60 34 47 70 59 71 7 35 20 37 32 33 1 40 25 2 42 23 0 41 28 63 44 13 51 45 12 66 73 62 17 5 61 3 4 14 56 21 65 27 10 68 49 74 8 22 72 55 36 19 67 39 64 18 9 50 16 43 29 6 48 15 57 30 52 11 
47 17 37 57 58 60 46 10 51 66 70 0 19 18 30 42 61 12 54 50 52 9 32 7 22 65 14 62 43 72 20 26 2 4 29 63 48 21 67 38 74 15 69 27 31 36 45 40 55 73 11 56 13 64 44 53 5 68 24 23 28 41 71 6 35 
48 13 45 10 39 70 31 71 1 51 3 24 37 63 6 9 20 30 42 66 22 21 27 73 28 53 56 23 59 50 26 38 41 14 2 72 62 18 54 17 16 36 60 33 47 43 19 69 55 35 7 29 11 49 15 8 32 74 67 4 25 64 5 0 46 12 65 58 
49 53 66 33 55 37 12 45 26 50 67 69 63 10 9 4 57 68 65 16 60 34 2 41 0 71 15 32 59 18 73 22 21 52 58 46 28 3 11 54 61 62 6 72 31 43 5 20 42 24 36 25 48 70 30 44 13 14 51 56 39 27 19 64 74 
50 45 32 43 31 69 72 8 71 49 20 28 14 67 74 21 30 34 19 55 11 59 16 57 26 1 36 47 13 15 9 63 54 48 52 70 23 61 12 6 53 66 62 64 39 65 40 0 51 5 18 24 17 2 27 58 46 42 44 35 60 56 29 73 
51 58 27 14 15 47 55 39 48 45 62 8 16 41 37 70 65 18 10 34 52 71 29 46 11 4 19 6 38 23 7 17 21 57 31 0 33 25 63 64 54 43 1 72 59 68 50 56 3 60 2 49 35 5 12 42 
52 22 8 9 63 56 14 10 36 18 67 66 54 39 74 42 70 51 73 31 28 69 45 16 44 2 47 60 4 17 13 29 0 34 55 20 50 12 7 35 26 23 49 37 30 68 32 15 61 3 65 41 40 33 38 58 24 71 21 25 57 5 53 59 64 46 6 11 
53 49 30 9 21 5 63 40 58 66 38 32 56 18 4 7 73 39 48 12 8 45 67 28 54 68 13 26 6 25 3 50 59 24 15 22 71 70 64 72 74 55 14 20 0 43 41 33 47 23 17 11 35 19 52 16 57 29 10 
54 67 24 31 58 71 43 17 72 38 63 0 45 15 70 40 22 52 69 36 4 6 18 29 37 35 10 39 62 44 68 34 28 25 65 21 47 57 50 53 56 20 64 8 48 32 5 59 1 49 60 3 19 51 66 26 33 9 7 11 12 41 61 74 42 27 16 
55 40 45 12 49 62 66 74 1 67 35 51 7 9 5 39 24 4 8 13 50 57 19 27 69 23 32 61 10 52 2 28 72 56 3 25 33 58 29 60 64 11 16 41 46 31 53 70 17 30 48 68 73 37 18 63 47 20 44 71 6 14 36 38 15 
56 20 0 41 52 33 22 18 13 66 37 69 6 16 28 30 70 17 53 10 71 67 15 72 23 26 45 2 8 65 48 29 46 68 63 54 73 19 57 5 55 11 12 58 40 14 21 34 59 62 3 39 25 24 43 27 64 9 47 4 42 51 36 1 38 49 7 50 61 
57 34 43 74 9 47 14 71 19 42 25 45 67 70 68 36 49 5 30 7 55 72 50 58 29 73 54 44 4 62 20 38 59 15 1 56 65 0 51 18 69 37 60 16 13 21 35 63 3 17 31 32 41 39 23 12 26 61 52 27 64 28 46 24 6 53 33 
58 73 51 54 29 22 16 47 69 65 12 5 39 53 28 17 15 59 68 7 14 23 26 11 4 57 6 63 74 27 0 1 61 62 33 30 56 40 41 35 9 49 55 36 64 42 3 44 13 66 45 18 70 52 25 34 50 37 71 21 60 32 72 19 48 
59 11 30 13 46 28 35 0 16 74 58 66 14 33 39 25 40 27 64 50 19 12 18 26 45 8 49 48 67 57 71 31 44 9 22 38 62 53 17 56 6 54 10 1 72 21 73 4 24 32 63 36 51 43 37 34 5 15 60 29 69 68 65 70 20 7 52 2 41 
60 46 44 23 10 47 13 29 31 63 62 33 34 1 27 64 6 65 49 67 68 52 9 36 70 30 19 66 25 0 73 4 72 55 48 57 16 42 41 54 18 26 7 2 3 43 21 61 38 51 8 59 40 45 50 15 11 58 37 71 
61 21 41 9 45 16 70 67 8 73 0 29 69 42 27 47 23 34 46 17 55 58 65 37 31 14 36 64 15 50 72 18 49 22 38 62 52 25 74 26 35 24 60 71 63 5 7 66 54 1 13 57 43 20 3 11 4 28 44 56 10 
62 40 55 36 20 73 32 31 21 60 34 51 9 14 41 0 54 10 74 38 29 43 46 69 12 57 64 16 15 58 45 1 47 11 65 59 48 6 19 3 50 56 49 42 61 5 70 4 66 24 8 37 28 30 67 22 33 17 39 27 68 44 71 2 
63 33 26 42 74 52 14 0 54 69 15 53 18 60 4 5 70 6 35 48 49 16 44 46 24 73 19 12 58 10 28 50 56 64 45 34 36 66 68 3 47 21 51 57 8 72 1 65 59 55 37 39 22 41 13 30 61 2 20 29 67 9 43 31 32 17 71 
64 20 9 27 32 45 22 26 66 12 65 19 42 60 69 71 59 10 70 17 2 37 6 36 62 5 72 38 21 13 61 43 3 63 54 4 11 55 58 53 25 51 50 56 18 41 67 73 47 16 29 31 46 74 48 8 57 7 24 49 34 52 39 35 40 23 1 28 0 
65 28 27 33 11 38 58 73 30 14 72 37 66 22 68 69 18 29 25 51 19 64 35 0 31 60 49 17 54 70 24 56 8 47 61 45 26 46 42 62 57 12 40 32 9 5 23 13 2 63 15 50 71 52 20 36 67 7 59 21 44 43 34 48 
66 49 1 43 67 18 55 15 65 7 52 47 31 10 64 56 53 25 9 40 59 13 33 28 22 14 48 46 41 0 60 29 16 23 42 72 24 63 26 21 50 69 35 54 44 68 37 62 39 58 6 8 4 11 17 34 61 5 74 12 45 70 
67 54 24 37 43 33 66 52 11 55 27 49 9 61 57 18 50 3 12 2 40 56 60 22 53 59 31 7 6 38 23 72 8 45 32 69 20 47 13 5 34 70 42 17 14 28 74 64 62 46 44 68 65 15 48 63 1 19 16 0 35 36 
68 73 21 0 8 20 65 11 1 2 22 26 58 7 57 49 16 45 54 43 5 10 34 13 60 19 38 53 56 36 25 31 46 9 74 63 52 70 44 18 29 72 66 55 14 37 27 51 32 42 23 28 67 3 47 69 39 59 24 62 35 33 30 15 41 40 6 
69 46 58 70 28 33 63 50 4 26 65 18 49 54 5 71 61 35 56 64 13 52 23 1 73 17 3 12 55 24 62 43 21 16 37 72 57 27 66 67 10 22 34 15 48 41 47 74 7 2 30 8 32 40 42 36 38 11 68 59 19 29 45 
70 2 44 48 36 69 46 38 45 54 63 61 5 19 3 47 0 20 51 73 57 23 52 21 28 10 56 6 64 65 24 22 17 37 60 16 26 50 8 1 4 35 74 25 53 15 33 12 43 71 68 42 55 62 31 67 14 39 58 72 27 32 49 9 41 59 7 13 66 
71 22 1 17 54 43 48 57 46 50 24 4 0 69 30 13 9 64 2 51 11 45 56 14 37 8 29 49 21 32 59 72 28 40 27 53 70 73 74 35 41 65 15 26 18 55 3 19 10 52 20 61 36 38 16 23 58 12 39 31 60 47 34 62 63 25 
72 0 26 54 50 65 29 44 37 39 6 27 74 14 18 43 57 42 11 4 56 24 5 36 41 64 71 47 55 40 67 60 66 61 25 48 69 34 21 59 45 46 53 63 68 13 49 23 51 1 16 28 22 12 70 32 38 10 30 8 58 15 9 33 
73 58 68 2 26 62 65 1 43 4 3 32 44 61 27 70 11 74 0 52 63 7 69 21 34 46 16 48 53 57 33 25 56 5 60 8 49 29 41 18 37 59 71 28 55 31 35 40 17 39 47 64 22 6 24 20 45 19 36 42 38 12 30 9 50 
74 42 35 57 23 63 55 14 19 59 13 45 50 52 73 72 62 2 6 58 5 16 37 17 39 36 9 68 25 18 70 28 46 44 22 47 53 71 69 20 4 12 61 26 0 24 67 27 48 64 41 15 66 54 31 29 40 49 10 11 34 
