0 30 56 12 22 73 75 
1 17 65 38 14 78 59 67 54 19 
2 17 29 38 79 16 35 30 
3 81 69 56 39 4 40 19 
4 44 81 16 24 49 68 76 10 3 23 13 20 29 25 
5 54 63 62 40 69 11 61 39 14 17 55 35 22 70 
6 43 59 8 76 70 10 78 52 46 
7 32 12 60 20 77 56 15 54 57 
8 78 72 6 27 13 52 39 
9 17 19 29 80 68 43 78 60 62 23 77 71 
10 13 78 4 6 
11 71 51 27 5 53 78 73 64 
12 42 41 7 52 0 24 17 19 33 78 
13 10 14 32 39 4 30 8 
14 56 43 1 13 5 64 50 20 29 53 
15 48 70 7 64 18 
16 62 64 4 47 19 25 2 70 
17 1 9 63 70 2 33 60 12 5 41 
18 23 45 21 15 57 
19 68 9 40 78 75 16 3 41 12 27 28 1 
20 27 62 39 23 7 4 14 33 56 
21 48 58 63 18 31 52 43 73 
22 37 60 59 34 83 33 0 74 5 23 
23 69 27 18 47 20 67 4 73 9 64 83 22 
24 81 27 67 58 4 44 57 56 12 64 37 28 
25 35 73 69 40 34 64 81 79 63 16 76 4 75 
26 70 30 59 43 64 
27 66 24 33 20 23 11 50 8 77 49 60 43 47 19 46 30 
28 74 48 45 69 19 24 
29 38 9 47 2 14 4 
30 0 26 13 79 27 2 
31 46 38 81 64 59 37 21 82 
32 7 81 13 60 55 
33 27 39 22 17 12 65 20 
34 53 48 45 68 25 22 43 55 67 
35 52 25 50 57 5 2 
36 58 70 66 72 
37 22 38 31 24 
38 1 29 31 37 65 74 2 43 
39 75 20 78 71 3 5 33 13 8 
40 42 62 79 19 25 5 68 3 75 
41 57 12 67 19 43 17 
42 40 12 44 59 
43 14 6 71 72 34 54 57 9 26 21 73 27 41 38 77 
44 65 4 58 57 24 48 42 54 
45 55 34 18 48 65 28 62 74 
46 72 31 49 68 27 6 70 
47 23 51 29 16 27 
48 21 59 49 34 15 44 45 28 70 64 
49 48 4 62 46 57 54 27 73 69 63 
50 27 35 14 68 75 
51 47 11 59 81 
52 35 57 12 21 8 6 
53 34 63 67 11 60 14 
54 5 79 43 44 49 57 1 7 
55 45 72 34 73 5 32 68 62 82 
56 0 14 66 3 24 7 83 20 
57 41 52 44 70 75 43 24 49 54 35 65 18 7 
58 36 44 21 24 75 
59 65 48 22 6 31 26 51 1 42 70 
60 22 74 7 32 17 9 27 65 53 
61 73 81 62 5 69 
62 16 40 61 72 5 20 49 79 45 9 75 55 
63 66 53 5 21 17 25 64 49 
64 16 31 83 72 78 25 14 48 26 76 23 24 15 63 11 
65 44 59 1 45 67 38 72 77 60 57 33 
66 63 27 56 36 
67 24 53 65 76 41 23 1 34 
68 19 34 4 72 40 9 50 55 82 46 
69 77 25 23 3 5 81 70 28 61 49 
70 26 36 57 15 17 80 69 48 6 75 16 59 46 5 
71 11 43 82 39 9 
72 46 55 62 8 64 68 43 65 36 76 
73 61 25 43 55 23 49 21 11 0 
74 28 60 78 81 83 38 22 45 
75 39 19 57 58 70 50 62 40 25 0 
76 4 6 67 64 25 72 
77 69 80 27 7 78 65 9 43 
78 8 10 19 64 1 39 74 9 11 77 6 12 
79 54 40 62 82 25 2 30 
80 77 9 70 
81 61 3 24 4 31 32 69 51 25 74 
82 71 79 31 68 55 
83 64 22 74 23 56 
