0 19 
0 26 
0 59 
0 49 
0 75 
0 73 
1 27 
1 62 
1 32 
1 73 
1 91 
1 35 
2 4 
2 27 
2 71 
2 11 
2 92 
2 53 
2 17 
2 43 
2 59 
2 30 
2 20 
3 78 
3 6 
3 75 
3 13 
3 67 
3 52 
3 50 
3 85 
3 83 
3 58 
4 2 
4 60 
4 16 
4 57 
4 10 
4 13 
4 37 
4 9 
4 24 
4 83 
4 40 
5 43 
5 90 
5 49 
5 94 
5 85 
5 59 
5 23 
5 31 
6 62 
6 3 
6 88 
6 69 
6 48 
6 60 
6 67 
6 50 
6 20 
6 40 
6 21 
6 14 
6 86 
7 92 
7 49 
7 84 
7 71 
7 95 
7 14 
7 29 
7 30 
7 21 
8 86 
8 52 
8 68 
8 63 
8 87 
8 64 
8 54 
9 89 
9 53 
9 94 
9 4 
9 54 
9 40 
9 60 
9 88 
10 84 
10 88 
10 73 
10 4 
11 2 
11 55 
11 35 
11 14 
11 85 
11 82 
11 39 
11 56 
11 43 
12 23 
12 85 
12 30 
12 72 
12 70 
12 45 
12 80 
12 96 
12 68 
12 55 
13 62 
13 3 
13 4 
13 91 
13 89 
13 94 
14 59 
14 47 
14 11 
14 87 
14 42 
14 50 
14 7 
14 71 
14 73 
14 26 
14 37 
14 6 
15 64 
15 43 
15 71 
15 72 
15 49 
15 39 
15 80 
15 24 
15 36 
15 32 
15 79 
16 4 
16 36 
16 34 
16 74 
16 85 
16 72 
16 49 
16 83 
17 45 
17 76 
17 40 
17 2 
17 43 
17 69 
17 54 
17 61 
17 46 
17 41 
17 96 
17 52 
17 67 
18 71 
18 68 
18 80 
18 79 
18 19 
18 93 
18 92 
19 0 
19 54 
19 79 
19 66 
19 67 
19 18 
19 39 
20 33 
20 92 
20 57 
20 39 
20 27 
20 28 
20 46 
20 80 
20 61 
20 6 
20 41 
20 58 
20 77 
20 53 
20 2 
21 27 
21 96 
21 94 
21 49 
21 22 
21 82 
21 52 
21 70 
21 6 
21 35 
21 7 
22 47 
22 56 
22 50 
22 21 
22 55 
22 52 
22 43 
22 35 
22 95 
22 44 
23 12 
23 41 
23 58 
23 36 
23 5 
23 88 
23 47 
23 63 
24 48 
24 84 
24 33 
24 74 
24 68 
24 52 
24 35 
24 15 
24 4 
25 68 
25 32 
25 44 
25 84 
25 39 
25 34 
25 64 
25 61 
25 42 
25 86 
25 93 
26 59 
26 46 
26 0 
26 76 
26 89 
26 42 
26 86 
26 14 
27 29 
27 52 
27 1 
27 2 
27 21 
27 80 
27 60 
27 42 
27 43 
27 46 
27 20 
27 51 
27 62 
27 37 
27 47 
27 40 
28 44 
28 20 
28 62 
28 96 
28 40 
28 54 
28 49 
29 27 
29 65 
29 74 
29 86 
29 91 
29 61 
29 46 
29 7 
30 43 
30 38 
30 12 
30 50 
30 35 
30 40 
30 7 
30 60 
30 52 
30 2 
30 93 
30 78 
31 45 
31 89 
31 59 
31 44 
31 68 
31 53 
31 70 
31 5 
32 25 
32 1 
32 86 
32 90 
32 61 
32 92 
32 80 
32 68 
32 15 
33 46 
33 66 
33 41 
33 20 
33 24 
33 84 
33 90 
33 63 
33 40 
33 37 
33 73 
33 39 
33 91 
33 47 
33 65 
33 59 
34 51 
34 38 
34 16 
34 55 
34 25 
34 92 
34 43 
34 49 
35 67 
35 11 
35 56 
35 30 
35 58 
35 71 
35 1 
35 93 
35 24 
35 22 
35 21 
35 91 
36 59 
36 16 
36 23 
36 89 
36 15 
37 69 
37 72 
37 53 
37 33 
37 73 
37 45 
37 4 
37 59 
37 27 
37 14 
37 55 
38 30 
38 62 
38 34 
38 72 
38 95 
38 84 
39 49 
39 50 
39 76 
39 84 
39 20 
39 25 
39 15 
39 96 
39 46 
39 33 
39 11 
39 19 
39 44 
39 59 
40 66 
40 17 
40 57 
40 30 
40 33 
40 28 
40 6 
40 27 
40 9 
40 79 
40 4 
41 23 
41 33 
41 45 
41 20 
41 46 
41 17 
41 56 
41 90 
42 43 
42 51 
42 66 
42 27 
42 93 
42 26 
42 14 
42 65 
42 86 
42 25 
42 49 
42 76 
42 48 
43 85 
43 42 
43 44 
43 5 
43 30 
43 15 
43 75 
43 27 
43 2 
43 17 
43 34 
43 22 
43 92 
43 90 
43 11 
44 73 
44 43 
44 25 
44 28 
44 31 
44 84 
44 87 
44 22 
44 39 
45 31 
45 17 
45 52 
45 58 
45 12 
45 41 
45 78 
45 37 
46 26 
46 47 
46 33 
46 27 
46 65 
46 20 
46 66 
46 79 
46 29 
46 50 
46 39 
46 17 
46 41 
46 84 
47 74 
47 46 
47 87 
47 22 
47 14 
47 66 
47 54 
47 76 
47 77 
47 75 
47 63 
47 27 
47 33 
47 23 
48 24 
48 6 
48 42 
48 71 
49 39 
49 50 
49 15 
49 5 
49 7 
49 21 
49 93 
49 0 
49 16 
49 79 
49 34 
49 42 
49 28 
49 56 
49 85 
49 78 
50 83 
50 49 
50 39 
50 93 
50 30 
50 22 
50 14 
50 6 
50 46 
50 3 
50 65 
51 34 
51 65 
51 66 
51 42 
51 88 
51 27 
51 84 
51 53 
52 27 
52 45 
52 8 
52 79 
52 62 
52 3 
52 22 
52 24 
52 21 
52 17 
52 30 
53 2 
53 31 
53 96 
53 37 
53 9 
53 87 
53 20 
53 51 
54 57 
54 89 
54 78 
54 61 
54 47 
54 19 
54 17 
54 28 
54 9 
54 75 
54 8 
55 70 
55 91 
55 34 
55 11 
55 73 
55 22 
55 12 
55 37 
56 93 
56 88 
56 86 
56 22 
56 35 
56 74 
56 49 
56 41 
56 11 
57 54 
57 76 
57 61 
57 78 
57 4 
57 40 
57 20 
57 83 
57 71 
58 96 
58 83 
58 23 
58 45 
58 63 
58 70 
58 35 
58 79 
58 20 
58 3 
59 26 
59 31 
59 14 
59 74 
59 85 
59 36 
59 0 
59 88 
59 37 
59 5 
59 2 
59 94 
59 33 
59 39 
60 76 
60 4 
60 86 
60 27 
60 6 
60 80 
60 30 
60 9 
61 79 
61 57 
61 29 
61 95 
61 54 
61 17 
61 25 
61 32 
61 20 
61 89 
62 6 
62 82 
62 13 
62 38 
62 1 
62 71 
62 77 
62 28 
62 27 
62 52 
63 58 
63 83 
63 68 
63 8 
63 33 
63 47 
63 76 
63 23 
64 76 
64 15 
64 85 
64 71 
64 25 
64 96 
64 78 
64 74 
64 8 
64 80 
65 29 
65 74 
65 51 
65 79 
65 46 
65 42 
65 50 
65 80 
65 78 
65 33 
65 93 
66 40 
66 33 
66 51 
66 42 
66 47 
66 70 
66 46 
66 19 
66 91 
66 82 
67 35 
67 78 
67 3 
67 6 
67 19 
67 17 
68 25 
68 78 
68 18 
68 8 
68 31 
68 63 
68 76 
68 24 
68 91 
68 12 
68 32 
69 78 
69 93 
69 6 
69 37 
69 17 
69 80 
70 55 
70 78 
70 58 
70 12 
70 66 
70 82 
70 31 
70 21 
71 2 
71 75 
71 15 
71 18 
71 62 
71 87 
71 57 
71 7 
71 91 
71 64 
71 78 
71 35 
71 74 
71 14 
71 48 
72 15 
72 12 
72 38 
72 83 
72 37 
72 16 
72 87 
72 85 
73 44 
73 55 
73 1 
73 10 
73 0 
73 37 
73 33 
73 14 
74 65 
74 29 
74 85 
74 47 
74 59 
74 16 
74 24 
74 56 
74 71 
74 75 
74 64 
75 71 
75 79 
75 43 
75 3 
75 0 
75 47 
75 74 
75 54 
76 64 
76 17 
76 57 
76 60 
76 39 
76 26 
76 68 
76 47 
76 63 
76 42 
77 89 
77 96 
77 62 
77 47 
77 20 
78 68 
78 69 
78 92 
78 3 
78 57 
78 70 
78 67 
78 54 
78 71 
78 45 
78 93 
78 64 
78 65 
78 49 
78 30 
79 61 
79 75 
79 52 
79 65 
79 19 
79 46 
79 58 
79 49 
79 18 
79 15 
79 80 
79 40 
80 27 
80 18 
80 20 
80 15 
80 12 
80 32 
80 60 
80 69 
80 65 
80 79 
80 64 
81 86 
82 62 
82 85 
82 88 
82 70 
82 87 
82 21 
82 11 
82 66 
83 58 
83 50 
83 84 
83 57 
83 63 
83 72 
83 16 
83 3 
83 4 
84 91 
84 24 
84 86 
84 83 
84 39 
84 33 
84 25 
84 7 
84 10 
84 93 
84 44 
84 46 
84 51 
84 38 
85 43 
85 74 
85 59 
85 12 
85 64 
85 82 
85 16 
85 11 
85 5 
85 86 
85 3 
85 49 
85 72 
86 8 
86 29 
86 84 
86 60 
86 87 
86 56 
86 32 
86 42 
86 25 
86 85 
86 81 
86 26 
86 6 
87 47 
87 86 
87 71 
87 14 
87 8 
87 82 
87 53 
87 44 
87 72 
88 56 
88 51 
88 6 
88 59 
88 82 
88 10 
88 23 
88 9 
89 31 
89 77 
89 54 
89 26 
89 36 
89 9 
89 13 
89 61 
90 5 
90 33 
90 32 
90 43 
90 41 
91 84 
91 29 
91 55 
91 71 
91 1 
91 68 
91 13 
91 33 
91 66 
91 35 
92 78 
92 7 
92 20 
92 2 
92 34 
92 32 
92 93 
92 43 
92 18 
93 56 
93 69 
93 50 
93 42 
93 49 
93 84 
93 78 
93 35 
93 25 
93 92 
93 18 
93 30 
93 65 
94 21 
94 5 
94 9 
94 13 
94 59 
95 61 
95 38 
95 7 
95 22 
96 58 
96 77 
96 21 
96 53 
96 28 
96 39 
96 64 
96 17 
96 12 
