0 54 
0 58 
0 42 
0 78 
0 31 
0 37 
0 1 
0 74 
0 15 
0 86 
0 13 
0 32 
0 16 
0 18 
0 76 
0 71 
0 34 
0 57 
0 47 
0 92 
0 10 
0 7 
0 43 
0 33 
0 82 
0 89 
0 39 
0 40 
0 87 
0 52 
0 62 
0 96 
0 26 
0 70 
0 17 
0 41 
0 14 
0 11 
0 85 
0 45 
0 2 
0 72 
0 66 
0 60 
0 24 
0 5 
0 49 
0 77 
0 51 
0 20 
0 64 
0 95 
0 63 
0 53 
0 68 
1 37 
1 64 
1 33 
1 19 
1 9 
1 0 
1 21 
1 95 
1 43 
1 24 
1 16 
1 87 
1 83 
1 12 
1 41 
1 92 
1 66 
1 36 
1 13 
1 90 
1 84 
1 50 
1 7 
1 75 
1 45 
1 81 
1 38 
1 32 
1 39 
1 73 
1 62 
1 52 
1 59 
1 28 
1 54 
1 56 
1 70 
1 76 
1 57 
1 23 
1 26 
1 60 
1 72 
1 47 
1 10 
2 60 
2 29 
2 48 
2 3 
2 52 
2 34 
2 63 
2 71 
2 24 
2 70 
2 11 
2 26 
2 67 
2 28 
2 73 
2 92 
2 45 
2 86 
2 69 
2 81 
2 95 
2 10 
2 33 
2 46 
2 7 
2 36 
2 38 
2 84 
2 72 
2 25 
2 43 
2 41 
2 75 
2 54 
2 42 
2 16 
2 0 
2 76 
2 12 
2 30 
2 37 
2 13 
2 78 
2 6 
2 40 
2 88 
2 82 
2 64 
2 47 
2 39 
2 89 
3 76 
3 22 
3 57 
3 67 
3 2 
3 28 
3 91 
3 26 
3 74 
3 7 
3 64 
3 41 
3 58 
3 40 
3 44 
3 49 
3 32 
3 68 
3 93 
3 95 
3 60 
3 83 
3 66 
3 11 
3 94 
3 63 
3 59 
3 29 
3 61 
3 81 
3 87 
3 70 
3 27 
3 16 
3 65 
3 15 
3 18 
3 97 
3 45 
3 33 
3 42 
3 35 
3 55 
3 51 
3 89 
3 71 
3 47 
3 52 
3 39 
4 67 
4 53 
4 20 
4 95 
4 62 
4 32 
4 97 
4 86 
4 16 
4 46 
4 74 
4 5 
4 60 
4 27 
4 34 
4 78 
4 43 
4 54 
4 36 
4 90 
4 35 
4 38 
4 82 
4 88 
4 80 
4 13 
4 9 
4 89 
4 39 
4 30 
4 71 
4 66 
4 26 
4 24 
4 56 
4 18 
4 61 
4 48 
4 85 
4 51 
4 7 
4 42 
5 58 
5 43 
5 91 
5 7 
5 83 
5 97 
5 25 
5 94 
5 35 
5 4 
5 6 
5 29 
5 38 
5 20 
5 45 
5 32 
5 80 
5 26 
5 55 
5 79 
5 13 
5 10 
5 54 
5 19 
5 89 
5 66 
5 49 
5 71 
5 41 
5 17 
5 48 
5 70 
5 15 
5 27 
5 88 
5 81 
5 53 
5 74 
5 92 
5 95 
5 67 
5 90 
5 75 
5 0 
5 73 
5 93 
5 30 
5 57 
5 39 
5 21 
5 44 
6 62 
6 72 
6 43 
6 23 
6 79 
6 58 
6 39 
6 17 
6 85 
6 5 
6 64 
6 27 
6 70 
6 59 
6 94 
6 54 
6 26 
6 51 
6 11 
6 41 
6 87 
6 71 
6 93 
6 56 
6 7 
6 10 
6 89 
6 69 
6 32 
6 13 
6 19 
6 18 
6 78 
6 63 
6 60 
6 82 
6 34 
6 38 
6 81 
6 2 
6 36 
6 30 
6 55 
6 90 
6 66 
6 68 
6 86 
7 5 
7 15 
7 94 
7 39 
7 74 
7 85 
7 92 
7 46 
7 80 
7 49 
7 93 
7 3 
7 25 
7 78 
7 69 
7 40 
7 37 
7 83 
7 95 
7 36 
7 75 
7 60 
7 31 
7 44 
7 1 
7 87 
7 89 
7 0 
7 82 
7 6 
7 88 
7 2 
7 65 
7 23 
7 51 
7 72 
7 45 
7 61 
7 41 
7 30 
7 71 
7 64 
7 90 
7 77 
7 97 
7 55 
7 22 
7 13 
7 17 
7 54 
7 50 
7 42 
7 24 
7 59 
7 8 
7 12 
7 4 
7 38 
8 23 
8 50 
8 74 
8 28 
8 18 
8 15 
8 63 
8 12 
8 85 
8 97 
8 32 
8 76 
8 95 
8 77 
8 71 
8 41 
8 78 
8 34 
8 43 
8 46 
8 87 
8 39 
8 40 
8 81 
8 66 
8 72 
8 57 
8 58 
8 61 
8 44 
8 83 
8 24 
8 52 
8 27 
8 70 
8 7 
8 30 
8 69 
8 22 
8 64 
8 84 
8 65 
8 48 
8 42 
8 33 
9 33 
9 97 
9 89 
9 95 
9 1 
9 75 
9 20 
9 58 
9 16 
9 82 
9 54 
9 68 
9 31 
9 83 
9 23 
9 34 
9 57 
9 65 
9 42 
9 25 
9 59 
9 93 
9 85 
9 76 
9 14 
9 45 
9 51 
9 4 
9 37 
9 96 
9 11 
9 40 
9 56 
9 50 
9 49 
9 78 
9 18 
9 53 
9 19 
9 90 
9 87 
9 94 
9 67 
9 15 
10 33 
10 32 
10 76 
10 47 
10 94 
10 30 
10 26 
10 74 
10 89 
10 57 
10 14 
10 86 
10 96 
10 5 
10 84 
10 0 
10 55 
10 40 
10 2 
10 87 
10 6 
10 70 
10 19 
10 88 
10 22 
10 80 
10 23 
10 56 
10 60 
10 78 
10 34 
10 11 
10 18 
10 91 
10 15 
10 77 
10 97 
10 71 
10 69 
10 43 
10 90 
10 65 
10 12 
10 1 
11 41 
11 15 
11 24 
11 13 
11 18 
11 12 
11 54 
11 55 
11 88 
11 32 
11 78 
11 97 
11 2 
11 27 
11 6 
11 87 
11 83 
11 45 
11 3 
11 85 
11 9 
11 26 
11 76 
11 25 
11 0 
11 81 
11 10 
11 22 
11 66 
11 21 
11 96 
11 64 
11 68 
11 57 
11 58 
11 90 
11 44 
11 29 
12 75 
12 70 
12 81 
12 64 
12 55 
12 40 
12 11 
12 79 
12 23 
12 72 
12 52 
12 21 
12 22 
12 34 
12 94 
12 36 
12 8 
12 1 
12 62 
12 86 
12 41 
12 69 
12 78 
12 56 
12 67 
12 71 
12 54 
12 13 
12 84 
12 65 
12 30 
12 95 
12 76 
12 26 
12 50 
12 2 
12 42 
12 68 
12 89 
12 35 
12 39 
12 58 
12 90 
12 47 
12 10 
12 7 
12 51 
12 83 
12 38 
12 77 
13 46 
13 39 
13 75 
13 61 
13 92 
13 67 
13 11 
13 63 
13 95 
13 64 
13 94 
13 53 
13 69 
13 66 
13 85 
13 38 
13 55 
13 34 
13 36 
13 86 
13 14 
13 0 
13 79 
13 62 
13 16 
13 15 
13 1 
13 45 
13 5 
13 32 
13 12 
13 83 
13 48 
13 80 
13 35 
13 56 
13 6 
13 42 
13 4 
13 33 
13 76 
13 91 
13 87 
13 59 
13 88 
13 17 
13 2 
13 22 
13 89 
13 7 
13 52 
13 68 
13 31 
13 40 
13 82 
13 43 
13 28 
14 60 
14 43 
14 34 
14 90 
14 21 
14 82 
14 89 
14 63 
14 52 
14 13 
14 48 
14 10 
14 93 
14 61 
14 75 
14 45 
14 42 
14 57 
14 76 
14 23 
14 9 
14 67 
14 54 
14 15 
14 53 
14 92 
14 26 
14 85 
14 64 
14 68 
14 0 
14 86 
14 55 
14 83 
14 51 
14 24 
14 46 
14 78 
14 47 
14 59 
14 84 
14 56 
14 49 
14 33 
14 31 
14 80 
14 27 
14 77 
14 18 
14 37 
15 26 
15 68 
15 7 
15 11 
15 96 
15 56 
15 69 
15 17 
15 93 
15 21 
15 19 
15 64 
15 95 
15 0 
15 81 
15 8 
15 73 
15 70 
15 22 
15 78 
15 42 
15 55 
15 13 
15 57 
15 28 
15 79 
15 60 
15 46 
15 90 
15 14 
15 83 
15 63 
15 39 
15 5 
15 24 
15 3 
15 97 
15 61 
15 10 
15 43 
15 27 
15 41 
15 49 
15 88 
15 94 
15 9 
15 20 
15 40 
15 18 
16 66 
16 41 
16 68 
16 21 
16 63 
16 37 
16 23 
16 40 
16 42 
16 24 
16 29 
16 38 
16 9 
16 95 
16 4 
16 34 
16 1 
16 62 
16 85 
16 0 
16 77 
16 13 
16 72 
16 84 
16 91 
16 92 
16 67 
16 64 
16 26 
16 53 
16 82 
16 48 
16 27 
16 2 
16 19 
16 76 
16 3 
16 79 
16 71 
16 31 
16 30 
16 20 
16 57 
16 18 
16 28 
16 35 
16 43 
16 86 
16 52 
16 44 
16 50 
16 65 
17 57 
17 41 
17 68 
17 94 
17 21 
17 39 
17 15 
17 90 
17 87 
17 6 
17 54 
17 44 
17 82 
17 65 
17 85 
17 63 
17 52 
17 69 
17 47 
17 49 
17 79 
17 30 
17 51 
17 71 
17 75 
17 73 
17 24 
17 35 
17 92 
17 5 
17 36 
17 60 
17 0 
17 53 
17 13 
17 66 
17 77 
17 76 
17 7 
17 56 
17 27 
17 72 
17 46 
17 78 
17 26 
17 70 
17 43 
18 61 
18 11 
18 73 
18 65 
18 56 
18 83 
18 92 
18 8 
18 90 
18 41 
18 84 
18 63 
18 48 
18 25 
18 59 
18 28 
18 0 
18 86 
18 89 
18 43 
18 95 
18 64 
18 81 
18 27 
18 24 
18 45 
18 47 
18 44 
18 93 
18 49 
18 6 
18 60 
18 82 
18 3 
18 35 
18 10 
18 58 
18 9 
18 53 
18 16 
18 55 
18 19 
18 22 
18 32 
18 4 
18 50 
18 52 
18 36 
18 69 
18 23 
18 14 
18 15 
19 96 
19 85 
19 68 
19 32 
19 55 
19 62 
19 58 
19 1 
19 28 
19 71 
19 38 
19 15 
19 83 
19 77 
19 90 
19 27 
19 54 
19 89 
19 51 
19 78 
19 52 
19 76 
19 75 
19 67 
19 88 
19 80 
19 5 
19 20 
19 70 
19 35 
19 87 
19 72 
19 24 
19 10 
19 95 
19 40 
19 66 
19 6 
19 42 
19 65 
19 16 
19 94 
19 9 
19 18 
19 50 
19 29 
19 30 
19 63 
19 64 
20 70 
20 95 
20 4 
20 43 
20 9 
20 36 
20 65 
20 46 
20 62 
20 32 
20 44 
20 5 
20 80 
20 96 
20 69 
20 75 
20 82 
20 88 
20 19 
20 48 
20 35 
20 45 
20 89 
20 21 
20 86 
20 78 
20 28 
20 71 
20 61 
20 55 
20 52 
20 54 
20 16 
20 37 
20 0 
20 34 
20 84 
20 92 
20 30 
20 49 
20 87 
20 42 
20 83 
20 15 
21 16 
21 51 
21 85 
21 69 
21 91 
21 74 
21 25 
21 17 
21 26 
21 14 
21 1 
21 15 
21 34 
21 88 
21 90 
21 12 
21 76 
21 53 
21 37 
21 44 
21 49 
21 86 
21 30 
21 75 
21 22 
21 81 
21 20 
21 96 
21 59 
21 66 
21 94 
21 92 
21 83 
21 55 
21 23 
21 45 
21 39 
21 84 
21 11 
21 78 
21 41 
21 89 
21 5 
22 60 
22 52 
22 3 
22 28 
22 51 
22 76 
22 63 
22 86 
22 87 
22 27 
22 39 
22 56 
22 65 
22 35 
22 97 
22 78 
22 12 
22 15 
22 37 
22 53 
22 48 
22 42 
22 54 
22 79 
22 36 
22 30 
22 83 
22 90 
22 21 
22 88 
22 72 
22 71 
22 23 
22 10 
22 44 
22 43 
22 66 
22 41 
22 49 
22 11 
22 24 
22 13 
22 68 
22 7 
22 18 
22 77 
22 58 
22 80 
22 59 
22 8 
22 92 
23 8 
23 16 
23 77 
23 61 
23 6 
23 62 
23 84 
23 12 
23 76 
23 42 
23 9 
23 74 
23 83 
23 26 
23 73 
23 46 
23 29 
23 90 
23 56 
23 57 
23 66 
23 47 
23 14 
23 95 
23 22 
23 70 
23 10 
23 24 
23 7 
23 64 
23 41 
23 43 
23 59 
23 94 
23 53 
23 21 
23 39 
23 86 
23 58 
23 33 
23 32 
23 51 
23 96 
23 63 
23 30 
23 36 
23 52 
23 1 
23 45 
23 71 
23 75 
23 18 
24 52 
24 16 
24 81 
24 11 
24 72 
24 73 
24 1 
24 36 
24 2 
24 41 
24 65 
24 86 
24 84 
24 76 
24 28 
24 55 
24 71 
24 18 
24 19 
24 87 
24 23 
24 17 
24 31 
24 15 
24 56 
24 66 
24 43 
24 94 
24 42 
24 22 
24 0 
24 57 
24 4 
24 8 
24 14 
24 46 
24 79 
24 40 
24 54 
24 7 
24 49 
24 48 
24 59 
25 57 
25 68 
25 58 
25 21 
25 5 
25 63 
25 7 
25 52 
25 90 
25 48 
25 44 
25 18 
25 30 
25 64 
25 70 
25 72 
25 79 
25 9 
25 94 
25 37 
25 60 
25 47 
25 82 
25 2 
25 32 
25 11 
25 85 
25 26 
25 86 
25 55 
25 33 
25 31 
25 39 
25 75 
25 40 
25 54 
25 49 
25 29 
26 81 
26 15 
26 73 
26 61 
26 21 
26 52 
26 3 
26 68 
26 36 
26 76 
26 10 
26 6 
26 2 
26 80 
26 66 
26 23 
26 5 
26 67 
26 62 
26 31 
26 41 
26 79 
26 54 
26 96 
26 16 
26 55 
26 64 
26 58 
26 0 
26 65 
26 14 
26 11 
26 72 
26 92 
26 48 
26 46 
26 27 
26 40 
26 12 
26 25 
26 59 
26 4 
26 53 
26 88 
26 49 
26 60 
26 1 
26 71 
26 30 
26 77 
26 33 
26 17 
26 87 
27 49 
27 61 
27 75 
27 39 
27 22 
27 54 
27 95 
27 91 
27 6 
27 52 
27 19 
27 94 
27 4 
27 11 
27 90 
27 57 
27 36 
27 18 
27 69 
27 5 
27 32 
27 87 
27 16 
27 83 
27 3 
27 60 
27 79 
27 26 
27 67 
27 70 
27 78 
27 51 
27 15 
27 71 
27 62 
27 97 
27 8 
27 93 
27 42 
27 82 
27 17 
27 55 
27 14 
27 59 
27 66 
27 92 
28 22 
28 42 
28 19 
28 3 
28 76 
28 8 
28 56 
28 61 
28 29 
28 95 
28 85 
28 90 
28 86 
28 18 
28 60 
28 54 
28 2 
28 87 
28 24 
28 66 
28 65 
28 48 
28 52 
28 15 
28 32 
28 31 
28 70 
28 88 
28 64 
28 20 
28 1 
28 69 
28 83 
28 51 
28 93 
28 16 
28 44 
28 43 
28 89 
28 97 
28 34 
28 49 
28 78 
28 13 
28 40 
29 63 
29 49 
29 2 
29 44 
29 16 
29 78 
29 28 
29 5 
29 47 
29 52 
29 66 
29 41 
29 88 
29 54 
29 91 
29 53 
29 35 
29 23 
29 51 
29 62 
29 58 
29 81 
29 55 
29 73 
29 3 
29 61 
29 96 
29 31 
29 40 
29 75 
29 84 
29 19 
29 69 
29 85 
29 65 
29 11 
29 25 
30 88 
30 43 
30 42 
30 41 
30 82 
30 10 
30 70 
30 25 
30 64 
30 21 
30 93 
30 97 
30 22 
30 46 
30 51 
30 96 
30 33 
30 17 
30 71 
30 65 
30 45 
30 35 
30 36 
30 90 
30 12 
30 7 
30 34 
30 44 
30 39 
30 4 
30 40 
30 76 
30 16 
30 2 
30 37 
30 6 
30 23 
30 49 
30 59 
30 5 
30 68 
30 8 
30 19 
30 20 
30 26 
30 58 
30 52 
30 38 
30 75 
30 57 
31 62 
31 34 
31 88 
31 0 
31 60 
31 47 
31 61 
31 9 
31 57 
31 44 
31 43 
31 73 
31 7 
31 26 
31 28 
31 37 
31 32 
31 75 
31 76 
31 68 
31 24 
31 67 
31 35 
31 53 
31 66 
31 16 
31 72 
31 95 
31 29 
31 91 
31 13 
31 79 
31 14 
31 25 
31 94 
31 86 
31 51 
31 65 
31 74 
32 47 
32 91 
32 76 
32 62 
32 19 
32 82 
32 10 
32 68 
32 64 
32 93 
32 90 
32 83 
32 63 
32 87 
32 4 
32 50 
32 20 
32 78 
32 11 
32 58 
32 8 
32 89 
32 0 
32 5 
32 38 
32 49 
32 3 
32 60 
32 13 
32 36 
32 84 
32 66 
32 42 
32 1 
32 33 
32 28 
32 92 
32 31 
32 37 
32 6 
32 79 
32 85 
32 74 
32 25 
32 81 
32 51 
32 27 
32 61 
32 45 
32 23 
32 59 
32 73 
32 18 
32 97 
32 94 
32 77 
33 9 
33 75 
33 71 
33 10 
33 36 
33 49 
33 1 
33 85 
33 57 
33 82 
33 52 
33 54 
33 77 
33 41 
33 39 
33 68 
33 63 
33 30 
33 0 
33 81 
33 66 
33 2 
33 32 
33 37 
33 47 
33 65 
33 92 
33 72 
33 80 
33 94 
33 96 
33 13 
33 53 
33 95 
33 61 
33 48 
33 23 
33 46 
33 89 
33 25 
33 88 
33 3 
33 14 
33 64 
33 26 
33 56 
33 8 
34 61 
34 31 
34 14 
34 82 
34 46 
34 91 
34 2 
34 81 
34 21 
34 16 
34 63 
34 35 
34 39 
34 43 
34 70 
34 12 
34 13 
34 52 
34 51 
34 9 
34 4 
34 0 
34 54 
34 8 
34 42 
34 71 
34 38 
34 57 
34 73 
34 30 
34 10 
34 72 
34 60 
34 68 
34 6 
34 80 
34 20 
34 97 
34 40 
34 28 
34 88 
34 94 
34 47 
34 49 
35 58 
35 37 
35 97 
35 50 
35 65 
35 45 
35 40 
35 22 
35 34 
35 5 
35 61 
35 46 
35 47 
35 29 
35 62 
35 89 
35 51 
35 96 
35 19 
35 86 
35 80 
35 81 
35 20 
35 87 
35 4 
35 41 
35 43 
35 30 
35 91 
35 70 
35 13 
35 48 
35 95 
35 38 
35 17 
35 53 
35 31 
35 88 
35 64 
35 55 
35 39 
35 94 
35 18 
35 59 
35 93 
35 12 
35 92 
35 16 
35 67 
35 56 
35 3 
35 76 
35 83 
35 60 
36 33 
36 93 
36 20 
36 62 
36 86 
36 26 
36 66 
36 45 
36 65 
36 24 
36 13 
36 12 
36 75 
36 7 
36 46 
36 1 
36 43 
36 22 
36 88 
36 32 
36 63 
36 4 
36 27 
36 47 
36 71 
36 2 
36 38 
36 30 
36 53 
36 89 
36 78 
36 17 
36 85 
36 76 
36 59 
36 39 
36 57 
36 6 
36 54 
36 95 
36 23 
36 18 
36 42 
36 79 
36 83 
36 48 
36 84 
36 68 
37 1 
37 35 
37 16 
37 76 
37 48 
37 80 
37 45 
37 0 
37 69 
37 85 
37 21 
37 51 
37 90 
37 95 
37 46 
37 7 
37 22 
37 92 
37 57 
37 41 
37 81 
37 54 
37 63 
37 75 
37 43 
37 74 
37 47 
37 33 
37 31 
37 65 
37 32 
37 39 
37 25 
37 60 
37 9 
37 44 
37 89 
37 62 
37 2 
37 58 
37 30 
37 64 
37 20 
37 66 
37 61 
37 79 
37 56 
37 68 
37 78 
37 14 
38 74 
38 61 
38 40 
38 53 
38 16 
38 19 
38 64 
38 80 
38 13 
38 5 
38 62 
38 96 
38 89 
38 32 
38 41 
38 51 
38 1 
38 72 
38 4 
38 47 
38 78 
38 36 
38 2 
38 35 
38 34 
38 49 
38 85 
38 67 
38 81 
38 58 
38 71 
38 87 
38 82 
38 6 
38 84 
38 94 
38 45 
38 77 
38 79 
38 7 
38 30 
38 12 
39 13 
39 56 
39 17 
39 7 
39 59 
39 27 
39 75 
39 49 
39 22 
39 6 
39 54 
39 34 
39 91 
39 89 
39 64 
39 46 
39 33 
39 63 
39 76 
39 51 
39 1 
39 95 
39 0 
39 37 
39 8 
39 43 
39 84 
39 41 
39 65 
39 15 
39 48 
39 4 
39 30 
39 40 
39 35 
39 21 
39 23 
39 72 
39 61 
39 94 
39 12 
39 92 
39 36 
39 50 
39 71 
39 55 
39 25 
39 2 
39 5 
39 82 
39 3 
40 96 
40 86 
40 16 
40 38 
40 69 
40 63 
40 12 
40 94 
40 35 
40 54 
40 58 
40 46 
40 43 
40 7 
40 85 
40 82 
40 3 
40 52 
40 45 
40 10 
40 61 
40 0 
40 79 
40 19 
40 9 
40 49 
40 8 
40 91 
40 39 
40 26 
40 70 
40 30 
40 55 
40 81 
40 41 
40 24 
40 80 
40 93 
40 34 
40 97 
40 29 
40 2 
40 56 
40 90 
40 75 
40 13 
40 25 
40 15 
40 64 
40 28 
40 47 
41 17 
41 11 
41 16 
41 74 
41 42 
41 90 
41 50 
41 69 
41 57 
41 30 
41 91 
41 18 
41 33 
41 45 
41 75 
41 29 
41 3 
41 24 
41 47 
41 60 
41 1 
41 37 
41 6 
41 8 
41 12 
41 38 
41 86 
41 76 
41 26 
41 35 
41 95 
41 46 
41 87 
41 23 
41 5 
41 39 
41 2 
41 7 
41 89 
41 62 
41 85 
41 0 
41 81 
41 22 
41 96 
41 52 
41 68 
41 83 
41 40 
41 64 
41 15 
41 67 
41 77 
41 88 
41 72 
41 48 
41 21 
41 49 
42 63 
42 91 
42 0 
42 16 
42 30 
42 41 
42 28 
42 68 
42 59 
42 81 
42 23 
42 93 
42 69 
42 56 
42 22 
42 15 
42 74 
42 60 
42 9 
42 34 
42 32 
42 14 
42 43 
42 65 
42 73 
42 13 
42 52 
42 55 
42 46 
42 97 
42 19 
42 2 
42 51 
42 61 
42 70 
42 24 
42 12 
42 67 
42 82 
42 85 
42 7 
42 54 
42 27 
42 36 
42 3 
42 95 
42 20 
42 4 
42 8 
43 5 
43 78 
43 70 
43 14 
43 30 
43 86 
43 81 
43 6 
43 20 
43 61 
43 65 
43 1 
43 73 
43 34 
43 40 
43 62 
43 75 
43 4 
43 53 
43 31 
43 36 
43 18 
43 8 
43 37 
43 0 
43 35 
43 66 
43 51 
43 42 
43 39 
43 22 
43 94 
43 2 
43 23 
43 84 
43 57 
43 54 
43 79 
43 24 
43 69 
43 89 
43 15 
43 59 
43 16 
43 28 
43 52 
43 47 
43 10 
43 83 
43 44 
43 13 
43 87 
43 17 
44 88 
44 86 
44 55 
44 29 
44 78 
44 20 
44 54 
44 17 
44 25 
44 21 
44 87 
44 3 
44 31 
44 57 
44 7 
44 70 
44 65 
44 45 
44 72 
44 18 
44 22 
44 56 
44 51 
44 30 
44 37 
44 8 
44 66 
44 28 
44 16 
44 68 
44 73 
44 47 
44 94 
44 60 
44 43 
44 52 
44 48 
44 82 
44 11 
44 5 
45 88 
45 83 
45 65 
45 37 
45 67 
45 49 
45 60 
45 35 
45 36 
45 41 
45 5 
45 81 
45 66 
45 74 
45 91 
45 63 
45 56 
45 13 
45 40 
45 51 
45 2 
45 1 
45 14 
45 30 
45 18 
45 44 
45 11 
45 68 
45 52 
45 20 
45 58 
45 9 
45 92 
45 96 
45 7 
45 21 
45 0 
45 32 
45 69 
45 3 
45 23 
45 38 
45 78 
45 54 
46 13 
46 53 
46 84 
46 81 
46 48 
46 34 
46 89 
46 97 
46 7 
46 79 
46 20 
46 4 
46 40 
46 37 
46 39 
46 35 
46 86 
46 49 
46 50 
46 36 
46 23 
46 30 
46 85 
46 52 
46 8 
46 51 
46 2 
46 72 
46 94 
46 15 
46 77 
46 41 
46 96 
46 66 
46 42 
46 54 
46 92 
46 70 
46 26 
46 63 
46 65 
46 14 
46 60 
46 24 
46 33 
46 17 
46 69 
46 80 
46 73 
47 32 
47 53 
47 58 
47 65 
47 81 
47 10 
47 68 
47 84 
47 31 
47 49 
47 96 
47 29 
47 59 
47 89 
47 77 
47 41 
47 56 
47 35 
47 60 
47 17 
47 0 
47 70 
47 72 
47 36 
47 37 
47 33 
47 23 
47 62 
47 18 
47 38 
47 48 
47 54 
47 25 
47 57 
47 94 
47 91 
47 78 
47 50 
47 14 
47 86 
47 43 
47 66 
47 52 
47 44 
47 93 
47 85 
47 12 
47 3 
47 75 
47 2 
47 92 
47 34 
47 1 
47 40 
48 87 
48 90 
48 37 
48 2 
48 46 
48 57 
48 80 
48 83 
48 25 
48 18 
48 82 
48 65 
48 14 
48 56 
48 22 
48 64 
48 69 
48 79 
48 81 
48 28 
48 92 
48 20 
48 59 
48 13 
48 47 
48 55 
48 85 
48 35 
48 49 
48 5 
48 75 
48 16 
48 39 
48 26 
48 74 
48 78 
48 60 
48 70 
48 33 
48 68 
48 96 
48 53 
48 4 
48 24 
48 51 
48 77 
48 86 
48 36 
48 41 
48 44 
48 8 
49 63 
49 50 
49 60 
49 76 
49 29 
49 33 
49 27 
49 73 
49 95 
49 69 
49 45 
49 39 
49 47 
49 97 
49 7 
49 86 
49 55 
49 68 
49 21 
49 65 
49 46 
49 32 
49 3 
49 66 
49 17 
49 67 
49 94 
49 5 
49 48 
49 72 
49 91 
49 38 
49 40 
49 18 
49 89 
49 78 
49 9 
49 22 
49 90 
49 0 
49 26 
49 15 
49 30 
49 14 
49 24 
49 52 
49 20 
49 77 
49 57 
49 28 
49 80 
49 25 
49 54 
49 41 
49 56 
49 34 
50 60 
50 49 
50 8 
50 97 
50 35 
50 52 
50 41 
50 32 
50 58 
50 74 
50 79 
50 46 
50 51 
50 1 
50 72 
50 85 
50 93 
50 57 
50 55 
50 73 
50 95 
50 9 
50 78 
50 12 
50 94 
50 90 
50 47 
50 62 
50 39 
50 87 
50 7 
50 89 
50 16 
50 18 
50 68 
50 19 
50 70 
51 65 
51 84 
51 61 
51 21 
51 92 
51 22 
51 71 
51 52 
51 55 
51 37 
51 68 
51 75 
51 34 
51 6 
51 50 
51 19 
51 81 
51 54 
51 73 
51 45 
51 35 
51 30 
51 29 
51 38 
51 46 
51 69 
51 39 
51 94 
51 57 
51 17 
51 43 
51 9 
51 7 
51 44 
51 32 
51 42 
51 76 
51 28 
51 14 
51 87 
51 78 
51 27 
51 86 
51 66 
51 0 
51 23 
51 60 
51 4 
51 31 
51 48 
51 3 
51 12 
51 58 
52 90 
52 22 
52 93 
52 24 
52 71 
52 89 
52 51 
52 33 
52 2 
52 91 
52 50 
52 26 
52 12 
52 25 
52 86 
52 29 
52 27 
52 14 
52 34 
52 17 
52 62 
52 78 
52 40 
52 19 
52 80 
52 59 
52 28 
52 46 
52 82 
52 64 
52 53 
52 45 
52 60 
52 1 
52 0 
52 69 
52 42 
52 92 
52 20 
52 41 
52 77 
52 95 
52 8 
52 13 
52 16 
52 43 
52 23 
52 81 
52 18 
52 47 
52 49 
52 30 
52 61 
52 44 
52 3 
53 46 
53 47 
53 56 
53 68 
53 71 
53 4 
53 80 
53 57 
53 97 
53 38 
53 13 
53 85 
53 78 
53 21 
53 76 
53 22 
53 29 
53 72 
53 43 
53 91 
53 58 
53 79 
53 70 
53 62 
53 74 
53 94 
53 52 
53 36 
53 81 
53 14 
53 55 
53 16 
53 35 
53 33 
53 92 
53 5 
53 23 
53 31 
53 17 
53 82 
53 18 
53 9 
53 63 
53 26 
53 48 
53 64 
53 83 
53 95 
53 69 
53 66 
53 0 
53 54 
54 0 
54 81 
54 57 
54 63 
54 33 
54 27 
54 11 
54 79 
54 40 
54 17 
54 39 
54 44 
54 78 
54 95 
54 9 
54 29 
54 19 
54 83 
54 6 
54 28 
54 87 
54 22 
54 66 
54 4 
54 74 
54 37 
54 34 
54 51 
54 5 
54 12 
54 62 
54 94 
54 82 
54 26 
54 47 
54 14 
54 96 
54 46 
54 2 
54 72 
54 1 
54 43 
54 20 
54 7 
54 36 
54 24 
54 42 
54 97 
54 58 
54 71 
54 65 
54 53 
54 25 
54 45 
54 49 
54 55 
55 63 
55 86 
55 44 
55 19 
55 12 
55 51 
55 81 
55 11 
55 79 
55 13 
55 49 
55 95 
55 96 
55 15 
55 87 
55 5 
55 77 
55 65 
55 61 
55 24 
55 10 
55 50 
55 48 
55 92 
55 97 
55 75 
55 26 
55 53 
55 73 
55 29 
55 42 
55 21 
55 64 
55 35 
55 66 
55 14 
55 93 
55 40 
55 20 
55 25 
55 56 
55 91 
55 18 
55 7 
55 58 
55 39 
55 27 
55 6 
55 3 
55 74 
55 54 
56 66 
56 53 
56 39 
56 73 
56 15 
56 18 
56 22 
56 28 
56 69 
56 76 
56 47 
56 48 
56 42 
56 78 
56 81 
56 71 
56 45 
56 23 
56 12 
56 91 
56 6 
56 10 
56 77 
56 13 
56 44 
56 74 
56 86 
56 87 
56 9 
56 60 
56 24 
56 1 
56 55 
56 79 
56 4 
56 14 
56 17 
56 96 
56 37 
56 40 
56 35 
56 63 
56 88 
56 33 
56 49 
56 94 
57 17 
57 79 
57 61 
57 53 
57 25 
57 3 
57 54 
57 48 
57 33 
57 41 
57 72 
57 37 
57 64 
57 31 
57 10 
57 44 
57 9 
57 0 
57 15 
57 27 
57 23 
57 14 
57 50 
57 51 
57 62 
57 47 
57 92 
57 87 
57 34 
57 43 
57 84 
57 8 
57 59 
57 96 
57 16 
57 24 
57 36 
57 94 
57 1 
57 58 
57 71 
57 89 
57 5 
57 11 
57 49 
57 75 
57 88 
57 30 
58 5 
58 96 
58 35 
58 0 
58 47 
58 19 
58 25 
58 97 
58 6 
58 71 
58 9 
58 69 
58 70 
58 40 
58 62 
58 50 
58 85 
58 65 
58 32 
58 3 
58 84 
58 53 
58 63 
58 29 
58 91 
58 45 
58 26 
58 60 
58 82 
58 86 
58 8 
58 38 
58 61 
58 18 
58 66 
58 23 
58 93 
58 87 
58 37 
58 55 
58 12 
58 57 
58 22 
58 90 
58 89 
58 30 
58 54 
58 11 
58 51 
59 39 
59 75 
59 80 
59 72 
59 90 
59 42 
59 65 
59 88 
59 47 
59 93 
59 6 
59 18 
59 61 
59 83 
59 71 
59 95 
59 52 
59 74 
59 9 
59 96 
59 79 
59 48 
59 3 
59 21 
59 81 
59 1 
59 23 
59 84 
59 13 
59 94 
59 36 
59 57 
59 26 
59 35 
59 97 
59 43 
59 14 
59 32 
59 86 
59 30 
59 7 
59 22 
59 27 
59 24 
59 66 
60 50 
60 22 
60 49 
60 14 
60 2 
60 63 
60 69 
60 75 
60 81 
60 31 
60 45 
60 71 
60 4 
60 41 
60 84 
60 96 
60 28 
60 47 
60 80 
60 7 
60 42 
60 79 
60 32 
60 89 
60 3 
60 83 
60 88 
60 15 
60 94 
60 52 
60 74 
60 37 
60 25 
60 10 
60 58 
60 17 
60 6 
60 85 
60 18 
60 27 
60 34 
60 56 
60 62 
60 66 
60 0 
60 48 
60 46 
60 26 
60 51 
60 64 
60 1 
60 44 
60 35 
61 34 
61 51 
61 38 
61 13 
61 23 
61 18 
61 57 
61 26 
61 27 
61 73 
61 65 
61 75 
61 43 
61 90 
61 31 
61 35 
61 28 
61 89 
61 91 
61 77 
61 59 
61 14 
61 55 
61 40 
61 78 
61 66 
61 7 
61 3 
61 29 
61 42 
61 33 
61 32 
61 20 
61 68 
61 58 
61 15 
61 8 
61 39 
61 76 
61 37 
61 84 
61 63 
61 4 
61 52 
61 69 
61 80 
62 82 
62 31 
62 76 
62 32 
62 6 
62 95 
62 19 
62 23 
62 4 
62 79 
62 36 
62 89 
62 20 
62 58 
62 91 
62 38 
62 16 
62 43 
62 13 
62 90 
62 12 
62 52 
62 35 
62 26 
62 88 
62 85 
62 96 
62 86 
62 29 
62 53 
62 64 
62 54 
62 65 
62 47 
62 57 
62 1 
62 92 
62 97 
62 93 
62 0 
62 41 
62 69 
62 60 
62 37 
62 27 
62 50 
62 73 
62 68 
63 55 
63 49 
63 65 
63 42 
63 29 
63 60 
63 16 
63 77 
63 68 
63 83 
63 86 
63 92 
63 40 
63 13 
63 22 
63 54 
63 25 
63 32 
63 66 
63 82 
63 34 
63 2 
63 14 
63 18 
63 8 
63 39 
63 95 
63 33 
63 17 
63 45 
63 81 
63 37 
63 58 
63 36 
63 89 
63 74 
63 67 
63 78 
63 3 
63 75 
63 15 
63 6 
63 84 
63 46 
63 53 
63 23 
63 76 
63 61 
63 91 
63 56 
63 19 
63 0 
64 72 
64 71 
64 1 
64 12 
64 88 
64 32 
64 13 
64 73 
64 15 
64 82 
64 38 
64 3 
64 70 
64 6 
64 39 
64 86 
64 57 
64 48 
64 30 
64 25 
64 69 
64 18 
64 62 
64 52 
64 16 
64 83 
64 28 
64 65 
64 23 
64 85 
64 26 
64 93 
64 84 
64 14 
64 55 
64 35 
64 7 
64 68 
64 37 
64 11 
64 0 
64 41 
64 53 
64 60 
64 33 
64 8 
64 2 
64 19 
64 40 
64 75 
65 78 
65 90 
65 63 
65 51 
65 47 
65 45 
65 18 
65 61 
65 35 
65 85 
65 20 
65 43 
65 22 
65 86 
65 36 
65 76 
65 59 
65 17 
65 24 
65 49 
65 58 
65 48 
65 69 
65 72 
65 55 
65 9 
65 79 
65 28 
65 93 
65 44 
65 71 
65 30 
65 62 
65 97 
65 37 
65 33 
65 42 
65 7 
65 64 
65 77 
65 68 
65 26 
65 39 
65 12 
65 87 
65 19 
65 3 
65 46 
65 67 
65 83 
65 91 
65 89 
65 88 
65 94 
65 31 
65 10 
65 54 
65 29 
65 73 
65 82 
65 8 
65 16 
66 56 
66 16 
66 71 
66 80 
66 97 
66 93 
66 74 
66 63 
66 13 
66 89 
66 36 
66 29 
66 67 
66 45 
66 82 
66 70 
66 26 
66 54 
66 49 
66 1 
66 28 
66 79 
66 32 
66 23 
66 33 
66 96 
66 5 
66 78 
66 43 
66 3 
66 61 
66 85 
66 21 
66 90 
66 46 
66 19 
66 8 
66 55 
66 91 
66 22 
66 31 
66 24 
66 4 
66 58 
66 11 
66 17 
66 0 
66 60 
66 44 
66 37 
66 51 
66 73 
66 47 
66 92 
66 6 
66 53 
66 27 
66 59 
66 88 
67 70 
67 4 
67 13 
67 3 
67 45 
67 69 
67 66 
67 97 
67 2 
67 79 
67 26 
67 96 
67 19 
67 12 
67 63 
67 49 
67 16 
67 14 
67 38 
67 31 
67 77 
67 27 
67 93 
67 85 
67 92 
67 73 
67 5 
67 42 
67 88 
67 89 
67 65 
67 41 
67 35 
67 76 
67 75 
67 9 
68 17 
68 16 
68 81 
68 53 
68 19 
68 15 
68 32 
68 87 
68 25 
68 63 
68 47 
68 42 
68 95 
68 26 
68 85 
68 9 
68 51 
68 49 
68 33 
68 3 
68 45 
68 96 
68 31 
68 65 
68 61 
68 14 
68 64 
68 34 
68 12 
68 41 
68 22 
68 48 
68 83 
68 13 
68 88 
68 44 
68 50 
68 30 
68 11 
68 71 
68 90 
68 69 
68 37 
68 82 
68 6 
68 80 
68 0 
68 89 
68 62 
68 36 
69 82 
69 21 
69 60 
69 85 
69 40 
69 15 
69 13 
69 49 
69 37 
69 41 
69 58 
69 67 
69 56 
69 7 
69 42 
69 65 
69 48 
69 17 
69 20 
69 79 
69 12 
69 64 
69 88 
69 2 
69 51 
69 96 
69 91 
69 27 
69 71 
69 6 
69 52 
69 80 
69 75 
69 97 
69 62 
69 28 
69 84 
69 74 
69 77 
69 76 
69 43 
69 45 
69 87 
69 10 
69 8 
69 29 
69 46 
69 53 
69 68 
69 18 
69 81 
69 78 
69 61 
70 12 
70 20 
70 43 
70 67 
70 85 
70 87 
70 58 
70 64 
70 34 
70 6 
70 2 
70 90 
70 15 
70 30 
70 66 
70 96 
70 25 
70 44 
70 47 
70 53 
70 19 
70 89 
70 10 
70 28 
70 23 
70 35 
70 83 
70 78 
70 5 
70 0 
70 74 
70 42 
70 3 
70 46 
70 88 
70 40 
70 27 
70 1 
70 48 
70 73 
70 72 
70 8 
70 17 
70 50 
71 33 
71 66 
71 97 
71 53 
71 64 
71 52 
71 19 
71 51 
71 58 
71 60 
71 92 
71 2 
71 0 
71 8 
71 56 
71 81 
71 6 
71 59 
71 24 
71 12 
71 30 
71 36 
71 34 
71 65 
71 17 
71 22 
71 69 
71 5 
71 85 
71 83 
71 84 
71 20 
71 7 
71 94 
71 82 
71 4 
71 38 
71 16 
71 27 
71 10 
71 39 
71 72 
71 57 
71 26 
71 86 
71 73 
71 68 
71 23 
71 54 
71 3 
71 95 
72 64 
72 6 
72 24 
72 12 
72 59 
72 57 
72 65 
72 53 
72 97 
72 16 
72 25 
72 95 
72 50 
72 87 
72 78 
72 47 
72 22 
72 19 
72 38 
72 46 
72 44 
72 33 
72 2 
72 49 
72 7 
72 79 
72 8 
72 26 
72 54 
72 34 
72 77 
72 84 
72 93 
72 0 
72 39 
72 31 
72 70 
72 71 
72 89 
72 17 
72 94 
72 41 
72 85 
72 1 
73 26 
73 56 
73 49 
73 88 
73 18 
73 61 
73 77 
73 64 
73 24 
73 43 
73 15 
73 2 
73 23 
73 83 
73 31 
73 51 
73 90 
73 92 
73 76 
73 50 
73 1 
73 95 
73 17 
73 42 
73 55 
73 29 
73 79 
73 86 
73 34 
73 96 
73 89 
73 78 
73 67 
73 84 
73 5 
73 70 
73 81 
73 32 
73 66 
73 44 
73 82 
73 71 
73 62 
73 65 
73 46 
74 38 
74 80 
74 82 
74 92 
74 21 
74 41 
74 81 
74 96 
74 7 
74 66 
74 8 
74 0 
74 3 
74 4 
74 50 
74 76 
74 45 
74 10 
74 23 
74 42 
74 54 
74 84 
74 37 
74 59 
74 63 
74 53 
74 60 
74 56 
74 89 
74 32 
74 85 
74 70 
74 77 
74 5 
74 69 
74 78 
74 86 
74 48 
74 79 
74 91 
74 31 
74 55 
74 83 
75 12 
75 33 
75 13 
75 76 
75 60 
75 82 
75 59 
75 27 
75 9 
75 39 
75 79 
75 95 
75 61 
75 41 
75 51 
75 43 
75 36 
75 83 
75 94 
75 7 
75 37 
75 20 
75 21 
75 1 
75 19 
75 87 
75 14 
75 85 
75 31 
75 17 
75 55 
75 93 
75 63 
75 2 
75 48 
75 69 
75 96 
75 5 
75 77 
75 86 
75 67 
75 29 
75 40 
75 89 
75 25 
75 47 
75 23 
75 57 
75 30 
75 64 
76 3 
76 49 
76 62 
76 32 
76 75 
76 37 
76 10 
76 22 
76 81 
76 28 
76 21 
76 23 
76 26 
76 65 
76 74 
76 56 
76 53 
76 8 
76 0 
76 24 
76 19 
76 88 
76 39 
76 41 
76 14 
76 9 
76 73 
76 31 
76 91 
76 89 
76 94 
76 11 
76 13 
76 12 
76 92 
76 16 
76 36 
76 51 
76 85 
76 69 
76 30 
76 2 
76 84 
76 61 
76 17 
76 1 
76 63 
76 67 
76 35 
76 90 
77 23 
77 63 
77 33 
77 85 
77 73 
77 83 
77 19 
77 47 
77 94 
77 16 
77 61 
77 8 
77 96 
77 55 
77 46 
77 91 
77 88 
77 56 
77 65 
77 87 
77 74 
77 67 
77 72 
77 69 
77 7 
77 52 
77 17 
77 10 
77 0 
77 95 
77 75 
77 82 
77 22 
77 41 
77 90 
77 26 
77 48 
77 38 
77 14 
77 49 
77 32 
77 12 
78 65 
78 43 
78 85 
78 0 
78 29 
78 44 
78 53 
78 54 
78 7 
78 32 
78 22 
78 11 
78 15 
78 56 
78 4 
78 52 
78 19 
78 8 
78 12 
78 72 
78 81 
78 66 
78 63 
78 38 
78 61 
78 80 
78 70 
78 20 
78 36 
78 10 
78 6 
78 50 
78 74 
78 49 
78 92 
78 79 
78 9 
78 51 
78 95 
78 27 
78 47 
78 48 
78 73 
78 88 
78 2 
78 14 
78 21 
78 45 
78 17 
78 28 
78 69 
78 86 
78 37 
79 57 
79 84 
79 80 
79 96 
79 6 
79 12 
79 95 
79 62 
79 46 
79 75 
79 54 
79 55 
79 13 
79 50 
79 67 
79 60 
79 5 
79 22 
79 69 
79 65 
79 25 
79 53 
79 48 
79 17 
79 66 
79 90 
79 15 
79 59 
79 26 
79 40 
79 32 
79 91 
79 94 
79 73 
79 72 
79 81 
79 97 
79 27 
79 87 
79 78 
79 88 
79 86 
79 43 
79 16 
79 56 
79 24 
79 74 
79 37 
79 31 
79 36 
79 82 
79 38 
80 74 
80 53 
80 66 
80 37 
80 79 
80 48 
80 92 
80 7 
80 59 
80 38 
80 20 
80 60 
80 26 
80 5 
80 85 
80 52 
80 19 
80 90 
80 35 
80 91 
80 4 
80 13 
80 10 
80 33 
80 78 
80 69 
80 89 
80 34 
80 96 
80 40 
80 22 
80 81 
80 14 
80 84 
80 49 
80 68 
80 87 
80 46 
80 61 
81 46 
81 26 
81 12 
81 68 
81 54 
81 43 
81 47 
81 24 
81 76 
81 74 
81 60 
81 55 
81 34 
81 15 
81 42 
81 45 
81 93 
81 86 
81 56 
81 37 
81 63 
81 51 
81 71 
81 48 
81 2 
81 78 
81 18 
81 33 
81 1 
81 35 
81 21 
81 29 
81 59 
81 53 
81 38 
81 32 
81 5 
81 3 
81 79 
81 8 
81 41 
81 11 
81 89 
81 97 
81 88 
81 40 
81 82 
81 6 
81 73 
81 52 
81 80 
81 84 
81 69 
81 85 
82 62 
82 95 
82 74 
82 69 
82 32 
82 75 
82 34 
82 96 
82 33 
82 14 
82 63 
82 64 
82 9 
82 30 
82 17 
82 48 
82 66 
82 40 
82 20 
82 93 
82 7 
82 52 
82 0 
82 54 
82 4 
82 87 
82 16 
82 25 
82 58 
82 6 
82 71 
82 18 
82 92 
82 53 
82 38 
82 81 
82 42 
82 77 
82 27 
82 91 
82 73 
82 79 
82 2 
82 13 
82 68 
82 65 
82 44 
82 39 
83 45 
83 5 
83 93 
83 63 
83 32 
83 18 
83 19 
83 48 
83 77 
83 87 
83 9 
83 1 
83 54 
83 75 
83 7 
83 23 
83 73 
83 59 
83 22 
83 60 
83 3 
83 13 
83 11 
83 64 
83 70 
83 86 
83 21 
83 71 
83 15 
83 27 
83 28 
83 14 
83 95 
83 8 
83 68 
83 41 
83 65 
83 53 
83 36 
83 35 
83 20 
83 43 
83 90 
83 12 
83 74 
84 46 
84 51 
84 79 
84 88 
84 23 
84 47 
84 18 
84 60 
84 58 
84 24 
84 16 
84 1 
84 74 
84 90 
84 10 
84 32 
84 12 
84 96 
84 2 
84 39 
84 71 
84 59 
84 43 
84 64 
84 57 
84 63 
84 97 
84 69 
84 72 
84 21 
84 73 
84 76 
84 20 
84 14 
84 61 
84 38 
84 29 
84 81 
84 8 
84 80 
84 86 
84 36 
85 19 
85 78 
85 21 
85 70 
85 90 
85 69 
85 33 
85 7 
85 37 
85 77 
85 65 
85 87 
85 53 
85 88 
85 13 
85 6 
85 68 
85 28 
85 58 
85 17 
85 8 
85 16 
85 94 
85 40 
85 86 
85 92 
85 62 
85 80 
85 46 
85 50 
85 9 
85 75 
85 48 
85 66 
85 32 
85 71 
85 64 
85 11 
85 95 
85 38 
85 74 
85 36 
85 14 
85 25 
85 60 
85 41 
85 97 
85 0 
85 76 
85 67 
85 42 
85 91 
85 4 
85 47 
85 29 
85 72 
85 81 
86 44 
86 55 
86 40 
86 43 
86 94 
86 63 
86 22 
86 4 
86 36 
86 52 
86 65 
86 89 
86 0 
86 49 
86 13 
86 64 
86 95 
86 28 
86 46 
86 24 
86 85 
86 81 
86 21 
86 12 
86 10 
86 97 
86 18 
86 41 
86 93 
86 2 
86 62 
86 35 
86 20 
86 83 
86 56 
86 73 
86 90 
86 58 
86 14 
86 74 
86 25 
86 79 
86 23 
86 51 
86 16 
86 47 
86 59 
86 96 
86 75 
86 71 
86 31 
86 91 
86 48 
86 6 
86 84 
86 78 
87 48 
87 68 
87 22 
87 17 
87 32 
87 85 
87 70 
87 1 
87 83 
87 44 
87 54 
87 95 
87 55 
87 28 
87 6 
87 7 
87 72 
87 75 
87 11 
87 8 
87 10 
87 19 
87 35 
87 24 
87 82 
87 0 
87 41 
87 56 
87 57 
87 77 
87 27 
87 65 
87 13 
87 3 
87 92 
87 79 
87 38 
87 90 
87 51 
87 58 
87 50 
87 69 
87 9 
87 20 
87 89 
87 26 
87 43 
87 80 
87 91 
88 44 
88 45 
88 90 
88 30 
88 94 
88 31 
88 64 
88 84 
88 91 
88 73 
88 21 
88 85 
88 11 
88 59 
88 29 
88 62 
88 36 
88 69 
88 19 
88 20 
88 76 
88 22 
88 60 
88 7 
88 28 
88 10 
88 97 
88 4 
88 77 
88 95 
88 5 
88 35 
88 70 
88 79 
88 13 
88 81 
88 78 
88 26 
88 67 
88 68 
88 65 
88 15 
88 33 
88 41 
88 56 
88 34 
88 2 
88 93 
88 57 
88 66 
89 9 
89 46 
89 52 
89 14 
89 62 
89 66 
89 39 
89 61 
89 86 
89 47 
89 96 
89 32 
89 10 
89 38 
89 19 
89 18 
89 97 
89 60 
89 35 
89 7 
89 63 
89 70 
89 5 
89 6 
89 0 
89 20 
89 93 
89 76 
89 36 
89 74 
89 4 
89 41 
89 49 
89 73 
89 37 
89 81 
89 12 
89 43 
89 80 
89 13 
89 67 
89 33 
89 50 
89 28 
89 65 
89 72 
89 57 
89 58 
89 92 
89 75 
89 3 
89 87 
89 68 
89 21 
89 2 
90 52 
90 65 
90 88 
90 48 
90 85 
90 14 
90 97 
90 32 
90 17 
90 41 
90 61 
90 21 
90 59 
90 19 
90 18 
90 25 
90 37 
90 70 
90 28 
90 62 
90 1 
90 84 
90 27 
90 73 
90 23 
90 22 
90 80 
90 79 
90 4 
90 96 
90 92 
90 15 
90 30 
90 66 
90 86 
90 7 
90 87 
90 49 
90 50 
90 5 
90 9 
90 12 
90 6 
90 10 
90 40 
90 58 
90 68 
90 77 
90 76 
90 83 
90 11 
91 5 
91 95 
91 42 
91 32 
91 21 
91 88 
91 34 
91 52 
91 3 
91 62 
91 41 
91 27 
91 39 
91 29 
91 45 
91 61 
91 93 
91 53 
91 16 
91 56 
91 80 
91 69 
91 97 
91 58 
91 77 
91 35 
91 76 
91 49 
91 79 
91 13 
91 40 
91 66 
91 47 
91 10 
91 55 
91 65 
91 85 
91 74 
91 31 
91 82 
91 63 
91 86 
91 94 
91 87 
92 74 
92 13 
92 51 
92 63 
92 7 
92 80 
92 18 
92 71 
92 37 
92 1 
92 85 
92 2 
92 16 
92 0 
92 48 
92 73 
92 32 
92 55 
92 33 
92 45 
92 90 
92 62 
92 21 
92 14 
92 17 
92 57 
92 26 
92 76 
92 53 
92 52 
92 46 
92 87 
92 82 
92 78 
92 5 
92 67 
92 35 
92 39 
92 20 
92 66 
92 89 
92 47 
92 27 
92 22 
93 52 
93 83 
93 36 
93 66 
93 32 
93 15 
93 96 
93 7 
93 95 
93 42 
93 59 
93 81 
93 91 
93 30 
93 14 
93 3 
93 86 
93 6 
93 82 
93 50 
93 9 
93 65 
93 62 
93 18 
93 89 
93 75 
93 64 
93 55 
93 67 
93 72 
93 35 
93 28 
93 58 
93 27 
93 40 
93 5 
93 47 
93 88 
94 88 
94 86 
94 17 
94 7 
94 10 
94 40 
94 13 
94 5 
94 12 
94 77 
94 97 
94 85 
94 27 
94 6 
94 75 
94 54 
94 51 
94 46 
94 49 
94 53 
94 60 
94 3 
94 25 
94 33 
94 21 
94 79 
94 43 
94 76 
94 23 
94 47 
94 19 
94 71 
94 35 
94 59 
94 24 
94 50 
94 39 
94 57 
94 38 
94 9 
94 65 
94 15 
94 31 
94 32 
94 72 
94 44 
94 34 
94 91 
94 56 
95 91 
95 20 
95 82 
95 62 
95 9 
95 4 
95 49 
95 13 
95 79 
95 68 
95 75 
95 27 
95 16 
95 1 
95 15 
95 93 
95 54 
95 28 
95 37 
95 86 
95 55 
95 7 
95 8 
95 63 
95 87 
95 72 
95 3 
95 59 
95 18 
95 2 
95 39 
95 23 
95 41 
95 73 
95 19 
95 35 
95 88 
95 50 
95 85 
95 33 
95 12 
95 97 
95 78 
95 83 
95 5 
95 52 
95 31 
95 77 
95 36 
95 0 
95 53 
95 42 
95 71 
96 58 
96 19 
96 40 
96 15 
96 82 
96 74 
96 79 
96 93 
96 47 
96 55 
96 38 
96 89 
96 20 
96 60 
96 70 
96 10 
96 77 
96 67 
96 62 
96 30 
96 59 
96 35 
96 66 
96 69 
96 90 
96 26 
96 84 
96 68 
96 21 
96 0 
96 33 
96 46 
96 45 
96 54 
96 9 
96 73 
96 41 
96 75 
96 57 
96 29 
96 11 
96 80 
96 48 
96 23 
96 86 
96 56 
97 71 
97 9 
97 35 
97 50 
97 66 
97 53 
97 5 
97 58 
97 90 
97 46 
97 49 
97 4 
97 22 
97 67 
97 11 
97 8 
97 94 
97 72 
97 30 
97 86 
97 89 
97 91 
97 88 
97 65 
97 55 
97 62 
97 42 
97 79 
97 69 
97 85 
97 84 
97 95 
97 3 
97 81 
97 15 
97 7 
97 10 
97 59 
97 27 
97 34 
97 28 
97 32 
97 40 
97 54 
