0 23 12 1 9 28 13 26 20 21 22 27 
1 19 25 5 4 0 6 17 9 7 
2 3 8 15 23 14 
3 16 18 2 27 10 12 21 5 9 
4 19 28 14 1 26 23 
5 6 1 11 15 3 12 16 22 
6 5 23 1 24 28 12 
7 25 27 28 8 21 12 17 22 1 24 
8 2 21 7 19 26 16 22 
9 17 19 28 14 24 0 1 3 
10 3 24 17 21 14 
11 26 5 28 23 14 
12 22 3 0 15 23 26 14 7 6 5 
13 23 18 14 26 22 0 27 25 24 
14 13 4 9 22 20 11 27 24 18 28 12 2 25 10 
15 27 2 24 25 5 12 20 
16 3 19 27 18 26 5 8 23 
17 25 19 9 10 1 7 27 
18 24 3 13 16 14 19 22 26 
19 1 4 16 17 9 29 20 8 18 25 27 
20 27 21 26 14 15 19 22 0 29 
21 8 20 28 22 29 26 3 7 10 24 0 
22 29 12 13 21 14 20 24 7 0 18 5 8 
23 13 0 6 28 26 11 12 2 4 16 
24 18 10 15 9 14 6 22 21 7 13 
25 7 1 17 15 29 14 19 13 
26 11 20 23 13 12 4 16 21 0 27 8 18 
27 15 20 3 7 16 14 26 17 13 0 19 
28 4 21 23 9 11 7 0 14 6 
29 22 19 21 25 20 
