0 27 
0 8 
0 23 
0 11 
0 3 
0 33 
1 4 
1 25 
1 32 
1 14 
1 23 
2 31 
2 33 
2 24 
2 5 
2 17 
2 3 
2 15 
3 31 
3 22 
3 26 
3 2 
3 23 
3 0 
3 30 
3 5 
4 27 
4 25 
4 11 
4 19 
4 1 
4 30 
4 23 
4 22 
4 33 
5 2 
5 15 
5 17 
5 31 
5 29 
5 6 
5 14 
5 3 
6 7 
6 18 
6 12 
6 19 
6 5 
6 26 
6 8 
7 6 
7 14 
7 27 
7 33 
7 21 
7 18 
7 29 
7 8 
7 32 
8 24 
8 0 
8 20 
8 16 
8 7 
8 6 
9 16 
9 27 
9 15 
9 10 
9 18 
9 14 
10 25 
10 21 
10 26 
10 30 
10 11 
10 9 
11 4 
11 31 
11 26 
11 10 
11 19 
11 0 
11 23 
12 17 
12 14 
12 6 
12 24 
12 33 
13 17 
13 18 
13 24 
14 31 
14 26 
14 7 
14 12 
14 20 
14 32 
14 15 
14 1 
14 28 
14 9 
14 19 
14 5 
15 19 
15 5 
15 20 
15 14 
15 9 
15 2 
16 33 
16 28 
16 9 
16 8 
17 20 
17 12 
17 30 
17 13 
17 5 
17 2 
17 21 
17 24 
18 24 
18 22 
18 6 
18 32 
18 29 
18 7 
18 13 
18 9 
18 23 
18 31 
19 15 
19 25 
19 4 
19 23 
19 6 
19 11 
19 27 
19 14 
20 17 
20 31 
20 8 
20 28 
20 14 
20 21 
20 15 
20 25 
21 10 
21 28 
21 7 
21 20 
21 22 
21 17 
22 18 
22 3 
22 25 
22 4 
22 21 
23 19 
23 0 
23 4 
23 3 
23 11 
23 1 
23 18 
24 18 
24 2 
24 8 
24 12 
24 13 
24 17 
25 10 
25 4 
25 19 
25 1 
25 22 
25 20 
26 31 
26 10 
26 14 
26 3 
26 11 
26 6 
26 27 
27 4 
27 0 
27 7 
27 9 
27 19 
27 26 
28 29 
28 21 
28 20 
28 16 
28 14 
29 28 
29 18 
29 5 
29 7 
30 10 
30 17 
30 4 
30 3 
31 26 
31 3 
31 2 
31 14 
31 20 
31 11 
31 33 
31 5 
31 18 
32 18 
32 1 
32 14 
32 7 
33 2 
33 16 
33 7 
33 31 
33 4 
33 0 
33 12 
