0 28 
0 7 
0 20 
0 21 
0 14 
0 31 
0 22 
0 2 
1 9 
1 17 
1 31 
1 16 
1 2 
1 8 
1 5 
1 33 
1 6 
1 13 
1 18 
1 25 
2 8 
2 33 
2 3 
2 6 
2 9 
2 1 
2 27 
2 35 
2 23 
2 25 
2 11 
2 28 
2 20 
2 7 
2 0 
2 34 
3 5 
3 25 
3 2 
3 13 
3 23 
3 32 
3 10 
3 22 
3 30 
4 6 
4 5 
4 11 
4 13 
4 8 
4 10 
4 25 
4 18 
4 12 
4 35 
4 17 
4 15 
4 16 
4 27 
5 3 
5 4 
5 15 
5 17 
5 1 
5 31 
5 16 
5 13 
5 12 
5 18 
5 24 
5 10 
5 7 
5 20 
5 34 
5 25 
5 33 
6 4 
6 17 
6 2 
6 35 
6 15 
6 28 
6 1 
6 33 
6 31 
7 12 
7 17 
7 0 
7 19 
7 23 
7 28 
7 34 
7 31 
7 5 
7 13 
7 11 
7 2 
8 2 
8 22 
8 15 
8 4 
8 1 
8 23 
8 13 
8 10 
8 14 
8 27 
9 1 
9 2 
9 12 
9 20 
9 10 
9 23 
9 21 
10 33 
10 4 
10 29 
10 9 
10 11 
10 16 
10 3 
10 26 
10 35 
10 21 
10 5 
10 25 
10 8 
11 16 
11 4 
11 35 
11 26 
11 21 
11 10 
11 2 
11 28 
11 22 
11 7 
11 13 
11 12 
11 15 
12 7 
12 9 
12 18 
12 21 
12 5 
12 14 
12 4 
12 34 
12 35 
12 11 
13 3 
13 4 
13 33 
13 32 
13 5 
13 15 
13 34 
13 7 
13 30 
13 1 
13 11 
13 8 
14 26 
14 27 
14 12 
14 31 
14 25 
14 0 
14 8 
14 22 
14 34 
15 25 
15 32 
15 5 
15 8 
15 6 
15 22 
15 19 
15 13 
15 16 
15 4 
15 11 
16 11 
16 24 
16 1 
16 31 
16 23 
16 22 
16 5 
16 10 
16 15 
16 27 
16 4 
17 24 
17 6 
17 1 
17 7 
17 5 
17 18 
17 26 
17 29 
17 4 
17 20 
18 29 
18 12 
18 17 
18 24 
18 4 
18 5 
18 23 
18 26 
18 1 
18 25 
18 32 
19 33 
19 30 
19 7 
19 27 
19 15 
19 21 
20 0 
20 33 
20 9 
20 24 
20 34 
20 5 
20 2 
20 17 
20 35 
21 0 
21 32 
21 11 
21 12 
21 19 
21 10 
21 27 
21 9 
21 33 
22 8 
22 28 
22 15 
22 26 
22 16 
22 3 
22 11 
22 33 
22 0 
22 14 
23 27 
23 16 
23 3 
23 2 
23 9 
23 24 
23 33 
23 7 
23 8 
23 18 
23 28 
24 17 
24 16 
24 18 
24 35 
24 20 
24 32 
24 23 
24 5 
24 31 
25 27 
25 3 
25 15 
25 35 
25 4 
25 2 
25 14 
25 18 
25 5 
25 10 
25 1 
26 14 
26 11 
26 22 
26 35 
26 17 
26 10 
26 31 
26 18 
27 23 
27 25 
27 19 
27 2 
27 14 
27 21 
27 16 
27 8 
27 4 
28 30 
28 29 
28 0 
28 22 
28 34 
28 31 
28 6 
28 7 
28 2 
28 11 
28 23 
29 28 
29 30 
29 18 
29 35 
29 17 
29 10 
29 34 
30 28 
30 29 
30 19 
30 34 
30 13 
30 33 
30 3 
31 1 
31 16 
31 33 
31 5 
31 32 
31 28 
31 14 
31 26 
31 7 
31 24 
31 0 
31 6 
32 15 
32 3 
32 21 
32 31 
32 13 
32 24 
32 18 
33 19 
33 2 
33 10 
33 20 
33 13 
33 31 
33 23 
33 1 
33 30 
33 22 
33 6 
33 5 
33 34 
33 21 
34 30 
34 28 
34 13 
34 35 
34 12 
34 7 
34 20 
34 5 
34 29 
34 33 
34 2 
34 14 
35 25 
35 29 
35 6 
35 11 
35 26 
35 24 
35 2 
35 34 
35 4 
35 10 
35 12 
35 20 
