0 11 47 42 62 32 61 17 50 48 45 
1 17 4 35 29 24 73 18 41 72 
2 11 9 44 7 22 36 
3 7 52 65 27 49 17 71 
4 45 43 7 1 48 36 32 67 64 46 
5 53 75 48 43 
6 27 26 19 68 70 25 75 31 
7 3 4 19 55 9 2 47 61 
8 61 59 73 23 34 29 
9 44 58 68 32 65 46 2 7 19 
10 40 30 31 74 35 
11 0 2 42 56 57 60 43 27 66 
12 14 32 25 29 53 37 52 67 
13 30 16 14 32 48 
14 42 12 31 68 25 60 26 61 13 19 20 18 
15 66 38 24 77 62 30 69 40 26 23 
16 69 41 13 38 18 46 
17 1 67 37 43 77 20 0 3 49 54 71 46 
18 53 51 29 44 41 32 1 27 16 14 
19 7 28 26 6 51 47 41 9 46 14 42 
20 30 38 17 68 25 45 57 40 58 14 
21 57 72 35 22 
22 62 35 48 75 2 21 
23 64 58 40 8 73 42 15 29 
24 35 15 36 29 1 70 
25 14 12 68 76 20 40 47 57 6 48 61 
26 14 58 72 6 19 61 76 56 15 47 
27 6 3 64 50 18 11 34 
28 61 19 75 41 
29 18 75 51 12 1 24 45 37 23 8 
30 10 20 15 13 59 74 
31 14 57 34 47 10 54 6 
32 12 56 9 0 18 35 4 53 13 
33 73 51 
34 31 55 69 8 73 54 51 27 59 
35 59 72 22 24 21 38 1 10 32 37 48 56 
36 62 37 61 24 4 57 39 2 38 
37 36 48 17 50 69 12 35 29 
38 15 20 35 70 49 16 36 
39 72 43 61 36 45 69 74 
40 10 62 64 23 25 50 20 45 15 57 76 
41 51 45 47 16 18 19 28 1 75 
42 14 11 71 0 73 58 55 19 23 59 
43 4 17 39 11 55 5 
44 55 9 18 2 58 
45 41 63 4 60 29 20 46 40 72 39 71 0 
46 9 45 19 16 4 17 
47 0 68 31 41 25 60 19 7 26 
48 54 37 22 4 64 57 68 5 25 0 35 13 
49 3 70 38 17 
50 37 27 0 40 
51 41 56 18 75 65 29 19 33 34 
52 3 62 59 12 
53 5 18 54 62 12 57 32 
54 48 53 60 34 17 71 31 
55 44 34 7 43 69 42 
56 51 32 11 62 60 26 35 
57 31 21 11 72 62 25 58 63 48 20 36 53 40 
58 63 9 23 26 61 44 57 42 20 
59 35 8 69 72 52 30 42 34 
60 14 71 45 11 47 56 63 54 
61 8 28 66 72 58 36 74 14 39 0 26 25 7 
62 22 36 40 52 0 56 53 15 71 57 74 
63 58 45 57 70 60 
64 23 40 27 65 48 4 71 
65 3 9 51 64 
66 61 15 11 
67 76 17 4 12 
68 14 47 9 25 20 6 48 74 
69 16 77 34 59 15 37 55 39 
70 49 38 74 24 63 6 
71 73 42 60 62 54 17 45 64 3 
72 35 61 21 39 26 57 59 45 1 
73 71 33 8 1 42 23 34 75 
74 61 10 70 30 39 62 68 
75 51 29 5 28 22 73 41 6 
76 67 25 26 40 
77 69 17 15 
