0 55 
0 43 
0 63 
0 66 
0 61 
0 20 
0 41 
0 36 
0 21 
0 16 
0 58 
0 15 
0 80 
0 28 
0 40 
0 39 
0 49 
0 72 
0 53 
0 1 
0 13 
0 51 
0 31 
0 5 
0 24 
0 42 
0 60 
0 4 
0 38 
0 50 
0 79 
0 8 
0 78 
0 2 
0 64 
0 54 
0 74 
0 19 
0 26 
0 25 
0 57 
0 14 
0 71 
0 81 
0 77 
0 62 
0 10 
0 33 
0 9 
0 65 
0 69 
0 32 
0 11 
0 30 
0 7 
0 59 
0 56 
0 52 
0 75 
0 23 
0 18 
0 12 
0 29 
0 17 
0 27 
0 67 
0 22 
0 47 
0 37 
0 70 
0 45 
1 10 
1 3 
1 32 
1 18 
1 81 
1 47 
1 5 
1 58 
1 38 
1 2 
1 35 
1 39 
1 67 
1 34 
1 0 
1 19 
1 69 
1 49 
1 56 
1 50 
1 48 
1 30 
1 9 
1 33 
1 21 
1 36 
1 43 
1 40 
1 74 
1 7 
1 4 
1 24 
1 23 
1 16 
1 78 
1 28 
1 54 
1 42 
1 29 
1 37 
1 66 
1 31 
1 27 
1 46 
1 13 
1 76 
1 45 
1 75 
1 26 
1 68 
1 17 
1 70 
1 63 
1 15 
1 51 
1 52 
1 73 
1 8 
1 11 
1 57 
1 61 
1 6 
1 71 
1 12 
1 60 
1 20 
1 80 
1 25 
1 62 
2 9 
2 56 
2 10 
2 76 
2 62 
2 35 
2 50 
2 14 
2 26 
2 7 
2 1 
2 80 
2 31 
2 63 
2 60 
2 73 
2 53 
2 21 
2 61 
2 20 
2 23 
2 40 
2 69 
2 45 
2 17 
2 30 
2 78 
2 67 
2 41 
2 0 
2 46 
2 6 
2 3 
2 55 
2 74 
2 48 
2 70 
2 59 
2 4 
2 68 
2 33 
2 25 
2 5 
2 72 
2 51 
2 19 
2 27 
2 15 
2 71 
2 34 
2 32 
2 44 
2 65 
2 16 
2 58 
2 57 
2 43 
2 66 
2 8 
2 77 
2 12 
2 13 
2 75 
2 54 
2 22 
2 29 
2 49 
2 24 
2 52 
2 79 
2 42 
2 18 
3 66 
3 51 
3 68 
3 1 
3 74 
3 54 
3 28 
3 22 
3 26 
3 76 
3 37 
3 44 
3 67 
3 10 
3 52 
3 7 
3 58 
3 5 
3 11 
3 70 
3 57 
3 8 
3 20 
3 21 
3 65 
3 61 
3 24 
3 63 
3 56 
3 42 
3 48 
3 30 
3 71 
3 55 
3 27 
3 6 
3 32 
3 9 
3 77 
3 40 
3 2 
3 12 
3 31 
3 23 
3 4 
3 64 
3 41 
3 69 
3 38 
3 19 
3 18 
3 15 
3 35 
3 80 
3 45 
3 59 
3 14 
3 43 
3 25 
3 34 
3 29 
3 49 
3 36 
3 75 
3 72 
3 60 
3 46 
3 33 
3 79 
3 73 
4 46 
4 22 
4 65 
4 23 
4 28 
4 10 
4 35 
4 40 
4 64 
4 81 
4 72 
4 59 
4 70 
4 27 
4 60 
4 38 
4 51 
4 30 
4 6 
4 79 
4 61 
4 25 
4 67 
4 76 
4 74 
4 80 
4 12 
4 33 
4 45 
4 0 
4 54 
4 44 
4 49 
4 13 
4 56 
4 19 
4 18 
4 29 
4 47 
4 1 
4 26 
4 58 
4 66 
4 2 
4 77 
4 53 
4 32 
4 55 
4 3 
4 48 
4 78 
4 52 
4 9 
4 39 
4 75 
4 43 
4 7 
4 41 
4 5 
4 57 
4 36 
4 14 
4 8 
4 20 
4 17 
4 68 
4 31 
4 73 
4 34 
4 62 
4 24 
5 16 
5 53 
5 51 
5 81 
5 79 
5 31 
5 8 
5 20 
5 26 
5 1 
5 57 
5 10 
5 36 
5 58 
5 69 
5 72 
5 11 
5 76 
5 78 
5 62 
5 71 
5 19 
5 3 
5 13 
5 60 
5 0 
5 56 
5 70 
5 40 
5 77 
5 47 
5 42 
5 55 
5 49 
5 17 
5 52 
5 25 
5 46 
5 63 
5 65 
5 34 
5 2 
5 67 
5 61 
5 75 
5 9 
5 30 
5 54 
5 66 
5 43 
5 74 
5 24 
5 6 
5 15 
5 37 
5 7 
5 68 
5 4 
5 39 
5 12 
5 28 
5 14 
5 33 
5 80 
5 29 
5 45 
5 21 
5 73 
5 18 
5 35 
5 32 
5 22 
6 18 
6 77 
6 78 
6 81 
6 24 
6 65 
6 73 
6 47 
6 58 
6 27 
6 4 
6 8 
6 7 
6 11 
6 57 
6 51 
6 61 
6 49 
6 38 
6 76 
6 79 
6 10 
6 21 
6 12 
6 80 
6 29 
6 44 
6 3 
6 22 
6 26 
6 37 
6 13 
6 2 
6 75 
6 30 
6 66 
6 59 
6 55 
6 68 
6 23 
6 56 
6 14 
6 45 
6 71 
6 5 
6 32 
6 31 
6 43 
6 15 
6 64 
6 48 
6 36 
6 34 
6 54 
6 17 
6 33 
6 25 
6 53 
6 35 
6 46 
6 1 
6 19 
7 38 
7 17 
7 45 
7 49 
7 66 
7 78 
7 70 
7 77 
7 2 
7 48 
7 46 
7 30 
7 71 
7 33 
7 43 
7 6 
7 24 
7 3 
7 73 
7 61 
7 47 
7 51 
7 65 
7 60 
7 59 
7 19 
7 36 
7 31 
7 50 
7 67 
7 1 
7 40 
7 74 
7 76 
7 41 
7 81 
7 55 
7 28 
7 68 
7 44 
7 63 
7 72 
7 32 
7 42 
7 39 
7 0 
7 54 
7 22 
7 35 
7 8 
7 4 
7 69 
7 5 
7 25 
7 34 
7 20 
7 29 
7 79 
7 53 
7 13 
7 11 
7 21 
7 52 
7 27 
7 57 
7 9 
7 10 
8 80 
8 11 
8 10 
8 5 
8 67 
8 17 
8 59 
8 51 
8 34 
8 36 
8 60 
8 53 
8 27 
8 79 
8 28 
8 6 
8 21 
8 64 
8 71 
8 50 
8 3 
8 29 
8 69 
8 63 
8 23 
8 65 
8 31 
8 62 
8 55 
8 30 
8 46 
8 0 
8 76 
8 35 
8 73 
8 58 
8 48 
8 44 
8 33 
8 26 
8 16 
8 81 
8 12 
8 15 
8 74 
8 41 
8 18 
8 66 
8 19 
8 52 
8 9 
8 7 
8 25 
8 68 
8 57 
8 77 
8 2 
8 75 
8 54 
8 4 
8 24 
8 37 
8 47 
8 40 
8 42 
8 13 
8 43 
8 1 
8 78 
8 49 
8 39 
8 72 
8 61 
9 2 
9 65 
9 30 
9 78 
9 77 
9 44 
9 68 
9 50 
9 23 
9 34 
9 39 
9 13 
9 56 
9 52 
9 41 
9 43 
9 12 
9 69 
9 61 
9 33 
9 31 
9 1 
9 29 
9 74 
9 70 
9 24 
9 3 
9 47 
9 15 
9 60 
9 21 
9 22 
9 17 
9 19 
9 26 
9 40 
9 75 
9 72 
9 49 
9 45 
9 0 
9 38 
9 11 
9 42 
9 58 
9 5 
9 64 
9 4 
9 27 
9 16 
9 8 
9 37 
9 81 
9 80 
9 71 
9 67 
9 57 
9 55 
9 79 
9 62 
9 73 
9 59 
9 10 
9 36 
9 25 
9 66 
9 18 
9 32 
9 7 
9 46 
9 14 
9 76 
10 1 
10 81 
10 54 
10 67 
10 13 
10 2 
10 17 
10 4 
10 8 
10 36 
10 28 
10 44 
10 55 
10 29 
10 37 
10 5 
10 35 
10 57 
10 41 
10 76 
10 72 
10 3 
10 20 
10 30 
10 61 
10 39 
10 45 
10 34 
10 80 
10 15 
10 74 
10 38 
10 69 
10 68 
10 6 
10 63 
10 53 
10 79 
10 25 
10 59 
10 14 
10 62 
10 50 
10 43 
10 23 
10 24 
10 65 
10 49 
10 19 
10 31 
10 58 
10 46 
10 70 
10 0 
10 21 
10 78 
10 18 
10 22 
10 71 
10 60 
10 64 
10 56 
10 16 
10 9 
10 27 
10 12 
10 73 
10 52 
10 42 
10 66 
10 77 
10 26 
10 7 
10 40 
11 30 
11 80 
11 60 
11 53 
11 12 
11 8 
11 68 
11 78 
11 21 
11 33 
11 76 
11 73 
11 41 
11 47 
11 5 
11 54 
11 6 
11 55 
11 34 
11 74 
11 65 
11 51 
11 3 
11 40 
11 23 
11 36 
11 49 
11 77 
11 61 
11 22 
11 39 
11 75 
11 19 
11 26 
11 29 
11 57 
11 70 
11 14 
11 24 
11 15 
11 72 
11 32 
11 37 
11 9 
11 58 
11 0 
11 25 
11 16 
11 56 
11 79 
11 38 
11 35 
11 63 
11 66 
11 44 
11 7 
11 62 
11 1 
11 27 
11 18 
11 69 
11 50 
11 64 
12 73 
12 14 
12 11 
12 78 
12 74 
12 68 
12 41 
12 40 
12 26 
12 16 
12 34 
12 9 
12 81 
12 24 
12 23 
12 19 
12 30 
12 4 
12 54 
12 13 
12 47 
12 64 
12 6 
12 61 
12 45 
12 21 
12 52 
12 3 
12 70 
12 57 
12 31 
12 51 
12 58 
12 28 
12 37 
12 25 
12 56 
12 32 
12 8 
12 67 
12 46 
12 35 
12 72 
12 42 
12 43 
12 59 
12 22 
12 66 
12 50 
12 5 
12 79 
12 65 
12 2 
12 0 
12 49 
12 39 
12 77 
12 10 
12 80 
12 38 
12 20 
12 17 
12 1 
12 76 
12 53 
12 60 
12 29 
13 68 
13 77 
13 75 
13 76 
13 46 
13 10 
13 67 
13 41 
13 27 
13 16 
13 63 
13 22 
13 65 
13 15 
13 51 
13 9 
13 38 
13 66 
13 53 
13 0 
13 61 
13 31 
13 5 
13 71 
13 35 
13 45 
13 29 
13 25 
13 12 
13 42 
13 34 
13 4 
13 60 
13 33 
13 81 
13 59 
13 6 
13 36 
13 14 
13 69 
13 58 
13 48 
13 56 
13 17 
13 24 
13 64 
13 23 
13 40 
13 1 
13 80 
13 44 
13 79 
13 50 
13 2 
13 21 
13 70 
13 7 
13 49 
13 8 
13 55 
13 62 
13 32 
13 20 
13 37 
13 30 
14 80 
14 12 
14 36 
14 15 
14 48 
14 21 
14 2 
14 47 
14 66 
14 45 
14 27 
14 18 
14 38 
14 51 
14 60 
14 53 
14 78 
14 74 
14 69 
14 64 
14 10 
14 65 
14 44 
14 13 
14 22 
14 67 
14 19 
14 0 
14 28 
14 39 
14 23 
14 11 
14 17 
14 49 
14 70 
14 6 
14 52 
14 79 
14 24 
14 54 
14 75 
14 31 
14 77 
14 63 
14 25 
14 32 
14 33 
14 3 
14 72 
14 5 
14 4 
14 42 
14 37 
14 61 
14 76 
14 71 
14 40 
14 20 
14 56 
14 29 
14 35 
14 26 
14 58 
14 62 
14 34 
14 9 
14 43 
14 73 
15 77 
15 14 
15 67 
15 22 
15 61 
15 40 
15 0 
15 13 
15 69 
15 42 
15 27 
15 47 
15 70 
15 25 
15 10 
15 30 
15 18 
15 19 
15 23 
15 76 
15 78 
15 50 
15 17 
15 45 
15 68 
15 20 
15 34 
15 63 
15 24 
15 55 
15 9 
15 46 
15 39 
15 29 
15 64 
15 73 
15 38 
15 41 
15 31 
15 36 
15 11 
15 2 
15 52 
15 8 
15 37 
15 59 
15 65 
15 21 
15 3 
15 48 
15 5 
15 53 
15 79 
15 51 
15 6 
15 62 
15 16 
15 57 
15 26 
15 80 
15 35 
15 1 
15 58 
15 66 
15 33 
15 75 
15 44 
16 37 
16 27 
16 5 
16 17 
16 13 
16 44 
16 0 
16 60 
16 42 
16 30 
16 22 
16 80 
16 65 
16 76 
16 29 
16 57 
16 12 
16 67 
16 50 
16 66 
16 18 
16 71 
16 77 
16 78 
16 49 
16 54 
16 61 
16 32 
16 69 
16 33 
16 38 
16 55 
16 64 
16 48 
16 56 
16 75 
16 35 
16 28 
16 1 
16 46 
16 26 
16 45 
16 63 
16 8 
16 68 
16 58 
16 11 
16 20 
16 9 
16 2 
16 81 
16 51 
16 23 
16 31 
16 15 
16 79 
16 73 
16 19 
16 10 
16 24 
16 74 
16 72 
16 53 
16 62 
16 43 
16 39 
16 52 
16 21 
17 7 
17 61 
17 51 
17 36 
17 10 
17 26 
17 64 
17 16 
17 8 
17 67 
17 57 
17 48 
17 80 
17 75 
17 39 
17 46 
17 42 
17 45 
17 27 
17 70 
17 33 
17 77 
17 55 
17 53 
17 37 
17 54 
17 50 
17 2 
17 63 
17 56 
17 15 
17 74 
17 28 
17 65 
17 5 
17 24 
17 78 
17 58 
17 9 
17 68 
17 23 
17 29 
17 25 
17 14 
17 13 
17 20 
17 81 
17 22 
17 21 
17 40 
17 62 
17 44 
17 52 
17 66 
17 34 
17 1 
17 4 
17 47 
17 6 
17 0 
17 32 
17 30 
17 12 
17 79 
17 38 
17 31 
17 43 
17 73 
17 49 
17 41 
17 72 
18 6 
18 68 
18 32 
18 62 
18 80 
18 19 
18 46 
18 79 
18 34 
18 47 
18 1 
18 74 
18 28 
18 14 
18 33 
18 16 
18 22 
18 42 
18 40 
18 70 
18 38 
18 15 
18 26 
18 24 
18 52 
18 23 
18 39 
18 56 
18 48 
18 53 
18 20 
18 61 
18 4 
18 35 
18 57 
18 36 
18 25 
18 78 
18 30 
18 21 
18 43 
18 71 
18 29 
18 77 
18 69 
18 37 
18 3 
18 8 
18 10 
18 44 
18 81 
18 63 
18 27 
18 45 
18 49 
18 58 
18 0 
18 55 
18 60 
18 9 
18 5 
18 64 
18 11 
18 66 
18 76 
18 59 
18 67 
18 72 
18 50 
18 2 
19 41 
19 71 
19 36 
19 68 
19 18 
19 67 
19 23 
19 80 
19 35 
19 70 
19 5 
19 12 
19 1 
19 45 
19 59 
19 53 
19 39 
19 24 
19 63 
19 62 
19 72 
19 15 
19 31 
19 7 
19 69 
19 54 
19 47 
19 43 
19 56 
19 33 
19 4 
19 28 
19 52 
19 34 
19 49 
19 75 
19 64 
19 11 
19 0 
19 65 
19 14 
19 50 
19 9 
19 10 
19 74 
19 37 
19 22 
19 81 
19 2 
19 61 
19 73 
19 30 
19 66 
19 48 
19 3 
19 20 
19 26 
19 8 
19 57 
19 42 
19 76 
19 32 
19 55 
19 25 
19 78 
19 51 
19 16 
19 27 
19 44 
19 77 
19 6 
19 58 
19 21 
19 29 
19 40 
20 45 
20 53 
20 73 
20 64 
20 0 
20 5 
20 27 
20 22 
20 41 
20 31 
20 65 
20 25 
20 61 
20 56 
20 52 
20 63 
20 72 
20 21 
20 34 
20 24 
20 10 
20 40 
20 33 
20 29 
20 58 
20 35 
20 3 
20 76 
20 66 
20 55 
20 2 
20 18 
20 36 
20 75 
20 68 
20 15 
20 44 
20 62 
20 49 
20 79 
20 32 
20 54 
20 30 
20 17 
20 57 
20 26 
20 38 
20 80 
20 19 
20 16 
20 70 
20 69 
20 51 
20 59 
20 46 
20 74 
20 47 
20 7 
20 4 
20 43 
20 28 
20 14 
20 12 
20 39 
20 81 
20 77 
20 23 
20 13 
20 1 
20 37 
21 70 
21 30 
21 25 
21 0 
21 11 
21 60 
21 14 
21 38 
21 42 
21 61 
21 34 
21 57 
21 67 
21 20 
21 71 
21 8 
21 66 
21 54 
21 40 
21 62 
21 2 
21 3 
21 24 
21 53 
21 39 
21 1 
21 6 
21 50 
21 63 
21 55 
21 44 
21 12 
21 48 
21 46 
21 37 
21 72 
21 31 
21 29 
21 58 
21 9 
21 27 
21 18 
21 33 
21 73 
21 69 
21 47 
21 10 
21 32 
21 80 
21 17 
21 15 
21 77 
21 74 
21 81 
21 36 
21 76 
21 52 
21 13 
21 28 
21 7 
21 22 
21 75 
21 26 
21 78 
21 5 
21 35 
21 19 
21 45 
21 49 
21 41 
21 16 
22 4 
22 35 
22 81 
22 72 
22 47 
22 15 
22 13 
22 20 
22 61 
22 16 
22 33 
22 3 
22 52 
22 31 
22 64 
22 44 
22 23 
22 18 
22 46 
22 62 
22 45 
22 49 
22 70 
22 74 
22 24 
22 25 
22 80 
22 55 
22 30 
22 76 
22 41 
22 36 
22 6 
22 11 
22 67 
22 66 
22 78 
22 14 
22 9 
22 63 
22 34 
22 37 
22 59 
22 43 
22 73 
22 19 
22 75 
22 48 
22 57 
22 17 
22 28 
22 71 
22 42 
22 7 
22 56 
22 10 
22 27 
22 39 
22 40 
22 54 
22 12 
22 68 
22 32 
22 60 
22 2 
22 65 
22 53 
22 58 
22 21 
22 0 
22 77 
22 69 
22 26 
22 79 
22 5 
23 68 
23 78 
23 4 
23 37 
23 19 
23 9 
23 54 
23 64 
23 22 
23 27 
23 42 
23 12 
23 32 
23 25 
23 77 
23 69 
23 11 
23 72 
23 15 
23 36 
23 44 
23 18 
23 34 
23 8 
23 2 
23 76 
23 29 
23 56 
23 62 
23 47 
23 55 
23 1 
23 10 
23 49 
23 38 
23 17 
23 3 
23 66 
23 26 
23 14 
23 48 
23 31 
23 6 
23 50 
23 13 
23 24 
23 58 
23 45 
23 41 
23 16 
23 43 
23 63 
23 51 
23 28 
23 0 
23 39 
23 53 
23 67 
23 20 
23 70 
23 46 
23 59 
23 81 
24 27 
24 61 
24 33 
24 63 
24 6 
24 25 
24 70 
24 51 
24 44 
24 12 
24 20 
24 34 
24 7 
24 38 
24 0 
24 19 
24 3 
24 80 
24 43 
24 18 
24 73 
24 21 
24 62 
24 29 
24 22 
24 55 
24 57 
24 75 
24 15 
24 9 
24 37 
24 41 
24 71 
24 17 
24 54 
24 67 
24 1 
24 10 
24 78 
24 39 
24 28 
24 11 
24 13 
24 56 
24 53 
24 23 
24 14 
24 64 
24 40 
24 46 
24 72 
24 5 
24 59 
24 74 
24 69 
24 8 
24 49 
24 68 
24 16 
24 26 
24 2 
24 30 
24 50 
24 65 
24 47 
24 42 
24 48 
24 4 
24 36 
24 58 
24 81 
25 44 
25 36 
25 21 
25 61 
25 52 
25 55 
25 24 
25 26 
25 54 
25 51 
25 20 
25 59 
25 78 
25 23 
25 4 
25 33 
25 15 
25 50 
25 27 
25 64 
25 48 
25 13 
25 29 
25 72 
25 73 
25 22 
25 40 
25 46 
25 65 
25 10 
25 67 
25 70 
25 18 
25 0 
25 5 
25 74 
25 35 
25 45 
25 71 
25 34 
25 17 
25 76 
25 2 
25 32 
25 12 
25 79 
25 49 
25 42 
25 11 
25 38 
25 31 
25 8 
25 7 
25 14 
25 66 
25 80 
25 62 
25 3 
25 19 
25 75 
25 63 
25 6 
25 9 
25 57 
25 41 
25 77 
25 43 
25 56 
25 60 
25 1 
25 39 
26 35 
26 36 
26 17 
26 67 
26 49 
26 3 
26 5 
26 25 
26 70 
26 2 
26 77 
26 12 
26 29 
26 60 
26 58 
26 48 
26 80 
26 27 
26 39 
26 37 
26 38 
26 69 
26 18 
26 81 
26 46 
26 40 
26 50 
26 76 
26 66 
26 53 
26 75 
26 33 
26 73 
26 6 
26 44 
26 55 
26 65 
26 51 
26 11 
26 0 
26 64 
26 4 
26 52 
26 16 
26 28 
26 9 
26 71 
26 23 
26 47 
26 8 
26 32 
26 61 
26 45 
26 63 
26 20 
26 19 
26 31 
26 42 
26 1 
26 41 
26 56 
26 15 
26 62 
26 24 
26 34 
26 72 
26 21 
26 14 
26 74 
26 22 
26 68 
26 10 
27 65 
27 29 
27 16 
27 24 
27 81 
27 13 
27 45 
27 35 
27 58 
27 20 
27 40 
27 61 
27 8 
27 59 
27 4 
27 14 
27 15 
27 31 
27 6 
27 23 
27 17 
27 26 
27 60 
27 46 
27 76 
27 37 
27 25 
27 52 
27 32 
27 3 
27 49 
27 74 
27 51 
27 42 
27 34 
27 67 
27 73 
27 69 
27 21 
27 36 
27 38 
27 63 
27 80 
27 70 
27 2 
27 39 
27 28 
27 62 
27 1 
27 68 
27 9 
27 30 
27 48 
27 22 
27 79 
27 77 
27 18 
27 57 
27 47 
27 10 
27 33 
27 54 
27 19 
27 0 
27 44 
27 7 
27 11 
27 43 
27 72 
27 50 
27 71 
28 34 
28 52 
28 59 
28 4 
28 76 
28 30 
28 10 
28 46 
28 47 
28 3 
28 48 
28 0 
28 58 
28 36 
28 18 
28 8 
28 33 
28 62 
28 29 
28 65 
28 66 
28 77 
28 73 
28 78 
28 38 
28 51 
28 75 
28 19 
28 17 
28 45 
28 43 
28 32 
28 16 
28 61 
28 53 
28 1 
28 26 
28 14 
28 63 
28 7 
28 74 
28 24 
28 71 
28 69 
28 37 
28 12 
28 35 
28 22 
28 68 
28 27 
28 64 
28 55 
28 39 
28 42 
28 67 
28 44 
28 5 
28 49 
28 23 
28 21 
28 80 
28 54 
28 20 
28 31 
28 41 
28 79 
28 56 
28 60 
28 50 
28 57 
28 40 
29 34 
29 40 
29 27 
29 32 
29 55 
29 10 
29 16 
29 52 
29 61 
29 58 
29 26 
29 57 
29 39 
29 78 
29 51 
29 28 
29 20 
29 56 
29 59 
29 69 
29 75 
29 45 
29 13 
29 8 
29 60 
29 54 
29 74 
29 81 
29 25 
29 50 
29 24 
29 9 
29 33 
29 6 
29 42 
29 35 
29 73 
29 23 
29 31 
29 79 
29 63 
29 80 
29 4 
29 71 
29 21 
29 70 
29 15 
29 43 
29 47 
29 11 
29 67 
29 68 
29 38 
29 77 
29 17 
29 62 
29 53 
29 37 
29 1 
29 48 
29 18 
29 30 
29 41 
29 46 
29 3 
29 49 
29 7 
29 2 
29 0 
29 5 
29 14 
29 36 
29 19 
29 12 
30 11 
30 21 
30 50 
30 28 
30 9 
30 39 
30 78 
30 16 
30 41 
30 49 
30 52 
30 63 
30 45 
30 7 
30 4 
30 10 
30 12 
30 36 
30 65 
30 35 
30 76 
30 72 
30 15 
30 79 
30 77 
30 67 
30 1 
30 3 
30 2 
30 22 
30 8 
30 73 
30 48 
30 71 
30 46 
30 70 
30 18 
30 6 
30 38 
30 75 
30 58 
30 53 
30 74 
30 34 
30 20 
30 33 
30 19 
30 55 
30 5 
30 0 
30 40 
30 59 
30 27 
30 29 
30 57 
30 47 
30 61 
30 54 
30 51 
30 56 
30 17 
30 24 
30 32 
30 64 
30 62 
30 66 
30 13 
31 5 
31 71 
31 76 
31 70 
31 36 
31 35 
31 20 
31 66 
31 22 
31 27 
31 58 
31 78 
31 38 
31 39 
31 33 
31 43 
31 2 
31 69 
31 13 
31 81 
31 56 
31 0 
31 67 
31 48 
31 19 
31 9 
31 8 
31 7 
31 50 
31 80 
31 40 
31 29 
31 60 
31 52 
31 21 
31 37 
31 61 
31 62 
31 55 
31 3 
31 46 
31 44 
31 75 
31 10 
31 12 
31 15 
31 51 
31 23 
31 68 
31 59 
31 1 
31 14 
31 26 
31 25 
31 79 
31 49 
31 6 
31 16 
31 45 
31 72 
31 41 
31 4 
31 28 
31 17 
31 54 
31 32 
31 63 
32 29 
32 57 
32 18 
32 1 
32 33 
32 76 
32 58 
32 69 
32 37 
32 38 
32 23 
32 62 
32 46 
32 35 
32 71 
32 45 
32 34 
32 70 
32 50 
32 27 
32 61 
32 78 
32 53 
32 75 
32 16 
32 73 
32 63 
32 3 
32 28 
32 36 
32 80 
32 51 
32 4 
32 20 
32 26 
32 47 
32 25 
32 68 
32 21 
32 12 
32 11 
32 7 
32 0 
32 64 
32 59 
32 74 
32 2 
32 39 
32 41 
32 77 
32 48 
32 6 
32 14 
32 81 
32 19 
32 79 
32 40 
32 22 
32 17 
32 30 
32 49 
32 44 
32 43 
32 9 
32 56 
32 13 
32 72 
32 31 
32 5 
33 64 
33 62 
33 55 
33 24 
33 32 
33 22 
33 11 
33 37 
33 66 
33 74 
33 18 
33 28 
33 7 
33 31 
33 25 
33 20 
33 76 
33 17 
33 50 
33 4 
33 9 
33 34 
33 26 
33 52 
33 70 
33 77 
33 73 
33 51 
33 1 
33 75 
33 29 
33 19 
33 16 
33 13 
33 44 
33 58 
33 36 
33 21 
33 54 
33 8 
33 41 
33 2 
33 43 
33 0 
33 39 
33 30 
33 67 
33 42 
33 46 
33 69 
33 80 
33 68 
33 45 
33 40 
33 14 
33 47 
33 5 
33 38 
33 65 
33 53 
33 27 
33 6 
33 56 
33 81 
33 15 
33 60 
33 3 
33 59 
34 29 
34 28 
34 55 
34 63 
34 47 
34 8 
34 18 
34 59 
34 9 
34 78 
34 12 
34 21 
34 51 
34 38 
34 20 
34 1 
34 24 
34 11 
34 10 
34 43 
34 81 
34 52 
34 48 
34 77 
34 32 
34 33 
34 71 
34 23 
34 50 
34 60 
34 13 
34 54 
34 15 
34 19 
34 27 
34 80 
34 76 
34 42 
34 66 
34 61 
34 22 
34 69 
34 25 
34 56 
34 5 
34 49 
34 30 
34 45 
34 70 
34 2 
34 73 
34 44 
34 65 
34 79 
34 17 
34 57 
34 35 
34 3 
34 58 
34 7 
34 6 
34 75 
34 36 
34 37 
34 62 
34 26 
34 74 
34 4 
34 39 
34 14 
35 51 
35 68 
35 26 
35 22 
35 37 
35 4 
35 27 
35 59 
35 31 
35 2 
35 74 
35 10 
35 61 
35 19 
35 1 
35 58 
35 46 
35 56 
35 66 
35 54 
35 47 
35 30 
35 65 
35 20 
35 32 
35 13 
35 53 
35 62 
35 77 
35 80 
35 71 
35 75 
35 29 
35 43 
35 18 
35 8 
35 39 
35 16 
35 81 
35 48 
35 76 
35 25 
35 60 
35 64 
35 67 
35 72 
35 28 
35 63 
35 52 
35 3 
35 50 
35 12 
35 57 
35 7 
35 55 
35 73 
35 34 
35 15 
35 11 
35 78 
35 14 
35 6 
35 21 
35 5 
35 41 
36 62 
36 26 
36 25 
36 14 
36 17 
36 46 
36 10 
36 19 
36 0 
36 31 
36 73 
36 8 
36 39 
36 53 
36 5 
36 81 
36 38 
36 72 
36 28 
36 50 
36 70 
36 59 
36 30 
36 61 
36 23 
36 11 
36 7 
36 80 
36 42 
36 66 
36 1 
36 60 
36 20 
36 76 
36 58 
36 77 
36 22 
36 55 
36 64 
36 32 
36 18 
36 13 
36 78 
36 40 
36 57 
36 33 
36 27 
36 15 
36 68 
36 48 
36 79 
36 54 
36 65 
36 44 
36 45 
36 74 
36 21 
36 63 
36 41 
36 4 
36 75 
36 6 
36 34 
36 3 
36 51 
36 9 
36 43 
36 29 
36 24 
37 16 
37 72 
37 73 
37 63 
37 35 
37 48 
37 78 
37 23 
37 33 
37 38 
37 3 
37 10 
37 56 
37 32 
37 68 
37 49 
37 26 
37 65 
37 50 
37 27 
37 17 
37 41 
37 62 
37 46 
37 75 
37 43 
37 39 
37 67 
37 59 
37 21 
37 6 
37 81 
37 24 
37 31 
37 76 
37 70 
37 69 
37 22 
37 44 
37 19 
37 29 
37 28 
37 12 
37 61 
37 1 
37 40 
37 11 
37 15 
37 18 
37 9 
37 5 
37 80 
37 45 
37 42 
37 71 
37 66 
37 14 
37 8 
37 54 
37 34 
37 55 
37 0 
37 60 
37 53 
37 13 
37 20 
37 47 
37 77 
38 7 
38 55 
38 64 
38 75 
38 67 
38 37 
38 50 
38 21 
38 62 
38 54 
38 36 
38 1 
38 42 
38 13 
38 32 
38 4 
38 44 
38 14 
38 34 
38 65 
38 31 
38 24 
38 74 
38 46 
38 26 
38 18 
38 53 
38 39 
38 0 
38 10 
38 6 
38 69 
38 28 
38 59 
38 40 
38 68 
38 47 
38 16 
38 57 
38 41 
38 80 
38 15 
38 23 
38 29 
38 72 
38 30 
38 45 
38 27 
38 66 
38 20 
38 9 
38 3 
38 25 
38 60 
38 79 
38 49 
38 81 
38 70 
38 11 
38 48 
38 56 
38 52 
38 33 
38 76 
38 12 
38 71 
38 17 
39 77 
39 46 
39 30 
39 51 
39 44 
39 59 
39 36 
39 17 
39 9 
39 0 
39 48 
39 60 
39 1 
39 42 
39 29 
39 61 
39 31 
39 26 
39 10 
39 63 
39 19 
39 70 
39 69 
39 38 
39 80 
39 18 
39 37 
39 21 
39 65 
39 72 
39 11 
39 75 
39 35 
39 58 
39 74 
39 15 
39 66 
39 56 
39 14 
39 67 
39 24 
39 53 
39 33 
39 7 
39 27 
39 32 
39 71 
39 76 
39 4 
39 28 
39 55 
39 62 
39 41 
39 22 
39 5 
39 73 
39 43 
39 64 
39 23 
39 79 
39 12 
39 50 
39 20 
39 68 
39 40 
39 16 
39 34 
39 8 
39 25 
40 29 
40 69 
40 46 
40 81 
40 4 
40 27 
40 15 
40 55 
40 57 
40 12 
40 76 
40 0 
40 77 
40 71 
40 20 
40 18 
40 21 
40 67 
40 11 
40 64 
40 59 
40 26 
40 5 
40 60 
40 2 
40 58 
40 61 
40 68 
40 56 
40 45 
40 25 
40 74 
40 31 
40 38 
40 1 
40 7 
40 3 
40 36 
40 50 
40 9 
40 65 
40 48 
40 62 
40 51 
40 37 
40 42 
40 13 
40 80 
40 17 
40 30 
40 24 
40 72 
40 33 
40 22 
40 70 
40 79 
40 41 
40 49 
40 32 
40 43 
40 63 
40 8 
40 14 
40 73 
40 39 
40 44 
40 53 
40 75 
40 54 
40 19 
40 66 
40 10 
40 52 
40 28 
41 45 
41 19 
41 64 
41 0 
41 13 
41 30 
41 12 
41 20 
41 63 
41 42 
41 11 
41 75 
41 56 
41 43 
41 68 
41 47 
41 9 
41 50 
41 10 
41 46 
41 61 
41 37 
41 66 
41 49 
41 57 
41 22 
41 76 
41 2 
41 24 
41 73 
41 80 
41 38 
41 79 
41 7 
41 15 
41 74 
41 65 
41 54 
41 33 
41 77 
41 3 
41 78 
41 8 
41 32 
41 48 
41 51 
41 23 
41 29 
41 39 
41 69 
41 4 
41 26 
41 53 
41 67 
41 36 
41 40 
41 72 
41 44 
41 31 
41 55 
41 71 
41 70 
41 81 
41 62 
41 60 
41 28 
41 25 
41 17 
41 35 
41 21 
42 65 
42 59 
42 51 
42 69 
42 66 
42 81 
42 16 
42 70 
42 41 
42 60 
42 71 
42 62 
42 15 
42 21 
42 38 
42 56 
42 64 
42 17 
42 39 
42 23 
42 18 
42 77 
42 0 
42 68 
42 57 
42 47 
42 3 
42 78 
42 61 
42 13 
42 36 
42 53 
42 73 
42 29 
42 50 
42 5 
42 27 
42 46 
42 72 
42 34 
42 55 
42 43 
42 49 
42 52 
42 45 
42 1 
42 40 
42 79 
42 9 
42 25 
42 7 
42 74 
42 33 
42 67 
42 22 
42 12 
42 28 
42 26 
42 19 
42 44 
42 37 
42 54 
42 14 
42 8 
42 48 
42 10 
42 24 
42 2 
42 75 
43 0 
43 67 
43 75 
43 41 
43 9 
43 7 
43 58 
43 31 
43 57 
43 34 
43 71 
43 24 
43 37 
43 56 
43 47 
43 19 
43 61 
43 1 
43 35 
43 72 
43 69 
43 53 
43 60 
43 55 
43 65 
43 28 
43 54 
43 77 
43 10 
43 29 
43 42 
43 22 
43 64 
43 33 
43 18 
43 68 
43 76 
43 80 
43 59 
43 63 
43 5 
43 4 
43 78 
43 62 
43 74 
43 6 
43 23 
43 12 
43 2 
43 3 
43 45 
43 39 
43 40 
43 50 
43 52 
43 51 
43 46 
43 20 
43 79 
43 8 
43 17 
43 36 
43 16 
43 32 
43 25 
43 27 
43 81 
43 14 
43 49 
44 64 
44 25 
44 53 
44 16 
44 10 
44 55 
44 65 
44 9 
44 39 
44 60 
44 74 
44 57 
44 22 
44 3 
44 79 
44 24 
44 38 
44 63 
44 71 
44 54 
44 49 
44 81 
44 4 
44 23 
44 66 
44 45 
44 61 
44 6 
44 21 
44 50 
44 20 
44 26 
44 33 
44 75 
44 14 
44 69 
44 80 
44 37 
44 8 
44 31 
44 56 
44 7 
44 59 
44 48 
44 72 
44 34 
44 36 
44 2 
44 17 
44 77 
44 13 
44 42 
44 58 
44 76 
44 18 
44 28 
44 41 
44 11 
44 46 
44 62 
44 27 
44 32 
44 19 
44 40 
44 52 
44 15 
44 67 
45 20 
45 41 
45 77 
45 71 
45 7 
45 27 
45 72 
45 81 
45 30 
45 14 
45 58 
45 17 
45 79 
45 61 
45 57 
45 10 
45 19 
45 65 
45 47 
45 13 
45 29 
45 4 
45 22 
45 32 
45 55 
45 2 
45 44 
45 40 
45 76 
45 15 
45 12 
45 50 
45 73 
45 28 
45 62 
45 59 
45 74 
45 25 
45 16 
45 48 
45 63 
45 38 
45 42 
45 34 
45 75 
45 9 
45 26 
45 36 
45 6 
45 23 
45 1 
45 3 
45 33 
45 37 
45 64 
45 31 
45 70 
45 56 
45 69 
45 43 
45 60 
45 18 
45 53 
45 78 
45 5 
45 51 
45 46 
45 21 
45 66 
45 0 
45 67 
46 4 
46 13 
46 36 
46 40 
46 39 
46 28 
46 81 
46 69 
46 75 
46 18 
46 74 
46 60 
46 63 
46 59 
46 61 
46 73 
46 17 
46 7 
46 51 
46 35 
46 71 
46 80 
46 48 
46 27 
46 22 
46 32 
46 38 
46 79 
46 26 
46 41 
46 52 
46 76 
46 37 
46 8 
46 25 
46 21 
46 2 
46 47 
46 57 
46 67 
46 42 
46 30 
46 15 
46 65 
46 16 
46 5 
46 31 
46 54 
46 10 
46 53 
46 33 
46 12 
46 66 
46 1 
46 77 
46 24 
46 49 
46 20 
46 78 
46 55 
46 29 
46 70 
46 43 
46 44 
46 6 
46 62 
46 45 
46 3 
46 23 
46 9 
47 22 
47 61 
47 51 
47 71 
47 34 
47 28 
47 53 
47 18 
47 1 
47 59 
47 54 
47 11 
47 14 
47 55 
47 6 
47 41 
47 78 
47 15 
47 58 
47 64 
47 76 
47 50 
47 45 
47 35 
47 7 
47 57 
47 42 
47 12 
47 60 
47 77 
47 43 
47 19 
47 5 
47 23 
47 38 
47 67 
47 46 
47 9 
47 65 
47 74 
47 4 
47 81 
47 29 
47 79 
47 26 
47 21 
47 72 
47 32 
47 69 
47 62 
47 56 
47 30 
47 33 
47 20 
47 27 
47 73 
47 17 
47 68 
47 63 
47 8 
47 48 
47 80 
47 0 
47 24 
47 52 
47 70 
47 37 
48 49 
48 74 
48 37 
48 61 
48 14 
48 17 
48 80 
48 28 
48 58 
48 7 
48 39 
48 26 
48 71 
48 46 
48 31 
48 34 
48 25 
48 1 
48 64 
48 3 
48 59 
48 18 
48 50 
48 21 
48 78 
48 62 
48 30 
48 16 
48 70 
48 2 
48 52 
48 8 
48 77 
48 35 
48 45 
48 60 
48 13 
48 23 
48 4 
48 40 
48 36 
48 53 
48 44 
48 67 
48 22 
48 29 
48 19 
48 55 
48 41 
48 27 
48 32 
48 15 
48 75 
48 6 
48 38 
48 79 
48 73 
48 68 
48 47 
48 56 
48 42 
48 72 
48 24 
49 48 
49 63 
49 7 
49 60 
49 80 
49 30 
49 26 
49 54 
49 0 
49 53 
49 71 
49 37 
49 67 
49 44 
49 1 
49 16 
49 6 
49 22 
49 11 
49 4 
49 52 
49 41 
49 5 
49 65 
49 27 
49 19 
49 20 
49 72 
49 57 
49 50 
49 74 
49 10 
49 23 
49 75 
49 77 
49 76 
49 42 
49 34 
49 70 
49 55 
49 81 
49 9 
49 59 
49 14 
49 25 
49 79 
49 46 
49 51 
49 61 
49 31 
49 38 
49 28 
49 29 
49 40 
49 18 
49 3 
49 24 
49 12 
49 64 
49 2 
49 13 
49 32 
49 69 
49 8 
49 56 
49 17 
49 21 
49 43 
50 63 
50 30 
50 58 
50 56 
50 38 
50 69 
50 2 
50 9 
50 41 
50 36 
50 16 
50 66 
50 47 
50 8 
50 37 
50 33 
50 62 
50 55 
50 25 
50 1 
50 26 
50 51 
50 0 
50 34 
50 74 
50 29 
50 17 
50 15 
50 31 
50 32 
50 21 
50 77 
50 72 
50 7 
50 42 
50 48 
50 44 
50 45 
50 65 
50 60 
50 78 
50 49 
50 10 
50 52 
50 19 
50 71 
50 40 
50 61 
50 23 
50 54 
50 79 
50 70 
50 35 
50 59 
50 53 
50 12 
50 13 
50 43 
50 80 
50 39 
50 24 
50 73 
50 28 
50 27 
50 68 
50 11 
50 18 
51 35 
51 3 
51 17 
51 5 
51 47 
51 55 
51 42 
51 76 
51 8 
51 39 
51 79 
51 13 
51 25 
51 24 
51 80 
51 53 
51 4 
51 46 
51 34 
51 81 
51 14 
51 6 
51 0 
51 29 
51 68 
51 11 
51 52 
51 59 
51 72 
51 7 
51 50 
51 66 
51 33 
51 28 
51 27 
51 77 
51 78 
51 26 
51 70 
51 71 
51 32 
51 12 
51 57 
51 31 
51 2 
51 61 
51 40 
51 41 
51 20 
51 49 
51 16 
51 15 
51 23 
51 64 
51 60 
51 69 
51 30 
51 36 
51 43 
51 19 
51 73 
51 1 
51 58 
51 45 
51 62 
51 75 
51 65 
51 74 
52 28 
52 80 
52 62 
52 25 
52 30 
52 55 
52 22 
52 70 
52 29 
52 9 
52 20 
52 3 
52 61 
52 56 
52 51 
52 34 
52 46 
52 18 
52 27 
52 33 
52 49 
52 79 
52 77 
52 66 
52 19 
52 31 
52 12 
52 5 
52 48 
52 50 
52 26 
52 64 
52 58 
52 69 
52 42 
52 15 
52 68 
52 76 
52 14 
52 4 
52 35 
52 8 
52 17 
52 0 
52 71 
52 78 
52 75 
52 21 
52 54 
52 38 
52 43 
52 73 
52 72 
52 7 
52 1 
52 59 
52 2 
52 10 
52 47 
52 16 
52 60 
52 44 
52 81 
52 63 
52 40 
52 67 
53 44 
53 71 
53 20 
53 11 
53 5 
53 63 
53 47 
53 56 
53 36 
53 8 
53 59 
53 51 
53 57 
53 76 
53 49 
53 81 
53 0 
53 13 
53 66 
53 65 
53 19 
53 2 
53 78 
53 17 
53 14 
53 38 
53 35 
53 75 
53 26 
53 60 
53 21 
53 32 
53 42 
53 77 
53 18 
53 58 
53 10 
53 43 
53 61 
53 28 
53 4 
53 30 
53 29 
53 46 
53 48 
53 39 
53 24 
53 79 
53 15 
53 67 
53 55 
53 41 
53 50 
53 69 
53 45 
53 33 
53 22 
53 7 
53 68 
53 73 
53 54 
53 23 
53 80 
53 16 
53 6 
53 40 
53 62 
53 12 
53 37 
54 10 
54 74 
54 70 
54 64 
54 3 
54 47 
54 38 
54 49 
54 23 
54 25 
54 59 
54 71 
54 63 
54 11 
54 79 
54 73 
54 35 
54 44 
54 21 
54 81 
54 4 
54 16 
54 29 
54 17 
54 12 
54 75 
54 58 
54 67 
54 19 
54 78 
54 34 
54 0 
54 43 
54 24 
54 77 
54 76 
54 46 
54 33 
54 57 
54 41 
54 1 
54 20 
54 65 
54 50 
54 36 
54 60 
54 14 
54 7 
54 5 
54 62 
54 61 
54 56 
54 22 
54 42 
54 8 
54 52 
54 30 
54 2 
54 37 
54 6 
54 28 
54 27 
54 53 
54 66 
54 31 
54 40 
54 80 
55 0 
55 78 
55 34 
55 38 
55 51 
55 33 
55 72 
55 71 
55 25 
55 40 
55 10 
55 44 
55 29 
55 52 
55 66 
55 61 
55 47 
55 77 
55 58 
55 11 
55 63 
55 73 
55 17 
55 50 
55 20 
55 57 
55 45 
55 8 
55 3 
55 69 
55 24 
55 22 
55 21 
55 5 
55 70 
55 36 
55 43 
55 81 
55 26 
55 15 
55 23 
55 16 
55 2 
55 74 
55 31 
55 42 
55 7 
55 4 
55 6 
55 49 
55 30 
55 60 
55 48 
55 28 
55 80 
55 39 
55 35 
55 46 
55 9 
55 53 
55 79 
55 19 
55 75 
55 41 
55 62 
55 68 
55 37 
55 18 
55 13 
55 56 
55 59 
56 2 
56 50 
56 60 
56 53 
56 67 
56 58 
56 41 
56 80 
56 37 
56 9 
56 42 
56 20 
56 62 
56 68 
56 35 
56 52 
56 31 
56 29 
56 5 
56 76 
56 1 
56 3 
56 40 
56 43 
56 18 
56 4 
56 17 
56 19 
56 23 
56 79 
56 16 
56 78 
56 81 
56 39 
56 70 
56 34 
56 44 
56 13 
56 72 
56 24 
56 12 
56 6 
56 57 
56 61 
56 11 
56 75 
56 0 
56 22 
56 69 
56 59 
56 54 
56 47 
56 45 
56 26 
56 38 
56 73 
56 10 
56 30 
56 33 
56 48 
56 71 
56 28 
56 66 
56 14 
56 32 
56 55 
56 25 
56 49 
57 63 
57 32 
57 61 
57 65 
57 17 
57 40 
57 77 
57 5 
57 76 
57 16 
57 44 
57 29 
57 53 
57 10 
57 45 
57 21 
57 62 
57 6 
57 43 
57 3 
57 42 
57 55 
57 47 
57 69 
57 58 
57 41 
57 73 
57 81 
57 18 
57 71 
57 24 
57 67 
57 68 
57 46 
57 38 
57 80 
57 49 
57 11 
57 0 
57 36 
57 12 
57 54 
57 51 
57 22 
57 20 
57 56 
57 19 
57 35 
57 60 
57 70 
57 30 
57 9 
57 2 
57 34 
57 74 
57 8 
57 15 
57 72 
57 4 
57 27 
57 78 
57 66 
57 25 
57 1 
57 7 
57 28 
57 75 
58 63 
58 50 
58 27 
58 0 
58 32 
58 68 
58 56 
58 1 
58 29 
58 48 
58 5 
58 28 
58 6 
58 45 
58 26 
58 35 
58 31 
58 47 
58 67 
58 55 
58 43 
58 3 
58 74 
58 71 
58 20 
58 40 
58 57 
58 54 
58 53 
58 73 
58 59 
58 60 
58 36 
58 33 
58 39 
58 8 
58 21 
58 17 
58 4 
58 70 
58 66 
58 79 
58 13 
58 52 
58 30 
58 75 
58 72 
58 10 
58 12 
58 23 
58 11 
58 9 
58 16 
58 65 
58 76 
58 62 
58 44 
58 2 
58 64 
58 34 
58 18 
58 15 
58 22 
58 78 
58 51 
58 14 
58 19 
58 69 
58 61 
58 24 
59 42 
59 28 
59 73 
59 75 
59 8 
59 35 
59 64 
59 39 
59 46 
59 34 
59 68 
59 47 
59 4 
59 53 
59 54 
59 27 
59 25 
59 62 
59 36 
59 79 
59 19 
59 29 
59 51 
59 40 
59 7 
59 70 
59 48 
59 38 
59 58 
59 77 
59 37 
59 13 
59 10 
59 61 
59 45 
59 2 
59 81 
59 74 
59 22 
59 63 
59 71 
59 6 
59 66 
59 44 
59 49 
59 31 
59 15 
59 69 
59 32 
59 43 
59 0 
59 30 
59 20 
59 56 
59 24 
59 50 
59 12 
59 3 
59 9 
59 52 
59 78 
59 33 
59 65 
59 23 
59 18 
59 55 
60 11 
60 75 
60 78 
60 16 
60 49 
60 77 
60 56 
60 21 
60 46 
60 8 
60 42 
60 44 
60 66 
60 26 
60 4 
60 74 
60 39 
60 70 
60 27 
60 14 
60 2 
60 5 
60 72 
60 71 
60 0 
60 65 
60 29 
60 7 
60 40 
60 63 
60 53 
60 47 
60 34 
60 36 
60 58 
60 13 
60 31 
60 64 
60 43 
60 50 
60 73 
60 9 
60 68 
60 62 
60 48 
60 35 
60 76 
60 55 
60 81 
60 54 
60 69 
60 38 
60 57 
60 10 
60 80 
60 45 
60 51 
60 22 
60 67 
60 41 
60 18 
60 3 
60 37 
60 33 
60 28 
60 1 
60 52 
60 12 
60 25 
61 17 
61 47 
61 0 
61 48 
61 24 
61 25 
61 57 
61 15 
61 22 
61 67 
61 55 
61 46 
61 29 
61 27 
61 35 
61 20 
61 21 
61 45 
61 39 
61 10 
61 4 
61 13 
61 52 
61 81 
61 9 
61 7 
61 3 
61 6 
61 36 
61 2 
61 41 
61 42 
61 40 
61 16 
61 44 
61 32 
61 69 
61 12 
61 43 
61 18 
61 11 
61 53 
61 77 
61 59 
61 31 
61 28 
61 34 
61 71 
61 74 
61 50 
61 26 
61 37 
61 51 
61 19 
61 5 
61 56 
61 72 
61 49 
61 62 
61 54 
61 78 
61 30 
61 68 
61 63 
61 65 
61 75 
61 66 
61 14 
61 73 
61 1 
61 58 
61 8 
62 36 
62 63 
62 33 
62 52 
62 18 
62 74 
62 2 
62 42 
62 38 
62 73 
62 56 
62 57 
62 5 
62 59 
62 64 
62 28 
62 32 
62 68 
62 21 
62 22 
62 50 
62 19 
62 35 
62 37 
62 8 
62 24 
62 70 
62 23 
62 77 
62 48 
62 20 
62 45 
62 31 
62 10 
62 60 
62 0 
62 29 
62 80 
62 40 
62 58 
62 27 
62 81 
62 17 
62 65 
62 43 
62 54 
62 61 
62 39 
62 47 
62 78 
62 15 
62 25 
62 76 
62 9 
62 26 
62 55 
62 41 
62 34 
62 11 
62 13 
62 44 
62 16 
62 75 
62 30 
62 46 
62 4 
62 53 
62 51 
62 14 
62 1 
63 58 
63 62 
63 37 
63 57 
63 49 
63 50 
63 0 
63 34 
63 13 
63 74 
63 53 
63 24 
63 41 
63 30 
63 46 
63 70 
63 20 
63 54 
63 44 
63 68 
63 55 
63 2 
63 39 
63 72 
63 19 
63 3 
63 8 
63 66 
63 60 
63 65 
63 17 
63 21 
63 10 
63 29 
63 32 
63 15 
63 22 
63 28 
63 59 
63 45 
63 5 
63 27 
63 16 
63 7 
63 26 
63 35 
63 77 
63 75 
63 43 
63 14 
63 23 
63 36 
63 18 
63 1 
63 61 
63 25 
63 11 
63 47 
63 69 
63 40 
63 71 
63 64 
63 73 
63 52 
63 31 
64 44 
64 41 
64 71 
64 17 
64 20 
64 33 
64 38 
64 54 
64 59 
64 4 
64 75 
64 76 
64 22 
64 23 
64 42 
64 47 
64 8 
64 62 
64 73 
64 40 
64 25 
64 48 
64 12 
64 74 
64 80 
64 72 
64 60 
64 81 
64 19 
64 36 
64 0 
64 14 
64 16 
64 69 
64 26 
64 15 
64 52 
64 65 
64 35 
64 3 
64 79 
64 13 
64 43 
64 32 
64 9 
64 24 
64 28 
64 67 
64 70 
64 45 
64 6 
64 58 
64 51 
64 10 
64 39 
64 49 
64 68 
64 30 
64 66 
64 18 
64 63 
64 11 
64 78 
65 27 
65 42 
65 4 
65 9 
65 77 
65 57 
65 13 
65 20 
65 44 
65 16 
65 6 
65 67 
65 38 
65 70 
65 45 
65 53 
65 11 
65 30 
65 37 
65 35 
65 28 
65 60 
65 3 
65 7 
65 8 
65 66 
65 76 
65 63 
65 39 
65 49 
65 74 
65 17 
65 25 
65 50 
65 43 
65 72 
65 47 
65 26 
65 14 
65 80 
65 19 
65 10 
65 46 
65 5 
65 41 
65 40 
65 64 
65 73 
65 54 
65 68 
65 0 
65 36 
65 58 
65 15 
65 34 
65 62 
65 2 
65 81 
65 69 
65 78 
65 75 
65 12 
65 61 
65 33 
65 22 
65 24 
65 71 
65 51 
65 59 
65 79 
66 3 
66 0 
66 42 
66 7 
66 31 
66 55 
66 33 
66 60 
66 14 
66 68 
66 16 
66 35 
66 13 
66 53 
66 50 
66 21 
66 28 
66 20 
66 81 
66 26 
66 51 
66 63 
66 65 
66 44 
66 67 
66 41 
66 36 
66 52 
66 69 
66 78 
66 73 
66 22 
66 77 
66 39 
66 76 
66 75 
66 4 
66 34 
66 58 
66 23 
66 6 
66 59 
66 38 
66 1 
66 19 
66 46 
66 8 
66 5 
66 17 
66 25 
66 12 
66 37 
66 2 
66 61 
66 11 
66 72 
66 15 
66 57 
66 64 
66 56 
66 79 
66 80 
66 9 
66 54 
66 30 
66 10 
66 45 
66 70 
66 18 
66 40 
66 71 
67 70 
67 10 
67 13 
67 15 
67 26 
67 8 
67 17 
67 19 
67 43 
67 61 
67 38 
67 56 
67 65 
67 3 
67 16 
67 76 
67 74 
67 21 
67 1 
67 58 
67 4 
67 75 
67 49 
67 31 
67 40 
67 30 
67 66 
67 54 
67 37 
67 7 
67 2 
67 22 
67 47 
67 25 
67 57 
67 46 
67 78 
67 24 
67 27 
67 14 
67 29 
67 39 
67 35 
67 5 
67 79 
67 48 
67 33 
67 42 
67 81 
67 12 
67 64 
67 28 
67 9 
67 53 
67 80 
67 41 
67 60 
67 68 
67 0 
67 23 
67 71 
67 44 
67 18 
67 45 
67 52 
68 35 
68 13 
68 80 
68 23 
68 3 
68 18 
68 19 
68 11 
68 12 
68 9 
68 58 
68 59 
68 41 
68 37 
68 56 
68 66 
68 63 
68 79 
68 51 
68 62 
68 42 
68 40 
68 10 
68 15 
68 38 
68 20 
68 57 
68 17 
68 60 
68 29 
68 76 
68 7 
68 2 
68 75 
68 36 
68 73 
68 32 
68 78 
68 6 
68 70 
68 81 
68 31 
68 65 
68 16 
68 43 
68 52 
68 28 
68 27 
68 33 
68 72 
68 8 
68 5 
68 1 
68 61 
68 74 
68 22 
68 47 
68 48 
68 24 
68 4 
68 53 
68 67 
68 77 
68 55 
68 64 
68 39 
68 26 
68 50 
68 71 
69 81 
69 73 
69 40 
69 79 
69 42 
69 80 
69 46 
69 50 
69 15 
69 32 
69 5 
69 31 
69 9 
69 1 
69 26 
69 39 
69 29 
69 23 
69 71 
69 8 
69 19 
69 2 
69 10 
69 57 
69 38 
69 55 
69 61 
69 16 
69 14 
69 43 
69 66 
69 70 
69 78 
69 64 
69 37 
69 44 
69 27 
69 13 
69 72 
69 34 
69 52 
69 21 
69 76 
69 28 
69 75 
69 3 
69 0 
69 59 
69 18 
69 20 
69 33 
69 60 
69 47 
69 56 
69 7 
69 41 
69 65 
69 45 
69 53 
69 24 
69 74 
69 51 
69 63 
69 77 
69 49 
69 22 
69 11 
69 58 
70 21 
70 67 
70 79 
70 54 
70 31 
70 42 
70 52 
70 7 
70 26 
70 63 
70 24 
70 4 
70 19 
70 60 
70 15 
70 17 
70 65 
70 36 
70 77 
70 3 
70 18 
70 39 
70 5 
70 75 
70 22 
70 32 
70 59 
70 33 
70 73 
70 62 
70 9 
70 55 
70 69 
70 25 
70 78 
70 48 
70 51 
70 29 
70 37 
70 30 
70 2 
70 12 
70 58 
70 56 
70 11 
70 49 
70 10 
70 27 
70 68 
70 34 
70 74 
70 14 
70 71 
70 50 
70 20 
70 72 
70 57 
70 64 
70 45 
70 1 
70 40 
70 38 
70 76 
70 41 
70 46 
70 13 
70 47 
70 23 
70 0 
70 80 
70 66 
71 53 
71 45 
71 64 
71 19 
71 31 
71 47 
71 55 
71 42 
71 80 
71 49 
71 54 
71 7 
71 46 
71 48 
71 44 
71 21 
71 5 
71 40 
71 16 
71 8 
71 13 
71 58 
71 60 
71 69 
71 32 
71 74 
71 43 
71 34 
71 3 
71 35 
71 57 
71 30 
71 29 
71 24 
71 73 
71 51 
71 61 
71 50 
71 25 
71 0 
71 59 
71 26 
71 28 
71 18 
71 2 
71 70 
71 22 
71 39 
71 6 
71 9 
71 10 
71 52 
71 37 
71 81 
71 41 
71 14 
71 56 
71 38 
71 63 
71 75 
71 1 
71 67 
71 65 
71 27 
71 79 
71 68 
71 66 
72 37 
72 22 
72 75 
72 73 
72 55 
72 4 
72 45 
72 0 
72 36 
72 5 
72 20 
72 10 
72 63 
72 60 
72 30 
72 76 
72 19 
72 23 
72 51 
72 25 
72 78 
72 64 
72 50 
72 39 
72 43 
72 21 
72 65 
72 49 
72 42 
72 69 
72 38 
72 81 
72 56 
72 58 
72 47 
72 2 
72 9 
72 35 
72 11 
72 44 
72 7 
72 70 
72 61 
72 24 
72 12 
72 68 
72 40 
72 31 
72 57 
72 41 
72 14 
72 66 
72 52 
72 79 
72 26 
72 16 
72 3 
72 32 
72 48 
72 27 
72 77 
72 8 
72 17 
72 18 
73 12 
73 37 
73 69 
73 59 
73 20 
73 72 
73 36 
73 78 
73 11 
73 46 
73 6 
73 62 
73 54 
73 7 
73 2 
73 55 
73 64 
73 28 
73 24 
73 33 
73 25 
73 30 
73 42 
73 29 
73 70 
73 58 
73 57 
73 26 
73 32 
73 45 
73 8 
73 41 
73 60 
73 66 
73 71 
73 27 
73 74 
73 15 
73 21 
73 22 
73 65 
73 77 
73 68 
73 19 
73 34 
73 75 
73 79 
73 35 
73 39 
73 9 
73 48 
73 47 
73 16 
73 52 
73 56 
73 51 
73 53 
73 4 
73 61 
73 10 
73 1 
73 50 
73 40 
73 5 
73 17 
73 63 
73 3 
73 14 
74 48 
74 54 
74 12 
74 63 
74 3 
74 62 
74 46 
74 35 
74 44 
74 18 
74 79 
74 60 
74 33 
74 67 
74 38 
74 4 
74 11 
74 10 
74 58 
74 71 
74 29 
74 50 
74 14 
74 64 
74 22 
74 40 
74 9 
74 17 
74 27 
74 65 
74 1 
74 7 
74 0 
74 39 
74 2 
74 47 
74 49 
74 55 
74 73 
74 45 
74 59 
74 61 
74 25 
74 19 
74 41 
74 28 
74 30 
74 70 
74 8 
74 42 
74 32 
74 36 
74 5 
74 21 
74 43 
74 24 
74 20 
74 80 
74 57 
74 68 
74 81 
74 69 
74 16 
74 34 
74 76 
74 26 
74 75 
74 51 
74 77 
75 13 
75 60 
75 72 
75 59 
75 46 
75 64 
75 38 
75 17 
75 41 
75 43 
75 67 
75 78 
75 29 
75 70 
75 54 
75 53 
75 26 
75 37 
75 81 
75 33 
75 32 
75 35 
75 28 
75 20 
75 24 
75 19 
75 77 
75 11 
75 44 
75 79 
75 39 
75 16 
75 80 
75 66 
75 6 
75 49 
75 31 
75 30 
75 68 
75 58 
75 9 
75 22 
75 45 
75 69 
75 5 
75 73 
75 14 
75 63 
75 56 
75 4 
75 48 
75 1 
75 65 
75 52 
75 8 
75 55 
75 25 
75 36 
75 61 
75 2 
75 34 
75 0 
75 21 
75 76 
75 3 
75 71 
75 62 
75 74 
75 40 
75 51 
75 15 
75 42 
75 57 
76 13 
76 28 
76 31 
76 32 
76 2 
76 51 
76 11 
76 16 
76 3 
76 57 
76 40 
76 64 
76 53 
76 5 
76 67 
76 10 
76 47 
76 4 
76 33 
76 30 
76 27 
76 56 
76 72 
76 20 
76 46 
76 15 
76 26 
76 6 
76 65 
76 81 
76 45 
76 22 
76 23 
76 36 
76 8 
76 41 
76 7 
76 34 
76 37 
76 66 
76 80 
76 77 
76 35 
76 54 
76 68 
76 49 
76 25 
76 60 
76 69 
76 52 
76 79 
76 43 
76 58 
76 39 
76 1 
76 19 
76 44 
76 62 
76 21 
76 70 
76 14 
76 78 
76 38 
76 75 
76 74 
76 12 
76 18 
76 9 
77 13 
77 15 
77 45 
77 6 
77 39 
77 65 
77 9 
77 60 
77 57 
77 26 
77 7 
77 40 
77 55 
77 70 
77 16 
77 23 
77 42 
77 28 
77 17 
77 30 
77 34 
77 5 
77 35 
77 33 
77 47 
77 11 
77 50 
77 53 
77 52 
77 59 
77 36 
77 51 
77 62 
77 75 
77 3 
77 61 
77 54 
77 43 
77 66 
77 4 
77 48 
77 76 
77 79 
77 29 
77 49 
77 0 
77 73 
77 41 
77 80 
77 18 
77 63 
77 46 
77 21 
77 44 
77 14 
77 32 
77 27 
77 8 
77 2 
77 68 
77 12 
77 78 
77 69 
77 22 
77 19 
77 25 
77 20 
77 72 
77 74 
77 10 
77 37 
78 55 
78 23 
78 12 
78 60 
78 6 
78 9 
78 30 
78 37 
78 11 
78 7 
78 73 
78 34 
78 47 
78 5 
78 25 
78 79 
78 31 
78 29 
78 16 
78 75 
78 53 
78 14 
78 42 
78 15 
78 28 
78 72 
78 32 
78 2 
78 54 
78 48 
78 0 
78 51 
78 69 
78 66 
78 50 
78 67 
78 70 
78 56 
78 17 
78 22 
78 1 
78 36 
78 24 
78 18 
78 80 
78 68 
78 41 
78 10 
78 4 
78 43 
78 46 
78 61 
78 62 
78 65 
78 52 
78 81 
78 19 
78 35 
78 45 
78 77 
78 58 
78 57 
78 76 
78 21 
78 8 
78 59 
78 64 
79 70 
79 5 
79 69 
79 18 
79 51 
79 8 
79 44 
79 74 
79 45 
79 78 
79 54 
79 4 
79 68 
79 59 
79 46 
79 30 
79 6 
79 0 
79 52 
79 29 
79 56 
79 10 
79 75 
79 20 
79 41 
79 47 
79 81 
79 58 
79 77 
79 64 
79 67 
79 50 
79 36 
79 25 
79 42 
79 76 
79 73 
79 14 
79 34 
79 11 
79 49 
79 38 
79 53 
79 31 
79 15 
79 27 
79 9 
79 13 
79 32 
79 55 
79 12 
79 40 
79 48 
79 16 
79 7 
79 39 
79 80 
79 43 
79 72 
79 28 
79 66 
79 17 
79 2 
79 22 
79 3 
79 65 
79 71 
80 14 
80 11 
80 68 
80 8 
80 52 
80 49 
80 69 
80 18 
80 16 
80 0 
80 48 
80 17 
80 19 
80 56 
80 71 
80 51 
80 26 
80 2 
80 46 
80 10 
80 4 
80 24 
80 39 
80 35 
80 36 
80 22 
80 6 
80 64 
80 31 
80 81 
80 29 
80 65 
80 57 
80 75 
80 32 
80 34 
80 41 
80 44 
80 76 
80 38 
80 27 
80 78 
80 62 
80 21 
80 77 
80 40 
80 20 
80 43 
80 55 
80 3 
80 13 
80 33 
80 9 
80 37 
80 25 
80 74 
80 67 
80 60 
80 15 
80 50 
80 79 
80 5 
80 28 
80 47 
80 12 
80 66 
80 53 
80 70 
80 1 
80 54 
81 10 
81 22 
81 69 
81 5 
81 27 
81 40 
81 42 
81 46 
81 6 
81 4 
81 1 
81 36 
81 45 
81 53 
81 51 
81 12 
81 31 
81 61 
81 34 
81 54 
81 26 
81 44 
81 66 
81 29 
81 75 
81 76 
81 80 
81 57 
81 13 
81 64 
81 55 
81 37 
81 47 
81 35 
81 59 
81 79 
81 56 
81 7 
81 0 
81 72 
81 19 
81 8 
81 49 
81 68 
81 17 
81 67 
81 60 
81 62 
81 65 
81 16 
81 21 
81 9 
81 32 
81 18 
81 38 
81 74 
81 71 
81 78 
81 41 
81 33 
81 20 
81 43 
81 52 
81 23 
81 24 
