0 71 
0 82 
0 54 
0 69 
0 3 
0 60 
0 10 
0 30 
0 11 
0 28 
0 44 
0 45 
0 64 
0 38 
0 49 
0 24 
0 34 
0 67 
0 78 
0 6 
0 58 
0 46 
0 7 
0 41 
0 21 
0 29 
0 36 
0 14 
0 17 
0 9 
0 31 
0 80 
0 47 
0 1 
0 12 
0 2 
0 20 
0 37 
0 59 
0 8 
0 65 
0 53 
0 63 
0 13 
0 19 
0 43 
0 61 
0 75 
0 42 
0 73 
0 35 
0 74 
0 27 
0 56 
0 62 
1 81 
1 50 
1 84 
1 47 
1 76 
1 48 
1 25 
1 2 
1 19 
1 35 
1 69 
1 40 
1 39 
1 43 
1 54 
1 57 
1 65 
1 75 
1 63 
1 42 
1 31 
1 66 
1 34 
1 33 
1 0 
1 72 
1 44 
1 17 
1 20 
1 4 
1 49 
1 26 
1 80 
1 46 
1 11 
1 53 
1 12 
1 21 
1 14 
1 45 
1 24 
1 64 
1 29 
1 27 
1 3 
1 60 
1 68 
1 15 
1 55 
1 41 
1 30 
1 71 
1 61 
1 6 
1 51 
1 73 
1 78 
1 7 
1 67 
1 74 
1 10 
1 37 
2 63 
2 43 
2 59 
2 70 
2 34 
2 35 
2 36 
2 75 
2 51 
2 1 
2 32 
2 77 
2 46 
2 50 
2 84 
2 53 
2 52 
2 58 
2 48 
2 57 
2 14 
2 62 
2 24 
2 33 
2 27 
2 45 
2 16 
2 25 
2 10 
2 72 
2 12 
2 0 
2 28 
2 15 
2 47 
2 23 
2 20 
2 40 
2 22 
2 83 
2 66 
2 56 
2 26 
2 9 
2 11 
2 82 
2 54 
2 3 
2 73 
2 39 
2 61 
2 38 
2 21 
2 18 
2 76 
2 55 
2 44 
2 65 
2 79 
2 71 
2 19 
2 49 
2 67 
2 78 
2 30 
2 37 
2 69 
2 17 
3 0 
3 19 
3 13 
3 75 
3 53 
3 17 
3 66 
3 8 
3 21 
3 37 
3 34 
3 29 
3 72 
3 46 
3 71 
3 33 
3 32 
3 30 
3 77 
3 42 
3 80 
3 62 
3 31 
3 48 
3 78 
3 70 
3 45 
3 24 
3 58 
3 7 
3 59 
3 79 
3 56 
3 64 
3 67 
3 5 
3 81 
3 74 
3 2 
3 40 
3 1 
3 36 
3 51 
3 52 
3 28 
3 10 
3 54 
3 68 
3 50 
3 76 
3 49 
3 41 
3 38 
3 14 
3 22 
3 26 
3 44 
3 65 
3 18 
3 15 
3 83 
3 82 
3 25 
3 39 
3 20 
3 11 
3 35 
3 61 
3 73 
4 70 
4 72 
4 79 
4 16 
4 27 
4 10 
4 42 
4 19 
4 55 
4 82 
4 39 
4 46 
4 47 
4 53 
4 75 
4 37 
4 5 
4 38 
4 23 
4 84 
4 73 
4 54 
4 1 
4 43 
4 36 
4 67 
4 59 
4 15 
4 26 
4 18 
4 25 
4 80 
4 68 
4 28 
4 62 
4 60 
4 31 
4 20 
4 51 
4 50 
4 52 
4 58 
4 24 
4 57 
4 61 
4 32 
4 65 
4 17 
4 9 
4 40 
4 45 
4 33 
4 14 
4 76 
4 71 
4 41 
4 6 
4 8 
4 48 
4 44 
4 13 
4 69 
4 83 
4 34 
4 78 
5 21 
5 6 
5 54 
5 28 
5 57 
5 60 
5 13 
5 78 
5 25 
5 17 
5 22 
5 72 
5 10 
5 4 
5 82 
5 71 
5 58 
5 63 
5 32 
5 31 
5 33 
5 84 
5 29 
5 38 
5 26 
5 52 
5 62 
5 73 
5 7 
5 47 
5 9 
5 80 
5 15 
5 3 
5 45 
5 27 
5 76 
5 75 
5 65 
5 64 
5 16 
5 35 
5 37 
5 61 
5 34 
5 81 
5 67 
5 40 
5 50 
5 74 
5 20 
5 77 
5 68 
5 23 
5 14 
5 66 
5 44 
5 83 
5 42 
5 19 
6 33 
6 5 
6 12 
6 7 
6 50 
6 65 
6 41 
6 45 
6 14 
6 79 
6 78 
6 32 
6 0 
6 73 
6 52 
6 77 
6 35 
6 69 
6 53 
6 29 
6 44 
6 82 
6 63 
6 51 
6 67 
6 9 
6 47 
6 70 
6 57 
6 48 
6 56 
6 40 
6 28 
6 55 
6 38 
6 36 
6 37 
6 80 
6 20 
6 8 
6 21 
6 27 
6 83 
6 25 
6 59 
6 84 
6 1 
6 31 
6 39 
6 13 
6 4 
6 17 
6 43 
6 46 
6 66 
6 30 
6 22 
7 40 
7 33 
7 6 
7 70 
7 36 
7 38 
7 58 
7 42 
7 0 
7 15 
7 43 
7 81 
7 60 
7 47 
7 5 
7 44 
7 53 
7 66 
7 27 
7 50 
7 78 
7 3 
7 63 
7 65 
7 49 
7 21 
7 23 
7 11 
7 39 
7 72 
7 22 
7 84 
7 30 
7 75 
7 80 
7 57 
7 71 
7 10 
7 59 
7 31 
7 25 
7 8 
7 61 
7 62 
7 14 
7 83 
7 64 
7 13 
7 29 
7 67 
7 24 
7 1 
7 9 
7 48 
7 20 
7 37 
7 74 
7 45 
7 26 
8 49 
8 64 
8 22 
8 26 
8 42 
8 78 
8 43 
8 3 
8 76 
8 35 
8 59 
8 23 
8 82 
8 13 
8 70 
8 12 
8 18 
8 73 
8 39 
8 37 
8 67 
8 53 
8 33 
8 62 
8 10 
8 75 
8 34 
8 84 
8 0 
8 52 
8 31 
8 66 
8 47 
8 55 
8 6 
8 25 
8 9 
8 40 
8 21 
8 44 
8 50 
8 72 
8 80 
8 7 
8 45 
8 48 
8 74 
8 79 
8 83 
8 63 
8 77 
8 11 
8 54 
8 71 
8 41 
8 20 
8 69 
8 4 
8 32 
8 24 
8 15 
8 81 
8 65 
8 19 
9 10 
9 52 
9 61 
9 19 
9 13 
9 40 
9 38 
9 15 
9 12 
9 56 
9 71 
9 63 
9 45 
9 76 
9 74 
9 0 
9 26 
9 48 
9 25 
9 31 
9 6 
9 66 
9 34 
9 72 
9 5 
9 53 
9 30 
9 77 
9 54 
9 50 
9 36 
9 2 
9 11 
9 16 
9 29 
9 84 
9 21 
9 46 
9 24 
9 80 
9 41 
9 23 
9 8 
9 37 
9 51 
9 32 
9 43 
9 55 
9 27 
9 78 
9 58 
9 49 
9 4 
9 75 
9 83 
9 73 
9 7 
9 64 
9 18 
9 62 
9 22 
9 33 
9 67 
9 17 
10 63 
10 60 
10 29 
10 0 
10 4 
10 71 
10 53 
10 9 
10 64 
10 46 
10 15 
10 19 
10 25 
10 36 
10 5 
10 73 
10 26 
10 43 
10 70 
10 37 
10 2 
10 56 
10 24 
10 82 
10 16 
10 55 
10 45 
10 8 
10 80 
10 40 
10 59 
10 22 
10 49 
10 78 
10 13 
10 11 
10 42 
10 28 
10 84 
10 32 
10 23 
10 38 
10 67 
10 65 
10 35 
10 3 
10 7 
10 77 
10 54 
10 48 
10 81 
10 31 
10 75 
10 44 
10 39 
10 72 
10 12 
10 61 
10 58 
10 79 
10 21 
10 1 
10 74 
11 36 
11 54 
11 0 
11 51 
11 29 
11 61 
11 16 
11 83 
11 63 
11 27 
11 62 
11 12 
11 59 
11 43 
11 28 
11 69 
11 26 
11 25 
11 56 
11 80 
11 1 
11 15 
11 68 
11 60 
11 30 
11 81 
11 82 
11 55 
11 7 
11 47 
11 84 
11 46 
11 2 
11 23 
11 35 
11 21 
11 9 
11 65 
11 10 
11 67 
11 14 
11 64 
11 53 
11 52 
11 41 
11 44 
11 42 
11 40 
11 24 
11 8 
11 38 
11 18 
11 45 
11 71 
11 50 
11 3 
11 22 
11 75 
11 70 
11 57 
11 48 
12 63 
12 83 
12 6 
12 25 
12 82 
12 42 
12 59 
12 49 
12 30 
12 66 
12 52 
12 9 
12 56 
12 11 
12 23 
12 46 
12 74 
12 21 
12 64 
12 14 
12 35 
12 8 
12 58 
12 40 
12 0 
12 2 
12 33 
12 50 
12 16 
12 71 
12 1 
12 65 
12 79 
12 47 
12 24 
12 73 
12 41 
12 67 
12 81 
12 32 
12 55 
12 17 
12 75 
12 80 
12 70 
12 78 
12 31 
12 77 
12 57 
12 27 
12 69 
12 29 
12 44 
12 10 
12 18 
12 84 
12 39 
12 51 
12 54 
12 76 
12 53 
12 37 
13 73 
13 63 
13 76 
13 62 
13 37 
13 3 
13 66 
13 5 
13 65 
13 26 
13 9 
13 22 
13 60 
13 17 
13 24 
13 84 
13 52 
13 74 
13 75 
13 20 
13 78 
13 59 
13 8 
13 25 
13 31 
13 32 
13 69 
13 67 
13 49 
13 41 
13 35 
13 58 
13 29 
13 27 
13 56 
13 34 
13 21 
13 10 
13 54 
13 82 
13 39 
13 43 
13 0 
13 61 
13 33 
13 45 
13 81 
13 57 
13 44 
13 38 
13 7 
13 77 
13 42 
13 40 
13 72 
13 6 
13 71 
13 4 
13 36 
13 48 
14 45 
14 20 
14 57 
14 6 
14 41 
14 39 
14 69 
14 70 
14 74 
14 2 
14 59 
14 0 
14 12 
14 32 
14 68 
14 35 
14 17 
14 81 
14 29 
14 76 
14 71 
14 34 
14 82 
14 73 
14 37 
14 18 
14 15 
14 1 
14 49 
14 51 
14 63 
14 25 
14 46 
14 56 
14 21 
14 83 
14 16 
14 19 
14 11 
14 26 
14 54 
14 79 
14 28 
14 60 
14 7 
14 53 
14 47 
14 3 
14 67 
14 55 
14 48 
14 42 
14 23 
14 40 
14 4 
14 61 
14 80 
14 5 
14 78 
14 44 
14 33 
14 65 
14 22 
15 69 
15 82 
15 56 
15 30 
15 25 
15 40 
15 50 
15 10 
15 52 
15 9 
15 76 
15 36 
15 7 
15 74 
15 64 
15 53 
15 44 
15 32 
15 17 
15 65 
15 21 
15 2 
15 77 
15 42 
15 58 
15 20 
15 29 
15 18 
15 14 
15 11 
15 4 
15 72 
15 66 
15 22 
15 70 
15 71 
15 5 
15 37 
15 80 
15 43 
15 23 
15 28 
15 19 
15 33 
15 1 
15 79 
15 47 
15 61 
15 55 
15 46 
15 27 
15 60 
15 75 
15 84 
15 35 
15 3 
15 63 
15 8 
15 24 
15 48 
15 81 
15 34 
15 62 
16 4 
16 29 
16 66 
16 72 
16 36 
16 37 
16 64 
16 11 
16 68 
16 51 
16 55 
16 74 
16 62 
16 56 
16 57 
16 17 
16 60 
16 33 
16 32 
16 83 
16 20 
16 30 
16 2 
16 24 
16 21 
16 81 
16 70 
16 23 
16 77 
16 18 
16 12 
16 76 
16 43 
16 10 
16 61 
16 54 
16 38 
16 82 
16 42 
16 75 
16 31 
16 39 
16 40 
16 46 
16 5 
16 9 
16 65 
16 52 
16 14 
16 22 
16 27 
16 34 
16 41 
16 35 
16 78 
16 84 
16 73 
16 28 
16 25 
16 48 
16 45 
16 26 
16 59 
17 75 
17 82 
17 73 
17 29 
17 67 
17 83 
17 49 
17 57 
17 3 
17 44 
17 24 
17 13 
17 5 
17 66 
17 16 
17 47 
17 36 
17 79 
17 77 
17 0 
17 32 
17 68 
17 14 
17 58 
17 15 
17 56 
17 84 
17 78 
17 72 
17 1 
17 33 
17 18 
17 54 
17 27 
17 61 
17 48 
17 65 
17 40 
17 22 
17 34 
17 20 
17 38 
17 46 
17 21 
17 12 
17 42 
17 19 
17 31 
17 80 
17 35 
17 70 
17 81 
17 50 
17 64 
17 74 
17 25 
17 63 
17 4 
17 76 
17 59 
17 39 
17 6 
17 43 
17 28 
17 37 
17 41 
17 71 
17 9 
17 2 
18 28 
18 39 
18 79 
18 65 
18 55 
18 61 
18 37 
18 56 
18 38 
18 46 
18 30 
18 36 
18 41 
18 27 
18 75 
18 83 
18 76 
18 33 
18 67 
18 73 
18 8 
18 64 
18 16 
18 17 
18 72 
18 50 
18 21 
18 63 
18 80 
18 15 
18 68 
18 82 
18 40 
18 84 
18 78 
18 14 
18 44 
18 4 
18 77 
18 53 
18 69 
18 45 
18 47 
18 24 
18 71 
18 49 
18 52 
18 2 
18 43 
18 81 
18 29 
18 25 
18 19 
18 22 
18 51 
18 74 
18 66 
18 60 
18 58 
18 3 
18 34 
18 11 
18 9 
18 12 
18 70 
19 30 
19 4 
19 27 
19 3 
19 41 
19 9 
19 54 
19 1 
19 32 
19 60 
19 23 
19 10 
19 83 
19 21 
19 33 
19 29 
19 70 
19 59 
19 35 
19 84 
19 73 
19 58 
19 64 
19 36 
19 69 
19 20 
19 77 
19 62 
19 44 
19 56 
19 50 
19 28 
19 80 
19 57 
19 39 
19 55 
19 78 
19 65 
19 15 
19 37 
19 68 
19 71 
19 0 
19 14 
19 61 
19 17 
19 45 
19 18 
19 74 
19 2 
19 48 
19 38 
19 22 
19 63 
19 53 
19 81 
19 72 
19 26 
19 43 
19 5 
19 8 
20 68 
20 31 
20 21 
20 78 
20 14 
20 35 
20 51 
20 67 
20 38 
20 26 
20 24 
20 27 
20 32 
20 16 
20 36 
20 69 
20 83 
20 50 
20 13 
20 30 
20 19 
20 56 
20 59 
20 1 
20 0 
20 15 
20 61 
20 2 
20 72 
20 48 
20 54 
20 17 
20 25 
20 41 
20 46 
20 22 
20 57 
20 6 
20 63 
20 4 
20 62 
20 39 
20 28 
20 42 
20 80 
20 53 
20 5 
20 66 
20 37 
20 47 
20 8 
20 65 
20 3 
20 7 
20 76 
20 70 
20 75 
20 40 
21 5 
21 51 
21 23 
21 81 
21 20 
21 41 
21 52 
21 3 
21 19 
21 0 
21 12 
21 32 
21 16 
21 63 
21 60 
21 37 
21 83 
21 40 
21 15 
21 24 
21 73 
21 54 
21 38 
21 84 
21 18 
21 48 
21 1 
21 7 
21 25 
21 39 
21 61 
21 13 
21 64 
21 11 
21 31 
21 71 
21 17 
21 68 
21 57 
21 14 
21 26 
21 9 
21 29 
21 6 
21 33 
21 59 
21 46 
21 8 
21 2 
21 55 
21 66 
21 56 
21 28 
21 67 
21 65 
21 30 
21 35 
21 44 
21 78 
21 10 
21 42 
22 71 
22 32 
22 35 
22 44 
22 48 
22 8 
22 38 
22 81 
22 37 
22 66 
22 13 
22 65 
22 41 
22 45 
22 50 
22 5 
22 75 
22 30 
22 76 
22 84 
22 34 
22 46 
22 27 
22 25 
22 49 
22 24 
22 47 
22 42 
22 15 
22 2 
22 17 
22 55 
22 83 
22 10 
22 79 
22 59 
22 20 
22 7 
22 43 
22 60 
22 64 
22 62 
22 16 
22 54 
22 28 
22 39 
22 73 
22 68 
22 18 
22 3 
22 33 
22 61 
22 36 
22 51 
22 53 
22 40 
22 82 
22 19 
22 72 
22 9 
22 11 
22 67 
22 52 
22 57 
22 14 
22 6 
22 31 
23 21 
23 39 
23 73 
23 19 
23 38 
23 8 
23 12 
23 72 
23 59 
23 42 
23 31 
23 4 
23 79 
23 36 
23 56 
23 54 
23 78 
23 16 
23 30 
23 76 
23 40 
23 2 
23 55 
23 29 
23 24 
23 48 
23 81 
23 7 
23 61 
23 69 
23 34 
23 11 
23 15 
23 52 
23 41 
23 70 
23 60 
23 63 
23 10 
23 44 
23 75 
23 9 
23 49 
23 26 
23 47 
23 77 
23 25 
23 71 
23 68 
23 83 
23 33 
23 14 
23 37 
23 62 
23 5 
23 57 
23 45 
23 51 
24 31 
24 44 
24 27 
24 46 
24 79 
24 70 
24 35 
24 84 
24 60 
24 71 
24 0 
24 26 
24 47 
24 17 
24 13 
24 29 
24 20 
24 2 
24 34 
24 41 
24 16 
24 81 
24 33 
24 76 
24 10 
24 21 
24 3 
24 22 
24 32 
24 65 
24 59 
24 23 
24 36 
24 61 
24 1 
24 12 
24 45 
24 58 
24 80 
24 42 
24 64 
24 72 
24 49 
24 9 
24 18 
24 4 
24 77 
24 82 
24 69 
24 62 
24 11 
24 40 
24 50 
24 53 
24 54 
24 74 
24 7 
24 55 
24 25 
24 8 
24 15 
24 48 
24 37 
25 52 
25 12 
25 51 
25 46 
25 30 
25 15 
25 1 
25 5 
25 83 
25 58 
25 10 
25 48 
25 65 
25 66 
25 53 
25 27 
25 26 
25 2 
25 11 
25 9 
25 55 
25 13 
25 38 
25 54 
25 22 
25 42 
25 68 
25 76 
25 80 
25 64 
25 43 
25 32 
25 34 
25 78 
25 59 
25 21 
25 4 
25 20 
25 14 
25 72 
25 50 
25 82 
25 8 
25 6 
25 63 
25 44 
25 70 
25 7 
25 77 
25 74 
25 18 
25 23 
25 69 
25 56 
25 17 
25 60 
25 16 
25 49 
25 3 
25 28 
25 24 
25 29 
25 81 
26 28 
26 38 
26 8 
26 41 
26 59 
26 63 
26 55 
26 72 
26 76 
26 13 
26 24 
26 77 
26 20 
26 58 
26 79 
26 29 
26 10 
26 51 
26 11 
26 49 
26 9 
26 25 
26 65 
26 64 
26 5 
26 66 
26 62 
26 84 
26 1 
26 70 
26 57 
26 68 
26 4 
26 39 
26 52 
26 2 
26 35 
26 74 
26 34 
26 80 
26 32 
26 21 
26 82 
26 14 
26 23 
26 40 
26 44 
26 73 
26 53 
26 78 
26 71 
26 3 
26 33 
26 27 
26 61 
26 16 
26 42 
26 19 
26 7 
27 54 
27 4 
27 24 
27 19 
27 41 
27 77 
27 63 
27 60 
27 64 
27 40 
27 11 
27 39 
27 18 
27 84 
27 20 
27 36 
27 31 
27 66 
27 38 
27 2 
27 25 
27 30 
27 43 
27 22 
27 29 
27 65 
27 55 
27 83 
27 56 
27 17 
27 7 
27 53 
27 52 
27 80 
27 33 
27 5 
27 13 
27 79 
27 47 
27 45 
27 1 
27 51 
27 76 
27 6 
27 57 
27 16 
27 35 
27 15 
27 28 
27 48 
27 12 
27 9 
27 73 
27 67 
27 71 
27 26 
27 68 
27 0 
27 37 
28 26 
28 18 
28 81 
28 57 
28 59 
28 5 
28 69 
28 53 
28 0 
28 74 
28 72 
28 30 
28 75 
28 54 
28 84 
28 49 
28 68 
28 35 
28 70 
28 83 
28 42 
28 82 
28 11 
28 39 
28 60 
28 51 
28 2 
28 19 
28 40 
28 65 
28 50 
28 6 
28 73 
28 77 
28 62 
28 4 
28 46 
28 15 
28 10 
28 48 
28 29 
28 76 
28 78 
28 71 
28 3 
28 22 
28 47 
28 20 
28 41 
28 27 
28 21 
28 14 
28 58 
28 16 
28 63 
28 45 
28 25 
28 17 
28 66 
28 44 
29 42 
29 60 
29 16 
29 17 
29 10 
29 77 
29 34 
29 70 
29 11 
29 46 
29 78 
29 24 
29 76 
29 74 
29 68 
29 26 
29 19 
29 49 
29 55 
29 71 
29 3 
29 6 
29 0 
29 80 
29 5 
29 47 
29 30 
29 27 
29 36 
29 14 
29 32 
29 44 
29 15 
29 23 
29 83 
29 79 
29 69 
29 31 
29 84 
29 39 
29 13 
29 64 
29 1 
29 37 
29 52 
29 9 
29 21 
29 28 
29 67 
29 66 
29 50 
29 54 
29 35 
29 45 
29 82 
29 18 
29 62 
29 53 
29 56 
29 7 
29 33 
29 72 
29 12 
29 25 
29 40 
29 58 
29 59 
30 65 
30 53 
30 19 
30 0 
30 35 
30 41 
30 28 
30 15 
30 46 
30 25 
30 71 
30 36 
30 18 
30 51 
30 47 
30 12 
30 69 
30 80 
30 48 
30 73 
30 83 
30 22 
30 44 
30 16 
30 72 
30 3 
30 20 
30 68 
30 27 
30 67 
30 54 
30 60 
30 34 
30 29 
30 58 
30 57 
30 23 
30 32 
30 82 
30 45 
30 11 
30 9 
30 81 
30 75 
30 43 
30 63 
30 52 
30 7 
30 1 
30 79 
30 64 
30 50 
30 70 
30 49 
30 61 
30 59 
30 21 
30 55 
30 37 
30 2 
30 6 
31 24 
31 77 
31 20 
31 83 
31 46 
31 48 
31 79 
31 68 
31 49 
31 44 
31 59 
31 27 
31 1 
31 45 
31 51 
31 69 
31 23 
31 5 
31 84 
31 34 
31 71 
31 73 
31 0 
31 52 
31 9 
31 3 
31 13 
31 55 
31 38 
31 39 
31 42 
31 58 
31 37 
31 29 
31 75 
31 65 
31 67 
31 36 
31 33 
31 35 
31 66 
31 16 
31 21 
31 54 
31 8 
31 57 
31 81 
31 4 
31 60 
31 74 
31 17 
31 7 
31 12 
31 56 
31 10 
31 6 
31 70 
31 82 
31 41 
31 53 
31 22 
32 33 
32 22 
32 51 
32 67 
32 66 
32 35 
32 60 
32 49 
32 81 
32 55 
32 47 
32 36 
32 19 
32 40 
32 2 
32 6 
32 37 
32 20 
32 16 
32 43 
32 80 
32 34 
32 46 
32 38 
32 72 
32 39 
32 3 
32 5 
32 21 
32 14 
32 17 
32 78 
32 15 
32 69 
32 68 
32 13 
32 77 
32 64 
32 84 
32 29 
32 24 
32 73 
32 44 
32 30 
32 25 
32 50 
32 59 
32 26 
32 12 
32 10 
32 48 
32 9 
32 83 
32 62 
32 42 
32 41 
32 65 
32 70 
32 4 
32 52 
32 82 
32 8 
32 56 
33 57 
33 83 
33 81 
33 32 
33 6 
33 7 
33 56 
33 50 
33 47 
33 45 
33 73 
33 39 
33 67 
33 16 
33 61 
33 19 
33 2 
33 3 
33 5 
33 35 
33 18 
33 62 
33 24 
33 1 
33 36 
33 52 
33 12 
33 17 
33 59 
33 58 
33 72 
33 27 
33 8 
33 48 
33 31 
33 46 
33 37 
33 80 
33 38 
33 82 
33 21 
33 15 
33 64 
33 42 
33 66 
33 13 
33 71 
33 44 
33 63 
33 22 
33 29 
33 68 
33 23 
33 4 
33 26 
33 54 
33 78 
33 79 
33 55 
33 77 
33 14 
33 9 
33 75 
33 65 
34 58 
34 2 
34 55 
34 65 
34 29 
34 46 
34 76 
34 59 
34 83 
34 0 
34 79 
34 77 
34 3 
34 73 
34 56 
34 32 
34 22 
34 24 
34 31 
34 72 
34 30 
34 1 
34 47 
34 82 
34 39 
34 63 
34 68 
34 48 
34 9 
34 14 
34 62 
34 44 
34 17 
34 25 
34 8 
34 51 
34 81 
34 64 
34 13 
34 54 
34 23 
34 26 
34 84 
34 70 
34 38 
34 5 
34 66 
34 53 
34 50 
34 16 
34 52 
34 69 
34 75 
34 43 
34 57 
34 45 
34 18 
34 42 
34 35 
34 4 
34 15 
34 78 
34 74 
35 80 
35 22 
35 59 
35 84 
35 51 
35 2 
35 30 
35 57 
35 24 
35 20 
35 32 
35 41 
35 1 
35 75 
35 40 
35 8 
35 28 
35 6 
35 48 
35 19 
35 66 
35 47 
35 12 
35 53 
35 58 
35 33 
35 14 
35 45 
35 73 
35 55 
35 64 
35 44 
35 60 
35 54 
35 13 
35 50 
35 52 
35 79 
35 31 
35 26 
35 11 
35 71 
35 5 
35 37 
35 68 
35 83 
35 56 
35 29 
35 10 
35 27 
35 16 
35 72 
35 65 
35 17 
35 39 
35 36 
35 15 
35 81 
35 77 
35 21 
35 42 
35 0 
35 38 
35 43 
35 61 
35 34 
35 3 
36 51 
36 11 
36 55 
36 73 
36 40 
36 62 
36 2 
36 7 
36 56 
36 83 
36 16 
36 45 
36 67 
36 30 
36 32 
36 37 
36 81 
36 18 
36 10 
36 15 
36 49 
36 76 
36 27 
36 80 
36 17 
36 20 
36 77 
36 46 
36 0 
36 19 
36 69 
36 75 
36 23 
36 79 
36 33 
36 29 
36 66 
36 57 
36 59 
36 48 
36 4 
36 41 
36 68 
36 24 
36 84 
36 44 
36 6 
36 38 
36 31 
36 9 
36 61 
36 50 
36 60 
36 3 
36 54 
36 63 
36 47 
36 64 
36 22 
36 39 
36 35 
36 74 
36 71 
36 13 
37 13 
37 56 
37 16 
37 18 
37 22 
37 36 
37 65 
37 82 
37 32 
37 3 
37 69 
37 4 
37 58 
37 40 
37 71 
37 10 
37 21 
37 64 
37 38 
37 55 
37 76 
37 46 
37 78 
37 67 
37 62 
37 47 
37 8 
37 81 
37 54 
37 14 
37 31 
37 80 
37 0 
37 15 
37 63 
37 6 
37 45 
37 75 
37 44 
37 33 
37 29 
37 5 
37 35 
37 68 
37 48 
37 19 
37 41 
37 61 
37 9 
37 79 
37 39 
37 83 
37 57 
37 42 
37 20 
37 74 
37 30 
37 60 
37 23 
37 17 
37 49 
37 7 
37 2 
37 27 
37 1 
37 24 
37 12 
38 39 
38 54 
38 26 
38 44 
38 42 
38 77 
38 7 
38 22 
38 0 
38 48 
38 50 
38 18 
38 20 
38 9 
38 41 
38 55 
38 66 
38 23 
38 71 
38 32 
38 76 
38 27 
38 61 
38 4 
38 47 
38 5 
38 37 
38 84 
38 43 
38 25 
38 31 
38 73 
38 21 
38 78 
38 83 
38 6 
38 36 
38 16 
38 82 
38 53 
38 17 
38 33 
38 52 
38 34 
38 2 
38 10 
38 60 
38 40 
38 59 
38 70 
38 49 
38 57 
38 69 
38 3 
38 13 
38 68 
38 11 
38 75 
38 45 
38 19 
38 67 
38 35 
38 80 
38 63 
38 58 
39 38 
39 23 
39 79 
39 18 
39 51 
39 56 
39 83 
39 4 
39 33 
39 58 
39 1 
39 63 
39 27 
39 14 
39 46 
39 71 
39 32 
39 78 
39 28 
39 42 
39 81 
39 34 
39 44 
39 31 
39 41 
39 8 
39 72 
39 45 
39 67 
39 76 
39 77 
39 80 
39 40 
39 26 
39 29 
39 49 
39 82 
39 21 
39 55 
39 7 
39 43 
39 16 
39 19 
39 2 
39 13 
39 47 
39 64 
39 52 
39 20 
39 70 
39 59 
39 37 
39 84 
39 61 
39 22 
39 35 
39 36 
39 10 
39 48 
39 6 
39 17 
39 3 
39 12 
39 50 
40 7 
40 84 
40 57 
40 59 
40 54 
40 36 
40 72 
40 48 
40 67 
40 15 
40 32 
40 1 
40 50 
40 27 
40 9 
40 81 
40 35 
40 68 
40 60 
40 37 
40 75 
40 63 
40 47 
40 65 
40 21 
40 51 
40 12 
40 41 
40 23 
40 28 
40 6 
40 17 
40 18 
40 45 
40 2 
40 42 
40 52 
40 39 
40 43 
40 58 
40 44 
40 79 
40 10 
40 76 
40 16 
40 80 
40 3 
40 49 
40 66 
40 61 
40 8 
40 38 
40 5 
40 55 
40 26 
40 82 
40 77 
40 69 
40 64 
40 11 
40 24 
40 83 
40 22 
40 53 
40 13 
40 73 
40 4 
40 14 
40 78 
40 29 
40 20 
41 78 
41 48 
41 57 
41 27 
41 26 
41 30 
41 35 
41 19 
41 21 
41 6 
41 84 
41 54 
41 14 
41 42 
41 22 
41 38 
41 18 
41 64 
41 0 
41 77 
41 50 
41 24 
41 61 
41 46 
41 76 
41 40 
41 53 
41 39 
41 36 
41 70 
41 13 
41 68 
41 51 
41 56 
41 69 
41 75 
41 83 
41 82 
41 20 
41 12 
41 66 
41 45 
41 23 
41 1 
41 9 
41 37 
41 58 
41 65 
41 16 
41 28 
41 80 
41 47 
41 32 
41 11 
41 3 
41 81 
41 55 
41 49 
41 8 
41 31 
41 4 
41 44 
41 17 
41 62 
41 79 
42 29 
42 66 
42 4 
42 70 
42 38 
42 8 
42 68 
42 58 
42 80 
42 49 
42 12 
42 82 
42 41 
42 7 
42 28 
42 1 
42 79 
42 48 
42 23 
42 46 
42 39 
42 74 
42 3 
42 78 
42 77 
42 59 
42 31 
42 15 
42 25 
42 22 
42 40 
42 43 
42 84 
42 76 
42 44 
42 16 
42 62 
42 56 
42 17 
42 24 
42 10 
42 65 
42 75 
42 64 
42 52 
42 69 
42 33 
42 47 
42 20 
42 32 
42 83 
42 11 
42 45 
42 37 
42 0 
42 57 
42 14 
42 13 
42 35 
42 61 
42 63 
42 34 
42 26 
42 21 
42 5 
43 51 
43 53 
43 2 
43 68 
43 52 
43 63 
43 8 
43 1 
43 83 
43 44 
43 76 
43 32 
43 64 
43 79 
43 10 
43 11 
43 65 
43 78 
43 7 
43 67 
43 56 
43 69 
43 27 
43 46 
43 74 
43 38 
43 47 
43 54 
43 55 
43 70 
43 4 
43 16 
43 42 
43 25 
43 40 
43 62 
43 15 
43 39 
43 30 
43 22 
43 81 
43 13 
43 66 
43 0 
43 61 
43 9 
43 18 
43 34 
43 50 
43 58 
43 57 
43 45 
43 59 
43 17 
43 48 
43 6 
43 73 
43 80 
43 35 
43 71 
43 19 
44 24 
44 49 
44 38 
44 81 
44 46 
44 22 
44 83 
44 55 
44 0 
44 60 
44 52 
44 17 
44 31 
44 43 
44 48 
44 56 
44 82 
44 79 
44 64 
44 6 
44 30 
44 72 
44 15 
44 73 
44 19 
44 39 
44 1 
44 29 
44 7 
44 35 
44 32 
44 36 
44 66 
44 34 
44 18 
44 40 
44 42 
44 37 
44 67 
44 74 
44 61 
44 23 
44 25 
44 8 
44 80 
44 26 
44 84 
44 50 
44 2 
44 47 
44 11 
44 33 
44 13 
44 62 
44 3 
44 10 
44 12 
44 21 
44 68 
44 58 
44 41 
44 14 
44 4 
44 5 
44 65 
44 28 
45 14 
45 58 
45 33 
45 54 
45 36 
45 0 
45 66 
45 62 
45 6 
45 72 
45 22 
45 56 
45 83 
45 75 
45 31 
45 9 
45 76 
45 69 
45 2 
45 35 
45 61 
45 80 
45 84 
45 3 
45 39 
45 78 
45 40 
45 10 
45 30 
45 59 
45 5 
45 1 
45 46 
45 77 
45 37 
45 24 
45 48 
45 64 
45 27 
45 55 
45 41 
45 18 
45 57 
45 29 
45 81 
45 13 
45 8 
45 19 
45 34 
45 42 
45 79 
45 74 
45 43 
45 71 
45 38 
45 4 
45 28 
45 49 
45 11 
45 68 
45 16 
45 23 
45 53 
45 51 
45 7 
45 65 
46 51 
46 62 
46 24 
46 44 
46 31 
46 25 
46 34 
46 64 
46 30 
46 4 
46 29 
46 18 
46 10 
46 65 
46 2 
46 49 
46 39 
46 0 
46 32 
46 3 
46 12 
46 55 
46 54 
46 22 
46 60 
46 36 
46 42 
46 41 
46 53 
46 43 
46 37 
46 83 
46 1 
46 80 
46 74 
46 45 
46 33 
46 58 
46 11 
46 14 
46 17 
46 20 
46 16 
46 28 
46 66 
46 9 
46 68 
46 21 
46 75 
46 78 
46 63 
46 47 
46 15 
46 73 
46 67 
46 52 
46 72 
46 61 
46 69 
46 6 
46 57 
46 70 
46 59 
46 81 
47 1 
47 48 
47 33 
47 4 
47 32 
47 24 
47 30 
47 50 
47 17 
47 78 
47 49 
47 35 
47 38 
47 40 
47 53 
47 63 
47 29 
47 0 
47 34 
47 83 
47 60 
47 43 
47 66 
47 7 
47 73 
47 6 
47 80 
47 2 
47 37 
47 22 
47 65 
47 5 
47 72 
47 58 
47 79 
47 59 
47 51 
47 12 
47 62 
47 61 
47 11 
47 27 
47 82 
47 39 
47 8 
47 75 
47 18 
47 52 
47 15 
47 28 
47 42 
47 46 
47 54 
47 41 
47 36 
47 44 
47 23 
47 14 
47 20 
47 56 
47 69 
48 41 
48 22 
48 47 
48 31 
48 40 
48 73 
48 1 
48 38 
48 78 
48 81 
48 56 
48 72 
48 61 
48 2 
48 58 
48 84 
48 25 
48 44 
48 35 
48 30 
48 42 
48 69 
48 60 
48 9 
48 83 
48 74 
48 76 
48 3 
48 34 
48 6 
48 36 
48 21 
48 17 
48 75 
48 23 
48 33 
48 20 
48 64 
48 63 
48 62 
48 45 
48 59 
48 28 
48 65 
48 37 
48 68 
48 49 
48 32 
48 55 
48 51 
48 8 
48 27 
48 10 
48 70 
48 77 
48 14 
48 19 
48 80 
48 39 
48 16 
48 4 
48 43 
48 54 
48 7 
48 15 
48 24 
48 11 
48 13 
49 74 
49 44 
49 8 
49 57 
49 0 
49 32 
49 65 
49 54 
49 17 
49 42 
49 51 
49 28 
49 31 
49 53 
49 12 
49 46 
49 50 
49 36 
49 29 
49 47 
49 58 
49 75 
49 83 
49 67 
49 26 
49 73 
49 76 
49 1 
49 62 
49 22 
49 77 
49 79 
49 13 
49 59 
49 70 
49 14 
49 39 
49 7 
49 64 
49 66 
49 80 
49 10 
49 78 
49 40 
49 82 
49 84 
49 24 
49 18 
49 48 
49 23 
49 30 
49 3 
49 38 
49 63 
49 2 
49 9 
49 71 
49 41 
49 45 
49 25 
49 37 
50 63 
50 1 
50 69 
50 33 
50 82 
50 6 
50 61 
50 59 
50 15 
50 38 
50 40 
50 2 
50 22 
50 49 
50 76 
50 47 
50 75 
50 41 
50 20 
50 51 
50 71 
50 12 
50 19 
50 60 
50 64 
50 18 
50 7 
50 56 
50 28 
50 35 
50 70 
50 55 
50 32 
50 9 
50 57 
50 36 
50 83 
50 25 
50 74 
50 73 
50 29 
50 4 
50 34 
50 5 
50 3 
50 8 
50 30 
50 53 
50 44 
50 43 
50 17 
50 72 
50 52 
50 24 
50 62 
50 11 
50 39 
50 66 
50 84 
51 52 
51 58 
51 43 
51 21 
51 32 
51 46 
51 36 
51 35 
51 39 
51 67 
51 25 
51 11 
51 2 
51 20 
51 65 
51 49 
51 16 
51 57 
51 55 
51 30 
51 70 
51 59 
51 56 
51 31 
51 75 
51 26 
51 74 
51 50 
51 71 
51 6 
51 64 
51 28 
51 40 
51 53 
51 60 
51 14 
51 81 
51 47 
51 41 
51 34 
51 83 
51 73 
51 79 
51 27 
51 3 
51 4 
51 54 
51 9 
51 48 
51 66 
51 78 
51 72 
51 18 
51 1 
51 80 
51 22 
51 45 
51 12 
51 23 
52 51 
52 25 
52 71 
52 56 
52 78 
52 67 
52 65 
52 74 
52 9 
52 43 
52 44 
52 53 
52 21 
52 15 
52 61 
52 62 
52 84 
52 2 
52 73 
52 13 
52 12 
52 70 
52 55 
52 6 
52 83 
52 59 
52 31 
52 76 
52 5 
52 33 
52 75 
52 27 
52 40 
52 57 
52 63 
52 35 
52 26 
52 82 
52 69 
52 8 
52 23 
52 81 
52 29 
52 54 
52 30 
52 38 
52 42 
52 3 
52 47 
52 16 
52 39 
52 4 
52 34 
52 18 
52 60 
52 11 
52 79 
52 72 
52 46 
52 50 
52 32 
52 80 
52 22 
52 77 
53 43 
53 30 
53 28 
53 10 
53 60 
53 3 
53 63 
53 52 
53 4 
53 49 
53 58 
53 2 
53 65 
53 66 
53 6 
53 78 
53 25 
53 15 
53 56 
53 35 
53 72 
53 47 
53 54 
53 46 
53 67 
53 51 
53 57 
53 41 
53 7 
53 27 
53 80 
53 71 
53 1 
53 8 
53 55 
53 9 
53 70 
53 64 
53 81 
53 38 
53 68 
53 18 
53 0 
53 61 
53 74 
53 34 
53 73 
53 11 
53 50 
53 20 
53 26 
53 29 
53 77 
53 14 
53 76 
53 22 
53 24 
53 40 
53 75 
53 31 
53 19 
53 45 
53 12 
54 27 
54 0 
54 70 
54 40 
54 5 
54 38 
54 58 
54 11 
54 45 
54 69 
54 49 
54 41 
54 28 
54 19 
54 56 
54 82 
54 1 
54 65 
54 46 
54 77 
54 30 
54 53 
54 23 
54 43 
54 4 
54 25 
54 21 
54 17 
54 60 
54 79 
54 37 
54 35 
54 16 
54 20 
54 9 
54 55 
54 34 
54 2 
54 13 
54 73 
54 67 
54 31 
54 52 
54 66 
54 29 
54 22 
54 3 
54 36 
54 51 
54 10 
54 14 
54 47 
54 68 
54 80 
54 74 
54 59 
54 8 
54 78 
54 83 
54 24 
54 33 
54 63 
54 48 
54 72 
54 76 
54 12 
55 68 
55 36 
55 60 
55 34 
55 4 
55 18 
55 44 
55 75 
55 32 
55 26 
55 77 
55 74 
55 51 
55 16 
55 38 
55 52 
55 29 
55 57 
55 46 
55 62 
55 56 
55 66 
55 25 
55 37 
55 58 
55 27 
55 31 
55 43 
55 35 
55 80 
55 73 
55 23 
55 59 
55 10 
55 53 
55 6 
55 82 
55 61 
55 22 
55 50 
55 11 
55 39 
55 79 
55 54 
55 76 
55 19 
55 12 
55 45 
55 8 
55 63 
55 1 
55 83 
55 81 
55 21 
55 48 
55 40 
55 78 
55 15 
55 72 
55 2 
55 70 
55 9 
55 84 
55 67 
55 41 
55 14 
55 30 
55 24 
55 33 
55 65 
56 52 
56 33 
56 39 
56 36 
56 15 
56 78 
56 37 
56 18 
56 48 
56 77 
56 54 
56 16 
56 58 
56 61 
56 45 
56 12 
56 44 
56 9 
56 76 
56 70 
56 34 
56 51 
56 80 
56 73 
56 75 
56 55 
56 43 
56 53 
56 59 
56 62 
56 10 
56 11 
56 20 
56 23 
56 17 
56 19 
56 27 
56 60 
56 57 
56 50 
56 6 
56 84 
56 3 
56 64 
56 72 
56 41 
56 2 
56 13 
56 67 
56 82 
56 14 
56 65 
56 42 
56 69 
56 35 
56 68 
56 81 
56 31 
56 21 
56 29 
56 25 
56 63 
56 66 
56 47 
56 32 
56 0 
57 33 
57 40 
57 28 
57 41 
57 49 
57 81 
57 35 
57 5 
57 14 
57 66 
57 17 
57 51 
57 79 
57 77 
57 16 
57 2 
57 74 
57 1 
57 55 
57 67 
57 84 
57 30 
57 53 
57 59 
57 76 
57 56 
57 36 
57 6 
57 71 
57 26 
57 52 
57 19 
57 82 
57 68 
57 70 
57 50 
57 20 
57 78 
57 21 
57 31 
57 65 
57 27 
57 45 
57 7 
57 37 
57 4 
57 64 
57 38 
57 34 
57 12 
57 43 
57 13 
57 69 
57 63 
57 42 
57 58 
57 80 
57 62 
57 23 
57 46 
57 11 
57 22 
58 51 
58 34 
58 70 
58 45 
58 54 
58 71 
58 76 
58 7 
58 65 
58 42 
58 39 
58 62 
58 25 
58 53 
58 56 
58 2 
58 26 
58 69 
58 48 
58 0 
58 37 
58 49 
58 5 
58 19 
58 35 
58 66 
58 17 
58 12 
58 55 
58 30 
58 31 
58 15 
58 3 
58 33 
58 47 
58 13 
58 40 
58 46 
58 74 
58 24 
58 78 
58 80 
58 41 
58 67 
58 83 
58 4 
58 61 
58 43 
58 77 
58 59 
58 68 
58 82 
58 28 
58 9 
58 18 
58 60 
58 57 
58 44 
58 10 
58 29 
58 38 
58 73 
59 40 
59 28 
59 2 
59 35 
59 70 
59 76 
59 26 
59 65 
59 50 
59 34 
59 73 
59 80 
59 12 
59 31 
59 8 
59 51 
59 11 
59 19 
59 23 
59 72 
59 52 
59 14 
59 13 
59 56 
59 57 
59 20 
59 42 
59 33 
59 55 
59 36 
59 24 
59 3 
59 49 
59 4 
59 68 
59 45 
59 47 
59 25 
59 0 
59 10 
59 32 
59 22 
59 69 
59 79 
59 48 
59 67 
59 83 
59 21 
59 7 
59 39 
59 38 
59 6 
59 81 
59 74 
59 58 
59 54 
59 30 
59 43 
59 64 
59 17 
59 16 
59 46 
59 29 
60 75 
60 29 
60 0 
60 10 
60 55 
60 5 
60 62 
60 27 
60 53 
60 24 
60 32 
60 69 
60 44 
60 65 
60 19 
60 13 
60 16 
60 73 
60 81 
60 40 
60 46 
60 84 
60 48 
60 21 
60 30 
60 28 
60 47 
60 7 
60 56 
60 50 
60 54 
60 35 
60 51 
60 11 
60 63 
60 36 
60 71 
60 1 
60 23 
60 4 
60 22 
60 31 
60 80 
60 38 
60 52 
60 72 
60 15 
60 14 
60 25 
60 18 
60 68 
60 37 
60 58 
60 61 
60 70 
60 67 
61 70 
61 73 
61 50 
61 66 
61 18 
61 80 
61 9 
61 11 
61 52 
61 48 
61 56 
61 33 
61 78 
61 38 
61 41 
61 68 
61 69 
61 45 
61 81 
61 17 
61 20 
61 16 
61 55 
61 24 
61 71 
61 21 
61 23 
61 47 
61 36 
61 76 
61 75 
61 64 
61 2 
61 44 
61 40 
61 5 
61 53 
61 15 
61 37 
61 19 
61 13 
61 67 
61 84 
61 43 
61 0 
61 58 
61 7 
61 30 
61 39 
61 4 
61 77 
61 1 
61 22 
61 72 
61 83 
61 42 
61 14 
61 46 
61 26 
61 10 
61 35 
61 60 
61 3 
62 77 
62 46 
62 83 
62 13 
62 78 
62 36 
62 60 
62 71 
62 45 
62 58 
62 16 
62 11 
62 52 
62 69 
62 2 
62 84 
62 55 
62 56 
62 19 
62 33 
62 3 
62 79 
62 63 
62 65 
62 5 
62 76 
62 26 
62 37 
62 49 
62 75 
62 34 
62 8 
62 43 
62 42 
62 28 
62 47 
62 48 
62 80 
62 4 
62 68 
62 22 
62 82 
62 20 
62 72 
62 32 
62 29 
62 81 
62 7 
62 24 
62 44 
62 50 
62 74 
62 23 
62 57 
62 41 
62 9 
62 66 
62 15 
62 0 
63 12 
63 10 
63 50 
63 2 
63 13 
63 69 
63 80 
63 27 
63 72 
63 26 
63 53 
63 43 
63 39 
63 11 
63 1 
63 9 
63 5 
63 83 
63 40 
63 21 
63 47 
63 6 
63 62 
63 34 
63 78 
63 74 
63 18 
63 7 
63 52 
63 60 
63 37 
63 48 
63 14 
63 70 
63 30 
63 0 
63 23 
63 55 
63 20 
63 75 
63 66 
63 71 
63 25 
63 46 
63 65 
63 36 
63 33 
63 8 
63 68 
63 57 
63 56 
63 17 
63 49 
63 28 
63 15 
63 42 
63 54 
63 19 
63 64 
63 79 
63 77 
63 38 
64 77 
64 65 
64 8 
64 46 
64 0 
64 27 
64 16 
64 10 
64 74 
64 69 
64 72 
64 43 
64 41 
64 78 
64 44 
64 15 
64 19 
64 12 
64 26 
64 75 
64 51 
64 37 
64 32 
64 18 
64 50 
64 35 
64 25 
64 3 
64 56 
64 53 
64 49 
64 48 
64 34 
64 73 
64 21 
64 29 
64 1 
64 45 
64 61 
64 5 
64 24 
64 42 
64 33 
64 39 
64 22 
64 84 
64 11 
64 30 
64 36 
64 57 
64 40 
64 81 
64 7 
64 17 
64 67 
64 66 
64 59 
64 76 
64 9 
64 63 
65 30 
65 18 
65 64 
65 34 
65 52 
65 71 
65 6 
65 76 
65 49 
65 58 
65 59 
65 78 
65 51 
65 13 
65 60 
65 22 
65 46 
65 37 
65 53 
65 1 
65 68 
65 54 
65 79 
65 25 
65 43 
65 82 
65 26 
65 40 
65 62 
65 15 
65 27 
65 81 
65 24 
65 47 
65 17 
65 67 
65 28 
65 74 
65 12 
65 31 
65 7 
65 69 
65 73 
65 0 
65 56 
65 5 
65 19 
65 11 
65 42 
65 48 
65 57 
65 16 
65 10 
65 41 
65 63 
65 35 
65 83 
65 2 
65 32 
65 21 
65 4 
65 3 
65 20 
65 70 
65 44 
65 14 
65 75 
65 55 
65 77 
65 8 
65 45 
65 66 
65 33 
66 42 
66 71 
66 73 
66 16 
66 76 
66 32 
66 13 
66 57 
66 45 
66 61 
66 3 
66 22 
66 70 
66 77 
66 12 
66 17 
66 38 
66 69 
66 53 
66 27 
66 35 
66 25 
66 1 
66 55 
66 58 
66 82 
66 47 
66 36 
66 26 
66 79 
66 9 
66 7 
66 15 
66 44 
66 2 
66 49 
66 31 
66 41 
66 40 
66 8 
66 54 
66 46 
66 43 
66 63 
66 29 
66 33 
66 34 
66 67 
66 78 
66 21 
66 51 
66 84 
66 68 
66 20 
66 81 
66 18 
66 64 
66 56 
66 74 
66 83 
66 5 
66 6 
66 62 
66 50 
66 28 
66 65 
66 75 
67 32 
67 51 
67 52 
67 17 
67 40 
67 36 
67 81 
67 33 
67 20 
67 75 
67 0 
67 70 
67 57 
67 49 
67 72 
67 43 
67 30 
67 53 
67 18 
67 6 
67 37 
67 83 
67 76 
67 39 
67 4 
67 13 
67 65 
67 8 
67 3 
67 31 
67 74 
67 68 
67 56 
67 44 
67 12 
67 54 
67 59 
67 80 
67 79 
67 29 
67 10 
67 11 
67 66 
67 58 
67 61 
67 5 
67 46 
67 21 
67 55 
67 71 
67 14 
67 64 
67 73 
67 27 
67 7 
67 2 
67 38 
67 78 
67 82 
67 1 
67 22 
67 9 
67 60 
68 55 
68 20 
68 42 
68 43 
68 31 
68 16 
68 28 
68 29 
68 65 
68 79 
68 40 
68 71 
68 75 
68 30 
68 61 
68 14 
68 17 
68 32 
68 34 
68 25 
68 18 
68 36 
68 81 
68 11 
68 59 
68 41 
68 26 
68 84 
68 67 
68 57 
68 53 
68 4 
68 69 
68 21 
68 35 
68 70 
68 37 
68 1 
68 76 
68 62 
68 46 
68 48 
68 19 
68 3 
68 56 
68 66 
68 54 
68 5 
68 22 
68 78 
68 58 
68 63 
68 38 
68 83 
68 23 
68 33 
68 60 
68 80 
68 44 
68 77 
68 45 
68 27 
69 0 
69 73 
69 15 
69 63 
69 28 
69 50 
69 54 
69 60 
69 76 
69 1 
69 80 
69 14 
69 64 
69 58 
69 30 
69 37 
69 75 
69 66 
69 62 
69 6 
69 20 
69 31 
69 48 
69 11 
69 45 
69 43 
69 36 
69 19 
69 61 
69 32 
69 13 
69 78 
69 81 
69 29 
69 71 
69 65 
69 41 
69 70 
69 52 
69 23 
69 18 
69 68 
69 59 
69 56 
69 42 
69 83 
69 34 
69 40 
69 24 
69 38 
69 25 
69 57 
69 12 
69 8 
69 47 
69 79 
69 46 
69 4 
69 2 
70 4 
70 61 
70 54 
70 74 
70 82 
70 2 
70 7 
70 59 
70 58 
70 42 
70 24 
70 29 
70 80 
70 79 
70 66 
70 67 
70 14 
70 52 
70 51 
70 28 
70 71 
70 56 
70 19 
70 10 
70 8 
70 16 
70 43 
70 6 
70 3 
70 26 
70 41 
70 49 
70 77 
70 15 
70 53 
70 50 
70 72 
70 69 
70 63 
70 57 
70 78 
70 81 
70 75 
70 34 
70 23 
70 68 
70 12 
70 25 
70 39 
70 38 
70 30 
70 55 
70 17 
70 32 
70 48 
70 31 
70 76 
70 65 
70 11 
70 84 
70 18 
70 46 
70 20 
70 60 
70 83 
71 0 
71 22 
71 77 
71 66 
71 52 
71 10 
71 80 
71 73 
71 74 
71 58 
71 65 
71 62 
71 24 
71 30 
71 70 
71 39 
71 38 
71 29 
71 9 
71 5 
71 3 
71 68 
71 37 
71 31 
71 50 
71 51 
71 81 
71 14 
71 79 
71 78 
71 53 
71 12 
71 57 
71 15 
71 69 
71 61 
71 21 
71 60 
71 84 
71 35 
71 18 
71 19 
71 63 
71 28 
71 7 
71 1 
71 33 
71 75 
71 23 
71 2 
71 26 
71 67 
71 82 
71 49 
71 8 
71 45 
71 4 
71 36 
71 27 
71 11 
71 13 
71 17 
71 43 
72 4 
72 77 
72 16 
72 40 
72 63 
72 28 
72 73 
72 26 
72 48 
72 45 
72 64 
72 5 
72 3 
72 23 
72 32 
72 30 
72 59 
72 67 
72 44 
72 80 
72 34 
72 53 
72 1 
72 2 
72 17 
72 81 
72 18 
72 76 
72 39 
72 78 
72 9 
72 47 
72 15 
72 20 
72 33 
72 56 
72 70 
72 25 
72 84 
72 7 
72 24 
72 62 
72 8 
72 35 
72 55 
72 60 
72 75 
72 51 
72 52 
72 83 
72 50 
72 46 
72 29 
72 74 
72 61 
72 10 
72 13 
72 82 
72 22 
72 54 
72 19 
73 17 
73 69 
73 66 
73 13 
73 36 
73 61 
73 71 
73 75 
73 33 
73 48 
73 72 
73 23 
73 79 
73 59 
73 74 
73 52 
73 6 
73 60 
73 81 
73 34 
73 10 
73 30 
73 19 
73 56 
73 49 
73 31 
73 44 
73 35 
73 18 
73 4 
73 5 
73 47 
73 21 
73 8 
73 38 
73 83 
73 55 
73 14 
73 32 
73 28 
73 65 
73 64 
73 51 
73 12 
73 54 
73 80 
73 2 
73 82 
73 50 
73 84 
73 78 
73 26 
73 53 
73 22 
73 46 
73 76 
73 27 
73 16 
73 0 
73 1 
73 67 
73 40 
73 77 
73 9 
73 43 
73 3 
73 58 
74 49 
74 70 
74 71 
74 28 
74 52 
74 76 
74 55 
74 16 
74 64 
74 73 
74 14 
74 29 
74 13 
74 57 
74 15 
74 12 
74 51 
74 9 
74 42 
74 43 
74 77 
74 82 
74 48 
74 63 
74 65 
74 46 
74 80 
74 75 
74 3 
74 67 
74 58 
74 26 
74 50 
74 44 
74 53 
74 31 
74 5 
74 59 
74 25 
74 54 
74 8 
74 19 
74 45 
74 18 
74 17 
74 37 
74 72 
74 62 
74 36 
74 24 
74 66 
74 0 
74 84 
74 7 
74 1 
74 10 
74 34 
75 17 
75 60 
75 73 
75 2 
75 28 
75 3 
75 55 
75 67 
75 35 
75 69 
75 4 
75 13 
75 22 
75 1 
75 18 
75 45 
75 49 
75 68 
75 51 
75 56 
75 40 
75 50 
75 76 
75 36 
75 64 
75 77 
75 62 
75 52 
75 48 
75 78 
75 31 
75 74 
75 81 
75 8 
75 16 
75 41 
75 37 
75 61 
75 5 
75 70 
75 30 
75 42 
75 47 
75 63 
75 23 
75 12 
75 83 
75 7 
75 46 
75 34 
75 71 
75 72 
75 0 
75 10 
75 15 
75 38 
75 9 
75 53 
75 80 
75 11 
75 65 
75 33 
75 20 
75 66 
76 13 
76 66 
76 1 
76 59 
76 58 
76 65 
76 34 
76 74 
76 83 
76 26 
76 69 
76 8 
76 50 
76 15 
76 29 
76 36 
76 43 
76 56 
76 38 
76 45 
76 22 
76 18 
76 9 
76 75 
76 49 
76 41 
76 52 
76 37 
76 62 
76 24 
76 48 
76 23 
76 78 
76 57 
76 14 
76 67 
76 72 
76 16 
76 39 
76 25 
76 42 
76 61 
76 5 
76 40 
76 55 
76 77 
76 27 
76 68 
76 79 
76 28 
76 2 
76 3 
76 73 
76 53 
76 17 
76 64 
76 4 
76 70 
76 54 
76 20 
76 12 
76 82 
77 64 
77 80 
77 71 
77 62 
77 72 
77 31 
77 29 
77 38 
77 27 
77 56 
77 55 
77 2 
77 34 
77 78 
77 26 
77 66 
77 57 
77 81 
77 6 
77 36 
77 41 
77 54 
77 17 
77 19 
77 3 
77 74 
77 42 
77 32 
77 75 
77 15 
77 16 
77 39 
77 49 
77 70 
77 28 
77 45 
77 9 
77 18 
77 76 
77 79 
77 84 
77 10 
77 24 
77 40 
77 25 
77 5 
77 61 
77 23 
77 58 
77 12 
77 53 
77 8 
77 48 
77 13 
77 35 
77 73 
77 68 
77 33 
77 83 
77 63 
77 65 
77 52 
78 41 
78 62 
78 52 
78 20 
78 56 
78 5 
78 65 
78 48 
78 8 
78 29 
78 6 
78 0 
78 77 
78 47 
78 64 
78 61 
78 53 
78 39 
78 43 
78 13 
78 32 
78 42 
78 23 
78 17 
78 69 
78 76 
78 37 
78 63 
78 3 
78 38 
78 71 
78 7 
78 72 
78 45 
78 18 
78 75 
78 25 
78 10 
78 19 
78 49 
78 58 
78 70 
78 57 
78 28 
78 81 
78 73 
78 12 
78 46 
78 83 
78 66 
78 55 
78 51 
78 16 
78 26 
78 68 
78 9 
78 54 
78 1 
78 79 
78 2 
78 67 
78 33 
78 40 
78 14 
78 21 
78 34 
78 4 
79 4 
79 39 
79 18 
79 24 
79 31 
79 83 
79 73 
79 6 
79 70 
79 34 
79 57 
79 82 
79 26 
79 65 
79 68 
79 43 
79 42 
79 17 
79 44 
79 23 
79 62 
79 36 
79 66 
79 71 
79 54 
79 3 
79 49 
79 29 
79 47 
79 35 
79 12 
79 40 
79 27 
79 55 
79 22 
79 51 
79 59 
79 76 
79 77 
79 15 
79 67 
79 30 
79 37 
79 80 
79 8 
79 14 
79 52 
79 2 
79 45 
79 81 
79 78 
79 69 
79 33 
79 41 
79 63 
79 84 
79 10 
80 77 
80 35 
80 63 
80 71 
80 70 
80 61 
80 42 
80 59 
80 69 
80 30 
80 81 
80 36 
80 32 
80 56 
80 29 
80 72 
80 0 
80 3 
80 45 
80 11 
80 47 
80 82 
80 55 
80 1 
80 53 
80 18 
80 39 
80 46 
80 27 
80 25 
80 74 
80 5 
80 19 
80 37 
80 15 
80 10 
80 49 
80 4 
80 62 
80 26 
80 24 
80 73 
80 40 
80 33 
80 6 
80 67 
80 9 
80 60 
80 58 
80 83 
80 12 
80 7 
80 44 
80 79 
80 20 
80 17 
80 41 
80 8 
80 54 
80 51 
80 52 
80 48 
80 75 
80 68 
80 14 
80 57 
80 43 
80 38 
81 33 
81 28 
81 21 
81 1 
81 44 
81 57 
81 67 
81 22 
81 32 
81 48 
81 36 
81 40 
81 77 
81 80 
81 73 
81 60 
81 7 
81 24 
81 14 
81 16 
81 39 
81 65 
81 61 
81 69 
81 71 
81 72 
81 37 
81 68 
81 75 
81 51 
81 23 
81 11 
81 3 
81 34 
81 53 
81 30 
81 70 
81 12 
81 52 
81 43 
81 31 
81 84 
81 78 
81 55 
81 5 
81 45 
81 18 
81 59 
81 13 
81 62 
81 56 
81 10 
81 41 
81 17 
81 64 
81 66 
81 79 
81 35 
81 19 
81 25 
81 15 
81 8 
81 46 
82 0 
82 17 
82 70 
82 15 
82 12 
82 4 
82 50 
82 42 
82 37 
82 79 
82 54 
82 44 
82 28 
82 5 
82 6 
82 8 
82 65 
82 66 
82 74 
82 34 
82 80 
82 10 
82 14 
82 18 
82 30 
82 55 
82 16 
82 11 
82 39 
82 52 
82 57 
82 38 
82 41 
82 56 
82 2 
82 13 
82 49 
82 47 
82 25 
82 26 
82 33 
82 73 
82 62 
82 84 
82 40 
82 29 
82 24 
82 58 
82 71 
82 31 
82 22 
82 32 
82 72 
82 3 
82 67 
82 83 
82 76 
83 33 
83 12 
83 62 
83 31 
83 39 
83 44 
83 36 
83 17 
83 84 
83 76 
83 79 
83 34 
83 11 
83 25 
83 19 
83 43 
83 45 
83 28 
83 16 
83 52 
83 18 
83 30 
83 49 
83 63 
83 20 
83 21 
83 47 
83 48 
83 46 
83 27 
83 73 
83 67 
83 38 
83 29 
83 2 
83 51 
83 22 
83 41 
83 50 
83 14 
83 59 
83 35 
83 55 
83 6 
83 75 
83 80 
83 58 
83 69 
83 32 
83 78 
83 37 
83 65 
83 42 
83 8 
83 7 
83 72 
83 40 
83 68 
83 23 
83 54 
83 61 
83 9 
83 3 
83 66 
83 82 
83 77 
83 5 
83 4 
83 70 
84 40 
84 35 
84 1 
84 24 
84 83 
84 41 
84 28 
84 2 
84 13 
84 52 
84 27 
84 48 
84 19 
84 62 
84 22 
84 31 
84 60 
84 5 
84 57 
84 4 
84 38 
84 17 
84 32 
84 26 
84 45 
84 21 
84 18 
84 36 
84 56 
84 42 
84 68 
84 29 
84 8 
84 11 
84 72 
84 71 
84 34 
84 10 
84 9 
84 49 
84 7 
84 81 
84 77 
84 64 
84 73 
84 61 
84 82 
84 44 
84 6 
84 66 
84 39 
84 16 
84 55 
84 15 
84 12 
84 74 
84 79 
84 70 
84 50 
