0 5 55 19 31 73 30 77 61 37 15 10 71 3 78 83 11 62 6 59 70 44 43 23 33 14 13 20 68 26 79 65 27 86 50 
1 82 67 69 10 55 27 71 70 42 8 5 30 16 74 46 18 49 83 13 15 20 12 73 11 41 53 28 34 40 75 7 56 38 80 62 54 50 58 36 21 4 
2 86 44 52 36 60 31 83 75 25 78 40 30 15 12 50 61 71 39 22 13 37 7 58 66 29 10 82 74 54 27 46 59 84 28 62 4 81 5 67 43 9 20 19 47 63 
3 10 7 85 41 13 71 50 38 17 9 0 46 81 63 80 77 25 51 21 70 19 53 22 58 72 47 5 27 57 78 55 40 68 60 
4 50 9 54 41 69 46 21 60 73 83 40 17 11 67 19 63 23 56 18 42 57 8 55 27 45 84 24 22 53 37 7 86 2 68 65 35 79 85 44 47 1 78 28 
5 0 8 80 17 42 50 1 41 82 26 61 73 85 72 7 28 43 79 47 49 56 14 74 83 19 18 52 55 23 2 34 29 66 32 3 22 20 54 27 11 78 44 
6 28 9 80 54 62 8 13 53 52 76 55 40 21 30 65 78 24 20 51 32 66 23 58 46 70 0 45 42 69 75 47 17 48 73 86 84 14 29 36 35 
7 61 10 45 38 24 3 30 12 46 62 73 86 39 77 19 35 5 74 44 15 41 68 72 37 63 14 32 59 8 16 40 47 2 48 67 21 33 49 81 1 60 4 76 25 84 9 64 85 56 
8 62 25 82 6 5 18 1 26 49 24 10 22 65 55 12 81 68 53 34 44 19 77 57 85 7 13 4 43 74 78 84 51 69 73 23 67 59 31 64 50 86 36 30 46 39 
9 6 51 37 4 73 30 24 74 62 22 3 33 85 39 43 77 82 60 29 48 46 76 34 21 36 28 14 83 78 71 16 2 7 13 58 
10 79 13 60 7 3 42 63 1 49 34 22 37 40 64 8 58 28 0 83 15 59 18 53 24 11 29 71 33 76 19 56 2 80 72 27 68 12 85 45 61 20 77 36 81 62 30 67 
11 38 12 25 64 53 21 4 17 35 59 33 60 16 49 65 57 28 68 54 10 0 19 74 67 61 1 26 34 80 18 71 79 75 50 81 24 58 83 63 47 27 5 14 23 39 
12 84 85 63 11 76 7 54 14 79 36 45 13 8 49 62 43 32 50 2 86 1 68 78 66 29 33 35 75 10 22 17 19 20 83 46 23 51 72 30 39 16 73 65 38 48 70 55 77 26 
13 10 23 6 19 3 65 76 41 46 26 12 78 43 74 84 49 45 39 83 8 1 16 73 15 2 35 56 50 63 36 0 77 47 80 21 71 59 55 82 25 9 38 18 
14 39 29 22 18 42 12 19 40 36 34 79 82 59 66 62 7 31 68 5 24 73 44 71 80 64 0 69 48 9 6 35 15 41 26 86 60 57 11 21 
15 56 42 0 57 27 18 10 62 85 7 35 78 2 1 69 34 75 13 28 30 26 33 36 49 22 25 71 14 46 73 84 60 38 67 53 
16 32 35 27 48 68 79 76 45 1 24 11 84 56 34 26 7 18 77 13 33 80 85 38 29 28 46 55 49 20 9 12 58 52 44 23 42 31 75 
17 34 30 68 85 5 60 20 4 11 51 50 56 37 83 62 3 26 40 86 69 73 31 52 23 25 45 78 65 41 6 27 77 74 32 28 12 70 24 81 43 84 82 35 
18 80 25 8 23 28 50 14 73 76 26 81 52 43 15 30 31 66 4 10 1 75 16 77 36 61 39 51 57 70 20 5 11 83 32 56 67 41 68 47 38 72 48 13 
19 57 0 13 33 65 70 27 14 56 78 7 39 4 54 76 22 8 38 73 21 55 34 11 37 45 30 5 60 10 67 42 3 75 62 66 43 58 12 41 35 72 36 69 48 2 59 
20 63 76 84 30 17 74 6 27 23 40 35 67 65 47 60 51 72 1 33 73 77 43 59 41 56 18 21 45 44 0 37 64 12 10 16 29 57 55 5 61 2 24 31 83 82 
21 80 40 64 22 27 4 6 11 53 28 76 3 19 31 77 39 23 72 7 20 47 9 68 59 13 65 70 60 79 49 52 44 1 35 61 14 41 84 42 
22 80 79 14 32 62 21 10 75 46 8 38 68 86 28 9 19 82 37 49 60 30 55 2 4 76 65 25 44 45 3 15 12 69 29 70 35 56 5 43 48 27 47 
23 67 39 13 72 18 54 55 48 27 38 75 73 20 84 76 6 61 47 56 4 24 40 31 17 69 21 60 0 36 30 74 82 42 33 8 59 5 12 41 43 51 78 11 70 79 16 49 
24 61 7 83 32 9 56 39 8 57 6 54 26 52 16 85 49 31 71 41 23 66 27 10 35 58 81 4 43 14 44 40 46 79 47 11 28 17 38 48 20 75 74 36 
25 8 75 52 11 18 49 27 69 66 44 2 71 29 70 31 51 46 3 26 42 80 84 63 85 39 83 17 47 22 59 33 78 72 64 58 15 7 13 57 73 68 30 43 
26 82 56 33 53 81 66 8 35 42 5 57 24 18 13 69 49 17 36 32 25 16 61 52 15 11 59 65 27 43 0 64 14 77 37 34 78 47 76 71 84 12 
27 64 78 71 81 37 1 16 21 31 82 25 23 19 20 34 33 38 76 62 15 79 46 50 51 24 73 43 53 4 32 17 29 39 26 10 2 80 56 40 0 86 74 3 11 45 36 35 5 22 84 
28 6 74 18 51 77 78 36 70 21 10 60 22 5 45 76 11 37 43 42 73 80 34 57 49 46 52 15 35 1 16 17 54 86 2 9 83 59 69 24 33 79 81 29 4 61 72 
29 48 14 82 43 68 86 37 41 78 35 81 45 83 25 60 66 49 50 73 79 64 10 65 44 2 9 12 27 16 38 31 61 58 22 57 5 20 6 77 30 28 51 47 33 71 
30 31 17 47 9 84 7 76 71 0 54 6 20 1 61 37 18 38 2 51 35 34 53 22 19 36 15 83 74 45 55 23 33 77 82 75 70 50 64 12 62 8 73 29 44 78 25 10 46 48 
31 78 30 57 35 84 49 50 0 61 2 71 27 60 82 69 18 25 85 24 43 74 75 34 67 44 14 79 17 23 21 62 52 54 29 76 33 41 8 46 55 64 63 53 81 20 39 32 16 
32 16 75 22 45 41 86 24 74 72 37 83 6 58 57 64 76 40 44 50 26 80 54 12 46 7 63 43 27 71 78 60 17 38 18 33 49 47 5 42 34 70 31 
33 61 34 85 26 72 79 19 60 27 11 77 75 46 65 9 53 49 86 16 20 63 10 78 42 51 25 12 15 66 7 59 30 0 50 23 84 32 31 74 54 28 80 57 83 43 76 29 47 
34 17 67 53 77 10 33 82 27 64 70 14 86 76 8 31 74 16 19 28 30 15 71 72 11 1 9 75 65 47 50 5 41 36 52 78 32 26 35 80 45 51 
35 54 52 86 31 16 55 76 78 49 80 48 62 29 82 69 51 26 11 79 53 36 70 7 20 74 44 71 15 66 42 63 30 24 46 13 83 28 56 12 50 59 58 73 75 14 4 19 22 37 39 27 21 34 17 6 
36 40 61 43 72 68 39 2 79 28 14 12 35 57 26 67 50 54 44 18 30 69 42 23 15 80 82 13 9 66 46 83 86 8 34 10 19 1 27 6 75 56 53 37 24 
37 9 73 27 86 29 68 10 32 0 78 17 30 77 83 7 47 80 28 22 41 19 82 2 74 67 4 70 20 48 35 59 53 81 26 62 85 36 
38 11 7 52 45 85 22 62 23 39 27 40 3 46 81 30 47 61 72 19 57 56 80 16 29 32 59 70 49 1 24 18 73 71 12 13 15 75 67 
39 14 23 67 36 68 24 75 65 7 38 77 76 19 82 54 63 13 25 52 43 83 21 9 2 18 60 27 40 49 85 79 78 81 61 66 56 42 41 35 12 53 72 8 11 48 31 55 
40 36 43 57 62 21 55 6 58 56 10 4 74 60 73 14 38 84 20 51 42 2 32 17 46 69 49 67 23 82 61 7 52 47 24 72 80 39 27 1 50 59 75 83 65 76 70 3 
41 84 32 4 46 3 29 5 80 71 13 68 7 24 81 37 66 64 79 1 17 47 20 59 51 62 61 18 72 31 73 19 42 34 76 23 14 55 39 74 65 21 83 58 
42 54 10 83 5 1 15 14 26 77 86 46 40 78 66 25 62 4 28 76 35 6 33 43 48 19 36 23 45 57 64 73 49 41 39 52 32 82 16 81 58 21 
43 77 50 40 49 36 29 52 53 18 76 13 5 12 31 80 28 67 65 39 27 9 85 32 8 20 42 24 0 81 74 26 54 69 60 48 19 44 45 56 84 23 79 2 33 17 22 68 25 78 
44 46 2 50 79 49 72 25 83 35 62 7 55 73 32 48 71 8 80 36 31 45 29 78 0 14 24 67 22 20 60 43 4 75 66 21 30 16 58 53 5 
45 7 32 38 47 60 80 86 78 16 29 62 79 12 58 69 28 46 51 77 13 83 75 50 44 19 6 17 4 61 30 20 55 42 22 10 43 27 67 34 53 
46 44 72 41 4 7 81 67 22 42 58 13 38 65 3 27 47 40 25 45 75 61 33 1 32 35 6 28 52 24 16 9 86 2 36 31 12 68 15 8 53 30 
47 63 72 56 79 76 30 45 85 81 46 64 20 5 23 37 38 86 7 25 41 6 40 60 61 62 73 24 21 69 59 13 34 51 18 3 32 67 4 58 11 66 68 49 26 2 29 22 78 33 
48 29 56 75 35 16 23 52 65 44 60 64 73 7 42 59 9 78 49 6 50 14 43 51 37 58 79 24 84 22 19 12 80 39 30 81 18 
49 43 10 31 35 25 76 8 44 77 69 59 26 12 68 11 24 84 29 40 13 58 5 1 22 51 28 64 33 78 7 39 48 15 73 16 42 38 32 55 21 86 47 62 23 70 
50 69 43 84 65 4 31 44 5 18 70 85 17 3 52 76 32 79 29 36 68 72 27 12 45 2 64 80 13 54 35 11 33 48 40 74 82 34 30 8 1 51 0 77 60 73 
51 9 55 65 85 28 35 17 6 40 80 67 25 20 81 45 3 53 27 30 49 78 63 84 57 33 18 41 8 70 47 59 48 61 60 12 62 50 23 29 64 52 34 
52 35 25 38 58 2 6 84 43 75 74 56 24 50 18 67 48 72 39 17 46 28 26 40 71 31 5 82 85 54 83 77 42 21 34 16 57 73 51 
53 34 26 6 11 43 21 35 65 79 59 60 8 83 55 51 75 33 10 27 30 85 4 54 1 84 3 74 66 67 31 77 37 39 46 36 44 45 15 
54 35 42 75 62 6 83 57 76 4 78 23 69 30 12 24 61 60 73 19 70 36 32 85 39 11 82 53 81 50 31 2 72 43 28 52 58 33 55 77 84 1 5 86 
55 51 35 1 0 59 40 6 23 8 81 70 64 44 53 19 65 68 4 22 30 86 45 85 16 5 82 76 54 31 13 83 49 41 20 67 71 62 72 3 39 12 79 
56 62 72 47 48 15 76 26 80 24 40 71 79 52 17 19 74 86 23 16 4 70 38 5 68 61 85 13 10 64 35 20 27 18 1 39 43 22 67 81 36 69 7 
57 19 40 31 54 24 71 26 58 15 32 36 85 11 61 75 8 4 64 38 28 78 86 51 18 74 84 63 42 67 81 76 80 29 70 33 20 73 25 3 14 52 
58 70 52 40 62 68 46 10 57 32 82 45 73 59 49 72 6 84 74 24 65 79 2 85 29 25 35 3 54 11 19 48 61 63 47 1 16 44 9 41 42 
59 71 55 63 11 68 62 49 86 53 10 84 58 14 61 7 65 0 20 78 67 25 48 41 26 35 74 33 85 70 69 40 38 47 2 23 21 51 8 28 66 13 37 75 82 19 
60 10 62 76 2 71 4 45 17 33 31 40 54 28 11 53 81 29 20 48 22 67 19 23 9 78 39 47 32 84 44 73 7 43 61 65 21 51 64 68 14 15 50 3 
61 7 36 24 33 62 69 75 31 80 0 5 54 81 30 73 65 57 23 46 38 59 40 2 26 56 18 85 74 11 68 72 45 47 29 67 41 60 10 39 51 58 20 21 28 77 
62 8 56 60 54 76 61 40 6 22 35 58 7 38 9 45 59 67 27 17 84 44 15 78 70 12 66 14 42 69 0 31 79 47 41 19 2 73 1 51 30 68 49 37 10 55 
63 47 12 10 20 59 4 3 7 39 25 35 32 65 33 67 51 78 13 71 57 82 86 31 84 58 11 83 2 66 
64 27 11 21 66 10 73 34 74 32 55 47 57 48 50 49 29 41 56 79 14 25 42 26 78 20 65 8 31 30 60 77 72 7 51 
65 50 86 51 19 39 6 71 8 13 84 85 83 53 46 61 11 20 48 33 55 43 59 63 29 17 58 22 67 77 26 82 69 81 34 60 68 64 21 73 4 0 41 12 79 40 80 
66 82 75 81 26 83 64 25 6 42 35 29 62 72 14 18 24 84 41 69 68 2 12 33 73 53 71 36 19 39 59 5 79 80 47 44 78 85 63 
67 23 1 34 39 46 4 62 52 51 20 77 72 68 36 40 31 74 43 60 75 11 69 59 63 19 65 7 44 78 37 53 61 18 57 8 2 47 76 55 56 45 10 15 85 38 
68 17 36 29 37 39 16 58 85 59 22 79 41 69 8 49 7 67 11 50 82 55 66 56 14 12 61 10 81 76 0 21 65 18 4 74 86 60 46 62 25 47 43 70 3 80 
69 50 1 76 61 78 4 86 54 35 85 72 25 83 49 26 68 31 71 45 40 17 73 62 15 66 23 67 36 6 8 65 74 14 59 47 43 79 22 82 28 19 56 
70 58 71 1 19 50 78 28 55 34 35 82 54 62 25 84 56 74 6 0 3 86 18 51 59 37 38 17 30 76 21 22 57 32 83 72 68 40 23 12 49 81 75 
71 84 59 27 70 1 74 73 60 30 31 76 56 57 65 3 41 25 0 69 35 81 24 44 2 10 52 34 32 14 11 63 66 13 15 75 9 38 55 26 29 
72 56 47 36 23 46 33 32 69 44 80 5 7 67 66 58 50 38 20 52 21 61 10 40 34 25 54 41 78 3 85 81 12 19 64 18 70 39 76 55 28 83 79 
73 37 9 71 0 4 7 18 64 40 5 23 54 58 61 44 29 17 19 28 69 27 13 20 48 1 14 66 6 47 42 8 60 49 35 41 62 65 38 79 15 57 12 85 25 30 77 52 50 
74 28 82 32 71 9 52 40 20 85 56 64 35 7 13 84 1 31 67 34 70 58 11 78 5 8 61 30 57 2 43 37 23 53 59 17 69 50 33 68 83 27 41 79 81 24 
75 79 54 66 85 25 32 61 48 22 52 39 76 2 23 33 57 46 86 31 83 53 45 18 15 67 6 11 12 19 1 34 80 30 35 82 78 71 40 59 44 36 24 84 38 16 70 
76 62 69 47 35 56 54 12 60 30 6 20 49 71 16 75 18 27 13 39 21 78 43 50 32 34 23 28 19 42 82 10 22 68 9 31 57 7 70 55 41 86 67 33 26 40 72 
77 43 34 80 0 81 28 42 7 49 39 37 33 67 78 3 45 8 83 16 18 21 84 20 9 65 17 30 13 54 53 10 64 52 26 29 73 50 82 61 12 
78 31 27 35 54 69 29 80 70 6 28 45 37 19 2 76 13 62 86 42 15 77 0 51 74 17 33 49 12 44 57 8 59 60 48 32 67 63 25 81 39 64 72 75 84 9 34 26 23 66 30 3 4 5 43 47 83 
79 10 75 83 80 22 47 44 33 16 36 56 12 35 68 45 85 53 14 27 5 50 31 29 62 58 41 64 84 11 39 24 69 0 4 66 48 43 21 73 28 65 74 23 72 55 
80 22 21 79 6 18 56 35 5 78 77 45 61 41 72 51 3 43 32 37 25 44 86 28 16 50 84 10 38 14 11 40 36 27 75 85 13 57 1 33 66 65 48 34 68 
81 27 66 85 26 83 46 29 77 55 47 61 18 8 38 60 3 71 41 51 24 54 43 78 68 7 11 39 65 57 84 2 72 17 37 10 31 28 56 48 74 42 70 
82 26 66 1 29 74 84 8 34 35 27 5 31 58 70 39 14 22 40 68 76 54 37 9 2 36 23 52 65 63 30 85 50 55 75 69 13 59 77 17 42 20 
83 79 24 54 42 81 66 4 2 29 44 69 17 32 10 65 37 53 75 77 0 13 45 1 39 25 5 35 30 18 28 52 36 86 12 11 55 9 74 40 33 70 63 41 72 20 78 
84 12 50 71 82 31 41 30 52 20 65 40 62 23 16 59 74 49 13 25 66 70 58 77 80 4 8 51 57 53 79 60 6 33 2 81 78 43 54 7 63 48 17 75 15 27 26 21 
85 12 75 3 33 17 81 38 51 69 47 50 74 68 5 65 79 15 24 31 57 54 8 25 9 53 43 16 56 61 58 39 59 55 10 52 86 82 80 72 4 73 66 7 37 67 
86 35 2 32 65 37 69 29 7 45 42 56 59 22 34 78 17 75 80 12 33 47 57 70 55 6 46 63 28 85 4 83 36 76 8 0 27 68 14 49 54 
