0 16 
0 54 
0 20 
0 17 
0 90 
0 14 
0 52 
0 73 
0 23 
0 94 
0 31 
1 85 
1 17 
1 49 
1 47 
1 70 
1 35 
1 13 
1 48 
1 7 
2 11 
2 50 
2 40 
2 85 
2 43 
2 25 
2 81 
2 23 
2 80 
2 12 
2 45 
2 31 
2 66 
2 61 
3 71 
3 65 
3 53 
3 93 
3 23 
3 31 
3 15 
3 17 
3 36 
3 38 
4 27 
4 57 
4 81 
4 39 
5 90 
5 81 
5 67 
5 40 
5 13 
5 33 
6 36 
6 42 
6 53 
6 50 
6 88 
6 60 
6 19 
6 16 
6 15 
6 29 
7 66 
7 53 
7 69 
7 81 
7 54 
7 16 
7 8 
7 44 
7 12 
7 1 
8 16 
8 59 
8 40 
8 19 
8 50 
8 49 
8 15 
8 7 
8 34 
8 86 
8 64 
9 12 
9 16 
9 13 
9 70 
9 30 
9 59 
9 24 
9 22 
10 54 
10 85 
10 69 
10 53 
10 93 
10 36 
10 65 
10 48 
10 83 
10 84 
10 41 
11 2 
11 94 
11 45 
11 69 
11 26 
11 40 
11 92 
11 89 
12 9 
12 17 
12 85 
12 2 
12 15 
12 59 
12 43 
12 7 
12 21 
13 15 
13 9 
13 5 
13 70 
13 22 
13 52 
13 1 
13 74 
13 93 
14 78 
14 54 
14 32 
14 51 
14 79 
14 27 
14 96 
14 0 
14 28 
14 36 
14 72 
14 89 
15 72 
15 38 
15 34 
15 59 
15 13 
15 8 
15 3 
15 27 
15 12 
15 43 
15 87 
15 58 
15 31 
15 6 
16 8 
16 9 
16 0 
16 44 
16 7 
16 50 
16 85 
16 18 
16 58 
16 6 
16 54 
16 29 
16 60 
17 63 
17 12 
17 75 
17 58 
17 18 
17 1 
17 87 
17 0 
17 20 
17 36 
17 3 
17 59 
18 73 
18 91 
18 83 
18 17 
18 24 
18 16 
18 70 
18 30 
18 75 
18 33 
19 90 
19 36 
19 41 
19 57 
19 50 
19 8 
19 55 
19 84 
19 28 
19 74 
19 6 
19 68 
19 89 
19 42 
20 48 
20 72 
20 0 
20 81 
20 17 
20 75 
20 39 
21 83 
21 23 
21 85 
21 94 
21 28 
21 32 
21 12 
22 54 
22 81 
22 87 
22 69 
22 85 
22 73 
22 52 
22 31 
22 13 
22 61 
22 27 
22 94 
22 9 
22 32 
22 56 
23 89 
23 76 
23 24 
23 88 
23 21 
23 2 
23 3 
23 55 
23 48 
23 0 
23 81 
24 23 
24 49 
24 94 
24 92 
24 18 
24 67 
24 9 
24 37 
24 86 
24 55 
25 67 
25 85 
25 84 
25 44 
25 37 
25 2 
25 83 
25 39 
25 64 
25 86 
25 61 
25 34 
25 47 
25 93 
25 26 
25 50 
26 51 
26 50 
26 32 
26 11 
26 25 
27 58 
27 51 
27 69 
27 14 
27 4 
27 35 
27 15 
27 83 
27 22 
27 52 
28 48 
28 36 
28 52 
28 67 
28 70 
28 77 
28 76 
28 19 
28 38 
28 14 
28 21 
28 62 
29 63 
29 83 
29 89 
29 60 
29 62 
29 93 
29 16 
29 6 
30 50 
30 35 
30 9 
30 31 
30 62 
30 18 
30 48 
31 74 
31 49 
31 67 
31 3 
31 30 
31 54 
31 22 
31 48 
31 2 
31 15 
31 0 
32 14 
32 68 
32 43 
32 26 
32 58 
32 22 
32 21 
32 74 
33 5 
33 82 
33 63 
33 73 
33 18 
33 89 
34 38 
34 95 
34 15 
34 74 
34 25 
34 70 
34 49 
34 8 
34 96 
34 72 
34 50 
35 70 
35 71 
35 64 
35 40 
35 30 
35 77 
35 51 
35 94 
35 74 
35 27 
35 46 
35 52 
35 43 
35 1 
35 86 
35 55 
35 79 
36 6 
36 94 
36 19 
36 28 
36 41 
36 53 
36 66 
36 68 
36 70 
36 17 
36 10 
36 51 
36 3 
36 14 
37 65 
37 80 
37 25 
37 86 
37 24 
37 83 
37 90 
37 89 
38 34 
38 15 
38 40 
38 69 
38 28 
38 55 
38 3 
38 78 
39 88 
39 73 
39 45 
39 25 
39 92 
39 4 
39 20 
39 63 
39 51 
40 48 
40 78 
40 2 
40 8 
40 35 
40 38 
40 5 
40 52 
40 11 
40 70 
41 44 
41 19 
41 84 
41 36 
41 77 
41 48 
41 10 
42 6 
42 85 
42 74 
42 61 
42 47 
42 19 
43 2 
43 32 
43 35 
43 15 
43 81 
43 12 
43 66 
43 74 
44 25 
44 60 
44 41 
44 16 
44 81 
44 77 
44 7 
44 79 
44 58 
45 51 
45 39 
45 76 
45 11 
45 2 
45 93 
45 60 
46 95 
46 79 
46 76 
46 35 
46 57 
46 48 
47 1 
47 53 
47 42 
47 25 
47 91 
48 28 
48 40 
48 20 
48 56 
48 10 
48 23 
48 63 
48 1 
48 46 
48 31 
48 86 
48 41 
48 76 
48 30 
49 72 
49 31 
49 24 
49 64 
49 8 
49 1 
49 34 
49 60 
49 67 
50 2 
50 19 
50 6 
50 8 
50 30 
50 83 
50 26 
50 82 
50 16 
50 60 
50 25 
50 34 
51 27 
51 14 
51 26 
51 45 
51 62 
51 35 
51 72 
51 78 
51 36 
51 69 
51 67 
51 39 
52 95 
52 28 
52 88 
52 22 
52 93 
52 84 
52 90 
52 40 
52 0 
52 35 
52 13 
52 27 
53 6 
53 7 
53 73 
53 91 
53 3 
53 83 
53 36 
53 88 
53 10 
53 60 
53 47 
53 55 
54 22 
54 14 
54 10 
54 73 
54 0 
54 7 
54 75 
54 31 
54 83 
54 79 
54 16 
54 68 
55 59 
55 56 
55 87 
55 90 
55 89 
55 19 
55 23 
55 71 
55 38 
55 24 
55 35 
55 53 
55 78 
56 90 
56 55 
56 61 
56 86 
56 67 
56 48 
56 87 
56 22 
56 62 
57 19 
57 4 
57 46 
57 90 
58 27 
58 17 
58 86 
58 68 
58 16 
58 61 
58 59 
58 15 
58 32 
58 65 
58 44 
59 71 
59 8 
59 55 
59 68 
59 74 
59 15 
59 9 
59 95 
59 12 
59 58 
59 75 
59 17 
59 93 
60 61 
60 44 
60 29 
60 50 
60 53 
60 49 
60 6 
60 45 
60 16 
61 60 
61 56 
61 92 
61 42 
61 25 
61 58 
61 22 
61 2 
62 64 
62 51 
62 94 
62 85 
62 30 
62 29 
62 87 
62 28 
62 56 
63 29 
63 17 
63 85 
63 72 
63 48 
63 33 
63 91 
63 39 
64 62 
64 35 
64 49 
64 67 
64 85 
64 25 
64 74 
64 76 
64 8 
65 37 
65 94 
65 73 
65 3 
65 10 
65 67 
65 58 
66 81 
66 7 
66 93 
66 36 
66 2 
66 43 
67 25 
67 76 
67 5 
67 56 
67 31 
67 64 
67 28 
67 92 
67 24 
67 65 
67 77 
67 51 
67 49 
68 32 
68 59 
68 88 
68 58 
68 36 
68 93 
68 19 
68 54 
69 92 
69 22 
69 27 
69 7 
69 10 
69 38 
69 11 
69 51 
70 35 
70 90 
70 72 
70 28 
70 9 
70 13 
70 36 
70 18 
70 34 
70 84 
70 1 
70 40 
70 88 
71 59 
71 35 
71 89 
71 3 
71 94 
71 55 
72 15 
72 49 
72 20 
72 70 
72 51 
72 63 
72 84 
72 34 
72 75 
72 14 
73 65 
73 53 
73 18 
73 54 
73 22 
73 39 
73 0 
73 85 
73 33 
74 31 
74 42 
74 59 
74 34 
74 91 
74 35 
74 64 
74 19 
74 94 
74 13 
74 77 
74 32 
74 43 
75 17 
75 54 
75 95 
75 20 
75 59 
75 18 
75 72 
76 67 
76 23 
76 45 
76 28 
76 46 
76 64 
76 48 
77 35 
77 83 
77 41 
77 28 
77 44 
77 80 
77 78 
77 74 
77 67 
77 81 
78 14 
78 40 
78 51 
78 77 
78 87 
78 38 
78 55 
79 14 
79 95 
79 94 
79 46 
79 82 
79 54 
79 44 
79 35 
80 37 
80 85 
80 2 
80 95 
80 77 
81 22 
81 66 
81 5 
81 2 
81 7 
81 91 
81 44 
81 20 
81 4 
81 43 
81 83 
81 23 
81 77 
82 50 
82 79 
82 33 
82 95 
83 21 
83 53 
83 18 
83 50 
83 29 
83 77 
83 25 
83 91 
83 27 
83 54 
83 10 
83 37 
83 81 
84 25 
84 41 
84 52 
84 19 
84 70 
84 86 
84 10 
84 72 
85 25 
85 1 
85 42 
85 10 
85 2 
85 22 
85 12 
85 64 
85 63 
85 16 
85 80 
85 62 
85 21 
85 88 
85 73 
86 56 
86 37 
86 58 
86 25 
86 24 
86 48 
86 84 
86 35 
86 8 
87 22 
87 55 
87 17 
87 56 
87 15 
87 91 
87 62 
87 78 
87 88 
88 39 
88 68 
88 6 
88 94 
88 23 
88 53 
88 52 
88 93 
88 85 
88 70 
88 87 
89 71 
89 23 
89 55 
89 29 
89 95 
89 11 
89 37 
89 19 
89 33 
89 14 
90 19 
90 5 
90 56 
90 70 
90 55 
90 52 
90 0 
90 37 
90 57 
91 53 
91 18 
91 81 
91 74 
91 83 
91 47 
91 87 
91 63 
92 69 
92 61 
92 24 
92 96 
92 67 
92 39 
92 11 
93 96 
93 66 
93 3 
93 52 
93 68 
93 88 
93 10 
93 29 
93 45 
93 25 
93 13 
93 59 
94 65 
94 36 
94 11 
94 88 
94 71 
94 24 
94 79 
94 35 
94 62 
94 21 
94 74 
94 22 
94 0 
95 46 
95 52 
95 34 
95 79 
95 75 
95 80 
95 59 
95 82 
95 89 
96 93 
96 14 
96 92 
96 34 
