0 15 37 38 19 7 27 1 39 26 
1 34 8 28 37 6 5 12 0 21 
2 19 24 11 12 18 28 42 31 32 
3 29 33 20 41 34 19 16 22 25 39 
4 7 26 13 37 19 32 41 30 
5 11 35 7 1 39 
6 31 21 33 15 1 38 7 23 16 30 26 18 24 17 
7 4 39 16 18 0 5 6 
8 42 1 16 12 21 32 24 
9 34 30 35 32 12 14 11 25 
10 39 42 13 29 30 26 22 
11 5 14 36 20 2 22 35 9 39 
12 19 23 8 24 9 2 1 38 25 39 
13 4 23 30 39 41 10 21 14 20 27 
14 42 37 11 34 30 9 39 40 13 20 
15 42 0 6 22 39 20 30 
16 37 17 8 22 19 42 7 6 3 38 
17 32 16 37 39 24 21 36 6 
18 27 22 25 26 35 7 2 6 
19 35 12 2 4 16 0 22 3 33 
20 37 11 26 41 32 3 15 30 38 13 21 14 
21 6 36 22 13 8 17 1 20 
22 26 18 37 16 15 42 21 35 11 30 19 3 10 
23 13 12 6 25 
24 2 12 17 8 6 
25 31 18 26 36 40 23 12 9 3 
26 22 4 18 20 25 39 42 0 10 6 
27 18 39 28 40 0 29 13 
28 1 35 38 27 2 
29 3 10 37 27 
30 9 13 38 4 36 14 22 10 20 6 15 
31 6 25 38 39 2 
32 17 37 4 9 42 20 8 2 
33 6 3 38 37 19 
34 9 1 36 14 3 
35 19 28 9 5 18 40 22 11 
36 21 34 11 30 25 42 17 
37 16 14 22 17 4 32 1 20 0 29 33 
38 30 28 0 31 6 39 12 33 42 20 16 
39 10 40 27 7 17 13 15 26 31 38 0 14 5 3 11 12 
40 39 27 35 25 14 
41 4 42 20 13 3 
42 14 8 15 10 41 32 16 22 26 36 38 2 
