0 21 15 10 40 42 51 33 13 9 38 45 31 19 36 4 35 44 46 30 
1 4 51 49 22 5 13 29 47 25 2 16 23 28 43 
2 5 27 37 44 29 9 28 22 1 49 11 34 14 18 
3 42 23 8 27 49 9 38 48 46 34 32 41 24 40 19 4 44 
4 1 20 46 32 19 51 23 17 18 11 14 0 3 34 27 35 42 
5 2 37 22 33 28 15 12 1 47 13 49 10 11 32 
6 25 43 20 26 7 35 21 29 34 24 17 27 48 
7 39 21 9 45 48 31 13 20 23 6 17 40 
8 3 29 39 25 40 19 15 13 45 37 36 16 9 48 
9 33 3 7 26 2 11 41 34 47 20 0 13 8 
10 0 23 46 38 41 33 43 11 20 45 34 50 13 39 40 28 5 24 36 
11 12 23 38 45 44 43 18 9 34 10 2 36 17 5 4 31 42 
12 11 41 46 44 5 33 25 21 14 28 30 38 22 47 20 45 15 
13 38 24 7 8 1 0 32 5 10 35 37 25 21 16 34 39 9 22 
14 30 33 31 38 23 16 44 17 48 2 12 27 42 51 29 25 4 39 35 
15 40 0 33 35 8 5 26 16 27 18 51 32 41 12 
16 22 32 14 40 15 1 20 33 29 13 41 42 8 36 
17 32 38 29 18 31 14 4 7 42 23 11 44 6 
18 35 41 39 21 11 17 27 15 4 2 32 28 22 19 
19 37 8 4 38 35 0 36 27 3 41 51 24 45 18 
20 49 4 27 39 7 51 10 43 9 6 29 23 16 33 12 47 22 48 
21 24 0 48 7 18 39 22 25 23 49 46 12 31 6 13 26 42 32 
22 16 25 21 5 1 23 2 43 38 12 18 20 13 
23 3 11 51 10 14 21 33 22 34 4 7 35 29 20 36 17 28 1 50 43 25 
24 27 29 21 13 28 41 3 44 35 40 48 26 10 6 19 
25 6 22 51 8 21 34 12 33 1 36 14 13 38 23 47 
26 39 9 15 32 34 27 6 28 49 35 21 24 42 
27 24 2 3 36 43 20 49 50 18 26 34 15 14 19 47 4 6 
28 49 46 2 35 5 24 26 10 34 12 47 23 1 18 40 
29 37 24 8 2 36 35 40 17 1 20 23 43 16 14 6 
30 14 36 43 39 49 31 12 44 0 
31 50 14 43 7 38 17 42 0 21 30 46 11 39 36 
32 17 16 4 26 44 3 39 13 18 47 15 5 21 42 
33 9 14 15 51 5 10 45 23 0 12 25 41 42 43 16 37 20 47 40 
34 46 25 3 40 11 9 26 10 27 23 2 28 35 43 13 6 4 
35 18 37 15 29 28 51 40 43 23 13 19 6 26 34 44 36 24 46 0 14 4 49 
36 27 50 48 30 29 8 25 11 19 23 35 39 0 16 38 10 31 
37 29 5 35 49 19 2 40 8 43 33 13 38 50 
38 42 11 3 40 14 13 10 31 17 19 0 37 22 46 12 25 36 
39 48 7 18 8 21 26 20 49 43 32 10 30 44 36 13 14 51 31 
40 15 38 0 8 34 37 29 47 35 16 10 3 7 24 28 33 
41 12 18 42 50 10 47 9 33 3 24 51 19 16 43 15 
42 3 38 41 44 49 0 33 17 31 14 21 16 11 32 4 26 
43 45 27 31 11 30 39 10 6 20 35 33 37 22 29 34 41 1 23 
44 11 42 51 2 12 14 32 35 39 24 17 30 0 3 
45 11 43 7 48 33 8 10 49 0 12 19 
46 28 3 51 10 12 34 4 21 31 38 35 0 
47 48 41 40 9 5 1 27 32 28 33 12 20 25 
48 39 21 3 47 7 45 36 14 24 49 20 6 8 
49 20 3 28 37 27 42 1 39 21 45 51 2 5 26 30 48 35 
50 31 41 36 27 10 37 23 
51 23 33 46 25 44 1 0 20 35 4 49 41 14 15 19 39 
