0 24 
0 31 
0 44 
0 1 
0 35 
0 40 
0 43 
0 36 
0 8 
0 12 
0 41 
0 46 
0 13 
0 39 
0 22 
0 3 
0 29 
0 11 
0 2 
0 28 
0 17 
0 34 
0 15 
0 33 
0 7 
0 10 
0 42 
0 18 
0 16 
0 26 
0 30 
0 47 
0 9 
0 19 
0 23 
0 21 
0 51 
0 27 
0 49 
1 2 
1 13 
1 44 
1 50 
1 39 
1 10 
1 0 
1 23 
1 30 
1 15 
1 40 
1 6 
1 41 
1 3 
1 28 
1 8 
1 45 
1 38 
1 47 
1 11 
1 19 
1 25 
1 16 
1 24 
1 32 
1 37 
1 14 
1 43 
1 52 
1 35 
1 33 
1 26 
1 5 
1 31 
1 49 
1 29 
1 42 
1 48 
1 9 
1 12 
1 18 
1 36 
1 7 
1 51 
1 46 
2 1 
2 20 
2 8 
2 23 
2 41 
2 50 
2 25 
2 51 
2 7 
2 52 
2 9 
2 13 
2 12 
2 32 
2 4 
2 0 
2 43 
2 26 
2 37 
2 35 
2 48 
2 18 
2 10 
2 45 
2 46 
2 44 
2 39 
2 30 
2 19 
2 11 
2 21 
2 49 
2 29 
2 3 
2 47 
3 27 
3 17 
3 44 
3 47 
3 48 
3 21 
3 15 
3 46 
3 45 
3 29 
3 50 
3 51 
3 39 
3 18 
3 52 
3 9 
3 1 
3 36 
3 20 
3 7 
3 24 
3 0 
3 12 
3 33 
3 41 
3 5 
3 22 
3 16 
3 37 
3 10 
3 35 
3 28 
3 2 
3 19 
3 43 
3 40 
3 30 
4 36 
4 5 
4 17 
4 41 
4 44 
4 6 
4 42 
4 50 
4 23 
4 51 
4 14 
4 33 
4 28 
4 39 
4 9 
4 43 
4 25 
4 11 
4 2 
4 20 
4 19 
4 26 
4 22 
4 46 
4 45 
4 38 
4 47 
4 27 
4 13 
4 34 
4 52 
4 35 
4 21 
4 29 
4 16 
4 10 
4 37 
4 12 
5 34 
5 6 
5 20 
5 4 
5 8 
5 15 
5 23 
5 19 
5 44 
5 9 
5 14 
5 30 
5 22 
5 39 
5 12 
5 13 
5 29 
5 25 
5 43 
5 36 
5 38 
5 33 
5 46 
5 7 
5 37 
5 41 
5 21 
5 42 
5 24 
5 27 
5 16 
5 3 
5 1 
5 48 
5 26 
5 51 
5 18 
5 50 
5 10 
5 17 
5 31 
6 5 
6 47 
6 45 
6 32 
6 4 
6 15 
6 36 
6 21 
6 12 
6 31 
6 39 
6 27 
6 38 
6 44 
6 16 
6 1 
6 43 
6 25 
6 30 
6 22 
6 8 
6 33 
6 50 
6 17 
6 41 
6 34 
6 46 
6 23 
6 9 
6 40 
6 28 
6 10 
6 20 
6 51 
6 11 
7 36 
7 12 
7 52 
7 32 
7 31 
7 16 
7 49 
7 14 
7 37 
7 26 
7 40 
7 2 
7 23 
7 19 
7 10 
7 43 
7 17 
7 34 
7 27 
7 15 
7 13 
7 3 
7 39 
7 18 
7 5 
7 47 
7 28 
7 0 
7 48 
7 21 
7 51 
7 11 
7 30 
7 50 
7 20 
7 44 
7 38 
7 29 
7 35 
7 1 
7 22 
8 52 
8 40 
8 41 
8 5 
8 2 
8 24 
8 47 
8 0 
8 48 
8 11 
8 12 
8 29 
8 33 
8 51 
8 39 
8 1 
8 13 
8 6 
8 16 
8 46 
8 30 
8 50 
8 36 
8 28 
8 18 
8 15 
8 44 
8 42 
8 20 
8 32 
8 37 
8 45 
8 25 
9 17 
9 34 
9 39 
9 20 
9 10 
9 21 
9 18 
9 24 
9 5 
9 29 
9 28 
9 2 
9 32 
9 30 
9 11 
9 44 
9 25 
9 3 
9 4 
9 43 
9 14 
9 12 
9 50 
9 46 
9 23 
9 35 
9 49 
9 48 
9 0 
9 16 
9 47 
9 36 
9 19 
9 37 
9 6 
9 13 
9 1 
9 41 
9 27 
10 14 
10 11 
10 32 
10 43 
10 12 
10 27 
10 44 
10 33 
10 9 
10 30 
10 1 
10 42 
10 22 
10 7 
10 46 
10 41 
10 28 
10 18 
10 51 
10 49 
10 52 
10 35 
10 26 
10 21 
10 34 
10 0 
10 24 
10 2 
10 16 
10 3 
10 38 
10 37 
10 4 
10 6 
10 5 
10 25 
11 10 
11 22 
11 19 
11 9 
11 8 
11 41 
11 4 
11 18 
11 0 
11 28 
11 1 
11 20 
11 50 
11 24 
11 12 
11 42 
11 15 
11 21 
11 17 
11 44 
11 52 
11 37 
11 43 
11 7 
11 49 
11 33 
11 26 
11 40 
11 13 
11 35 
11 2 
11 45 
11 29 
11 39 
11 34 
11 23 
11 16 
11 36 
11 6 
11 47 
11 46 
12 52 
12 7 
12 25 
12 29 
12 10 
12 23 
12 31 
12 30 
12 22 
12 18 
12 6 
12 0 
12 16 
12 8 
12 37 
12 5 
12 20 
12 2 
12 13 
12 38 
12 15 
12 39 
12 9 
12 3 
12 50 
12 11 
12 41 
12 48 
12 40 
12 46 
12 42 
12 14 
12 36 
12 26 
12 51 
12 24 
12 34 
12 27 
12 45 
12 1 
12 44 
12 4 
12 49 
12 17 
12 21 
12 43 
13 21 
13 1 
13 20 
13 15 
13 14 
13 48 
13 28 
13 23 
13 43 
13 2 
13 22 
13 36 
13 16 
13 29 
13 0 
13 5 
13 7 
13 12 
13 19 
13 17 
13 31 
13 8 
13 51 
13 50 
13 45 
13 41 
13 34 
13 27 
13 46 
13 4 
13 44 
13 24 
13 39 
13 18 
13 38 
13 25 
13 33 
13 11 
13 9 
13 26 
13 32 
13 49 
14 10 
14 37 
14 41 
14 13 
14 20 
14 25 
14 7 
14 31 
14 24 
14 34 
14 5 
14 27 
14 4 
14 38 
14 9 
14 26 
14 35 
14 44 
14 17 
14 12 
14 36 
14 18 
14 1 
14 28 
14 42 
14 21 
14 30 
14 39 
14 48 
14 49 
14 40 
14 19 
14 29 
14 16 
14 23 
14 45 
14 50 
14 46 
14 51 
15 44 
15 13 
15 47 
15 5 
15 49 
15 3 
15 37 
15 50 
15 41 
15 19 
15 6 
15 48 
15 1 
15 42 
15 25 
15 7 
15 17 
15 28 
15 51 
15 12 
15 30 
15 18 
15 40 
15 11 
15 0 
15 16 
15 43 
15 24 
15 34 
15 8 
15 32 
15 20 
15 35 
15 36 
15 31 
15 26 
15 45 
15 21 
15 39 
15 33 
16 51 
16 23 
16 7 
16 31 
16 19 
16 27 
16 21 
16 48 
16 17 
16 43 
16 52 
16 6 
16 12 
16 13 
16 39 
16 32 
16 37 
16 18 
16 36 
16 30 
16 24 
16 8 
16 41 
16 50 
16 1 
16 15 
16 5 
16 10 
16 47 
16 34 
16 3 
16 0 
16 33 
16 25 
16 46 
16 9 
16 26 
16 14 
16 4 
16 40 
16 11 
16 45 
16 22 
16 38 
17 37 
17 9 
17 47 
17 24 
17 3 
17 31 
17 21 
17 20 
17 4 
17 51 
17 49 
17 28 
17 32 
17 45 
17 39 
17 19 
17 16 
17 7 
17 29 
17 18 
17 15 
17 41 
17 13 
17 52 
17 43 
17 0 
17 14 
17 6 
17 46 
17 11 
17 34 
17 48 
17 36 
17 38 
17 22 
17 44 
17 50 
17 5 
17 33 
17 12 
18 49 
18 31 
18 26 
18 24 
18 9 
18 30 
18 25 
18 43 
18 27 
18 12 
18 42 
18 32 
18 34 
18 3 
18 10 
18 40 
18 17 
18 52 
18 39 
18 16 
18 11 
18 15 
18 22 
18 47 
18 7 
18 38 
18 14 
18 8 
18 2 
18 50 
18 0 
18 13 
18 36 
18 5 
18 1 
18 35 
18 37 
18 45 
19 30 
19 44 
19 24 
19 25 
19 40 
19 52 
19 5 
19 15 
19 16 
19 11 
19 32 
19 21 
19 7 
19 17 
19 28 
19 41 
19 43 
19 13 
19 48 
19 49 
19 4 
19 1 
19 20 
19 51 
19 23 
19 34 
19 42 
19 14 
19 9 
19 0 
19 39 
19 2 
19 3 
19 35 
20 48 
20 23 
20 33 
20 13 
20 5 
20 2 
20 30 
20 35 
20 31 
20 47 
20 49 
20 17 
20 9 
20 14 
20 27 
20 12 
20 50 
20 3 
20 29 
20 37 
20 4 
20 38 
20 11 
20 46 
20 36 
20 19 
20 32 
20 43 
20 52 
20 15 
20 34 
20 28 
20 7 
20 8 
20 25 
20 6 
20 21 
20 41 
20 22 
21 13 
21 39 
21 31 
21 49 
21 17 
21 25 
21 46 
21 34 
21 40 
21 3 
21 32 
21 9 
21 51 
21 6 
21 19 
21 16 
21 24 
21 29 
21 36 
21 45 
21 10 
21 11 
21 50 
21 5 
21 26 
21 27 
21 14 
21 7 
21 42 
21 43 
21 37 
21 4 
21 2 
21 52 
21 0 
21 20 
21 30 
21 12 
21 15 
22 36 
22 46 
22 34 
22 35 
22 37 
22 11 
22 12 
22 31 
22 28 
22 10 
22 13 
22 45 
22 5 
22 27 
22 42 
22 49 
22 33 
22 0 
22 6 
22 18 
22 51 
22 29 
22 4 
22 25 
22 52 
22 50 
22 38 
22 44 
22 43 
22 3 
22 17 
22 23 
22 16 
22 20 
22 47 
22 26 
22 7 
22 40 
22 41 
22 48 
23 20 
23 46 
23 45 
23 12 
23 16 
23 5 
23 2 
23 43 
23 39 
23 1 
23 13 
23 4 
23 32 
23 7 
23 42 
23 38 
23 28 
23 24 
23 51 
23 19 
23 27 
23 26 
23 49 
23 9 
23 31 
23 6 
23 14 
23 22 
23 47 
23 0 
23 11 
23 29 
23 52 
23 36 
23 40 
23 44 
24 0 
24 30 
24 36 
24 17 
24 18 
24 19 
24 50 
24 8 
24 29 
24 14 
24 9 
24 21 
24 34 
24 38 
24 3 
24 16 
24 32 
24 11 
24 1 
24 33 
24 47 
24 23 
24 15 
24 10 
24 5 
24 13 
24 45 
24 42 
24 27 
24 12 
24 31 
24 43 
24 37 
24 49 
24 40 
24 51 
24 44 
24 46 
24 48 
25 35 
25 33 
25 12 
25 50 
25 21 
25 19 
25 42 
25 14 
25 48 
25 2 
25 18 
25 52 
25 34 
25 36 
25 37 
25 45 
25 9 
25 27 
25 15 
25 6 
25 41 
25 4 
25 5 
25 32 
25 51 
25 1 
25 30 
25 22 
25 31 
25 49 
25 38 
25 46 
25 16 
25 13 
25 26 
25 47 
25 20 
25 40 
25 10 
25 39 
25 8 
26 18 
26 52 
26 7 
26 49 
26 42 
26 39 
26 41 
26 28 
26 44 
26 14 
26 51 
26 30 
26 10 
26 4 
26 2 
26 40 
26 35 
26 38 
26 21 
26 23 
26 34 
26 1 
26 12 
26 45 
26 0 
26 5 
26 11 
26 25 
26 33 
26 32 
26 16 
26 27 
26 47 
26 29 
26 36 
26 31 
26 13 
26 15 
26 43 
26 22 
27 40 
27 3 
27 38 
27 33 
27 10 
27 45 
27 18 
27 52 
27 20 
27 16 
27 14 
27 6 
27 51 
27 43 
27 49 
27 25 
27 22 
27 7 
27 50 
27 42 
27 31 
27 29 
27 13 
27 4 
27 21 
27 23 
27 5 
27 24 
27 26 
27 12 
27 37 
27 9 
27 0 
27 32 
27 34 
27 35 
27 30 
28 42 
28 17 
28 13 
28 22 
28 9 
28 50 
28 38 
28 19 
28 49 
28 10 
28 4 
28 15 
28 41 
28 26 
28 1 
28 44 
28 36 
28 0 
28 11 
28 29 
28 23 
28 46 
28 14 
28 7 
28 8 
28 45 
28 39 
28 47 
28 34 
28 40 
28 48 
28 37 
28 20 
28 6 
28 3 
28 51 
28 32 
28 31 
29 12 
29 45 
29 48 
29 24 
29 44 
29 46 
29 9 
29 3 
29 47 
29 13 
29 8 
29 17 
29 41 
29 50 
29 21 
29 5 
29 20 
29 43 
29 32 
29 0 
29 22 
29 28 
29 33 
29 27 
29 42 
29 30 
29 52 
29 49 
29 1 
29 31 
29 14 
29 37 
29 38 
29 26 
29 34 
29 4 
29 11 
29 7 
29 2 
29 23 
29 39 
30 24 
30 19 
30 20 
30 47 
30 34 
30 12 
30 10 
30 18 
30 38 
30 44 
30 1 
30 9 
30 5 
30 33 
30 32 
30 31 
30 6 
30 52 
30 16 
30 15 
30 26 
30 48 
30 25 
30 8 
30 14 
30 29 
30 50 
30 40 
30 41 
30 0 
30 36 
30 43 
30 2 
30 7 
30 42 
30 46 
30 21 
30 27 
30 3 
30 49 
31 0 
31 18 
31 39 
31 17 
31 21 
31 20 
31 7 
31 12 
31 44 
31 14 
31 48 
31 16 
31 22 
31 40 
31 6 
31 34 
31 30 
31 38 
31 50 
31 43 
31 36 
31 37 
31 13 
31 45 
31 25 
31 27 
31 35 
31 46 
31 23 
31 1 
31 29 
31 24 
31 42 
31 26 
31 51 
31 15 
31 28 
31 5 
31 32 
31 33 
32 49 
32 45 
32 10 
32 7 
32 6 
32 21 
32 17 
32 34 
32 37 
32 19 
32 9 
32 23 
32 18 
32 41 
32 30 
32 16 
32 48 
32 2 
32 29 
32 25 
32 36 
32 24 
32 1 
32 39 
32 35 
32 40 
32 52 
32 15 
32 20 
32 26 
32 51 
32 47 
32 8 
32 50 
32 43 
32 13 
32 27 
32 28 
32 33 
32 31 
33 20 
33 25 
33 34 
33 27 
33 10 
33 46 
33 38 
33 36 
33 30 
33 8 
33 4 
33 42 
33 22 
33 5 
33 50 
33 3 
33 6 
33 24 
33 29 
33 0 
33 35 
33 1 
33 49 
33 47 
33 44 
33 11 
33 16 
33 52 
33 26 
33 45 
33 13 
33 39 
33 43 
33 17 
33 32 
33 48 
33 31 
33 15 
34 5 
34 33 
34 9 
34 38 
34 22 
34 21 
34 30 
34 45 
34 32 
34 14 
34 40 
34 35 
34 25 
34 31 
34 18 
34 7 
34 50 
34 44 
34 24 
34 51 
34 46 
34 0 
34 10 
34 17 
34 13 
34 6 
34 47 
34 26 
34 19 
34 37 
34 15 
34 16 
34 4 
34 12 
34 28 
34 20 
34 29 
34 11 
34 27 
35 25 
35 20 
35 22 
35 40 
35 0 
35 42 
35 34 
35 37 
35 47 
35 41 
35 51 
35 44 
35 10 
35 43 
35 14 
35 26 
35 33 
35 2 
35 32 
35 31 
35 48 
35 39 
35 1 
35 9 
35 52 
35 4 
35 11 
35 15 
35 3 
35 18 
35 7 
35 19 
35 27 
35 38 
35 50 
36 45 
36 7 
36 4 
36 24 
36 22 
36 33 
36 40 
36 6 
36 25 
36 0 
36 13 
36 39 
36 31 
36 43 
36 42 
36 3 
36 16 
36 28 
36 5 
36 21 
36 32 
36 20 
36 14 
36 47 
36 8 
36 50 
36 17 
36 38 
36 12 
36 51 
36 30 
36 9 
36 44 
36 18 
36 26 
36 41 
36 1 
36 15 
36 37 
36 11 
36 23 
36 49 
36 52 
37 14 
37 17 
37 46 
37 39 
37 22 
37 15 
37 7 
37 32 
37 45 
37 35 
37 25 
37 38 
37 12 
37 16 
37 31 
37 20 
37 50 
37 47 
37 5 
37 2 
37 1 
37 48 
37 34 
37 11 
37 21 
37 29 
37 9 
37 3 
37 28 
37 52 
37 24 
37 42 
37 43 
37 10 
37 27 
37 8 
37 4 
37 36 
37 18 
38 34 
38 27 
38 43 
38 33 
38 30 
38 6 
38 28 
38 40 
38 37 
38 31 
38 44 
38 23 
38 50 
38 12 
38 14 
38 39 
38 1 
38 24 
38 46 
38 5 
38 20 
38 18 
38 4 
38 26 
38 52 
38 42 
38 22 
38 47 
38 25 
38 36 
38 13 
38 17 
38 29 
38 10 
38 7 
38 45 
38 35 
38 16 
38 49 
39 31 
39 21 
39 9 
39 37 
39 1 
39 23 
39 17 
39 3 
39 6 
39 50 
39 48 
39 26 
39 5 
39 41 
39 36 
39 42 
39 16 
39 4 
39 18 
39 0 
39 8 
39 38 
39 7 
39 12 
39 40 
39 44 
39 47 
39 32 
39 52 
39 28 
39 14 
39 35 
39 13 
39 2 
39 19 
39 46 
39 33 
39 11 
39 25 
39 29 
39 15 
40 27 
40 47 
40 8 
40 19 
40 21 
40 35 
40 36 
40 42 
40 0 
40 50 
40 7 
40 34 
40 31 
40 51 
40 1 
40 38 
40 18 
40 15 
40 39 
40 12 
40 26 
40 30 
40 14 
40 32 
40 28 
40 11 
40 6 
40 52 
40 24 
40 25 
40 16 
40 41 
40 3 
40 23 
40 22 
41 48 
41 14 
41 8 
41 45 
41 4 
41 2 
41 15 
41 52 
41 49 
41 32 
41 0 
41 11 
41 10 
41 19 
41 39 
41 29 
41 35 
41 25 
41 1 
41 17 
41 28 
41 26 
41 47 
41 16 
41 12 
41 3 
41 13 
41 5 
41 6 
41 50 
41 30 
41 44 
41 36 
41 9 
41 20 
41 43 
41 40 
41 22 
42 25 
42 49 
42 28 
42 4 
42 40 
42 10 
42 35 
42 18 
42 23 
42 26 
42 15 
42 39 
42 22 
42 52 
42 33 
42 47 
42 36 
42 27 
42 44 
42 11 
42 12 
42 14 
42 29 
42 38 
42 5 
42 50 
42 21 
42 0 
42 24 
42 19 
42 1 
42 43 
42 48 
42 31 
42 30 
42 37 
42 8 
42 46 
42 51 
43 10 
43 38 
43 23 
43 0 
43 18 
43 52 
43 13 
43 16 
43 27 
43 7 
43 31 
43 6 
43 36 
43 19 
43 4 
43 5 
43 9 
43 29 
43 17 
43 35 
43 45 
43 2 
43 1 
43 15 
43 22 
43 21 
43 11 
43 44 
43 20 
43 42 
43 30 
43 24 
43 37 
43 33 
43 32 
43 41 
43 3 
43 26 
43 12 
44 15 
44 19 
44 48 
44 1 
44 3 
44 0 
44 10 
44 4 
44 45 
44 31 
44 5 
44 29 
44 30 
44 6 
44 9 
44 38 
44 34 
44 35 
44 28 
44 42 
44 26 
44 50 
44 39 
44 14 
44 22 
44 11 
44 13 
44 43 
44 33 
44 2 
44 8 
44 47 
44 36 
44 17 
44 41 
44 7 
44 12 
44 24 
44 23 
45 36 
45 32 
45 23 
45 48 
45 41 
45 6 
45 29 
45 44 
45 34 
45 52 
45 3 
45 27 
45 37 
45 17 
45 22 
45 25 
45 1 
45 21 
45 31 
45 43 
45 13 
45 4 
45 50 
45 28 
45 46 
45 2 
45 24 
45 26 
45 49 
45 33 
45 47 
45 12 
45 11 
45 14 
45 16 
45 15 
45 38 
45 8 
45 18 
46 23 
46 22 
46 37 
46 21 
46 33 
46 3 
46 51 
46 29 
46 10 
46 0 
46 9 
46 38 
46 34 
46 8 
46 20 
46 4 
46 5 
46 12 
46 28 
46 17 
46 45 
46 6 
46 31 
46 13 
46 48 
46 49 
46 2 
46 25 
46 16 
46 47 
46 39 
46 52 
46 42 
46 14 
46 30 
46 24 
46 1 
46 11 
46 50 
47 17 
47 40 
47 6 
47 20 
47 15 
47 30 
47 3 
47 48 
47 29 
47 8 
47 35 
47 50 
47 42 
47 41 
47 1 
47 52 
47 37 
47 18 
47 39 
47 24 
47 36 
47 7 
47 4 
47 34 
47 38 
47 16 
47 33 
47 28 
47 49 
47 44 
47 0 
47 9 
47 45 
47 26 
47 32 
47 46 
47 23 
47 25 
47 2 
47 11 
47 22 
48 20 
48 41 
48 44 
48 45 
48 29 
48 25 
48 3 
48 31 
48 13 
48 47 
48 15 
48 16 
48 8 
48 39 
48 32 
48 19 
48 50 
48 30 
48 12 
48 17 
48 37 
48 2 
48 35 
48 7 
48 46 
48 14 
48 9 
48 1 
48 5 
48 28 
48 42 
48 51 
48 33 
48 22 
48 24 
49 18 
49 32 
49 21 
49 20 
49 42 
49 7 
49 15 
49 17 
49 26 
49 41 
49 27 
49 28 
49 22 
49 10 
49 19 
49 25 
49 23 
49 9 
49 46 
49 33 
49 14 
49 29 
49 1 
49 45 
49 11 
49 47 
49 51 
49 2 
49 24 
49 50 
49 12 
49 36 
49 38 
49 30 
49 0 
49 13 
50 25 
50 1 
50 24 
50 2 
50 4 
50 15 
50 40 
50 3 
50 39 
50 28 
50 31 
50 29 
50 47 
50 34 
50 27 
50 38 
50 20 
50 48 
50 37 
50 9 
50 13 
50 44 
50 16 
50 12 
50 11 
50 33 
50 6 
50 22 
50 21 
50 45 
50 8 
50 36 
50 41 
50 30 
50 42 
50 18 
50 52 
50 7 
50 14 
50 5 
50 32 
50 17 
50 49 
50 35 
50 46 
51 52 
51 16 
51 17 
51 46 
51 2 
51 3 
51 21 
51 4 
51 40 
51 27 
51 10 
51 8 
51 34 
51 35 
51 15 
51 13 
51 26 
51 25 
51 22 
51 23 
51 19 
51 7 
51 36 
51 12 
51 5 
51 49 
51 32 
51 31 
51 28 
51 24 
51 0 
51 6 
51 14 
51 48 
51 1 
51 42 
52 51 
52 12 
52 8 
52 7 
52 26 
52 19 
52 45 
52 41 
52 27 
52 43 
52 2 
52 25 
52 16 
52 3 
52 42 
52 18 
52 30 
52 17 
52 10 
52 47 
52 22 
52 38 
52 39 
52 1 
52 29 
52 11 
52 35 
52 32 
52 4 
52 33 
52 20 
52 50 
52 37 
52 46 
52 21 
52 40 
52 23 
52 36 
