0 26 57 64 18 19 
1 50 41 27 51 63 
2 62 21 56 26 20 53 
3 48 40 27 56 14 10 5 37 68 19 
4 59 8 6 38 46 57 40 37 7 18 41 
5 46 35 19 56 3 54 9 24 29 
6 57 49 26 32 4 64 14 48 38 33 
7 27 54 32 29 47 44 52 4 59 31 22 60 
8 4 62 34 19 
9 23 5 19 63 16 54 
10 31 28 3 39 42 32 
11 61 62 12 26 14 43 54 
12 27 36 11 13 24 17 
13 42 44 12 
14 15 24 37 27 6 3 55 11 
15 40 14 67 56 
16 60 37 57 25 24 9 27 
17 43 45 63 32 12 
18 31 55 34 67 19 0 60 39 54 4 38 23 
19 22 5 41 18 46 0 61 9 8 3 
20 46 54 2 40 
21 29 2 59 41 
22 25 42 19 34 50 41 27 7 40 
23 9 40 46 55 18 
24 61 46 59 14 43 53 5 16 12 62 
25 22 55 56 52 43 61 16 32 
26 6 0 2 11 
27 7 12 3 1 14 48 22 53 44 16 
28 60 55 10 47 37 
29 7 21 62 48 46 5 
30 59 47 52 
31 18 33 10 32 7 45 38 
32 6 7 36 17 31 44 63 50 56 10 60 25 
33 31 65 36 53 6 68 
34 22 18 8 64 66 46 
35 58 5 63 
36 39 47 41 12 32 33 55 57 
37 14 16 55 4 28 3 47 
38 66 4 53 6 18 31 
39 36 55 46 49 18 10 50 
40 15 43 3 23 4 20 22 
41 45 66 1 36 48 19 63 22 53 21 4 
42 22 13 64 68 10 
43 40 17 24 25 52 11 
44 49 59 13 32 7 55 27 
45 41 56 17 57 66 31 
46 5 20 24 19 39 4 23 58 61 29 34 53 
47 30 65 36 7 28 59 37 
48 3 41 27 6 50 29 
49 6 44 53 39 
50 1 67 22 48 32 39 51 
51 1 54 50 
52 25 64 43 30 7 
53 54 33 41 49 38 27 24 2 46 
54 7 55 53 20 5 18 51 11 9 
55 25 18 28 54 39 56 36 37 23 44 67 14 63 
56 25 45 3 55 2 5 32 57 15 
57 6 0 45 68 4 16 36 56 
58 35 46 66 
59 61 30 44 4 24 47 21 7 63 
60 28 16 18 32 7 
61 24 59 66 11 25 46 19 
62 2 8 29 11 24 
63 17 41 35 32 59 9 55 1 
64 6 42 52 0 34 
65 33 47 
66 41 61 38 45 34 58 
67 50 18 55 15 
68 57 42 3 33 
