0 3 
0 54 
0 24 
0 39 
0 43 
0 12 
0 33 
0 55 
0 8 
0 66 
0 49 
0 13 
0 7 
0 53 
0 21 
0 19 
0 14 
0 56 
0 27 
0 30 
0 10 
0 41 
0 51 
0 4 
0 42 
0 2 
0 15 
0 25 
0 36 
0 28 
0 38 
0 67 
0 29 
0 26 
0 62 
0 52 
0 20 
0 70 
0 48 
0 59 
0 35 
0 60 
0 1 
0 31 
0 57 
0 71 
0 11 
0 46 
0 44 
0 58 
0 68 
0 50 
0 47 
0 40 
0 23 
0 32 
0 16 
0 9 
0 45 
1 65 
1 15 
1 61 
1 50 
1 21 
1 22 
1 12 
1 31 
1 7 
1 19 
1 24 
1 66 
1 64 
1 43 
1 16 
1 55 
1 2 
1 13 
1 5 
1 3 
1 53 
1 26 
1 11 
1 62 
1 34 
1 70 
1 51 
1 28 
1 59 
1 45 
1 58 
1 67 
1 30 
1 42 
1 18 
1 63 
1 52 
1 40 
1 49 
1 17 
1 23 
1 10 
1 36 
1 60 
1 32 
1 71 
1 27 
1 0 
1 56 
1 35 
1 48 
1 29 
1 25 
1 4 
1 9 
1 69 
1 39 
1 68 
1 44 
1 37 
1 8 
1 46 
1 41 
1 38 
2 38 
2 61 
2 65 
2 8 
2 17 
2 12 
2 71 
2 70 
2 28 
2 13 
2 21 
2 1 
2 3 
2 46 
2 54 
2 6 
2 26 
2 68 
2 11 
2 32 
2 15 
2 67 
2 34 
2 50 
2 27 
2 23 
2 57 
2 36 
2 51 
2 48 
2 69 
2 0 
2 14 
2 35 
2 7 
2 37 
2 16 
2 43 
2 58 
2 47 
2 39 
2 55 
2 63 
2 53 
2 42 
2 31 
2 9 
2 19 
2 66 
2 45 
2 29 
2 64 
2 4 
2 62 
2 52 
2 41 
3 0 
3 70 
3 45 
3 57 
3 38 
3 43 
3 22 
3 69 
3 66 
3 18 
3 6 
3 41 
3 11 
3 71 
3 19 
3 26 
3 10 
3 2 
3 53 
3 1 
3 20 
3 23 
3 42 
3 8 
3 4 
3 51 
3 64 
3 54 
3 39 
3 30 
3 13 
3 56 
3 59 
3 25 
3 12 
3 29 
3 55 
3 60 
3 62 
3 65 
3 49 
3 32 
3 24 
3 34 
3 58 
3 33 
3 14 
3 44 
3 67 
3 47 
3 27 
3 9 
3 46 
3 37 
3 17 
3 40 
3 61 
3 16 
3 35 
3 63 
4 21 
4 36 
4 64 
4 56 
4 26 
4 44 
4 38 
4 12 
4 52 
4 39 
4 42 
4 22 
4 32 
4 61 
4 59 
4 8 
4 70 
4 37 
4 50 
4 18 
4 15 
4 16 
4 60 
4 67 
4 40 
4 3 
4 10 
4 19 
4 13 
4 43 
4 24 
4 0 
4 51 
4 55 
4 63 
4 17 
4 23 
4 58 
4 29 
4 53 
4 20 
4 71 
4 6 
4 31 
4 65 
4 46 
4 68 
4 27 
4 47 
4 54 
4 41 
4 30 
4 1 
4 5 
4 48 
4 49 
4 45 
4 25 
4 35 
4 28 
4 2 
4 66 
4 14 
5 16 
5 7 
5 67 
5 12 
5 19 
5 28 
5 27 
5 57 
5 44 
5 21 
5 62 
5 31 
5 32 
5 11 
5 65 
5 25 
5 47 
5 10 
5 46 
5 36 
5 48 
5 24 
5 60 
5 1 
5 63 
5 66 
5 45 
5 35 
5 6 
5 64 
5 69 
5 42 
5 71 
5 33 
5 49 
5 29 
5 20 
5 15 
5 58 
5 68 
5 37 
5 54 
5 14 
5 8 
5 17 
5 22 
5 38 
5 41 
5 26 
5 4 
5 43 
5 50 
5 70 
5 30 
5 23 
5 52 
5 9 
5 39 
5 51 
5 40 
6 71 
6 12 
6 56 
6 33 
6 26 
6 30 
6 17 
6 25 
6 54 
6 3 
6 57 
6 28 
6 24 
6 51 
6 2 
6 70 
6 18 
6 5 
6 46 
6 61 
6 31 
6 8 
6 15 
6 42 
6 7 
6 36 
6 32 
6 4 
6 50 
6 52 
6 53 
6 39 
6 35 
6 16 
6 67 
6 68 
6 38 
6 22 
6 40 
6 9 
6 63 
6 21 
6 23 
6 47 
6 58 
6 65 
6 45 
6 13 
6 19 
6 20 
6 43 
6 37 
6 10 
6 34 
6 49 
6 64 
6 44 
6 60 
6 69 
6 27 
6 59 
6 48 
6 14 
7 47 
7 28 
7 68 
7 69 
7 5 
7 60 
7 34 
7 1 
7 19 
7 65 
7 38 
7 53 
7 0 
7 55 
7 36 
7 21 
7 63 
7 71 
7 70 
7 50 
7 15 
7 25 
7 58 
7 31 
7 56 
7 30 
7 23 
7 29 
7 27 
7 6 
7 67 
7 54 
7 26 
7 37 
7 8 
7 24 
7 64 
7 20 
7 46 
7 2 
7 12 
7 17 
7 14 
7 44 
7 62 
7 57 
7 18 
7 16 
7 52 
7 13 
7 45 
7 35 
7 9 
7 22 
7 49 
7 33 
7 40 
7 41 
7 43 
7 42 
7 10 
8 14 
8 2 
8 71 
8 11 
8 47 
8 64 
8 32 
8 66 
8 15 
8 22 
8 52 
8 31 
8 54 
8 0 
8 46 
8 42 
8 4 
8 29 
8 18 
8 68 
8 16 
8 26 
8 3 
8 50 
8 20 
8 48 
8 6 
8 28 
8 51 
8 49 
8 58 
8 60 
8 30 
8 63 
8 36 
8 40 
8 7 
8 25 
8 44 
8 53 
8 12 
8 38 
8 23 
8 41 
8 9 
8 56 
8 17 
8 33 
8 5 
8 61 
8 45 
8 27 
8 10 
8 59 
8 67 
8 70 
8 43 
8 1 
8 55 
8 19 
8 35 
8 39 
8 69 
8 57 
8 24 
9 69 
9 43 
9 50 
9 52 
9 36 
9 68 
9 28 
9 27 
9 18 
9 44 
9 19 
9 11 
9 55 
9 47 
9 12 
9 15 
9 32 
9 33 
9 45 
9 25 
9 24 
9 14 
9 70 
9 34 
9 58 
9 48 
9 37 
9 10 
9 53 
9 41 
9 49 
9 57 
9 65 
9 20 
9 22 
9 31 
9 21 
9 8 
9 39 
9 6 
9 30 
9 42 
9 66 
9 2 
9 16 
9 26 
9 35 
9 1 
9 7 
9 64 
9 71 
9 3 
9 59 
9 46 
9 23 
9 5 
9 40 
9 67 
9 0 
9 61 
9 17 
10 30 
10 71 
10 46 
10 16 
10 32 
10 54 
10 70 
10 44 
10 15 
10 5 
10 19 
10 23 
10 68 
10 49 
10 57 
10 13 
10 26 
10 3 
10 25 
10 12 
10 43 
10 69 
10 56 
10 41 
10 52 
10 4 
10 66 
10 51 
10 14 
10 59 
10 0 
10 37 
10 60 
10 21 
10 18 
10 47 
10 9 
10 35 
10 62 
10 45 
10 29 
10 1 
10 67 
10 28 
10 65 
10 61 
10 27 
10 48 
10 64 
10 6 
10 55 
10 31 
10 8 
10 17 
10 50 
10 38 
10 58 
10 36 
10 39 
10 7 
10 24 
11 43 
11 12 
11 65 
11 37 
11 22 
11 14 
11 8 
11 58 
11 63 
11 9 
11 55 
11 5 
11 64 
11 31 
11 15 
11 46 
11 45 
11 3 
11 50 
11 1 
11 34 
11 13 
11 2 
11 16 
11 69 
11 20 
11 38 
11 24 
11 51 
11 33 
11 53 
11 54 
11 39 
11 36 
11 41 
11 52 
11 59 
11 68 
11 60 
11 71 
11 42 
11 61 
11 28 
11 66 
11 57 
11 27 
11 0 
11 44 
11 56 
11 21 
11 29 
11 70 
12 20 
12 11 
12 6 
12 68 
12 50 
12 24 
12 37 
12 55 
12 58 
12 40 
12 42 
12 2 
12 0 
12 36 
12 4 
12 26 
12 5 
12 1 
12 66 
12 48 
12 19 
12 32 
12 60 
12 28 
12 9 
12 70 
12 30 
12 16 
12 31 
12 34 
12 10 
12 33 
12 65 
12 35 
12 49 
12 53 
12 44 
12 62 
12 61 
12 3 
12 51 
12 14 
12 7 
12 27 
12 8 
12 63 
12 71 
12 23 
12 38 
12 41 
12 29 
12 18 
12 67 
12 21 
12 56 
12 52 
12 39 
12 13 
12 22 
12 46 
12 69 
12 64 
12 17 
12 54 
12 59 
12 45 
12 25 
13 47 
13 56 
13 40 
13 62 
13 61 
13 22 
13 43 
13 29 
13 46 
13 49 
13 2 
13 48 
13 59 
13 10 
13 0 
13 44 
13 1 
13 42 
13 28 
13 38 
13 23 
13 66 
13 11 
13 4 
13 69 
13 14 
13 3 
13 53 
13 25 
13 26 
13 30 
13 67 
13 71 
13 50 
13 65 
13 60 
13 32 
13 63 
13 6 
13 70 
13 68 
13 27 
13 7 
13 52 
13 12 
13 37 
13 16 
13 54 
13 19 
13 64 
13 58 
13 34 
13 33 
13 21 
13 35 
13 31 
13 41 
13 57 
14 68 
14 37 
14 8 
14 40 
14 55 
14 11 
14 24 
14 18 
14 63 
14 32 
14 39 
14 48 
14 69 
14 38 
14 27 
14 62 
14 44 
14 71 
14 66 
14 59 
14 21 
14 36 
14 28 
14 34 
14 35 
14 51 
14 0 
14 46 
14 23 
14 10 
14 9 
14 29 
14 42 
14 13 
14 33 
14 20 
14 64 
14 56 
14 22 
14 47 
14 25 
14 2 
14 26 
14 19 
14 12 
14 15 
14 70 
14 31 
14 49 
14 7 
14 5 
14 41 
14 58 
14 3 
14 60 
14 52 
14 53 
14 45 
14 43 
14 6 
14 4 
14 16 
14 65 
15 1 
15 66 
15 34 
15 52 
15 20 
15 37 
15 43 
15 8 
15 19 
15 41 
15 17 
15 10 
15 9 
15 11 
15 48 
15 27 
15 71 
15 4 
15 63 
15 61 
15 23 
15 24 
15 2 
15 64 
15 50 
15 6 
15 7 
15 46 
15 26 
15 32 
15 65 
15 21 
15 0 
15 40 
15 5 
15 14 
15 16 
15 33 
15 35 
15 67 
15 55 
15 29 
15 69 
15 18 
15 58 
15 47 
15 30 
15 57 
15 25 
15 28 
15 22 
15 59 
15 36 
15 54 
15 53 
15 38 
15 51 
15 62 
15 68 
15 45 
15 39 
15 49 
16 46 
16 5 
16 10 
16 50 
16 64 
16 69 
16 71 
16 65 
16 19 
16 67 
16 33 
16 22 
16 51 
16 57 
16 1 
16 36 
16 37 
16 66 
16 12 
16 23 
16 8 
16 4 
16 32 
16 61 
16 62 
16 21 
16 11 
16 54 
16 17 
16 27 
16 53 
16 28 
16 58 
16 39 
16 56 
16 49 
16 2 
16 15 
16 60 
16 48 
16 6 
16 20 
16 35 
16 43 
16 7 
16 63 
16 70 
16 9 
16 55 
16 45 
16 18 
16 13 
16 47 
16 30 
16 26 
16 40 
16 38 
16 29 
16 3 
16 44 
16 25 
16 0 
16 14 
17 66 
17 2 
17 65 
17 56 
17 71 
17 18 
17 6 
17 15 
17 54 
17 28 
17 34 
17 68 
17 45 
17 53 
17 22 
17 43 
17 50 
17 32 
17 29 
17 60 
17 39 
17 16 
17 61 
17 27 
17 69 
17 40 
17 59 
17 4 
17 25 
17 20 
17 58 
17 7 
17 47 
17 1 
17 64 
17 24 
17 8 
17 55 
17 57 
17 38 
17 52 
17 5 
17 33 
17 67 
17 63 
17 10 
17 46 
17 31 
17 44 
17 3 
17 42 
17 12 
17 26 
17 70 
17 49 
17 23 
17 37 
17 9 
18 45 
18 48 
18 20 
18 65 
18 29 
18 40 
18 64 
18 49 
18 50 
18 43 
18 9 
18 14 
18 17 
18 70 
18 42 
18 3 
18 8 
18 53 
18 21 
18 4 
18 47 
18 37 
18 46 
18 52 
18 6 
18 56 
18 63 
18 67 
18 71 
18 33 
18 10 
18 30 
18 1 
18 26 
18 59 
18 36 
18 28 
18 7 
18 12 
18 15 
18 68 
18 34 
18 35 
18 60 
18 55 
18 19 
18 57 
18 32 
18 24 
18 16 
18 31 
18 62 
18 39 
19 34 
19 28 
19 49 
19 61 
19 5 
19 44 
19 15 
19 16 
19 9 
19 25 
19 12 
19 1 
19 7 
19 60 
19 21 
19 36 
19 10 
19 70 
19 3 
19 0 
19 65 
19 33 
19 22 
19 55 
19 4 
19 53 
19 37 
19 56 
19 67 
19 47 
19 38 
19 66 
19 54 
19 41 
19 40 
19 30 
19 39 
19 14 
19 63 
19 52 
19 51 
19 32 
19 59 
19 64 
19 31 
19 26 
19 57 
19 42 
19 29 
19 6 
19 68 
19 2 
19 20 
19 35 
19 71 
19 50 
19 43 
19 18 
19 13 
19 46 
19 48 
19 8 
19 58 
20 12 
20 46 
20 69 
20 18 
20 38 
20 61 
20 30 
20 15 
20 44 
20 67 
20 37 
20 52 
20 31 
20 47 
20 39 
20 48 
20 3 
20 27 
20 68 
20 8 
20 45 
20 58 
20 33 
20 35 
20 54 
20 11 
20 14 
20 21 
20 49 
20 26 
20 7 
20 41 
20 5 
20 17 
20 57 
20 63 
20 25 
20 4 
20 53 
20 9 
20 62 
20 56 
20 16 
20 0 
20 55 
20 23 
20 60 
20 22 
20 36 
20 6 
20 40 
20 34 
20 19 
20 43 
20 28 
20 29 
20 51 
20 70 
20 65 
20 50 
21 37 
21 4 
21 30 
21 64 
21 29 
21 1 
21 43 
21 32 
21 5 
21 19 
21 57 
21 18 
21 2 
21 69 
21 0 
21 14 
21 68 
21 7 
21 51 
21 16 
21 71 
21 10 
21 46 
21 20 
21 49 
21 40 
21 56 
21 59 
21 15 
21 48 
21 22 
21 44 
21 60 
21 55 
21 31 
21 9 
21 35 
21 62 
21 38 
21 42 
21 25 
21 50 
21 6 
21 63 
21 12 
21 41 
21 45 
21 65 
21 53 
21 27 
21 70 
21 11 
21 58 
21 47 
21 39 
21 33 
21 13 
22 25 
22 34 
22 36 
22 64 
22 26 
22 59 
22 11 
22 1 
22 47 
22 13 
22 8 
22 30 
22 4 
22 55 
22 71 
22 16 
22 3 
22 39 
22 44 
22 24 
22 35 
22 17 
22 19 
22 67 
22 32 
22 53 
22 48 
22 37 
22 31 
22 14 
22 28 
22 50 
22 40 
22 65 
22 69 
22 21 
22 58 
22 63 
22 9 
22 6 
22 60 
22 57 
22 38 
22 56 
22 20 
22 5 
22 45 
22 29 
22 54 
22 12 
22 51 
22 15 
22 42 
22 46 
22 7 
22 23 
22 62 
22 43 
23 54 
23 31 
23 43 
23 50 
23 42 
23 46 
23 29 
23 28 
23 10 
23 16 
23 3 
23 15 
23 13 
23 39 
23 14 
23 62 
23 60 
23 24 
23 53 
23 2 
23 57 
23 71 
23 69 
23 7 
23 40 
23 52 
23 26 
23 64 
23 4 
23 67 
23 63 
23 27 
23 34 
23 32 
23 45 
23 8 
23 1 
23 12 
23 68 
23 20 
23 49 
23 56 
23 47 
23 70 
23 37 
23 65 
23 6 
23 35 
23 41 
23 38 
23 55 
23 5 
23 30 
23 9 
23 25 
23 22 
23 0 
23 17 
23 33 
23 59 
23 36 
24 0 
24 70 
24 37 
24 12 
24 45 
24 14 
24 25 
24 56 
24 57 
24 44 
24 34 
24 39 
24 28 
24 63 
24 1 
24 62 
24 59 
24 68 
24 5 
24 41 
24 65 
24 6 
24 40 
24 22 
24 55 
24 47 
24 43 
24 9 
24 15 
24 23 
24 33 
24 48 
24 11 
24 32 
24 4 
24 31 
24 42 
24 7 
24 27 
24 53 
24 64 
24 50 
24 67 
24 30 
24 29 
24 17 
24 3 
24 51 
24 66 
24 61 
24 36 
24 60 
24 26 
24 18 
24 69 
24 38 
24 46 
24 35 
24 8 
24 10 
25 22 
25 42 
25 49 
25 47 
25 46 
25 52 
25 28 
25 44 
25 62 
25 56 
25 24 
25 6 
25 53 
25 19 
25 61 
25 43 
25 31 
25 5 
25 69 
25 48 
25 10 
25 34 
25 9 
25 50 
25 27 
25 65 
25 59 
25 38 
25 7 
25 51 
25 3 
25 14 
25 13 
25 8 
25 0 
25 33 
25 17 
25 20 
25 66 
25 70 
25 60 
25 40 
25 54 
25 39 
25 21 
25 29 
25 68 
25 41 
25 37 
25 32 
25 1 
25 58 
25 36 
25 15 
25 57 
25 4 
25 35 
25 23 
25 64 
25 16 
25 26 
25 12 
26 51 
26 22 
26 4 
26 6 
26 46 
26 12 
26 50 
26 44 
26 52 
26 47 
26 37 
26 33 
26 42 
26 65 
26 56 
26 10 
26 70 
26 3 
26 66 
26 1 
26 8 
26 55 
26 2 
26 67 
26 34 
26 48 
26 59 
26 15 
26 23 
26 18 
26 7 
26 20 
26 14 
26 57 
26 13 
26 69 
26 32 
26 30 
26 62 
26 0 
26 61 
26 39 
26 60 
26 43 
26 35 
26 19 
26 53 
26 28 
26 5 
26 9 
26 24 
26 38 
26 54 
26 49 
26 64 
26 16 
26 29 
26 68 
26 58 
26 17 
26 25 
27 39 
27 65 
27 9 
27 63 
27 36 
27 5 
27 64 
27 30 
27 49 
27 14 
27 68 
27 53 
27 47 
27 15 
27 58 
27 66 
27 20 
27 40 
27 52 
27 34 
27 25 
27 0 
27 43 
27 61 
27 2 
27 31 
27 44 
27 17 
27 16 
27 7 
27 32 
27 69 
27 51 
27 46 
27 24 
27 12 
27 48 
27 50 
27 45 
27 23 
27 38 
27 55 
27 4 
27 1 
27 28 
27 10 
27 8 
27 13 
27 62 
27 11 
27 21 
27 42 
27 29 
27 3 
27 70 
27 6 
27 67 
27 33 
27 37 
28 50 
28 7 
28 19 
28 25 
28 9 
28 5 
28 34 
28 60 
28 24 
28 2 
28 69 
28 17 
28 12 
28 45 
28 23 
28 64 
28 6 
28 63 
28 14 
28 62 
28 13 
28 61 
28 33 
28 59 
28 56 
28 1 
28 8 
28 71 
28 70 
28 22 
28 16 
28 42 
28 40 
28 0 
28 30 
28 18 
28 67 
28 10 
28 27 
28 46 
28 11 
28 26 
28 57 
28 53 
28 20 
28 41 
28 15 
28 36 
28 44 
28 38 
28 4 
28 65 
28 31 
28 37 
28 29 
28 48 
29 18 
29 21 
29 13 
29 59 
29 23 
29 8 
29 66 
29 67 
29 60 
29 63 
29 41 
29 49 
29 34 
29 69 
29 30 
29 71 
29 14 
29 17 
29 35 
29 70 
29 42 
29 40 
29 7 
29 56 
29 58 
29 4 
29 5 
29 3 
29 31 
29 0 
29 51 
29 32 
29 10 
29 55 
29 47 
29 54 
29 15 
29 39 
29 24 
29 64 
29 45 
29 25 
29 12 
29 37 
29 19 
29 62 
29 1 
29 46 
29 22 
29 52 
29 27 
29 20 
29 68 
29 26 
29 2 
29 11 
29 16 
29 53 
29 44 
29 33 
29 28 
30 10 
30 64 
30 21 
30 53 
30 71 
30 20 
30 6 
30 42 
30 22 
30 40 
30 32 
30 27 
30 66 
30 52 
30 12 
30 35 
30 50 
30 51 
30 29 
30 0 
30 3 
30 1 
30 43 
30 56 
30 65 
30 8 
30 67 
30 7 
30 36 
30 55 
30 19 
30 18 
30 68 
30 13 
30 69 
30 41 
30 26 
30 59 
30 28 
30 31 
30 46 
30 70 
30 24 
30 45 
30 9 
30 37 
30 48 
30 61 
30 63 
30 4 
30 62 
30 60 
30 38 
30 15 
30 39 
30 5 
30 23 
30 16 
30 33 
30 44 
30 57 
31 54 
31 70 
31 23 
31 64 
31 1 
31 44 
31 8 
31 5 
31 32 
31 11 
31 25 
31 20 
31 52 
31 50 
31 12 
31 53 
31 49 
31 69 
31 43 
31 6 
31 58 
31 68 
31 24 
31 7 
31 27 
31 22 
31 42 
31 60 
31 14 
31 29 
31 4 
31 36 
31 39 
31 30 
31 57 
31 21 
31 9 
31 61 
31 19 
31 71 
31 33 
31 46 
31 35 
31 0 
31 51 
31 2 
31 10 
31 41 
31 47 
31 55 
31 66 
31 48 
31 17 
31 67 
31 18 
31 38 
31 56 
31 62 
31 45 
31 28 
31 13 
32 50 
32 67 
32 21 
32 46 
32 52 
32 60 
32 10 
32 8 
32 51 
32 66 
32 14 
32 71 
32 34 
32 4 
32 30 
32 5 
32 31 
32 35 
32 12 
32 37 
32 9 
32 69 
32 16 
32 42 
32 2 
32 17 
32 22 
32 24 
32 43 
32 55 
32 27 
32 15 
32 64 
32 6 
32 26 
32 29 
32 38 
32 45 
32 44 
32 41 
32 23 
32 49 
32 19 
32 63 
32 33 
32 36 
32 59 
32 3 
32 1 
32 58 
32 13 
32 70 
32 47 
32 65 
32 25 
32 40 
32 57 
32 68 
32 53 
32 18 
32 56 
32 0 
33 51 
33 49 
33 40 
33 6 
33 0 
33 69 
33 71 
33 55 
33 16 
33 26 
33 39 
33 37 
33 65 
33 43 
33 19 
33 9 
33 12 
33 57 
33 47 
33 28 
33 59 
33 38 
33 66 
33 54 
33 20 
33 46 
33 50 
33 14 
33 24 
33 18 
33 5 
33 11 
33 60 
33 45 
33 25 
33 56 
33 70 
33 35 
33 15 
33 67 
33 32 
33 8 
33 3 
33 31 
33 34 
33 61 
33 58 
33 17 
33 53 
33 64 
33 68 
33 62 
33 30 
33 27 
33 42 
33 7 
33 52 
33 13 
33 21 
33 23 
33 29 
33 44 
34 22 
34 68 
34 19 
34 43 
34 15 
34 48 
34 59 
34 41 
34 70 
34 7 
34 28 
34 32 
34 24 
34 50 
34 64 
34 54 
34 17 
34 12 
34 14 
34 25 
34 55 
34 27 
34 66 
34 1 
34 11 
34 29 
34 46 
34 26 
34 69 
34 9 
34 2 
34 47 
34 67 
34 65 
34 23 
34 52 
34 39 
34 56 
34 3 
34 38 
34 61 
34 33 
34 63 
34 18 
34 44 
34 60 
34 20 
34 6 
34 42 
34 57 
34 37 
34 62 
34 49 
34 13 
34 45 
34 53 
35 55 
35 58 
35 66 
35 37 
35 71 
35 69 
35 48 
35 57 
35 38 
35 32 
35 54 
35 63 
35 30 
35 61 
35 14 
35 22 
35 12 
35 5 
35 52 
35 20 
35 29 
35 47 
35 59 
35 45 
35 10 
35 44 
35 49 
35 51 
35 2 
35 41 
35 33 
35 6 
35 15 
35 43 
35 16 
35 21 
35 26 
35 0 
35 23 
35 31 
35 56 
35 67 
35 1 
35 18 
35 50 
35 19 
35 7 
35 65 
35 9 
35 53 
35 25 
35 4 
35 36 
35 3 
35 8 
35 24 
35 60 
35 13 
35 64 
35 40 
36 41 
36 22 
36 4 
36 9 
36 12 
36 70 
36 64 
36 27 
36 45 
36 19 
36 5 
36 16 
36 14 
36 65 
36 7 
36 49 
36 69 
36 55 
36 67 
36 63 
36 53 
36 50 
36 40 
36 57 
36 38 
36 2 
36 30 
36 8 
36 46 
36 39 
36 6 
36 0 
36 54 
36 11 
36 31 
36 18 
36 68 
36 1 
36 32 
36 51 
36 56 
36 48 
36 20 
36 24 
36 61 
36 52 
36 47 
36 25 
36 44 
36 71 
36 28 
36 15 
36 10 
36 62 
36 35 
36 42 
36 58 
36 23 
37 21 
37 14 
37 11 
37 24 
37 12 
37 35 
37 63 
37 43 
37 15 
37 26 
37 20 
37 62 
37 32 
37 4 
37 52 
37 44 
37 16 
37 50 
37 33 
37 18 
37 71 
37 69 
37 65 
37 41 
37 58 
37 19 
37 67 
37 10 
37 22 
37 45 
37 55 
37 9 
37 48 
37 60 
37 59 
37 61 
37 7 
37 51 
37 66 
37 2 
37 39 
37 5 
37 70 
37 46 
37 23 
37 30 
37 57 
37 29 
37 25 
37 6 
37 13 
37 53 
37 34 
37 3 
37 49 
37 1 
37 68 
37 54 
37 47 
37 27 
37 40 
37 56 
37 17 
37 28 
38 47 
38 2 
38 64 
38 52 
38 20 
38 4 
38 3 
38 67 
38 35 
38 55 
38 14 
38 7 
38 68 
38 39 
38 13 
38 33 
38 49 
38 11 
38 25 
38 63 
38 19 
38 54 
38 36 
38 53 
38 42 
38 70 
38 0 
38 27 
38 32 
38 8 
38 6 
38 12 
38 21 
38 50 
38 62 
38 34 
38 17 
38 69 
38 22 
38 61 
38 66 
38 23 
38 5 
38 44 
38 30 
38 40 
38 48 
38 26 
38 65 
38 51 
38 10 
38 56 
38 16 
38 24 
38 31 
38 28 
38 15 
38 41 
38 45 
38 57 
38 1 
38 59 
38 46 
39 0 
39 27 
39 60 
39 66 
39 68 
39 4 
39 62 
39 46 
39 40 
39 14 
39 24 
39 71 
39 22 
39 33 
39 20 
39 51 
39 38 
39 23 
39 64 
39 53 
39 47 
39 3 
39 17 
39 48 
39 44 
39 42 
39 36 
39 43 
39 52 
39 16 
39 70 
39 19 
39 61 
39 37 
39 50 
39 11 
39 6 
39 31 
39 2 
39 34 
39 25 
39 67 
39 29 
39 26 
39 9 
39 65 
39 59 
39 63 
39 12 
39 30 
39 1 
39 69 
39 58 
39 56 
39 21 
39 5 
39 10 
39 18 
39 8 
39 15 
40 33 
40 46 
40 14 
40 69 
40 13 
40 12 
40 18 
40 61 
40 60 
40 30 
40 39 
40 62 
40 57 
40 48 
40 50 
40 64 
40 41 
40 24 
40 27 
40 4 
40 52 
40 66 
40 36 
40 71 
40 29 
40 19 
40 44 
40 21 
40 17 
40 23 
40 22 
40 8 
40 53 
40 15 
40 28 
40 25 
40 1 
40 6 
40 55 
40 65 
40 42 
40 63 
40 59 
40 54 
40 20 
40 49 
40 38 
40 32 
40 16 
40 43 
40 58 
40 3 
40 45 
40 0 
40 9 
40 37 
40 56 
40 7 
40 67 
40 5 
40 47 
40 35 
41 36 
41 45 
41 42 
41 47 
41 56 
41 34 
41 54 
41 15 
41 44 
41 58 
41 69 
41 3 
41 40 
41 24 
41 29 
41 37 
41 43 
41 49 
41 10 
41 0 
41 64 
41 19 
41 48 
41 46 
41 55 
41 20 
41 35 
41 51 
41 9 
41 57 
41 30 
41 32 
41 11 
41 8 
41 14 
41 61 
41 66 
41 59 
41 12 
41 63 
41 70 
41 23 
41 21 
41 25 
41 68 
41 62 
41 4 
41 5 
41 31 
41 28 
41 53 
41 71 
41 67 
41 38 
41 7 
41 1 
41 65 
41 13 
41 2 
42 25 
42 62 
42 41 
42 58 
42 12 
42 30 
42 23 
42 4 
42 18 
42 8 
42 53 
42 26 
42 50 
42 55 
42 67 
42 45 
42 13 
42 51 
42 3 
42 43 
42 32 
42 54 
42 14 
42 29 
42 1 
42 0 
42 6 
42 24 
42 5 
42 57 
42 39 
42 31 
42 48 
42 28 
42 38 
42 66 
42 63 
42 61 
42 21 
42 40 
42 11 
42 44 
42 9 
42 49 
42 2 
42 19 
42 68 
42 34 
42 65 
42 27 
42 69 
42 22 
42 60 
42 71 
42 47 
42 33 
42 17 
42 36 
42 7 
43 11 
43 9 
43 66 
43 0 
43 34 
43 37 
43 21 
43 64 
43 23 
43 45 
43 15 
43 13 
43 18 
43 25 
43 3 
43 50 
43 58 
43 54 
43 1 
43 33 
43 31 
43 47 
43 10 
43 41 
43 24 
43 17 
43 70 
43 42 
43 4 
43 27 
43 30 
43 57 
43 32 
43 59 
43 51 
43 39 
43 2 
43 60 
43 35 
43 61 
43 52 
43 55 
43 16 
43 26 
43 65 
43 69 
43 6 
43 5 
43 20 
43 19 
43 68 
43 63 
43 48 
43 8 
43 53 
43 40 
43 14 
43 22 
43 67 
43 71 
43 7 
44 62 
44 56 
44 4 
44 25 
44 50 
44 20 
44 31 
44 19 
44 9 
44 26 
44 24 
44 5 
44 41 
44 70 
44 10 
44 61 
44 59 
44 47 
44 14 
44 37 
44 55 
44 13 
44 22 
44 51 
44 53 
44 12 
44 65 
44 57 
44 48 
44 45 
44 27 
44 64 
44 40 
44 39 
44 67 
44 35 
44 8 
44 71 
44 63 
44 58 
44 21 
44 68 
44 32 
44 7 
44 52 
44 54 
44 42 
44 3 
44 34 
44 46 
44 38 
44 11 
44 6 
44 36 
44 17 
44 0 
44 1 
44 30 
44 28 
44 16 
44 29 
44 33 
44 49 
45 3 
45 18 
45 41 
45 47 
45 63 
45 24 
45 43 
45 52 
45 54 
45 51 
45 36 
45 55 
45 50 
45 28 
45 11 
45 68 
45 42 
45 9 
45 5 
45 17 
45 20 
45 1 
45 66 
45 48 
45 44 
45 37 
45 64 
45 35 
45 49 
45 33 
45 10 
45 27 
45 65 
45 32 
45 23 
45 61 
45 67 
45 62 
45 29 
45 30 
45 8 
45 58 
45 21 
45 6 
45 59 
45 22 
45 69 
45 7 
45 16 
45 70 
45 4 
45 2 
45 14 
45 71 
45 40 
45 12 
45 53 
45 15 
45 31 
45 56 
45 34 
45 38 
45 0 
46 54 
46 16 
46 20 
46 10 
46 25 
46 40 
46 26 
46 32 
46 39 
46 23 
46 13 
46 8 
46 11 
46 5 
46 64 
46 47 
46 18 
46 57 
46 2 
46 59 
46 55 
46 34 
46 6 
46 14 
46 58 
46 33 
46 69 
46 63 
46 21 
46 48 
46 41 
46 15 
46 36 
46 7 
46 27 
46 62 
46 70 
46 30 
46 4 
46 37 
46 65 
46 50 
46 53 
46 61 
46 31 
46 28 
46 44 
46 67 
46 29 
46 0 
46 49 
46 17 
46 51 
46 22 
46 19 
46 12 
46 9 
46 3 
46 24 
46 66 
46 68 
46 1 
46 38 
47 38 
47 7 
47 13 
47 67 
47 25 
47 45 
47 41 
47 8 
47 22 
47 26 
47 63 
47 9 
47 5 
47 51 
47 27 
47 44 
47 20 
47 62 
47 18 
47 61 
47 46 
47 43 
47 33 
47 24 
47 58 
47 71 
47 39 
47 19 
47 52 
47 35 
47 55 
47 34 
47 14 
47 10 
47 54 
47 48 
47 2 
47 17 
47 29 
47 50 
47 53 
47 23 
47 49 
47 4 
47 6 
47 32 
47 15 
47 3 
47 36 
47 31 
47 70 
47 60 
47 56 
47 66 
47 16 
47 42 
47 21 
47 37 
47 64 
47 0 
47 40 
48 18 
48 34 
48 69 
48 35 
48 12 
48 14 
48 40 
48 15 
48 5 
48 13 
48 25 
48 20 
48 64 
48 60 
48 55 
48 65 
48 54 
48 57 
48 26 
48 8 
48 22 
48 45 
48 24 
48 44 
48 61 
48 46 
48 39 
48 9 
48 41 
48 2 
48 37 
48 42 
48 53 
48 68 
48 21 
48 47 
48 27 
48 59 
48 16 
48 51 
48 0 
48 63 
48 36 
48 66 
48 30 
48 71 
48 10 
48 1 
48 50 
48 4 
48 38 
48 31 
48 62 
48 43 
48 6 
48 19 
48 49 
48 52 
48 67 
48 28 
49 33 
49 25 
49 57 
49 19 
49 18 
49 54 
49 50 
49 13 
49 0 
49 27 
49 52 
49 10 
49 69 
49 58 
49 36 
49 31 
49 55 
49 62 
49 41 
49 29 
49 12 
49 38 
49 59 
49 71 
49 8 
49 56 
49 21 
49 20 
49 45 
49 35 
49 5 
49 70 
49 9 
49 16 
49 14 
49 1 
49 32 
49 60 
49 3 
49 23 
49 66 
49 47 
49 53 
49 42 
49 40 
49 6 
49 46 
49 4 
49 26 
49 7 
49 64 
49 37 
49 34 
49 48 
49 17 
49 67 
49 15 
49 44 
50 28 
50 67 
50 54 
50 55 
50 1 
50 12 
50 32 
50 16 
50 9 
50 68 
50 44 
50 18 
50 23 
50 49 
50 26 
50 58 
50 34 
50 45 
50 43 
50 4 
50 42 
50 40 
50 31 
50 37 
50 11 
50 30 
50 25 
50 36 
50 8 
50 59 
50 61 
50 17 
50 15 
50 33 
50 7 
50 2 
50 69 
50 65 
50 57 
50 22 
50 70 
50 27 
50 39 
50 6 
50 24 
50 47 
50 13 
50 71 
50 46 
50 38 
50 21 
50 56 
50 48 
50 62 
50 51 
50 64 
50 35 
50 5 
50 19 
50 10 
50 20 
50 0 
51 66 
51 33 
51 26 
51 65 
51 58 
51 32 
51 52 
51 45 
51 16 
51 47 
51 39 
51 42 
51 56 
51 14 
51 6 
51 21 
51 30 
51 1 
51 10 
51 44 
51 3 
51 8 
51 71 
51 0 
51 11 
51 68 
51 43 
51 4 
51 2 
51 25 
51 60 
51 37 
51 35 
51 12 
51 41 
51 54 
51 59 
51 53 
51 27 
51 64 
51 29 
51 63 
51 48 
51 19 
51 67 
51 36 
51 24 
51 31 
51 55 
51 50 
51 38 
51 62 
51 69 
51 22 
51 20 
51 46 
51 57 
51 15 
51 5 
51 70 
52 25 
52 38 
52 9 
52 15 
52 61 
52 32 
52 45 
52 4 
52 8 
52 51 
52 26 
52 55 
52 20 
52 30 
52 62 
52 57 
52 37 
52 65 
52 67 
52 49 
52 31 
52 18 
52 27 
52 66 
52 40 
52 10 
52 59 
52 35 
52 47 
52 60 
52 23 
52 39 
52 1 
52 71 
52 6 
52 19 
52 34 
52 11 
52 0 
52 44 
52 43 
52 64 
52 53 
52 17 
52 7 
52 12 
52 14 
52 13 
52 36 
52 29 
52 70 
52 63 
52 68 
52 69 
52 5 
52 33 
52 48 
52 2 
52 54 
53 54 
53 62 
53 30 
53 65 
53 70 
53 68 
53 61 
53 25 
53 42 
53 18 
53 27 
53 7 
53 67 
53 0 
53 3 
53 31 
53 66 
53 1 
53 69 
53 36 
53 17 
53 19 
53 39 
53 12 
53 44 
53 63 
53 22 
53 23 
53 13 
53 16 
53 55 
53 38 
53 48 
53 11 
53 40 
53 4 
53 9 
53 51 
53 24 
53 8 
53 20 
53 6 
53 56 
53 46 
53 47 
53 52 
53 26 
53 2 
53 49 
53 21 
53 28 
53 33 
53 14 
53 57 
53 41 
53 32 
53 37 
53 35 
53 43 
53 15 
53 29 
53 45 
53 34 
53 58 
54 0 
54 70 
54 46 
54 57 
54 23 
54 50 
54 31 
54 53 
54 71 
54 49 
54 41 
54 45 
54 10 
54 8 
54 6 
54 17 
54 43 
54 35 
54 34 
54 66 
54 2 
54 33 
54 48 
54 68 
54 42 
54 20 
54 3 
54 16 
54 56 
54 55 
54 59 
54 61 
54 63 
54 38 
54 19 
54 65 
54 47 
54 7 
54 64 
54 11 
54 51 
54 36 
54 69 
54 25 
54 5 
54 29 
54 44 
54 4 
54 40 
54 58 
54 62 
54 22 
54 26 
54 13 
54 15 
54 67 
54 12 
54 37 
54 52 
55 35 
55 50 
55 60 
55 12 
55 63 
55 14 
55 0 
55 11 
55 22 
55 33 
55 9 
55 38 
55 52 
55 45 
55 42 
55 44 
55 62 
55 1 
55 7 
55 71 
55 56 
55 49 
55 34 
55 36 
55 26 
55 46 
55 24 
55 48 
55 19 
55 54 
55 47 
55 37 
55 57 
55 32 
55 53 
55 30 
55 41 
55 4 
55 68 
55 3 
55 29 
55 21 
55 15 
55 64 
55 27 
55 20 
55 40 
55 43 
55 17 
55 2 
55 23 
55 51 
55 10 
55 16 
55 67 
55 31 
55 18 
55 59 
55 69 
55 58 
55 8 
55 65 
55 66 
56 44 
56 13 
56 4 
56 6 
56 71 
56 59 
56 67 
56 41 
56 25 
56 17 
56 24 
56 26 
56 70 
56 51 
56 62 
56 55 
56 0 
56 28 
56 10 
56 18 
56 61 
56 19 
56 54 
56 30 
56 14 
56 3 
56 7 
56 49 
56 21 
56 69 
56 60 
56 63 
56 29 
56 33 
56 16 
56 68 
56 53 
56 20 
56 8 
56 58 
56 23 
56 34 
56 36 
56 1 
56 35 
56 22 
56 12 
56 57 
56 50 
56 47 
56 32 
56 66 
56 11 
56 38 
56 39 
56 31 
56 40 
56 45 
56 37 
57 54 
57 49 
57 3 
57 5 
57 24 
57 35 
57 21 
57 52 
57 40 
57 16 
57 10 
57 6 
57 46 
57 33 
57 67 
57 48 
57 36 
57 44 
57 43 
57 2 
57 23 
57 55 
57 42 
57 50 
57 71 
57 26 
57 64 
57 20 
57 41 
57 9 
57 68 
57 31 
57 7 
57 59 
57 17 
57 22 
57 19 
57 37 
57 28 
57 56 
57 0 
57 11 
57 15 
57 53 
57 18 
57 32 
57 25 
57 34 
57 66 
57 51 
57 60 
57 62 
57 61 
57 38 
57 8 
57 63 
57 30 
57 58 
57 13 
58 35 
58 42 
58 12 
58 51 
58 11 
58 68 
58 50 
58 41 
58 64 
58 43 
58 27 
58 60 
58 49 
58 65 
58 47 
58 37 
58 1 
58 20 
58 46 
58 69 
58 31 
58 8 
58 7 
58 9 
58 62 
58 61 
58 16 
58 4 
58 29 
58 17 
58 44 
58 22 
58 5 
58 2 
58 56 
58 3 
58 32 
58 14 
58 45 
58 6 
58 67 
58 15 
58 33 
58 54 
58 25 
58 55 
58 10 
58 21 
58 39 
58 0 
58 40 
58 26 
58 13 
58 71 
58 70 
58 36 
58 53 
58 57 
58 19 
59 22 
59 62 
59 56 
59 34 
59 67 
59 29 
59 4 
59 44 
59 24 
59 13 
59 14 
59 60 
59 46 
59 33 
59 28 
59 52 
59 50 
59 49 
59 10 
59 71 
59 61 
59 1 
59 25 
59 54 
59 3 
59 43 
59 26 
59 35 
59 17 
59 21 
59 37 
59 64 
59 51 
59 48 
59 18 
59 30 
59 70 
59 63 
59 66 
59 19 
59 11 
59 32 
59 57 
59 41 
59 40 
59 0 
59 39 
59 69 
59 45 
59 8 
59 55 
59 15 
59 9 
59 6 
59 65 
59 12 
59 23 
59 38 
60 55 
60 39 
60 7 
60 32 
60 40 
60 65 
60 19 
60 28 
60 12 
60 70 
60 29 
60 64 
60 5 
60 58 
60 59 
60 4 
60 48 
60 71 
60 23 
60 17 
60 66 
60 8 
60 52 
60 10 
60 51 
60 37 
60 56 
60 67 
60 33 
60 31 
60 16 
60 25 
60 21 
60 3 
60 43 
60 49 
60 22 
60 11 
60 1 
60 20 
60 26 
60 13 
60 68 
60 0 
60 63 
60 14 
60 30 
60 61 
60 34 
60 18 
60 24 
60 6 
60 47 
60 42 
60 57 
60 35 
61 71 
61 2 
61 1 
61 20 
61 40 
61 52 
61 13 
61 19 
61 69 
61 53 
61 25 
61 44 
61 4 
61 47 
61 35 
61 28 
61 15 
61 68 
61 63 
61 16 
61 6 
61 50 
61 56 
61 59 
61 12 
61 27 
61 54 
61 67 
61 48 
61 17 
61 58 
61 37 
61 39 
61 70 
61 26 
61 45 
61 42 
61 43 
61 46 
61 41 
61 31 
61 34 
61 10 
61 11 
61 8 
61 38 
61 30 
61 64 
61 33 
61 24 
61 60 
61 36 
61 62 
61 65 
61 3 
61 57 
61 9 
61 66 
62 44 
62 53 
62 42 
62 59 
62 13 
62 25 
62 39 
62 40 
62 5 
62 24 
62 37 
62 52 
62 64 
62 67 
62 14 
62 47 
62 55 
62 28 
62 56 
62 49 
62 1 
62 23 
62 16 
62 65 
62 12 
62 70 
62 68 
62 58 
62 63 
62 10 
62 46 
62 26 
62 20 
62 0 
62 3 
62 7 
62 45 
62 21 
62 38 
62 71 
62 66 
62 41 
62 30 
62 29 
62 27 
62 50 
62 54 
62 61 
62 51 
62 48 
62 34 
62 33 
62 36 
62 57 
62 18 
62 15 
62 31 
62 22 
62 2 
63 45 
63 37 
63 55 
63 11 
63 27 
63 14 
63 47 
63 24 
63 35 
63 28 
63 5 
63 15 
63 7 
63 29 
63 36 
63 61 
63 53 
63 46 
63 18 
63 38 
63 54 
63 8 
63 62 
63 56 
63 4 
63 1 
63 44 
63 20 
63 19 
63 42 
63 23 
63 68 
63 51 
63 12 
63 59 
63 22 
63 32 
63 40 
63 2 
63 6 
63 64 
63 48 
63 41 
63 21 
63 16 
63 39 
63 30 
63 71 
63 34 
63 13 
63 60 
63 17 
63 43 
63 67 
63 52 
63 65 
63 57 
63 3 
64 30 
64 66 
64 38 
64 22 
64 4 
64 21 
64 16 
64 43 
64 18 
64 36 
64 31 
64 8 
64 65 
64 69 
64 27 
64 11 
64 58 
64 1 
64 34 
64 62 
64 28 
64 40 
64 60 
64 48 
64 46 
64 39 
64 5 
64 3 
64 15 
64 14 
64 41 
64 71 
64 44 
64 45 
64 67 
64 23 
64 54 
64 7 
64 57 
64 32 
64 68 
64 59 
64 51 
64 24 
64 55 
64 19 
64 17 
64 29 
64 52 
64 63 
64 61 
64 10 
64 50 
64 6 
64 9 
64 26 
64 33 
64 13 
64 49 
64 12 
64 2 
64 25 
64 47 
64 35 
65 1 
65 2 
65 11 
65 18 
65 27 
65 51 
65 53 
65 17 
65 64 
65 16 
65 60 
65 7 
65 5 
65 52 
65 26 
65 33 
65 36 
65 24 
65 19 
65 58 
65 37 
65 12 
65 48 
65 25 
65 62 
65 44 
65 30 
65 50 
65 54 
65 22 
65 34 
65 15 
65 9 
65 45 
65 4 
65 3 
65 46 
65 13 
65 66 
65 40 
65 39 
65 43 
65 23 
65 10 
65 69 
65 21 
65 6 
65 32 
65 67 
65 42 
65 35 
65 38 
65 20 
65 61 
65 59 
65 28 
65 63 
65 55 
65 41 
65 14 
66 17 
66 68 
66 51 
66 64 
66 15 
66 35 
66 43 
66 39 
66 8 
66 12 
66 32 
66 0 
66 3 
66 30 
66 69 
66 1 
66 29 
66 54 
66 16 
66 14 
66 26 
66 27 
66 53 
66 5 
66 34 
66 52 
66 33 
66 13 
66 40 
66 10 
66 45 
66 60 
66 19 
66 37 
66 42 
66 25 
66 59 
66 65 
66 49 
66 41 
66 48 
66 38 
66 24 
66 11 
66 62 
66 9 
66 67 
66 2 
66 31 
66 57 
66 56 
66 47 
66 71 
66 46 
66 4 
66 55 
66 61 
67 50 
67 47 
67 32 
67 5 
67 68 
67 56 
67 20 
67 38 
67 59 
67 16 
67 29 
67 62 
67 52 
67 42 
67 53 
67 71 
67 4 
67 36 
67 70 
67 26 
67 57 
67 22 
67 37 
67 19 
67 1 
67 18 
67 2 
67 61 
67 69 
67 30 
67 64 
67 44 
67 7 
67 60 
67 34 
67 23 
67 0 
67 13 
67 6 
67 24 
67 33 
67 45 
67 15 
67 28 
67 10 
67 39 
67 51 
67 12 
67 35 
67 66 
67 58 
67 65 
67 17 
67 46 
67 3 
67 55 
67 63 
67 8 
67 31 
67 41 
67 27 
67 54 
67 43 
67 40 
67 9 
67 48 
67 49 
68 14 
68 66 
68 34 
68 12 
68 7 
68 67 
68 9 
68 50 
68 53 
68 39 
68 58 
68 27 
68 24 
68 45 
68 10 
68 8 
68 17 
68 21 
68 69 
68 38 
68 20 
68 61 
68 54 
68 2 
68 31 
68 62 
68 51 
68 30 
68 48 
68 64 
68 55 
68 57 
68 63 
68 44 
68 5 
68 56 
68 6 
68 23 
68 36 
68 11 
68 4 
68 71 
68 60 
68 25 
68 41 
68 18 
68 13 
68 70 
68 19 
68 42 
68 43 
68 32 
68 29 
68 52 
68 33 
68 1 
68 0 
68 26 
68 15 
68 37 
68 46 
69 20 
69 9 
69 40 
69 7 
69 16 
69 35 
69 61 
69 48 
69 64 
69 33 
69 14 
69 41 
69 3 
69 28 
69 66 
69 25 
69 70 
69 21 
69 49 
69 31 
69 68 
69 53 
69 37 
69 36 
69 32 
69 10 
69 29 
69 58 
69 13 
69 11 
69 46 
69 5 
69 34 
69 50 
69 67 
69 23 
69 17 
69 2 
69 56 
69 22 
69 27 
69 30 
69 26 
69 54 
69 38 
69 65 
69 15 
69 59 
69 43 
69 71 
69 45 
69 1 
69 42 
69 51 
69 55 
69 24 
69 52 
69 6 
69 39 
69 12 
69 8 
70 3 
70 54 
70 24 
70 31 
70 53 
70 36 
70 2 
70 34 
70 18 
70 44 
70 10 
70 60 
70 4 
70 12 
70 19 
70 69 
70 26 
70 56 
70 67 
70 6 
70 1 
70 43 
70 7 
70 9 
70 62 
70 29 
70 28 
70 50 
70 39 
70 49 
70 38 
70 25 
70 14 
70 46 
70 59 
70 33 
70 61 
70 30 
70 0 
70 37 
70 23 
70 41 
70 32 
70 13 
70 16 
70 68 
70 47 
70 5 
70 52 
70 45 
70 27 
70 8 
70 20 
70 21 
70 17 
70 11 
70 58 
70 51 
71 61 
71 10 
71 6 
71 30 
71 54 
71 8 
71 56 
71 2 
71 35 
71 16 
71 33 
71 17 
71 32 
71 22 
71 39 
71 15 
71 14 
71 3 
71 55 
71 37 
71 67 
71 7 
71 47 
71 59 
71 60 
71 29 
71 49 
71 21 
71 51 
71 28 
71 18 
71 40 
71 64 
71 23 
71 5 
71 57 
71 44 
71 52 
71 4 
71 12 
71 13 
71 50 
71 68 
71 11 
71 1 
71 31 
71 62 
71 48 
71 69 
71 63 
71 0 
71 19 
71 9 
71 36 
71 42 
71 41 
71 66 
71 45 
71 58 
71 43 
