0 12 
0 58 
0 18 
0 56 
0 1 
0 33 
0 23 
0 43 
0 68 
1 8 
1 21 
1 24 
1 39 
1 0 
1 52 
2 32 
2 72 
2 19 
2 9 
2 27 
2 39 
2 29 
2 37 
2 44 
3 11 
3 25 
3 41 
3 54 
3 65 
3 34 
3 60 
3 17 
3 42 
3 73 
3 56 
4 9 
4 23 
4 75 
4 44 
4 46 
4 32 
4 27 
4 49 
4 62 
4 51 
4 54 
4 31 
5 72 
5 25 
5 37 
5 31 
5 14 
5 65 
5 29 
5 69 
5 48 
5 30 
5 19 
5 51 
6 69 
6 47 
6 15 
6 56 
6 46 
6 45 
6 75 
7 38 
7 40 
7 33 
7 45 
7 32 
7 61 
7 43 
8 1 
8 19 
8 64 
8 28 
8 39 
8 54 
8 12 
9 4 
9 24 
9 49 
9 31 
9 41 
9 2 
9 14 
10 63 
10 15 
10 31 
10 68 
10 55 
10 25 
10 54 
10 70 
10 53 
10 52 
10 19 
10 44 
11 3 
11 66 
11 12 
11 19 
11 52 
11 37 
11 14 
11 29 
11 33 
12 0 
12 11 
12 33 
12 49 
12 26 
12 58 
12 8 
13 54 
13 49 
14 65 
14 5 
14 18 
14 37 
14 51 
14 72 
14 27 
14 39 
14 25 
14 11 
14 42 
14 9 
15 31 
15 6 
15 10 
15 45 
15 72 
15 33 
15 70 
15 18 
15 23 
15 42 
15 65 
16 29 
16 34 
16 20 
16 24 
16 19 
16 25 
17 30 
17 34 
17 69 
17 3 
18 14 
18 0 
18 23 
18 15 
18 45 
18 49 
19 8 
19 66 
19 56 
19 11 
19 2 
19 16 
19 10 
19 50 
19 39 
19 5 
20 26 
20 45 
20 16 
20 55 
21 1 
21 40 
22 26 
22 48 
22 24 
23 4 
23 69 
23 48 
23 0 
23 18 
23 73 
23 15 
23 46 
23 70 
23 63 
24 9 
24 25 
24 1 
24 58 
24 16 
24 66 
24 48 
24 22 
25 3 
25 5 
25 56 
25 24 
25 26 
25 10 
25 49 
25 14 
25 50 
25 16 
25 63 
26 29 
26 20 
26 51 
26 22 
26 25 
26 12 
26 53 
26 61 
26 31 
27 37 
27 73 
27 65 
27 39 
27 14 
27 4 
27 63 
27 2 
27 40 
27 67 
27 56 
28 62 
28 40 
28 66 
28 37 
28 8 
29 16 
29 39 
29 26 
29 5 
29 52 
29 32 
29 2 
29 11 
29 41 
29 54 
30 67 
30 17 
30 69 
30 49 
30 5 
31 15 
31 5 
31 61 
31 9 
31 10 
31 37 
31 59 
31 50 
31 44 
31 4 
31 26 
31 55 
31 49 
32 2 
32 47 
32 39 
32 4 
32 65 
32 29 
32 50 
32 7 
33 12 
33 0 
33 15 
33 62 
33 52 
33 7 
33 59 
33 11 
34 16 
34 75 
34 17 
34 3 
34 67 
34 58 
34 35 
34 69 
34 62 
35 70 
35 66 
35 34 
35 43 
35 59 
35 72 
35 56 
36 72 
36 60 
36 69 
36 62 
36 52 
36 45 
36 66 
37 27 
37 5 
37 50 
37 14 
37 44 
37 31 
37 28 
37 11 
37 59 
37 2 
38 62 
38 7 
38 49 
38 51 
38 39 
39 29 
39 1 
39 32 
39 58 
39 38 
39 27 
39 8 
39 14 
39 2 
39 53 
39 19 
40 28 
40 51 
40 21 
40 7 
40 65 
40 27 
40 57 
41 3 
41 9 
41 74 
41 29 
41 71 
42 46 
42 50 
42 49 
42 3 
42 14 
42 15 
43 64 
43 0 
43 35 
43 7 
44 74 
44 4 
44 37 
44 52 
44 64 
44 31 
44 10 
44 2 
45 66 
45 57 
45 20 
45 15 
45 6 
45 7 
45 18 
45 36 
46 68 
46 42 
46 6 
46 4 
46 59 
46 23 
47 6 
47 32 
47 72 
47 62 
47 65 
47 64 
48 23 
48 60 
48 5 
48 22 
48 24 
49 63 
49 38 
49 9 
49 12 
49 42 
49 30 
49 25 
49 4 
49 13 
49 18 
49 31 
50 61 
50 37 
50 42 
50 32 
50 31 
50 25 
50 19 
51 26 
51 40 
51 38 
51 14 
51 61 
51 71 
51 4 
51 5 
52 1 
52 44 
52 29 
52 36 
52 33 
52 53 
52 10 
52 11 
52 74 
53 61 
53 26 
53 10 
53 52 
53 39 
54 3 
54 65 
54 13 
54 10 
54 72 
54 62 
54 8 
54 4 
54 63 
54 29 
55 74 
55 66 
55 10 
55 20 
55 31 
56 19 
56 72 
56 25 
56 6 
56 0 
56 35 
56 3 
56 27 
57 45 
57 69 
57 74 
57 40 
58 0 
58 34 
58 24 
58 39 
58 67 
58 62 
58 12 
59 64 
59 61 
59 31 
59 69 
59 35 
59 46 
59 37 
59 33 
60 48 
60 3 
60 36 
61 31 
61 50 
61 53 
61 51 
61 59 
61 7 
61 26 
62 38 
62 28 
62 75 
62 47 
62 63 
62 58 
62 36 
62 33 
62 74 
62 34 
62 54 
62 4 
63 49 
63 73 
63 10 
63 62 
63 27 
63 54 
63 23 
63 25 
64 8 
64 43 
64 59 
64 44 
64 74 
64 47 
65 14 
65 3 
65 66 
65 54 
65 40 
65 5 
65 27 
65 32 
65 47 
65 73 
65 15 
66 11 
66 45 
66 19 
66 35 
66 65 
66 55 
66 28 
66 75 
66 24 
66 36 
67 30 
67 34 
67 58 
67 69 
67 27 
68 46 
68 10 
68 0 
69 6 
69 23 
69 71 
69 17 
69 36 
69 34 
69 57 
69 30 
69 5 
69 59 
69 67 
70 35 
70 10 
70 15 
70 23 
71 69 
71 51 
71 41 
72 2 
72 5 
72 56 
72 47 
72 36 
72 15 
72 14 
72 54 
72 35 
73 63 
73 27 
73 3 
73 23 
73 65 
74 44 
74 55 
74 75 
74 62 
74 57 
74 64 
74 41 
74 52 
75 34 
75 4 
75 62 
75 74 
75 66 
75 6 
