0 27 73 32 6 74 18 7 65 69 45 2 29 23 76 60 1 16 33 42 50 40 10 68 47 72 44 59 66 4 31 75 55 67 54 17 19 12 8 61 52 39 70 36 25 57 56 62 3 51 63 77 24 58 49 41 48 15 34 5 9 28 46 22 26 35 53 43 11 14 64 37 20 13 
1 35 6 14 44 17 56 19 48 45 64 63 60 67 58 38 0 16 10 39 9 7 49 27 57 32 43 55 68 47 42 20 4 13 59 40 28 21 46 53 77 22 72 52 12 8 2 61 54 30 11 18 76 31 73 74 3 37 69 62 34 71 25 36 15 
2 60 71 52 63 69 51 17 36 57 10 33 30 0 18 43 42 3 68 73 39 22 72 46 66 37 50 5 44 35 9 8 14 75 48 56 76 53 19 28 59 13 70 38 29 16 47 25 77 74 23 1 55 58 34 54 27 40 61 41 21 62 49 65 64 7 32 
3 56 20 21 6 23 43 49 32 2 51 55 45 66 72 42 57 73 41 37 54 35 52 31 74 27 11 15 29 4 46 16 19 76 70 5 28 59 17 40 75 47 36 33 69 26 63 0 30 25 64 61 48 34 14 58 65 53 39 1 12 44 68 9 
4 13 77 14 59 17 70 15 52 63 58 19 37 73 74 12 8 23 24 11 40 41 64 25 57 54 75 42 31 22 1 44 3 68 45 50 18 0 71 6 49 29 76 28 66 53 47 61 10 46 38 56 26 30 7 27 55 72 62 60 36 65 43 34 32 67 21 5 48 
5 19 37 60 68 30 15 6 42 9 18 33 54 21 14 62 25 11 17 20 16 48 69 24 51 52 58 28 36 61 39 45 71 76 2 43 65 12 59 63 46 41 8 64 47 10 3 35 38 56 27 53 77 66 26 49 75 23 0 44 50 67 13 40 73 4 22 70 
6 15 3 71 1 68 0 44 26 5 73 51 25 34 10 75 30 37 41 20 32 67 52 70 47 77 69 40 42 19 12 4 7 18 22 24 65 17 16 64 62 13 14 33 61 57 8 9 72 39 55 11 23 54 74 56 60 49 45 21 63 46 59 
7 22 53 54 50 0 23 44 42 77 75 30 57 29 14 48 13 37 51 1 18 72 66 28 27 32 74 55 10 59 38 17 41 16 34 6 76 26 60 8 49 67 12 47 11 21 40 31 24 33 70 63 4 71 61 15 52 64 65 68 25 35 45 2 43 
8 34 40 53 41 59 32 22 4 56 57 44 30 47 65 25 48 64 20 16 51 58 19 37 29 68 72 2 74 5 18 52 43 66 7 24 0 36 27 77 60 33 17 35 1 45 9 15 71 6 38 39 46 62 13 28 42 70 11 63 10 26 
9 59 22 40 69 49 54 37 13 35 33 11 19 36 47 60 5 61 64 73 74 43 56 28 75 15 1 41 62 50 70 63 65 71 17 76 68 23 30 2 66 34 18 27 32 67 58 45 12 20 52 72 21 57 8 44 53 38 6 31 25 0 3 
10 41 56 62 2 59 31 6 33 72 70 74 24 34 36 1 77 57 55 48 21 25 12 39 19 17 68 0 46 73 54 7 14 35 60 58 37 51 29 5 18 67 42 20 16 53 27 4 22 76 38 66 15 28 52 65 44 75 45 8 47 
11 69 73 74 18 68 62 27 28 52 9 12 47 39 33 42 5 16 40 64 38 34 4 53 60 30 23 51 46 57 3 35 25 55 37 15 65 14 7 56 58 26 61 41 59 70 71 20 13 24 76 6 1 49 77 19 22 32 75 66 44 8 43 67 0 50 31 
12 65 14 27 42 56 37 55 11 45 47 36 74 15 4 73 26 46 57 10 51 43 58 31 49 35 5 66 21 63 30 77 6 41 13 20 7 0 70 9 72 29 76 61 44 22 38 75 25 19 1 28 53 34 64 71 39 68 54 60 3 32 40 48 16 52 23 33 18 
13 70 51 4 24 9 25 29 37 39 35 47 30 76 73 63 17 49 75 71 46 61 7 33 23 56 19 28 40 41 27 15 59 65 77 53 55 31 42 66 18 1 12 36 32 2 67 6 52 48 21 38 14 20 11 50 45 58 8 74 5 16 43 26 34 69 0 72 
14 48 64 12 4 25 1 40 37 55 71 49 7 5 52 22 35 21 63 16 69 24 75 67 18 36 46 51 17 70 57 19 10 2 27 50 72 38 59 33 11 6 65 32 74 13 62 31 58 43 3 29 45 15 26 56 54 28 0 60 42 66 41 
15 74 6 21 37 35 63 75 66 27 72 4 50 32 64 5 38 12 56 67 73 60 29 9 17 55 45 39 61 16 44 71 33 65 13 3 57 76 43 23 11 77 54 34 36 53 31 70 25 59 22 19 26 8 51 24 7 48 0 10 42 40 14 49 69 28 47 18 30 1 
16 52 18 64 59 66 45 28 30 51 43 25 76 54 11 31 42 70 21 36 19 14 5 0 27 1 38 77 73 46 37 57 65 15 34 35 60 8 20 74 3 7 67 63 6 58 10 26 29 2 33 55 62 23 39 22 53 40 41 44 24 13 50 12 72 
17 22 38 4 1 53 29 2 31 18 13 21 24 77 63 5 58 27 61 45 30 39 65 26 46 62 15 10 14 35 42 47 60 9 48 23 69 36 32 7 41 56 70 34 72 74 20 43 0 6 28 3 8 75 59 71 76 57 19 44 49 55 66 52 40 67 68 25 73 54 37 50 33 
18 48 47 33 16 11 0 27 22 50 53 5 32 17 66 24 2 30 51 63 44 20 54 14 67 68 73 77 55 38 28 7 61 9 39 56 74 69 34 13 4 8 75 42 37 23 6 45 59 65 10 49 71 43 19 60 58 52 21 36 35 62 1 57 29 25 31 70 46 64 15 12 
19 5 45 48 62 44 60 35 55 28 52 9 4 1 23 70 69 16 47 68 34 53 43 13 10 49 24 39 72 46 66 14 74 8 6 3 50 25 2 57 33 31 30 37 0 27 71 18 65 20 36 56 12 17 15 51 41 29 11 22 64 73 40 77 59 26 
20 35 72 3 31 38 36 63 51 69 5 49 6 73 67 52 18 48 76 57 46 33 40 74 23 8 47 62 16 60 45 42 1 29 59 53 64 44 12 17 22 21 30 34 10 28 19 9 70 24 58 68 71 13 54 32 11 65 41 26 66 43 77 0 61 
21 15 76 66 27 3 71 23 40 28 77 34 5 14 17 16 75 63 57 10 56 25 58 33 46 70 22 69 30 48 32 38 59 54 12 60 52 50 73 1 51 36 20 65 53 7 9 45 64 13 18 42 62 2 61 74 68 55 6 37 49 24 31 4 72 
22 17 9 7 54 53 70 76 73 18 71 47 52 51 28 65 57 66 14 8 23 67 64 2 62 50 39 29 60 34 21 38 59 75 4 27 69 40 26 31 43 72 24 61 41 6 37 20 42 58 12 1 36 15 46 10 35 16 33 32 19 11 25 49 30 0 63 44 74 5 48 55 
23 3 67 53 7 25 39 35 51 21 46 19 52 43 22 0 42 57 64 4 50 13 72 24 40 20 55 11 9 75 17 26 70 62 54 31 44 18 15 71 65 47 48 61 37 45 29 2 58 76 77 16 60 33 68 5 28 6 69 27 73 30 36 12 59 
24 70 28 53 62 13 51 69 45 64 76 18 17 74 60 10 37 14 5 36 4 43 41 58 48 61 23 19 42 67 38 44 30 29 46 22 35 49 6 8 50 73 47 71 20 7 25 26 32 56 0 34 11 15 31 39 57 16 55 52 21 65 
25 14 13 64 74 23 36 56 32 6 16 34 69 5 49 30 48 70 65 71 50 45 53 10 21 60 8 40 4 44 76 11 46 19 29 73 52 37 0 47 35 2 57 15 12 3 24 41 54 43 58 9 51 22 18 17 66 75 39 7 62 27 38 55 1 
26 37 35 38 46 76 58 55 6 43 56 36 71 12 45 60 42 70 68 17 49 50 34 75 29 28 41 23 39 73 22 44 66 31 63 57 77 7 51 61 64 16 72 3 74 67 11 4 24 53 5 15 48 52 33 47 20 0 14 62 30 13 8 19 
27 46 0 21 31 67 12 50 15 18 11 68 41 49 28 17 42 16 54 29 48 53 1 38 30 43 7 13 75 3 77 22 56 9 14 72 57 51 65 63 19 40 59 8 5 64 70 10 74 35 4 61 2 37 66 58 73 23 34 45 32 25 39 
28 24 65 53 55 46 11 19 47 29 16 34 21 22 51 31 27 64 68 9 52 37 54 5 48 72 62 13 66 50 45 18 26 75 7 39 69 49 41 42 73 36 77 44 71 1 2 3 43 17 4 20 30 58 59 57 70 12 56 33 74 23 10 0 8 67 60 14 35 15 76 
29 59 13 28 17 66 54 7 32 76 75 56 71 0 72 42 63 41 22 15 27 58 43 26 62 51 35 73 8 20 64 3 24 45 37 55 36 10 4 25 44 34 61 12 2 69 16 49 23 53 60 57 46 40 38 39 48 47 77 74 19 14 18 33 67 
30 43 53 45 38 37 62 5 34 7 13 16 55 68 50 41 2 56 6 40 18 25 17 67 36 48 8 27 54 57 11 42 21 9 51 66 35 12 52 71 77 24 59 19 20 75 28 70 76 3 61 4 1 31 69 22 60 64 58 23 26 32 44 46 47 15 
31 64 77 27 20 17 10 52 37 56 38 16 28 48 58 59 73 51 67 53 12 49 47 3 36 70 4 72 13 35 23 22 0 43 26 19 60 32 39 45 54 75 74 34 71 68 65 15 33 7 50 66 44 76 14 24 9 46 30 1 63 18 57 62 40 21 42 11 
32 52 0 37 15 45 42 29 18 25 8 3 46 57 58 44 6 61 38 36 68 63 39 54 59 53 1 7 47 51 35 21 17 33 49 9 60 65 50 75 13 31 48 72 70 56 14 41 24 67 20 22 66 11 64 73 27 30 12 4 77 34 2 
33 41 53 38 18 34 69 9 70 54 56 67 77 5 2 46 11 10 63 55 48 59 0 13 71 44 21 47 20 60 66 15 64 62 61 52 32 42 19 14 57 3 8 75 72 6 16 51 31 7 39 23 28 26 22 36 76 45 74 68 43 29 73 49 58 50 12 17 37 
34 8 56 33 30 28 76 6 25 21 53 10 42 11 57 19 49 50 35 22 26 38 16 68 59 77 73 65 58 9 72 46 39 18 17 7 37 64 69 29 20 15 31 54 52 40 66 74 36 24 2 47 12 3 0 60 70 63 61 27 44 4 13 32 1 41 
35 1 20 15 54 62 26 53 48 19 9 13 44 46 23 51 65 14 74 49 43 34 42 17 16 3 29 12 57 32 2 59 30 60 11 10 37 31 24 45 66 55 72 5 61 36 70 25 50 8 69 27 22 18 76 0 63 71 7 28 56 52 58 39 
36 76 42 49 41 20 2 9 25 54 37 69 12 51 26 62 16 10 32 24 30 75 14 77 5 40 63 39 31 17 38 48 72 43 59 70 28 29 13 64 21 61 8 3 15 0 60 19 46 35 47 65 22 58 18 55 34 53 57 4 33 52 67 56 73 71 74 50 23 1 
37 15 26 5 9 32 38 44 30 14 13 12 45 62 55 76 4 36 73 31 39 6 77 24 68 51 28 7 71 2 69 16 3 54 67 64 59 8 75 56 58 60 29 70 35 10 18 48 50 34 11 19 22 47 74 40 23 25 41 66 63 43 42 52 27 53 61 1 21 17 0 57 65 33 
38 26 33 43 63 17 37 74 30 20 44 56 15 62 53 31 60 1 55 32 11 47 16 76 58 34 18 67 27 72 22 24 65 52 54 21 42 7 36 64 68 48 71 45 14 2 5 59 12 77 61 66 13 4 50 73 9 8 29 46 10 51 70 41 25 49 
39 43 62 13 23 11 54 37 46 2 45 17 64 66 22 60 1 10 32 5 15 52 19 36 67 28 75 71 49 61 69 18 26 34 47 58 31 74 0 56 70 72 33 76 42 16 68 8 6 29 24 12 44 73 55 3 25 50 27 59 63 57 35 
40 9 14 8 72 62 21 60 55 74 30 11 59 48 77 49 4 36 51 66 13 25 20 0 6 23 67 64 63 61 22 65 71 1 76 75 27 37 42 3 56 41 46 52 50 70 44 73 7 34 58 68 29 69 16 53 2 17 57 15 19 5 54 12 31 
41 33 48 10 71 36 59 61 8 27 65 30 50 67 64 6 69 54 63 74 60 29 24 73 3 42 51 9 26 44 4 13 43 28 5 7 17 12 22 40 45 37 11 25 32 66 19 72 0 20 53 16 76 2 62 57 75 38 52 47 49 55 58 14 56 34 
42 36 55 12 7 32 5 75 60 50 11 2 16 23 67 47 27 26 46 34 62 29 54 45 76 58 3 0 71 48 41 35 72 52 17 24 30 69 6 1 4 20 38 77 56 63 28 13 73 33 18 74 51 44 22 10 40 64 68 21 59 37 39 65 66 15 61 57 49 8 14 31 
43 69 72 30 51 38 39 60 26 61 3 58 76 16 66 23 2 48 9 77 74 44 24 35 50 19 12 29 27 75 1 5 46 47 41 36 22 31 15 8 67 17 73 28 49 18 62 56 37 25 71 14 33 20 11 4 13 54 0 63 68 65 55 59 7 
44 76 54 19 1 37 6 7 38 35 74 51 71 72 65 57 64 32 58 18 43 8 56 77 46 33 75 41 66 15 49 25 45 24 2 0 60 4 20 23 28 26 42 29 47 48 40 55 12 31 17 9 50 5 39 11 52 16 22 34 10 59 30 69 3 63 
45 19 48 30 60 66 24 32 37 16 70 55 73 56 12 0 46 1 17 72 26 39 64 3 42 25 54 57 15 5 75 65 28 67 53 49 74 44 20 52 4 71 29 59 76 9 35 38 18 58 31 41 21 23 8 63 62 13 33 14 27 6 69 10 7 51 61 
46 27 71 67 50 26 28 49 35 47 23 33 45 32 66 13 39 42 12 68 2 54 14 77 17 16 44 21 57 20 10 19 43 63 11 65 5 25 34 3 53 24 75 1 64 56 40 58 36 52 4 29 22 61 69 48 62 55 8 76 38 31 73 0 30 18 6 60 51 
47 60 59 65 69 18 55 28 13 11 9 46 51 22 12 61 64 42 19 70 66 6 38 48 8 33 62 17 50 20 31 1 0 32 43 56 39 5 63 67 23 37 44 7 3 24 68 2 25 36 4 49 57 58 54 34 73 29 72 26 74 41 30 10 76 15 71 
48 14 18 64 41 45 67 19 58 52 35 51 68 65 1 54 7 66 72 40 43 56 33 25 31 5 55 30 20 47 10 24 42 28 27 70 8 17 21 36 77 2 37 69 38 60 49 23 32 44 13 53 50 74 46 61 71 3 76 0 29 15 26 73 63 59 75 12 4 22 
49 9 36 68 72 14 46 58 27 3 13 25 75 20 35 56 40 55 34 57 26 19 1 63 12 45 44 31 28 70 39 32 60 59 24 4 64 76 48 74 7 18 43 29 66 47 54 17 0 5 11 22 33 42 73 6 61 65 15 71 41 21 2 38 51 
50 46 61 51 27 7 15 18 68 30 42 41 69 70 25 23 22 43 26 34 2 59 0 60 71 28 62 9 47 77 57 66 65 4 75 54 21 73 19 32 37 14 67 24 58 40 74 35 31 48 38 13 53 44 52 5 56 39 16 33 36 72 11 17 63 
51 58 70 13 43 24 2 50 62 48 44 16 35 23 52 47 22 6 20 28 36 18 77 69 3 5 37 14 66 31 12 40 7 41 76 29 8 32 11 30 54 71 72 10 27 21 26 42 65 73 67 0 33 74 15 19 63 38 25 57 75 61 59 45 60 64 49 55 46 56 
52 2 16 32 48 4 11 19 64 51 31 22 69 23 14 59 70 20 6 71 28 5 39 42 61 3 38 45 33 30 21 74 8 76 53 73 56 25 0 68 60 13 40 9 77 46 34 54 18 1 37 7 17 26 36 10 50 65 72 44 66 41 24 63 75 12 35 55 
53 24 7 33 22 23 30 28 35 56 17 8 77 64 18 60 75 74 73 34 38 63 25 19 57 58 27 31 32 11 45 55 66 62 13 20 68 46 2 67 52 1 21 15 5 10 4 48 61 29 26 36 12 69 9 16 50 41 40 37 65 59 3 71 0 
54 9 35 22 7 44 70 33 29 57 36 39 48 5 65 16 73 41 18 55 42 64 58 46 28 27 76 45 32 3 37 74 30 4 10 38 66 21 67 56 63 50 68 23 51 0 62 31 15 34 61 71 52 25 47 20 49 60 1 2 72 6 75 12 43 14 40 17 59 
55 69 42 47 28 26 19 14 12 37 30 45 40 33 75 58 38 48 3 54 10 49 15 18 23 1 53 7 76 13 29 11 67 0 35 71 72 61 56 44 63 66 59 16 36 73 2 62 17 65 4 46 6 68 39 24 21 25 41 43 51 52 22 
56 64 34 3 10 67 53 12 1 38 33 45 25 30 29 15 26 31 70 62 8 48 58 57 60 49 9 44 13 21 71 73 47 54 37 27 42 18 17 2 77 65 52 40 5 74 46 11 55 43 39 19 0 69 32 4 28 24 63 36 6 50 66 14 35 41 51 
57 62 2 7 54 22 32 44 67 23 56 70 8 12 10 21 20 34 49 3 53 16 45 46 1 14 65 4 30 61 50 35 75 11 60 15 19 63 27 26 74 58 33 0 9 25 47 28 17 76 71 29 69 6 36 24 64 40 18 42 41 51 31 66 37 39 
58 51 64 70 60 26 65 72 48 76 4 62 43 49 32 1 55 67 17 56 44 31 54 42 24 38 5 21 29 53 12 74 73 63 61 8 34 37 10 9 39 57 45 69 16 50 11 46 28 22 68 18 47 36 20 23 40 2 25 0 14 77 13 27 3 30 59 66 33 35 41 
59 9 29 47 4 16 41 65 73 10 8 70 74 40 52 33 66 71 31 50 76 32 37 61 22 5 21 35 34 13 0 7 20 68 45 36 1 49 30 18 62 3 2 14 27 72 38 17 28 15 11 55 60 42 75 64 63 53 48 58 44 39 54 51 19 23 43 6 
60 2 47 71 58 5 64 19 43 45 9 40 53 42 1 24 0 38 56 26 15 41 22 39 25 50 33 11 67 16 17 63 20 77 44 35 57 10 37 21 32 49 68 48 31 7 75 62 8 52 36 18 59 29 74 54 23 65 34 4 30 6 76 28 72 12 70 14 51 46 
61 77 50 41 43 65 9 47 17 32 13 76 5 24 15 52 58 68 57 59 18 40 33 39 71 22 72 63 36 0 55 29 66 26 23 62 35 12 54 53 11 69 4 30 6 38 73 1 46 48 3 7 27 2 37 21 42 34 49 51 45 20 75 
62 35 24 57 39 11 19 51 10 30 37 40 58 70 38 5 76 36 56 42 77 22 74 17 28 72 29 47 50 9 20 68 33 53 66 23 59 54 60 6 61 75 43 0 64 16 45 18 21 14 46 55 4 8 41 2 26 63 25 31 65 1 73 
63 71 2 38 15 75 4 20 13 33 1 67 14 17 18 41 64 53 21 29 32 68 49 36 9 58 70 60 46 40 5 12 54 42 57 61 69 47 26 16 27 65 3 55 37 0 7 45 73 56 51 74 34 76 59 48 22 31 8 35 62 6 52 66 43 77 39 50 44 72 
64 31 58 56 48 14 60 25 16 70 71 15 24 66 53 52 9 1 22 47 11 41 44 28 23 45 63 39 54 68 74 73 37 4 8 65 40 33 29 38 20 5 49 36 34 6 26 46 27 42 21 62 76 75 3 67 7 59 12 57 30 19 32 0 51 2 18 
65 72 47 12 28 58 0 77 59 48 41 61 73 35 54 44 22 25 17 8 16 45 66 57 9 68 64 5 15 38 46 34 13 50 40 32 74 27 18 23 21 6 11 51 69 56 63 19 31 14 36 71 70 20 42 55 67 60 7 3 53 4 52 49 10 2 62 43 37 24 
66 21 15 45 16 29 64 18 43 22 71 48 46 47 3 59 76 77 39 2 51 28 40 44 65 7 33 19 50 67 54 12 53 62 30 0 9 13 74 35 26 8 61 4 49 68 37 55 31 38 34 5 41 17 42 27 72 10 70 32 75 11 73 20 25 52 58 56 57 63 14 69 
67 27 46 56 48 23 69 76 33 63 57 22 1 41 58 42 15 20 30 6 14 73 18 31 37 38 45 77 40 24 39 60 66 71 75 54 9 55 16 47 0 43 53 7 50 10 13 26 51 68 32 64 65 17 36 70 5 28 11 4 29 
68 69 11 6 5 49 27 48 50 30 2 37 28 46 26 19 32 64 18 63 10 0 61 65 34 1 9 62 8 72 59 71 4 54 53 60 38 52 76 47 31 58 66 77 42 40 20 67 23 39 55 33 12 17 7 74 21 75 3 43 
69 68 43 9 55 11 47 2 75 77 67 33 0 24 36 52 20 25 19 41 51 14 5 50 72 6 37 21 42 28 76 71 39 17 22 18 70 48 63 34 58 65 29 3 56 61 35 73 57 46 74 53 40 23 30 45 15 1 44 66 13 
70 24 13 51 58 22 64 4 33 54 45 62 72 59 19 56 10 16 52 25 47 26 50 57 6 74 76 48 21 14 9 63 31 49 23 37 17 69 36 3 73 12 2 32 20 0 40 27 30 35 15 39 11 7 28 65 34 66 38 75 67 8 60 77 18 5 
71 2 60 46 63 41 6 21 64 72 14 22 44 29 66 26 13 25 59 52 76 37 42 33 50 56 5 9 15 67 39 69 68 30 45 61 4 40 51 28 38 23 55 77 18 19 31 24 17 54 57 11 20 8 7 65 48 43 12 36 73 35 53 49 47 1 
72 65 43 20 58 40 15 71 49 70 44 10 48 29 45 3 2 23 69 75 28 62 42 7 19 38 0 8 68 31 34 36 27 17 22 51 61 55 14 74 35 12 32 26 76 59 9 33 1 39 41 6 54 4 47 66 52 60 50 16 21 13 73 63 
73 11 0 22 59 45 4 37 6 65 13 53 9 12 77 54 2 15 20 67 31 41 16 3 18 64 58 10 56 29 34 26 42 28 50 21 70 43 52 25 24 51 40 69 61 55 38 63 47 27 48 23 46 1 36 33 19 39 32 66 49 71 17 76 5 62 72 
74 15 11 0 38 25 44 4 53 40 12 59 9 24 35 10 43 41 62 70 64 54 58 20 45 19 7 16 3 8 18 52 66 42 17 65 49 57 72 37 39 56 31 26 50 2 75 51 60 14 34 48 27 69 28 63 76 29 33 13 6 21 1 68 36 47 22 77 
75 69 15 63 7 29 42 53 6 55 13 49 21 14 36 9 72 45 44 26 28 43 22 39 4 23 37 67 57 27 50 2 76 18 46 0 32 77 40 60 30 3 31 62 33 17 12 74 64 59 5 66 11 70 54 41 51 25 10 68 48 52 61 
76 36 44 21 26 22 67 58 37 13 24 34 29 43 62 16 0 66 71 42 20 38 54 61 59 70 51 5 9 69 25 55 15 45 75 2 3 7 40 49 52 77 4 68 72 12 17 30 57 23 64 31 39 48 10 11 46 35 74 33 63 1 41 60 73 47 28 
77 31 4 61 69 7 65 53 33 21 17 73 37 51 43 40 66 6 10 62 16 46 44 36 18 67 50 60 34 13 27 30 42 48 12 28 56 75 26 71 76 15 1 8 52 38 2 68 5 23 0 58 29 11 20 19 70 32 63 74 
