0 77 64 16 4 79 49 76 55 80 71 39 28 68 34 60 14 18 48 17 24 7 63 67 29 36 9 40 20 30 3 42 51 38 1 70 58 11 5 78 66 37 56 32 62 35 
1 77 3 36 23 15 68 33 67 74 25 65 50 55 8 63 76 16 56 42 24 66 54 47 59 69 48 6 60 30 41 62 71 40 58 49 10 0 20 46 2 14 52 72 53 22 73 43 
2 79 46 71 74 29 68 38 33 39 67 69 49 65 9 57 37 18 15 30 76 56 55 34 47 3 26 13 1 45 51 42 
3 68 47 1 12 62 29 63 75 60 20 61 48 70 44 59 23 15 34 41 8 74 36 25 54 53 26 52 32 51 56 21 73 11 0 2 5 42 46 45 31 18 16 
4 79 40 74 21 80 11 71 57 43 0 10 33 13 17 14 68 61 22 15 46 26 23 65 31 59 9 75 12 78 18 49 69 56 76 25 48 36 72 
5 24 54 37 44 19 43 7 77 52 47 13 73 25 18 79 45 64 9 23 35 6 21 11 15 63 67 69 46 57 59 3 34 0 17 72 70 36 80 26 50 10 
6 27 17 38 13 65 11 66 69 42 59 72 44 31 73 9 79 52 19 47 67 29 23 26 5 75 15 36 1 55 71 12 63 7 76 80 43 46 
7 46 38 29 30 5 22 11 75 18 66 76 33 44 54 40 0 63 34 71 65 45 72 62 60 13 80 79 28 68 6 23 55 20 67 12 70 26 14 
8 45 37 15 46 80 74 70 67 49 54 16 61 11 79 62 1 78 65 26 77 3 31 51 22 35 40 63 23 76 39 18 30 41 17 66 59 
9 67 75 27 72 80 61 17 14 6 52 18 5 30 55 64 23 73 49 2 12 4 19 57 77 32 20 21 0 10 35 68 53 69 62 74 43 11 22 58 56 31 13 50 
10 24 53 34 67 44 4 22 43 58 79 72 69 73 56 62 66 75 18 41 19 27 21 80 76 61 59 77 26 45 42 33 51 47 9 54 49 1 52 64 36 65 13 5 
11 14 32 4 61 24 6 65 76 7 8 50 60 36 69 80 77 68 34 70 13 37 5 72 18 58 44 35 64 3 63 73 47 42 0 78 9 45 22 17 
12 76 32 56 3 17 52 67 23 58 35 51 43 28 14 45 41 27 57 15 75 65 44 30 47 20 9 46 18 4 25 6 37 64 7 39 62 19 
13 70 6 20 61 42 77 47 4 48 51 5 19 58 79 21 17 54 18 73 45 63 41 15 74 11 37 7 71 25 34 43 57 59 72 80 44 22 2 16 69 32 52 49 65 10 9 39 
14 32 11 68 61 75 41 80 4 65 60 72 12 59 9 0 54 48 23 52 42 40 37 53 39 15 70 45 76 21 20 44 63 56 77 1 62 34 36 58 7 
15 36 8 1 42 40 55 68 62 32 4 79 29 3 13 12 43 76 26 35 23 22 6 52 30 14 20 44 72 2 5 64 48 61 73 50 77 16 53 65 47 
16 43 19 42 32 0 50 53 77 29 8 40 36 1 51 27 55 48 65 20 74 35 49 72 41 78 63 67 33 52 47 13 34 15 73 61 71 58 76 59 3 
17 6 80 70 20 12 73 60 4 56 9 45 54 18 13 78 35 48 0 46 67 52 22 31 28 79 72 38 47 19 75 24 5 49 8 68 32 27 57 11 
18 36 54 7 66 56 73 17 13 62 45 70 69 10 24 5 0 9 20 39 63 68 60 12 79 72 2 11 26 4 49 34 25 51 37 64 8 67 50 47 3 41 23 
19 59 16 40 5 26 41 33 48 67 13 24 20 57 62 44 22 39 21 6 80 10 51 45 58 43 9 23 70 27 78 71 36 30 17 34 63 12 42 38 65 60 
20 22 13 53 17 34 28 45 42 71 44 66 77 63 19 67 3 80 55 49 60 26 18 16 40 57 12 15 61 9 54 0 58 69 36 14 21 46 7 1 48 79 64 43 41 72 56 37 
21 4 77 65 30 46 28 47 59 57 68 79 39 24 13 45 41 19 23 10 67 54 5 58 43 3 9 14 72 20 64 49 52 74 61 78 
22 20 42 69 10 41 24 49 72 53 46 7 27 26 32 4 63 19 65 78 47 59 68 28 50 15 17 77 37 8 58 66 34 76 30 13 70 29 75 61 9 1 31 11 56 57 48 60 
23 47 1 76 68 79 59 12 77 66 57 33 24 71 37 3 29 4 14 32 61 21 5 6 15 9 28 42 25 19 58 8 7 38 48 51 63 40 52 75 60 18 
24 10 5 53 71 65 50 11 55 33 22 27 44 29 19 79 78 23 34 26 21 59 18 0 64 60 1 46 52 66 56 47 61 45 75 17 28 77 38 
25 80 46 63 1 27 35 5 76 57 55 38 26 77 54 3 49 28 71 67 42 30 72 43 13 23 12 33 69 18 79 44 31 4 60 59 36 50 
26 19 79 63 37 62 72 28 35 49 74 22 41 24 8 80 4 44 25 55 20 15 6 47 30 10 3 65 61 18 32 59 68 2 50 27 64 36 54 66 5 7 
27 6 39 63 42 80 53 9 24 38 56 54 25 22 78 29 31 35 12 33 74 44 55 16 10 57 36 69 52 37 19 58 79 26 71 64 61 17 
28 29 20 46 21 26 71 79 12 0 35 69 32 48 70 80 75 74 33 22 23 25 55 38 49 17 7 53 58 24 77 40 54 34 57 
29 58 34 67 76 28 7 61 30 32 16 3 60 24 52 49 74 45 2 72 48 27 40 69 79 57 15 23 68 6 43 31 33 54 0 62 47 36 50 53 22 39 77 51 66 
30 7 29 61 21 36 65 33 53 35 63 69 64 51 9 32 68 12 56 42 70 26 15 52 25 1 62 2 37 79 43 0 71 40 57 50 19 74 45 22 8 41 
31 67 55 50 61 49 46 27 6 48 52 80 36 8 72 33 4 29 51 45 17 37 64 57 47 39 41 69 25 75 9 22 66 3 
32 14 11 76 16 38 12 51 67 53 60 29 71 57 69 15 47 22 37 41 74 28 62 23 30 46 35 70 3 9 26 64 44 13 54 17 72 0 79 61 
33 76 71 64 24 4 1 19 35 66 65 30 23 46 7 55 49 47 27 57 56 34 68 2 60 31 52 28 29 48 61 10 74 42 16 51 25 79 43 70 59 36 72 37 38 77 54 
34 29 10 20 46 68 42 24 53 0 55 3 33 56 69 11 62 7 41 57 40 75 22 13 18 73 64 2 70 45 65 19 66 72 5 16 14 44 28 35 
35 55 48 58 74 33 26 49 43 12 73 25 27 62 54 28 30 17 77 60 32 15 5 70 16 8 11 64 44 9 71 68 38 57 37 34 67 0 
36 18 15 54 1 50 72 75 52 61 30 47 73 71 68 16 67 80 11 64 31 3 69 56 27 6 79 39 65 29 0 42 46 20 19 37 44 10 33 26 4 14 5 25 
37 45 61 69 8 64 78 5 57 60 26 75 80 23 32 70 14 42 13 74 11 2 22 31 50 30 12 27 18 63 41 55 48 65 36 73 33 35 0 20 
38 6 40 32 48 7 55 27 73 53 77 2 78 76 25 57 42 68 45 51 75 65 39 66 28 17 52 50 44 0 23 35 56 79 33 19 24 80 
39 27 58 49 75 0 21 61 57 80 2 19 18 47 56 14 52 45 36 69 38 31 8 12 29 60 42 13 
40 4 61 38 19 53 64 44 51 54 15 16 47 74 29 49 60 78 57 7 14 67 75 20 41 58 77 34 65 8 0 63 30 1 48 28 23 
41 78 76 49 19 22 14 72 77 63 26 12 62 32 21 3 13 74 73 10 54 34 40 45 16 47 1 31 58 71 60 37 59 57 8 43 20 30 18 
42 16 22 27 13 69 15 20 66 48 50 6 34 67 57 38 14 1 43 53 68 37 30 23 71 25 10 76 33 36 73 70 64 0 61 3 62 11 52 39 19 78 2 
43 76 16 58 4 69 46 10 79 5 35 70 12 74 49 56 75 15 42 29 59 19 77 48 25 21 13 66 30 78 67 72 33 9 55 71 6 20 41 45 1 
44 63 10 5 69 40 54 24 20 78 6 7 3 19 26 27 53 12 50 52 58 15 79 11 65 48 35 38 14 67 32 13 25 59 62 36 74 77 76 70 34 45 
45 37 8 61 20 49 29 17 66 67 12 50 21 18 13 5 19 38 58 55 75 51 31 39 10 7 41 62 14 76 24 34 80 30 48 53 3 79 2 47 11 43 69 44 
46 7 74 8 56 63 55 43 2 25 73 21 34 28 76 22 48 33 31 4 50 17 32 24 54 70 60 12 62 61 36 69 72 5 20 79 78 3 1 6 
47 67 3 23 63 13 70 64 36 21 5 40 53 32 56 33 78 6 22 66 50 39 26 1 12 51 29 10 41 24 31 17 69 2 11 16 49 45 65 68 15 71 52 18 58 
48 38 54 61 35 19 13 42 46 3 29 79 31 28 17 14 0 77 52 16 76 74 33 57 78 43 1 44 15 65 67 49 51 63 45 20 72 37 23 40 4 59 69 22 
49 39 50 41 65 0 75 8 52 22 54 29 45 35 26 31 66 70 78 40 33 20 43 56 2 72 25 9 60 16 77 28 71 18 4 73 1 48 10 21 58 47 51 74 53 17 79 13 
50 24 49 72 16 36 31 76 1 42 11 74 79 56 45 46 57 47 44 59 22 37 29 78 38 51 30 15 62 26 65 5 18 25 9 
51 72 59 69 32 40 67 13 12 58 75 16 19 52 30 68 8 38 53 71 45 31 47 57 3 10 33 50 0 18 48 23 49 79 65 29 2 74 
52 55 78 74 12 64 36 49 5 60 29 71 67 59 31 72 6 57 14 9 51 56 48 44 75 33 68 17 39 24 15 3 30 69 27 66 38 16 21 10 42 1 13 76 65 23 47 
53 64 24 10 65 20 27 40 16 32 22 38 47 30 77 78 72 34 44 76 51 42 14 54 55 3 60 57 28 66 69 29 9 45 49 74 73 1 15 
54 36 5 62 48 64 57 40 44 8 27 18 70 72 49 68 17 35 13 7 14 77 46 53 25 67 1 3 41 21 56 29 20 10 75 76 69 26 58 32 28 33 
55 52 24 31 46 35 64 38 0 15 72 1 71 33 80 20 73 34 25 26 27 76 16 9 79 45 60 59 53 28 6 75 57 7 2 65 37 66 43 56 
56 57 12 46 69 27 17 18 47 78 50 10 63 43 33 34 49 1 79 52 39 36 72 54 30 67 3 58 24 2 4 80 62 14 38 9 75 22 0 55 20 
57 56 4 37 54 69 63 23 21 32 68 29 19 42 33 25 39 12 38 52 40 66 50 27 61 72 20 48 2 51 34 9 64 31 55 53 13 30 5 67 70 41 35 22 28 17 
58 29 39 43 74 10 77 80 12 35 13 51 60 45 19 66 44 22 40 56 21 11 76 23 41 20 1 27 49 0 28 9 79 16 65 54 75 14 72 47 
59 19 51 73 62 23 68 21 6 65 52 14 3 24 69 22 43 50 55 70 4 10 1 80 74 78 26 77 13 76 5 71 44 33 41 67 48 16 8 25 
60 67 32 79 17 37 29 52 75 3 69 66 14 40 20 11 0 58 33 24 35 62 55 46 18 49 71 1 7 53 41 39 25 77 22 23 19 
61 40 14 13 37 45 70 62 11 29 48 64 30 36 8 31 9 3 4 39 68 23 57 10 33 26 20 73 46 24 69 15 80 42 21 22 16 27 32 
62 79 67 61 59 3 54 73 72 26 8 15 35 19 41 10 18 32 60 34 29 46 77 7 66 45 30 1 56 50 42 44 9 12 78 74 14 0 
63 27 47 44 78 46 70 25 26 3 57 20 71 79 66 41 68 22 73 1 56 30 13 76 69 7 65 18 67 0 16 5 40 8 6 11 80 37 48 14 19 23 72 
64 53 0 37 33 54 55 52 61 40 47 69 36 5 24 30 9 67 31 57 77 35 15 11 42 75 32 34 21 66 18 10 12 26 27 20 
65 53 24 6 49 21 11 1 33 30 14 59 72 8 22 4 12 16 63 2 26 38 36 7 40 66 44 80 71 48 34 55 37 58 77 47 10 51 15 69 13 50 52 67 19 
66 6 69 42 23 20 33 7 60 63 18 45 49 74 10 68 57 47 1 58 73 75 80 62 24 38 22 65 78 52 43 53 64 34 71 55 0 8 76 29 26 31 
67 47 62 10 31 29 71 9 32 60 8 12 1 51 19 20 45 52 42 36 2 40 6 21 79 17 54 63 56 0 25 68 64 16 5 76 48 57 43 44 7 59 73 65 18 35 
68 3 14 23 1 76 59 34 21 4 2 15 54 36 61 63 57 0 66 33 38 51 11 22 29 42 30 52 18 75 70 67 80 69 26 7 9 35 47 17 
69 51 22 37 43 44 42 66 56 75 57 6 60 10 32 29 64 28 18 11 34 30 2 59 63 36 77 1 27 39 52 68 46 61 5 20 25 4 47 76 53 70 72 31 9 54 13 65 48 45 
70 13 61 17 8 63 47 54 43 3 49 76 37 18 28 11 46 59 32 30 35 14 68 19 42 34 69 57 22 33 0 79 7 5 44 
71 24 33 4 67 2 20 63 32 28 52 0 36 23 55 51 25 42 7 60 13 6 74 49 65 19 30 41 1 59 35 66 27 80 72 16 43 47 73 
72 51 50 36 9 62 22 26 77 54 55 29 41 6 10 14 53 65 52 31 49 56 57 78 11 18 15 16 7 25 46 17 21 74 13 43 69 48 80 34 73 71 1 33 5 32 20 4 58 63 
73 59 62 46 17 38 5 35 36 78 10 55 18 63 13 6 41 66 9 79 61 80 42 3 49 34 15 11 72 16 53 37 1 67 71 
74 4 46 77 52 58 8 1 2 35 29 50 26 40 43 66 27 32 41 28 3 13 16 48 37 59 33 71 72 30 21 49 9 53 62 44 51 
75 14 39 9 36 49 69 3 60 7 37 51 10 43 80 76 12 28 52 45 38 40 66 6 68 4 55 34 64 54 24 79 17 22 31 56 77 58 23 
76 43 12 32 33 41 29 23 0 68 11 46 50 7 25 1 70 38 75 55 63 53 15 48 80 10 42 45 22 58 2 67 14 59 6 8 69 4 54 78 79 16 44 52 66 
77 1 0 74 13 21 16 58 5 23 20 72 41 53 38 8 35 48 11 25 54 69 43 10 22 62 40 9 49 64 59 15 14 28 65 29 44 75 24 33 60 80 
78 41 52 37 63 44 27 24 73 49 53 56 8 17 38 40 47 22 79 72 48 59 16 4 66 19 50 43 76 46 11 0 62 21 42 
79 4 62 2 26 43 0 23 60 63 8 10 21 24 28 80 29 50 48 13 15 6 5 56 67 55 78 36 18 73 44 7 17 30 33 46 27 75 76 25 70 51 20 58 45 49 38 32 
80 4 27 17 8 25 58 0 9 14 20 79 55 37 26 36 39 31 11 75 19 28 76 10 66 59 68 7 73 65 61 63 45 56 13 6 72 71 5 38 77 
