0 88 38 71 14 79 8 15 77 42 24 49 54 64 92 81 45 85 19 65 20 67 70 28 63 57 89 41 53 86 72 11 76 30 6 29 22 87 37 91 34 21 18 52 50 47 93 3 73 80 43 78 44 4 35 7 59 26 83 25 23 46 75 48 9 55 94 39 33 
1 50 57 26 42 12 90 68 72 41 63 67 35 9 27 94 93 54 45 5 15 61 53 10 16 58 52 23 32 56 8 49 44 3 48 83 38 51 76 66 87 86 19 75 55 34 6 43 30 37 11 65 20 91 78 77 80 2 18 89 59 28 17 21 84 36 31 4 33 22 71 14 70 64 92 79 24 
2 6 60 45 44 50 87 78 54 94 5 64 93 80 22 63 41 14 18 24 42 15 19 85 58 53 40 12 73 81 49 39 74 88 46 35 86 21 76 25 33 51 89 48 72 36 82 47 31 52 16 71 57 92 1 27 32 66 38 37 17 67 83 56 77 4 62 34 11 29 69 79 
3 64 58 62 83 78 10 38 82 59 55 77 68 11 26 65 32 27 69 17 35 52 81 24 93 20 60 28 33 85 5 1 73 44 63 36 34 0 54 47 21 76 15 57 51 8 12 43 41 91 80 71 61 37 14 22 6 86 25 16 4 19 49 53 79 70 9 29 67 66 13 
4 84 11 72 21 76 17 51 75 36 39 62 47 37 34 78 22 28 20 8 27 56 15 9 83 82 13 12 49 29 48 61 55 91 85 59 64 46 6 81 24 60 86 18 0 23 19 73 58 41 70 31 16 26 69 45 93 80 66 57 94 3 68 30 79 7 1 2 43 63 
5 47 66 28 91 6 51 94 33 2 87 54 22 83 65 71 84 26 81 43 45 60 86 41 75 1 89 90 35 30 16 36 49 25 3 42 52 80 77 53 79 56 34 20 21 46 70 12 64 58 39 17 59 73 38 82 74 9 19 78 14 31 92 7 37 69 57 61 32 50 62 
6 12 2 81 80 43 30 87 11 70 5 13 63 34 55 39 65 37 25 18 41 28 38 29 62 14 40 94 66 24 20 93 74 88 0 61 75 45 86 48 91 32 4 19 15 1 22 92 73 52 77 83 85 59 3 7 44 47 10 9 60 8 56 82 78 72 89 49 68 50 26 64 33 42 
7 61 8 14 82 46 17 11 26 69 94 67 33 88 90 15 34 10 51 36 76 75 52 43 66 9 35 93 42 28 41 64 38 47 24 62 55 23 37 13 91 83 20 63 27 80 31 50 16 0 70 81 73 22 60 79 86 39 44 71 72 25 40 6 48 4 18 54 21 78 57 68 5 58 59 84 30 
8 33 7 19 49 45 20 58 11 0 65 88 61 94 32 83 59 70 37 85 9 15 79 23 54 25 4 62 42 1 64 77 36 90 17 57 13 81 28 67 80 30 29 10 48 87 34 3 63 47 35 18 39 52 56 84 40 43 41 51 44 50 53 92 12 6 72 60 68 46 86 16 21 31 66 
9 19 49 61 51 26 23 17 42 41 31 65 15 8 92 35 77 36 44 59 1 53 39 64 11 70 7 4 87 13 37 43 67 34 27 82 93 66 89 76 28 90 24 58 46 68 72 74 57 75 84 29 63 10 79 69 25 6 60 56 78 5 0 81 86 54 52 47 38 71 30 18 83 3 50 
10 16 87 17 67 30 3 66 76 51 85 84 61 55 56 72 59 7 28 18 22 1 31 46 75 93 26 74 53 41 73 63 12 77 81 86 50 44 80 34 11 82 78 8 38 25 21 20 94 32 88 58 52 15 19 48 65 43 91 57 70 90 83 35 14 45 9 6 42 64 24 68 13 47 54 79 36 89 37 
11 22 4 39 61 8 6 94 75 15 7 60 89 41 42 3 16 52 46 78 48 57 0 55 20 9 25 74 54 77 50 68 81 30 10 49 45 73 38 66 70 71 82 1 14 24 21 12 62 47 80 59 91 86 13 17 18 63 34 40 32 2 19 27 35 31 
12 6 24 57 56 54 85 25 1 61 93 23 15 72 59 69 21 26 83 42 86 66 41 81 74 53 45 67 52 87 2 4 58 31 60 10 30 14 91 50 13 33 75 34 16 36 3 5 11 27 79 94 40 68 65 8 20 29 90 77 92 70 49 
13 26 31 92 72 39 85 6 23 45 62 27 15 43 88 87 50 59 30 19 55 73 47 36 20 90 4 37 79 9 8 56 82 91 12 60 94 7 38 89 41 86 24 33 48 42 35 64 93 75 49 68 58 21 70 81 22 11 34 44 53 76 78 10 83 18 28 54 51 52 3 
14 35 81 0 7 67 48 62 45 86 36 84 21 37 55 2 29 30 50 72 25 6 61 69 76 19 59 38 60 42 78 79 41 32 34 15 12 31 90 68 88 33 56 57 11 20 22 3 10 46 70 64 71 28 87 40 92 5 94 91 53 1 51 83 93 82 65 23 
15 74 25 44 65 23 18 0 70 20 37 11 71 12 9 13 8 72 17 19 88 50 78 46 7 94 51 31 85 54 49 1 39 2 4 68 93 35 84 34 14 30 59 87 6 64 3 76 29 63 10 22 38 79 26 52 53 27 67 60 56 48 43 24 83 28 62 57 61 
16 10 21 26 66 85 36 59 92 44 67 11 47 76 46 93 75 48 62 45 54 34 1 5 50 80 25 88 41 65 30 22 64 79 94 86 31 71 87 90 72 12 42 19 53 23 7 29 83 73 2 4 69 84 77 81 63 55 43 27 3 18 32 35 68 8 57 70 28 
17 10 9 77 4 47 36 7 75 64 26 27 15 74 54 52 51 68 3 76 86 25 88 55 94 37 40 80 8 91 33 46 23 53 49 79 87 30 32 44 19 21 72 65 31 57 59 85 22 58 69 45 83 56 48 5 70 62 82 11 1 41 61 39 24 2 42 66 78 63 92 29 
18 77 42 75 15 83 70 76 43 28 54 35 53 6 34 24 2 78 25 10 63 56 90 41 37 65 91 61 94 48 0 93 51 38 79 47 86 72 46 27 4 80 45 8 64 19 31 84 71 1 67 44 88 36 21 11 16 20 7 92 55 30 87 13 40 69 9 57 
19 9 82 59 91 8 31 38 41 44 56 75 21 71 36 87 43 54 15 76 0 70 83 23 49 68 13 52 28 29 14 2 77 78 53 92 90 50 33 32 51 6 1 63 72 24 17 89 45 86 79 16 4 94 10 37 18 81 57 64 60 22 80 62 35 65 46 5 3 48 88 66 20 34 84 11 85 
20 87 45 51 64 8 91 78 49 15 67 66 23 46 25 22 39 92 57 32 44 30 69 60 0 83 4 34 37 82 93 11 48 6 50 3 86 13 54 33 61 28 40 77 29 63 74 36 79 7 42 27 10 5 73 14 71 1 47 85 68 70 94 58 12 84 80 52 18 75 72 88 53 35 19 
21 59 77 4 16 90 72 92 24 26 84 49 63 39 68 64 82 41 52 46 19 37 42 83 12 14 27 38 75 40 79 30 48 28 47 87 25 78 71 50 29 58 2 34 0 86 17 3 33 23 91 32 70 10 80 5 69 11 76 13 81 61 93 18 73 1 22 56 44 89 7 74 60 67 65 66 45 43 8 
22 11 53 94 29 62 85 44 74 23 82 20 5 78 41 45 77 55 2 76 28 4 36 87 38 61 57 10 52 54 27 51 46 33 70 75 86 69 0 32 16 84 59 90 6 25 17 64 89 71 92 15 7 14 26 3 19 13 34 31 40 21 42 1 48 35 73 91 30 
23 28 86 42 88 24 78 90 87 9 27 15 22 20 13 56 12 65 32 8 30 37 19 31 58 36 82 1 51 45 33 67 60 48 35 17 79 73 46 7 38 80 21 63 89 57 54 91 25 16 34 71 59 4 40 49 66 92 0 55 85 50 53 14 
24 23 12 30 65 42 21 88 0 36 74 71 80 46 37 18 25 43 79 58 2 68 32 6 40 54 39 73 3 87 48 83 77 50 63 70 7 78 62 69 28 82 4 19 55 49 93 13 9 59 29 11 61 45 26 41 17 10 47 57 15 34 38 53 92 86 90 81 44 33 1 
25 75 15 36 60 91 90 65 67 45 12 20 77 63 76 56 6 24 14 8 44 18 73 58 92 26 17 50 11 21 16 49 85 5 37 32 27 40 2 29 69 82 83 22 94 10 23 48 78 59 55 42 38 87 7 70 35 0 71 3 39 9 61 89 72 30 86 34 79 52 81 54 51 
26 13 9 36 16 72 1 40 47 21 62 73 7 41 17 27 12 77 5 3 48 44 31 76 65 80 25 74 52 10 54 32 75 56 33 29 84 88 64 85 87 67 69 58 30 60 92 94 55 90 81 66 4 43 0 22 15 24 59 63 83 28 93 45 57 91 79 38 71 86 42 68 34 82 49 6 
27 23 52 48 71 64 70 90 31 87 34 13 93 26 75 17 86 21 65 58 3 43 94 79 1 78 42 4 44 22 60 59 67 36 83 45 76 62 25 32 51 9 92 69 61 85 73 7 47 82 18 77 20 53 81 35 12 55 74 80 39 2 57 15 72 16 56 40 30 46 41 11 29 38 
28 23 58 71 37 5 92 68 91 34 30 41 36 94 18 32 65 57 51 22 6 4 38 0 54 10 49 21 46 19 85 70 82 3 56 90 7 47 8 20 31 45 87 93 24 39 79 76 81 72 9 53 33 59 80 64 1 26 78 48 44 14 29 15 77 75 61 13 16 89 
29 90 83 68 22 78 38 92 74 81 76 87 56 64 85 6 51 14 69 19 30 47 84 54 80 46 41 0 52 62 4 59 31 36 86 21 26 75 20 72 25 94 37 79 8 15 16 32 24 65 40 35 60 9 91 57 63 39 53 12 28 93 45 2 44 27 67 17 82 42 3 
30 72 34 24 45 6 10 62 28 68 90 46 50 31 88 47 32 60 37 74 59 23 20 21 13 14 65 84 87 77 79 29 5 81 52 76 92 0 63 41 67 61 35 12 16 15 11 93 17 70 83 85 8 1 26 64 75 91 44 58 53 48 82 66 27 4 57 43 25 71 18 9 51 22 7 89 
31 73 66 44 33 19 13 49 9 65 81 27 30 93 46 80 51 52 92 61 70 15 32 67 57 55 23 26 53 10 42 77 78 87 69 37 12 29 74 91 28 14 16 71 72 56 17 7 89 48 47 45 2 54 4 18 94 62 22 64 1 83 5 39 75 79 88 86 59 40 11 8 
32 83 67 65 8 61 44 37 47 69 88 30 50 28 59 91 23 55 20 74 51 3 31 92 80 24 1 54 85 43 26 82 14 36 25 33 27 22 6 41 19 38 17 86 68 60 39 21 79 76 10 45 29 53 34 93 49 2 62 72 40 77 58 35 84 16 87 46 90 89 73 11 5 
33 8 78 34 31 81 61 68 91 35 62 69 5 63 87 58 66 7 44 92 40 83 42 60 48 46 72 84 22 23 3 32 20 17 86 19 26 85 2 12 21 13 14 94 37 73 80 74 89 28 64 39 67 56 43 38 41 59 1 77 0 24 6 
34 35 30 33 91 39 48 41 28 6 27 83 4 50 38 60 18 7 81 20 62 47 90 16 45 65 74 72 51 15 61 64 88 9 14 70 0 10 80 21 55 75 1 68 52 58 12 82 3 43 84 5 89 8 42 23 46 32 76 40 66 22 13 94 86 71 11 54 24 69 26 57 25 63 2 36 78 19 
35 14 34 57 67 84 63 91 81 45 48 39 33 68 72 54 87 65 18 80 9 46 89 1 61 76 78 3 44 5 7 49 41 15 47 30 23 2 77 88 60 90 62 93 50 52 13 82 0 85 56 42 8 27 70 66 29 58 10 25 74 40 19 75 86 64 79 37 32 51 43 16 20 22 92 11 53 94 
36 43 25 26 17 51 16 4 28 24 44 39 19 14 45 67 75 84 59 85 55 9 22 7 86 48 87 49 23 13 81 71 5 76 27 8 80 70 32 29 92 83 65 20 3 2 90 72 88 77 64 78 12 54 93 74 47 94 41 56 60 57 37 18 68 66 1 58 50 40 42 34 10 89 
37 76 84 64 28 39 15 55 32 67 8 86 21 30 4 89 6 14 24 23 42 58 91 20 49 78 45 57 38 18 46 17 31 13 41 77 25 9 88 65 50 0 63 52 92 40 7 29 48 93 33 1 70 19 90 47 3 60 36 68 72 81 2 35 53 75 5 74 80 62 10 
38 66 47 0 88 83 64 19 3 86 29 65 57 40 68 21 34 6 44 50 28 22 59 67 94 81 56 14 52 37 7 90 49 91 32 1 92 69 63 60 39 93 82 13 18 61 23 78 11 10 77 72 71 25 76 15 2 79 54 5 53 26 33 41 24 9 43 42 27 
39 80 11 37 59 13 49 58 34 35 21 4 69 20 36 94 6 54 43 63 82 64 15 9 88 70 24 2 83 76 38 28 75 66 32 55 57 65 53 89 8 33 40 87 61 7 5 27 45 78 93 50 29 25 17 62 71 91 31 0 81 56 44 
40 78 50 55 66 83 77 26 48 91 52 38 21 33 6 61 24 41 2 17 75 76 42 79 67 65 25 20 59 37 46 87 94 51 81 84 64 23 34 74 39 8 29 73 54 7 35 12 80 32 88 93 22 27 57 14 56 11 36 71 85 53 18 90 63 31 
41 52 78 42 93 9 66 19 34 90 28 21 62 1 26 22 61 11 58 6 12 2 44 77 81 0 5 73 45 60 55 54 40 43 18 30 85 29 35 49 14 10 7 37 83 16 79 80 32 76 13 65 64 46 56 86 50 91 36 3 4 8 24 89 17 70 92 75 38 33 68 74 27 63 
42 61 23 54 60 88 18 41 90 24 63 9 73 89 62 0 1 45 72 21 81 11 65 94 12 50 37 84 70 27 2 33 46 66 31 8 79 44 56 7 14 40 75 53 5 49 74 77 80 20 16 13 34 48 85 35 93 86 82 47 25 58 43 64 10 22 26 17 71 76 36 59 87 38 29 6 
43 61 87 6 52 36 86 53 91 51 78 18 62 45 93 49 19 13 85 80 73 39 71 27 24 5 50 82 75 7 41 48 94 79 88 90 32 57 44 9 66 63 65 68 1 72 34 59 46 0 3 70 10 8 26 92 56 76 55 64 33 42 16 47 15 83 58 35 30 74 67 38 4 21 
44 77 15 31 47 2 19 22 86 32 73 36 16 84 79 20 59 74 33 38 41 68 53 69 9 26 82 25 72 27 52 93 35 42 67 91 71 83 1 43 78 49 87 90 10 3 17 92 85 55 80 0 94 61 58 30 62 60 7 18 8 51 75 6 13 70 28 46 21 64 56 89 65 24 29 39 
45 20 85 2 30 8 68 54 74 35 63 72 14 80 25 42 83 13 93 86 43 36 90 22 0 91 47 75 16 5 81 55 1 12 41 84 37 34 23 53 27 71 6 59 70 67 28 48 61 69 11 56 19 92 88 32 17 31 77 18 52 24 58 4 39 10 87 78 82 73 26 29 62 49 21 46 
46 84 88 7 57 55 20 30 21 31 91 68 70 15 58 24 49 35 16 89 11 93 28 42 10 80 33 22 29 37 54 66 86 17 2 92 4 23 56 40 52 59 41 43 81 18 90 9 50 87 75 51 34 53 5 77 47 85 14 76 94 0 19 72 63 73 44 78 8 62 32 27 48 65 45 
47 38 5 44 74 26 17 82 32 89 57 30 4 67 64 76 16 45 72 71 92 34 29 81 13 56 88 62 21 79 55 35 28 7 65 78 0 68 73 61 18 3 50 27 48 2 69 31 36 8 20 91 42 37 11 93 51 46 85 6 54 43 24 9 70 10 49 
48 76 27 14 34 35 40 92 71 80 21 26 11 16 74 36 20 33 43 24 50 23 4 68 53 90 18 6 66 1 61 45 72 85 2 60 37 47 69 8 13 82 42 31 25 17 10 54 49 52 83 91 65 89 30 75 28 7 0 64 73 15 19 88 78 22 81 87 57 46 
49 9 8 56 39 31 21 20 51 69 0 63 43 58 66 46 76 91 19 28 15 74 52 70 37 36 83 59 35 1 5 25 4 41 81 2 44 42 38 17 86 11 62 24 54 89 53 93 80 23 48 55 13 64 32 94 60 78 88 3 47 79 61 6 26 45 12 72 
50 58 40 1 67 54 2 81 30 32 86 83 15 34 42 13 38 70 14 71 66 43 20 94 25 16 11 48 21 61 53 19 24 37 10 60 12 64 0 72 59 47 35 7 41 46 69 55 51 63 39 8 78 84 92 79 36 85 52 6 23 5 82 62 9 
51 9 20 77 93 62 66 4 36 43 5 10 49 31 28 64 32 29 15 17 7 92 88 70 22 23 89 69 34 27 19 1 2 65 18 85 63 40 73 3 75 46 60 47 50 8 68 44 94 86 35 53 74 79 14 61 81 30 13 25 80 
52 41 79 43 84 66 71 27 64 68 54 21 40 31 75 76 78 11 17 88 19 7 49 44 22 1 30 3 38 12 26 90 29 85 65 5 37 56 0 46 86 34 67 73 77 74 35 72 6 89 87 10 2 94 48 8 45 58 15 93 20 55 9 50 25 13 
53 22 81 77 84 43 74 80 79 18 67 62 89 44 12 9 0 31 87 1 45 2 19 55 10 50 90 42 48 17 70 85 54 5 82 94 78 49 28 16 58 75 32 46 59 39 27 71 30 73 8 15 64 13 29 38 37 72 3 91 51 56 24 14 68 20 63 40 61 23 35 
54 60 80 42 12 45 59 79 50 52 2 5 0 35 19 18 17 72 39 8 85 28 15 91 1 16 41 29 22 24 11 32 81 26 46 89 68 88 20 53 49 3 23 64 70 67 55 36 62 58 63 48 31 65 40 92 76 57 47 38 90 87 66 9 34 7 84 10 13 25 86 
55 40 67 80 57 75 79 60 46 37 74 58 84 6 3 10 32 22 36 94 14 83 45 77 31 13 41 11 85 82 17 47 53 4 7 34 1 81 68 24 73 44 69 39 54 26 93 49 76 71 25 50 27 61 88 43 16 64 23 62 90 0 52 70 18 72 65 89 66 92 
56 68 12 57 49 69 19 59 23 67 88 29 71 25 89 10 72 65 58 64 66 81 18 47 4 38 1 78 42 28 90 94 61 13 76 26 46 83 52 74 93 31 45 41 5 14 35 36 17 63 60 8 70 33 43 77 84 85 79 15 27 21 6 92 9 40 87 86 2 53 73 44 39 
57 35 12 75 56 55 89 1 82 68 70 46 60 47 38 20 28 67 86 58 0 31 22 11 37 74 90 43 8 78 76 88 92 83 61 17 23 39 3 62 14 9 87 64 2 10 36 81 19 59 27 29 54 69 85 4 26 72 40 24 30 73 7 34 16 79 15 5 66 48 18 71 
58 3 50 72 28 71 83 8 39 80 55 93 77 49 33 46 41 27 70 57 91 56 24 37 76 23 25 1 92 90 2 75 65 12 66 88 21 69 60 62 79 34 64 26 67 9 53 94 17 54 10 4 44 13 78 30 5 45 52 35 42 74 20 32 36 43 73 59 7 82 
59 81 21 19 39 54 86 56 8 16 92 12 3 32 68 44 30 62 61 76 13 10 36 91 94 38 9 74 49 83 14 27 29 45 4 89 15 82 40 22 69 46 65 43 50 79 17 88 24 90 23 93 53 25 70 0 28 6 78 67 5 11 57 1 26 64 60 72 84 66 73 33 77 58 42 7 31 85 
60 54 87 42 2 25 72 55 57 69 75 11 30 79 68 92 64 20 34 74 5 94 90 66 41 33 77 62 27 14 3 23 12 50 86 58 82 38 13 35 88 4 65 48 32 26 81 51 78 85 36 56 37 7 44 29 19 49 6 15 8 59 9 21 93 80 61 91 71 
61 42 7 9 43 11 70 83 8 77 32 33 72 86 12 78 10 41 31 59 92 64 85 90 22 35 14 40 73 1 91 62 89 67 18 6 50 56 4 66 30 81 34 20 48 76 68 79 63 57 80 71 45 27 47 38 74 44 24 3 39 55 21 17 25 49 51 28 53 65 15 5 60 
62 3 81 88 22 30 51 91 42 14 26 33 90 43 41 13 4 68 85 59 53 6 16 73 72 34 63 78 61 8 87 60 47 84 76 29 93 66 27 83 24 7 58 75 49 35 82 57 77 54 65 69 11 44 32 17 19 31 80 39 55 46 94 15 2 71 45 67 50 37 5 86 
63 86 35 42 45 21 79 74 6 49 68 65 25 33 69 1 2 72 66 39 0 91 62 18 71 94 30 87 80 64 75 10 24 85 37 61 43 38 20 19 3 51 7 23 70 67 8 89 54 15 56 84 50 9 16 26 29 77 81 11 46 78 92 53 34 17 82 41 40 4 
64 3 92 90 37 20 38 27 69 52 21 81 2 0 17 47 29 71 61 60 51 75 56 39 9 67 68 8 80 63 7 34 4 26 16 50 74 58 41 93 87 15 54 88 30 36 13 22 70 86 40 66 57 18 33 5 83 28 19 49 43 59 85 42 76 55 53 14 94 35 31 48 10 44 1 6 
65 32 24 15 92 8 25 31 9 38 63 80 28 23 6 35 5 27 42 3 56 0 30 26 68 18 34 58 69 70 52 40 37 16 47 78 66 43 36 51 60 89 41 17 59 74 39 82 1 62 10 72 93 48 94 29 54 77 19 12 76 73 86 84 55 14 61 21 44 81 87 83 46 91 
66 38 5 31 40 52 84 41 16 10 51 20 49 70 33 63 12 89 50 56 42 6 60 7 76 62 75 46 43 61 83 93 48 58 65 71 1 9 72 39 11 82 81 68 77 64 26 94 35 23 34 2 4 87 36 88 79 54 30 59 74 17 67 19 57 21 55 8 3 
67 32 55 35 10 14 25 50 80 20 37 56 47 7 16 57 91 36 53 0 1 31 86 38 12 93 72 76 70 64 61 27 44 23 88 77 30 9 40 8 45 69 26 68 92 52 71 58 94 78 54 85 63 84 87 74 75 33 59 18 73 15 2 43 21 66 79 29 62 3 
68 56 45 29 73 28 57 33 21 52 93 30 35 1 63 46 92 3 62 38 60 83 59 44 19 86 17 65 75 24 15 90 71 64 81 94 11 54 48 82 76 85 88 61 87 43 47 67 34 55 91 32 14 78 89 84 9 66 79 13 80 37 51 20 12 72 36 8 4 10 41 16 53 26 7 6 74 
69 86 56 88 64 33 32 60 49 39 7 12 63 20 91 84 44 3 29 82 14 73 31 71 51 90 65 85 22 67 58 24 27 38 87 25 26 59 45 70 94 55 93 48 79 76 47 17 21 62 50 16 4 80 9 74 92 57 77 34 5 72 18 2 
70 80 61 6 18 15 57 27 79 8 78 46 66 85 19 58 31 0 50 42 83 82 51 49 39 88 67 9 89 28 22 65 36 81 24 45 34 53 30 71 69 11 21 54 63 64 93 37 7 5 43 59 4 10 35 56 25 13 17 14 20 87 41 44 92 55 47 75 12 1 91 77 3 16 
71 83 28 73 0 58 52 27 15 19 24 56 94 5 64 81 48 43 76 87 50 75 47 63 89 68 82 69 36 44 21 45 78 92 80 77 66 85 61 16 70 31 67 11 23 79 20 22 3 53 2 55 18 38 7 72 74 84 25 34 39 14 26 42 1 40 30 9 62 86 60 57 
72 58 30 4 21 90 13 26 60 88 78 61 45 77 42 1 35 12 74 15 54 10 56 63 82 94 14 47 62 44 0 67 89 33 80 34 75 73 86 29 19 48 66 43 2 17 31 28 36 16 18 50 52 79 84 9 38 65 71 7 37 32 68 27 8 46 59 57 53 25 20 6 55 76 69 49 
73 81 31 83 71 93 68 42 26 44 92 89 84 43 82 62 88 77 41 61 25 13 69 24 90 2 10 23 72 3 79 27 47 55 11 75 0 52 51 76 33 6 20 4 16 7 91 80 5 40 53 21 67 45 48 46 65 58 59 32 57 56 22 85 
74 15 77 47 45 22 53 29 55 63 72 24 30 17 44 32 60 12 48 49 59 26 6 11 57 10 86 34 92 31 94 2 42 80 56 20 64 83 65 90 52 75 87 36 33 61 9 67 40 27 89 71 35 69 58 76 5 81 51 43 21 41 66 37 85 82 68 
75 25 57 18 55 11 91 4 60 19 17 27 80 76 21 52 36 64 16 45 71 5 7 43 68 10 90 58 6 89 40 26 63 22 72 66 42 29 62 1 39 34 12 73 78 74 30 51 46 53 13 67 9 85 44 48 35 82 0 87 20 41 28 31 70 37 86 
76 37 4 48 18 10 29 75 25 19 78 52 59 22 47 49 16 88 71 58 7 35 26 14 17 0 67 30 83 62 36 40 27 66 57 79 56 93 61 91 68 85 82 39 1 2 41 9 28 84 3 80 73 32 15 69 90 94 34 55 21 81 38 43 46 54 92 64 65 74 13 42 72 87 
77 21 18 44 74 40 94 53 51 17 0 61 72 90 58 25 3 26 22 9 41 55 79 73 86 30 60 85 31 92 11 19 8 67 24 37 10 71 35 20 42 5 52 36 87 27 38 62 6 66 84 45 46 1 65 83 16 56 63 32 91 82 69 28 12 2 59 33 70 
78 40 33 3 41 23 85 20 29 72 2 43 70 91 22 61 76 15 4 83 52 11 18 27 35 62 37 31 84 56 21 19 14 44 71 57 87 94 65 24 47 79 38 10 53 68 67 81 75 36 0 25 92 60 1 58 59 39 45 93 49 50 28 9 13 63 46 5 6 82 48 7 17 34 90 89 
79 83 52 0 55 54 89 70 63 60 88 53 44 8 21 24 27 77 30 85 47 42 43 14 93 91 13 76 40 41 82 17 84 23 61 73 16 58 20 78 18 28 29 5 59 19 32 69 72 71 68 12 7 94 15 9 38 56 66 35 26 90 4 50 51 3 31 49 25 57 67 10 1 2 
80 54 70 39 6 55 88 67 58 45 53 31 65 75 2 43 35 24 48 91 26 32 46 29 16 72 17 63 64 36 86 85 41 71 5 82 10 34 74 8 61 42 23 0 7 44 76 18 21 33 49 3 28 73 68 27 11 1 81 19 69 4 62 40 89 20 92 37 60 84 51 
81 59 6 73 62 85 14 88 53 33 35 86 84 64 31 50 29 42 0 71 90 34 12 5 41 45 56 47 38 92 30 3 91 36 68 54 2 49 8 70 61 11 10 93 4 55 28 40 78 46 60 66 87 7 26 27 89 76 57 19 21 13 16 80 37 63 74 9 39 51 24 65 48 25 94 
82 19 7 57 3 21 47 22 92 73 72 39 44 43 69 70 20 88 23 55 71 28 4 91 32 68 79 13 80 9 76 59 60 84 24 93 38 10 34 53 25 86 62 66 2 27 48 11 35 65 87 42 90 94 83 17 30 45 75 77 5 6 78 14 26 63 74 58 89 29 50 
83 32 71 79 3 73 38 29 58 40 61 18 8 45 86 5 21 34 12 50 85 68 78 19 92 20 55 70 33 89 84 94 49 59 76 88 4 24 27 44 41 90 66 39 62 1 56 57 36 30 7 87 25 74 93 91 16 6 17 48 82 64 77 10 0 26 43 2 15 31 14 13 65 9 
84 46 4 90 37 93 35 52 53 66 21 81 55 10 14 44 88 73 5 36 69 30 42 45 29 83 78 33 62 89 15 79 26 82 22 76 34 40 68 67 72 77 87 85 63 18 8 9 16 56 71 92 1 20 50 59 32 54 65 94 7 19 80 
85 88 45 81 12 78 13 22 16 8 10 62 94 83 43 0 29 70 36 61 54 15 89 92 28 79 2 77 55 93 32 41 25 69 52 3 80 91 4 63 68 33 76 53 26 71 48 27 51 44 30 17 67 35 42 84 60 6 46 75 20 47 64 56 57 50 23 90 40 73 74 59 19 
86 63 23 69 43 59 81 44 38 61 83 14 37 45 50 27 12 57 94 68 36 5 67 0 77 17 20 74 80 22 46 6 29 33 10 2 60 72 1 16 52 21 49 82 32 13 18 4 41 19 89 64 42 7 87 11 3 34 35 51 26 9 56 65 91 8 25 24 75 71 31 62 54 
87 20 10 60 43 88 23 6 2 27 5 19 35 33 29 13 71 22 30 91 36 53 62 31 21 24 12 63 9 44 78 0 28 89 17 1 26 40 68 15 69 16 83 64 77 8 74 46 81 52 67 82 84 57 94 39 25 86 45 93 70 66 54 75 14 32 56 18 90 42 65 76 48 
88 0 85 23 42 62 38 81 87 80 46 8 92 72 69 24 32 30 56 79 13 15 84 7 76 91 73 52 51 39 70 47 82 17 83 16 43 6 67 54 37 34 57 2 58 68 26 35 60 93 14 36 59 64 45 10 94 55 18 40 66 89 49 48 19 20 31 
89 57 42 79 47 93 73 37 11 56 53 46 66 35 0 85 83 5 71 72 70 61 51 84 54 75 91 59 87 9 2 13 65 19 49 23 31 86 68 34 94 22 92 52 90 63 33 39 81 48 1 74 41 80 88 25 21 32 6 44 55 82 10 28 78 36 30 
90 84 29 64 23 21 42 72 25 27 62 41 1 77 30 45 7 91 81 61 60 34 5 18 68 75 73 58 52 57 13 43 69 28 8 19 53 56 48 44 83 38 22 35 16 36 14 74 9 46 59 89 76 26 37 82 10 54 92 55 12 79 94 32 85 24 93 87 40 78 
91 92 19 34 94 35 20 25 5 62 75 43 33 28 78 40 46 93 32 67 90 69 45 59 49 88 58 37 54 80 63 87 61 81 44 18 82 79 17 4 85 6 76 89 31 38 0 12 13 7 68 21 23 41 83 30 3 1 47 73 48 10 29 11 77 26 39 53 14 86 70 22 60 65 
92 91 64 21 28 13 65 88 29 59 20 73 16 68 31 60 9 0 61 48 82 83 33 51 93 47 85 32 25 81 77 58 30 19 74 71 46 27 94 57 38 36 37 67 44 6 45 26 89 78 22 2 43 23 54 84 76 8 69 70 90 56 50 41 80 14 63 18 5 24 35 12 17 1 55 
93 73 84 41 51 68 12 58 31 45 2 43 89 91 27 16 92 46 1 67 20 44 6 10 85 7 3 15 79 62 66 76 9 81 30 28 18 82 56 88 38 0 64 24 37 83 35 69 94 49 36 70 59 13 42 55 65 47 32 4 39 21 78 87 52 26 40 60 29 14 90 
94 22 91 77 11 8 5 2 28 39 7 85 71 42 15 72 55 86 27 59 60 6 1 83 63 38 50 43 17 68 18 56 74 78 92 16 13 29 40 53 69 67 93 33 25 89 10 58 36 88 44 26 19 52 87 76 82 66 65 12 79 51 31 49 46 20 34 64 4 14 62 90 0 84 81 35 
