0 25 
0 5 
0 21 
0 15 
0 6 
0 16 
0 20 
0 14 
0 9 
1 30 
1 29 
1 32 
1 4 
1 10 
1 27 
2 20 
2 8 
2 11 
2 12 
2 18 
2 4 
2 15 
2 7 
3 15 
3 21 
3 23 
3 32 
3 20 
3 13 
3 5 
3 4 
3 22 
3 12 
4 8 
4 6 
4 1 
4 25 
4 5 
4 11 
4 12 
4 2 
4 3 
4 21 
5 23 
5 9 
5 0 
5 6 
5 24 
5 25 
5 4 
5 13 
5 3 
5 18 
5 26 
5 8 
6 23 
6 4 
6 5 
6 28 
6 31 
6 22 
6 26 
6 0 
6 19 
6 8 
7 17 
7 8 
7 20 
7 16 
7 30 
7 26 
7 13 
7 22 
7 2 
8 7 
8 4 
8 16 
8 20 
8 2 
8 9 
8 15 
8 22 
8 24 
8 5 
8 6 
9 10 
9 5 
9 17 
9 8 
9 20 
9 27 
9 32 
9 26 
9 15 
9 0 
9 19 
9 29 
10 9 
10 19 
10 23 
10 1 
10 25 
10 24 
10 17 
10 31 
10 22 
11 14 
11 30 
11 20 
11 2 
11 4 
11 29 
11 27 
12 16 
12 15 
12 31 
12 25 
12 24 
12 30 
12 2 
12 4 
12 23 
12 3 
13 27 
13 20 
13 22 
13 5 
13 24 
13 3 
13 7 
14 11 
14 19 
14 29 
14 27 
14 20 
14 16 
14 0 
14 32 
15 12 
15 24 
15 21 
15 20 
15 3 
15 0 
15 8 
15 30 
15 28 
15 25 
15 2 
15 17 
15 9 
15 26 
16 27 
16 30 
16 12 
16 8 
16 7 
16 18 
16 0 
16 14 
17 7 
17 9 
17 18 
17 23 
17 10 
17 31 
17 25 
17 15 
17 20 
18 17 
18 2 
18 16 
18 22 
18 32 
18 5 
18 30 
19 10 
19 23 
19 14 
19 6 
19 27 
19 25 
19 9 
20 7 
20 2 
20 31 
20 15 
20 8 
20 24 
20 11 
20 13 
20 23 
20 9 
20 28 
20 29 
20 3 
20 25 
20 14 
20 32 
20 0 
20 17 
21 15 
21 0 
21 3 
21 28 
21 30 
21 25 
21 4 
21 29 
22 23 
22 6 
22 18 
22 25 
22 8 
22 13 
22 3 
22 24 
22 7 
22 10 
23 6 
23 22 
23 5 
23 30 
23 29 
23 3 
23 10 
23 17 
23 20 
23 31 
23 19 
23 25 
23 12 
24 15 
24 26 
24 12 
24 5 
24 20 
24 10 
24 13 
24 22 
24 8 
25 0 
25 12 
25 4 
25 5 
25 10 
25 22 
25 23 
25 20 
25 26 
25 17 
25 15 
25 21 
25 19 
26 24 
26 32 
26 6 
26 29 
26 7 
26 25 
26 9 
26 5 
26 15 
27 16 
27 30 
27 13 
27 32 
27 14 
27 1 
27 9 
27 11 
27 19 
28 32 
28 6 
28 21 
28 20 
28 15 
29 1 
29 23 
29 32 
29 14 
29 11 
29 26 
29 20 
29 30 
29 21 
29 9 
30 1 
30 16 
30 27 
30 23 
30 11 
30 12 
30 7 
30 15 
30 31 
30 21 
30 29 
30 18 
31 12 
31 20 
31 6 
31 23 
31 10 
31 17 
31 30 
32 1 
32 28 
32 27 
32 26 
32 29 
32 18 
32 3 
32 9 
32 20 
32 14 
