0 8 
0 31 
0 17 
0 38 
0 30 
0 47 
0 46 
0 20 
0 15 
0 40 
0 43 
0 16 
0 44 
0 14 
0 24 
0 9 
0 2 
0 42 
0 25 
0 48 
0 39 
0 19 
0 6 
0 7 
0 3 
1 48 
1 30 
1 15 
1 43 
1 45 
1 27 
1 36 
1 47 
1 18 
1 41 
1 7 
1 4 
1 29 
1 23 
1 8 
1 13 
1 10 
1 26 
1 31 
1 6 
1 39 
1 9 
1 34 
1 32 
1 28 
1 11 
1 19 
2 15 
2 10 
2 12 
2 11 
2 5 
2 47 
2 43 
2 42 
2 8 
2 24 
2 6 
2 25 
2 19 
2 17 
2 20 
2 13 
2 0 
2 30 
2 4 
2 28 
2 46 
2 45 
2 29 
2 44 
3 6 
3 38 
3 42 
3 30 
3 12 
3 31 
3 29 
3 41 
3 14 
3 9 
3 10 
3 36 
3 34 
3 11 
3 8 
3 23 
3 33 
3 5 
3 21 
3 22 
3 13 
3 0 
3 25 
4 9 
4 47 
4 20 
4 12 
4 15 
4 29 
4 6 
4 46 
4 18 
4 32 
4 22 
4 24 
4 1 
4 26 
4 37 
4 45 
4 2 
4 31 
4 8 
4 36 
4 28 
4 39 
4 35 
4 7 
5 27 
5 34 
5 23 
5 47 
5 33 
5 37 
5 43 
5 2 
5 6 
5 24 
5 25 
5 36 
5 30 
5 13 
5 19 
5 41 
5 29 
5 8 
5 20 
5 26 
5 11 
5 45 
5 9 
5 35 
5 48 
5 7 
5 3 
5 18 
6 15 
6 35 
6 24 
6 44 
6 3 
6 34 
6 25 
6 10 
6 36 
6 16 
6 4 
6 20 
6 5 
6 46 
6 38 
6 14 
6 30 
6 2 
6 11 
6 40 
6 23 
6 28 
6 27 
6 21 
6 1 
6 41 
6 0 
6 12 
7 25 
7 43 
7 27 
7 22 
7 38 
7 12 
7 46 
7 21 
7 30 
7 37 
7 1 
7 45 
7 48 
7 11 
7 29 
7 47 
7 44 
7 5 
7 16 
7 15 
7 0 
7 33 
7 8 
7 4 
7 35 
8 0 
8 24 
8 38 
8 21 
8 31 
8 42 
8 28 
8 25 
8 47 
8 30 
8 46 
8 2 
8 12 
8 48 
8 1 
8 19 
8 3 
8 5 
8 27 
8 22 
8 41 
8 4 
8 20 
8 40 
8 13 
8 15 
8 14 
8 23 
8 7 
9 36 
9 11 
9 4 
9 27 
9 10 
9 22 
9 35 
9 44 
9 23 
9 43 
9 30 
9 16 
9 38 
9 3 
9 20 
9 28 
9 46 
9 26 
9 40 
9 25 
9 19 
9 15 
9 0 
9 5 
9 1 
9 33 
9 41 
9 34 
9 14 
10 2 
10 12 
10 9 
10 25 
10 41 
10 32 
10 6 
10 38 
10 47 
10 37 
10 15 
10 3 
10 27 
10 44 
10 17 
10 16 
10 1 
10 39 
10 19 
10 33 
10 22 
10 46 
10 20 
10 40 
10 14 
11 46 
11 9 
11 20 
11 2 
11 32 
11 45 
11 26 
11 21 
11 7 
11 6 
11 3 
11 35 
11 23 
11 37 
11 24 
11 42 
11 5 
11 36 
11 47 
11 43 
11 40 
11 16 
11 13 
11 1 
12 2 
12 30 
12 4 
12 10 
12 42 
12 7 
12 14 
12 39 
12 3 
12 16 
12 38 
12 43 
12 41 
12 24 
12 8 
12 40 
12 19 
12 21 
12 15 
12 35 
12 44 
12 27 
12 6 
12 37 
13 48 
13 23 
13 26 
13 36 
13 32 
13 28 
13 30 
13 39 
13 44 
13 22 
13 16 
13 5 
13 37 
13 1 
13 42 
13 2 
13 8 
13 15 
13 3 
13 29 
13 41 
13 11 
14 31 
14 24 
14 17 
14 39 
14 12 
14 27 
14 47 
14 19 
14 36 
14 22 
14 3 
14 6 
14 26 
14 0 
14 40 
14 43 
14 46 
14 23 
14 16 
14 48 
14 15 
14 8 
14 10 
14 9 
15 6 
15 2 
15 26 
15 1 
15 23 
15 4 
15 48 
15 38 
15 10 
15 0 
15 24 
15 12 
15 25 
15 44 
15 40 
15 9 
15 16 
15 30 
15 32 
15 21 
15 13 
15 7 
15 19 
15 8 
15 14 
16 6 
16 12 
16 36 
16 37 
16 9 
16 47 
16 41 
16 34 
16 13 
16 33 
16 0 
16 10 
16 22 
16 24 
16 15 
16 21 
16 40 
16 7 
16 14 
16 45 
16 11 
17 14 
17 25 
17 21 
17 22 
17 0 
17 47 
17 20 
17 30 
17 31 
17 27 
17 26 
17 38 
17 10 
17 2 
17 35 
17 34 
17 44 
17 29 
18 37 
18 38 
18 26 
18 47 
18 33 
18 39 
18 31 
18 1 
18 4 
18 44 
18 20 
18 34 
18 42 
18 25 
18 43 
18 5 
19 29 
19 30 
19 24 
19 14 
19 44 
19 36 
19 21 
19 12 
19 5 
19 8 
19 34 
19 2 
19 9 
19 42 
19 10 
19 23 
19 43 
19 45 
19 41 
19 37 
19 40 
19 39 
19 0 
19 15 
19 1 
20 41 
20 38 
20 11 
20 4 
20 45 
20 37 
20 17 
20 22 
20 6 
20 0 
20 46 
20 43 
20 9 
20 40 
20 21 
20 18 
20 42 
20 34 
20 5 
20 2 
20 24 
20 8 
20 23 
20 10 
20 29 
20 31 
20 32 
21 47 
21 8 
21 17 
21 24 
21 7 
21 39 
21 40 
21 11 
21 20 
21 19 
21 12 
21 30 
21 6 
21 16 
21 35 
21 33 
21 42 
21 3 
21 15 
21 34 
21 28 
22 24 
22 40 
22 17 
22 7 
22 47 
22 9 
22 38 
22 20 
22 14 
22 4 
22 13 
22 33 
22 16 
22 36 
22 8 
22 10 
22 35 
22 3 
22 37 
22 34 
22 42 
22 46 
23 13 
23 15 
23 5 
23 29 
23 38 
23 9 
23 48 
23 43 
23 26 
23 6 
23 1 
23 40 
23 11 
23 3 
23 19 
23 14 
23 37 
23 47 
23 20 
23 46 
23 31 
23 8 
23 25 
24 8 
24 14 
24 6 
24 22 
24 19 
24 36 
24 31 
24 21 
24 27 
24 5 
24 26 
24 34 
24 28 
24 12 
24 4 
24 46 
24 30 
24 2 
24 15 
24 47 
24 0 
24 11 
24 16 
24 29 
24 35 
24 39 
24 20 
24 40 
24 33 
24 45 
24 44 
24 48 
25 42 
25 7 
25 29 
25 17 
25 6 
25 10 
25 34 
25 5 
25 8 
25 28 
25 43 
25 26 
25 41 
25 15 
25 2 
25 45 
25 9 
25 30 
25 18 
25 0 
25 3 
25 39 
25 23 
26 15 
26 37 
26 13 
26 30 
26 18 
26 31 
26 32 
26 24 
26 47 
26 11 
26 17 
26 23 
26 25 
26 14 
26 4 
26 9 
26 45 
26 36 
26 35 
26 5 
26 1 
26 41 
26 46 
26 29 
27 5 
27 9 
27 7 
27 14 
27 37 
27 31 
27 1 
27 24 
27 28 
27 10 
27 17 
27 6 
27 8 
27 34 
27 38 
27 42 
27 12 
27 44 
28 45 
28 40 
28 44 
28 13 
28 30 
28 8 
28 46 
28 27 
28 24 
28 25 
28 34 
28 9 
28 42 
28 6 
28 32 
28 2 
28 4 
28 1 
28 21 
28 36 
28 38 
28 29 
29 19 
29 25 
29 32 
29 4 
29 47 
29 23 
29 34 
29 33 
29 37 
29 3 
29 46 
29 42 
29 40 
29 36 
29 1 
29 7 
29 41 
29 5 
29 30 
29 44 
29 24 
29 39 
29 17 
29 2 
29 20 
29 13 
29 28 
29 26 
30 12 
30 1 
30 19 
30 26 
30 31 
30 44 
30 34 
30 28 
30 0 
30 3 
30 36 
30 7 
30 13 
30 9 
30 8 
30 17 
30 24 
30 6 
30 5 
30 21 
30 29 
30 33 
30 25 
30 2 
30 15 
30 35 
30 48 
31 14 
31 47 
31 30 
31 42 
31 0 
31 24 
31 33 
31 8 
31 27 
31 26 
31 3 
31 18 
31 48 
31 17 
31 37 
31 44 
31 4 
31 1 
31 38 
31 20 
31 45 
31 23 
31 32 
32 46 
32 29 
32 13 
32 42 
32 11 
32 10 
32 26 
32 39 
32 4 
32 35 
32 28 
32 47 
32 15 
32 40 
32 1 
32 20 
32 31 
33 38 
33 31 
33 5 
33 29 
33 18 
33 34 
33 44 
33 43 
33 16 
33 36 
33 22 
33 45 
33 30 
33 10 
33 3 
33 40 
33 21 
33 37 
33 9 
33 24 
33 39 
33 7 
34 41 
34 5 
34 6 
34 48 
34 30 
34 42 
34 37 
34 38 
34 25 
34 29 
34 33 
34 24 
34 16 
34 28 
34 20 
34 3 
34 18 
34 19 
34 44 
34 27 
34 1 
34 17 
34 21 
34 22 
34 45 
34 9 
34 43 
35 6 
35 37 
35 9 
35 32 
35 11 
35 46 
35 26 
35 45 
35 17 
35 12 
35 24 
35 21 
35 5 
35 22 
35 30 
35 47 
35 4 
35 7 
36 9 
36 13 
36 24 
36 6 
36 30 
36 1 
36 42 
36 16 
36 14 
36 29 
36 19 
36 5 
36 3 
36 33 
36 26 
36 39 
36 22 
36 11 
36 47 
36 37 
36 4 
36 28 
37 18 
37 26 
37 42 
37 48 
37 20 
37 27 
37 34 
37 5 
37 35 
37 29 
37 7 
37 47 
37 16 
37 10 
37 31 
37 13 
37 4 
37 11 
37 36 
37 19 
37 46 
37 33 
37 23 
37 45 
37 38 
37 22 
37 12 
38 8 
38 20 
38 18 
38 41 
38 7 
38 33 
38 47 
38 0 
38 44 
38 3 
38 22 
38 10 
38 34 
38 23 
38 12 
38 15 
38 9 
38 6 
38 46 
38 17 
38 27 
38 37 
38 31 
38 43 
38 45 
38 40 
38 28 
39 43 
39 14 
39 12 
39 32 
39 13 
39 21 
39 18 
39 44 
39 36 
39 10 
39 29 
39 24 
39 1 
39 0 
39 4 
39 19 
39 33 
39 47 
39 40 
39 25 
39 46 
40 28 
40 22 
40 42 
40 21 
40 29 
40 46 
40 20 
40 12 
40 6 
40 0 
40 45 
40 23 
40 9 
40 14 
40 15 
40 33 
40 32 
40 47 
40 24 
40 11 
40 19 
40 8 
40 16 
40 44 
40 10 
40 39 
40 38 
41 34 
41 20 
41 38 
41 10 
41 1 
41 44 
41 3 
41 12 
41 45 
41 16 
41 25 
41 5 
41 29 
41 26 
41 8 
41 19 
41 46 
41 6 
41 9 
41 48 
41 13 
42 25 
42 37 
42 32 
42 31 
42 12 
42 40 
42 34 
42 3 
42 8 
42 36 
42 29 
42 48 
42 2 
42 43 
42 20 
42 18 
42 28 
42 13 
42 19 
42 0 
42 11 
42 45 
42 21 
42 27 
42 22 
42 44 
43 7 
43 39 
43 1 
43 5 
43 12 
43 2 
43 20 
43 9 
43 25 
43 23 
43 33 
43 42 
43 0 
43 14 
43 47 
43 19 
43 48 
43 11 
43 38 
43 18 
43 34 
44 6 
44 28 
44 47 
44 30 
44 38 
44 33 
44 19 
44 13 
44 9 
44 41 
44 18 
44 10 
44 39 
44 31 
44 15 
44 0 
44 29 
44 34 
44 7 
44 17 
44 12 
44 27 
44 46 
44 40 
44 24 
44 42 
44 2 
45 28 
45 20 
45 1 
45 7 
45 11 
45 41 
45 40 
45 33 
45 26 
45 25 
45 35 
45 42 
45 4 
45 5 
45 19 
45 37 
45 2 
45 24 
45 31 
45 34 
45 38 
45 16 
46 11 
46 32 
46 7 
46 47 
46 6 
46 29 
46 4 
46 0 
46 20 
46 28 
46 40 
46 8 
46 24 
46 9 
46 38 
46 48 
46 35 
46 14 
46 26 
46 10 
46 37 
46 41 
46 2 
46 23 
46 44 
46 22 
46 39 
47 21 
47 4 
47 31 
47 44 
47 38 
47 46 
47 14 
47 29 
47 22 
47 5 
47 18 
47 17 
47 2 
47 1 
47 0 
47 37 
47 8 
47 10 
47 26 
47 16 
47 24 
47 7 
47 43 
47 32 
47 36 
47 11 
47 40 
47 23 
47 35 
47 39 
48 1 
48 13 
48 37 
48 34 
48 15 
48 42 
48 31 
48 23 
48 7 
48 8 
48 46 
48 43 
48 5 
48 0 
48 30 
48 41 
48 14 
48 24 
