0 33 49 7 40 23 1 17 21 12 8 27 43 3 20 6 50 36 15 26 52 9 53 16 30 14 11 41 34 
1 8 11 36 46 0 34 10 54 23 7 43 50 15 42 30 38 27 26 25 55 33 16 41 4 6 
2 46 45 14 21 12 19 49 40 37 26 27 54 38 8 35 16 51 29 31 55 11 48 24 15 47 23 9 56 
3 22 30 41 34 32 40 44 35 28 55 13 49 24 0 15 56 11 48 5 7 4 23 47 33 46 25 19 52 50 18 43 
4 53 16 43 49 45 8 15 44 6 10 42 38 46 7 32 13 21 25 3 52 47 1 19 31 22 
5 46 6 44 51 26 49 56 30 48 9 15 53 25 24 31 29 27 20 12 45 3 13 55 23 50 14 37 18 
6 39 47 5 7 44 4 27 40 53 56 49 15 36 33 54 0 28 18 25 30 23 38 10 24 12 29 41 19 13 17 31 1 
7 41 17 54 33 19 53 0 6 37 10 45 32 1 44 4 29 46 36 50 9 49 3 24 12 26 13 55 52 22 25 48 
8 1 20 13 44 4 42 17 35 33 0 12 21 45 54 30 2 53 38 50 52 9 28 26 34 37 43 41 22 47 55 
9 34 40 24 37 50 30 55 45 14 12 42 52 5 29 10 11 17 25 48 7 8 0 19 15 41 51 46 2 
10 31 13 52 30 1 4 7 47 34 27 26 12 9 40 56 19 37 21 6 45 32 48 15 17 
11 16 38 1 23 54 14 18 35 42 30 12 21 28 13 9 34 50 45 3 26 47 31 2 40 20 0 53 
12 32 30 40 2 9 0 8 11 38 24 54 53 10 27 23 37 48 5 6 41 7 55 19 13 21 28 20 15 44 39 
13 46 38 54 10 30 8 29 56 35 52 28 3 11 14 17 44 45 40 4 55 23 41 53 12 5 7 19 6 42 
14 2 26 11 15 47 9 28 24 56 37 13 36 25 45 54 23 46 44 41 0 38 53 5 17 
15 40 31 38 4 24 14 27 6 5 36 35 1 3 37 25 0 43 50 16 9 2 21 20 54 10 12 
16 4 38 11 39 47 56 30 40 26 28 43 15 2 29 49 37 34 25 55 24 0 54 1 44 
17 56 7 46 32 22 8 0 38 49 34 26 50 28 9 13 47 55 24 27 40 53 51 39 54 21 36 19 6 10 14 
18 43 29 41 47 50 11 24 27 37 52 44 48 6 20 32 49 34 23 26 3 31 5 
19 26 7 25 30 2 37 46 44 34 48 45 36 10 32 22 21 27 41 53 12 56 9 43 3 4 6 17 13 55 
20 55 29 8 48 52 46 47 42 49 34 23 0 37 5 39 21 18 51 27 15 11 45 12 44 30 50 41 
21 39 56 24 2 30 0 48 55 8 11 42 51 36 31 38 20 26 19 10 4 44 37 53 15 35 52 17 12 25 41 32 
22 27 32 3 34 17 44 53 46 24 49 40 39 56 51 19 42 26 8 28 38 4 7 
23 11 0 36 44 30 48 1 20 45 12 47 53 55 28 14 42 46 6 29 32 13 3 18 34 38 26 24 5 2 
24 54 21 32 15 9 18 45 12 3 33 14 34 5 22 28 37 53 17 56 29 16 2 6 7 23 50 36 52 
25 32 19 52 54 31 27 36 29 55 40 5 15 9 14 6 51 35 16 42 1 53 4 37 56 3 49 34 30 21 7 47 
26 28 19 47 14 5 40 2 16 29 17 10 50 41 0 55 1 21 35 31 11 46 8 39 53 56 49 7 18 23 22 42 48 
27 22 49 43 37 47 42 35 25 6 18 28 32 56 15 10 0 2 53 12 5 1 17 29 45 19 48 20 54 
28 26 31 34 39 47 30 40 52 55 27 13 36 3 14 16 48 11 17 24 6 23 44 8 42 12 22 32 
29 40 20 41 18 13 25 9 26 30 35 5 7 39 16 2 23 27 33 24 42 47 46 6 32 
30 36 35 3 28 12 13 19 41 32 10 23 9 21 55 16 5 11 37 45 29 8 1 48 40 6 54 33 47 51 43 0 39 49 25 31 20 
31 28 10 25 15 52 33 46 51 32 49 5 54 42 21 26 11 2 43 35 48 37 40 4 50 6 30 18 53 56 
32 22 25 12 17 24 30 3 27 34 7 38 31 4 45 54 19 35 18 47 23 52 40 10 37 28 49 21 29 
33 45 0 7 46 55 31 8 36 6 24 43 41 48 52 30 51 54 29 39 3 1 56 
34 28 35 9 38 22 1 3 39 10 19 32 20 17 46 24 11 42 43 16 18 8 23 25 52 0 50 
35 53 47 49 34 30 45 27 8 13 11 3 37 38 15 29 2 51 25 42 26 50 32 54 31 21 43 48 39 
36 47 30 1 23 25 37 49 28 33 54 51 6 15 19 14 0 44 7 21 48 45 41 52 17 24 40 50 
37 39 51 40 27 7 9 19 36 18 2 30 35 38 20 14 12 15 24 55 10 16 25 32 31 21 53 8 48 5 
38 16 11 13 56 34 45 15 17 4 40 41 12 32 35 37 55 2 1 8 21 52 6 49 23 14 22 
39 6 37 28 21 16 45 50 34 29 20 46 22 26 33 17 44 30 53 40 51 35 49 43 12 
40 29 50 37 15 0 12 9 28 2 3 26 16 6 38 45 25 54 43 10 30 49 22 13 17 11 32 47 31 39 46 36 
41 56 7 50 29 18 3 51 30 46 38 43 53 54 26 33 49 45 19 12 47 13 1 9 36 14 6 8 0 21 48 20 
42 54 27 53 8 4 20 11 9 45 21 47 1 31 46 34 56 23 50 35 22 25 28 29 44 51 43 13 48 26 49 
43 18 27 4 53 49 41 0 1 46 40 16 15 33 34 52 30 31 19 35 8 42 48 55 3 39 51 
44 5 8 23 6 4 22 3 50 19 45 51 7 18 49 36 13 28 14 21 39 42 20 16 48 12 
45 33 2 39 38 4 35 24 9 52 40 7 42 30 44 8 19 23 48 32 14 13 11 49 27 36 5 41 10 20 51 
46 13 2 53 5 17 33 1 20 31 47 41 19 4 34 22 43 42 7 39 23 14 50 26 56 54 3 29 48 40 9 
47 36 6 28 35 49 54 27 18 26 16 14 20 46 10 42 23 17 30 11 51 32 41 29 3 40 4 2 8 25 
48 20 23 21 5 52 28 19 18 30 45 49 12 9 36 33 53 56 51 3 2 27 31 46 37 10 43 44 42 35 41 7 26 
49 27 55 35 47 4 0 5 43 2 36 17 20 6 3 31 50 44 48 40 22 41 16 7 45 18 52 38 26 30 25 51 32 39 42 
50 41 40 39 18 54 9 44 26 1 17 49 0 7 11 15 8 42 46 35 24 52 3 5 31 34 36 20 
51 37 5 41 54 31 36 44 21 35 25 2 30 48 33 22 17 47 20 55 42 9 49 39 45 43 
52 25 10 31 20 28 45 13 9 18 48 43 0 33 8 54 49 38 32 4 21 50 36 34 3 7 24 
53 35 4 43 46 7 42 56 6 41 54 12 22 5 27 8 23 24 48 17 0 25 26 19 13 37 21 39 11 14 31 55 
54 7 13 47 42 24 25 11 50 51 40 1 53 12 36 8 2 6 31 41 14 32 30 33 52 35 16 46 17 15 27 56 
55 20 49 33 30 9 28 21 25 3 38 23 17 37 26 2 16 1 13 56 12 51 5 7 43 8 53 19 
56 41 17 38 21 13 16 5 53 27 6 14 3 42 10 24 48 22 55 46 26 19 25 33 54 31 2 
