0 19 12 26 43 55 51 20 37 52 58 48 32 35 24 5 50 44 56 22 9 
1 42 16 55 38 57 28 39 49 59 41 21 4 12 60 6 20 8 
2 13 40 51 47 16 14 32 4 30 42 53 48 57 22 43 55 54 45 8 
3 14 45 20 60 38 35 43 55 32 26 41 46 51 15 11 27 4 53 44 
4 29 38 20 25 39 30 2 56 1 59 21 36 28 60 3 
5 40 23 15 54 47 37 35 38 33 24 43 29 34 58 17 25 39 55 19 28 57 0 27 
6 55 39 27 56 22 30 47 51 8 1 10 32 40 
7 57 28 29 34 20 16 10 59 21 24 33 52 48 
8 26 53 39 10 12 37 19 16 31 28 14 9 6 41 18 27 1 21 2 38 20 
9 40 17 47 25 10 52 18 8 43 26 19 14 44 32 0 51 
10 14 37 8 54 20 36 9 55 47 30 24 7 44 48 6 50 40 43 35 
11 38 40 46 24 33 60 27 26 13 14 3 51 39 37 43 21 18 22 
12 22 41 52 0 8 48 39 50 1 26 51 54 57 25 40 46 30 
13 28 27 2 37 23 59 32 34 11 46 58 57 44 54 53 60 
14 3 34 40 18 10 24 56 30 39 2 43 8 41 32 11 27 58 9 37 25 20 19 
15 42 51 57 48 5 34 49 46 60 38 40 3 41 59 28 47 
16 1 46 29 18 57 39 2 24 55 7 40 8 21 28 22 27 35 36 20 
17 20 9 43 39 42 57 5 50 32 54 
18 14 16 20 9 51 34 45 28 8 31 11 40 50 
19 0 45 22 55 20 59 8 57 46 37 30 39 9 24 44 48 5 14 
20 17 42 40 41 3 19 37 10 4 18 7 26 52 60 0 58 46 1 16 8 14 
21 24 35 37 59 29 50 41 25 23 46 39 53 1 31 16 4 7 8 11 
22 12 37 19 50 25 6 36 33 16 32 2 30 51 24 11 0 
23 24 59 5 41 46 29 21 31 13 42 43 33 45 48 
24 23 21 14 45 11 53 16 5 48 10 49 30 19 55 54 7 52 22 0 46 37 58 
25 57 42 53 9 54 46 21 22 4 48 60 41 55 34 5 47 12 50 26 38 14 
26 8 32 40 56 28 47 59 27 20 3 0 41 11 49 33 12 9 48 54 25 
27 13 45 6 47 43 26 57 60 40 11 38 59 44 16 14 8 49 28 3 32 5 
28 13 51 43 7 37 1 59 26 41 36 16 8 35 56 4 18 54 44 27 5 15 
29 4 16 21 34 32 23 7 30 5 50 46 59 44 
30 14 53 46 49 4 6 2 29 10 24 22 19 12 
31 36 43 40 23 21 46 8 55 18 50 59 32 
32 26 54 58 29 50 3 2 52 13 40 22 14 0 31 35 36 17 27 6 56 33 9 
33 51 11 53 56 22 5 49 26 23 36 7 32 58 
34 60 14 29 15 45 59 7 46 48 58 13 25 5 18 42 55 53 41 52 
35 21 36 44 59 46 3 50 5 45 47 28 40 57 49 0 16 32 10 
36 31 35 59 10 53 45 22 28 54 4 48 33 32 16 
37 22 28 48 21 10 20 5 8 46 13 42 19 0 54 11 14 24 
38 11 4 40 1 3 5 15 42 27 56 50 55 25 8 53 
39 6 8 14 1 16 21 17 4 12 41 51 19 5 52 11 60 53 
40 5 11 9 14 60 38 56 20 42 2 26 31 57 44 16 27 32 35 15 43 12 6 10 18 
41 23 57 12 20 21 48 28 1 3 26 25 39 14 8 42 15 55 56 34 
42 15 25 1 20 40 53 17 23 37 38 2 51 41 57 34 54 
43 54 28 31 17 27 3 0 14 45 5 23 2 9 60 40 11 10 56 58 
44 35 53 55 51 40 27 10 49 28 19 13 29 56 9 0 3 
45 19 49 3 27 59 24 48 34 56 36 57 35 51 43 53 18 2 46 23 52 
46 16 57 11 25 23 35 21 37 60 15 30 34 31 19 56 3 49 20 29 45 13 51 55 24 12 
47 9 5 2 27 26 6 35 10 25 57 15 
48 15 56 37 41 45 12 58 25 49 34 24 2 0 60 36 26 10 19 23 7 
49 45 57 60 55 1 15 30 48 33 26 24 46 35 44 27 56 54 
50 22 21 32 35 58 51 12 57 38 53 17 29 31 10 25 55 0 18 
51 28 15 56 2 33 59 44 52 50 0 45 18 6 42 12 53 39 3 22 58 11 46 9 
52 12 56 51 9 20 53 55 54 32 0 39 24 45 7 34 
53 25 8 42 30 55 44 24 36 33 21 54 52 2 45 50 51 34 13 39 3 38 
54 43 55 25 5 32 10 53 52 36 12 2 37 28 24 26 13 42 49 17 58 
55 19 1 6 54 49 53 56 44 10 16 3 0 52 25 2 31 60 5 41 24 38 34 46 50 
56 40 48 51 14 26 58 52 55 6 45 33 4 46 28 38 41 32 49 44 43 0 
57 7 25 49 15 41 46 1 16 40 45 27 19 60 17 50 2 35 12 42 13 47 5 
58 59 32 56 48 50 34 0 5 20 51 13 14 33 43 24 54 
59 23 58 21 35 45 28 36 51 34 13 26 19 1 4 7 27 29 15 31 60 
60 34 40 49 3 11 46 15 25 20 27 57 1 48 55 43 59 4 39 13 
