0 47 
0 56 
0 22 
0 34 
0 59 
0 3 
0 8 
0 38 
0 30 
0 11 
0 57 
0 17 
0 41 
0 58 
0 28 
0 5 
0 32 
0 13 
0 19 
0 18 
0 44 
0 10 
0 61 
0 69 
0 31 
0 68 
0 12 
0 64 
0 25 
0 40 
0 14 
0 53 
0 55 
0 36 
0 66 
0 2 
0 24 
0 65 
0 62 
0 51 
0 48 
0 7 
0 54 
0 23 
0 15 
0 39 
0 52 
0 49 
0 20 
0 27 
0 35 
0 45 
0 42 
0 29 
0 33 
0 1 
0 21 
1 28 
1 45 
1 54 
1 66 
1 3 
1 21 
1 35 
1 27 
1 63 
1 29 
1 38 
1 5 
1 56 
1 7 
1 41 
1 60 
1 61 
1 39 
1 42 
1 50 
1 44 
1 46 
1 16 
1 4 
1 12 
1 55 
1 67 
1 14 
1 65 
1 62 
1 51 
1 47 
1 9 
1 13 
1 23 
1 57 
1 6 
1 8 
1 40 
1 31 
1 48 
1 43 
1 10 
1 30 
1 34 
1 19 
1 33 
1 0 
2 12 
2 34 
2 50 
2 13 
2 43 
2 15 
2 47 
2 29 
2 61 
2 41 
2 40 
2 42 
2 58 
2 5 
2 44 
2 32 
2 49 
2 26 
2 22 
2 24 
2 28 
2 19 
2 25 
2 9 
2 57 
2 52 
2 14 
2 51 
2 6 
2 46 
2 20 
2 39 
2 37 
2 64 
2 53 
2 8 
2 10 
2 35 
2 48 
2 36 
2 0 
2 33 
2 27 
2 69 
2 7 
2 23 
2 66 
2 31 
2 30 
2 4 
2 55 
2 68 
2 3 
3 35 
3 23 
3 7 
3 42 
3 48 
3 0 
3 21 
3 1 
3 58 
3 69 
3 66 
3 27 
3 44 
3 13 
3 49 
3 62 
3 15 
3 5 
3 6 
3 52 
3 50 
3 67 
3 32 
3 55 
3 57 
3 47 
3 34 
3 43 
3 56 
3 53 
3 9 
3 59 
3 37 
3 31 
3 22 
3 14 
3 36 
3 4 
3 11 
3 51 
3 39 
3 60 
3 25 
3 64 
3 12 
3 45 
3 38 
3 33 
3 29 
3 40 
3 8 
3 10 
3 30 
3 65 
3 2 
4 27 
4 30 
4 15 
4 66 
4 19 
4 29 
4 9 
4 20 
4 63 
4 59 
4 18 
4 43 
4 26 
4 50 
4 65 
4 54 
4 21 
4 17 
4 36 
4 41 
4 60 
4 67 
4 39 
4 62 
4 55 
4 46 
4 1 
4 42 
4 53 
4 48 
4 3 
4 16 
4 14 
4 34 
4 31 
4 33 
4 25 
4 56 
4 64 
4 10 
4 11 
4 7 
4 47 
4 68 
4 49 
4 44 
4 2 
4 58 
4 35 
5 32 
5 31 
5 38 
5 19 
5 10 
5 41 
5 24 
5 11 
5 67 
5 69 
5 62 
5 49 
5 52 
5 1 
5 3 
5 2 
5 16 
5 36 
5 59 
5 23 
5 42 
5 0 
5 6 
5 15 
5 27 
5 53 
5 68 
5 33 
5 9 
5 28 
5 55 
5 13 
5 54 
5 40 
5 26 
5 44 
5 57 
5 51 
5 18 
5 21 
5 17 
5 22 
5 7 
5 66 
5 34 
5 37 
5 43 
5 35 
5 47 
5 61 
6 57 
6 60 
6 30 
6 11 
6 40 
6 23 
6 68 
6 39 
6 9 
6 54 
6 3 
6 5 
6 36 
6 15 
6 45 
6 46 
6 21 
6 16 
6 61 
6 14 
6 28 
6 66 
6 2 
6 12 
6 13 
6 50 
6 55 
6 49 
6 33 
6 58 
6 48 
6 63 
6 18 
6 27 
6 25 
6 1 
6 37 
6 24 
6 52 
6 64 
6 7 
6 53 
6 41 
6 29 
6 19 
6 56 
6 20 
6 69 
6 43 
7 27 
7 64 
7 3 
7 35 
7 30 
7 31 
7 60 
7 53 
7 29 
7 45 
7 59 
7 28 
7 68 
7 36 
7 34 
7 20 
7 37 
7 47 
7 54 
7 1 
7 23 
7 66 
7 11 
7 24 
7 57 
7 55 
7 67 
7 43 
7 17 
7 49 
7 12 
7 63 
7 69 
7 61 
7 40 
7 0 
7 8 
7 41 
7 21 
7 2 
7 58 
7 65 
7 25 
7 38 
7 5 
7 19 
7 56 
7 6 
7 14 
7 4 
7 50 
7 26 
7 42 
7 39 
7 52 
7 62 
7 44 
7 15 
8 60 
8 40 
8 58 
8 41 
8 0 
8 52 
8 47 
8 49 
8 15 
8 10 
8 51 
8 28 
8 13 
8 42 
8 22 
8 20 
8 38 
8 35 
8 29 
8 16 
8 56 
8 30 
8 45 
8 32 
8 34 
8 63 
8 36 
8 61 
8 9 
8 48 
8 25 
8 24 
8 66 
8 23 
8 2 
8 54 
8 43 
8 21 
8 7 
8 1 
8 11 
8 65 
8 59 
8 18 
8 3 
8 64 
8 12 
8 68 
8 37 
8 44 
8 46 
9 60 
9 14 
9 42 
9 15 
9 16 
9 4 
9 10 
9 6 
9 50 
9 32 
9 30 
9 11 
9 17 
9 41 
9 68 
9 61 
9 5 
9 8 
9 24 
9 2 
9 55 
9 19 
9 54 
9 27 
9 26 
9 46 
9 36 
9 3 
9 40 
9 23 
9 52 
9 44 
9 57 
9 31 
9 1 
9 65 
9 67 
9 53 
9 13 
9 49 
9 66 
9 37 
9 12 
9 22 
9 35 
9 56 
9 38 
9 64 
9 43 
9 20 
10 26 
10 54 
10 67 
10 36 
10 13 
10 20 
10 52 
10 56 
10 5 
10 16 
10 44 
10 18 
10 8 
10 11 
10 9 
10 39 
10 22 
10 17 
10 68 
10 0 
10 46 
10 60 
10 65 
10 37 
10 58 
10 50 
10 48 
10 2 
10 47 
10 33 
10 62 
10 63 
10 42 
10 64 
10 23 
10 35 
10 21 
10 41 
10 1 
10 4 
10 3 
10 29 
10 30 
10 27 
10 51 
10 25 
10 59 
11 6 
11 14 
11 5 
11 31 
11 60 
11 47 
11 10 
11 44 
11 25 
11 0 
11 19 
11 9 
11 53 
11 15 
11 21 
11 55 
11 7 
11 58 
11 23 
11 69 
11 33 
11 18 
11 57 
11 20 
11 41 
11 54 
11 17 
11 43 
11 32 
11 29 
11 28 
11 62 
11 3 
11 22 
11 35 
11 52 
11 67 
11 46 
11 66 
11 13 
11 45 
11 59 
11 8 
11 65 
11 36 
11 26 
11 4 
11 56 
11 63 
11 30 
11 68 
12 2 
12 59 
12 55 
12 61 
12 65 
12 15 
12 62 
12 51 
12 42 
12 66 
12 40 
12 46 
12 45 
12 54 
12 16 
12 31 
12 27 
12 18 
12 13 
12 17 
12 21 
12 25 
12 24 
12 47 
12 30 
12 23 
12 6 
12 33 
12 39 
12 0 
12 57 
12 1 
12 43 
12 35 
12 32 
12 36 
12 7 
12 26 
12 41 
12 29 
12 22 
12 67 
12 37 
12 3 
12 53 
12 49 
12 9 
12 63 
12 58 
12 8 
12 68 
12 60 
13 53 
13 18 
13 10 
13 31 
13 2 
13 17 
13 69 
13 25 
13 3 
13 30 
13 22 
13 14 
13 50 
13 32 
13 8 
13 63 
13 20 
13 12 
13 0 
13 26 
13 35 
13 23 
13 41 
13 24 
13 64 
13 39 
13 48 
13 19 
13 38 
13 66 
13 6 
13 15 
13 29 
13 16 
13 45 
13 42 
13 5 
13 56 
13 28 
13 21 
13 36 
13 1 
13 11 
13 37 
13 55 
13 9 
13 58 
13 57 
13 67 
13 34 
13 47 
13 43 
13 44 
13 40 
14 65 
14 32 
14 9 
14 11 
14 59 
14 15 
14 42 
14 13 
14 67 
14 60 
14 22 
14 48 
14 49 
14 53 
14 47 
14 46 
14 55 
14 39 
14 24 
14 6 
14 16 
14 41 
14 40 
14 2 
14 25 
14 30 
14 20 
14 62 
14 17 
14 69 
14 3 
14 0 
14 1 
14 64 
14 43 
14 54 
14 52 
14 66 
14 31 
14 4 
14 29 
14 51 
14 36 
14 45 
14 37 
14 7 
14 35 
14 21 
14 26 
14 56 
15 63 
15 4 
15 54 
15 41 
15 42 
15 9 
15 12 
15 2 
15 59 
15 33 
15 8 
15 14 
15 25 
15 58 
15 20 
15 47 
15 17 
15 64 
15 3 
15 11 
15 55 
15 51 
15 57 
15 48 
15 5 
15 24 
15 6 
15 66 
15 16 
15 69 
15 39 
15 45 
15 30 
15 65 
15 26 
15 13 
15 19 
15 36 
15 38 
15 31 
15 49 
15 62 
15 68 
15 0 
15 23 
15 22 
15 61 
15 50 
15 32 
15 67 
15 7 
16 54 
16 52 
16 65 
16 10 
16 9 
16 58 
16 25 
16 27 
16 63 
16 18 
16 21 
16 26 
16 12 
16 59 
16 61 
16 5 
16 48 
16 45 
16 8 
16 15 
16 6 
16 35 
16 55 
16 14 
16 23 
16 44 
16 31 
16 1 
16 30 
16 66 
16 56 
16 13 
16 57 
16 19 
16 17 
16 69 
16 20 
16 4 
16 62 
16 32 
16 24 
16 28 
16 41 
16 53 
16 42 
16 49 
16 37 
16 67 
16 51 
16 40 
17 30 
17 18 
17 52 
17 42 
17 21 
17 22 
17 33 
17 13 
17 23 
17 64 
17 62 
17 54 
17 67 
17 15 
17 0 
17 47 
17 9 
17 12 
17 36 
17 4 
17 10 
17 40 
17 29 
17 11 
17 51 
17 49 
17 68 
17 38 
17 57 
17 14 
17 48 
17 19 
17 50 
17 7 
17 32 
17 16 
17 27 
17 43 
17 46 
17 44 
17 58 
17 56 
17 55 
17 20 
17 31 
17 5 
17 63 
17 39 
17 69 
17 37 
17 26 
17 66 
17 41 
18 17 
18 53 
18 13 
18 66 
18 50 
18 52 
18 10 
18 19 
18 40 
18 16 
18 24 
18 23 
18 64 
18 4 
18 12 
18 22 
18 32 
18 0 
18 31 
18 57 
18 44 
18 11 
18 55 
18 48 
18 62 
18 65 
18 41 
18 27 
18 51 
18 61 
18 20 
18 34 
18 39 
18 26 
18 56 
18 25 
18 29 
18 38 
18 33 
18 67 
18 69 
18 6 
18 63 
18 43 
18 46 
18 59 
18 5 
18 49 
18 28 
18 8 
18 36 
18 60 
19 53 
19 44 
19 42 
19 20 
19 60 
19 4 
19 5 
19 21 
19 18 
19 23 
19 11 
19 65 
19 69 
19 68 
19 0 
19 35 
19 57 
19 31 
19 54 
19 2 
19 26 
19 59 
19 13 
19 9 
19 24 
19 37 
19 32 
19 30 
19 63 
19 29 
19 15 
19 17 
19 56 
19 16 
19 39 
19 28 
19 46 
19 49 
19 41 
19 43 
19 51 
19 52 
19 7 
19 55 
19 22 
19 1 
19 66 
19 6 
19 27 
19 67 
20 19 
20 10 
20 60 
20 42 
20 62 
20 4 
20 69 
20 41 
20 15 
20 7 
20 39 
20 40 
20 63 
20 66 
20 13 
20 8 
20 21 
20 23 
20 48 
20 33 
20 11 
20 29 
20 18 
20 54 
20 2 
20 14 
20 49 
20 26 
20 45 
20 53 
20 27 
20 52 
20 22 
20 50 
20 55 
20 58 
20 16 
20 68 
20 25 
20 47 
20 17 
20 43 
20 65 
20 0 
20 59 
20 35 
20 51 
20 64 
20 6 
20 31 
20 9 
21 66 
21 40 
21 17 
21 3 
21 1 
21 19 
21 43 
21 64 
21 16 
21 63 
21 61 
21 29 
21 28 
21 58 
21 11 
21 42 
21 4 
21 36 
21 45 
21 53 
21 54 
21 20 
21 32 
21 12 
21 6 
21 51 
21 30 
21 68 
21 49 
21 50 
21 33 
21 23 
21 47 
21 34 
21 13 
21 24 
21 41 
21 8 
21 67 
21 65 
21 7 
21 10 
21 46 
21 38 
21 59 
21 5 
21 37 
21 60 
21 52 
21 27 
21 69 
21 14 
21 31 
21 57 
21 0 
22 62 
22 0 
22 63 
22 36 
22 51 
22 17 
22 69 
22 46 
22 48 
22 60 
22 13 
22 56 
22 44 
22 25 
22 18 
22 10 
22 14 
22 29 
22 42 
22 8 
22 66 
22 2 
22 24 
22 37 
22 68 
22 58 
22 3 
22 34 
22 11 
22 20 
22 39 
22 45 
22 40 
22 47 
22 53 
22 12 
22 67 
22 33 
22 43 
22 59 
22 52 
22 5 
22 19 
22 61 
22 9 
22 41 
22 57 
22 65 
22 15 
22 64 
22 35 
22 32 
22 27 
23 31 
23 3 
23 6 
23 17 
23 44 
23 65 
23 45 
23 18 
23 19 
23 50 
23 35 
23 7 
23 36 
23 5 
23 57 
23 13 
23 11 
23 32 
23 20 
23 33 
23 52 
23 16 
23 54 
23 12 
23 43 
23 39 
23 29 
23 55 
23 69 
23 9 
23 30 
23 8 
23 42 
23 59 
23 21 
23 53 
23 62 
23 37 
23 47 
23 1 
23 60 
23 26 
23 68 
23 10 
23 2 
23 51 
23 0 
23 41 
23 15 
23 63 
23 49 
23 38 
23 61 
24 41 
24 58 
24 47 
24 44 
24 51 
24 34 
24 5 
24 28 
24 57 
24 18 
24 31 
24 46 
24 49 
24 52 
24 69 
24 36 
24 15 
24 25 
24 13 
24 7 
24 2 
24 22 
24 12 
24 14 
24 9 
24 8 
24 56 
24 19 
24 64 
24 40 
24 26 
24 37 
24 0 
24 60 
24 16 
24 21 
24 43 
24 55 
24 48 
24 6 
24 35 
24 63 
24 38 
24 32 
24 30 
24 50 
24 27 
24 68 
25 54 
25 42 
25 35 
25 64 
25 33 
25 58 
25 13 
25 16 
25 15 
25 11 
25 60 
25 38 
25 22 
25 31 
25 24 
25 45 
25 12 
25 2 
25 27 
25 40 
25 8 
25 43 
25 14 
25 48 
25 41 
25 0 
25 50 
25 65 
25 63 
25 53 
25 28 
25 18 
25 26 
25 30 
25 39 
25 34 
25 47 
25 20 
25 6 
25 29 
25 3 
25 67 
25 4 
25 7 
25 59 
25 46 
25 51 
25 61 
25 56 
25 10 
26 10 
26 49 
26 29 
26 40 
26 33 
26 50 
26 68 
26 16 
26 39 
26 4 
26 37 
26 54 
26 46 
26 13 
26 64 
26 48 
26 41 
26 2 
26 60 
26 19 
26 44 
26 32 
26 55 
26 53 
26 59 
26 15 
26 9 
26 43 
26 31 
26 30 
26 18 
26 20 
26 52 
26 24 
26 12 
26 25 
26 63 
26 27 
26 42 
26 51 
26 47 
26 38 
26 56 
26 5 
26 35 
26 23 
26 36 
26 11 
26 17 
26 7 
26 14 
26 66 
26 28 
26 69 
27 44 
27 7 
27 4 
27 1 
27 66 
27 40 
27 62 
27 3 
27 65 
27 69 
27 16 
27 47 
27 68 
27 12 
27 30 
27 60 
27 38 
27 5 
27 36 
27 55 
27 25 
27 18 
27 39 
27 9 
27 52 
27 33 
27 29 
27 67 
27 35 
27 34 
27 20 
27 51 
27 37 
27 32 
27 26 
27 17 
27 42 
27 2 
27 31 
27 6 
27 48 
27 53 
27 64 
27 43 
27 63 
27 0 
27 61 
27 21 
27 54 
27 19 
27 10 
27 22 
27 24 
27 50 
28 63 
28 33 
28 1 
28 42 
28 31 
28 37 
28 64 
28 45 
28 24 
28 32 
28 7 
28 8 
28 21 
28 0 
28 51 
28 2 
28 40 
28 6 
28 5 
28 61 
28 59 
28 60 
28 11 
28 48 
28 25 
28 67 
28 53 
28 39 
28 13 
28 43 
28 19 
28 35 
28 38 
28 68 
28 16 
28 65 
28 54 
28 36 
28 18 
28 41 
28 30 
28 26 
28 57 
29 26 
29 49 
29 65 
29 68 
29 51 
29 33 
29 4 
29 66 
29 7 
29 31 
29 1 
29 39 
29 2 
29 37 
29 40 
29 38 
29 21 
29 22 
29 63 
29 8 
29 55 
29 59 
29 52 
29 46 
29 17 
29 45 
29 20 
29 53 
29 62 
29 42 
29 32 
29 23 
29 13 
29 27 
29 19 
29 11 
29 57 
29 18 
29 36 
29 12 
29 56 
29 14 
29 25 
29 44 
29 48 
29 3 
29 6 
29 34 
29 10 
29 0 
30 17 
30 63 
30 6 
30 4 
30 48 
30 34 
30 7 
30 61 
30 0 
30 67 
30 13 
30 36 
30 56 
30 39 
30 9 
30 33 
30 27 
30 69 
30 68 
30 44 
30 8 
30 21 
30 47 
30 12 
30 54 
30 15 
30 14 
30 19 
30 16 
30 64 
30 23 
30 26 
30 65 
30 43 
30 58 
30 42 
30 25 
30 45 
30 31 
30 49 
30 53 
30 52 
30 50 
30 62 
30 1 
30 66 
30 3 
30 2 
30 10 
30 38 
30 11 
30 28 
30 40 
30 24 
30 60 
31 23 
31 59 
31 28 
31 49 
31 5 
31 58 
31 13 
31 7 
31 11 
31 29 
31 63 
31 52 
31 53 
31 37 
31 45 
31 24 
31 12 
31 25 
31 50 
31 57 
31 36 
31 35 
31 18 
31 41 
31 19 
31 51 
31 54 
31 64 
31 66 
31 42 
31 68 
31 38 
31 56 
31 0 
31 55 
31 16 
31 60 
31 48 
31 43 
31 3 
31 26 
31 47 
31 40 
31 65 
31 9 
31 69 
31 15 
31 32 
31 30 
31 14 
31 27 
31 1 
31 4 
31 17 
31 39 
31 2 
31 21 
31 33 
31 20 
31 67 
31 61 
32 46 
32 14 
32 5 
32 61 
32 28 
32 62 
32 65 
32 60 
32 9 
32 13 
32 63 
32 18 
32 0 
32 3 
32 42 
32 54 
32 43 
32 2 
32 23 
32 21 
32 67 
32 8 
32 33 
32 34 
32 48 
32 26 
32 29 
32 19 
32 59 
32 41 
32 39 
32 12 
32 11 
32 69 
32 17 
32 27 
32 16 
32 31 
32 40 
32 44 
32 66 
32 49 
32 58 
32 24 
32 22 
32 15 
32 52 
32 57 
32 56 
32 45 
33 28 
33 41 
33 17 
33 26 
33 29 
33 65 
33 25 
33 58 
33 52 
33 15 
33 64 
33 66 
33 60 
33 30 
33 45 
33 69 
33 57 
33 40 
33 37 
33 11 
33 5 
33 32 
33 62 
33 23 
33 20 
33 46 
33 38 
33 50 
33 12 
33 27 
33 6 
33 51 
33 67 
33 21 
33 18 
33 63 
33 34 
33 2 
33 35 
33 48 
33 44 
33 10 
33 22 
33 53 
33 4 
33 43 
33 39 
33 56 
33 3 
33 54 
33 1 
33 61 
33 0 
33 31 
33 55 
34 2 
34 68 
34 59 
34 0 
34 30 
34 24 
34 54 
34 7 
34 46 
34 47 
34 40 
34 44 
34 56 
34 36 
34 67 
34 60 
34 8 
34 66 
34 32 
34 3 
34 18 
34 69 
34 45 
34 27 
34 55 
34 37 
34 22 
34 61 
34 58 
34 33 
34 21 
34 25 
34 4 
34 53 
34 63 
34 5 
34 50 
34 1 
34 13 
34 39 
34 29 
34 62 
35 3 
35 47 
35 45 
35 7 
35 44 
35 36 
35 1 
35 25 
35 38 
35 49 
35 53 
35 55 
35 60 
35 50 
35 61 
35 64 
35 23 
35 51 
35 31 
35 46 
35 19 
35 8 
35 13 
35 43 
35 16 
35 68 
35 52 
35 12 
35 27 
35 62 
35 57 
35 2 
35 11 
35 33 
35 28 
35 41 
35 67 
35 59 
35 58 
35 26 
35 69 
35 40 
35 10 
35 24 
35 48 
35 56 
35 5 
35 20 
35 14 
35 0 
35 66 
35 22 
35 9 
35 4 
36 10 
36 22 
36 35 
36 68 
36 57 
36 30 
36 62 
36 7 
36 65 
36 64 
36 45 
36 31 
36 5 
36 67 
36 23 
36 6 
36 17 
36 24 
36 21 
36 4 
36 34 
36 69 
36 54 
36 27 
36 40 
36 47 
36 8 
36 58 
36 66 
36 53 
36 52 
36 56 
36 9 
36 63 
36 15 
36 12 
36 3 
36 0 
36 29 
36 2 
36 38 
36 44 
36 55 
36 13 
36 14 
36 61 
36 43 
36 28 
36 26 
36 59 
36 11 
36 41 
36 37 
36 18 
37 28 
37 56 
37 60 
37 49 
37 45 
37 68 
37 31 
37 29 
37 51 
37 7 
37 26 
37 66 
37 61 
37 57 
37 59 
37 33 
37 53 
37 63 
37 55 
37 22 
37 47 
37 19 
37 2 
37 10 
37 3 
37 69 
37 44 
37 34 
37 43 
37 67 
37 27 
37 24 
37 23 
37 42 
37 13 
37 6 
37 12 
37 9 
37 21 
37 16 
37 14 
37 46 
37 5 
37 36 
37 17 
37 65 
37 58 
37 8 
37 64 
38 64 
38 5 
38 35 
38 52 
38 59 
38 42 
38 66 
38 0 
38 50 
38 1 
38 25 
38 61 
38 29 
38 51 
38 8 
38 27 
38 60 
38 67 
38 45 
38 69 
38 31 
38 33 
38 13 
38 55 
38 65 
38 47 
38 17 
38 54 
38 44 
38 18 
38 15 
38 36 
38 49 
38 28 
38 26 
38 62 
38 53 
38 68 
38 3 
38 7 
38 21 
38 24 
38 30 
38 23 
38 9 
38 43 
39 6 
39 68 
39 67 
39 43 
39 29 
39 63 
39 30 
39 20 
39 10 
39 65 
39 26 
39 45 
39 48 
39 60 
39 69 
39 47 
39 54 
39 53 
39 56 
39 1 
39 41 
39 14 
39 13 
39 4 
39 15 
39 27 
39 12 
39 2 
39 40 
39 18 
39 23 
39 42 
39 32 
39 55 
39 19 
39 50 
39 62 
39 28 
39 22 
39 25 
39 52 
39 3 
39 61 
39 31 
39 33 
39 59 
39 0 
39 17 
39 51 
39 34 
39 44 
39 7 
40 63 
40 8 
40 21 
40 6 
40 26 
40 27 
40 49 
40 12 
40 18 
40 29 
40 2 
40 34 
40 20 
40 53 
40 48 
40 33 
40 42 
40 46 
40 45 
40 17 
40 28 
40 36 
40 14 
40 25 
40 62 
40 58 
40 39 
40 57 
40 9 
40 69 
40 0 
40 24 
40 31 
40 51 
40 67 
40 56 
40 22 
40 59 
40 5 
40 32 
40 7 
40 41 
40 1 
40 35 
40 68 
40 3 
40 50 
40 30 
40 16 
40 13 
40 64 
41 24 
41 33 
41 8 
41 15 
41 46 
41 5 
41 47 
41 20 
41 55 
41 58 
41 2 
41 44 
41 9 
41 53 
41 0 
41 51 
41 1 
41 13 
41 26 
41 4 
41 31 
41 63 
41 39 
41 11 
41 68 
41 14 
41 18 
41 52 
41 32 
41 43 
41 25 
41 65 
41 49 
41 12 
41 64 
41 35 
41 56 
41 61 
41 19 
41 21 
41 40 
41 16 
41 45 
41 7 
41 54 
41 10 
41 48 
41 23 
41 6 
41 36 
41 69 
41 66 
41 22 
41 28 
41 59 
41 17 
42 53 
42 43 
42 17 
42 28 
42 55 
42 19 
42 25 
42 3 
42 9 
42 15 
42 20 
42 38 
42 69 
42 12 
42 64 
42 66 
42 14 
42 50 
42 2 
42 61 
42 48 
42 8 
42 22 
42 5 
42 47 
42 45 
42 67 
42 21 
42 32 
42 40 
42 60 
42 31 
42 1 
42 62 
42 63 
42 29 
42 39 
42 58 
42 4 
42 68 
42 56 
42 52 
42 23 
42 13 
42 54 
42 49 
42 30 
42 26 
42 27 
42 37 
42 10 
42 16 
42 46 
42 7 
42 0 
42 44 
42 65 
43 61 
43 42 
43 55 
43 67 
43 46 
43 2 
43 51 
43 21 
43 39 
43 60 
43 59 
43 56 
43 69 
43 44 
43 4 
43 35 
43 32 
43 54 
43 66 
43 64 
43 25 
43 52 
43 3 
43 23 
43 7 
43 48 
43 11 
43 26 
43 65 
43 31 
43 41 
43 12 
43 30 
43 14 
43 57 
43 37 
43 8 
43 28 
43 47 
43 17 
43 24 
43 68 
43 19 
43 18 
43 22 
43 36 
43 1 
43 53 
43 20 
43 33 
43 58 
43 27 
43 5 
43 13 
43 38 
43 9 
43 6 
44 27 
44 19 
44 24 
44 62 
44 35 
44 57 
44 10 
44 3 
44 56 
44 23 
44 11 
44 46 
44 22 
44 41 
44 43 
44 45 
44 2 
44 34 
44 30 
44 49 
44 18 
44 47 
44 54 
44 0 
44 59 
44 26 
44 16 
44 1 
44 67 
44 58 
44 55 
44 37 
44 38 
44 9 
44 36 
44 33 
44 69 
44 17 
44 32 
44 50 
44 53 
44 5 
44 65 
44 29 
44 39 
44 4 
44 42 
44 13 
44 8 
44 7 
45 35 
45 1 
45 28 
45 54 
45 37 
45 7 
45 60 
45 12 
45 31 
45 23 
45 65 
45 46 
45 69 
45 44 
45 36 
45 33 
45 39 
45 16 
45 42 
45 25 
45 21 
45 6 
45 8 
45 38 
45 40 
45 62 
45 29 
45 47 
45 53 
45 15 
45 52 
45 13 
45 34 
45 20 
45 61 
45 68 
45 22 
45 63 
45 48 
45 30 
45 59 
45 67 
45 57 
45 56 
45 41 
45 14 
45 11 
45 3 
45 50 
45 0 
45 55 
45 32 
46 32 
46 43 
46 41 
46 22 
46 62 
46 12 
46 44 
46 56 
46 34 
46 60 
46 45 
46 24 
46 35 
46 26 
46 61 
46 40 
46 6 
46 29 
46 14 
46 49 
46 33 
46 52 
46 10 
46 2 
46 58 
46 1 
46 48 
46 9 
46 4 
46 53 
46 68 
46 55 
46 69 
46 19 
46 11 
46 17 
46 18 
46 59 
46 21 
46 66 
46 42 
46 25 
46 37 
46 64 
46 65 
46 54 
46 50 
46 8 
47 0 
47 35 
47 24 
47 56 
47 48 
47 8 
47 2 
47 11 
47 27 
47 41 
47 59 
47 15 
47 34 
47 7 
47 17 
47 42 
47 39 
47 67 
47 60 
47 63 
47 14 
47 44 
47 3 
47 12 
47 36 
47 30 
47 55 
47 45 
47 37 
47 38 
47 53 
47 52 
47 31 
47 1 
47 62 
47 21 
47 57 
47 43 
47 66 
47 22 
47 25 
47 10 
47 26 
47 23 
47 20 
47 58 
47 4 
47 68 
47 13 
47 54 
47 65 
47 49 
47 61 
47 5 
48 50 
48 30 
48 3 
48 47 
48 57 
48 22 
48 69 
48 54 
48 42 
48 39 
48 16 
48 15 
48 14 
48 40 
48 26 
48 49 
48 20 
48 32 
48 13 
48 8 
48 18 
48 67 
48 46 
48 43 
48 25 
48 31 
48 53 
48 17 
48 10 
48 59 
48 62 
48 56 
48 4 
48 28 
48 6 
48 2 
48 68 
48 63 
48 33 
48 45 
48 0 
48 27 
48 24 
48 1 
48 29 
48 41 
48 35 
48 65 
48 55 
48 60 
48 52 
48 58 
49 26 
49 29 
49 31 
49 35 
49 56 
49 37 
49 40 
49 8 
49 60 
49 3 
49 69 
49 5 
49 24 
49 62 
49 44 
49 52 
49 2 
49 14 
49 48 
49 46 
49 53 
49 17 
49 20 
49 6 
49 21 
49 42 
49 7 
49 41 
49 38 
49 19 
49 64 
49 51 
49 54 
49 30 
49 32 
49 15 
49 9 
49 18 
49 68 
49 16 
49 12 
49 58 
49 0 
49 23 
49 4 
49 47 
50 48 
50 18 
50 2 
50 26 
50 66 
50 38 
50 13 
50 35 
50 9 
50 42 
50 23 
50 57 
50 31 
50 3 
50 4 
50 53 
50 33 
50 1 
50 6 
50 61 
50 25 
50 10 
50 17 
50 21 
50 39 
50 20 
50 44 
50 59 
50 65 
50 64 
50 55 
50 67 
50 30 
50 34 
50 45 
50 7 
50 40 
50 15 
50 46 
50 24 
50 27 
51 52 
51 24 
51 22 
51 63 
51 29 
51 54 
51 43 
51 12 
51 8 
51 57 
51 37 
51 60 
51 38 
51 15 
51 35 
51 41 
51 28 
51 59 
51 65 
51 58 
51 31 
51 21 
51 2 
51 18 
51 17 
51 67 
51 33 
51 68 
51 40 
51 27 
51 3 
51 1 
51 26 
51 49 
51 0 
51 56 
51 69 
51 14 
51 66 
51 19 
51 61 
51 23 
51 5 
51 55 
51 25 
51 39 
51 53 
51 20 
51 16 
51 10 
52 17 
52 18 
52 16 
52 51 
52 10 
52 38 
52 64 
52 8 
52 33 
52 31 
52 5 
52 3 
52 24 
52 54 
52 65 
52 60 
52 66 
52 49 
52 29 
52 69 
52 23 
52 46 
52 2 
52 36 
52 41 
52 43 
52 35 
52 27 
52 45 
52 42 
52 47 
52 9 
52 26 
52 61 
52 20 
52 11 
52 57 
52 53 
52 39 
52 14 
52 59 
52 56 
52 6 
52 22 
52 30 
52 19 
52 21 
52 0 
52 7 
52 48 
52 32 
53 42 
53 19 
53 18 
53 13 
53 55 
53 69 
53 65 
53 7 
53 35 
53 54 
53 31 
53 11 
53 62 
53 40 
53 41 
53 61 
53 60 
53 21 
53 37 
53 14 
53 5 
53 39 
53 56 
53 50 
53 49 
53 29 
53 36 
53 45 
53 26 
53 3 
53 47 
53 4 
53 48 
53 46 
53 0 
53 20 
53 2 
53 25 
53 28 
53 23 
53 52 
53 22 
53 68 
53 59 
53 57 
53 9 
53 44 
53 27 
53 38 
53 33 
53 66 
53 16 
53 12 
53 43 
53 30 
53 34 
53 6 
53 63 
53 51 
54 10 
54 1 
54 16 
54 15 
54 25 
54 67 
54 51 
54 45 
54 34 
54 55 
54 53 
54 17 
54 12 
54 6 
54 48 
54 57 
54 7 
54 56 
54 4 
54 26 
54 52 
54 58 
54 32 
54 39 
54 21 
54 19 
54 36 
54 43 
54 31 
54 61 
54 44 
54 63 
54 11 
54 23 
54 30 
54 60 
54 9 
54 20 
54 64 
54 38 
54 69 
54 42 
54 14 
54 8 
54 5 
54 62 
54 28 
54 0 
54 49 
54 41 
54 66 
54 33 
54 27 
54 47 
54 46 
55 43 
55 42 
55 12 
55 57 
55 53 
55 54 
55 35 
55 41 
55 67 
55 15 
55 11 
55 56 
55 29 
55 3 
55 58 
55 37 
55 14 
55 27 
55 16 
55 7 
55 47 
55 18 
55 9 
55 31 
55 26 
55 5 
55 38 
55 4 
55 6 
55 23 
55 44 
55 1 
55 39 
55 34 
55 0 
55 46 
55 61 
55 20 
55 36 
55 17 
55 24 
55 66 
55 13 
55 64 
55 50 
55 69 
55 19 
55 51 
55 60 
55 48 
55 45 
55 2 
55 33 
56 0 
56 63 
56 66 
56 37 
56 47 
56 10 
56 49 
56 44 
56 30 
56 43 
56 22 
56 46 
56 1 
56 54 
56 55 
56 69 
56 34 
56 8 
56 39 
56 53 
56 62 
56 68 
56 31 
56 24 
56 3 
56 36 
56 16 
56 42 
56 58 
56 19 
56 48 
56 18 
56 13 
56 40 
56 41 
56 29 
56 26 
56 45 
56 17 
56 51 
56 59 
56 52 
56 4 
56 7 
56 33 
56 35 
56 11 
56 60 
56 6 
56 65 
56 25 
56 9 
56 14 
56 32 
57 6 
57 55 
57 44 
57 59 
57 48 
57 36 
57 24 
57 0 
57 51 
57 64 
57 54 
57 50 
57 63 
57 31 
57 15 
57 37 
57 23 
57 33 
57 19 
57 18 
57 3 
57 7 
57 11 
57 58 
57 2 
57 40 
57 12 
57 17 
57 65 
57 16 
57 29 
57 35 
57 9 
57 43 
57 52 
57 47 
57 61 
57 53 
57 45 
57 1 
57 5 
57 66 
57 13 
57 60 
57 67 
57 22 
57 69 
57 21 
57 32 
57 68 
57 28 
58 24 
58 8 
58 31 
58 3 
58 25 
58 33 
58 65 
58 16 
58 41 
58 15 
58 67 
58 2 
58 21 
58 0 
58 54 
58 11 
58 66 
58 55 
58 51 
58 63 
58 61 
58 57 
58 36 
58 40 
58 46 
58 62 
58 22 
58 44 
58 42 
58 10 
58 56 
58 6 
58 30 
58 34 
58 20 
58 35 
58 17 
58 64 
58 59 
58 13 
58 7 
58 47 
58 43 
58 32 
58 49 
58 68 
58 12 
58 37 
58 48 
58 4 
59 12 
59 34 
59 31 
59 0 
59 66 
59 68 
59 67 
59 38 
59 57 
59 14 
59 15 
59 61 
59 7 
59 47 
59 43 
59 4 
59 16 
59 5 
59 37 
59 51 
59 29 
59 19 
59 44 
59 65 
59 26 
59 28 
59 32 
59 62 
59 3 
59 69 
59 48 
59 23 
59 40 
59 35 
59 53 
59 45 
59 63 
59 52 
59 58 
59 50 
59 56 
59 46 
59 11 
59 18 
59 21 
59 22 
59 25 
59 39 
59 36 
59 8 
59 20 
59 41 
59 10 
60 8 
60 6 
60 9 
60 19 
60 7 
60 20 
60 37 
60 11 
60 49 
60 22 
60 45 
60 43 
60 35 
60 32 
60 25 
60 33 
60 46 
60 51 
60 39 
60 14 
60 27 
60 52 
60 47 
60 64 
60 38 
60 53 
60 1 
60 67 
60 42 
60 26 
60 4 
60 34 
60 54 
60 66 
60 10 
60 31 
60 28 
60 63 
60 3 
60 24 
60 69 
60 23 
60 62 
60 57 
60 65 
60 21 
60 55 
60 18 
60 56 
60 48 
60 12 
60 30 
61 43 
61 12 
61 32 
61 30 
61 68 
61 59 
61 64 
61 2 
61 21 
61 38 
61 35 
61 16 
61 42 
61 9 
61 53 
61 37 
61 46 
61 1 
61 6 
61 54 
61 58 
61 8 
61 0 
61 28 
61 18 
61 50 
61 52 
61 69 
61 45 
61 34 
61 55 
61 57 
61 7 
61 41 
61 39 
61 65 
61 36 
61 51 
61 22 
61 27 
61 25 
61 63 
61 62 
61 33 
61 15 
61 47 
61 67 
61 23 
61 31 
61 5 
62 22 
62 44 
62 67 
62 68 
62 27 
62 20 
62 12 
62 32 
62 3 
62 17 
62 36 
62 46 
62 5 
62 53 
62 63 
62 49 
62 45 
62 33 
62 56 
62 40 
62 42 
62 18 
62 66 
62 29 
62 64 
62 58 
62 69 
62 4 
62 59 
62 14 
62 48 
62 11 
62 35 
62 1 
62 39 
62 47 
62 23 
62 16 
62 54 
62 0 
62 38 
62 10 
62 15 
62 60 
62 30 
62 34 
62 61 
62 7 
63 40 
63 28 
63 30 
63 15 
63 56 
63 22 
63 69 
63 51 
63 1 
63 31 
63 16 
63 39 
63 67 
63 4 
63 21 
63 32 
63 57 
63 20 
63 13 
63 62 
63 29 
63 47 
63 37 
63 58 
63 41 
63 8 
63 54 
63 42 
63 19 
63 36 
63 25 
63 7 
63 33 
63 48 
63 6 
63 26 
63 45 
63 65 
63 60 
63 18 
63 59 
63 10 
63 24 
63 34 
63 68 
63 17 
63 53 
63 12 
63 23 
63 27 
63 11 
63 61 
64 66 
64 7 
64 28 
64 38 
64 25 
64 52 
64 17 
64 42 
64 33 
64 21 
64 61 
64 57 
64 15 
64 18 
64 36 
64 35 
64 60 
64 26 
64 13 
64 31 
64 43 
64 62 
64 65 
64 0 
64 54 
64 30 
64 24 
64 2 
64 14 
64 69 
64 41 
64 49 
64 67 
64 58 
64 55 
64 10 
64 3 
64 50 
64 6 
64 27 
64 68 
64 4 
64 22 
64 46 
64 8 
64 20 
64 9 
64 40 
64 37 
65 14 
65 29 
65 12 
65 67 
65 16 
65 33 
65 53 
65 66 
65 58 
65 27 
65 23 
65 32 
65 36 
65 45 
65 39 
65 19 
65 4 
65 52 
65 51 
65 18 
65 59 
65 15 
65 64 
65 38 
65 10 
65 43 
65 57 
65 69 
65 30 
65 25 
65 41 
65 1 
65 31 
65 0 
65 63 
65 28 
65 61 
65 9 
65 21 
65 50 
65 44 
65 7 
65 8 
65 60 
65 11 
65 20 
65 48 
65 37 
65 22 
65 46 
65 56 
65 47 
65 3 
65 42 
66 21 
66 18 
66 64 
66 4 
66 56 
66 1 
66 59 
66 27 
66 65 
66 3 
66 38 
66 29 
66 12 
66 50 
66 42 
66 33 
66 37 
66 7 
66 20 
66 52 
66 15 
66 58 
66 22 
66 31 
66 34 
66 69 
66 36 
66 6 
66 13 
66 43 
66 62 
66 60 
66 8 
66 16 
66 0 
66 47 
66 14 
66 11 
66 32 
66 67 
66 51 
66 55 
66 54 
66 57 
66 53 
66 68 
66 9 
66 46 
66 5 
66 41 
66 30 
66 2 
66 19 
66 35 
66 26 
66 17 
67 10 
67 43 
67 65 
67 62 
67 54 
67 59 
67 69 
67 39 
67 30 
67 5 
67 63 
67 58 
67 17 
67 55 
67 14 
67 36 
67 42 
67 3 
67 47 
67 38 
67 60 
67 32 
67 34 
67 4 
67 7 
67 48 
67 44 
67 51 
67 27 
67 1 
67 40 
67 33 
67 28 
67 37 
67 18 
67 11 
67 35 
67 12 
67 22 
67 45 
67 9 
67 21 
67 66 
67 64 
67 25 
67 50 
67 13 
67 57 
67 16 
67 61 
67 19 
67 31 
67 15 
68 34 
68 29 
68 36 
68 62 
68 59 
68 6 
68 39 
68 61 
68 37 
68 7 
68 26 
68 27 
68 9 
68 19 
68 30 
68 5 
68 10 
68 31 
68 41 
68 35 
68 56 
68 22 
68 0 
68 17 
68 21 
68 42 
68 51 
68 46 
68 48 
68 45 
68 53 
68 28 
68 20 
68 43 
68 23 
68 38 
68 40 
68 66 
68 15 
68 49 
68 64 
68 63 
68 58 
68 69 
68 47 
68 4 
68 12 
68 8 
68 57 
68 2 
68 11 
68 24 
69 63 
69 3 
69 13 
69 53 
69 67 
69 22 
69 42 
69 27 
69 5 
69 20 
69 48 
69 49 
69 43 
69 45 
69 39 
69 19 
69 24 
69 56 
69 30 
69 33 
69 11 
69 36 
69 38 
69 52 
69 66 
69 0 
69 15 
69 62 
69 34 
69 23 
69 40 
69 59 
69 37 
69 14 
69 54 
69 65 
69 32 
69 61 
69 64 
69 46 
69 16 
69 7 
69 31 
69 18 
69 44 
69 51 
69 35 
69 2 
69 60 
69 55 
69 41 
69 17 
69 68 
69 57 
69 21 
69 6 
69 26 
