0 26 
0 31 
0 60 
0 12 
0 11 
0 56 
0 30 
1 48 
1 32 
1 65 
1 12 
2 63 
2 7 
2 21 
2 62 
2 39 
3 73 
3 12 
3 26 
3 7 
3 8 
3 59 
3 53 
3 41 
3 80 
3 11 
3 77 
4 15 
4 77 
4 54 
4 9 
5 64 
5 57 
5 60 
5 27 
5 41 
5 65 
5 79 
5 44 
5 74 
5 37 
6 68 
6 24 
6 40 
6 59 
7 38 
7 3 
7 2 
7 28 
7 17 
7 15 
7 18 
7 36 
8 3 
8 80 
8 78 
8 33 
8 52 
8 34 
9 51 
9 75 
9 4 
9 40 
9 62 
9 25 
9 21 
10 31 
10 49 
10 28 
10 29 
10 76 
10 43 
10 50 
11 79 
11 3 
11 77 
11 49 
11 72 
11 25 
11 0 
11 14 
11 52 
11 39 
12 56 
12 3 
12 31 
12 60 
12 19 
12 38 
12 0 
12 79 
12 14 
12 69 
12 15 
12 1 
13 68 
13 39 
13 73 
13 33 
13 61 
13 79 
13 47 
13 65 
13 40 
13 62 
14 53 
14 29 
14 68 
14 67 
14 45 
14 54 
14 36 
14 11 
14 12 
15 4 
15 71 
15 40 
15 19 
15 70 
15 7 
15 72 
15 12 
16 73 
16 77 
16 40 
16 78 
16 67 
16 33 
16 60 
16 61 
17 62 
17 69 
17 56 
17 7 
18 47 
18 41 
18 21 
18 7 
18 20 
19 36 
19 48 
19 46 
19 12 
19 15 
19 23 
19 40 
19 43 
20 64 
20 50 
20 51 
20 41 
20 72 
20 76 
20 39 
20 18 
20 48 
21 54 
21 34 
21 2 
21 18 
21 73 
21 36 
21 31 
21 45 
21 72 
21 23 
21 9 
22 67 
22 75 
22 68 
22 70 
22 77 
22 24 
22 25 
22 60 
23 38 
23 25 
23 29 
23 19 
23 78 
23 37 
23 58 
23 21 
24 6 
24 48 
24 22 
24 78 
25 27 
25 53 
25 23 
25 11 
25 65 
25 9 
25 22 
26 3 
26 0 
26 77 
26 56 
26 46 
26 79 
26 38 
27 38 
27 25 
27 42 
27 63 
27 5 
27 58 
28 37 
28 72 
28 43 
28 10 
28 48 
28 33 
28 7 
28 34 
28 46 
28 74 
28 42 
28 73 
29 14 
29 30 
29 62 
29 10 
29 65 
29 54 
29 23 
29 61 
29 73 
29 46 
30 29 
30 34 
30 0 
30 52 
31 58 
31 10 
31 0 
31 75 
31 12 
31 49 
31 21 
31 67 
31 37 
32 39 
32 62 
32 52 
32 46 
32 1 
32 48 
33 58 
33 68 
33 43 
33 28 
33 13 
33 35 
33 72 
33 8 
33 46 
33 80 
33 16 
33 42 
34 30 
34 51 
34 21 
34 78 
34 28 
34 8 
34 41 
34 80 
35 80 
35 78 
35 33 
35 57 
35 65 
35 36 
36 39 
36 49 
36 19 
36 68 
36 52 
36 72 
36 65 
36 43 
36 21 
36 80 
36 35 
36 14 
36 7 
37 28 
37 57 
37 55 
37 23 
37 31 
37 5 
38 23 
38 7 
38 27 
38 62 
38 47 
38 12 
38 69 
38 54 
38 26 
39 36 
39 13 
39 42 
39 32 
39 20 
39 2 
39 54 
39 11 
40 16 
40 15 
40 57 
40 6 
40 9 
40 19 
40 79 
40 13 
41 42 
41 51 
41 20 
41 18 
41 3 
41 76 
41 5 
41 61 
41 34 
42 41 
42 39 
42 27 
42 50 
42 76 
42 57 
42 65 
42 46 
42 28 
42 33 
42 58 
42 59 
43 28 
43 33 
43 70 
43 36 
43 46 
43 80 
43 19 
43 10 
44 75 
44 55 
44 5 
45 48 
45 50 
45 65 
45 71 
45 14 
45 21 
45 79 
46 62 
46 48 
46 19 
46 32 
46 51 
46 26 
46 33 
46 28 
46 42 
46 64 
46 43 
46 29 
46 61 
47 18 
47 38 
47 57 
47 13 
47 61 
47 68 
48 45 
48 19 
48 46 
48 28 
48 49 
48 1 
48 24 
48 53 
48 61 
48 32 
48 55 
48 20 
49 36 
49 10 
49 76 
49 65 
49 31 
49 48 
49 11 
49 62 
50 20 
50 42 
50 45 
50 76 
50 10 
51 9 
51 41 
51 20 
51 63 
51 34 
51 53 
51 46 
51 69 
52 74 
52 71 
52 36 
52 32 
52 75 
52 56 
52 8 
52 11 
52 30 
53 14 
53 3 
53 25 
53 51 
53 61 
53 80 
53 48 
53 55 
54 21 
54 76 
54 4 
54 29 
54 38 
54 14 
54 39 
54 77 
54 64 
55 65 
55 44 
55 37 
55 53 
55 48 
56 12 
56 26 
56 75 
56 68 
56 17 
56 52 
56 0 
56 60 
57 5 
57 74 
57 40 
57 37 
57 47 
57 42 
57 35 
57 67 
58 31 
58 33 
58 62 
58 69 
58 23 
58 27 
58 42 
59 69 
59 3 
59 79 
59 6 
59 42 
59 71 
60 62 
60 5 
60 12 
60 0 
60 16 
60 69 
60 22 
60 56 
61 69 
61 80 
61 68 
61 70 
61 13 
61 53 
61 47 
61 29 
61 75 
61 41 
61 48 
61 46 
61 16 
62 17 
62 29 
62 38 
62 60 
62 46 
62 32 
62 58 
62 2 
62 9 
62 49 
62 13 
63 2 
63 51 
63 66 
63 27 
63 74 
64 20 
64 5 
64 71 
64 77 
64 46 
64 54 
65 55 
65 45 
65 49 
65 36 
65 29 
65 77 
65 5 
65 35 
65 42 
65 13 
65 25 
65 1 
66 63 
67 22 
67 14 
67 79 
67 16 
67 78 
67 31 
67 57 
68 6 
68 13 
68 14 
68 75 
68 36 
68 22 
68 33 
68 56 
68 61 
68 47 
69 61 
69 59 
69 38 
69 17 
69 51 
69 58 
69 72 
69 60 
69 78 
69 73 
69 12 
69 77 
70 77 
70 76 
70 22 
70 43 
70 61 
70 15 
70 80 
71 15 
71 52 
71 72 
71 45 
71 64 
71 59 
72 28 
72 71 
72 20 
72 36 
72 33 
72 11 
72 15 
72 69 
72 21 
73 16 
73 3 
73 13 
73 21 
73 29 
73 74 
73 69 
73 28 
74 52 
74 57 
74 63 
74 73 
74 28 
74 5 
75 44 
75 77 
75 22 
75 68 
75 31 
75 9 
75 56 
75 52 
75 61 
76 49 
76 54 
76 42 
76 20 
76 50 
76 10 
76 70 
76 41 
77 16 
77 75 
77 4 
77 26 
77 70 
77 11 
77 65 
77 22 
77 64 
77 3 
77 54 
77 69 
78 35 
78 16 
78 8 
78 34 
78 67 
78 24 
78 23 
78 69 
79 11 
79 67 
79 12 
79 13 
79 5 
79 26 
79 45 
79 80 
79 59 
79 40 
80 35 
80 61 
80 8 
80 3 
80 33 
80 36 
80 53 
80 79 
80 43 
80 70 
80 34 
