0 58 
0 92 
0 5 
0 22 
0 94 
0 8 
0 15 
0 47 
0 85 
0 11 
0 20 
0 38 
0 52 
0 87 
0 66 
0 23 
0 71 
0 91 
0 43 
0 70 
0 77 
0 44 
0 61 
0 36 
0 51 
0 56 
0 65 
0 32 
0 24 
0 34 
0 84 
0 28 
0 78 
0 90 
0 27 
0 6 
0 35 
0 80 
0 97 
0 86 
0 25 
0 9 
0 98 
0 76 
0 7 
0 12 
0 74 
0 49 
0 33 
0 79 
0 18 
0 75 
0 48 
0 30 
0 93 
0 82 
0 10 
0 69 
0 40 
0 21 
0 89 
0 95 
1 94 
1 3 
1 20 
1 82 
1 11 
1 75 
1 26 
1 4 
1 90 
1 77 
1 29 
1 13 
1 37 
1 53 
1 34 
1 55 
1 2 
1 64 
1 21 
1 88 
1 50 
1 52 
1 67 
1 93 
1 59 
1 76 
1 5 
1 89 
1 60 
1 12 
1 43 
1 46 
1 97 
1 70 
1 39 
1 47 
1 22 
1 86 
1 48 
1 44 
1 73 
1 84 
1 18 
1 56 
1 87 
1 99 
1 69 
1 33 
1 45 
1 72 
1 96 
1 6 
1 66 
1 57 
1 81 
1 23 
1 58 
1 16 
1 32 
1 40 
1 14 
1 95 
1 61 
1 51 
1 9 
1 63 
1 15 
1 78 
1 62 
1 36 
1 98 
1 54 
1 30 
1 79 
1 27 
1 68 
1 41 
1 83 
2 38 
2 75 
2 17 
2 19 
2 31 
2 30 
2 5 
2 58 
2 98 
2 16 
2 77 
2 50 
2 44 
2 23 
2 14 
2 1 
2 40 
2 66 
2 85 
2 82 
2 49 
2 52 
2 37 
2 91 
2 55 
2 39 
2 76 
2 63 
2 35 
2 81 
2 8 
2 33 
2 69 
2 45 
2 70 
2 32 
2 51 
2 93 
2 90 
2 41 
2 7 
2 47 
2 9 
2 99 
2 15 
2 59 
2 88 
2 12 
2 22 
2 21 
2 94 
2 71 
2 78 
2 95 
2 86 
2 67 
2 73 
2 26 
2 11 
2 3 
2 48 
2 6 
2 97 
2 43 
2 89 
2 36 
2 96 
2 10 
2 13 
2 46 
2 74 
3 66 
3 12 
3 1 
3 67 
3 5 
3 72 
3 78 
3 25 
3 44 
3 17 
3 64 
3 96 
3 24 
3 15 
3 38 
3 81 
3 33 
3 94 
3 83 
3 74 
3 65 
3 6 
3 48 
3 16 
3 20 
3 61 
3 18 
3 84 
3 79 
3 97 
3 87 
3 10 
3 60 
3 99 
3 11 
3 42 
3 70 
3 36 
3 37 
3 71 
3 56 
3 26 
3 73 
3 92 
3 28 
3 27 
3 21 
3 89 
3 8 
3 91 
3 90 
3 63 
3 19 
3 30 
3 43 
3 41 
3 45 
3 69 
3 86 
3 95 
3 2 
3 13 
3 23 
3 35 
3 52 
3 93 
3 54 
3 98 
3 14 
3 34 
3 75 
3 22 
3 32 
3 88 
3 51 
3 7 
4 62 
4 29 
4 8 
4 66 
4 92 
4 22 
4 84 
4 51 
4 35 
4 1 
4 44 
4 91 
4 18 
4 71 
4 81 
4 11 
4 87 
4 47 
4 70 
4 50 
4 49 
4 72 
4 27 
4 53 
4 86 
4 23 
4 80 
4 64 
4 10 
4 43 
4 38 
4 15 
4 88 
4 33 
4 78 
4 77 
4 40 
4 52 
4 94 
4 68 
4 74 
4 73 
4 56 
4 76 
4 25 
4 24 
4 42 
4 30 
4 55 
4 61 
4 5 
4 54 
4 69 
4 79 
4 90 
4 28 
4 12 
4 67 
4 58 
4 59 
4 19 
4 21 
4 60 
4 57 
4 6 
4 93 
4 31 
4 14 
4 9 
4 85 
5 98 
5 70 
5 0 
5 48 
5 77 
5 2 
5 3 
5 95 
5 73 
5 26 
5 19 
5 25 
5 85 
5 40 
5 23 
5 49 
5 55 
5 43 
5 22 
5 36 
5 93 
5 42 
5 88 
5 6 
5 62 
5 81 
5 68 
5 34 
5 87 
5 20 
5 35 
5 17 
5 30 
5 11 
5 29 
5 1 
5 92 
5 99 
5 41 
5 38 
5 45 
5 90 
5 46 
5 47 
5 27 
5 80 
5 96 
5 75 
5 74 
5 4 
5 66 
5 89 
5 33 
5 63 
5 16 
5 76 
5 64 
5 9 
5 12 
5 82 
5 10 
5 50 
5 37 
5 7 
5 13 
5 72 
5 94 
5 15 
5 79 
5 69 
5 84 
5 91 
5 39 
5 44 
5 78 
5 8 
5 18 
5 60 
5 97 
5 31 
5 57 
5 51 
5 83 
6 82 
6 88 
6 68 
6 92 
6 20 
6 7 
6 85 
6 53 
6 35 
6 81 
6 21 
6 31 
6 71 
6 14 
6 11 
6 80 
6 27 
6 26 
6 38 
6 5 
6 28 
6 23 
6 3 
6 64 
6 48 
6 45 
6 17 
6 78 
6 58 
6 50 
6 91 
6 42 
6 22 
6 8 
6 36 
6 49 
6 60 
6 39 
6 44 
6 56 
6 24 
6 79 
6 73 
6 76 
6 43 
6 33 
6 0 
6 46 
6 90 
6 65 
6 1 
6 13 
6 62 
6 67 
6 84 
6 19 
6 63 
6 51 
6 55 
6 52 
6 2 
6 37 
6 4 
6 59 
6 16 
6 99 
6 30 
6 66 
6 25 
6 10 
6 57 
6 69 
6 29 
6 61 
6 9 
7 78 
7 63 
7 58 
7 50 
7 60 
7 91 
7 88 
7 6 
7 85 
7 29 
7 98 
7 79 
7 41 
7 95 
7 56 
7 71 
7 14 
7 9 
7 81 
7 53 
7 42 
7 72 
7 84 
7 59 
7 94 
7 97 
7 18 
7 12 
7 20 
7 30 
7 10 
7 19 
7 17 
7 26 
7 89 
7 64 
7 35 
7 93 
7 36 
7 25 
7 21 
7 34 
7 77 
7 90 
7 2 
7 23 
7 33 
7 99 
7 32 
7 51 
7 66 
7 28 
7 40 
7 43 
7 37 
7 86 
7 0 
7 57 
7 70 
7 5 
7 54 
7 8 
7 55 
7 13 
7 67 
7 68 
7 11 
7 22 
7 46 
7 87 
7 83 
7 62 
7 69 
7 96 
7 3 
8 71 
8 45 
8 4 
8 42 
8 19 
8 0 
8 12 
8 21 
8 57 
8 44 
8 17 
8 13 
8 87 
8 43 
8 38 
8 33 
8 91 
8 41 
8 79 
8 39 
8 51 
8 74 
8 69 
8 16 
8 81 
8 98 
8 55 
8 96 
8 6 
8 29 
8 2 
8 72 
8 80 
8 35 
8 11 
8 56 
8 90 
8 99 
8 68 
8 61 
8 27 
8 84 
8 85 
8 3 
8 23 
8 58 
8 46 
8 89 
8 62 
8 31 
8 7 
8 34 
8 73 
8 26 
8 48 
8 64 
8 50 
8 5 
8 70 
8 36 
8 28 
8 67 
8 24 
8 97 
8 75 
8 30 
8 60 
8 92 
9 82 
9 14 
9 53 
9 94 
9 24 
9 52 
9 15 
9 68 
9 34 
9 37 
9 72 
9 77 
9 71 
9 36 
9 7 
9 64 
9 83 
9 31 
9 25 
9 43 
9 78 
9 93 
9 59 
9 18 
9 60 
9 86 
9 17 
9 54 
9 41 
9 62 
9 30 
9 57 
9 40 
9 16 
9 19 
9 39 
9 22 
9 26 
9 92 
9 12 
9 80 
9 47 
9 13 
9 2 
9 23 
9 87 
9 0 
9 48 
9 73 
9 76 
9 81 
9 35 
9 69 
9 74 
9 5 
9 49 
9 55 
9 33 
9 98 
9 11 
9 10 
9 1 
9 96 
9 38 
9 95 
9 85 
9 20 
9 70 
9 97 
9 32 
9 89 
9 4 
9 46 
9 61 
9 6 
10 94 
10 71 
10 57 
10 77 
10 52 
10 23 
10 66 
10 29 
10 22 
10 40 
10 26 
10 34 
10 11 
10 65 
10 36 
10 12 
10 13 
10 91 
10 19 
10 51 
10 63 
10 35 
10 98 
10 32 
10 99 
10 33 
10 87 
10 7 
10 39 
10 4 
10 84 
10 3 
10 95 
10 79 
10 72 
10 76 
10 89 
10 53 
10 28 
10 27 
10 43 
10 38 
10 18 
10 50 
10 24 
10 62 
10 64 
10 75 
10 41 
10 49 
10 5 
10 67 
10 9 
10 31 
10 56 
10 59 
10 42 
10 16 
10 48 
10 15 
10 0 
10 58 
10 81 
10 73 
10 55 
10 2 
10 47 
10 6 
10 80 
10 70 
11 93 
11 38 
11 65 
11 27 
11 23 
11 1 
11 51 
11 60 
11 70 
11 0 
11 59 
11 81 
11 6 
11 10 
11 79 
11 33 
11 32 
11 13 
11 28 
11 4 
11 75 
11 69 
11 78 
11 84 
11 20 
11 91 
11 72 
11 88 
11 5 
11 19 
11 97 
11 68 
11 47 
11 92 
11 3 
11 49 
11 52 
11 82 
11 25 
11 8 
11 53 
11 40 
11 61 
11 24 
11 90 
11 12 
11 14 
11 44 
11 67 
11 30 
11 41 
11 94 
11 95 
11 66 
11 34 
11 21 
11 77 
11 46 
11 62 
11 48 
11 71 
11 45 
11 42 
11 36 
11 9 
11 99 
11 73 
11 39 
11 26 
11 2 
11 58 
11 18 
11 37 
11 16 
11 85 
11 96 
11 83 
11 17 
11 89 
11 98 
11 7 
11 80 
11 54 
11 43 
11 22 
11 55 
12 32 
12 3 
12 99 
12 84 
12 15 
12 80 
12 28 
12 8 
12 25 
12 47 
12 16 
12 72 
12 23 
12 67 
12 65 
12 91 
12 50 
12 10 
12 59 
12 40 
12 37 
12 73 
12 55 
12 96 
12 29 
12 7 
12 88 
12 17 
12 78 
12 74 
12 41 
12 52 
12 1 
12 13 
12 68 
12 54 
12 60 
12 85 
12 22 
12 57 
12 9 
12 46 
12 11 
12 24 
12 95 
12 76 
12 86 
12 19 
12 97 
12 89 
12 64 
12 42 
12 82 
12 75 
12 2 
12 98 
12 26 
12 83 
12 92 
12 5 
12 4 
12 93 
12 27 
12 0 
12 71 
12 63 
12 36 
12 33 
12 81 
12 44 
12 87 
12 43 
12 69 
12 77 
12 34 
12 51 
12 30 
13 16 
13 48 
13 31 
13 75 
13 42 
13 58 
13 79 
13 64 
13 50 
13 8 
13 45 
13 1 
13 29 
13 99 
13 83 
13 68 
13 11 
13 98 
13 94 
13 10 
13 27 
13 61 
13 25 
13 53 
13 71 
13 72 
13 97 
13 17 
13 90 
13 36 
13 65 
13 59 
13 88 
13 12 
13 93 
13 91 
13 84 
13 69 
13 34 
13 57 
13 60 
13 92 
13 47 
13 78 
13 82 
13 43 
13 37 
13 9 
13 55 
13 80 
13 85 
13 76 
13 66 
13 32 
13 39 
13 6 
13 73 
13 18 
13 56 
13 24 
13 5 
13 74 
13 14 
13 52 
13 81 
13 96 
13 89 
13 54 
13 3 
13 44 
13 77 
13 51 
13 46 
13 7 
13 20 
13 30 
13 21 
13 2 
13 33 
14 36 
14 9 
14 84 
14 69 
14 50 
14 94 
14 78 
14 64 
14 34 
14 17 
14 26 
14 32 
14 6 
14 85 
14 7 
14 80 
14 70 
14 2 
14 57 
14 42 
14 55 
14 87 
14 28 
14 33 
14 29 
14 41 
14 89 
14 24 
14 21 
14 35 
14 51 
14 46 
14 20 
14 15 
14 23 
14 93 
14 60 
14 83 
14 11 
14 45 
14 19 
14 27 
14 77 
14 53 
14 40 
14 91 
14 90 
14 1 
14 72 
14 49 
14 13 
14 25 
14 97 
14 71 
14 39 
14 18 
14 16 
14 62 
14 68 
14 63 
14 54 
14 47 
14 4 
14 73 
14 3 
14 79 
14 44 
14 65 
14 56 
14 99 
15 33 
15 32 
15 90 
15 35 
15 17 
15 82 
15 61 
15 12 
15 53 
15 0 
15 30 
15 75 
15 9 
15 44 
15 87 
15 86 
15 70 
15 80 
15 77 
15 67 
15 3 
15 64 
15 43 
15 26 
15 41 
15 38 
15 66 
15 85 
15 34 
15 19 
15 69 
15 21 
15 23 
15 78 
15 4 
15 89 
15 48 
15 84 
15 97 
15 99 
15 95 
15 46 
15 45 
15 50 
15 54 
15 28 
15 14 
15 36 
15 40 
15 55 
15 2 
15 18 
15 51 
15 68 
15 56 
15 72 
15 49 
15 37 
15 42 
15 81 
15 29 
15 31 
15 1 
15 91 
15 93 
15 5 
15 10 
15 96 
15 63 
15 71 
15 73 
15 57 
16 49 
16 13 
16 97 
16 71 
16 72 
16 62 
16 66 
16 58 
16 50 
16 2 
16 12 
16 78 
16 70 
16 76 
16 53 
16 63 
16 73 
16 67 
16 17 
16 22 
16 88 
16 92 
16 3 
16 18 
16 30 
16 8 
16 80 
16 81 
16 74 
16 65 
16 90 
16 20 
16 75 
16 9 
16 61 
16 31 
16 82 
16 44 
16 94 
16 35 
16 19 
16 77 
16 25 
16 95 
16 52 
16 34 
16 45 
16 64 
16 87 
16 5 
16 42 
16 54 
16 1 
16 51 
16 36 
16 29 
16 40 
16 46 
16 59 
16 56 
16 33 
16 23 
16 14 
16 69 
16 32 
16 11 
16 26 
16 10 
16 47 
16 6 
16 57 
16 68 
16 24 
17 30 
17 2 
17 81 
17 51 
17 67 
17 32 
17 38 
17 15 
17 39 
17 92 
17 62 
17 53 
17 43 
17 14 
17 3 
17 54 
17 8 
17 71 
17 16 
17 63 
17 52 
17 33 
17 60 
17 23 
17 97 
17 6 
17 48 
17 29 
17 12 
17 5 
17 13 
17 77 
17 37 
17 7 
17 80 
17 9 
17 95 
17 57 
17 18 
17 93 
17 66 
17 26 
17 75 
17 44 
17 22 
17 55 
17 49 
17 91 
17 72 
17 59 
17 76 
17 68 
17 87 
17 73 
17 84 
17 88 
17 31 
17 82 
17 64 
17 41 
17 74 
17 89 
17 70 
17 58 
17 99 
17 79 
17 98 
17 86 
17 11 
17 27 
17 94 
17 69 
17 46 
18 68 
18 49 
18 24 
18 43 
18 89 
18 25 
18 69 
18 28 
18 72 
18 33 
18 4 
18 62 
18 86 
18 83 
18 40 
18 59 
18 19 
18 60 
18 38 
18 36 
18 52 
18 39 
18 16 
18 7 
18 76 
18 42 
18 54 
18 46 
18 3 
18 34 
18 9 
18 66 
18 74 
18 17 
18 84 
18 97 
18 67 
18 93 
18 80 
18 1 
18 77 
18 22 
18 96 
18 37 
18 10 
18 61 
18 15 
18 64 
18 92 
18 91 
18 79 
18 73 
18 99 
18 95 
18 63 
18 13 
18 21 
18 65 
18 14 
18 26 
18 81 
18 11 
18 31 
18 0 
18 32 
18 98 
18 44 
18 5 
18 50 
18 55 
18 57 
19 2 
19 95 
19 31 
19 28 
19 82 
19 8 
19 58 
19 61 
19 76 
19 42 
19 5 
19 98 
19 72 
19 66 
19 67 
19 85 
19 57 
19 94 
19 48 
19 88 
19 68 
19 18 
19 91 
19 43 
19 21 
19 10 
19 53 
19 63 
19 15 
19 99 
19 41 
19 32 
19 49 
19 89 
19 7 
19 11 
19 46 
19 45 
19 73 
19 64 
19 9 
19 29 
19 69 
19 50 
19 27 
19 93 
19 16 
19 26 
19 24 
19 36 
19 14 
19 12 
19 80 
19 60 
19 20 
19 33 
19 87 
19 84 
19 3 
19 30 
19 35 
19 4 
19 96 
19 40 
19 51 
19 6 
19 71 
19 62 
19 59 
19 37 
19 23 
19 22 
19 77 
19 97 
19 78 
19 74 
20 31 
20 77 
20 85 
20 56 
20 1 
20 86 
20 74 
20 6 
20 26 
20 60 
20 70 
20 0 
20 28 
20 51 
20 64 
20 47 
20 66 
20 49 
20 37 
20 42 
20 80 
20 38 
20 62 
20 3 
20 46 
20 11 
20 5 
20 76 
20 7 
20 55 
20 30 
20 36 
20 95 
20 21 
20 16 
20 44 
20 50 
20 14 
20 53 
20 71 
20 92 
20 96 
20 59 
20 23 
20 65 
20 72 
20 19 
20 25 
20 61 
20 84 
20 58 
20 98 
20 82 
20 45 
20 73 
20 67 
20 34 
20 57 
20 75 
20 97 
20 54 
20 24 
20 9 
20 89 
20 13 
20 48 
20 88 
20 83 
20 35 
20 29 
20 91 
20 40 
20 27 
20 69 
21 68 
21 33 
21 83 
21 99 
21 51 
21 66 
21 62 
21 27 
21 58 
21 6 
21 47 
21 39 
21 8 
21 54 
21 52 
21 76 
21 82 
21 38 
21 95 
21 77 
21 73 
21 53 
21 1 
21 19 
21 70 
21 55 
21 15 
21 20 
21 60 
21 41 
21 14 
21 29 
21 35 
21 96 
21 7 
21 23 
21 94 
21 93 
21 49 
21 30 
21 67 
21 22 
21 11 
21 3 
21 85 
21 26 
21 40 
21 31 
21 2 
21 79 
21 97 
21 89 
21 4 
21 64 
21 98 
21 71 
21 18 
21 24 
21 37 
21 36 
21 65 
21 13 
21 87 
21 80 
21 45 
21 61 
21 43 
21 0 
21 86 
21 92 
21 84 
21 32 
22 44 
22 0 
22 59 
22 4 
22 33 
22 68 
22 25 
22 10 
22 60 
22 84 
22 49 
22 57 
22 74 
22 45 
22 73 
22 85 
22 5 
22 81 
22 16 
22 87 
22 47 
22 52 
22 6 
22 71 
22 35 
22 17 
22 9 
22 36 
22 26 
22 12 
22 43 
22 1 
22 62 
22 92 
22 24 
22 70 
22 99 
22 41 
22 18 
22 38 
22 21 
22 32 
22 31 
22 96 
22 29 
22 48 
22 2 
22 72 
22 56 
22 34 
22 23 
22 88 
22 91 
22 82 
22 51 
22 76 
22 46 
22 77 
22 95 
22 53 
22 69 
22 64 
22 40 
22 7 
22 39 
22 19 
22 3 
22 11 
22 61 
22 27 
23 75 
23 42 
23 78 
23 40 
23 54 
23 61 
23 24 
23 11 
23 56 
23 10 
23 37 
23 92 
23 12 
23 90 
23 59 
23 5 
23 50 
23 0 
23 36 
23 2 
23 95 
23 35 
23 76 
23 79 
23 6 
23 17 
23 4 
23 47 
23 30 
23 15 
23 33 
23 98 
23 73 
23 77 
23 83 
23 63 
23 28 
23 84 
23 27 
23 21 
23 55 
23 14 
23 43 
23 39 
23 20 
23 97 
23 85 
23 7 
23 9 
23 87 
23 82 
23 74 
23 68 
23 91 
23 52 
23 1 
23 8 
23 38 
23 25 
23 29 
23 22 
23 53 
23 80 
23 70 
23 66 
23 16 
23 72 
23 93 
23 3 
23 51 
23 48 
23 94 
23 19 
23 62 
23 67 
23 96 
24 39 
24 78 
24 18 
24 45 
24 92 
24 9 
24 75 
24 71 
24 81 
24 23 
24 61 
24 41 
24 77 
24 86 
24 42 
24 57 
24 32 
24 58 
24 95 
24 3 
24 80 
24 28 
24 60 
24 54 
24 0 
24 56 
24 98 
24 73 
24 64 
24 37 
24 14 
24 82 
24 48 
24 34 
24 35 
24 90 
24 11 
24 83 
24 22 
24 6 
24 70 
24 40 
24 50 
24 59 
24 4 
24 84 
24 12 
24 19 
24 51 
24 99 
24 68 
24 79 
24 10 
24 66 
24 26 
24 31 
24 47 
24 13 
24 36 
24 21 
24 76 
24 44 
24 53 
24 20 
24 85 
24 8 
24 88 
24 55 
24 72 
24 63 
24 27 
24 16 
25 74 
25 67 
25 18 
25 3 
25 41 
25 52 
25 22 
25 12 
25 75 
25 5 
25 85 
25 27 
25 33 
25 46 
25 63 
25 84 
25 97 
25 28 
25 55 
25 9 
25 13 
25 98 
25 45 
25 87 
25 39 
25 69 
25 42 
25 32 
25 36 
25 96 
25 66 
25 11 
25 26 
25 90 
25 7 
25 50 
25 54 
25 93 
25 4 
25 16 
25 60 
25 34 
25 47 
25 0 
25 48 
25 20 
25 57 
25 23 
25 51 
25 94 
25 88 
25 44 
25 56 
25 14 
25 91 
25 81 
25 82 
25 31 
25 61 
25 89 
25 68 
25 95 
25 30 
25 62 
25 6 
25 76 
25 58 
26 30 
26 63 
26 36 
26 52 
26 98 
26 95 
26 37 
26 59 
26 20 
26 64 
26 42 
26 85 
26 67 
26 77 
26 14 
26 1 
26 81 
26 86 
26 5 
26 91 
26 10 
26 47 
26 49 
26 6 
26 55 
26 15 
26 62 
26 73 
26 56 
26 39 
26 54 
26 32 
26 80 
26 7 
26 75 
26 78 
26 92 
26 68 
26 17 
26 97 
26 35 
26 9 
26 25 
26 22 
26 45 
26 66 
26 40 
26 31 
26 83 
26 93 
26 50 
26 46 
26 96 
26 19 
26 71 
26 3 
26 70 
26 94 
26 21 
26 88 
26 41 
26 27 
26 24 
26 99 
26 53 
26 12 
26 76 
26 61 
26 84 
26 28 
26 69 
26 44 
26 2 
26 11 
26 18 
26 65 
26 16 
26 8 
26 29 
26 74 
26 58 
27 31 
27 64 
27 28 
27 11 
27 93 
27 80 
27 68 
27 21 
27 95 
27 44 
27 30 
27 55 
27 89 
27 25 
27 59 
27 46 
27 76 
27 87 
27 6 
27 34 
27 62 
27 96 
27 13 
27 4 
27 41 
27 99 
27 45 
27 92 
27 86 
27 36 
27 65 
27 38 
27 71 
27 78 
27 49 
27 47 
27 19 
27 23 
27 5 
27 0 
27 57 
27 52 
27 88 
27 82 
27 10 
27 91 
27 3 
27 73 
27 14 
27 61 
27 8 
27 48 
27 26 
27 43 
27 33 
27 90 
27 56 
27 12 
27 42 
27 60 
27 77 
27 37 
27 1 
27 84 
27 97 
27 17 
27 85 
27 75 
27 66 
27 50 
27 22 
27 20 
27 70 
27 24 
28 91 
28 51 
28 68 
28 88 
28 27 
28 49 
28 19 
28 82 
28 12 
28 18 
28 85 
28 73 
28 32 
28 33 
28 35 
28 50 
28 66 
28 48 
28 20 
28 77 
28 80 
28 11 
28 24 
28 25 
28 6 
28 44 
28 14 
28 97 
28 55 
28 36 
28 38 
28 63 
28 39 
28 23 
28 0 
28 34 
28 79 
28 98 
28 15 
28 30 
28 10 
28 92 
28 83 
28 46 
28 57 
28 60 
28 64 
28 3 
28 67 
28 41 
28 37 
28 7 
28 4 
28 52 
28 26 
28 89 
28 61 
28 74 
28 43 
28 56 
28 81 
28 42 
28 69 
28 53 
28 62 
28 8 
28 99 
28 86 
29 77 
29 74 
29 4 
29 39 
29 76 
29 59 
29 52 
29 82 
29 94 
29 36 
29 7 
29 10 
29 33 
29 93 
29 97 
29 51 
29 47 
29 41 
29 70 
29 67 
29 1 
29 89 
29 13 
29 57 
29 43 
29 48 
29 90 
29 44 
29 61 
29 37 
29 30 
29 49 
29 92 
29 91 
29 12 
29 88 
29 14 
29 17 
29 83 
29 5 
29 54 
29 8 
29 55 
29 45 
29 21 
29 66 
29 19 
29 69 
29 53 
29 63 
29 78 
29 85 
29 40 
29 58 
29 31 
29 80 
29 68 
29 22 
29 87 
29 46 
29 23 
29 62 
29 15 
29 16 
29 50 
29 99 
29 26 
29 34 
29 64 
29 84 
29 20 
29 6 
29 32 
30 17 
30 26 
30 67 
30 35 
30 2 
30 38 
30 98 
30 43 
30 62 
30 15 
30 27 
30 65 
30 42 
30 94 
30 82 
30 66 
30 29 
30 16 
30 93 
30 50 
30 23 
30 7 
30 95 
30 20 
30 88 
30 99 
30 5 
30 9 
30 91 
30 57 
30 64 
30 52 
30 89 
30 69 
30 33 
30 28 
30 37 
30 59 
30 90 
30 21 
30 61 
30 49 
30 4 
30 81 
30 63 
30 71 
30 79 
30 11 
30 60 
30 19 
30 3 
30 44 
30 68 
30 77 
30 32 
30 40 
30 41 
30 1 
30 34 
30 0 
30 13 
30 55 
30 25 
30 36 
30 6 
30 12 
30 87 
30 39 
30 8 
30 31 
30 75 
30 48 
31 20 
31 27 
31 13 
31 56 
31 2 
31 19 
31 42 
31 74 
31 62 
31 32 
31 59 
31 37 
31 6 
31 79 
31 49 
31 64 
31 67 
31 63 
31 78 
31 9 
31 86 
31 98 
31 93 
31 92 
31 45 
31 38 
31 61 
31 52 
31 95 
31 87 
31 66 
31 16 
31 46 
31 26 
31 44 
31 33 
31 96 
31 72 
31 97 
31 22 
31 29 
31 91 
31 54 
31 73 
31 89 
31 83 
31 47 
31 68 
31 17 
31 21 
31 24 
31 75 
31 51 
31 76 
31 15 
31 50 
31 57 
31 85 
31 8 
31 71 
31 90 
31 10 
31 58 
31 77 
31 18 
31 88 
31 81 
31 99 
31 25 
31 43 
31 4 
31 80 
31 94 
31 41 
31 5 
31 30 
31 35 
32 77 
32 12 
32 15 
32 17 
32 47 
32 92 
32 51 
32 31 
32 57 
32 28 
32 24 
32 94 
32 14 
32 65 
32 11 
32 78 
32 91 
32 70 
32 46 
32 62 
32 74 
32 80 
32 61 
32 63 
32 19 
32 0 
32 10 
32 97 
32 93 
32 26 
32 25 
32 84 
32 33 
32 82 
32 58 
32 72 
32 76 
32 53 
32 56 
32 2 
32 36 
32 95 
32 35 
32 69 
32 60 
32 40 
32 43 
32 96 
32 73 
32 66 
32 89 
32 64 
32 22 
32 38 
32 75 
32 7 
32 13 
32 83 
32 1 
32 71 
32 81 
32 30 
32 59 
32 48 
32 16 
32 18 
32 9 
32 68 
32 88 
32 79 
32 3 
32 29 
32 42 
32 21 
33 56 
33 15 
33 35 
33 66 
33 21 
33 82 
33 89 
33 38 
33 22 
33 73 
33 77 
33 47 
33 29 
33 28 
33 79 
33 18 
33 43 
33 69 
33 94 
33 85 
33 25 
33 11 
33 3 
33 8 
33 46 
33 81 
33 88 
33 95 
33 87 
33 49 
33 86 
33 17 
33 96 
33 39 
33 74 
33 14 
33 10 
33 45 
33 65 
33 23 
33 4 
33 32 
33 58 
33 2 
33 72 
33 80 
33 93 
33 31 
33 30 
33 6 
33 40 
33 54 
33 1 
33 92 
33 7 
33 63 
33 61 
33 83 
33 19 
33 52 
33 90 
33 59 
33 70 
33 5 
33 76 
33 27 
33 9 
33 71 
33 12 
33 16 
33 0 
33 57 
33 55 
33 78 
33 68 
33 99 
33 41 
33 97 
33 42 
33 13 
33 98 
33 37 
34 49 
34 97 
34 66 
34 59 
34 58 
34 68 
34 47 
34 41 
34 14 
34 40 
34 60 
34 9 
34 10 
34 73 
34 42 
34 56 
34 67 
34 77 
34 82 
34 1 
34 87 
34 27 
34 80 
34 61 
34 99 
34 91 
34 5 
34 15 
34 69 
34 18 
34 57 
34 0 
34 75 
34 70 
34 50 
34 94 
34 63 
34 65 
34 93 
34 43 
34 88 
34 24 
34 13 
34 28 
34 7 
34 48 
34 90 
34 52 
34 98 
34 84 
34 96 
34 16 
34 25 
34 11 
34 92 
34 78 
34 22 
34 51 
34 74 
34 20 
34 8 
34 83 
34 79 
34 44 
34 30 
34 71 
34 29 
34 37 
34 85 
34 81 
34 3 
34 12 
34 45 
34 46 
34 54 
35 33 
35 81 
35 61 
35 30 
35 15 
35 90 
35 94 
35 37 
35 6 
35 76 
35 4 
35 80 
35 28 
35 72 
35 92 
35 87 
35 77 
35 23 
35 99 
35 38 
35 98 
35 10 
35 91 
35 56 
35 5 
35 45 
35 57 
35 2 
35 14 
35 59 
35 22 
35 50 
35 8 
35 7 
35 26 
35 53 
35 85 
35 89 
35 21 
35 24 
35 74 
35 16 
35 32 
35 97 
35 93 
35 41 
35 0 
35 84 
35 9 
35 67 
35 19 
35 40 
35 88 
35 58 
35 73 
35 68 
35 54 
35 3 
35 60 
35 71 
35 95 
35 43 
35 20 
35 63 
35 64 
35 86 
35 31 
35 44 
36 14 
36 26 
36 88 
36 29 
36 45 
36 50 
36 61 
36 79 
36 86 
36 23 
36 5 
36 9 
36 10 
36 64 
36 74 
36 72 
36 56 
36 51 
36 75 
36 84 
36 18 
36 77 
36 0 
36 82 
36 44 
36 27 
36 76 
36 13 
36 20 
36 25 
36 42 
36 6 
36 52 
36 95 
36 28 
36 58 
36 22 
36 83 
36 3 
36 7 
36 47 
36 32 
36 37 
36 81 
36 46 
36 15 
36 19 
36 69 
36 48 
36 63 
36 57 
36 11 
36 73 
36 16 
36 41 
36 99 
36 24 
36 85 
36 12 
36 89 
36 80 
36 1 
36 92 
36 21 
36 66 
36 94 
36 54 
36 2 
36 62 
36 90 
36 8 
36 30 
36 78 
36 98 
36 60 
36 55 
37 89 
37 26 
37 35 
37 59 
37 96 
37 58 
37 31 
37 80 
37 50 
37 23 
37 9 
37 73 
37 1 
37 98 
37 95 
37 42 
37 52 
37 53 
37 12 
37 20 
37 41 
37 29 
37 2 
37 93 
37 91 
37 83 
37 17 
37 64 
37 68 
37 24 
37 66 
37 86 
37 87 
37 61 
37 47 
37 3 
37 36 
37 30 
37 39 
37 13 
37 65 
37 94 
37 18 
37 85 
37 77 
37 75 
37 15 
37 82 
37 28 
37 76 
37 69 
37 7 
37 46 
37 5 
37 90 
37 84 
37 27 
37 51 
37 21 
37 62 
37 78 
37 81 
37 11 
37 49 
37 40 
37 6 
37 55 
37 19 
37 79 
37 34 
37 45 
37 63 
37 43 
37 74 
37 33 
38 2 
38 11 
38 17 
38 33 
38 30 
38 87 
38 73 
38 99 
38 64 
38 0 
38 67 
38 91 
38 43 
38 21 
38 72 
38 41 
38 3 
38 50 
38 8 
38 55 
38 60 
38 6 
38 47 
38 18 
38 35 
38 15 
38 93 
38 57 
38 83 
38 20 
38 42 
38 31 
38 81 
38 27 
38 75 
38 4 
38 98 
38 49 
38 5 
38 28 
38 79 
38 97 
38 85 
38 95 
38 59 
38 22 
38 54 
38 10 
38 89 
38 32 
38 48 
38 45 
38 69 
38 63 
38 58 
38 23 
38 86 
38 80 
38 61 
38 40 
38 82 
38 44 
38 9 
38 84 
38 94 
38 62 
38 53 
38 76 
38 51 
39 24 
39 72 
39 29 
39 40 
39 99 
39 17 
39 45 
39 82 
39 46 
39 97 
39 21 
39 94 
39 88 
39 69 
39 70 
39 68 
39 92 
39 80 
39 85 
39 18 
39 8 
39 2 
39 33 
39 84 
39 25 
39 26 
39 77 
39 10 
39 71 
39 62 
39 63 
39 51 
39 9 
39 6 
39 28 
39 43 
39 1 
39 59 
39 41 
39 98 
39 90 
39 23 
39 37 
39 91 
39 74 
39 54 
39 83 
39 58 
39 52 
39 13 
39 61 
39 47 
39 50 
39 49 
39 53 
39 60 
39 76 
39 86 
39 11 
39 14 
39 57 
39 96 
39 44 
39 56 
39 5 
39 22 
39 78 
39 79 
39 30 
39 42 
39 87 
40 51 
40 39 
40 94 
40 23 
40 50 
40 87 
40 91 
40 71 
40 10 
40 34 
40 5 
40 96 
40 18 
40 52 
40 97 
40 43 
40 2 
40 12 
40 69 
40 79 
40 86 
40 44 
40 74 
40 84 
40 60 
40 89 
40 67 
40 62 
40 73 
40 9 
40 42 
40 56 
40 26 
40 4 
40 11 
40 95 
40 32 
40 24 
40 93 
40 15 
40 54 
40 33 
40 29 
40 46 
40 59 
40 57 
40 21 
40 55 
40 14 
40 7 
40 1 
40 35 
40 30 
40 38 
40 19 
40 47 
40 16 
40 85 
40 92 
40 53 
40 37 
40 88 
40 75 
40 22 
40 98 
40 78 
40 64 
40 61 
40 76 
40 0 
40 20 
40 49 
40 77 
40 45 
40 72 
41 98 
41 86 
41 59 
41 24 
41 65 
41 34 
41 25 
41 63 
41 7 
41 87 
41 77 
41 29 
41 49 
41 38 
41 89 
41 81 
41 82 
41 93 
41 8 
41 15 
41 37 
41 27 
41 83 
41 55 
41 60 
41 19 
41 14 
41 48 
41 80 
41 51 
41 12 
41 9 
41 43 
41 21 
41 5 
41 39 
41 72 
41 2 
41 76 
41 35 
41 22 
41 91 
41 69 
41 67 
41 11 
41 66 
41 61 
41 53 
41 58 
41 26 
41 62 
41 92 
41 28 
41 97 
41 3 
41 10 
41 74 
41 54 
41 17 
41 36 
41 95 
41 30 
41 50 
41 75 
41 79 
41 1 
41 33 
41 31 
41 47 
41 90 
41 42 
42 53 
42 23 
42 81 
42 13 
42 8 
42 58 
42 31 
42 80 
42 26 
42 64 
42 65 
42 24 
42 19 
42 30 
42 88 
42 34 
42 75 
42 37 
42 5 
42 7 
42 14 
42 20 
42 47 
42 79 
42 18 
42 87 
42 43 
42 57 
42 50 
42 25 
42 38 
42 77 
42 6 
42 48 
42 36 
42 98 
42 51 
42 66 
42 73 
42 3 
42 40 
42 69 
42 61 
42 82 
42 83 
42 45 
42 85 
42 93 
42 4 
42 60 
42 62 
42 55 
42 12 
42 95 
42 15 
42 74 
42 11 
42 16 
42 72 
42 27 
42 56 
42 84 
42 76 
42 46 
42 10 
42 28 
42 68 
42 63 
42 59 
42 33 
42 96 
42 39 
42 41 
42 32 
43 76 
43 49 
43 62 
43 18 
43 68 
43 88 
43 86 
43 30 
43 17 
43 46 
43 94 
43 33 
43 99 
43 38 
43 8 
43 5 
43 53 
43 0 
43 15 
43 29 
43 89 
43 95 
43 40 
43 19 
43 83 
43 67 
43 9 
43 60 
43 59 
43 74 
43 42 
43 63 
43 4 
43 56 
43 41 
43 45 
43 34 
43 72 
43 1 
43 80 
43 39 
43 77 
43 70 
43 22 
43 73 
43 65 
43 92 
43 6 
43 13 
43 23 
43 32 
43 58 
43 47 
43 10 
43 75 
43 44 
43 51 
43 27 
43 3 
43 7 
43 69 
43 90 
43 78 
43 50 
43 79 
43 28 
43 93 
43 64 
43 91 
43 2 
43 31 
43 61 
43 12 
43 66 
43 87 
43 82 
43 35 
43 11 
43 21 
43 37 
43 52 
44 77 
44 22 
44 92 
44 50 
44 85 
44 3 
44 27 
44 54 
44 81 
44 70 
44 8 
44 95 
44 52 
44 4 
44 15 
44 78 
44 57 
44 2 
44 55 
44 29 
44 0 
44 94 
44 28 
44 40 
44 45 
44 36 
44 49 
44 66 
44 75 
44 69 
44 63 
44 20 
44 86 
44 83 
44 17 
44 51 
44 6 
44 16 
44 31 
44 1 
44 73 
44 67 
44 11 
44 46 
44 43 
44 82 
44 30 
44 89 
44 25 
44 26 
44 53 
44 79 
44 38 
44 24 
44 13 
44 34 
44 84 
44 39 
44 64 
44 12 
44 5 
44 98 
44 18 
44 93 
44 72 
44 14 
44 80 
44 87 
44 91 
44 90 
44 97 
44 35 
45 8 
45 96 
45 24 
45 87 
45 39 
45 67 
45 70 
45 94 
45 54 
45 72 
45 36 
45 22 
45 81 
45 13 
45 64 
45 50 
45 62 
45 56 
45 92 
45 6 
45 99 
45 27 
45 82 
45 25 
45 60 
45 44 
45 58 
45 33 
45 35 
45 31 
45 71 
45 43 
45 29 
45 88 
45 5 
45 19 
45 2 
45 73 
45 26 
45 48 
45 98 
45 15 
45 42 
45 89 
45 84 
45 79 
45 83 
45 57 
45 59 
45 14 
45 16 
45 1 
45 86 
45 38 
45 11 
45 75 
45 78 
45 51 
45 3 
45 46 
45 20 
45 66 
45 53 
45 63 
45 49 
45 61 
45 95 
45 74 
45 97 
45 37 
45 77 
45 85 
45 34 
45 90 
45 21 
45 68 
45 40 
45 55 
46 51 
46 70 
46 39 
46 67 
46 50 
46 74 
46 53 
46 82 
46 49 
46 43 
46 66 
46 27 
46 25 
46 33 
46 60 
46 56 
46 32 
46 18 
46 72 
46 20 
46 73 
46 87 
46 80 
46 79 
46 19 
46 54 
46 14 
46 1 
46 96 
46 31 
46 99 
46 71 
46 15 
46 5 
46 93 
46 48 
46 12 
46 26 
46 36 
46 28 
46 44 
46 62 
46 6 
46 69 
46 40 
46 11 
46 57 
46 88 
46 47 
46 29 
46 45 
46 37 
46 8 
46 68 
46 94 
46 16 
46 55 
46 42 
46 22 
46 90 
46 13 
46 61 
46 92 
46 81 
46 2 
46 7 
46 78 
46 98 
46 9 
46 58 
46 91 
46 34 
46 17 
46 95 
47 32 
47 89 
47 34 
47 70 
47 87 
47 21 
47 94 
47 86 
47 0 
47 33 
47 12 
47 75 
47 29 
47 48 
47 58 
47 59 
47 26 
47 20 
47 99 
47 72 
47 50 
47 4 
47 38 
47 63 
47 42 
47 62 
47 97 
47 80 
47 74 
47 73 
47 23 
47 22 
47 61 
47 93 
47 96 
47 92 
47 11 
47 37 
47 27 
47 54 
47 1 
47 36 
47 5 
47 9 
47 53 
47 13 
47 51 
47 71 
47 88 
47 76 
47 43 
47 2 
47 25 
47 69 
47 31 
47 49 
47 46 
47 39 
47 55 
47 98 
47 24 
47 91 
47 40 
47 66 
47 16 
47 79 
47 14 
47 10 
47 41 
47 57 
47 77 
48 53 
48 74 
48 13 
48 5 
48 99 
48 86 
48 63 
48 84 
48 81 
48 57 
48 73 
48 47 
48 28 
48 52 
48 69 
48 82 
48 19 
48 29 
48 90 
48 98 
48 6 
48 3 
48 94 
48 56 
48 17 
48 96 
48 41 
48 42 
48 15 
48 87 
48 78 
48 24 
48 45 
48 77 
48 34 
48 46 
48 1 
48 49 
48 60 
48 55 
48 38 
48 9 
48 25 
48 27 
48 36 
48 11 
48 22 
48 85 
48 95 
48 2 
48 32 
48 59 
48 79 
48 0 
48 50 
48 10 
48 8 
48 23 
48 20 
48 92 
48 97 
48 30 
48 65 
48 68 
49 16 
49 18 
49 43 
49 34 
49 97 
49 28 
49 69 
49 59 
49 91 
49 46 
49 31 
49 22 
49 60 
49 41 
49 5 
49 50 
49 26 
49 94 
49 20 
49 98 
49 82 
49 33 
49 4 
49 88 
49 29 
49 2 
49 99 
49 55 
49 54 
49 19 
49 44 
49 87 
49 6 
49 38 
49 89 
49 27 
49 11 
49 93 
49 61 
49 76 
49 79 
49 77 
49 17 
49 52 
49 70 
49 48 
49 21 
49 96 
49 30 
49 68 
49 72 
49 81 
49 15 
49 74 
49 47 
49 85 
49 53 
49 90 
49 10 
49 9 
49 39 
49 57 
49 75 
49 14 
49 84 
49 64 
49 0 
49 45 
49 37 
49 65 
49 86 
49 58 
49 67 
49 66 
49 80 
49 40 
50 14 
50 7 
50 44 
50 92 
50 68 
50 76 
50 95 
50 69 
50 70 
50 62 
50 40 
50 46 
50 66 
50 64 
50 63 
50 75 
50 59 
50 16 
50 37 
50 13 
50 28 
50 36 
50 23 
50 77 
50 2 
50 61 
50 52 
50 38 
50 49 
50 12 
50 45 
50 47 
50 98 
50 4 
50 94 
50 1 
50 72 
50 71 
50 42 
50 30 
50 6 
50 80 
50 78 
50 54 
50 20 
50 34 
50 51 
50 35 
50 89 
50 19 
50 15 
50 55 
50 25 
50 26 
50 24 
50 91 
50 88 
50 10 
50 57 
50 65 
50 60 
50 39 
50 5 
50 56 
50 43 
50 93 
50 31 
50 86 
50 41 
50 29 
50 58 
50 48 
50 84 
50 8 
50 79 
50 27 
50 18 
50 53 
50 85 
51 28 
51 40 
51 17 
51 80 
51 91 
51 46 
51 62 
51 21 
51 32 
51 54 
51 84 
51 11 
51 4 
51 98 
51 58 
51 29 
51 76 
51 20 
51 75 
51 81 
51 82 
51 69 
51 89 
51 53 
51 71 
51 36 
51 77 
51 10 
51 0 
51 55 
51 8 
51 52 
51 79 
51 41 
51 42 
51 14 
51 50 
51 72 
51 39 
51 44 
51 93 
51 68 
51 63 
51 2 
51 83 
51 66 
51 47 
51 57 
51 86 
51 24 
51 15 
51 64 
51 70 
51 7 
51 61 
51 43 
51 45 
51 59 
51 16 
51 34 
51 25 
51 31 
51 78 
51 94 
51 19 
51 1 
51 74 
51 22 
51 37 
51 6 
51 13 
51 90 
51 23 
51 60 
51 65 
51 12 
51 38 
51 97 
51 3 
51 5 
52 26 
52 81 
52 29 
52 58 
52 10 
52 60 
52 25 
52 21 
52 77 
52 9 
52 44 
52 67 
52 0 
52 50 
52 48 
52 37 
52 40 
52 75 
52 78 
52 73 
52 72 
52 17 
52 18 
52 92 
52 89 
52 2 
52 95 
52 70 
52 1 
52 51 
52 93 
52 69 
52 22 
52 31 
52 86 
52 12 
52 36 
52 11 
52 62 
52 53 
52 30 
52 4 
52 49 
52 88 
52 34 
52 84 
52 27 
52 16 
52 54 
52 80 
52 39 
52 33 
52 90 
52 56 
52 23 
52 68 
52 79 
52 61 
52 97 
52 28 
52 59 
52 13 
52 63 
52 64 
52 83 
52 87 
52 6 
52 98 
52 3 
52 91 
52 85 
52 65 
52 43 
53 60 
53 42 
53 48 
53 9 
53 55 
53 17 
53 6 
53 15 
53 46 
53 75 
53 81 
53 1 
53 16 
53 61 
53 43 
53 82 
53 51 
53 95 
53 37 
53 7 
53 21 
53 19 
53 4 
53 13 
53 80 
53 64 
53 59 
53 66 
53 98 
53 97 
53 62 
53 52 
53 32 
53 35 
53 11 
53 96 
53 78 
53 20 
53 91 
53 29 
53 72 
53 10 
53 47 
53 71 
53 85 
53 77 
53 83 
53 57 
53 41 
53 99 
53 14 
53 49 
53 26 
53 92 
53 88 
53 87 
53 23 
53 45 
53 39 
53 94 
53 44 
53 56 
53 65 
53 86 
53 40 
53 22 
53 24 
53 73 
53 63 
53 93 
53 28 
53 84 
53 68 
53 76 
53 79 
53 38 
53 50 
54 64 
54 59 
54 96 
54 51 
54 23 
54 77 
54 45 
54 44 
54 69 
54 21 
54 17 
54 78 
54 76 
54 97 
54 72 
54 62 
54 55 
54 99 
54 18 
54 26 
54 49 
54 24 
54 87 
54 83 
54 57 
54 9 
54 29 
54 50 
54 82 
54 12 
54 46 
54 95 
54 71 
54 47 
54 15 
54 25 
54 74 
54 89 
54 70 
54 38 
54 39 
54 40 
54 65 
54 33 
54 4 
54 52 
54 31 
54 88 
54 58 
54 16 
54 41 
54 93 
54 7 
54 98 
54 13 
54 1 
54 20 
54 79 
54 80 
54 35 
54 36 
54 14 
54 3 
54 91 
54 11 
54 90 
54 34 
55 79 
55 60 
55 80 
55 53 
55 61 
55 27 
55 66 
55 5 
55 69 
55 1 
55 75 
55 63 
55 26 
55 38 
55 56 
55 44 
55 91 
55 25 
55 74 
55 12 
55 99 
55 14 
55 54 
55 2 
55 51 
55 41 
55 49 
55 21 
55 20 
55 93 
55 28 
55 68 
55 8 
55 96 
55 29 
55 88 
55 92 
55 57 
55 76 
55 65 
55 78 
55 17 
55 59 
55 50 
55 23 
55 71 
55 13 
55 77 
55 15 
55 48 
55 4 
55 72 
55 81 
55 42 
55 40 
55 89 
55 47 
55 9 
55 67 
55 62 
55 46 
55 7 
55 97 
55 6 
55 85 
55 37 
55 33 
55 73 
55 30 
55 10 
55 24 
55 90 
55 95 
55 18 
55 11 
55 36 
55 94 
55 45 
56 33 
56 31 
56 20 
56 79 
56 65 
56 23 
56 7 
56 86 
56 34 
56 78 
56 45 
56 36 
56 55 
56 96 
56 61 
56 46 
56 68 
56 97 
56 57 
56 48 
56 26 
56 0 
56 24 
56 35 
56 90 
56 63 
56 93 
56 64 
56 69 
56 43 
56 75 
56 32 
56 95 
56 8 
56 40 
56 6 
56 99 
56 3 
56 77 
56 80 
56 67 
56 4 
56 1 
56 60 
56 73 
56 76 
56 15 
56 74 
56 52 
56 92 
56 89 
56 27 
56 22 
56 87 
56 50 
56 13 
56 25 
56 42 
56 53 
56 10 
56 16 
56 28 
56 84 
56 81 
56 91 
56 39 
56 71 
56 88 
56 14 
57 81 
57 10 
57 8 
57 32 
57 48 
57 24 
57 66 
57 82 
57 78 
57 90 
57 22 
57 29 
57 44 
57 19 
57 99 
57 58 
57 65 
57 74 
57 14 
57 56 
57 38 
57 42 
57 97 
57 34 
57 54 
57 35 
57 86 
57 17 
57 9 
57 89 
57 60 
57 55 
57 30 
57 95 
57 87 
57 72 
57 13 
57 62 
57 12 
57 45 
57 27 
57 70 
57 63 
57 28 
57 93 
57 51 
57 53 
57 1 
57 25 
57 50 
57 46 
57 40 
57 80 
57 36 
57 96 
57 49 
57 73 
57 94 
57 61 
57 7 
57 31 
57 67 
57 71 
57 85 
57 83 
57 76 
57 64 
57 20 
57 39 
57 33 
57 4 
57 75 
57 68 
57 77 
57 15 
57 92 
57 16 
57 6 
57 47 
57 5 
57 59 
57 18 
58 68 
58 0 
58 7 
58 42 
58 13 
58 34 
58 82 
58 52 
58 37 
58 21 
58 19 
58 2 
58 16 
58 89 
58 51 
58 47 
58 24 
58 57 
58 72 
58 62 
58 73 
58 95 
58 80 
58 6 
58 96 
58 45 
58 97 
58 65 
58 33 
58 32 
58 69 
58 36 
58 70 
58 79 
58 64 
58 84 
58 43 
58 66 
58 29 
58 76 
58 93 
58 39 
58 74 
58 94 
58 41 
58 54 
58 8 
58 38 
58 77 
58 63 
58 60 
58 20 
58 1 
58 4 
58 81 
58 67 
58 78 
58 17 
58 31 
58 11 
58 50 
58 35 
58 49 
58 99 
58 10 
58 71 
58 26 
58 88 
58 86 
58 46 
58 87 
58 25 
59 54 
59 41 
59 62 
59 34 
59 29 
59 22 
59 26 
59 37 
59 31 
59 49 
59 88 
59 50 
59 95 
59 11 
59 90 
59 23 
59 79 
59 47 
59 27 
59 18 
59 12 
59 80 
59 7 
59 83 
59 43 
59 53 
59 9 
59 99 
59 82 
59 1 
59 13 
59 96 
59 35 
59 81 
59 60 
59 55 
59 39 
59 93 
59 92 
59 17 
59 45 
59 30 
59 20 
59 38 
59 24 
59 68 
59 63 
59 87 
59 40 
59 2 
59 33 
59 51 
59 4 
59 78 
59 89 
59 52 
59 76 
59 85 
59 32 
59 10 
59 16 
59 48 
59 19 
59 6 
59 97 
59 64 
59 66 
59 42 
59 65 
59 74 
59 57 
60 53 
60 81 
60 55 
60 63 
60 88 
60 7 
60 73 
60 52 
60 22 
60 11 
60 20 
60 49 
60 92 
60 66 
60 34 
60 79 
60 65 
60 62 
60 46 
60 38 
60 18 
60 17 
60 43 
60 41 
60 24 
60 45 
60 9 
60 40 
60 94 
60 3 
60 21 
60 1 
60 75 
60 6 
60 57 
60 71 
60 59 
60 12 
60 77 
60 86 
60 13 
60 91 
60 32 
60 61 
60 83 
60 14 
60 56 
60 48 
60 25 
60 42 
60 28 
60 67 
60 70 
60 19 
60 74 
60 30 
60 85 
60 58 
60 50 
60 39 
60 80 
60 27 
60 4 
60 93 
60 35 
60 51 
60 89 
60 64 
60 5 
60 72 
60 95 
60 78 
60 36 
60 8 
60 90 
61 90 
61 68 
61 35 
61 84 
61 93 
61 23 
61 15 
61 55 
61 24 
61 19 
61 91 
61 36 
61 50 
61 69 
61 96 
61 53 
61 56 
61 34 
61 29 
61 98 
61 13 
61 0 
61 32 
61 73 
61 3 
61 62 
61 31 
61 47 
61 89 
61 16 
61 49 
61 88 
61 37 
61 42 
61 72 
61 11 
61 77 
61 8 
61 64 
61 60 
61 30 
61 4 
61 94 
61 67 
61 18 
61 87 
61 41 
61 33 
61 27 
61 66 
61 20 
61 75 
61 51 
61 39 
61 74 
61 52 
61 26 
61 95 
61 1 
61 57 
61 97 
61 38 
61 28 
61 79 
61 45 
61 46 
61 70 
61 25 
61 43 
61 65 
61 85 
61 78 
61 21 
61 40 
61 80 
61 22 
61 9 
61 99 
61 6 
61 63 
62 74 
62 43 
62 4 
62 51 
62 59 
62 87 
62 17 
62 21 
62 31 
62 50 
62 80 
62 76 
62 63 
62 16 
62 30 
62 77 
62 18 
62 70 
62 60 
62 45 
62 99 
62 58 
62 64 
62 54 
62 27 
62 5 
62 26 
62 96 
62 47 
62 97 
62 32 
62 20 
62 71 
62 61 
62 65 
62 9 
62 68 
62 86 
62 40 
62 39 
62 53 
62 93 
62 52 
62 57 
62 22 
62 79 
62 78 
62 90 
62 46 
62 42 
62 75 
62 88 
62 10 
62 94 
62 41 
62 11 
62 6 
62 29 
62 8 
62 55 
62 67 
62 98 
62 95 
62 92 
62 1 
62 14 
62 19 
62 73 
62 37 
62 72 
62 36 
62 28 
62 38 
62 25 
62 83 
62 23 
62 7 
62 91 
63 77 
63 60 
63 7 
63 26 
63 48 
63 50 
63 62 
63 41 
63 69 
63 16 
63 84 
63 55 
63 31 
63 25 
63 17 
63 47 
63 85 
63 10 
63 19 
63 92 
63 32 
63 71 
63 67 
63 2 
63 56 
63 43 
63 64 
63 96 
63 95 
63 44 
63 34 
63 83 
63 97 
63 39 
63 80 
63 88 
63 28 
63 23 
63 29 
63 51 
63 89 
63 30 
63 57 
63 59 
63 78 
63 33 
63 68 
63 74 
63 93 
63 5 
63 3 
63 36 
63 38 
63 58 
63 82 
63 18 
63 70 
63 75 
63 99 
63 94 
63 86 
63 45 
63 12 
63 52 
63 66 
63 1 
63 6 
63 53 
63 42 
63 73 
63 14 
63 90 
63 15 
63 37 
63 35 
63 24 
63 61 
64 79 
64 54 
64 27 
64 87 
64 69 
64 99 
64 26 
64 94 
64 50 
64 14 
64 42 
64 86 
64 13 
64 3 
64 38 
64 95 
64 45 
64 20 
64 15 
64 9 
64 31 
64 36 
64 62 
64 1 
64 81 
64 6 
64 66 
64 78 
64 68 
64 53 
64 65 
64 4 
64 37 
64 24 
64 63 
64 56 
64 76 
64 70 
64 30 
64 97 
64 19 
64 7 
64 92 
64 77 
64 61 
64 67 
64 58 
64 83 
64 28 
64 32 
64 16 
64 51 
64 18 
64 88 
64 12 
64 10 
64 91 
64 5 
64 17 
64 80 
64 49 
64 21 
64 52 
64 43 
64 57 
64 22 
64 44 
64 85 
64 8 
64 82 
64 59 
64 71 
64 29 
64 40 
64 60 
64 35 
65 11 
65 83 
65 56 
65 41 
65 42 
65 30 
65 60 
65 10 
65 32 
65 12 
65 95 
65 80 
65 57 
65 3 
65 93 
65 0 
65 64 
65 70 
65 27 
65 74 
65 16 
65 79 
65 13 
65 33 
65 62 
65 58 
65 34 
65 55 
65 82 
65 90 
65 43 
65 73 
65 37 
65 20 
65 54 
65 6 
65 67 
65 98 
65 88 
65 99 
65 50 
65 87 
65 92 
65 66 
65 91 
65 18 
65 53 
65 77 
65 49 
65 26 
65 21 
65 97 
65 61 
65 86 
65 94 
65 81 
65 59 
65 69 
65 51 
65 14 
65 52 
65 84 
65 48 
66 33 
66 3 
66 34 
66 87 
66 4 
66 88 
66 21 
66 92 
66 50 
66 10 
66 16 
66 46 
66 60 
66 95 
66 55 
66 57 
66 28 
66 75 
66 19 
66 0 
66 76 
66 20 
66 2 
66 30 
66 15 
66 64 
66 89 
66 44 
66 18 
66 53 
66 37 
66 25 
66 31 
66 29 
66 17 
66 96 
66 42 
66 71 
66 26 
66 84 
66 98 
66 77 
66 51 
66 32 
66 82 
66 58 
66 99 
66 5 
66 93 
66 41 
66 11 
66 90 
66 61 
66 1 
66 13 
66 24 
66 7 
66 65 
66 70 
66 45 
66 23 
66 67 
66 47 
66 63 
66 78 
66 36 
66 94 
66 69 
66 59 
66 43 
66 27 
66 6 
66 49 
66 74 
66 97 
66 72 
66 80 
67 90 
67 86 
67 17 
67 30 
67 3 
67 25 
67 45 
67 46 
67 75 
67 96 
67 26 
67 29 
67 52 
67 38 
67 92 
67 12 
67 19 
67 68 
67 15 
67 34 
67 16 
67 98 
67 31 
67 91 
67 70 
67 69 
67 88 
67 43 
67 89 
67 63 
67 1 
67 74 
67 99 
67 79 
67 83 
67 40 
67 82 
67 18 
67 87 
67 64 
67 56 
67 21 
67 44 
67 93 
67 85 
67 41 
67 11 
67 60 
67 61 
67 28 
67 81 
67 65 
67 72 
67 71 
67 73 
67 35 
67 4 
67 6 
67 58 
67 55 
67 10 
67 20 
67 57 
67 62 
67 2 
67 66 
67 97 
67 77 
67 7 
67 49 
67 8 
67 76 
67 23 
67 80 
68 18 
68 21 
68 58 
68 61 
68 43 
68 28 
68 6 
68 27 
68 34 
68 50 
68 85 
68 79 
68 75 
68 22 
68 81 
68 91 
68 9 
68 76 
68 67 
68 13 
68 39 
68 19 
68 56 
68 5 
68 88 
68 64 
68 73 
68 83 
68 89 
68 55 
68 37 
68 62 
68 11 
68 12 
68 26 
68 87 
68 51 
68 70 
68 4 
68 8 
68 77 
68 49 
68 59 
68 17 
68 24 
68 15 
68 23 
68 63 
68 69 
68 29 
68 84 
68 52 
68 31 
68 92 
68 99 
68 82 
68 30 
68 46 
68 80 
68 94 
68 14 
68 42 
68 7 
68 35 
68 74 
68 90 
68 86 
68 98 
68 25 
68 33 
68 53 
68 1 
68 32 
68 57 
68 71 
68 45 
68 16 
68 48 
69 14 
69 94 
69 64 
69 75 
69 50 
69 49 
69 18 
69 54 
69 80 
69 82 
69 91 
69 70 
69 33 
69 98 
69 39 
69 63 
69 61 
69 48 
69 55 
69 51 
69 89 
69 88 
69 78 
69 40 
69 67 
69 11 
69 97 
69 8 
69 83 
69 15 
69 25 
69 34 
69 52 
69 56 
69 44 
69 92 
69 58 
69 2 
69 29 
69 13 
69 42 
69 19 
69 71 
69 30 
69 76 
69 32 
69 87 
69 85 
69 1 
69 41 
69 96 
69 46 
69 47 
69 4 
69 68 
69 36 
69 38 
69 9 
69 37 
69 3 
69 43 
69 73 
69 26 
69 95 
69 16 
69 22 
69 5 
69 28 
69 66 
69 12 
69 65 
69 0 
69 17 
69 99 
69 81 
69 6 
69 7 
69 20 
70 5 
70 92 
70 91 
70 84 
70 46 
70 45 
70 47 
70 50 
70 87 
70 77 
70 20 
70 44 
70 69 
70 11 
70 29 
70 16 
70 15 
70 98 
70 39 
70 14 
70 62 
70 0 
70 88 
70 67 
70 94 
70 32 
70 93 
70 4 
70 21 
70 52 
70 65 
70 64 
70 34 
70 79 
70 95 
70 75 
70 2 
70 3 
70 1 
70 58 
70 43 
70 68 
70 71 
70 22 
70 24 
70 49 
70 57 
70 54 
70 73 
70 96 
70 60 
70 26 
70 51 
70 33 
70 63 
70 66 
70 97 
70 23 
70 7 
70 83 
70 17 
70 90 
70 61 
70 9 
70 85 
70 8 
70 27 
70 10 
71 8 
71 93 
71 16 
71 10 
71 24 
71 40 
71 83 
71 90 
71 91 
71 6 
71 76 
71 7 
71 9 
71 88 
71 0 
71 4 
71 17 
71 51 
71 13 
71 63 
71 50 
71 62 
71 98 
71 45 
71 39 
71 22 
71 27 
71 60 
71 79 
71 54 
71 66 
71 69 
71 46 
71 20 
71 3 
71 70 
71 78 
71 94 
71 53 
71 47 
71 85 
71 26 
71 55 
71 30 
71 82 
71 84 
71 72 
71 92 
71 67 
71 11 
71 89 
71 80 
71 2 
71 32 
71 12 
71 57 
71 14 
71 31 
71 33 
71 21 
71 19 
71 96 
71 34 
71 64 
71 58 
71 15 
71 35 
71 56 
71 77 
71 68 
71 74 
71 95 
72 75 
72 39 
72 83 
72 74 
72 82 
72 3 
72 16 
72 18 
72 45 
72 84 
72 12 
72 93 
72 35 
72 9 
72 19 
72 38 
72 76 
72 58 
72 54 
72 36 
72 47 
72 7 
72 52 
72 4 
72 50 
72 73 
72 13 
72 46 
72 11 
72 10 
72 8 
72 32 
72 51 
72 43 
72 92 
72 33 
72 57 
72 61 
72 53 
72 17 
72 41 
72 31 
72 49 
72 91 
72 20 
72 55 
72 1 
72 15 
72 71 
72 67 
72 99 
72 22 
72 94 
72 42 
72 81 
72 88 
72 14 
72 80 
72 5 
72 90 
72 79 
72 87 
72 77 
72 23 
72 62 
72 86 
72 95 
72 44 
72 97 
72 85 
72 60 
72 24 
72 66 
72 40 
73 96 
73 84 
73 77 
73 97 
73 86 
73 60 
73 33 
73 38 
73 5 
73 28 
73 48 
73 99 
73 88 
73 90 
73 34 
73 22 
73 37 
73 16 
73 58 
73 21 
73 12 
73 52 
73 26 
73 94 
73 61 
73 72 
73 68 
73 47 
73 46 
73 24 
73 76 
73 89 
73 23 
73 40 
73 19 
73 42 
73 45 
73 82 
73 43 
73 6 
73 4 
73 1 
73 65 
73 44 
73 32 
73 56 
73 3 
73 70 
73 17 
73 80 
73 27 
73 31 
73 95 
73 9 
73 18 
73 67 
73 81 
73 75 
73 78 
73 13 
73 69 
73 36 
73 57 
73 20 
73 11 
73 2 
73 62 
73 53 
73 8 
73 35 
73 91 
73 92 
73 63 
73 55 
73 79 
73 10 
73 74 
73 14 
73 15 
74 62 
74 48 
74 29 
74 90 
74 72 
74 20 
74 25 
74 88 
74 31 
74 79 
74 77 
74 46 
74 22 
74 99 
74 57 
74 36 
74 3 
74 85 
74 55 
74 32 
74 8 
74 91 
74 43 
74 94 
74 33 
74 47 
74 40 
74 89 
74 93 
74 67 
74 16 
74 65 
74 12 
74 86 
74 75 
74 18 
74 97 
74 35 
74 4 
74 54 
74 5 
74 39 
74 23 
74 56 
74 58 
74 63 
74 60 
74 49 
74 42 
74 61 
74 9 
74 41 
74 17 
74 34 
74 81 
74 13 
74 0 
74 28 
74 76 
74 51 
74 80 
74 96 
74 68 
74 78 
74 45 
74 26 
74 95 
74 73 
74 66 
74 2 
74 71 
74 37 
74 84 
74 59 
74 98 
74 19 
75 72 
75 23 
75 2 
75 79 
75 24 
75 13 
75 69 
75 76 
75 67 
75 50 
75 68 
75 96 
75 1 
75 53 
75 15 
75 47 
75 78 
75 25 
75 66 
75 85 
75 51 
75 92 
75 42 
75 55 
75 11 
75 88 
75 36 
75 52 
75 84 
75 91 
75 99 
75 87 
75 94 
75 34 
75 44 
75 26 
75 38 
75 74 
75 56 
75 16 
75 60 
75 17 
75 82 
75 70 
75 95 
75 80 
75 5 
75 62 
75 97 
75 32 
75 43 
75 37 
75 61 
75 12 
75 10 
75 45 
75 83 
75 73 
75 63 
75 31 
75 49 
75 20 
75 41 
75 90 
75 98 
75 0 
75 57 
75 40 
75 27 
75 3 
75 8 
75 30 
76 43 
76 29 
76 94 
76 50 
76 75 
76 81 
76 62 
76 96 
76 35 
76 21 
76 19 
76 71 
76 68 
76 88 
76 16 
76 51 
76 85 
76 27 
76 66 
76 54 
76 72 
76 77 
76 23 
76 79 
76 87 
76 98 
76 18 
76 2 
76 36 
76 20 
76 73 
76 1 
76 82 
76 64 
76 32 
76 10 
76 55 
76 49 
76 84 
76 69 
76 17 
76 6 
76 41 
76 4 
76 47 
76 56 
76 12 
76 89 
76 58 
76 78 
76 13 
76 9 
76 33 
76 5 
76 26 
76 37 
76 0 
76 39 
76 31 
76 59 
76 74 
76 57 
76 22 
76 42 
76 83 
76 24 
76 91 
76 97 
76 99 
76 93 
76 53 
76 92 
76 67 
76 40 
76 38 
76 25 
76 95 
77 63 
77 29 
77 20 
77 32 
77 94 
77 44 
77 73 
77 5 
77 54 
77 74 
77 10 
77 33 
77 96 
77 26 
77 24 
77 62 
77 70 
77 52 
77 84 
77 41 
77 2 
77 1 
77 9 
77 28 
77 50 
77 15 
77 34 
77 35 
77 0 
77 21 
77 97 
77 76 
77 51 
77 36 
77 80 
77 39 
77 17 
77 99 
77 42 
77 23 
77 91 
77 81 
77 4 
77 43 
77 49 
77 64 
77 60 
77 48 
77 7 
77 61 
77 56 
77 66 
77 68 
77 93 
77 18 
77 16 
77 53 
77 55 
77 14 
77 37 
77 11 
77 95 
77 58 
77 85 
77 30 
77 22 
77 31 
77 27 
77 65 
77 72 
77 67 
77 13 
77 90 
77 88 
77 78 
77 45 
77 71 
77 12 
77 57 
77 19 
77 87 
77 40 
77 47 
78 24 
78 7 
78 82 
78 23 
78 3 
78 84 
78 81 
78 14 
78 90 
78 75 
78 44 
78 54 
78 57 
78 97 
78 16 
78 56 
78 32 
78 86 
78 79 
78 31 
78 69 
78 87 
78 52 
78 11 
78 9 
78 6 
78 64 
78 15 
78 50 
78 12 
78 26 
78 92 
78 27 
78 4 
78 48 
78 55 
78 53 
78 94 
78 0 
78 62 
78 71 
78 88 
78 93 
78 13 
78 29 
78 95 
78 63 
78 76 
78 34 
78 45 
78 89 
78 2 
78 73 
78 43 
78 51 
78 59 
78 58 
78 1 
78 66 
78 37 
78 74 
78 33 
78 61 
78 80 
78 77 
78 5 
78 40 
78 46 
78 39 
78 36 
78 60 
78 19 
79 55 
79 64 
79 75 
79 56 
79 74 
79 68 
79 13 
79 7 
79 31 
79 33 
79 60 
79 96 
79 85 
79 11 
79 59 
79 36 
79 90 
79 91 
79 78 
79 8 
79 23 
79 76 
79 40 
79 42 
79 99 
79 3 
79 51 
79 65 
79 67 
79 10 
79 46 
79 70 
79 95 
79 38 
79 71 
79 49 
79 58 
79 28 
79 88 
79 62 
79 84 
79 6 
79 45 
79 93 
79 30 
79 24 
79 4 
79 18 
79 52 
79 21 
79 97 
79 43 
79 72 
79 61 
79 44 
79 34 
79 17 
79 5 
79 0 
79 54 
79 1 
79 48 
79 41 
79 47 
79 37 
79 73 
79 98 
79 83 
79 50 
79 87 
79 53 
79 32 
79 14 
79 39 
80 51 
80 27 
80 55 
80 42 
80 62 
80 12 
80 37 
80 69 
80 35 
80 92 
80 84 
80 15 
80 28 
80 14 
80 24 
80 65 
80 6 
80 34 
80 39 
80 59 
80 98 
80 58 
80 47 
80 20 
80 32 
80 53 
80 89 
80 77 
80 16 
80 4 
80 50 
80 41 
80 46 
80 26 
80 17 
80 8 
80 63 
80 43 
80 33 
80 9 
80 5 
80 56 
80 18 
80 75 
80 97 
80 13 
80 0 
80 19 
80 73 
80 52 
80 29 
80 81 
80 57 
80 90 
80 71 
80 64 
80 86 
80 23 
80 38 
80 72 
80 60 
80 68 
80 88 
80 74 
80 36 
80 54 
80 95 
80 87 
80 78 
80 11 
80 21 
80 93 
80 31 
80 49 
80 67 
80 61 
80 44 
80 91 
80 10 
80 83 
80 66 
81 60 
81 17 
81 35 
81 57 
81 42 
81 94 
81 52 
81 24 
81 93 
81 78 
81 76 
81 6 
81 48 
81 82 
81 44 
81 26 
81 53 
81 68 
81 11 
81 45 
81 3 
81 4 
81 51 
81 7 
81 22 
81 41 
81 33 
81 99 
81 5 
81 64 
81 83 
81 8 
81 86 
81 16 
81 38 
81 2 
81 59 
81 77 
81 96 
81 84 
81 36 
81 30 
81 85 
81 49 
81 88 
81 55 
81 80 
81 67 
81 1 
81 9 
81 73 
81 98 
81 72 
81 32 
81 15 
81 58 
81 74 
81 97 
81 13 
81 18 
81 37 
81 28 
81 87 
81 31 
81 25 
81 56 
81 12 
81 46 
81 10 
81 34 
81 65 
81 69 
82 9 
82 78 
82 33 
82 6 
82 19 
82 72 
82 39 
82 58 
82 15 
82 1 
82 28 
82 29 
82 46 
82 81 
82 69 
82 57 
82 21 
82 51 
82 34 
82 48 
82 53 
82 30 
82 41 
82 49 
82 2 
82 36 
82 45 
82 94 
82 89 
82 59 
82 99 
82 76 
82 54 
82 32 
82 67 
82 24 
82 75 
82 11 
82 16 
82 65 
82 73 
82 42 
82 13 
82 27 
82 66 
82 71 
82 23 
82 98 
82 88 
82 12 
82 37 
82 44 
82 92 
82 63 
82 17 
82 68 
82 5 
82 20 
82 84 
82 96 
82 22 
82 90 
82 38 
82 83 
82 86 
82 25 
82 0 
82 64 
82 95 
82 43 
82 91 
83 21 
83 72 
83 65 
83 91 
83 71 
83 95 
83 13 
83 93 
83 18 
83 3 
83 9 
83 87 
83 43 
83 41 
83 59 
83 38 
83 97 
83 81 
83 69 
83 37 
83 68 
83 29 
83 92 
83 54 
83 96 
83 67 
83 63 
83 23 
83 44 
83 36 
83 26 
83 42 
83 24 
83 45 
83 51 
83 60 
83 28 
83 14 
83 94 
83 64 
83 39 
83 53 
83 33 
83 31 
83 32 
83 90 
83 75 
83 12 
83 70 
83 88 
83 57 
83 82 
83 52 
83 89 
83 76 
83 85 
83 34 
83 11 
83 79 
83 20 
83 62 
83 7 
83 1 
83 86 
83 80 
83 5 
84 14 
84 73 
84 61 
84 70 
84 4 
84 12 
84 78 
84 48 
84 99 
84 51 
84 86 
84 22 
84 72 
84 77 
84 80 
84 97 
84 63 
84 91 
84 25 
84 7 
84 75 
84 36 
84 39 
84 3 
84 11 
84 40 
84 90 
84 10 
84 32 
84 0 
84 18 
84 15 
84 13 
84 23 
84 95 
84 76 
84 81 
84 66 
84 45 
84 79 
84 34 
84 1 
84 58 
84 24 
84 52 
84 92 
84 8 
84 35 
84 71 
84 68 
84 17 
84 19 
84 20 
84 26 
84 87 
84 93 
84 96 
84 82 
84 49 
84 37 
84 6 
84 42 
84 56 
84 44 
84 5 
84 38 
84 50 
84 27 
84 53 
84 94 
84 29 
84 85 
84 65 
84 74 
84 21 
85 93 
85 20 
85 68 
85 6 
85 44 
85 95 
85 7 
85 26 
85 88 
85 28 
85 0 
85 25 
85 5 
85 79 
85 75 
85 76 
85 14 
85 33 
85 22 
85 19 
85 91 
85 90 
85 74 
85 63 
85 2 
85 39 
85 15 
85 96 
85 35 
85 38 
85 12 
85 42 
85 29 
85 71 
85 53 
85 23 
85 69 
85 67 
85 81 
85 37 
85 13 
85 87 
85 21 
85 8 
85 98 
85 60 
85 97 
85 49 
85 86 
85 99 
85 77 
85 48 
85 57 
85 31 
85 36 
85 59 
85 40 
85 83 
85 9 
85 11 
85 55 
85 24 
85 64 
85 70 
85 94 
85 61 
85 34 
85 27 
85 45 
85 72 
85 52 
85 84 
85 4 
85 89 
85 50 
86 67 
86 41 
86 20 
86 43 
86 48 
86 73 
86 88 
86 84 
86 47 
86 64 
86 24 
86 26 
86 56 
86 15 
86 36 
86 18 
86 78 
86 98 
86 90 
86 33 
86 94 
86 40 
86 31 
86 97 
86 4 
86 81 
86 27 
86 74 
86 52 
86 9 
86 57 
86 62 
86 44 
86 37 
86 99 
86 1 
86 60 
86 51 
86 12 
86 45 
86 0 
86 85 
86 38 
86 80 
86 7 
86 63 
86 3 
86 2 
86 50 
86 39 
86 53 
86 82 
86 72 
86 49 
86 17 
86 65 
86 68 
86 28 
86 58 
86 21 
86 83 
86 89 
86 35 
87 45 
87 64 
87 66 
87 62 
87 97 
87 38 
87 47 
87 40 
87 70 
87 41 
87 15 
87 0 
87 93 
87 8 
87 35 
87 95 
87 27 
87 98 
87 34 
87 4 
87 83 
87 78 
87 22 
87 33 
87 76 
87 5 
87 88 
87 14 
87 25 
87 42 
87 10 
87 46 
87 54 
87 75 
87 89 
87 3 
87 49 
87 48 
87 31 
87 37 
87 68 
87 57 
87 94 
87 69 
87 67 
87 1 
87 17 
87 23 
87 85 
87 9 
87 61 
87 16 
87 59 
87 90 
87 19 
87 29 
87 65 
87 53 
87 84 
87 56 
87 92 
87 72 
87 52 
87 81 
87 12 
87 80 
87 21 
87 43 
87 7 
87 79 
87 30 
87 58 
87 77 
87 91 
87 44 
87 39 
88 28 
88 93 
88 43 
88 60 
88 6 
88 74 
88 66 
88 7 
88 86 
88 36 
88 92 
88 85 
88 59 
88 98 
88 73 
88 39 
88 76 
88 42 
88 71 
88 19 
88 70 
88 99 
88 5 
88 33 
88 69 
88 75 
88 67 
88 90 
88 96 
88 49 
88 68 
88 1 
88 16 
88 87 
88 29 
88 12 
88 30 
88 11 
88 91 
88 89 
88 4 
88 55 
88 13 
88 45 
88 34 
88 63 
88 61 
88 79 
88 52 
88 97 
88 78 
88 47 
88 27 
88 50 
88 62 
88 82 
88 81 
88 64 
88 26 
88 2 
88 54 
88 17 
88 65 
88 46 
88 53 
88 72 
88 22 
88 25 
88 35 
88 83 
88 80 
88 31 
88 40 
88 77 
88 32 
88 56 
88 20 
88 24 
88 58 
88 3 
89 92 
89 37 
89 33 
89 96 
89 18 
89 47 
89 93 
89 58 
89 27 
89 29 
89 99 
89 41 
89 69 
89 51 
89 43 
89 52 
89 80 
89 67 
89 82 
89 74 
89 66 
89 19 
89 68 
89 61 
89 87 
89 88 
89 40 
89 14 
89 15 
89 73 
89 1 
89 57 
89 49 
89 7 
89 30 
89 10 
89 35 
89 50 
89 94 
89 63 
89 45 
89 54 
89 91 
89 32 
89 76 
89 98 
89 38 
89 31 
89 12 
89 5 
89 3 
89 71 
89 55 
89 56 
89 44 
89 78 
89 21 
89 17 
89 28 
89 59 
89 8 
89 36 
89 83 
89 13 
89 20 
89 90 
89 2 
89 25 
89 11 
89 9 
89 60 
89 0 
89 86 
89 85 
90 61 
90 67 
90 74 
90 15 
90 35 
90 78 
90 71 
90 1 
90 57 
90 23 
90 59 
90 73 
90 91 
90 79 
90 48 
90 29 
90 85 
90 86 
90 88 
90 56 
90 84 
90 13 
90 16 
90 5 
90 97 
90 8 
90 25 
90 65 
90 24 
90 7 
90 0 
90 34 
90 2 
90 30 
90 11 
90 39 
90 62 
90 66 
90 87 
90 6 
90 52 
90 33 
90 4 
90 92 
90 3 
90 83 
90 80 
90 49 
90 27 
90 14 
90 43 
90 37 
90 72 
90 31 
90 82 
90 70 
90 46 
90 75 
90 51 
90 98 
90 89 
90 77 
90 68 
90 63 
90 36 
90 99 
90 95 
90 45 
90 55 
90 96 
90 54 
90 93 
90 41 
90 44 
90 60 
91 28 
91 51 
91 7 
91 93 
91 70 
91 83 
91 95 
91 40 
91 49 
91 69 
91 71 
91 98 
91 26 
91 61 
91 4 
91 68 
91 38 
91 12 
91 90 
91 0 
91 8 
91 85 
91 84 
91 67 
91 79 
91 19 
91 32 
91 55 
91 34 
91 75 
91 10 
91 2 
91 74 
91 29 
91 35 
91 37 
91 6 
91 11 
91 88 
91 30 
91 77 
91 13 
91 96 
91 53 
91 17 
91 60 
91 50 
91 39 
91 72 
91 41 
91 27 
91 89 
91 31 
91 97 
91 18 
91 3 
91 23 
91 14 
91 64 
91 22 
91 47 
91 65 
91 25 
91 15 
91 76 
91 43 
91 5 
91 56 
91 73 
91 52 
91 54 
91 82 
91 20 
91 46 
91 80 
91 62 
91 87 
91 44 
92 89 
92 0 
92 24 
92 44 
92 32 
92 4 
92 70 
92 6 
92 17 
92 50 
92 66 
92 88 
92 80 
92 60 
92 23 
92 67 
92 35 
92 75 
92 39 
92 45 
92 52 
92 29 
92 16 
92 96 
92 63 
92 27 
92 31 
92 83 
92 47 
92 78 
92 5 
92 69 
92 55 
92 11 
92 26 
92 64 
92 72 
92 99 
92 20 
92 9 
92 22 
92 59 
92 43 
92 13 
92 28 
92 84 
92 3 
92 33 
92 34 
92 18 
92 98 
92 93 
92 90 
92 71 
92 41 
92 68 
92 82 
92 56 
92 53 
92 12 
92 65 
92 87 
92 40 
92 62 
92 36 
92 94 
92 46 
92 73 
92 76 
92 57 
92 48 
92 95 
92 21 
92 8 
93 85 
93 11 
93 71 
93 88 
93 27 
93 61 
93 91 
93 81 
93 89 
93 29 
93 72 
93 87 
93 83 
93 5 
93 97 
93 41 
93 70 
93 38 
93 65 
93 37 
93 31 
93 9 
93 30 
93 74 
93 32 
93 52 
93 55 
93 1 
93 56 
93 47 
93 17 
93 13 
93 34 
93 96 
93 49 
93 62 
93 95 
93 7 
93 51 
93 46 
93 59 
93 33 
93 26 
93 19 
93 2 
93 18 
93 21 
93 78 
93 25 
93 40 
93 42 
93 14 
93 77 
93 98 
93 79 
93 35 
93 67 
93 57 
93 66 
93 99 
93 58 
93 92 
93 63 
93 12 
93 54 
93 84 
93 50 
93 43 
93 15 
93 23 
93 53 
93 60 
93 76 
93 0 
93 4 
93 3 
93 44 
93 94 
93 80 
93 90 
94 1 
94 10 
94 9 
94 69 
94 77 
94 81 
94 40 
94 0 
94 76 
94 14 
94 64 
94 35 
94 45 
94 29 
94 47 
94 39 
94 43 
94 32 
94 33 
94 30 
94 19 
94 3 
94 49 
94 13 
94 70 
94 44 
94 50 
94 86 
94 48 
94 73 
94 7 
94 82 
94 74 
94 75 
94 97 
94 60 
94 34 
94 99 
94 87 
94 78 
94 4 
94 89 
94 16 
94 21 
94 96 
94 71 
94 83 
94 37 
94 61 
94 11 
94 26 
94 58 
94 62 
94 95 
94 72 
94 2 
94 63 
94 25 
94 53 
94 57 
94 51 
94 5 
94 46 
94 68 
94 92 
94 66 
94 36 
94 23 
94 85 
94 93 
94 38 
94 84 
94 17 
94 65 
94 31 
94 55 
95 19 
95 26 
95 50 
95 5 
95 85 
95 27 
95 91 
95 44 
95 66 
95 7 
95 59 
95 83 
95 24 
95 64 
95 87 
95 65 
95 37 
95 21 
95 96 
95 53 
95 43 
95 23 
95 58 
95 33 
95 52 
95 30 
95 20 
95 17 
95 10 
95 63 
95 31 
95 36 
95 79 
95 93 
95 70 
95 54 
95 56 
95 15 
95 84 
95 57 
95 38 
95 75 
95 32 
95 40 
95 12 
95 16 
95 78 
95 11 
95 73 
95 77 
95 18 
95 42 
95 94 
95 61 
95 97 
95 2 
95 1 
95 41 
95 99 
95 3 
95 62 
95 69 
95 48 
95 22 
95 9 
95 72 
95 45 
95 80 
95 98 
95 25 
95 90 
95 82 
95 74 
95 35 
95 55 
95 76 
95 60 
95 92 
95 46 
95 0 
95 71 
96 45 
96 73 
96 89 
96 54 
96 99 
96 37 
96 76 
96 77 
96 75 
96 67 
96 79 
96 3 
96 61 
96 40 
96 95 
96 56 
96 62 
96 27 
96 88 
96 12 
96 33 
96 92 
96 58 
96 48 
96 83 
96 47 
96 59 
96 8 
96 55 
96 63 
96 25 
96 93 
96 66 
96 85 
96 81 
96 46 
96 53 
96 91 
96 21 
96 20 
96 94 
96 31 
96 5 
96 49 
96 34 
96 26 
96 32 
96 18 
96 69 
96 70 
96 22 
96 1 
96 98 
96 57 
96 84 
96 82 
96 19 
96 13 
96 9 
96 71 
96 11 
96 39 
96 74 
96 15 
96 2 
96 90 
96 42 
96 23 
96 7 
97 16 
97 34 
97 49 
97 87 
97 73 
97 39 
97 29 
97 78 
97 84 
97 54 
97 93 
97 77 
97 40 
97 25 
97 69 
97 86 
97 62 
97 47 
97 56 
97 17 
97 7 
97 83 
97 13 
97 57 
97 28 
97 3 
97 32 
97 58 
97 94 
97 11 
97 53 
97 74 
97 63 
97 15 
97 64 
97 26 
97 38 
97 18 
97 90 
97 1 
97 88 
97 35 
97 23 
97 80 
97 31 
97 0 
97 12 
97 75 
97 91 
97 85 
97 41 
97 79 
97 21 
97 52 
97 95 
97 70 
97 61 
97 14 
97 81 
97 67 
97 20 
97 55 
97 76 
97 2 
97 59 
97 27 
97 65 
97 9 
97 45 
97 72 
97 33 
97 5 
97 8 
97 48 
97 66 
97 19 
97 51 
97 44 
98 41 
98 5 
98 26 
98 30 
98 7 
98 51 
98 2 
98 88 
98 91 
98 69 
98 19 
98 70 
98 37 
98 87 
98 67 
98 86 
98 13 
98 49 
98 48 
98 80 
98 61 
98 50 
98 35 
98 25 
98 76 
98 31 
98 10 
98 71 
98 24 
98 8 
98 23 
98 42 
98 53 
98 38 
98 99 
98 45 
98 28 
98 39 
98 34 
98 66 
98 93 
98 89 
98 82 
98 92 
98 85 
98 65 
98 0 
98 12 
98 96 
98 81 
98 20 
98 47 
98 9 
98 21 
98 54 
98 62 
98 1 
98 75 
98 18 
98 17 
98 90 
98 52 
98 44 
98 68 
98 11 
98 40 
98 79 
98 95 
98 3 
98 46 
98 33 
98 36 
98 74 
99 21 
99 39 
99 48 
99 64 
99 96 
99 12 
99 84 
99 38 
99 73 
99 43 
99 89 
99 13 
99 74 
99 57 
99 62 
99 47 
99 88 
99 35 
99 81 
99 34 
99 55 
99 49 
99 45 
99 27 
99 54 
99 19 
99 79 
99 10 
99 59 
99 67 
99 75 
99 30 
99 77 
99 82 
99 5 
99 3 
99 94 
99 86 
99 15 
99 92 
99 46 
99 98 
99 56 
99 8 
99 22 
99 1 
99 66 
99 2 
99 24 
99 7 
99 93 
99 18 
99 53 
99 65 
99 72 
99 26 
99 85 
99 68 
99 63 
99 36 
99 11 
99 95 
99 29 
99 17 
99 76 
99 31 
99 58 
99 6 
99 90 
99 33 
99 28 
99 69 
99 61 
99 14 
