0 28 
0 10 
0 11 
0 4 
0 21 
0 14 
0 26 
0 22 
0 7 
0 8 
0 29 
0 1 
0 13 
0 27 
0 24 
0 23 
0 17 
0 18 
0 25 
0 5 
0 15 
0 16 
0 12 
0 6 
0 2 
1 29 
1 9 
1 27 
1 10 
1 24 
1 7 
1 25 
1 22 
1 18 
1 13 
1 15 
1 5 
1 0 
1 11 
1 2 
1 8 
1 12 
1 14 
1 6 
1 4 
1 17 
1 3 
1 16 
1 19 
1 26 
2 24 
2 3 
2 7 
2 25 
2 11 
2 14 
2 9 
2 8 
2 13 
2 12 
2 20 
2 10 
2 6 
2 27 
2 29 
2 21 
2 1 
2 16 
2 26 
2 17 
2 28 
2 15 
2 19 
2 4 
2 23 
2 22 
2 0 
3 7 
3 5 
3 19 
3 6 
3 10 
3 29 
3 2 
3 8 
3 23 
3 22 
3 26 
3 12 
3 9 
3 16 
3 24 
3 11 
3 17 
3 20 
3 14 
3 27 
3 1 
3 15 
4 17 
4 27 
4 12 
4 0 
4 22 
4 7 
4 5 
4 13 
4 24 
4 16 
4 29 
4 23 
4 15 
4 19 
4 1 
4 14 
4 26 
4 2 
4 6 
4 8 
4 20 
5 3 
5 15 
5 6 
5 9 
5 19 
5 23 
5 22 
5 14 
5 20 
5 21 
5 25 
5 10 
5 12 
5 18 
5 13 
5 4 
5 11 
5 1 
5 8 
5 29 
5 16 
5 17 
5 28 
5 24 
5 0 
5 26 
6 21 
6 14 
6 3 
6 20 
6 7 
6 23 
6 5 
6 27 
6 29 
6 22 
6 15 
6 10 
6 2 
6 19 
6 25 
6 8 
6 9 
6 1 
6 17 
6 0 
6 16 
6 4 
7 3 
7 12 
7 6 
7 17 
7 14 
7 2 
7 25 
7 23 
7 15 
7 1 
7 21 
7 4 
7 0 
7 10 
7 18 
7 24 
7 22 
7 13 
7 16 
7 29 
7 26 
7 28 
7 9 
8 28 
8 3 
8 13 
8 20 
8 17 
8 26 
8 2 
8 11 
8 0 
8 22 
8 19 
8 15 
8 5 
8 10 
8 16 
8 6 
8 9 
8 1 
8 18 
8 24 
8 23 
8 27 
8 14 
8 4 
8 12 
9 14 
9 24 
9 1 
9 5 
9 13 
9 23 
9 15 
9 2 
9 21 
9 26 
9 3 
9 17 
9 18 
9 8 
9 28 
9 6 
9 19 
9 27 
9 16 
9 7 
9 20 
9 10 
10 18 
10 3 
10 0 
10 19 
10 12 
10 29 
10 24 
10 1 
10 14 
10 26 
10 13 
10 5 
10 25 
10 6 
10 2 
10 7 
10 23 
10 8 
10 17 
10 21 
10 22 
10 28 
10 16 
10 15 
10 9 
10 20 
10 11 
11 25 
11 19 
11 27 
11 22 
11 0 
11 2 
11 8 
11 13 
11 5 
11 18 
11 3 
11 12 
11 1 
11 21 
11 15 
11 29 
11 26 
11 20 
11 16 
11 17 
11 10 
12 27 
12 7 
12 4 
12 13 
12 10 
12 18 
12 20 
12 23 
12 25 
12 15 
12 3 
12 17 
12 14 
12 5 
12 2 
12 16 
12 21 
12 11 
12 22 
12 28 
12 26 
12 1 
12 19 
12 0 
12 8 
13 12 
13 16 
13 19 
13 29 
13 8 
13 9 
13 18 
13 10 
13 2 
13 22 
13 15 
13 5 
13 1 
13 11 
13 25 
13 4 
13 23 
13 14 
13 0 
13 7 
13 28 
13 26 
13 20 
13 27 
13 21 
14 9 
14 6 
14 28 
14 22 
14 26 
14 7 
14 20 
14 25 
14 5 
14 15 
14 17 
14 0 
14 10 
14 2 
14 21 
14 12 
14 23 
14 18 
14 27 
14 13 
14 19 
14 24 
14 1 
14 29 
14 3 
14 4 
14 16 
14 8 
15 24 
15 5 
15 28 
15 22 
15 23 
15 9 
15 14 
15 7 
15 12 
15 6 
15 13 
15 16 
15 1 
15 8 
15 17 
15 11 
15 18 
15 4 
15 0 
15 2 
15 20 
15 19 
15 25 
15 3 
15 10 
15 29 
16 13 
16 28 
16 23 
16 29 
16 19 
16 3 
16 15 
16 12 
16 21 
16 24 
16 22 
16 5 
16 26 
16 20 
16 8 
16 2 
16 17 
16 7 
16 4 
16 27 
16 25 
16 0 
16 9 
16 6 
16 10 
16 14 
16 1 
16 11 
17 7 
17 4 
17 22 
17 26 
17 20 
17 29 
17 8 
17 14 
17 19 
17 27 
17 12 
17 23 
17 24 
17 9 
17 25 
17 3 
17 15 
17 5 
17 10 
17 0 
17 18 
17 16 
17 2 
17 21 
17 28 
17 1 
17 6 
17 11 
18 23 
18 26 
18 10 
18 12 
18 29 
18 13 
18 27 
18 1 
18 5 
18 7 
18 14 
18 24 
18 11 
18 22 
18 9 
18 15 
18 17 
18 8 
18 21 
18 0 
18 25 
18 28 
18 19 
18 20 
19 3 
19 11 
19 10 
19 13 
19 5 
19 17 
19 29 
19 23 
19 16 
19 8 
19 27 
19 6 
19 28 
19 26 
19 21 
19 14 
19 12 
19 25 
19 9 
19 18 
19 22 
19 4 
19 15 
19 2 
19 1 
20 24 
20 6 
20 14 
20 12 
20 29 
20 17 
20 8 
20 5 
20 23 
20 2 
20 27 
20 21 
20 25 
20 16 
20 28 
20 3 
20 22 
20 13 
20 15 
20 11 
20 18 
20 9 
20 26 
20 10 
20 4 
21 6 
21 22 
21 27 
21 0 
21 23 
21 5 
21 9 
21 14 
21 25 
21 7 
21 29 
21 16 
21 12 
21 19 
21 2 
21 11 
21 20 
21 24 
21 10 
21 18 
21 17 
21 13 
21 26 
21 28 
22 25 
22 21 
22 26 
22 14 
22 27 
22 11 
22 15 
22 17 
22 5 
22 3 
22 4 
22 1 
22 6 
22 13 
22 0 
22 8 
22 18 
22 12 
22 16 
22 7 
22 29 
22 20 
22 10 
22 19 
22 2 
23 18 
23 28 
23 29 
23 7 
23 12 
23 6 
23 26 
23 3 
23 5 
23 15 
23 16 
23 9 
23 21 
23 19 
23 17 
23 20 
23 14 
23 10 
23 13 
23 0 
23 27 
23 4 
23 8 
23 2 
24 15 
24 9 
24 2 
24 20 
24 26 
24 28 
24 10 
24 1 
24 17 
24 18 
24 3 
24 16 
24 27 
24 7 
24 4 
24 0 
24 21 
24 14 
24 8 
24 5 
24 29 
24 25 
25 22 
25 11 
25 29 
25 7 
25 12 
25 2 
25 14 
25 1 
25 21 
25 5 
25 10 
25 17 
25 13 
25 20 
25 6 
25 26 
25 19 
25 0 
25 18 
25 16 
25 15 
25 24 
25 28 
26 18 
26 22 
26 14 
26 24 
26 23 
26 17 
26 3 
26 8 
26 0 
26 10 
26 9 
26 27 
26 29 
26 19 
26 16 
26 25 
26 2 
26 12 
26 11 
26 13 
26 28 
26 7 
26 4 
26 21 
26 20 
26 5 
26 1 
27 12 
27 28 
27 4 
27 11 
27 22 
27 21 
27 1 
27 6 
27 17 
27 29 
27 18 
27 26 
27 19 
27 14 
27 2 
27 24 
27 20 
27 0 
27 23 
27 16 
27 13 
27 9 
27 3 
27 8 
28 0 
28 27 
28 23 
28 14 
28 24 
28 15 
28 16 
28 8 
28 29 
28 19 
28 20 
28 12 
28 9 
28 5 
28 13 
28 18 
28 26 
28 2 
28 7 
28 10 
28 17 
28 21 
28 25 
29 1 
29 23 
29 25 
29 3 
29 13 
29 18 
29 28 
29 10 
29 20 
29 17 
29 19 
29 16 
29 27 
29 6 
29 0 
29 21 
29 26 
29 2 
29 5 
29 22 
29 11 
29 4 
29 14 
29 24 
29 7 
29 15 
