0 30 12 3 34 20 14 28 27 
1 26 3 19 4 8 27 9 29 32 18 
2 9 16 21 18 27 24 11 
3 12 15 10 17 1 26 25 0 21 14 31 9 23 19 
4 27 22 12 8 31 10 1 
5 8 9 26 25 
6 34 
7 19 23 17 16 33 15 8 
8 16 9 5 22 4 25 28 1 10 7 
9 8 2 16 5 24 1 3 
10 27 3 25 4 19 18 16 23 8 30 14 
11 22 23 14 16 2 
12 3 4 0 14 34 24 22 13 
13 33 14 25 12 
14 18 12 32 0 3 11 13 10 27 30 
15 28 3 34 17 33 7 
16 8 2 34 9 21 7 10 24 11 25 
17 27 3 7 15 28 
18 14 10 2 1 
19 7 1 10 20 34 3 
20 22 19 0 
21 30 16 31 22 2 3 28 
22 4 8 20 32 11 21 12 27 
23 7 28 11 10 33 3 27 
24 26 30 9 16 12 2 
25 8 10 3 34 27 5 16 13 
26 1 24 33 34 3 5 32 
27 4 17 10 25 1 2 32 0 14 22 23 
28 15 8 23 17 21 0 
29 30 1 
30 24 29 21 0 33 10 14 
31 4 21 3 
32 22 14 27 1 26 
33 26 13 30 15 23 7 
34 16 15 26 25 0 12 19 6 
