0 15 29 37 20 2 10 9 30 18 27 1 12 19 33 35 23 3 21 
1 3 29 16 34 32 8 10 30 23 0 35 14 13 21 2 7 24 9 15 4 6 12 19 
2 10 21 0 4 5 30 19 28 3 37 1 35 13 34 31 12 23 32 11 
3 35 1 4 5 32 2 22 36 11 26 34 14 12 21 0 
4 11 3 2 13 17 25 28 15 16 18 1 22 37 27 20 12 10 
5 20 2 3 12 26 16 31 33 15 35 10 17 29 19 7 28 25 30 13 14 
6 36 10 34 37 24 31 9 35 1 26 
7 32 36 19 27 20 18 8 13 14 1 9 11 21 30 22 5 10 25 
8 20 22 32 21 14 19 1 26 37 11 27 7 31 13 17 24 9 30 36 28 34 
9 26 12 34 19 0 33 35 25 37 20 23 22 6 1 29 7 8 32 
10 2 0 12 6 11 23 31 1 20 26 22 5 7 30 15 25 4 
11 22 4 15 26 10 20 34 12 25 18 8 27 19 24 3 35 7 23 2 37 
12 25 9 27 34 10 15 5 11 35 19 31 37 0 26 1 2 3 32 4 20 23 
13 33 32 15 4 22 27 18 36 7 1 23 8 2 26 17 24 34 5 
14 19 22 29 8 37 26 20 36 1 24 7 16 3 5 
15 30 0 21 23 11 12 13 22 32 35 29 25 4 5 18 20 1 31 37 34 10 27 36 
16 33 1 31 25 21 19 5 4 35 17 32 14 23 29 36 24 26 
17 25 27 19 4 18 32 37 16 29 36 31 8 5 13 33 21 
18 28 21 34 35 19 22 17 0 33 11 7 13 4 15 24 20 
19 14 9 2 17 18 16 8 7 12 36 28 21 20 11 0 5 25 30 23 1 29 
20 5 0 8 23 31 34 32 11 24 26 35 14 10 9 7 29 33 19 15 22 18 25 4 21 12 
21 2 31 15 18 8 28 16 19 23 29 27 1 33 32 7 3 17 20 0 
22 11 14 8 37 15 18 13 3 9 30 10 27 20 32 7 35 4 31 36 
23 35 15 20 10 1 9 21 28 13 29 0 16 25 24 19 2 11 12 
24 26 31 33 20 37 6 25 29 14 1 11 18 32 34 8 23 28 13 16 
25 12 17 35 16 9 4 15 11 24 37 19 33 23 36 20 5 10 26 31 7 
26 9 28 30 11 24 20 5 14 8 36 10 35 12 3 33 13 31 6 32 25 16 
27 12 17 7 28 0 13 8 30 11 21 32 22 4 15 
28 26 18 37 21 29 33 2 27 4 19 32 23 5 24 8 
29 33 0 1 14 28 15 30 37 20 24 17 35 21 9 5 23 16 19 
30 15 26 2 0 1 29 27 22 32 7 8 19 10 5 
31 21 20 16 24 10 34 6 12 5 8 17 15 32 36 2 26 22 35 25 
32 20 8 1 13 7 3 15 17 28 16 35 27 21 24 22 30 31 37 12 26 2 36 33 9 
33 34 29 13 16 24 9 28 18 5 20 21 0 26 17 25 32 
34 33 9 35 20 18 12 37 1 6 11 31 36 24 2 3 15 13 8 
35 23 3 34 25 18 9 15 20 12 16 1 37 26 29 32 5 6 2 11 36 0 22 31 
36 6 7 37 26 14 19 3 13 17 34 35 31 25 8 22 32 16 15 
37 0 28 34 6 22 14 24 36 9 2 29 8 35 17 12 25 15 32 4 11 
