0 36 29 32 20 3 15 54 25 45 50 38 52 44 9 35 55 41 48 34 26 39 24 22 46 6 40 31 53 10 7 12 21 47 2 8 19 57 13 30 16 14 28 1 
1 56 2 27 21 54 33 4 50 5 39 43 42 7 47 46 24 55 26 16 10 48 12 3 28 30 23 8 14 15 44 38 51 29 53 20 25 0 34 
2 38 1 26 28 4 31 5 19 44 48 37 11 17 40 51 9 12 41 21 36 57 7 32 52 6 34 43 27 20 22 18 46 8 16 35 0 42 10 14 45 50 3 30 15 29 56 24 
3 10 38 7 17 0 35 51 23 46 8 50 28 6 49 19 57 18 41 48 30 54 52 40 15 16 36 31 12 1 53 11 21 29 44 4 39 24 34 2 13 14 55 5 
4 26 37 9 45 38 46 47 15 2 20 42 27 53 48 28 8 11 1 51 57 16 52 17 32 24 44 14 30 13 22 50 10 18 55 23 35 5 3 19 54 36 33 56 34 49 25 29 40 7 41 
5 9 20 46 35 14 30 32 10 7 37 15 11 2 27 42 45 24 18 39 19 31 1 49 36 41 51 33 13 43 8 17 47 4 34 40 44 26 52 56 57 28 22 3 
6 7 48 57 43 42 49 14 31 9 39 36 33 34 3 22 25 19 30 27 52 50 47 0 2 46 26 55 28 10 41 18 8 45 23 15 37 21 11 51 13 32 20 12 54 
7 56 6 53 25 3 5 20 51 17 8 43 34 11 14 12 50 55 21 36 35 19 30 27 2 1 37 13 52 0 42 18 48 9 57 24 44 47 39 45 54 26 33 31 28 10 4 
8 52 12 17 30 54 31 13 40 29 7 39 46 3 38 42 16 47 57 53 33 20 4 19 28 35 9 26 56 2 27 32 15 5 6 50 0 14 55 18 1 48 21 37 23 25 44 34 41 
9 5 4 40 15 44 23 53 11 28 0 42 25 36 6 38 49 37 19 29 51 2 55 26 13 20 56 18 45 46 57 21 24 41 50 8 52 43 7 39 35 54 27 22 
10 3 21 32 28 25 51 5 41 53 22 40 33 26 18 37 11 24 34 39 45 50 15 43 52 57 36 17 0 35 1 6 4 16 29 38 31 54 2 55 12 7 
11 12 54 49 55 53 19 9 7 41 5 27 47 10 2 51 4 14 35 21 20 34 40 16 33 30 57 43 36 25 3 17 15 52 31 22 28 39 26 45 23 6 37 
12 23 8 13 11 40 34 25 37 42 7 52 51 19 2 57 44 32 49 38 20 30 56 39 24 0 3 1 54 33 48 21 41 46 55 10 14 45 50 22 27 6 43 
13 12 8 51 31 37 15 52 55 16 54 35 50 34 19 43 57 14 39 29 38 9 45 26 47 7 4 23 5 44 0 21 49 20 3 25 18 6 28 24 30 42 
14 51 39 36 50 5 53 24 54 6 27 7 43 15 13 11 42 22 28 56 30 37 4 21 41 46 48 26 57 8 20 2 1 12 3 25 19 33 0 45 55 23 
15 46 40 9 49 54 0 23 13 45 17 4 5 31 28 51 44 21 20 33 14 34 52 50 36 10 24 32 56 29 19 55 41 43 39 3 57 8 47 11 6 25 1 2 48 18 
16 26 37 20 39 48 33 38 45 8 13 42 28 46 31 52 27 43 22 4 49 44 53 36 29 3 1 11 18 50 2 10 17 24 41 0 23 57 
17 26 8 45 21 46 3 18 50 41 15 7 22 53 29 40 36 54 42 33 56 2 31 27 35 32 23 4 28 44 10 48 20 57 52 11 5 43 55 34 16 37 
18 53 26 34 50 17 43 20 49 46 10 28 5 40 36 57 44 42 47 19 3 37 54 25 9 30 52 2 22 27 39 16 4 7 29 6 35 8 31 55 13 45 33 15 48 
19 55 11 26 2 48 41 13 33 54 40 9 6 5 28 24 3 12 7 18 8 45 15 37 27 53 39 36 38 51 22 32 49 0 47 50 34 20 4 56 30 46 31 14 23 
20 26 5 36 30 16 0 42 28 7 18 4 15 31 47 8 27 50 22 9 38 11 55 57 2 12 17 35 29 32 53 45 23 54 43 14 37 19 41 13 39 56 1 6 34 
21 38 50 10 17 33 47 46 25 30 1 44 15 35 37 7 41 2 11 49 52 40 9 24 28 43 57 14 56 51 0 48 3 12 31 55 13 34 8 6 53 36 54 
22 45 36 39 57 42 17 10 31 38 6 26 35 54 37 14 55 53 20 16 40 0 43 41 32 50 29 2 18 4 56 33 46 19 25 51 49 11 24 5 12 9 
23 45 12 36 56 48 31 15 3 9 55 26 41 44 24 57 40 28 38 17 13 32 46 53 27 4 20 6 1 30 43 8 11 50 16 19 34 14 51 49 33 
24 53 14 35 51 33 54 5 43 23 45 28 10 38 19 15 40 55 37 30 44 0 57 4 49 1 9 32 21 48 29 39 56 41 12 7 50 46 3 16 25 42 22 2 13 34 47 
25 46 52 7 12 21 10 45 0 38 9 51 32 50 6 48 47 39 55 41 18 29 57 27 44 56 54 11 42 36 34 22 30 26 15 24 40 13 8 14 1 4 
26 4 20 18 17 50 16 2 37 44 36 19 31 23 10 0 22 43 28 9 53 42 48 56 13 6 51 8 1 33 45 32 14 52 57 49 5 25 7 30 40 11 27 54 38 
27 34 1 35 14 5 54 11 55 4 32 37 49 6 20 17 16 7 29 36 19 38 2 42 25 18 52 8 31 53 23 30 46 57 41 48 9 26 28 12 33 56 39 43 
28 29 50 10 57 20 2 40 47 9 15 32 18 3 16 37 55 49 24 36 30 4 19 23 46 8 26 42 14 44 17 21 6 31 39 34 1 35 43 54 41 11 5 51 7 27 45 13 0 33 56 
29 28 43 54 0 57 46 8 49 17 32 55 48 33 9 13 15 45 27 37 40 25 30 22 16 24 56 20 18 41 51 10 50 3 47 53 34 1 2 36 31 35 4 38 
30 20 8 54 55 53 5 21 37 48 28 51 42 6 24 40 3 7 35 31 18 14 52 29 4 12 56 11 47 32 27 45 1 25 23 19 26 2 0 38 39 13 
31 40 55 8 13 23 45 2 26 15 6 39 22 20 50 44 17 47 5 16 30 0 33 28 35 37 27 3 52 10 21 54 18 11 56 46 19 7 29 41 51 
32 34 10 0 50 5 28 37 38 55 29 25 27 39 15 33 17 2 4 51 22 44 12 24 48 45 23 20 36 8 56 26 42 30 57 19 53 49 40 6 54 
33 34 35 21 42 44 16 52 24 10 57 1 48 15 6 17 19 29 8 39 41 32 45 31 5 56 26 11 22 37 12 51 7 14 4 18 40 27 23 28 
34 49 53 39 32 18 27 33 12 40 56 45 7 55 13 0 6 10 15 44 47 46 36 2 37 11 42 28 35 52 25 41 5 19 21 17 29 3 8 23 4 20 1 24 51 
35 33 48 5 36 3 47 50 24 27 39 0 44 21 13 7 22 41 53 11 17 51 30 56 8 10 20 31 38 34 45 2 18 4 28 40 9 46 37 49 29 54 
36 22 23 0 20 14 35 26 37 46 9 17 6 57 28 40 7 18 44 15 53 42 39 47 2 34 5 27 10 16 19 41 56 48 3 52 32 11 43 25 45 29 4 49 21 50 
37 42 16 4 43 12 13 26 5 36 32 30 52 10 9 46 28 51 21 38 2 27 56 24 22 39 18 48 19 29 14 7 34 31 33 53 45 20 6 35 54 8 17 11 44 
38 2 21 3 51 46 4 0 25 16 39 8 32 9 22 44 48 47 37 24 45 23 13 20 56 27 12 35 19 57 10 43 1 30 40 54 26 29 
39 14 34 46 50 16 22 8 35 38 55 6 31 40 5 32 10 13 25 33 49 37 36 0 1 48 56 44 43 19 15 28 51 24 18 12 57 9 3 7 20 11 45 30 27 
40 31 49 12 34 15 43 9 8 28 55 46 10 17 39 47 18 36 19 23 2 24 30 50 22 21 29 0 3 56 11 42 51 53 35 5 52 25 41 26 38 32 33 4 
41 50 55 10 51 17 57 11 19 23 0 44 45 47 35 52 54 2 3 49 21 33 25 22 15 5 9 46 36 53 14 24 6 29 56 34 12 48 20 28 40 16 27 31 8 4 
42 37 52 44 20 55 12 33 22 6 9 8 5 4 16 17 18 30 14 36 28 26 56 1 48 27 40 34 7 43 32 25 53 2 49 54 45 24 13 
43 29 56 40 37 18 6 7 55 14 24 46 13 26 53 10 16 47 22 1 2 15 39 45 54 21 42 5 11 20 36 9 17 28 57 23 38 52 51 27 12 
44 42 57 9 26 33 2 0 21 15 35 23 38 45 48 41 31 18 36 34 53 24 28 39 16 17 51 4 12 32 49 25 55 46 56 3 13 47 7 5 1 8 37 
45 23 22 52 49 17 4 15 31 25 34 0 16 5 24 44 41 54 10 38 51 57 19 29 13 46 50 33 9 43 32 55 53 26 35 20 30 6 37 2 47 7 36 12 42 11 18 14 39 28 56 
46 15 25 39 17 5 38 21 29 4 8 36 3 40 18 51 47 43 37 56 28 16 34 45 0 53 9 6 1 41 2 44 14 23 22 27 35 24 12 19 57 31 50 54 52 
47 21 35 4 28 46 57 8 40 11 49 38 41 20 25 18 31 34 53 36 43 6 48 13 1 30 15 0 5 44 19 7 51 29 45 54 55 24 
48 52 35 23 6 57 56 49 16 19 2 50 30 53 33 38 29 0 44 51 4 25 3 39 37 26 47 42 17 32 24 36 1 14 7 21 12 41 8 15 27 18 
49 34 45 40 11 15 48 6 18 29 9 47 28 3 27 52 39 56 41 16 5 21 24 12 44 55 50 19 26 42 22 32 13 35 36 4 23 57 
50 21 26 28 39 18 14 41 32 17 35 0 48 3 7 13 31 25 15 10 20 1 40 6 45 56 22 9 4 16 57 49 29 52 8 19 24 2 46 55 23 12 36 
51 14 38 13 10 3 41 24 7 57 15 46 25 37 48 54 12 11 30 2 4 45 9 35 32 44 5 26 39 21 40 19 29 55 56 22 47 33 1 28 6 43 31 23 34 
52 45 8 48 25 42 13 0 33 12 37 53 15 49 6 41 16 10 4 3 2 21 18 30 7 27 55 17 36 34 31 54 9 50 26 40 11 5 43 46 
53 56 7 34 18 24 30 14 11 10 9 17 48 4 52 8 36 43 35 22 55 47 44 26 46 19 0 16 45 41 23 20 27 40 42 3 37 57 32 29 54 21 1 
54 29 11 8 30 15 0 57 14 27 24 1 13 17 51 19 45 22 41 18 3 43 25 52 20 12 10 31 55 28 7 37 53 4 47 56 42 9 38 26 32 46 21 35 6 
55 31 19 30 41 42 11 23 57 43 40 13 39 34 0 32 27 29 28 7 24 25 22 9 53 15 20 6 1 45 52 44 49 4 51 21 8 54 17 10 12 18 3 50 56 47 14 
56 7 53 1 43 23 48 34 17 46 37 49 15 35 14 39 9 42 50 26 38 40 12 36 29 8 25 33 30 24 22 21 32 41 44 51 19 31 5 54 2 20 55 4 27 28 45 
57 29 48 28 44 54 22 55 6 41 51 33 47 36 8 23 18 13 3 45 4 10 2 24 12 9 20 25 21 17 50 38 11 15 32 7 27 26 39 14 0 53 43 46 5 16 49 
