0 40 
0 25 
0 69 
0 58 
0 33 
0 3 
0 31 
0 30 
0 11 
0 65 
0 1 
1 68 
1 54 
1 63 
1 21 
1 11 
1 65 
1 29 
1 58 
1 31 
1 64 
1 0 
1 25 
1 39 
1 37 
2 23 
2 21 
2 15 
2 12 
2 54 
2 39 
2 4 
2 17 
2 66 
2 59 
2 10 
2 27 
2 44 
3 36 
3 42 
3 10 
3 23 
3 54 
3 40 
3 9 
3 38 
3 0 
3 52 
3 31 
3 56 
3 4 
3 15 
3 28 
4 47 
4 68 
4 49 
4 9 
4 19 
4 17 
4 35 
4 50 
4 20 
4 58 
4 2 
4 32 
4 13 
4 3 
4 27 
4 48 
5 51 
5 29 
5 54 
5 21 
5 19 
5 22 
5 30 
5 53 
5 41 
5 27 
5 33 
6 8 
6 18 
6 29 
6 16 
6 12 
6 22 
6 46 
6 55 
6 27 
6 43 
6 60 
6 69 
6 56 
6 49 
6 9 
6 10 
6 45 
7 45 
7 33 
7 38 
7 62 
7 30 
7 9 
7 47 
8 6 
8 46 
8 33 
8 58 
8 23 
8 41 
8 28 
8 13 
8 11 
8 18 
8 49 
8 64 
9 19 
9 24 
9 31 
9 32 
9 4 
9 53 
9 3 
9 23 
9 45 
9 41 
9 60 
9 47 
9 36 
9 7 
9 6 
10 3 
10 56 
10 26 
10 32 
10 46 
10 15 
10 24 
10 38 
10 34 
10 20 
10 53 
10 2 
10 68 
10 19 
10 6 
11 42 
11 31 
11 1 
11 59 
11 69 
11 39 
11 46 
11 8 
11 0 
11 21 
11 64 
12 18 
12 33 
12 6 
12 2 
12 45 
12 44 
12 64 
12 51 
12 63 
12 48 
12 52 
13 23 
13 41 
13 8 
13 30 
13 36 
13 25 
13 19 
13 4 
13 16 
14 27 
14 65 
14 67 
14 55 
14 35 
14 15 
14 59 
14 64 
14 36 
14 38 
14 51 
15 64 
15 38 
15 36 
15 45 
15 57 
15 14 
15 2 
15 10 
15 42 
15 16 
15 68 
15 3 
15 22 
15 62 
16 6 
16 39 
16 59 
16 56 
16 53 
16 65 
16 47 
16 45 
16 37 
16 31 
16 15 
16 13 
16 66 
17 23 
17 61 
17 38 
17 47 
17 69 
17 24 
17 4 
17 45 
17 32 
17 2 
17 57 
17 39 
17 53 
17 67 
17 55 
17 19 
17 52 
17 36 
18 67 
18 25 
18 12 
18 6 
18 65 
18 56 
18 57 
18 44 
18 40 
18 21 
18 63 
18 22 
18 24 
18 49 
18 30 
18 8 
18 62 
18 32 
19 26 
19 9 
19 68 
19 4 
19 35 
19 23 
19 53 
19 5 
19 27 
19 33 
19 13 
19 22 
19 17 
19 37 
19 10 
19 49 
20 56 
20 31 
20 44 
20 41 
20 47 
20 4 
20 27 
20 10 
20 67 
20 53 
21 2 
21 62 
21 47 
21 24 
21 34 
21 1 
21 64 
21 18 
21 50 
21 22 
21 41 
21 5 
21 54 
21 58 
21 43 
21 67 
21 11 
21 29 
22 68 
22 52 
22 37 
22 23 
22 41 
22 6 
22 27 
22 21 
22 18 
22 24 
22 5 
22 19 
22 42 
22 15 
22 49 
23 17 
23 13 
23 2 
23 3 
23 22 
23 34 
23 62 
23 9 
23 8 
23 19 
23 56 
23 41 
23 37 
23 65 
23 60 
23 63 
23 25 
24 34 
24 21 
24 9 
24 42 
24 17 
24 43 
24 37 
24 10 
24 40 
24 58 
24 18 
24 22 
24 32 
24 27 
24 55 
25 18 
25 31 
25 0 
25 26 
25 44 
25 33 
25 66 
25 50 
25 13 
25 47 
25 61 
25 39 
25 1 
25 23 
26 57 
26 43 
26 19 
26 61 
26 33 
26 25 
26 10 
26 30 
26 65 
26 40 
26 31 
26 52 
26 28 
26 41 
26 38 
27 52 
27 35 
27 14 
27 44 
27 55 
27 31 
27 29 
27 22 
27 58 
27 20 
27 6 
27 60 
27 19 
27 28 
27 37 
27 4 
27 65 
27 2 
27 5 
27 24 
27 67 
27 46 
28 57 
28 62 
28 47 
28 31 
28 29 
28 8 
28 43 
28 26 
28 27 
28 61 
28 3 
29 55 
29 53 
29 37 
29 6 
29 27 
29 1 
29 5 
29 28 
29 62 
29 45 
29 51 
29 69 
29 63 
29 30 
29 21 
30 65 
30 48 
30 44 
30 26 
30 66 
30 7 
30 50 
30 13 
30 0 
30 18 
30 41 
30 5 
30 29 
30 46 
31 25 
31 33 
31 20 
31 44 
31 49 
31 27 
31 28 
31 11 
31 68 
31 35 
31 9 
31 53 
31 26 
31 59 
31 1 
31 16 
31 3 
31 0 
31 64 
31 67 
31 40 
31 42 
31 48 
31 39 
32 33 
32 69 
32 10 
32 9 
32 65 
32 64 
32 17 
32 66 
32 4 
32 24 
32 43 
32 18 
33 56 
33 31 
33 8 
33 32 
33 12 
33 26 
33 25 
33 7 
33 0 
33 19 
33 34 
33 5 
34 23 
34 24 
34 46 
34 21 
34 47 
34 64 
34 63 
34 10 
34 33 
34 59 
34 56 
34 61 
34 68 
35 49 
35 27 
35 31 
35 14 
35 19 
35 4 
35 36 
35 40 
36 3 
36 44 
36 57 
36 56 
36 38 
36 15 
36 50 
36 46 
36 42 
36 52 
36 13 
36 9 
36 14 
36 68 
36 35 
36 69 
36 17 
36 60 
37 29 
37 22 
37 50 
37 58 
37 24 
37 16 
37 23 
37 69 
37 53 
37 27 
37 19 
37 48 
37 1 
38 17 
38 15 
38 36 
38 40 
38 7 
38 3 
38 64 
38 59 
38 10 
38 14 
38 58 
38 26 
38 57 
39 16 
39 49 
39 43 
39 50 
39 63 
39 40 
39 2 
39 53 
39 11 
39 44 
39 17 
39 25 
39 41 
39 31 
39 1 
40 57 
40 69 
40 0 
40 48 
40 3 
40 18 
40 38 
40 26 
40 67 
40 39 
40 24 
40 35 
40 63 
40 31 
40 52 
40 66 
41 60 
41 22 
41 20 
41 21 
41 9 
41 13 
41 61 
41 50 
41 8 
41 23 
41 30 
41 5 
41 67 
41 26 
41 39 
41 68 
41 56 
42 3 
42 11 
42 66 
42 24 
42 48 
42 36 
42 64 
42 15 
42 43 
42 46 
42 22 
42 31 
42 49 
42 63 
43 26 
43 59 
43 24 
43 39 
43 56 
43 42 
43 6 
43 28 
43 21 
43 32 
43 52 
43 66 
44 64 
44 36 
44 58 
44 31 
44 20 
44 27 
44 68 
44 25 
44 30 
44 18 
44 52 
44 48 
44 12 
44 39 
44 54 
44 69 
44 49 
44 2 
44 46 
45 69 
45 7 
45 53 
45 9 
45 15 
45 17 
45 16 
45 12 
45 29 
45 6 
46 59 
46 67 
46 8 
46 69 
46 34 
46 68 
46 10 
46 54 
46 6 
46 53 
46 36 
46 61 
46 42 
46 11 
46 44 
46 30 
46 27 
47 4 
47 21 
47 28 
47 17 
47 34 
47 20 
47 16 
47 48 
47 9 
47 25 
47 7 
48 30 
48 40 
48 42 
48 53 
48 47 
48 67 
48 44 
48 12 
48 69 
48 31 
48 55 
48 4 
48 37 
49 35 
49 62 
49 31 
49 4 
49 39 
49 63 
49 18 
49 59 
49 6 
49 44 
49 42 
49 22 
49 8 
49 19 
50 57 
50 21 
50 36 
50 37 
50 67 
50 25 
50 4 
50 39 
50 41 
50 30 
50 69 
50 61 
51 64 
51 5 
51 69 
51 29 
51 12 
51 67 
51 14 
52 22 
52 68 
52 27 
52 44 
52 26 
52 56 
52 3 
52 36 
52 55 
52 43 
52 12 
52 17 
52 40 
53 29 
53 9 
53 45 
53 31 
53 48 
53 16 
53 55 
53 46 
53 19 
53 39 
53 5 
53 17 
53 37 
53 10 
53 56 
53 20 
53 65 
54 65 
54 1 
54 3 
54 64 
54 46 
54 5 
54 2 
54 21 
54 44 
54 60 
55 29 
55 27 
55 14 
55 53 
55 6 
55 69 
55 66 
55 61 
55 17 
55 52 
55 59 
55 48 
55 24 
56 33 
56 20 
56 18 
56 36 
56 10 
56 16 
56 52 
56 43 
56 23 
56 64 
56 3 
56 6 
56 34 
56 53 
56 69 
56 41 
57 40 
57 26 
57 28 
57 36 
57 61 
57 18 
57 50 
57 15 
57 17 
57 66 
57 38 
58 44 
58 62 
58 60 
58 8 
58 0 
58 37 
58 1 
58 27 
58 24 
58 21 
58 4 
58 38 
59 46 
59 43 
59 11 
59 16 
59 31 
59 14 
59 38 
59 49 
59 2 
59 34 
59 55 
59 66 
60 58 
60 64 
60 41 
60 68 
60 62 
60 9 
60 27 
60 6 
60 23 
60 54 
60 36 
61 17 
61 26 
61 57 
61 41 
61 46 
61 28 
61 55 
61 25 
61 50 
61 34 
62 21 
62 58 
62 49 
62 23 
62 28 
62 67 
62 7 
62 60 
62 29 
62 18 
62 15 
63 1 
63 67 
63 49 
63 18 
63 34 
63 39 
63 69 
63 12 
63 40 
63 29 
63 23 
63 42 
64 51 
64 44 
64 15 
64 60 
64 54 
64 21 
64 34 
64 67 
64 42 
64 38 
64 14 
64 32 
64 12 
64 31 
64 56 
64 1 
64 11 
64 8 
65 54 
65 30 
65 18 
65 14 
65 1 
65 26 
65 16 
65 32 
65 23 
65 0 
65 68 
65 27 
65 53 
66 42 
66 68 
66 25 
66 30 
66 32 
66 55 
66 2 
66 16 
66 57 
66 69 
66 59 
66 43 
66 40 
67 18 
67 46 
67 62 
67 14 
67 63 
67 64 
67 50 
67 40 
67 48 
67 51 
67 21 
67 17 
67 31 
67 20 
67 41 
67 27 
68 1 
68 22 
68 52 
68 4 
68 44 
68 19 
68 46 
68 66 
68 60 
68 31 
68 36 
68 15 
68 65 
68 41 
68 10 
68 34 
69 45 
69 46 
69 40 
69 32 
69 0 
69 17 
69 55 
69 51 
69 11 
69 50 
69 63 
69 6 
69 29 
69 37 
69 44 
69 66 
69 48 
69 56 
69 36 
