0 41 
0 39 
0 12 
0 13 
0 62 
0 67 
0 38 
0 47 
0 18 
0 3 
0 26 
0 19 
0 68 
0 37 
0 33 
0 64 
0 16 
0 54 
0 42 
0 24 
0 9 
0 58 
0 45 
0 7 
0 25 
0 17 
0 11 
0 53 
0 22 
0 59 
1 14 
1 38 
1 5 
1 19 
1 24 
1 50 
1 26 
1 45 
1 56 
1 11 
1 16 
1 35 
1 61 
1 70 
1 36 
1 21 
1 18 
1 12 
1 58 
1 31 
1 22 
1 54 
1 43 
1 33 
1 30 
1 66 
1 64 
1 69 
1 27 
1 10 
1 67 
1 39 
2 13 
2 57 
2 9 
2 25 
2 67 
2 45 
2 69 
2 4 
2 51 
2 19 
2 23 
2 11 
2 70 
2 59 
2 14 
2 47 
2 24 
2 36 
2 58 
2 64 
2 68 
2 54 
2 55 
2 16 
2 66 
2 53 
2 49 
2 33 
2 6 
2 22 
2 10 
2 15 
2 29 
2 48 
3 39 
3 18 
3 27 
3 55 
3 29 
3 37 
3 13 
3 53 
3 70 
3 11 
3 9 
3 52 
3 0 
3 15 
3 68 
3 35 
3 8 
3 45 
3 5 
3 10 
3 60 
3 36 
3 19 
3 54 
3 38 
3 64 
3 69 
3 56 
3 44 
3 41 
3 51 
4 21 
4 38 
4 60 
4 8 
4 49 
4 66 
4 13 
4 2 
4 17 
4 27 
4 42 
4 34 
4 52 
4 48 
4 64 
4 18 
4 43 
4 6 
4 44 
4 41 
4 40 
4 59 
4 57 
4 47 
4 9 
4 12 
4 24 
4 65 
4 29 
4 30 
4 5 
4 15 
4 26 
4 67 
5 24 
5 61 
5 1 
5 32 
5 42 
5 64 
5 66 
5 63 
5 28 
5 48 
5 39 
5 53 
5 20 
5 16 
5 14 
5 68 
5 15 
5 69 
5 59 
5 12 
5 52 
5 18 
5 44 
5 56 
5 21 
5 58 
5 22 
5 3 
5 47 
5 57 
5 9 
5 19 
5 4 
6 22 
6 18 
6 63 
6 29 
6 20 
6 57 
6 47 
6 8 
6 67 
6 42 
6 46 
6 16 
6 24 
6 60 
6 21 
6 58 
6 25 
6 40 
6 65 
6 10 
6 44 
6 4 
6 30 
6 53 
6 7 
6 70 
6 36 
6 33 
6 13 
6 9 
6 54 
6 2 
6 52 
6 55 
6 56 
7 36 
7 35 
7 24 
7 19 
7 50 
7 39 
7 46 
7 56 
7 62 
7 65 
7 34 
7 67 
7 18 
7 27 
7 58 
7 14 
7 12 
7 20 
7 22 
7 6 
7 54 
7 0 
7 69 
7 8 
7 42 
7 51 
7 43 
7 40 
7 70 
7 31 
7 53 
8 50 
8 64 
8 60 
8 4 
8 25 
8 16 
8 58 
8 61 
8 48 
8 6 
8 19 
8 70 
8 24 
8 51 
8 63 
8 29 
8 52 
8 37 
8 53 
8 18 
8 27 
8 46 
8 69 
8 3 
8 30 
8 54 
8 22 
8 59 
8 66 
8 57 
8 68 
8 7 
8 38 
8 31 
8 44 
8 49 
8 32 
9 41 
9 34 
9 2 
9 55 
9 52 
9 22 
9 12 
9 62 
9 70 
9 16 
9 27 
9 10 
9 3 
9 53 
9 64 
9 67 
9 43 
9 14 
9 20 
9 21 
9 56 
9 61 
9 0 
9 57 
9 32 
9 17 
9 63 
9 50 
9 36 
9 30 
9 19 
9 60 
9 13 
9 4 
9 11 
9 65 
9 6 
9 5 
9 44 
10 22 
10 43 
10 32 
10 56 
10 26 
10 34 
10 46 
10 50 
10 54 
10 9 
10 69 
10 23 
10 58 
10 11 
10 35 
10 44 
10 6 
10 12 
10 16 
10 27 
10 33 
10 45 
10 61 
10 70 
10 3 
10 48 
10 1 
10 18 
10 13 
10 2 
10 47 
10 20 
10 40 
10 41 
11 39 
11 18 
11 13 
11 67 
11 48 
11 24 
11 51 
11 1 
11 58 
11 68 
11 3 
11 34 
11 31 
11 50 
11 17 
11 2 
11 22 
11 60 
11 62 
11 10 
11 41 
11 43 
11 25 
11 46 
11 49 
11 45 
11 55 
11 29 
11 52 
11 20 
11 59 
11 44 
11 47 
11 30 
11 9 
11 21 
11 66 
11 35 
11 0 
11 65 
11 28 
11 56 
11 42 
12 39 
12 17 
12 0 
12 60 
12 37 
12 14 
12 34 
12 9 
12 13 
12 52 
12 24 
12 63 
12 66 
12 68 
12 69 
12 67 
12 1 
12 51 
12 7 
12 5 
12 64 
12 10 
12 30 
12 21 
12 54 
12 43 
12 25 
12 49 
12 4 
12 19 
12 53 
12 59 
12 16 
13 2 
13 63 
13 11 
13 64 
13 0 
13 69 
13 3 
13 12 
13 54 
13 4 
13 21 
13 70 
13 15 
13 66 
13 16 
13 48 
13 19 
13 31 
13 35 
13 18 
13 38 
13 65 
13 24 
13 60 
13 9 
13 61 
13 50 
13 6 
13 56 
13 39 
13 25 
13 62 
13 10 
13 49 
13 17 
14 1 
14 45 
14 64 
14 66 
14 33 
14 28 
14 12 
14 38 
14 49 
14 18 
14 36 
14 30 
14 67 
14 9 
14 5 
14 40 
14 2 
14 7 
14 19 
14 50 
14 68 
14 54 
14 39 
14 26 
14 17 
14 53 
14 22 
14 57 
14 61 
14 70 
15 17 
15 46 
15 16 
15 51 
15 60 
15 57 
15 28 
15 3 
15 19 
15 13 
15 48 
15 25 
15 50 
15 42 
15 54 
15 5 
15 44 
15 43 
15 29 
15 18 
15 26 
15 69 
15 22 
15 34 
15 62 
15 67 
15 56 
15 41 
15 49 
15 4 
15 2 
16 38 
16 58 
16 61 
16 15 
16 55 
16 23 
16 50 
16 39 
16 60 
16 44 
16 26 
16 20 
16 9 
16 8 
16 1 
16 5 
16 41 
16 6 
16 0 
16 18 
16 27 
16 35 
16 46 
16 13 
16 40 
16 37 
16 53 
16 10 
16 56 
16 2 
16 47 
16 57 
16 30 
16 34 
16 59 
16 42 
16 49 
16 28 
16 12 
16 25 
17 15 
17 32 
17 12 
17 34 
17 39 
17 30 
17 59 
17 40 
17 61 
17 44 
17 49 
17 4 
17 29 
17 46 
17 11 
17 63 
17 55 
17 31 
17 35 
17 53 
17 9 
17 14 
17 64 
17 19 
17 37 
17 51 
17 0 
17 57 
17 41 
17 25 
17 28 
17 54 
17 45 
17 13 
18 11 
18 3 
18 21 
18 60 
18 6 
18 19 
18 47 
18 14 
18 40 
18 0 
18 49 
18 66 
18 30 
18 50 
18 31 
18 16 
18 7 
18 1 
18 8 
18 4 
18 15 
18 5 
18 25 
18 42 
18 13 
18 51 
18 58 
18 43 
18 61 
18 65 
18 10 
18 29 
18 36 
19 1 
19 70 
19 18 
19 24 
19 7 
19 58 
19 57 
19 56 
19 20 
19 44 
19 61 
19 63 
19 8 
19 64 
19 0 
19 2 
19 26 
19 15 
19 53 
19 32 
19 14 
19 27 
19 13 
19 25 
19 31 
19 17 
19 38 
19 23 
19 54 
19 9 
19 40 
19 22 
19 36 
19 51 
19 60 
19 68 
19 3 
19 12 
19 65 
19 42 
19 5 
19 49 
20 61 
20 30 
20 60 
20 69 
20 26 
20 34 
20 33 
20 16 
20 24 
20 6 
20 54 
20 19 
20 31 
20 37 
20 49 
20 65 
20 70 
20 5 
20 48 
20 9 
20 50 
20 32 
20 36 
20 7 
20 23 
20 47 
20 38 
20 68 
20 41 
20 11 
20 58 
20 63 
20 51 
20 10 
21 67 
21 48 
21 50 
21 38 
21 4 
21 27 
21 18 
21 49 
21 40 
21 39 
21 60 
21 69 
21 44 
21 42 
21 13 
21 36 
21 52 
21 9 
21 61 
21 56 
21 51 
21 1 
21 64 
21 30 
21 6 
21 68 
21 46 
21 59 
21 34 
21 12 
21 70 
21 5 
21 55 
21 25 
21 45 
21 11 
21 29 
21 43 
21 28 
21 41 
22 26 
22 35 
22 10 
22 42 
22 64 
22 32 
22 51 
22 6 
22 55 
22 9 
22 46 
22 58 
22 52 
22 53 
22 70 
22 50 
22 11 
22 38 
22 40 
22 36 
22 29 
22 31 
22 1 
22 43 
22 8 
22 7 
22 15 
22 5 
22 14 
22 27 
22 19 
22 69 
22 28 
22 60 
22 41 
22 2 
22 62 
22 0 
22 59 
23 16 
23 52 
23 62 
23 67 
23 29 
23 61 
23 32 
23 50 
23 2 
23 27 
23 10 
23 40 
23 24 
23 20 
23 59 
23 19 
23 42 
23 63 
23 30 
23 47 
23 34 
23 25 
23 35 
24 5 
24 48 
24 56 
24 60 
24 1 
24 7 
24 19 
24 11 
24 53 
24 12 
24 20 
24 68 
24 27 
24 41 
24 59 
24 8 
24 6 
24 2 
24 46 
24 23 
24 49 
24 0 
24 13 
24 57 
24 39 
24 51 
24 40 
24 47 
24 4 
24 58 
24 33 
24 25 
24 36 
24 62 
25 60 
25 42 
25 61 
25 2 
25 47 
25 8 
25 51 
25 66 
25 45 
25 15 
25 29 
25 6 
25 11 
25 36 
25 19 
25 27 
25 18 
25 57 
25 49 
25 56 
25 65 
25 63 
25 12 
25 21 
25 0 
25 53 
25 40 
25 39 
25 26 
25 17 
25 24 
25 13 
25 55 
25 23 
25 31 
25 28 
25 16 
26 22 
26 51 
26 10 
26 1 
26 35 
26 61 
26 20 
26 59 
26 16 
26 60 
26 36 
26 0 
26 19 
26 39 
26 40 
26 67 
26 66 
26 30 
26 15 
26 28 
26 14 
26 45 
26 49 
26 47 
26 52 
26 25 
26 58 
26 44 
26 4 
27 58 
27 21 
27 3 
27 41 
27 31 
27 69 
27 33 
27 9 
27 32 
27 34 
27 36 
27 4 
27 24 
27 65 
27 59 
27 23 
27 56 
27 16 
27 68 
27 7 
27 8 
27 57 
27 19 
27 25 
27 50 
27 10 
27 51 
27 66 
27 42 
27 53 
27 22 
27 28 
27 1 
27 44 
27 61 
27 45 
27 47 
27 37 
27 52 
28 50 
28 32 
28 62 
28 36 
28 45 
28 47 
28 14 
28 57 
28 5 
28 46 
28 15 
28 53 
28 64 
28 52 
28 44 
28 61 
28 37 
28 43 
28 65 
28 68 
28 59 
28 38 
28 26 
28 69 
28 33 
28 55 
28 22 
28 27 
28 11 
28 17 
28 16 
28 21 
28 25 
29 43 
29 61 
29 3 
29 63 
29 40 
29 44 
29 34 
29 23 
29 6 
29 17 
29 52 
29 65 
29 57 
29 32 
29 8 
29 30 
29 66 
29 36 
29 25 
29 46 
29 69 
29 15 
29 22 
29 50 
29 60 
29 39 
29 31 
29 70 
29 11 
29 49 
29 4 
29 18 
29 21 
29 2 
29 33 
30 63 
30 39 
30 64 
30 20 
30 31 
30 38 
30 62 
30 17 
30 55 
30 54 
30 14 
30 51 
30 18 
30 67 
30 40 
30 29 
30 65 
30 21 
30 26 
30 8 
30 6 
30 58 
30 47 
30 12 
30 52 
30 35 
30 9 
30 42 
30 1 
30 70 
30 11 
30 60 
30 50 
30 16 
30 44 
30 4 
30 32 
30 53 
30 23 
31 42 
31 54 
31 30 
31 27 
31 37 
31 45 
31 60 
31 58 
31 20 
31 11 
31 55 
31 68 
31 59 
31 18 
31 61 
31 51 
31 65 
31 1 
31 17 
31 70 
31 22 
31 13 
31 49 
31 35 
31 19 
31 39 
31 47 
31 29 
31 52 
31 48 
31 34 
31 8 
31 7 
31 25 
31 32 
32 68 
32 47 
32 17 
32 28 
32 10 
32 22 
32 5 
32 53 
32 48 
32 27 
32 60 
32 23 
32 69 
32 50 
32 56 
32 29 
32 35 
32 20 
32 51 
32 43 
32 36 
32 63 
32 19 
32 61 
32 55 
32 52 
32 9 
32 66 
32 39 
32 34 
32 65 
32 30 
32 58 
32 62 
32 67 
32 42 
32 31 
32 8 
33 14 
33 50 
33 61 
33 20 
33 27 
33 43 
33 0 
33 60 
33 69 
33 59 
33 66 
33 65 
33 35 
33 1 
33 10 
33 28 
33 41 
33 6 
33 52 
33 46 
33 2 
33 24 
33 36 
33 57 
33 29 
34 50 
34 70 
34 9 
34 36 
34 47 
34 10 
34 12 
34 17 
34 20 
34 29 
34 61 
34 56 
34 55 
34 35 
34 11 
34 27 
34 66 
34 67 
34 7 
34 4 
34 44 
34 51 
34 46 
34 69 
34 63 
34 62 
34 64 
34 54 
34 58 
34 21 
34 42 
34 31 
34 32 
34 68 
34 15 
34 40 
34 23 
34 16 
34 52 
35 22 
35 60 
35 7 
35 37 
35 26 
35 41 
35 68 
35 70 
35 51 
35 69 
35 34 
35 1 
35 52 
35 47 
35 58 
35 42 
35 3 
35 32 
35 16 
35 43 
35 10 
35 61 
35 17 
35 36 
35 40 
35 13 
35 31 
35 33 
35 30 
35 67 
35 63 
35 46 
35 11 
35 48 
35 23 
36 7 
36 39 
36 34 
36 38 
36 28 
36 64 
36 48 
36 56 
36 26 
36 14 
36 21 
36 50 
36 61 
36 27 
36 70 
36 42 
36 32 
36 1 
36 20 
36 29 
36 2 
36 22 
36 37 
36 25 
36 35 
36 62 
36 67 
36 9 
36 65 
36 6 
36 19 
36 3 
36 24 
36 33 
36 18 
36 58 
36 69 
37 68 
37 51 
37 31 
37 3 
37 35 
37 12 
37 66 
37 20 
37 0 
37 53 
37 8 
37 59 
37 28 
37 36 
37 16 
37 45 
37 17 
37 41 
37 67 
37 27 
37 63 
37 61 
38 16 
38 21 
38 1 
38 63 
38 4 
38 36 
38 39 
38 30 
38 14 
38 50 
38 0 
38 45 
38 42 
38 52 
38 22 
38 49 
38 40 
38 58 
38 13 
38 28 
38 19 
38 55 
38 20 
38 44 
38 68 
38 46 
38 69 
38 51 
38 41 
38 60 
38 8 
38 3 
38 62 
38 56 
39 30 
39 0 
39 3 
39 12 
39 11 
39 36 
39 41 
39 16 
39 21 
39 38 
39 17 
39 7 
39 5 
39 26 
39 61 
39 40 
39 53 
39 45 
39 67 
39 31 
39 29 
39 14 
39 63 
39 60 
39 48 
39 49 
39 32 
39 58 
39 24 
39 25 
39 46 
39 13 
39 69 
39 1 
40 21 
40 60 
40 46 
40 29 
40 17 
40 18 
40 22 
40 23 
40 53 
40 30 
40 14 
40 43 
40 26 
40 39 
40 16 
40 6 
40 68 
40 35 
40 38 
40 59 
40 42 
40 4 
40 50 
40 64 
40 51 
40 57 
40 19 
40 41 
40 24 
40 61 
40 25 
40 34 
40 48 
40 47 
40 69 
40 7 
40 70 
40 10 
41 56 
41 0 
41 9 
41 48 
41 69 
41 39 
41 27 
41 55 
41 35 
41 47 
41 67 
41 59 
41 54 
41 24 
41 61 
41 16 
41 63 
41 46 
41 45 
41 42 
41 11 
41 65 
41 4 
41 58 
41 33 
41 20 
41 64 
41 62 
41 40 
41 37 
41 17 
41 53 
41 22 
41 38 
41 15 
41 52 
41 21 
41 10 
41 3 
42 31 
42 22 
42 25 
42 5 
42 67 
42 61 
42 60 
42 54 
42 21 
42 57 
42 38 
42 4 
42 6 
42 35 
42 36 
42 15 
42 0 
42 41 
42 49 
42 50 
42 18 
42 46 
42 48 
42 40 
42 66 
42 34 
42 43 
42 30 
42 23 
42 27 
42 65 
42 7 
42 19 
42 16 
42 11 
42 32 
42 58 
43 50 
43 29 
43 10 
43 54 
43 62 
43 58 
43 45 
43 57 
43 63 
43 9 
43 33 
43 46 
43 69 
43 32 
43 64 
43 40 
43 59 
43 68 
43 35 
43 15 
43 11 
43 61 
43 28 
43 4 
43 22 
43 1 
43 42 
43 66 
43 12 
43 18 
43 7 
43 21 
44 63 
44 50 
44 68 
44 16 
44 29 
44 21 
44 57 
44 17 
44 70 
44 19 
44 53 
44 34 
44 60 
44 58 
44 47 
44 28 
44 15 
44 10 
44 69 
44 62 
44 6 
44 4 
44 5 
44 61 
44 38 
44 11 
44 30 
44 27 
44 8 
44 64 
44 26 
44 3 
44 9 
45 14 
45 28 
45 65 
45 31 
45 53 
45 1 
45 43 
45 25 
45 38 
45 2 
45 48 
45 41 
45 56 
45 39 
45 37 
45 62 
45 3 
45 10 
45 26 
45 11 
45 0 
45 55 
45 21 
45 61 
45 51 
45 17 
45 27 
45 54 
46 15 
46 47 
46 40 
46 10 
46 66 
46 22 
46 7 
46 17 
46 28 
46 56 
46 62 
46 48 
46 6 
46 52 
46 43 
46 65 
46 34 
46 41 
46 16 
46 29 
46 8 
46 24 
46 11 
46 69 
46 21 
46 53 
46 57 
46 42 
46 35 
46 70 
46 38 
46 33 
46 39 
46 59 
46 61 
46 60 
46 49 
47 32 
47 62 
47 46 
47 68 
47 50 
47 34 
47 25 
47 28 
47 18 
47 41 
47 67 
47 0 
47 6 
47 58 
47 55 
47 35 
47 2 
47 44 
47 30 
47 49 
47 31 
47 69 
47 20 
47 16 
47 4 
47 11 
47 26 
47 24 
47 57 
47 5 
47 40 
47 23 
47 27 
47 10 
47 66 
48 21 
48 24 
48 41 
48 11 
48 36 
48 32 
48 8 
48 5 
48 51 
48 46 
48 20 
48 45 
48 4 
48 15 
48 54 
48 68 
48 57 
48 13 
48 42 
48 55 
48 66 
48 39 
48 61 
48 70 
48 10 
48 31 
48 59 
48 40 
48 35 
48 2 
48 63 
49 55 
49 62 
49 21 
49 57 
49 64 
49 4 
49 59 
49 14 
49 17 
49 18 
49 20 
49 63 
49 38 
49 60 
49 69 
49 42 
49 54 
49 56 
49 24 
49 31 
49 25 
49 11 
49 47 
49 26 
49 39 
49 68 
49 12 
49 29 
49 2 
49 66 
49 65 
49 15 
49 19 
49 13 
49 46 
49 16 
49 8 
50 34 
50 63 
50 8 
50 21 
50 43 
50 28 
50 1 
50 16 
50 47 
50 60 
50 33 
50 44 
50 61 
50 38 
50 7 
50 10 
50 69 
50 36 
50 23 
50 11 
50 66 
50 22 
50 32 
50 18 
50 20 
50 15 
50 68 
50 51 
50 59 
50 14 
50 29 
50 42 
50 27 
50 40 
50 9 
50 53 
50 65 
50 30 
50 13 
50 58 
50 52 
51 57 
51 60 
51 26 
51 22 
51 37 
51 59 
51 25 
51 67 
51 15 
51 11 
51 35 
51 2 
51 48 
51 30 
51 8 
51 32 
51 31 
51 34 
51 21 
51 69 
51 12 
51 50 
51 18 
51 52 
51 27 
51 64 
51 40 
51 17 
51 24 
51 19 
51 38 
51 7 
51 45 
51 20 
51 3 
52 58 
52 23 
52 66 
52 9 
52 12 
52 69 
52 22 
52 3 
52 62 
52 29 
52 35 
52 38 
52 46 
52 21 
52 61 
52 4 
52 28 
52 8 
52 60 
52 32 
52 5 
52 67 
52 53 
52 51 
52 30 
52 31 
52 65 
52 11 
52 64 
52 33 
52 26 
52 56 
52 57 
52 34 
52 27 
52 50 
52 41 
52 6 
53 68 
53 63 
53 24 
53 45 
53 3 
53 32 
53 57 
53 62 
53 9 
53 28 
53 55 
53 22 
53 5 
53 44 
53 37 
53 19 
53 40 
53 8 
53 59 
53 39 
53 16 
53 61 
53 17 
53 46 
53 6 
53 52 
53 60 
53 14 
53 66 
53 2 
53 27 
53 50 
53 58 
53 25 
53 41 
53 12 
53 64 
53 30 
53 0 
53 7 
54 43 
54 31 
54 42 
54 13 
54 59 
54 10 
54 20 
54 41 
54 30 
54 63 
54 56 
54 61 
54 15 
54 0 
54 48 
54 65 
54 49 
54 57 
54 14 
54 34 
54 8 
54 1 
54 2 
54 12 
54 19 
54 7 
54 70 
54 17 
54 3 
54 6 
54 45 
55 49 
55 3 
55 16 
55 9 
55 60 
55 61 
55 22 
55 41 
55 67 
55 70 
55 34 
55 30 
55 53 
55 65 
55 47 
55 31 
55 17 
55 32 
55 62 
55 64 
55 2 
55 56 
55 48 
55 28 
55 38 
55 11 
55 21 
55 45 
55 58 
55 25 
55 6 
56 41 
56 24 
56 10 
56 1 
56 36 
56 7 
56 34 
56 19 
56 54 
56 46 
56 32 
56 27 
56 21 
56 9 
56 49 
56 45 
56 16 
56 25 
56 55 
56 65 
56 5 
56 69 
56 64 
56 13 
56 52 
56 15 
56 58 
56 11 
56 3 
56 68 
56 38 
56 6 
57 51 
57 2 
57 49 
57 19 
57 28 
57 44 
57 53 
57 43 
57 42 
57 6 
57 15 
57 29 
57 54 
57 27 
57 48 
57 62 
57 46 
57 25 
57 9 
57 4 
57 58 
57 40 
57 16 
57 24 
57 14 
57 68 
57 8 
57 64 
57 47 
57 17 
57 5 
57 69 
57 52 
57 59 
57 33 
58 27 
58 52 
58 16 
58 66 
58 19 
58 43 
58 8 
58 11 
58 31 
58 22 
58 59 
58 47 
58 35 
58 44 
58 10 
58 7 
58 68 
58 1 
58 2 
58 6 
58 38 
58 30 
58 34 
58 18 
58 63 
58 41 
58 62 
58 57 
58 69 
58 5 
58 0 
58 39 
58 20 
58 53 
58 55 
58 24 
58 26 
58 32 
58 50 
58 56 
58 36 
58 42 
59 51 
59 26 
59 49 
59 62 
59 61 
59 17 
59 54 
59 41 
59 58 
59 27 
59 24 
59 31 
59 2 
59 37 
59 69 
59 43 
59 53 
59 50 
59 5 
59 40 
59 33 
59 21 
59 64 
59 28 
59 4 
59 23 
59 8 
59 11 
59 48 
59 46 
59 57 
59 16 
59 12 
59 0 
59 22 
59 70 
60 25 
60 51 
60 20 
60 35 
60 24 
60 18 
60 4 
60 50 
60 12 
60 8 
60 21 
60 67 
60 40 
60 55 
60 16 
60 42 
60 31 
60 26 
60 15 
60 32 
60 64 
60 68 
60 11 
60 33 
60 44 
60 6 
60 63 
60 61 
60 49 
60 52 
60 70 
60 29 
60 39 
60 53 
60 13 
60 65 
60 9 
60 30 
60 3 
60 19 
60 22 
60 38 
60 46 
61 5 
61 20 
61 16 
61 25 
61 29 
61 66 
61 50 
61 55 
61 42 
61 26 
61 59 
61 33 
61 17 
61 34 
61 67 
61 8 
61 23 
61 36 
61 19 
61 1 
61 41 
61 52 
61 54 
61 31 
61 21 
61 39 
61 60 
61 32 
61 28 
61 43 
61 9 
61 35 
61 53 
61 68 
61 44 
61 10 
61 48 
61 13 
61 62 
61 40 
61 14 
61 45 
61 18 
61 46 
61 27 
61 70 
61 37 
62 63 
62 47 
62 49 
62 28 
62 0 
62 23 
62 43 
62 30 
62 59 
62 9 
62 53 
62 52 
62 7 
62 46 
62 68 
62 66 
62 11 
62 69 
62 67 
62 44 
62 36 
62 34 
62 45 
62 57 
62 55 
62 58 
62 61 
62 41 
62 65 
62 15 
62 32 
62 13 
62 38 
62 24 
62 22 
63 30 
63 50 
63 62 
63 44 
63 13 
63 38 
63 29 
63 53 
63 6 
63 68 
63 43 
63 5 
63 66 
63 54 
63 19 
63 12 
63 49 
63 8 
63 65 
63 17 
63 32 
63 41 
63 60 
63 34 
63 39 
63 58 
63 9 
63 35 
63 23 
63 25 
63 64 
63 20 
63 69 
63 37 
63 48 
64 14 
64 30 
64 8 
64 22 
64 68 
64 13 
64 49 
64 36 
64 5 
64 60 
64 9 
64 19 
64 28 
64 67 
64 4 
64 43 
64 0 
64 21 
64 2 
64 12 
64 34 
64 59 
64 40 
64 55 
64 17 
64 51 
64 41 
64 52 
64 57 
64 1 
64 56 
64 63 
64 53 
64 3 
64 44 
65 45 
65 20 
65 55 
65 29 
65 27 
65 7 
65 63 
65 46 
65 30 
65 31 
65 54 
65 41 
65 6 
65 28 
65 13 
65 33 
65 56 
65 25 
65 60 
65 52 
65 36 
65 50 
65 32 
65 62 
65 70 
65 9 
65 4 
65 19 
65 42 
65 49 
65 11 
65 18 
66 14 
66 58 
66 52 
66 61 
66 70 
66 37 
66 46 
66 4 
66 25 
66 5 
66 63 
66 34 
66 50 
66 18 
66 62 
66 12 
66 13 
66 29 
66 26 
66 33 
66 42 
66 43 
66 48 
66 8 
66 32 
66 53 
66 27 
66 2 
66 1 
66 49 
66 11 
66 68 
66 47 
67 21 
67 60 
67 11 
67 42 
67 51 
67 2 
67 0 
67 23 
67 55 
67 61 
67 47 
67 41 
67 6 
67 34 
67 14 
67 9 
67 64 
67 7 
67 30 
67 12 
67 62 
67 26 
67 36 
67 39 
67 52 
67 35 
67 37 
67 15 
67 1 
67 32 
67 4 
68 32 
68 70 
68 47 
68 64 
68 53 
68 37 
68 44 
68 35 
68 63 
68 11 
68 24 
68 60 
68 0 
68 3 
68 31 
68 62 
68 12 
68 27 
68 5 
68 50 
68 43 
68 58 
68 48 
68 14 
68 40 
68 21 
68 2 
68 61 
68 28 
68 69 
68 20 
68 49 
68 57 
68 38 
68 8 
68 34 
68 19 
68 66 
68 56 
69 70 
69 41 
69 20 
69 13 
69 27 
69 21 
69 50 
69 52 
69 2 
69 35 
69 32 
69 10 
69 43 
69 12 
69 33 
69 62 
69 51 
69 59 
69 49 
69 29 
69 5 
69 44 
69 8 
69 34 
69 46 
69 15 
69 28 
69 68 
69 47 
69 58 
69 56 
69 38 
69 22 
69 7 
69 40 
69 1 
69 39 
69 57 
69 3 
69 63 
69 36 
70 34 
70 68 
70 69 
70 19 
70 66 
70 9 
70 35 
70 55 
70 3 
70 44 
70 13 
70 8 
70 22 
70 20 
70 36 
70 2 
70 1 
70 31 
70 60 
70 21 
70 29 
70 10 
70 46 
70 6 
70 48 
70 30 
70 65 
70 54 
70 14 
70 7 
70 40 
70 61 
70 59 
