0 50 22 84 62 27 35 88 6 46 86 91 56 
1 91 6 92 59 27 5 30 16 93 76 
2 3 40 90 47 35 14 48 11 38 79 46 93 72 30 22 
3 49 55 94 20 2 68 91 7 22 
4 25 75 36 80 5 43 89 21 92 29 
5 39 91 63 85 60 4 73 53 74 1 59 33 22 81 
6 77 1 42 75 20 34 36 0 86 
7 19 92 37 88 11 29 50 84 3 80 
8 45 88 40 38 44 46 24 37 58 
9 60 26 50 38 87 82 78 27 
10 31 36 37 14 32 64 42 45 
11 16 26 7 73 71 44 77 46 2 87 39 
12 72 58 60 48 74 61 85 95 91 
13 69 49 43 77 81 31 39 60 
14 73 51 63 16 71 76 90 10 2 92 67 23 43 56 68 
15 90 88 32 19 57 49 87 91 
16 22 61 11 72 35 88 74 64 48 14 76 56 1 21 85 78 
17 58 
18 27 68 48 33 31 
19 59 71 90 89 38 27 7 68 87 57 15 56 85 
20 3 35 28 95 6 34 48 
21 94 49 4 87 32 75 88 38 93 73 16 86 
22 86 16 34 33 0 68 35 61 62 79 85 77 5 49 3 2 
23 40 56 85 59 57 77 70 14 72 
24 47 67 82 8 58 
25 4 58 59 76 85 33 67 
26 60 11 45 52 55 88 9 27 65 56 
27 38 65 18 19 52 49 88 0 80 1 59 67 26 69 79 41 73 9 
28 77 73 20 62 69 61 83 81 
29 51 91 66 7 95 4 67 
30 93 1 44 87 40 42 2 
31 10 79 93 52 49 53 13 44 18 54 
32 77 43 50 93 52 76 15 21 10 61 91 45 
33 22 47 41 75 60 18 64 71 5 25 81 
34 22 6 20 77 
35 16 20 22 0 2 67 56 
36 10 74 40 4 45 54 60 81 37 6 89 48 
37 45 41 68 7 10 36 62 74 48 8 
38 27 19 8 9 21 2 80 
39 5 90 56 53 95 42 92 13 93 72 69 47 11 
40 36 23 8 2 30 82 87 95 
41 37 33 59 76 47 27 
42 48 73 39 6 10 64 30 57 
43 71 32 13 4 86 49 85 14 84 
44 84 73 8 11 30 94 60 80 31 83 
45 8 37 36 26 52 58 61 91 32 10 85 
46 63 8 0 11 2 77 90 
47 24 33 78 88 2 79 53 75 85 41 49 39 
48 18 49 42 53 86 12 67 16 66 2 65 36 37 20 
49 94 3 48 56 13 27 21 68 31 43 15 22 47 
50 0 32 7 9 59 
51 29 84 14 53 
52 76 54 27 26 45 70 31 74 32 
53 59 48 60 39 5 80 55 83 31 47 51 
54 52 36 66 86 31 
55 84 85 3 26 58 53 61 
56 49 94 39 71 23 89 16 65 19 35 57 26 0 61 14 
57 79 91 66 19 23 15 56 42 69 
58 62 12 25 17 55 45 94 24 8 
59 19 53 25 41 94 1 27 23 5 73 86 90 50 
60 91 12 26 53 5 9 36 33 13 44 80 
61 16 63 12 95 55 22 28 45 32 56 
62 58 79 73 0 28 90 22 37 91 
63 94 5 86 14 46 61 76 80 
64 16 33 72 92 10 42 67 
65 27 92 56 48 26 
66 75 77 29 67 54 92 48 57 80 72 95 
67 90 24 48 66 27 35 14 25 64 29 
68 18 37 22 3 49 19 80 14 
69 13 75 28 27 70 39 57 
70 75 52 81 23 78 69 
71 19 43 56 14 11 74 33 76 87 
72 80 12 16 88 95 64 93 39 66 2 85 23 
73 14 42 28 62 5 11 44 86 84 93 59 21 27 
74 36 80 16 12 52 5 71 37 
75 79 4 87 66 33 70 6 69 47 21 
76 52 94 14 16 32 63 41 25 71 1 
77 6 32 28 66 90 94 13 11 23 22 34 46 
78 47 83 87 70 9 16 
79 31 57 75 62 47 22 2 27 
80 72 74 4 53 27 68 66 44 63 60 84 38 7 
81 36 13 70 89 5 28 33 91 
82 9 95 24 40 94 
83 78 53 44 28 
84 55 89 44 93 51 0 73 7 80 43 
85 55 5 23 12 43 22 47 25 16 90 19 45 72 
86 22 48 63 43 73 59 6 0 54 21 
87 75 78 21 19 15 9 11 71 30 40 
88 16 8 7 15 26 47 27 72 0 21 
89 84 19 93 4 56 36 81 
90 67 39 19 15 2 77 14 62 85 59 46 
91 60 1 5 29 3 57 15 45 62 0 32 12 81 
92 65 7 66 1 4 39 14 64 
93 30 31 84 89 32 72 73 95 39 1 21 2 
94 49 63 76 56 3 21 59 77 58 44 82 
95 39 20 61 72 12 29 93 82 66 40 
