0 12 22 11 1 7 4 
1 9 24 6 0 14 8 15 3 16 18 
2 24 31 23 29 17 
3 16 15 1 28 25 8 23 21 
4 13 29 24 32 30 0 
5 15 14 24 32 28 11 
6 17 11 26 1 28 16 
7 19 14 31 0 27 21 17 22 16 
8 9 1 3 31 
9 8 1 11 14 19 23 
10 32 14 24 
11 0 29 6 20 9 24 19 23 5 28 
12 0 22 26 17 19 30 
13 4 14 
14 17 7 5 1 27 10 9 16 13 20 
15 5 21 3 22 1 30 
16 22 20 3 31 14 1 25 6 7 
17 27 14 6 12 25 2 22 7 29 
18 29 1 
19 7 9 11 31 12 22 
20 16 24 32 28 25 11 14 
21 27 15 31 7 3 
22 0 12 16 15 17 19 7 
23 2 9 11 3 
24 20 2 1 27 4 31 5 11 10 
25 20 30 17 16 3 27 
26 6 12 28 
27 17 21 24 14 7 31 25 
28 20 6 26 32 3 5 11 
29 4 11 31 2 18 17 
30 25 4 31 15 12 
31 2 29 7 24 16 27 21 30 19 8 
32 20 10 28 4 5 
