0 32 34 20 1 8 21 17 16 13 28 19 10 12 3 24 14 31 9 33 30 6 25 7 29 11 
1 0 21 22 18 29 16 13 25 10 17 7 5 23 26 6 12 
2 33 24 15 11 18 21 27 9 26 29 3 32 28 17 6 19 8 20 
3 24 31 34 26 25 20 30 7 4 35 0 2 19 23 21 9 15 18 
4 16 21 29 32 34 27 5 24 19 3 17 7 6 11 12 14 8 13 
5 33 10 29 32 13 4 9 8 15 1 19 26 34 27 14 
6 30 17 14 13 24 31 21 20 25 34 4 0 32 2 1 9 28 15 
7 22 8 16 19 13 24 28 3 1 10 27 4 12 0 31 
8 26 7 19 24 0 20 13 9 31 5 14 32 21 29 4 30 2 
9 11 31 35 16 27 32 23 22 8 5 15 2 0 28 3 33 6 20 
10 5 21 11 29 35 20 19 0 1 18 12 27 7 23 33 24 28 
11 33 9 23 10 2 35 15 16 31 24 4 26 17 25 30 19 0 
12 33 20 15 23 34 35 0 10 32 17 25 16 4 26 7 1 31 
13 22 7 6 0 8 1 5 31 25 24 21 19 15 34 4 
14 33 6 19 18 20 31 28 0 8 22 25 4 15 16 26 5 
15 34 12 27 26 21 28 32 2 25 18 35 9 24 29 11 30 5 14 3 13 6 20 
16 32 4 7 21 26 0 1 9 22 27 24 18 11 35 12 34 28 14 
17 6 19 32 35 27 0 1 24 12 25 4 2 20 31 11 26 21 
18 34 30 1 14 15 2 10 16 20 21 3 
19 8 7 27 17 33 32 10 14 0 4 26 20 3 5 13 23 2 11 
20 26 24 0 12 31 21 32 10 8 3 14 6 19 33 18 22 17 9 2 15 
21 35 4 16 1 10 20 27 24 15 0 33 2 6 8 13 3 30 31 23 18 29 17 
22 7 13 1 28 31 16 9 23 32 30 29 14 33 20 27 
23 11 12 27 9 22 33 30 10 3 1 29 21 19 28 34 
24 3 20 27 21 26 8 6 7 2 4 31 13 15 16 17 0 11 32 34 10 
25 3 33 15 13 1 6 17 14 12 29 0 28 11 26 
26 20 8 16 15 29 3 24 31 32 19 2 5 11 1 12 27 14 17 34 35 25 
27 29 31 15 24 19 21 28 17 23 9 4 35 16 2 10 7 26 5 22 
28 22 15 27 7 0 14 30 9 2 16 23 25 32 33 35 6 10 
29 27 4 5 10 26 1 35 22 15 2 8 25 23 33 34 21 0 31 
30 18 6 34 3 22 31 23 15 28 21 0 8 11 
31 9 3 20 27 34 26 22 6 13 30 8 14 24 11 0 21 17 7 29 12 
32 16 0 5 4 17 20 19 9 15 22 26 33 12 2 8 35 24 6 28 
33 11 14 5 12 19 2 21 25 23 32 35 20 0 22 9 29 10 28 34 
34 18 15 0 31 3 30 4 12 6 24 16 5 29 33 26 13 23 
35 21 17 10 9 29 27 12 15 3 11 33 16 32 28 26 
