0 24 
0 34 
0 19 
0 38 
0 1 
0 25 
0 3 
0 28 
0 43 
0 45 
0 4 
0 7 
0 5 
0 26 
0 31 
0 29 
1 29 
1 3 
1 0 
1 37 
1 15 
1 12 
2 40 
2 35 
2 5 
2 36 
2 23 
2 29 
2 34 
3 1 
3 18 
3 29 
3 0 
3 33 
3 39 
3 24 
3 28 
4 40 
4 7 
4 32 
4 22 
4 14 
4 29 
4 0 
4 34 
4 15 
5 19 
5 2 
5 30 
5 21 
5 6 
5 34 
5 31 
5 41 
5 27 
5 0 
5 46 
5 7 
5 33 
5 37 
6 17 
6 18 
6 5 
6 32 
6 40 
6 21 
6 30 
7 8 
7 4 
7 26 
7 27 
7 0 
7 37 
7 39 
7 5 
7 41 
7 38 
8 25 
8 7 
8 9 
8 17 
8 20 
8 30 
8 41 
8 34 
8 36 
9 38 
9 8 
9 39 
9 21 
9 36 
9 46 
9 16 
9 43 
9 23 
10 29 
10 44 
10 25 
10 18 
10 31 
10 23 
11 40 
11 43 
11 45 
11 33 
11 20 
11 39 
12 22 
12 41 
12 38 
12 36 
12 24 
12 34 
12 1 
13 32 
13 27 
13 28 
13 38 
13 43 
13 44 
14 39 
14 23 
14 38 
14 21 
14 4 
14 24 
14 36 
15 17 
15 29 
15 23 
15 1 
15 16 
15 46 
15 4 
15 20 
16 20 
16 19 
16 40 
16 44 
16 18 
16 25 
16 9 
16 31 
16 23 
16 22 
16 15 
16 43 
17 30 
17 6 
17 15 
17 34 
17 44 
17 26 
17 43 
17 8 
17 27 
17 28 
18 21 
18 3 
18 16 
18 6 
18 39 
18 37 
18 10 
19 16 
19 5 
19 0 
19 35 
19 21 
19 40 
19 43 
19 32 
19 27 
19 22 
20 16 
20 45 
20 35 
20 40 
20 8 
20 27 
20 39 
20 33 
20 11 
20 15 
21 18 
21 39 
21 9 
21 5 
21 44 
21 19 
21 14 
21 33 
21 6 
21 22 
21 38 
22 39 
22 12 
22 40 
22 44 
22 4 
22 33 
22 31 
22 16 
22 21 
22 28 
22 19 
23 26 
23 15 
23 14 
23 2 
23 33 
23 16 
23 32 
23 40 
23 9 
23 10 
24 25 
24 0 
24 26 
24 14 
24 12 
24 28 
24 3 
25 24 
25 8 
25 0 
25 33 
25 16 
25 32 
25 31 
25 39 
25 10 
26 23 
26 35 
26 7 
26 17 
26 24 
26 33 
26 0 
27 13 
27 42 
27 7 
27 34 
27 5 
27 20 
27 17 
27 19 
28 45 
28 13 
28 40 
28 38 
28 35 
28 0 
28 43 
28 29 
28 24 
28 44 
28 17 
28 33 
28 22 
28 3 
29 10 
29 1 
29 15 
29 3 
29 4 
29 2 
29 28 
29 46 
29 0 
29 39 
30 17 
30 5 
30 32 
30 8 
30 6 
30 34 
31 25 
31 5 
31 22 
31 39 
31 16 
31 0 
31 10 
32 13 
32 4 
32 30 
32 6 
32 25 
32 19 
32 23 
33 37 
33 36 
33 25 
33 22 
33 11 
33 3 
33 21 
33 26 
33 23 
33 46 
33 44 
33 5 
33 20 
33 28 
33 39 
34 0 
34 17 
34 5 
34 27 
34 38 
34 37 
34 46 
34 12 
34 4 
34 2 
34 30 
34 8 
35 42 
35 2 
35 26 
35 19 
35 20 
35 28 
35 45 
35 46 
36 33 
36 2 
36 9 
36 41 
36 39 
36 12 
36 14 
36 8 
36 45 
37 33 
37 41 
37 1 
37 39 
37 18 
37 34 
37 7 
37 40 
37 5 
38 9 
38 0 
38 28 
38 13 
38 14 
38 12 
38 34 
38 43 
38 21 
38 7 
39 22 
39 21 
39 9 
39 14 
39 36 
39 18 
39 31 
39 3 
39 37 
39 25 
39 7 
39 20 
39 11 
39 29 
39 33 
40 2 
40 11 
40 4 
40 22 
40 16 
40 28 
40 20 
40 19 
40 6 
40 45 
40 44 
40 42 
40 23 
40 37 
41 37 
41 12 
41 36 
41 5 
41 7 
41 8 
42 35 
42 27 
42 45 
42 40 
43 11 
43 46 
43 13 
43 44 
43 28 
43 0 
43 45 
43 17 
43 19 
43 38 
43 16 
43 9 
44 10 
44 22 
44 16 
44 21 
44 17 
44 43 
44 13 
44 28 
44 40 
44 33 
45 28 
45 20 
45 11 
45 40 
45 0 
45 35 
45 43 
45 42 
45 36 
46 43 
46 9 
46 34 
46 33 
46 5 
46 35 
46 29 
46 15 
