0 24 
0 9 
0 23 
0 34 
0 22 
0 49 
0 45 
0 35 
0 5 
0 39 
0 48 
0 31 
0 38 
1 19 
1 35 
1 21 
1 12 
1 22 
1 28 
1 26 
1 33 
1 24 
1 18 
1 23 
1 36 
1 14 
1 34 
1 31 
1 43 
1 41 
1 49 
1 32 
2 6 
2 15 
2 38 
2 41 
2 29 
2 31 
2 35 
2 20 
2 7 
2 22 
2 3 
3 5 
3 33 
3 11 
3 47 
3 45 
3 39 
3 19 
3 27 
3 6 
3 23 
3 46 
3 15 
3 21 
3 2 
4 5 
4 33 
4 47 
4 7 
4 35 
4 14 
4 16 
4 43 
4 13 
4 11 
4 48 
4 25 
5 4 
5 3 
5 20 
5 43 
5 25 
5 17 
5 14 
5 30 
5 6 
5 34 
5 35 
5 19 
5 0 
5 27 
5 49 
5 26 
5 29 
5 22 
5 12 
5 15 
6 25 
6 17 
6 2 
6 18 
6 50 
6 31 
6 36 
6 5 
6 16 
6 3 
6 47 
6 33 
6 21 
6 24 
6 45 
7 32 
7 47 
7 46 
7 27 
7 38 
7 48 
7 43 
7 4 
7 15 
7 41 
7 25 
7 34 
7 45 
7 28 
7 2 
7 19 
7 29 
7 39 
7 49 
8 19 
8 12 
8 45 
8 50 
8 31 
8 17 
8 35 
8 32 
8 21 
9 21 
9 29 
9 13 
9 30 
9 0 
9 17 
9 23 
9 48 
9 31 
9 45 
9 37 
9 18 
9 43 
10 44 
10 19 
10 17 
10 24 
10 18 
10 50 
10 48 
10 25 
10 13 
11 36 
11 46 
11 15 
11 3 
11 49 
11 35 
11 31 
11 14 
11 26 
11 21 
11 17 
11 4 
11 27 
11 39 
11 43 
12 17 
12 28 
12 22 
12 37 
12 45 
12 1 
12 31 
12 33 
12 8 
12 30 
12 13 
12 42 
12 19 
12 21 
12 44 
12 27 
12 34 
12 40 
12 24 
12 16 
12 49 
12 5 
13 47 
13 18 
13 9 
13 28 
13 17 
13 12 
13 4 
13 43 
13 24 
13 32 
13 49 
13 40 
13 10 
14 36 
14 5 
14 4 
14 22 
14 45 
14 15 
14 1 
14 34 
14 11 
14 20 
14 44 
14 49 
14 37 
14 32 
15 23 
15 17 
15 2 
15 45 
15 44 
15 11 
15 50 
15 7 
15 40 
15 14 
15 18 
15 3 
15 5 
16 24 
16 30 
16 6 
16 4 
16 32 
16 36 
16 21 
16 35 
16 47 
16 22 
16 12 
17 6 
17 40 
17 15 
17 12 
17 28 
17 5 
17 9 
17 34 
17 13 
17 20 
17 50 
17 10 
17 8 
17 11 
17 23 
17 48 
17 32 
18 41 
18 6 
18 40 
18 49 
18 13 
18 48 
18 28 
18 38 
18 21 
18 1 
18 15 
18 27 
18 10 
18 9 
18 50 
19 1 
19 8 
19 10 
19 39 
19 47 
19 49 
19 34 
19 31 
19 5 
19 3 
19 23 
19 45 
19 22 
19 12 
19 7 
19 44 
19 29 
19 37 
19 24 
20 35 
20 5 
20 45 
20 26 
20 25 
20 28 
20 37 
20 17 
20 34 
20 2 
20 42 
20 14 
20 48 
20 43 
21 48 
21 9 
21 26 
21 27 
21 1 
21 18 
21 33 
21 16 
21 39 
21 6 
21 12 
21 11 
21 38 
21 3 
21 8 
21 30 
22 26 
22 12 
22 45 
22 40 
22 1 
22 42 
22 0 
22 14 
22 32 
22 19 
22 16 
22 36 
22 2 
22 5 
23 15 
23 43 
23 41 
23 50 
23 0 
23 42 
23 34 
23 32 
23 9 
23 47 
23 19 
23 1 
23 30 
23 33 
23 3 
23 26 
23 17 
23 37 
24 16 
24 45 
24 39 
24 0 
24 29 
24 44 
24 27 
24 1 
24 40 
24 13 
24 28 
24 10 
24 41 
24 12 
24 6 
24 19 
24 31 
25 6 
25 20 
25 5 
25 37 
25 7 
25 47 
25 50 
25 48 
25 27 
25 36 
25 34 
25 10 
25 4 
26 35 
26 21 
26 22 
26 31 
26 20 
26 27 
26 41 
26 43 
26 33 
26 1 
26 11 
26 23 
26 5 
26 48 
27 42 
27 7 
27 21 
27 26 
27 46 
27 50 
27 24 
27 35 
27 3 
27 48 
27 41 
27 5 
27 18 
27 12 
27 25 
27 11 
27 49 
28 30 
28 44 
28 12 
28 17 
28 13 
28 35 
28 20 
28 1 
28 7 
28 18 
28 29 
28 39 
28 24 
28 38 
29 39 
29 9 
29 30 
29 24 
29 2 
29 28 
29 19 
29 7 
29 5 
29 33 
30 28 
30 36 
30 49 
30 9 
30 29 
30 5 
30 12 
30 16 
30 23 
30 46 
30 42 
30 21 
31 50 
31 36 
31 26 
31 40 
31 12 
31 6 
31 47 
31 2 
31 38 
31 19 
31 11 
31 32 
31 8 
31 9 
31 37 
31 0 
31 1 
31 49 
31 46 
31 24 
32 7 
32 49 
32 40 
32 47 
32 38 
32 39 
32 23 
32 16 
32 37 
32 31 
32 22 
32 41 
32 42 
32 13 
32 34 
32 8 
32 46 
32 17 
32 1 
32 50 
32 14 
33 42 
33 4 
33 3 
33 12 
33 40 
33 26 
33 1 
33 21 
33 23 
33 6 
33 35 
33 46 
33 29 
34 44 
34 50 
34 40 
34 35 
34 38 
34 17 
34 0 
34 5 
34 23 
34 7 
34 19 
34 20 
34 42 
34 14 
34 1 
34 12 
34 32 
34 25 
35 26 
35 20 
35 1 
35 47 
35 34 
35 4 
35 28 
35 5 
35 11 
35 27 
35 40 
35 50 
35 2 
35 0 
35 16 
35 48 
35 33 
35 8 
35 44 
35 45 
36 31 
36 41 
36 11 
36 30 
36 14 
36 45 
36 46 
36 6 
36 16 
36 1 
36 25 
36 22 
37 43 
37 38 
37 46 
37 12 
37 25 
37 20 
37 32 
37 31 
37 9 
37 14 
37 39 
37 23 
37 19 
38 42 
38 37 
38 7 
38 2 
38 34 
38 32 
38 31 
38 18 
38 21 
38 0 
38 28 
39 24 
39 29 
39 19 
39 50 
39 32 
39 3 
39 41 
39 0 
39 21 
39 28 
39 11 
39 7 
39 37 
40 17 
40 32 
40 18 
40 31 
40 34 
40 22 
40 50 
40 45 
40 33 
40 15 
40 35 
40 49 
40 24 
40 41 
40 12 
40 13 
41 18 
41 36 
41 23 
41 2 
41 7 
41 26 
41 39 
41 32 
41 27 
41 50 
41 40 
41 47 
41 24 
41 1 
42 33 
42 27 
42 48 
42 38 
42 22 
42 23 
42 45 
42 46 
42 34 
42 12 
42 32 
42 20 
42 43 
42 30 
42 50 
43 37 
43 23 
43 5 
43 7 
43 44 
43 26 
43 4 
43 13 
43 46 
43 42 
43 1 
43 11 
43 9 
43 20 
44 10 
44 34 
44 15 
44 28 
44 24 
44 43 
44 12 
44 46 
44 14 
44 35 
44 19 
44 50 
45 47 
45 24 
45 15 
45 20 
45 36 
45 22 
45 12 
45 3 
45 40 
45 42 
45 14 
45 8 
45 50 
45 7 
45 0 
45 19 
45 9 
45 35 
45 6 
46 7 
46 48 
46 11 
46 37 
46 36 
46 27 
46 42 
46 43 
46 3 
46 30 
46 44 
46 33 
46 32 
46 31 
47 13 
47 45 
47 7 
47 35 
47 32 
47 4 
47 3 
47 19 
47 31 
47 25 
47 23 
47 6 
47 48 
47 16 
47 41 
48 21 
48 42 
48 46 
48 7 
48 18 
48 9 
48 27 
48 0 
48 47 
48 25 
48 35 
48 20 
48 17 
48 10 
48 26 
48 4 
49 32 
49 50 
49 30 
49 18 
49 19 
49 11 
49 0 
49 40 
49 5 
49 14 
49 31 
49 13 
49 27 
49 1 
49 12 
49 7 
50 31 
50 34 
50 49 
50 6 
50 15 
50 23 
50 27 
50 40 
50 39 
50 45 
50 8 
50 25 
50 35 
50 17 
50 41 
50 10 
50 44 
50 18 
50 42 
50 32 
