0 12 
0 39 
0 9 
0 46 
0 2 
0 57 
0 3 
0 48 
0 15 
0 52 
0 16 
0 11 
0 8 
0 22 
0 56 
0 38 
0 44 
0 25 
0 36 
0 35 
0 51 
0 5 
0 14 
0 47 
0 55 
0 18 
0 4 
0 32 
0 29 
1 52 
1 14 
1 15 
1 26 
1 23 
1 51 
1 20 
1 2 
1 49 
1 5 
1 9 
1 16 
1 47 
1 54 
1 19 
1 36 
1 34 
1 18 
1 38 
1 32 
1 31 
1 7 
1 56 
1 6 
1 57 
1 22 
1 40 
1 35 
2 17 
2 21 
2 9 
2 0 
2 4 
2 48 
2 15 
2 18 
2 37 
2 55 
2 35 
2 12 
2 53 
2 44 
2 11 
2 39 
2 6 
2 14 
2 16 
2 1 
2 51 
2 31 
2 38 
2 22 
2 7 
2 36 
2 46 
2 28 
2 50 
2 8 
2 33 
3 29 
3 26 
3 43 
3 41 
3 32 
3 12 
3 0 
3 9 
3 55 
3 7 
3 5 
3 57 
3 28 
3 14 
3 17 
3 20 
3 27 
3 23 
3 16 
3 52 
3 24 
3 8 
3 13 
3 22 
3 48 
3 47 
3 45 
4 21 
4 51 
4 43 
4 2 
4 9 
4 38 
4 29 
4 48 
4 32 
4 24 
4 57 
4 47 
4 44 
4 10 
4 17 
4 54 
4 19 
4 34 
4 55 
4 15 
4 6 
4 42 
4 0 
4 14 
4 45 
4 5 
4 39 
4 49 
5 9 
5 47 
5 33 
5 57 
5 26 
5 40 
5 46 
5 53 
5 35 
5 29 
5 50 
5 16 
5 41 
5 3 
5 49 
5 42 
5 21 
5 1 
5 25 
5 13 
5 14 
5 36 
5 45 
5 0 
5 6 
5 17 
5 4 
6 35 
6 27 
6 18 
6 21 
6 8 
6 54 
6 13 
6 23 
6 14 
6 25 
6 38 
6 2 
6 15 
6 7 
6 22 
6 40 
6 46 
6 31 
6 57 
6 26 
6 4 
6 5 
6 1 
6 30 
6 20 
6 9 
6 37 
7 25 
7 40 
7 18 
7 41 
7 26 
7 10 
7 45 
7 53 
7 3 
7 14 
7 33 
7 24 
7 32 
7 16 
7 51 
7 12 
7 6 
7 23 
7 2 
7 22 
7 52 
7 11 
7 1 
7 43 
7 46 
7 34 
7 8 
8 12 
8 49 
8 23 
8 18 
8 6 
8 13 
8 19 
8 46 
8 41 
8 22 
8 0 
8 37 
8 26 
8 53 
8 11 
8 24 
8 27 
8 14 
8 21 
8 50 
8 34 
8 29 
8 32 
8 35 
8 3 
8 51 
8 2 
8 54 
8 7 
9 20 
9 5 
9 2 
9 22 
9 13 
9 0 
9 42 
9 18 
9 4 
9 3 
9 39 
9 28 
9 40 
9 53 
9 49 
9 29 
9 14 
9 12 
9 1 
9 21 
9 37 
9 33 
9 17 
9 31 
9 10 
9 15 
9 38 
9 6 
10 31 
10 44 
10 7 
10 39 
10 52 
10 13 
10 41 
10 20 
10 47 
10 30 
10 23 
10 4 
10 28 
10 57 
10 45 
10 42 
10 9 
10 50 
10 49 
10 15 
10 16 
10 51 
10 34 
10 22 
11 17 
11 30 
11 21 
11 50 
11 0 
11 34 
11 2 
11 18 
11 36 
11 51 
11 39 
11 54 
11 8 
11 19 
11 28 
11 23 
11 40 
11 7 
11 38 
11 26 
11 22 
11 45 
11 24 
12 23 
12 0 
12 8 
12 41 
12 30 
12 3 
12 37 
12 26 
12 39 
12 2 
12 13 
12 50 
12 53 
12 9 
12 7 
12 22 
12 40 
12 27 
12 38 
12 52 
12 15 
12 51 
12 31 
12 47 
12 55 
12 42 
12 16 
12 46 
12 48 
12 20 
13 52 
13 22 
13 9 
13 35 
13 32 
13 8 
13 30 
13 41 
13 27 
13 6 
13 10 
13 40 
13 50 
13 29 
13 12 
13 43 
13 45 
13 5 
13 46 
13 26 
13 51 
13 17 
13 44 
13 31 
13 47 
13 21 
13 23 
13 48 
13 3 
13 56 
13 24 
13 15 
13 53 
13 36 
14 23 
14 32 
14 16 
14 1 
14 25 
14 40 
14 7 
14 6 
14 37 
14 9 
14 3 
14 2 
14 19 
14 53 
14 5 
14 51 
14 20 
14 33 
14 8 
14 31 
14 36 
14 28 
14 0 
14 54 
14 39 
14 22 
14 4 
14 42 
15 21 
15 55 
15 1 
15 37 
15 2 
15 29 
15 0 
15 36 
15 17 
15 6 
15 20 
15 40 
15 18 
15 49 
15 12 
15 33 
15 50 
15 44 
15 9 
15 4 
15 10 
15 46 
15 42 
15 26 
15 13 
15 35 
15 23 
15 22 
15 41 
15 45 
15 25 
16 25 
16 40 
16 14 
16 37 
16 53 
16 49 
16 0 
16 5 
16 26 
16 44 
16 30 
16 24 
16 2 
16 57 
16 7 
16 50 
16 1 
16 52 
16 17 
16 22 
16 23 
16 3 
16 19 
16 36 
16 12 
16 10 
16 21 
16 56 
16 31 
16 29 
16 43 
16 47 
17 2 
17 43 
17 44 
17 50 
17 27 
17 11 
17 45 
17 38 
17 47 
17 31 
17 15 
17 18 
17 51 
17 3 
17 16 
17 28 
17 4 
17 32 
17 13 
17 39 
17 9 
17 26 
17 34 
17 57 
17 41 
17 55 
17 5 
17 23 
18 6 
18 7 
18 37 
18 9 
18 31 
18 24 
18 8 
18 57 
18 2 
18 53 
18 45 
18 33 
18 48 
18 11 
18 17 
18 22 
18 39 
18 21 
18 30 
18 26 
18 40 
18 42 
18 15 
18 47 
18 1 
18 52 
18 0 
18 29 
18 36 
18 56 
18 51 
18 41 
18 43 
19 35 
19 49 
19 22 
19 34 
19 31 
19 28 
19 42 
19 8 
19 55 
19 37 
19 23 
19 56 
19 57 
19 14 
19 33 
19 30 
19 1 
19 11 
19 38 
19 4 
19 54 
19 46 
19 20 
19 16 
19 50 
20 9 
20 56 
20 29 
20 47 
20 41 
20 31 
20 34 
20 1 
20 43 
20 10 
20 23 
20 15 
20 14 
20 3 
20 39 
20 19 
20 55 
20 38 
20 21 
20 45 
20 57 
20 6 
20 33 
20 25 
20 12 
20 53 
21 15 
21 52 
21 2 
21 4 
21 6 
21 53 
21 33 
21 31 
21 30 
21 44 
21 11 
21 29 
21 5 
21 24 
21 55 
21 56 
21 9 
21 18 
21 8 
21 28 
21 13 
21 45 
21 46 
21 20 
21 25 
21 16 
21 39 
21 38 
21 40 
21 35 
21 49 
21 34 
22 13 
22 9 
22 19 
22 24 
22 53 
22 48 
22 31 
22 42 
22 8 
22 0 
22 18 
22 6 
22 12 
22 16 
22 36 
22 25 
22 2 
22 7 
22 23 
22 52 
22 14 
22 11 
22 38 
22 3 
22 1 
22 15 
22 44 
22 43 
22 37 
22 10 
23 12 
23 14 
23 30 
23 32 
23 50 
23 8 
23 1 
23 52 
23 6 
23 36 
23 48 
23 19 
23 20 
23 47 
23 44 
23 51 
23 43 
23 10 
23 56 
23 24 
23 7 
23 3 
23 31 
23 26 
23 11 
23 57 
23 16 
23 49 
23 13 
23 22 
23 25 
23 53 
23 15 
23 40 
23 17 
23 45 
24 42 
24 22 
24 18 
24 38 
24 34 
24 48 
24 30 
24 31 
24 57 
24 27 
24 7 
24 54 
24 16 
24 4 
24 21 
24 29 
24 8 
24 55 
24 23 
24 49 
24 53 
24 28 
24 25 
24 41 
24 3 
24 39 
24 13 
24 11 
25 16 
25 45 
25 33 
25 7 
25 14 
25 34 
25 31 
25 38 
25 6 
25 57 
25 5 
25 36 
25 27 
25 42 
25 35 
25 0 
25 22 
25 53 
25 44 
25 54 
25 24 
25 21 
25 23 
25 29 
25 30 
25 20 
25 15 
26 3 
26 34 
26 48 
26 5 
26 39 
26 55 
26 7 
26 52 
26 1 
26 31 
26 12 
26 30 
26 16 
26 50 
26 51 
26 8 
26 13 
26 18 
26 45 
26 38 
26 23 
26 40 
26 46 
26 53 
26 35 
26 17 
26 56 
26 6 
26 11 
26 15 
27 6 
27 41 
27 17 
27 35 
27 13 
27 39 
27 24 
27 44 
27 25 
27 46 
27 8 
27 3 
27 52 
27 40 
27 30 
27 12 
27 45 
27 50 
27 51 
27 56 
27 38 
28 19 
28 56 
28 9 
28 45 
28 3 
28 33 
28 34 
28 17 
28 52 
28 37 
28 10 
28 11 
28 21 
28 41 
28 29 
28 14 
28 24 
28 42 
28 49 
28 44 
28 40 
28 51 
28 2 
28 30 
28 47 
29 3 
29 20 
29 32 
29 36 
29 33 
29 38 
29 47 
29 35 
29 4 
29 15 
29 54 
29 5 
29 13 
29 21 
29 9 
29 24 
29 55 
29 31 
29 34 
29 46 
29 28 
29 8 
29 52 
29 56 
29 49 
29 18 
29 30 
29 25 
29 0 
29 16 
30 23 
30 54 
30 32 
30 12 
30 57 
30 56 
30 48 
30 42 
30 13 
30 11 
30 53 
30 26 
30 37 
30 41 
30 24 
30 21 
30 16 
30 10 
30 19 
30 18 
30 27 
30 31 
30 38 
30 34 
30 6 
30 29 
30 51 
30 25 
30 47 
30 28 
30 45 
30 36 
30 43 
31 10 
31 18 
31 52 
31 26 
31 38 
31 19 
31 20 
31 22 
31 55 
31 25 
31 21 
31 34 
31 33 
31 24 
31 50 
31 17 
31 2 
31 32 
31 51 
31 57 
31 23 
31 29 
31 14 
31 13 
31 12 
31 30 
31 37 
31 9 
31 6 
31 1 
31 53 
31 40 
31 16 
31 41 
32 54 
32 14 
32 23 
32 30 
32 29 
32 3 
32 13 
32 43 
32 33 
32 4 
32 7 
32 45 
32 40 
32 31 
32 42 
32 41 
32 17 
32 57 
32 38 
32 56 
32 47 
32 49 
32 1 
32 8 
32 0 
32 35 
33 25 
33 5 
33 53 
33 29 
33 51 
33 45 
33 34 
33 55 
33 21 
33 7 
33 32 
33 18 
33 31 
33 42 
33 28 
33 19 
33 54 
33 14 
33 38 
33 43 
33 41 
33 9 
33 15 
33 44 
33 37 
33 56 
33 52 
33 20 
33 57 
33 2 
33 47 
34 35 
34 50 
34 26 
34 19 
34 20 
34 41 
34 33 
34 24 
34 25 
34 55 
34 31 
34 11 
34 57 
34 28 
34 53 
34 54 
34 37 
34 56 
34 52 
34 46 
34 8 
34 1 
34 36 
34 39 
34 29 
34 45 
34 49 
34 17 
34 4 
34 30 
34 10 
34 7 
34 21 
35 6 
35 34 
35 19 
35 53 
35 40 
35 45 
35 13 
35 27 
35 29 
35 46 
35 52 
35 5 
35 2 
35 49 
35 39 
35 56 
35 25 
35 0 
35 43 
35 44 
35 26 
35 8 
35 41 
35 32 
35 15 
35 21 
35 1 
36 29 
36 57 
36 52 
36 23 
36 15 
36 11 
36 25 
36 5 
36 1 
36 34 
36 22 
36 0 
36 14 
36 38 
36 55 
36 46 
36 2 
36 16 
36 45 
36 18 
36 30 
36 49 
36 13 
37 49 
37 52 
37 18 
37 12 
37 16 
37 15 
37 2 
37 30 
37 14 
37 19 
37 53 
37 54 
37 8 
37 28 
37 34 
37 9 
37 56 
37 42 
37 41 
37 31 
37 44 
37 33 
37 38 
37 45 
37 6 
37 22 
38 53 
38 39 
38 49 
38 44 
38 31 
38 4 
38 29 
38 24 
38 46 
38 17 
38 25 
38 6 
38 43 
38 0 
38 33 
38 19 
38 2 
38 26 
38 47 
38 12 
38 32 
38 36 
38 1 
38 20 
38 30 
38 11 
38 22 
38 9 
38 42 
38 41 
38 21 
38 27 
38 57 
38 37 
39 56 
39 0 
39 38 
39 26 
39 10 
39 27 
39 40 
39 9 
39 44 
39 12 
39 57 
39 2 
39 35 
39 18 
39 11 
39 47 
39 20 
39 45 
39 42 
39 43 
39 34 
39 17 
39 14 
39 24 
39 21 
39 48 
39 54 
39 41 
39 4 
40 16 
40 7 
40 35 
40 5 
40 47 
40 46 
40 14 
40 13 
40 39 
40 9 
40 43 
40 54 
40 41 
40 32 
40 15 
40 18 
40 12 
40 27 
40 26 
40 11 
40 6 
40 28 
40 1 
40 31 
40 23 
40 21 
40 56 
41 3 
41 27 
41 48 
41 12 
41 7 
41 20 
41 13 
41 34 
41 30 
41 8 
41 5 
41 10 
41 40 
41 57 
41 54 
41 46 
41 32 
41 50 
41 51 
41 33 
41 44 
41 28 
41 37 
41 24 
41 47 
41 35 
41 17 
41 38 
41 15 
41 39 
41 31 
41 18 
42 24 
42 44 
42 9 
42 30 
42 47 
42 22 
42 54 
42 19 
42 43 
42 33 
42 5 
42 32 
42 25 
42 52 
42 18 
42 39 
42 56 
42 37 
42 28 
42 12 
42 10 
42 4 
42 45 
42 38 
42 15 
42 14 
42 51 
42 53 
43 3 
43 17 
43 4 
43 54 
43 56 
43 32 
43 20 
43 42 
43 44 
43 40 
43 13 
43 55 
43 49 
43 23 
43 38 
43 47 
43 33 
43 39 
43 35 
43 48 
43 7 
43 22 
43 18 
43 16 
43 30 
44 17 
44 10 
44 38 
44 42 
44 57 
44 53 
44 39 
44 43 
44 21 
44 16 
44 2 
44 23 
44 45 
44 4 
44 27 
44 54 
44 0 
44 13 
44 41 
44 35 
44 33 
44 25 
44 28 
44 37 
44 15 
44 48 
44 49 
44 22 
45 25 
45 55 
45 35 
45 33 
45 7 
45 17 
45 18 
45 49 
45 28 
45 32 
45 13 
45 54 
45 44 
45 39 
45 26 
45 48 
45 34 
45 5 
45 10 
45 21 
45 42 
45 20 
45 27 
45 36 
45 4 
45 11 
45 57 
45 30 
45 15 
45 3 
45 37 
45 23 
46 0 
46 5 
46 40 
46 50 
46 35 
46 38 
46 8 
46 13 
46 49 
46 41 
46 27 
46 47 
46 54 
46 34 
46 29 
46 19 
46 6 
46 26 
46 36 
46 21 
46 2 
46 15 
46 7 
46 57 
46 12 
47 5 
47 20 
47 42 
47 52 
47 40 
47 29 
47 57 
47 48 
47 10 
47 17 
47 23 
47 54 
47 51 
47 4 
47 43 
47 39 
47 1 
47 46 
47 49 
47 38 
47 18 
47 13 
47 32 
47 56 
47 12 
47 55 
47 0 
47 41 
47 30 
47 28 
47 3 
47 16 
47 33 
48 41 
48 26 
48 30 
48 22 
48 2 
48 0 
48 24 
48 47 
48 4 
48 23 
48 18 
48 53 
48 50 
48 45 
48 43 
48 13 
48 44 
48 3 
48 39 
48 12 
48 52 
48 57 
49 8 
49 37 
49 19 
49 38 
49 16 
49 9 
49 35 
49 45 
49 1 
49 5 
49 43 
49 46 
49 47 
49 24 
49 15 
49 23 
49 34 
49 32 
49 28 
49 29 
49 10 
49 44 
49 21 
49 36 
49 4 
50 34 
50 23 
50 17 
50 57 
50 46 
50 56 
50 5 
50 13 
50 11 
50 26 
50 12 
50 31 
50 16 
50 41 
50 8 
50 48 
50 51 
50 15 
50 10 
50 27 
50 19 
50 2 
50 54 
51 4 
51 52 
51 33 
51 1 
51 26 
51 2 
51 11 
51 17 
51 47 
51 23 
51 14 
51 7 
51 31 
51 13 
51 54 
51 41 
51 0 
51 12 
51 50 
51 28 
51 8 
51 30 
51 27 
51 10 
51 18 
51 56 
51 42 
52 21 
52 13 
52 1 
52 37 
52 51 
52 26 
52 31 
52 23 
52 10 
52 47 
52 36 
52 35 
52 0 
52 55 
52 16 
52 28 
52 42 
52 27 
52 34 
52 12 
52 7 
52 18 
52 54 
52 22 
52 29 
52 56 
52 3 
52 33 
52 48 
53 35 
53 38 
53 33 
53 56 
53 22 
53 44 
53 21 
53 5 
53 7 
53 30 
53 18 
53 16 
53 2 
53 9 
53 37 
53 12 
53 14 
53 8 
53 34 
53 48 
53 54 
53 26 
53 24 
53 25 
53 31 
53 23 
53 13 
53 42 
53 20 
54 32 
54 30 
54 43 
54 6 
54 57 
54 55 
54 42 
54 29 
54 37 
54 24 
54 40 
54 47 
54 41 
54 45 
54 33 
54 11 
54 1 
54 34 
54 4 
54 44 
54 51 
54 46 
54 53 
54 19 
54 25 
54 14 
54 52 
54 50 
54 39 
54 56 
54 8 
55 45 
55 15 
55 26 
55 54 
55 56 
55 3 
55 31 
55 2 
55 33 
55 34 
55 52 
55 19 
55 43 
55 21 
55 24 
55 29 
55 12 
55 47 
55 36 
55 20 
55 4 
55 0 
55 57 
55 17 
56 39 
56 20 
56 53 
56 30 
56 43 
56 55 
56 50 
56 28 
56 19 
56 0 
56 23 
56 35 
56 21 
56 34 
56 42 
56 37 
56 32 
56 47 
56 26 
56 29 
56 52 
56 1 
56 13 
56 33 
56 16 
56 27 
56 18 
56 54 
56 51 
56 40 
57 5 
57 36 
57 30 
57 50 
57 44 
57 54 
57 0 
57 18 
57 47 
57 39 
57 24 
57 3 
57 25 
57 41 
57 19 
57 16 
57 34 
57 4 
57 10 
57 31 
57 23 
57 32 
57 6 
57 55 
57 1 
57 20 
57 17 
57 46 
57 45 
57 38 
57 33 
57 48 
