0 35 
0 45 
0 31 
0 60 
0 3 
0 36 
0 13 
1 52 
1 41 
1 51 
1 13 
1 28 
1 27 
1 16 
2 62 
2 56 
2 5 
2 27 
2 37 
3 45 
3 13 
3 0 
3 14 
3 7 
3 51 
4 15 
4 46 
4 34 
4 43 
4 55 
5 52 
5 32 
5 44 
5 14 
5 2 
5 39 
5 53 
5 21 
6 36 
6 51 
6 50 
6 22 
6 47 
7 40 
7 18 
7 21 
7 3 
7 56 
8 41 
8 22 
8 12 
8 61 
8 34 
8 38 
8 13 
9 12 
9 28 
9 45 
10 33 
10 52 
10 11 
11 50 
11 16 
11 15 
11 10 
11 33 
11 54 
12 9 
12 8 
12 40 
12 14 
12 50 
12 45 
13 46 
13 1 
13 3 
13 8 
13 37 
13 56 
13 0 
14 32 
14 12 
14 52 
14 46 
14 26 
14 5 
14 55 
14 50 
14 3 
14 18 
14 23 
14 62 
14 35 
14 25 
15 53 
15 4 
15 28 
15 11 
15 49 
15 51 
15 45 
16 11 
16 61 
16 52 
16 62 
16 1 
17 56 
17 45 
17 20 
17 55 
17 18 
18 24 
18 61 
18 57 
18 19 
18 17 
18 7 
18 20 
18 55 
18 14 
19 43 
19 44 
19 38 
19 18 
19 27 
19 48 
20 59 
20 41 
20 17 
20 61 
20 18 
20 23 
21 34 
21 37 
21 45 
21 7 
21 5 
22 41 
22 37 
22 8 
22 43 
22 6 
22 55 
22 57 
23 25 
23 49 
23 48 
23 43 
23 35 
23 62 
23 31 
23 47 
23 20 
23 14 
24 18 
24 34 
24 43 
24 59 
25 23 
25 28 
25 50 
25 14 
26 55 
26 14 
26 61 
26 54 
27 43 
27 55 
27 56 
27 19 
27 29 
27 2 
27 53 
27 57 
27 1 
28 46 
28 50 
28 9 
28 15 
28 41 
28 1 
28 25 
28 55 
29 46 
29 37 
29 53 
29 27 
30 35 
30 50 
31 37 
31 23 
31 0 
31 44 
32 50 
32 56 
32 14 
32 38 
32 61 
32 5 
33 10 
33 43 
33 41 
33 11 
34 56 
34 49 
34 21 
34 24 
34 54 
34 8 
34 4 
34 35 
35 37 
35 53 
35 30 
35 23 
35 0 
35 56 
35 34 
35 14 
36 52 
36 6 
36 0 
37 35 
37 22 
37 49 
37 29 
37 53 
37 31 
37 21 
37 13 
37 50 
37 2 
38 19 
38 32 
38 8 
38 62 
38 49 
38 55 
39 43 
39 5 
40 41 
40 7 
40 60 
40 12 
41 56 
41 22 
41 8 
41 40 
41 20 
41 1 
41 33 
41 28 
41 53 
43 39 
43 19 
43 27 
43 22 
43 23 
43 33 
43 24 
43 60 
43 4 
44 48 
44 19 
44 31 
44 5 
45 46 
45 17 
45 0 
45 21 
45 3 
45 12 
45 53 
45 15 
45 9 
46 28 
46 4 
46 45 
46 29 
46 13 
46 14 
46 54 
46 51 
47 53 
47 57 
47 23 
47 50 
47 6 
48 44 
48 23 
48 19 
48 62 
49 37 
49 34 
49 23 
49 15 
49 38 
50 11 
50 32 
50 28 
50 57 
50 6 
50 60 
50 12 
50 47 
50 30 
50 25 
50 14 
50 37 
50 52 
51 6 
51 1 
51 15 
51 3 
51 46 
52 36 
52 1 
52 5 
52 58 
52 10 
52 16 
52 14 
52 57 
52 50 
53 15 
53 37 
53 35 
53 29 
53 47 
53 41 
53 45 
53 27 
53 5 
54 34 
54 46 
54 11 
54 26 
55 57 
55 27 
55 26 
55 17 
55 22 
55 56 
55 14 
55 18 
55 28 
55 38 
55 4 
56 41 
56 34 
56 32 
56 60 
56 17 
56 27 
56 61 
56 35 
56 55 
56 2 
56 7 
56 13 
57 55 
57 50 
57 18 
57 47 
57 52 
57 27 
57 22 
58 52 
59 20 
59 62 
59 24 
60 56 
60 40 
60 50 
60 0 
60 43 
61 18 
61 16 
61 56 
61 32 
61 26 
61 8 
61 20 
62 59 
62 23 
62 2 
62 48 
62 38 
62 16 
62 14 
