0 64 12 
1 33 36 24 47 40 
2 7 38 25 19 6 28 4 17 
3 49 62 13 29 39 
4 38 19 2 43 
5 42 32 58 35 9 64 
6 63 35 54 48 2 23 34 
7 2 46 49 
8 18 64 42 40 38 
9 36 22 48 14 26 40 33 5 17 
10 56 20 34 23 32 
11 62 56 41 22 16 61 
12 19 32 25 36 44 34 0 
13 21 17 20 34 47 3 31 
14 33 9 40 64 59 26 
15 16 52 34 54 21 64 
16 15 33 30 35 49 11 24 
17 48 45 34 13 53 9 2 
18 8 33 20 23 59 42 52 24 
19 63 22 12 2 58 34 4 30 54 
20 48 47 62 18 13 10 51 52 
21 55 25 13 15 38 36 
22 54 28 19 9 11 31 39 55 
23 18 46 6 10 29 
24 52 46 30 45 1 31 34 16 18 
25 21 12 32 2 
26 48 34 9 62 42 37 63 14 
27 31 61 28 
28 54 22 51 46 55 56 2 47 50 27 
29 56 58 3 23 
30 56 16 24 19 64 
31 27 49 22 24 39 56 13 
32 5 12 25 10 62 
33 58 18 36 1 14 16 9 39 50 45 
34 26 60 15 17 40 13 19 10 24 12 6 43 46 50 
35 6 61 5 52 16 53 46 
36 9 63 33 51 49 1 12 21 
37 58 26 
38 48 2 43 56 60 4 21 8 
39 44 33 22 41 31 3 
40 8 14 45 34 9 42 1 
41 11 51 48 39 
42 5 8 58 40 26 63 51 18 56 
43 38 62 49 4 34 
44 45 39 54 58 12 
45 44 17 58 40 24 33 64 
46 24 7 28 23 62 35 34 
47 20 13 60 28 1 
48 26 61 17 20 9 38 6 41 
49 36 3 31 7 16 56 43 
50 55 33 28 34 
51 56 55 28 36 62 41 61 42 20 
52 24 15 54 35 18 64 20 
53 61 17 35 
54 22 28 15 52 6 44 19 
55 21 50 51 28 22 
56 51 30 11 10 64 38 29 42 49 28 31 
57 63 
58 33 62 42 5 45 37 29 19 44 
59 61 18 14 
60 34 38 47 
61 48 59 27 53 35 51 11 
62 11 58 20 51 3 26 46 43 32 
63 36 19 6 42 57 26 
64 8 0 56 14 45 5 30 52 15 
