0 63 
0 13 
0 25 
0 10 
0 43 
0 1 
0 67 
0 21 
0 12 
0 59 
0 57 
0 39 
0 49 
0 73 
0 16 
0 52 
0 66 
0 53 
0 3 
0 55 
0 30 
0 68 
0 70 
0 24 
0 7 
0 9 
0 46 
0 45 
0 32 
0 15 
0 29 
0 72 
0 19 
0 22 
0 11 
0 28 
0 41 
0 62 
0 64 
0 23 
0 58 
0 50 
0 35 
0 2 
0 34 
0 38 
0 54 
0 60 
0 14 
0 20 
0 27 
0 47 
0 42 
0 71 
0 36 
0 51 
0 18 
0 5 
0 48 
0 4 
1 12 
1 38 
1 8 
1 54 
1 0 
1 53 
1 24 
1 30 
1 10 
1 67 
1 50 
1 22 
1 68 
1 16 
1 65 
1 66 
1 71 
1 9 
1 7 
1 40 
1 49 
1 61 
1 47 
1 62 
1 18 
1 32 
1 11 
1 57 
1 55 
1 21 
1 59 
1 19 
1 33 
1 73 
1 43 
1 26 
1 2 
1 25 
1 48 
1 13 
1 14 
1 37 
1 70 
1 34 
1 51 
1 15 
1 36 
1 20 
1 6 
1 45 
1 44 
1 63 
1 28 
1 41 
1 29 
1 17 
1 58 
1 46 
1 52 
1 60 
1 4 
2 60 
2 67 
2 51 
2 42 
2 34 
2 45 
2 24 
2 31 
2 41 
2 33 
2 36 
2 59 
2 25 
2 37 
2 65 
2 26 
2 4 
2 27 
2 70 
2 71 
2 23 
2 58 
2 62 
2 32 
2 73 
2 56 
2 35 
2 50 
2 10 
2 57 
2 63 
2 11 
2 30 
2 17 
2 19 
2 44 
2 28 
2 18 
2 12 
2 1 
2 7 
2 72 
2 54 
2 52 
2 69 
2 21 
2 0 
2 38 
2 47 
2 5 
2 29 
2 6 
2 55 
2 9 
2 66 
2 3 
2 68 
2 64 
2 48 
2 8 
2 39 
2 16 
2 43 
3 9 
3 49 
3 70 
3 16 
3 56 
3 46 
3 42 
3 5 
3 64 
3 55 
3 59 
3 24 
3 63 
3 51 
3 4 
3 0 
3 60 
3 28 
3 39 
3 66 
3 8 
3 32 
3 29 
3 20 
3 15 
3 18 
3 17 
3 68 
3 31 
3 44 
3 35 
3 19 
3 30 
3 26 
3 73 
3 47 
3 38 
3 45 
3 72 
3 14 
3 12 
3 53 
3 23 
3 13 
3 27 
3 37 
3 58 
3 33 
3 7 
3 48 
3 71 
3 62 
3 2 
3 43 
3 52 
3 25 
3 50 
3 41 
3 34 
3 36 
4 68 
4 73 
4 35 
4 65 
4 57 
4 8 
4 59 
4 49 
4 53 
4 66 
4 64 
4 37 
4 51 
4 56 
4 6 
4 12 
4 61 
4 3 
4 32 
4 47 
4 71 
4 2 
4 34 
4 11 
4 31 
4 38 
4 40 
4 52 
4 45 
4 14 
4 17 
4 22 
4 50 
4 30 
4 46 
4 69 
4 25 
4 39 
4 67 
4 27 
4 43 
4 70 
4 72 
4 60 
4 5 
4 10 
4 54 
4 36 
4 41 
4 24 
4 55 
4 29 
4 21 
4 15 
4 16 
4 58 
4 62 
4 23 
4 33 
4 20 
4 28 
4 48 
4 9 
4 13 
4 1 
4 44 
4 0 
5 29 
5 23 
5 15 
5 50 
5 12 
5 30 
5 28 
5 71 
5 60 
5 18 
5 57 
5 9 
5 56 
5 3 
5 14 
5 10 
5 70 
5 40 
5 32 
5 42 
5 54 
5 19 
5 43 
5 17 
5 33 
5 41 
5 73 
5 72 
5 6 
5 21 
5 31 
5 46 
5 37 
5 69 
5 58 
5 13 
5 53 
5 61 
5 48 
5 39 
5 64 
5 22 
5 47 
5 66 
5 8 
5 51 
5 36 
5 63 
5 4 
5 44 
5 2 
5 25 
5 34 
5 20 
5 38 
5 55 
5 16 
5 67 
5 45 
5 35 
5 0 
6 17 
6 56 
6 52 
6 55 
6 26 
6 53 
6 10 
6 30 
6 28 
6 40 
6 29 
6 24 
6 44 
6 4 
6 9 
6 31 
6 51 
6 65 
6 25 
6 7 
6 63 
6 5 
6 34 
6 12 
6 20 
6 50 
6 8 
6 19 
6 54 
6 49 
6 58 
6 46 
6 33 
6 47 
6 18 
6 70 
6 21 
6 67 
6 2 
6 1 
6 68 
6 45 
6 66 
6 48 
6 13 
6 22 
6 37 
6 73 
6 15 
6 72 
6 61 
6 14 
6 57 
6 11 
6 41 
6 38 
6 39 
7 67 
7 27 
7 49 
7 28 
7 68 
7 31 
7 24 
7 65 
7 52 
7 71 
7 25 
7 72 
7 9 
7 22 
7 44 
7 50 
7 47 
7 40 
7 59 
7 60 
7 33 
7 17 
7 34 
7 18 
7 66 
7 32 
7 6 
7 1 
7 0 
7 51 
7 57 
7 13 
7 43 
7 23 
7 46 
7 21 
7 36 
7 26 
7 73 
7 35 
7 19 
7 62 
7 2 
7 64 
7 16 
7 38 
7 42 
7 56 
7 37 
7 20 
7 14 
7 55 
7 11 
7 3 
7 61 
7 45 
7 58 
7 29 
7 39 
7 41 
7 10 
7 54 
7 69 
7 70 
8 24 
8 66 
8 37 
8 63 
8 50 
8 22 
8 26 
8 1 
8 55 
8 49 
8 4 
8 62 
8 11 
8 42 
8 15 
8 23 
8 73 
8 10 
8 18 
8 59 
8 61 
8 46 
8 14 
8 51 
8 3 
8 39 
8 64 
8 19 
8 6 
8 48 
8 9 
8 69 
8 67 
8 45 
8 29 
8 40 
8 31 
8 56 
8 72 
8 41 
8 60 
8 70 
8 5 
8 36 
8 33 
8 53 
8 58 
8 12 
8 20 
8 38 
8 21 
8 28 
8 13 
8 32 
8 17 
8 54 
8 68 
8 30 
8 34 
8 65 
8 2 
8 43 
8 44 
8 47 
8 71 
9 60 
9 53 
9 3 
9 59 
9 56 
9 44 
9 5 
9 27 
9 28 
9 50 
9 45 
9 31 
9 52 
9 72 
9 13 
9 7 
9 37 
9 73 
9 57 
9 35 
9 49 
9 69 
9 6 
9 47 
9 36 
9 54 
9 11 
9 1 
9 29 
9 58 
9 20 
9 43 
9 63 
9 0 
9 33 
9 15 
9 8 
9 38 
9 30 
9 67 
9 32 
9 17 
9 62 
9 14 
9 48 
9 71 
9 70 
9 61 
9 41 
9 26 
9 25 
9 65 
9 64 
9 2 
9 46 
9 19 
9 23 
9 18 
9 12 
9 16 
9 4 
9 39 
9 68 
9 40 
9 21 
9 10 
10 27 
10 20 
10 0 
10 18 
10 69 
10 46 
10 47 
10 33 
10 67 
10 6 
10 5 
10 16 
10 1 
10 44 
10 14 
10 70 
10 8 
10 59 
10 35 
10 52 
10 63 
10 39 
10 37 
10 45 
10 12 
10 28 
10 34 
10 38 
10 2 
10 36 
10 26 
10 49 
10 21 
10 72 
10 48 
10 43 
10 23 
10 24 
10 31 
10 73 
10 4 
10 71 
10 66 
10 57 
10 61 
10 30 
10 56 
10 15 
10 53 
10 64 
10 41 
10 62 
10 19 
10 58 
10 68 
10 7 
10 13 
10 9 
11 43 
11 17 
11 61 
11 69 
11 18 
11 65 
11 53 
11 25 
11 8 
11 46 
11 19 
11 66 
11 44 
11 55 
11 12 
11 16 
11 54 
11 58 
11 4 
11 9 
11 27 
11 28 
11 23 
11 36 
11 39 
11 21 
11 45 
11 59 
11 70 
11 49 
11 57 
11 1 
11 41 
11 13 
11 26 
11 42 
11 2 
11 73 
11 29 
11 35 
11 50 
11 52 
11 0 
11 68 
11 22 
11 47 
11 31 
11 34 
11 62 
11 37 
11 67 
11 63 
11 32 
11 7 
11 30 
11 14 
11 20 
11 64 
11 51 
11 71 
11 48 
11 6 
11 15 
11 56 
12 1 
12 53 
12 69 
12 22 
12 20 
12 5 
12 56 
12 15 
12 0 
12 35 
12 17 
12 62 
12 33 
12 36 
12 59 
12 4 
12 11 
12 13 
12 21 
12 45 
12 10 
12 26 
12 6 
12 60 
12 30 
12 54 
12 73 
12 48 
12 58 
12 51 
12 37 
12 57 
12 29 
12 2 
12 44 
12 43 
12 3 
12 49 
12 40 
12 66 
12 27 
12 8 
12 46 
12 55 
12 65 
12 72 
12 19 
12 63 
12 28 
12 50 
12 24 
12 61 
12 32 
12 31 
12 14 
12 9 
12 25 
12 64 
12 18 
12 47 
12 34 
13 70 
13 0 
13 68 
13 50 
13 59 
13 56 
13 47 
13 14 
13 9 
13 17 
13 30 
13 36 
13 12 
13 41 
13 48 
13 44 
13 29 
13 58 
13 28 
13 16 
13 40 
13 35 
13 43 
13 23 
13 33 
13 7 
13 27 
13 72 
13 31 
13 37 
13 51 
13 11 
13 53 
13 5 
13 61 
13 60 
13 34 
13 67 
13 45 
13 54 
13 19 
13 69 
13 63 
13 1 
13 65 
13 64 
13 46 
13 3 
13 66 
13 71 
13 49 
13 18 
13 38 
13 32 
13 8 
13 55 
13 6 
13 57 
13 52 
13 25 
13 4 
13 22 
13 42 
13 73 
13 15 
13 10 
14 62 
14 16 
14 37 
14 30 
14 19 
14 58 
14 63 
14 54 
14 26 
14 55 
14 51 
14 13 
14 5 
14 43 
14 28 
14 10 
14 47 
14 56 
14 72 
14 69 
14 8 
14 67 
14 32 
14 20 
14 25 
14 4 
14 24 
14 18 
14 42 
14 49 
14 64 
14 38 
14 73 
14 21 
14 9 
14 3 
14 36 
14 44 
14 1 
14 22 
14 59 
14 29 
14 60 
14 27 
14 7 
14 45 
14 0 
14 52 
14 11 
14 15 
14 53 
14 31 
14 66 
14 6 
14 12 
14 40 
14 70 
14 23 
14 65 
14 61 
14 48 
14 17 
15 70 
15 44 
15 5 
15 12 
15 37 
15 67 
15 26 
15 41 
15 8 
15 16 
15 25 
15 17 
15 55 
15 54 
15 35 
15 38 
15 56 
15 27 
15 51 
15 3 
15 0 
15 32 
15 9 
15 59 
15 65 
15 39 
15 47 
15 50 
15 69 
15 36 
15 33 
15 49 
15 34 
15 23 
15 52 
15 30 
15 58 
15 22 
15 62 
15 60 
15 48 
15 1 
15 42 
15 10 
15 14 
15 68 
15 18 
15 24 
15 4 
15 40 
15 6 
15 20 
15 45 
15 63 
15 57 
15 11 
15 29 
15 13 
15 72 
15 73 
16 29 
16 17 
16 61 
16 14 
16 23 
16 38 
16 24 
16 3 
16 30 
16 15 
16 10 
16 54 
16 39 
16 40 
16 0 
16 25 
16 11 
16 1 
16 34 
16 13 
16 55 
16 28 
16 72 
16 57 
16 71 
16 27 
16 44 
16 63 
16 59 
16 35 
16 50 
16 31 
16 26 
16 45 
16 69 
16 58 
16 7 
16 62 
16 20 
16 68 
16 32 
16 70 
16 36 
16 42 
16 4 
16 73 
16 9 
16 5 
16 60 
16 47 
16 2 
16 41 
16 67 
16 46 
16 56 
16 64 
17 16 
17 30 
17 6 
17 11 
17 58 
17 21 
17 62 
17 28 
17 61 
17 34 
17 20 
17 68 
17 13 
17 12 
17 64 
17 15 
17 53 
17 7 
17 55 
17 32 
17 63 
17 33 
17 22 
17 5 
17 50 
17 24 
17 39 
17 3 
17 60 
17 4 
17 43 
17 37 
17 67 
17 52 
17 2 
17 56 
17 9 
17 71 
17 41 
17 59 
17 57 
17 18 
17 36 
17 19 
17 29 
17 40 
17 47 
17 46 
17 27 
17 45 
17 31 
17 23 
17 54 
17 65 
17 8 
17 70 
17 49 
17 42 
17 73 
17 48 
17 51 
17 1 
17 72 
17 14 
17 25 
18 45 
18 71 
18 66 
18 11 
18 42 
18 10 
18 5 
18 63 
18 54 
18 62 
18 61 
18 21 
18 64 
18 20 
18 29 
18 37 
18 49 
18 53 
18 73 
18 8 
18 55 
18 60 
18 32 
18 7 
18 51 
18 50 
18 27 
18 67 
18 34 
18 23 
18 70 
18 3 
18 1 
18 69 
18 58 
18 36 
18 14 
18 26 
18 22 
18 30 
18 25 
18 41 
18 2 
18 6 
18 17 
18 57 
18 13 
18 24 
18 31 
18 28 
18 52 
18 47 
18 43 
18 72 
18 59 
18 15 
18 40 
18 9 
18 38 
18 0 
18 12 
18 44 
19 63 
19 70 
19 60 
19 56 
19 26 
19 61 
19 36 
19 14 
19 35 
19 20 
19 30 
19 38 
19 43 
19 62 
19 11 
19 40 
19 44 
19 47 
19 41 
19 54 
19 37 
19 49 
19 64 
19 21 
19 5 
19 67 
19 22 
19 23 
19 73 
19 8 
19 31 
19 32 
19 6 
19 3 
19 0 
19 69 
19 71 
19 1 
19 65 
19 7 
19 59 
19 2 
19 52 
19 13 
19 17 
19 50 
19 42 
19 39 
19 72 
19 48 
19 12 
19 68 
19 33 
19 45 
19 28 
19 9 
19 10 
19 66 
19 25 
19 58 
19 24 
19 34 
20 45 
20 59 
20 23 
20 46 
20 10 
20 12 
20 40 
20 42 
20 19 
20 17 
20 33 
20 26 
20 53 
20 18 
20 44 
20 62 
20 55 
20 67 
20 49 
20 9 
20 68 
20 21 
20 39 
20 58 
20 14 
20 6 
20 3 
20 69 
20 52 
20 63 
20 34 
20 57 
20 70 
20 27 
20 50 
20 31 
20 35 
20 54 
20 16 
20 43 
20 8 
20 29 
20 64 
20 7 
20 32 
20 28 
20 60 
20 1 
20 61 
20 0 
20 22 
20 11 
20 38 
20 47 
20 5 
20 48 
20 15 
20 36 
20 65 
20 4 
20 73 
20 25 
21 55 
21 64 
21 67 
21 17 
21 66 
21 24 
21 31 
21 0 
21 34 
21 18 
21 60 
21 19 
21 12 
21 20 
21 22 
21 5 
21 42 
21 51 
21 11 
21 41 
21 53 
21 63 
21 65 
21 69 
21 38 
21 52 
21 10 
21 1 
21 7 
21 36 
21 58 
21 70 
21 14 
21 57 
21 62 
21 2 
21 6 
21 23 
21 50 
21 8 
21 48 
21 54 
21 71 
21 29 
21 27 
21 30 
21 32 
21 35 
21 40 
21 4 
21 49 
21 56 
21 59 
21 44 
21 47 
21 9 
21 39 
21 72 
22 58 
22 42 
22 50 
22 32 
22 12 
22 51 
22 8 
22 55 
22 70 
22 29 
22 7 
22 73 
22 30 
22 1 
22 48 
22 49 
22 17 
22 63 
22 56 
22 21 
22 19 
22 45 
22 61 
22 34 
22 60 
22 25 
22 26 
22 4 
22 40 
22 65 
22 47 
22 18 
22 46 
22 0 
22 39 
22 62 
22 33 
22 43 
22 66 
22 23 
22 5 
22 28 
22 11 
22 52 
22 14 
22 69 
22 15 
22 35 
22 31 
22 24 
22 20 
22 44 
22 6 
22 27 
22 37 
22 13 
22 38 
23 27 
23 39 
23 69 
23 20 
23 16 
23 68 
23 29 
23 5 
23 43 
23 30 
23 54 
23 38 
23 58 
23 8 
23 28 
23 35 
23 64 
23 33 
23 32 
23 26 
23 51 
23 52 
23 42 
23 2 
23 40 
23 44 
23 19 
23 11 
23 13 
23 60 
23 18 
23 66 
23 53 
23 65 
23 31 
23 7 
23 36 
23 61 
23 50 
23 22 
23 55 
23 34 
23 10 
23 47 
23 49 
23 63 
23 0 
23 15 
23 3 
23 37 
23 62 
23 21 
23 72 
23 70 
23 17 
23 24 
23 9 
23 56 
23 59 
23 57 
23 4 
23 14 
23 48 
24 8 
24 33 
24 54 
24 53 
24 16 
24 2 
24 21 
24 52 
24 7 
24 46 
24 62 
24 1 
24 40 
24 42 
24 6 
24 3 
24 34 
24 56 
24 38 
24 36 
24 57 
24 26 
24 0 
24 17 
24 67 
24 71 
24 14 
24 65 
24 43 
24 68 
24 55 
24 39 
24 59 
24 66 
24 31 
24 28 
24 70 
24 51 
24 10 
24 63 
24 37 
24 58 
24 32 
24 69 
24 41 
24 73 
24 61 
24 18 
24 4 
24 22 
24 29 
24 45 
24 23 
24 44 
24 15 
24 48 
24 12 
24 64 
24 27 
24 19 
24 25 
24 47 
25 69 
25 54 
25 45 
25 34 
25 67 
25 50 
25 0 
25 58 
25 72 
25 11 
25 7 
25 30 
25 57 
25 64 
25 28 
25 33 
25 15 
25 35 
25 2 
25 49 
25 16 
25 51 
25 46 
25 26 
25 6 
25 65 
25 73 
25 62 
25 71 
25 22 
25 14 
25 31 
25 42 
25 27 
25 18 
25 44 
25 4 
25 48 
25 40 
25 60 
25 56 
25 70 
25 1 
25 41 
25 59 
25 39 
25 29 
25 61 
25 36 
25 32 
25 38 
25 5 
25 47 
25 9 
25 55 
25 43 
25 52 
25 19 
25 63 
25 12 
25 13 
25 3 
25 20 
25 24 
25 17 
26 51 
26 19 
26 8 
26 54 
26 41 
26 14 
26 15 
26 35 
26 6 
26 59 
26 55 
26 20 
26 45 
26 40 
26 28 
26 2 
26 23 
26 25 
26 57 
26 24 
26 12 
26 62 
26 73 
26 66 
26 53 
26 48 
26 36 
26 65 
26 10 
26 68 
26 42 
26 18 
26 30 
26 22 
26 3 
26 11 
26 71 
26 61 
26 7 
26 47 
26 56 
26 16 
26 1 
26 31 
26 44 
26 34 
26 50 
26 60 
26 72 
26 46 
26 33 
26 37 
26 52 
26 38 
26 9 
26 58 
26 29 
26 63 
26 70 
26 49 
26 27 
26 64 
27 23 
27 30 
27 7 
27 52 
27 10 
27 69 
27 55 
27 44 
27 9 
27 45 
27 38 
27 66 
27 53 
27 49 
27 35 
27 28 
27 40 
27 51 
27 2 
27 72 
27 11 
27 31 
27 18 
27 15 
27 46 
27 61 
27 41 
27 13 
27 25 
27 34 
27 16 
27 33 
27 68 
27 67 
27 20 
27 4 
27 50 
27 62 
27 12 
27 3 
27 56 
27 14 
27 60 
27 32 
27 21 
27 17 
27 0 
27 65 
27 37 
27 58 
27 42 
27 63 
27 57 
27 59 
27 22 
27 47 
27 39 
27 48 
27 26 
27 24 
28 71 
28 53 
28 7 
28 5 
28 70 
28 17 
28 9 
28 45 
28 67 
28 25 
28 32 
28 14 
28 6 
28 23 
28 62 
28 36 
28 26 
28 66 
28 27 
28 13 
28 3 
28 11 
28 61 
28 10 
28 58 
28 48 
28 16 
28 29 
28 46 
28 55 
28 59 
28 49 
28 73 
28 24 
28 57 
28 38 
28 43 
28 64 
28 50 
28 22 
28 51 
28 0 
28 2 
28 30 
28 47 
28 33 
28 40 
28 52 
28 8 
28 20 
28 31 
28 18 
28 68 
28 44 
28 12 
28 60 
28 19 
28 1 
28 54 
28 34 
28 56 
28 63 
28 4 
28 35 
28 65 
28 42 
29 16 
29 63 
29 71 
29 67 
29 37 
29 5 
29 65 
29 31 
29 64 
29 41 
29 23 
29 22 
29 48 
29 36 
29 51 
29 47 
29 35 
29 6 
29 18 
29 68 
29 58 
29 50 
29 13 
29 59 
29 52 
29 33 
29 9 
29 3 
29 28 
29 43 
29 56 
29 0 
29 42 
29 55 
29 44 
29 11 
29 61 
29 69 
29 8 
29 70 
29 32 
29 12 
29 25 
29 14 
29 20 
29 62 
29 17 
29 21 
29 34 
29 2 
29 30 
29 40 
29 24 
29 54 
29 4 
29 72 
29 7 
29 26 
29 66 
29 1 
29 45 
29 60 
29 15 
30 27 
30 17 
30 73 
30 65 
30 49 
30 51 
30 14 
30 54 
30 56 
30 5 
30 23 
30 62 
30 72 
30 16 
30 25 
30 19 
30 1 
30 6 
30 60 
30 22 
30 66 
30 13 
30 47 
30 63 
30 57 
30 0 
30 35 
30 32 
30 33 
30 53 
30 41 
30 39 
30 48 
30 12 
30 38 
30 26 
30 9 
30 3 
30 4 
30 18 
30 2 
30 36 
30 58 
30 43 
30 50 
30 28 
30 37 
30 15 
30 61 
30 10 
30 52 
30 21 
30 29 
30 34 
30 11 
30 71 
30 8 
30 40 
30 70 
31 51 
31 73 
31 29 
31 35 
31 2 
31 40 
31 7 
31 21 
31 32 
31 9 
31 59 
31 39 
31 63 
31 37 
31 36 
31 43 
31 42 
31 6 
31 69 
31 4 
31 27 
31 5 
31 52 
31 46 
31 25 
31 19 
31 3 
31 34 
31 23 
31 13 
31 24 
31 55 
31 67 
31 62 
31 41 
31 61 
31 60 
31 8 
31 16 
31 56 
31 26 
31 20 
31 10 
31 44 
31 47 
31 11 
31 18 
31 28 
31 22 
31 17 
31 68 
31 65 
31 38 
31 53 
31 14 
31 12 
31 33 
31 57 
31 66 
31 72 
31 64 
32 46 
32 22 
32 45 
32 59 
32 35 
32 64 
32 71 
32 52 
32 31 
32 70 
32 66 
32 72 
32 28 
32 5 
32 69 
32 33 
32 50 
32 48 
32 17 
32 43 
32 58 
32 23 
32 4 
32 41 
32 68 
32 18 
32 30 
32 7 
32 14 
32 2 
32 3 
32 0 
32 15 
32 42 
32 19 
32 1 
32 65 
32 57 
32 9 
32 36 
32 49 
32 29 
32 44 
32 39 
32 24 
32 34 
32 40 
32 16 
32 51 
32 25 
32 13 
32 60 
32 20 
32 27 
32 11 
32 8 
32 61 
32 21 
32 55 
32 38 
32 12 
32 62 
32 73 
32 56 
32 53 
33 58 
33 24 
33 51 
33 63 
33 65 
33 2 
33 10 
33 20 
33 25 
33 7 
33 32 
33 44 
33 70 
33 12 
33 62 
33 66 
33 48 
33 23 
33 53 
33 37 
33 50 
33 38 
33 17 
33 29 
33 46 
33 34 
33 5 
33 55 
33 30 
33 13 
33 9 
33 43 
33 57 
33 73 
33 49 
33 27 
33 22 
33 1 
33 41 
33 15 
33 6 
33 8 
33 47 
33 28 
33 54 
33 60 
33 26 
33 64 
33 3 
33 68 
33 19 
33 39 
33 52 
33 40 
33 59 
33 61 
33 35 
33 31 
33 4 
33 45 
34 35 
34 58 
34 41 
34 2 
34 25 
34 17 
34 60 
34 68 
34 21 
34 44 
34 63 
34 54 
34 36 
34 48 
34 24 
34 66 
34 7 
34 4 
34 16 
34 33 
34 6 
34 10 
34 22 
34 18 
34 53 
34 51 
34 31 
34 27 
34 20 
34 42 
34 39 
34 13 
34 59 
34 70 
34 23 
34 52 
34 15 
34 37 
34 72 
34 26 
34 71 
34 32 
34 11 
34 73 
34 61 
34 0 
34 1 
34 40 
34 47 
34 29 
34 30 
34 67 
34 49 
34 64 
34 5 
34 8 
34 50 
34 28 
34 45 
34 62 
34 43 
34 19 
34 3 
34 12 
35 34 
35 4 
35 32 
35 39 
35 31 
35 72 
35 19 
35 61 
35 26 
35 29 
35 12 
35 44 
35 25 
35 69 
35 15 
35 9 
35 23 
35 10 
35 48 
35 45 
35 46 
35 27 
35 30 
35 13 
35 71 
35 2 
35 64 
35 43 
35 3 
35 67 
35 49 
35 16 
35 11 
35 7 
35 38 
35 41 
35 20 
35 63 
35 47 
35 51 
35 70 
35 68 
35 0 
35 42 
35 52 
35 66 
35 36 
35 58 
35 22 
35 55 
35 21 
35 56 
35 73 
35 37 
35 60 
35 33 
35 62 
35 28 
35 5 
35 65 
36 19 
36 48 
36 29 
36 43 
36 53 
36 39 
36 47 
36 49 
36 2 
36 38 
36 52 
36 56 
36 12 
36 31 
36 28 
36 13 
36 34 
36 44 
36 9 
36 60 
36 24 
36 11 
36 64 
36 66 
36 71 
36 54 
36 10 
36 26 
36 18 
36 57 
36 42 
36 23 
36 7 
36 30 
36 32 
36 21 
36 15 
36 62 
36 72 
36 8 
36 5 
36 37 
36 14 
36 17 
36 65 
36 50 
36 45 
36 4 
36 25 
36 35 
36 55 
36 58 
36 40 
36 51 
36 1 
36 16 
36 70 
36 61 
36 46 
36 20 
36 41 
36 0 
36 68 
36 3 
36 59 
37 29 
37 14 
37 8 
37 65 
37 50 
37 15 
37 71 
37 9 
37 31 
37 70 
37 18 
37 4 
37 48 
37 2 
37 42 
37 33 
37 73 
37 19 
37 10 
37 41 
37 45 
37 51 
37 44 
37 64 
37 53 
37 68 
37 5 
37 17 
37 13 
37 63 
37 39 
37 59 
37 12 
37 61 
37 66 
37 58 
37 34 
37 36 
37 24 
37 43 
37 1 
37 30 
37 23 
37 62 
37 11 
37 7 
37 3 
37 26 
37 56 
37 46 
37 49 
37 67 
37 27 
37 55 
37 38 
37 47 
37 6 
37 35 
37 69 
37 22 
38 65 
38 1 
38 60 
38 16 
38 57 
38 51 
38 46 
38 63 
38 47 
38 45 
38 19 
38 27 
38 36 
38 23 
38 15 
38 54 
38 70 
38 33 
38 24 
38 4 
38 55 
38 53 
38 10 
38 30 
38 9 
38 59 
38 71 
38 21 
38 67 
38 52 
38 28 
38 14 
38 3 
38 35 
38 72 
38 43 
38 61 
38 7 
38 40 
38 2 
38 8 
38 50 
38 13 
38 58 
38 0 
38 25 
38 26 
38 32 
38 44 
38 37 
38 20 
38 31 
38 73 
38 64 
38 62 
38 69 
38 5 
38 48 
38 49 
38 18 
38 68 
38 22 
38 6 
39 23 
39 41 
39 47 
39 50 
39 35 
39 59 
39 55 
39 36 
39 45 
39 31 
39 70 
39 73 
39 65 
39 0 
39 67 
39 16 
39 60 
39 10 
39 3 
39 20 
39 44 
39 8 
39 11 
39 30 
39 62 
39 17 
39 42 
39 46 
39 53 
39 24 
39 34 
39 72 
39 37 
39 15 
39 22 
39 5 
39 40 
39 64 
39 68 
39 4 
39 66 
39 51 
39 32 
39 69 
39 25 
39 52 
39 19 
39 49 
39 63 
39 43 
39 33 
39 7 
39 27 
39 2 
39 9 
39 21 
39 58 
39 57 
39 6 
40 69 
40 57 
40 48 
40 71 
40 20 
40 31 
40 51 
40 49 
40 24 
40 7 
40 41 
40 5 
40 26 
40 19 
40 6 
40 16 
40 27 
40 68 
40 13 
40 23 
40 4 
40 1 
40 45 
40 50 
40 44 
40 59 
40 22 
40 63 
40 64 
40 58 
40 61 
40 8 
40 39 
40 25 
40 54 
40 67 
40 42 
40 62 
40 56 
40 12 
40 38 
40 32 
40 47 
40 28 
40 73 
40 17 
40 34 
40 36 
40 53 
40 52 
40 29 
40 46 
40 55 
40 21 
40 33 
40 15 
40 18 
40 60 
40 30 
40 9 
40 14 
40 65 
41 69 
41 39 
41 71 
41 29 
41 34 
41 72 
41 26 
41 54 
41 2 
41 55 
41 15 
41 65 
41 66 
41 40 
41 51 
41 73 
41 19 
41 13 
41 32 
41 47 
41 70 
41 37 
41 57 
41 5 
41 30 
41 27 
41 21 
41 68 
41 50 
41 11 
41 31 
41 33 
41 18 
41 8 
41 60 
41 0 
41 17 
41 35 
41 25 
41 46 
41 42 
41 58 
41 4 
41 53 
41 61 
41 24 
41 9 
41 44 
41 43 
41 52 
41 10 
41 7 
41 36 
41 1 
41 16 
41 6 
41 62 
41 3 
41 67 
41 64 
42 22 
42 2 
42 20 
42 18 
42 63 
42 55 
42 3 
42 8 
42 24 
42 5 
42 31 
42 37 
42 72 
42 60 
42 56 
42 23 
42 53 
42 21 
42 32 
42 25 
42 29 
42 64 
42 26 
42 39 
42 36 
42 14 
42 11 
42 34 
42 44 
42 65 
42 67 
42 61 
42 45 
42 59 
42 46 
42 71 
42 69 
42 40 
42 49 
42 41 
42 19 
42 48 
42 7 
42 58 
42 35 
42 50 
42 43 
42 15 
42 27 
42 0 
42 16 
42 62 
42 17 
42 51 
42 57 
42 68 
42 54 
42 13 
42 73 
42 28 
43 11 
43 52 
43 66 
43 23 
43 0 
43 36 
43 54 
43 19 
43 62 
43 14 
43 31 
43 32 
43 48 
43 5 
43 9 
43 50 
43 13 
43 59 
43 29 
43 35 
43 33 
43 7 
43 68 
43 17 
43 24 
43 63 
43 45 
43 55 
43 60 
43 22 
43 67 
43 28 
43 1 
43 30 
43 10 
43 72 
43 38 
43 4 
43 12 
43 49 
43 37 
43 44 
43 58 
43 20 
43 71 
43 70 
43 69 
43 42 
43 18 
43 64 
43 73 
43 65 
43 41 
43 39 
43 3 
43 25 
43 8 
43 53 
43 46 
43 56 
43 34 
43 61 
43 2 
44 69 
44 15 
44 50 
44 27 
44 9 
44 73 
44 47 
44 7 
44 55 
44 10 
44 35 
44 33 
44 19 
44 34 
44 6 
44 20 
44 11 
44 36 
44 61 
44 13 
44 57 
44 23 
44 39 
44 64 
44 68 
44 45 
44 40 
44 37 
44 62 
44 16 
44 3 
44 67 
44 29 
44 42 
44 25 
44 60 
44 51 
44 2 
44 63 
44 12 
44 32 
44 26 
44 43 
44 14 
44 31 
44 56 
44 65 
44 49 
44 48 
44 59 
44 5 
44 53 
44 58 
44 72 
44 28 
44 66 
44 52 
44 22 
44 41 
44 1 
44 38 
44 24 
44 46 
44 71 
44 21 
44 8 
44 18 
44 4 
45 18 
45 20 
45 50 
45 67 
45 25 
45 32 
45 70 
45 49 
45 2 
45 62 
45 38 
45 63 
45 27 
45 9 
45 28 
45 39 
45 73 
45 64 
45 26 
45 57 
45 35 
45 52 
45 59 
45 12 
45 10 
45 66 
45 58 
45 37 
45 22 
45 46 
45 40 
45 44 
45 0 
45 47 
45 11 
45 4 
45 53 
45 43 
45 8 
45 68 
45 55 
45 42 
45 16 
45 60 
45 13 
45 3 
45 36 
45 48 
45 51 
45 71 
45 14 
45 54 
45 17 
45 6 
45 24 
45 7 
45 1 
45 19 
45 65 
45 15 
45 34 
45 5 
45 29 
45 33 
46 32 
46 52 
46 20 
46 38 
46 56 
46 57 
46 53 
46 10 
46 24 
46 3 
46 11 
46 50 
46 55 
46 60 
46 35 
46 25 
46 33 
46 8 
46 47 
46 62 
46 58 
46 45 
46 0 
46 27 
46 28 
46 31 
46 5 
46 39 
46 7 
46 22 
46 73 
46 61 
46 4 
46 72 
46 69 
46 67 
46 42 
46 6 
46 54 
46 41 
46 13 
46 12 
46 59 
46 26 
46 17 
46 37 
46 48 
46 65 
46 40 
46 66 
46 9 
46 44 
46 64 
46 36 
46 1 
46 68 
46 51 
46 43 
46 16 
47 65 
47 39 
47 56 
47 10 
47 38 
47 13 
47 44 
47 36 
47 29 
47 7 
47 66 
47 19 
47 64 
47 14 
47 30 
47 9 
47 4 
47 62 
47 41 
47 46 
47 63 
47 51 
47 55 
47 68 
47 45 
47 57 
47 1 
47 54 
47 22 
47 53 
47 61 
47 15 
47 26 
47 3 
47 5 
47 70 
47 71 
47 23 
47 6 
47 52 
47 33 
47 60 
47 28 
47 11 
47 35 
47 31 
47 72 
47 50 
47 40 
47 2 
47 17 
47 34 
47 73 
47 18 
47 59 
47 25 
47 0 
47 37 
47 20 
47 27 
47 21 
47 16 
47 48 
47 12 
47 8 
47 24 
48 49 
48 63 
48 73 
48 40 
48 29 
48 36 
48 57 
48 65 
48 59 
48 60 
48 51 
48 33 
48 37 
48 35 
48 67 
48 32 
48 22 
48 34 
48 43 
48 13 
48 54 
48 61 
48 53 
48 52 
48 28 
48 70 
48 64 
48 26 
48 30 
48 8 
48 69 
48 12 
48 5 
48 72 
48 10 
48 25 
48 50 
48 68 
48 1 
48 71 
48 9 
48 56 
48 45 
48 44 
48 42 
48 58 
48 21 
48 19 
48 66 
48 15 
48 55 
48 46 
48 3 
48 6 
48 24 
48 20 
48 38 
48 2 
48 17 
48 11 
48 4 
48 27 
48 47 
48 0 
48 14 
48 23 
49 48 
49 72 
49 3 
49 30 
49 45 
49 7 
49 8 
49 4 
49 40 
49 36 
49 0 
49 9 
49 18 
49 25 
49 51 
49 22 
49 27 
49 19 
49 20 
49 68 
49 58 
49 59 
49 70 
49 56 
49 1 
49 66 
49 67 
49 11 
49 60 
49 64 
49 33 
49 10 
49 14 
49 6 
49 57 
49 35 
49 28 
49 55 
49 63 
49 52 
49 15 
49 53 
49 32 
49 23 
49 43 
49 42 
49 12 
49 61 
49 44 
49 13 
49 39 
49 37 
49 34 
49 54 
49 21 
49 71 
49 17 
49 69 
49 38 
49 26 
50 45 
50 71 
50 22 
50 39 
50 44 
50 8 
50 13 
50 5 
50 37 
50 25 
50 68 
50 9 
50 57 
50 55 
50 7 
50 46 
50 1 
50 32 
50 59 
50 62 
50 33 
50 29 
50 17 
50 18 
50 43 
50 67 
50 40 
50 2 
50 6 
50 69 
50 41 
50 4 
50 63 
50 11 
50 15 
50 23 
50 16 
50 51 
50 72 
50 28 
50 48 
50 20 
50 30 
50 27 
50 65 
50 0 
50 36 
50 26 
50 64 
50 56 
50 19 
50 47 
50 38 
50 21 
50 42 
50 61 
50 52 
50 12 
50 73 
50 70 
50 58 
50 34 
50 54 
50 3 
50 66 
51 31 
51 54 
51 2 
51 26 
51 33 
51 22 
51 30 
51 59 
51 38 
51 61 
51 40 
51 29 
51 14 
51 66 
51 52 
51 41 
51 48 
51 4 
51 3 
51 49 
51 25 
51 60 
51 23 
51 6 
51 27 
51 58 
51 8 
51 47 
51 18 
51 7 
51 15 
51 21 
51 37 
51 53 
51 34 
51 67 
51 13 
51 73 
51 12 
51 50 
51 44 
51 72 
51 24 
51 28 
51 5 
51 39 
51 35 
51 55 
51 63 
51 45 
51 65 
51 71 
51 32 
51 64 
51 57 
51 1 
51 36 
51 62 
51 70 
51 68 
51 11 
51 42 
51 17 
51 46 
51 0 
52 46 
52 27 
52 43 
52 70 
52 6 
52 24 
52 7 
52 32 
52 57 
52 51 
52 9 
52 36 
52 54 
52 45 
52 0 
52 10 
52 64 
52 29 
52 23 
52 48 
52 4 
52 31 
52 20 
52 63 
52 21 
52 38 
52 17 
52 49 
52 58 
52 11 
52 19 
52 34 
52 55 
52 47 
52 66 
52 59 
52 15 
52 22 
52 2 
52 39 
52 61 
52 53 
52 35 
52 28 
52 73 
52 65 
52 30 
52 26 
52 18 
52 40 
52 60 
52 14 
52 44 
52 50 
52 67 
52 41 
52 33 
52 72 
52 62 
52 13 
52 71 
52 25 
52 1 
52 3 
53 12 
53 9 
53 65 
53 24 
53 28 
53 57 
53 46 
53 11 
53 1 
53 36 
53 4 
53 6 
53 55 
53 69 
53 20 
53 60 
53 17 
53 63 
53 18 
53 33 
53 54 
53 58 
53 62 
53 27 
53 0 
53 48 
53 59 
53 42 
53 30 
53 26 
53 38 
53 51 
53 23 
53 34 
53 45 
53 37 
53 21 
53 13 
53 39 
53 72 
53 68 
53 67 
53 47 
53 56 
53 71 
53 5 
53 49 
53 8 
53 3 
53 41 
53 52 
53 44 
53 40 
53 64 
53 10 
53 14 
53 31 
53 43 
53 66 
53 32 
54 51 
54 25 
54 24 
54 55 
54 30 
54 26 
54 41 
54 14 
54 61 
54 1 
54 18 
54 70 
54 23 
54 43 
54 72 
54 58 
54 16 
54 66 
54 56 
54 15 
54 52 
54 73 
54 34 
54 69 
54 38 
54 19 
54 53 
54 5 
54 11 
54 48 
54 9 
54 60 
54 47 
54 36 
54 12 
54 71 
54 6 
54 64 
54 68 
54 67 
54 40 
54 13 
54 2 
54 20 
54 46 
54 33 
54 4 
54 21 
54 57 
54 0 
54 45 
54 29 
54 49 
54 17 
54 8 
54 28 
54 42 
54 7 
54 50 
54 63 
54 65 
55 21 
55 54 
55 27 
55 22 
55 8 
55 63 
55 39 
55 41 
55 14 
55 42 
55 6 
55 26 
55 50 
55 44 
55 53 
55 15 
55 3 
55 17 
55 46 
55 11 
55 18 
55 20 
55 0 
55 16 
55 33 
55 47 
55 38 
55 28 
55 29 
55 71 
55 73 
55 24 
55 1 
55 66 
55 31 
55 43 
55 45 
55 49 
55 23 
55 52 
55 59 
55 51 
55 12 
55 36 
55 57 
55 48 
55 7 
55 13 
55 35 
55 32 
55 4 
55 2 
55 40 
55 64 
55 37 
55 25 
55 65 
55 72 
55 5 
56 70 
56 6 
56 19 
56 9 
56 68 
56 47 
56 30 
56 12 
56 13 
56 46 
56 72 
56 3 
56 58 
56 5 
56 36 
56 54 
56 4 
56 24 
56 14 
56 42 
56 69 
56 22 
56 60 
56 2 
56 49 
56 15 
56 66 
56 61 
56 73 
56 29 
56 63 
56 53 
56 62 
56 26 
56 8 
56 17 
56 31 
56 25 
56 57 
56 44 
56 40 
56 48 
56 50 
56 27 
56 71 
56 7 
56 10 
56 37 
56 65 
56 35 
56 67 
56 23 
56 21 
56 28 
56 32 
56 43 
56 16 
56 11 
57 4 
57 38 
57 40 
57 60 
57 46 
57 65 
57 53 
57 5 
57 52 
57 62 
57 48 
57 50 
57 25 
57 58 
57 0 
57 66 
57 9 
57 45 
57 72 
57 30 
57 24 
57 26 
57 41 
57 68 
57 44 
57 7 
57 67 
57 47 
57 33 
57 16 
57 2 
57 36 
57 11 
57 69 
57 1 
57 32 
57 49 
57 20 
57 28 
57 12 
57 56 
57 17 
57 70 
57 18 
57 21 
57 10 
57 54 
57 71 
57 51 
57 59 
57 55 
57 27 
57 63 
57 13 
57 61 
57 23 
57 31 
57 6 
57 42 
57 15 
57 39 
58 22 
58 33 
58 17 
58 34 
58 60 
58 71 
58 14 
58 25 
58 56 
58 23 
58 54 
58 57 
58 59 
58 29 
58 53 
58 32 
58 11 
58 13 
58 9 
58 64 
58 69 
58 51 
58 45 
58 49 
58 2 
58 46 
58 28 
58 20 
58 67 
58 18 
58 66 
58 63 
58 5 
58 40 
58 12 
58 30 
58 21 
58 52 
58 72 
58 16 
58 6 
58 37 
58 0 
58 43 
58 68 
58 8 
58 24 
58 41 
58 15 
58 62 
58 73 
58 48 
58 42 
58 35 
58 38 
58 36 
58 44 
58 3 
58 27 
58 7 
58 26 
58 4 
58 65 
58 50 
58 10 
58 1 
58 39 
58 19 
59 9 
59 32 
59 20 
59 51 
59 13 
59 39 
59 4 
59 60 
59 26 
59 31 
59 69 
59 0 
59 7 
59 48 
59 3 
59 2 
59 12 
59 58 
59 10 
59 50 
59 64 
59 45 
59 62 
59 8 
59 29 
59 53 
59 49 
59 73 
59 43 
59 11 
59 67 
59 40 
59 66 
59 28 
59 38 
59 24 
59 15 
59 16 
59 34 
59 1 
59 71 
59 37 
59 19 
59 42 
59 17 
59 72 
59 55 
59 52 
59 25 
59 14 
59 44 
59 46 
59 57 
59 70 
59 47 
59 18 
59 68 
59 33 
59 27 
59 23 
59 21 
59 65 
59 36 
60 9 
60 2 
60 19 
60 38 
60 66 
60 58 
60 57 
60 5 
60 62 
60 67 
60 65 
60 34 
60 59 
60 70 
60 30 
60 7 
60 48 
60 53 
60 39 
60 21 
60 51 
60 46 
60 3 
60 18 
60 36 
60 42 
60 56 
60 63 
60 54 
60 23 
60 22 
60 69 
60 12 
60 17 
60 49 
60 13 
60 68 
60 43 
60 44 
60 71 
60 31 
60 25 
60 41 
60 8 
60 45 
60 4 
60 47 
60 61 
60 33 
60 26 
60 14 
60 64 
60 32 
60 15 
60 0 
60 27 
60 20 
60 52 
60 72 
60 28 
60 35 
60 40 
60 16 
60 73 
60 29 
60 1 
61 16 
61 11 
61 19 
61 51 
61 66 
61 17 
61 35 
61 54 
61 18 
61 73 
61 71 
61 4 
61 44 
61 8 
61 48 
61 68 
61 72 
61 28 
61 22 
61 1 
61 56 
61 27 
61 62 
61 13 
61 67 
61 29 
61 26 
61 40 
61 47 
61 70 
61 23 
61 5 
61 69 
61 31 
61 46 
61 37 
61 42 
61 38 
61 60 
61 9 
61 49 
61 41 
61 10 
61 52 
61 25 
61 30 
61 34 
61 24 
61 63 
61 32 
61 20 
61 50 
61 7 
61 36 
61 12 
61 57 
61 6 
61 33 
61 65 
61 14 
61 43 
62 14 
62 17 
62 45 
62 30 
62 60 
62 8 
62 57 
62 24 
62 43 
62 18 
62 19 
62 12 
62 67 
62 72 
62 33 
62 28 
62 53 
62 50 
62 20 
62 59 
62 65 
62 47 
62 46 
62 2 
62 71 
62 70 
62 26 
62 68 
62 25 
62 39 
62 1 
62 63 
62 44 
62 61 
62 66 
62 31 
62 22 
62 56 
62 7 
62 36 
62 9 
62 0 
62 40 
62 16 
62 27 
62 21 
62 23 
62 58 
62 11 
62 37 
62 29 
62 64 
62 15 
62 51 
62 3 
62 52 
62 38 
62 4 
62 42 
62 32 
62 10 
62 35 
62 34 
62 41 
62 69 
63 19 
63 29 
63 48 
63 0 
63 8 
63 33 
63 38 
63 14 
63 55 
63 18 
63 42 
63 45 
63 31 
63 73 
63 68 
63 53 
63 66 
63 34 
63 65 
63 3 
63 30 
63 17 
63 10 
63 22 
63 47 
63 6 
63 60 
63 9 
63 62 
63 56 
63 52 
63 2 
63 43 
63 58 
63 20 
63 21 
63 40 
63 16 
63 37 
63 50 
63 49 
63 70 
63 44 
63 23 
63 5 
63 13 
63 24 
63 72 
63 71 
63 35 
63 51 
63 64 
63 69 
63 11 
63 61 
63 12 
63 39 
63 27 
63 1 
63 57 
63 15 
63 28 
63 26 
63 25 
63 54 
63 67 
64 68 
64 21 
64 32 
64 29 
64 73 
64 66 
64 25 
64 70 
64 18 
64 3 
64 17 
64 69 
64 45 
64 4 
64 23 
64 47 
64 59 
64 19 
64 52 
64 58 
64 44 
64 36 
64 35 
64 8 
64 48 
64 37 
64 42 
64 49 
64 14 
64 40 
64 54 
64 28 
64 5 
64 39 
64 0 
64 7 
64 13 
64 50 
64 63 
64 60 
64 20 
64 51 
64 62 
64 33 
64 53 
64 43 
64 72 
64 55 
64 9 
64 11 
64 46 
64 34 
64 10 
64 38 
64 24 
64 2 
64 12 
64 16 
64 26 
64 31 
64 41 
65 38 
65 53 
65 4 
65 29 
65 30 
65 47 
65 37 
65 33 
65 57 
65 71 
65 11 
65 7 
65 60 
65 67 
65 41 
65 48 
65 39 
65 63 
65 66 
65 2 
65 70 
65 62 
65 1 
65 6 
65 72 
65 25 
65 68 
65 24 
65 26 
65 23 
65 32 
65 22 
65 21 
65 42 
65 15 
65 19 
65 50 
65 13 
65 44 
65 36 
65 51 
65 52 
65 12 
65 56 
65 69 
65 46 
65 43 
65 27 
65 9 
65 17 
65 31 
65 45 
65 58 
65 55 
65 8 
65 20 
65 61 
65 59 
65 40 
65 14 
65 35 
65 28 
65 54 
66 8 
66 60 
66 70 
66 21 
66 43 
66 18 
66 61 
66 67 
66 51 
66 64 
66 41 
66 4 
66 32 
66 27 
66 57 
66 54 
66 30 
66 11 
66 47 
66 63 
66 33 
66 65 
66 28 
66 0 
66 34 
66 1 
66 7 
66 45 
66 3 
66 56 
66 26 
66 36 
66 49 
66 23 
66 58 
66 59 
66 62 
66 55 
66 24 
66 22 
66 37 
66 5 
66 52 
66 39 
66 12 
66 13 
66 10 
66 35 
66 48 
66 69 
66 44 
66 71 
66 46 
66 6 
66 2 
66 14 
66 29 
66 68 
66 19 
66 53 
66 31 
66 50 
67 2 
67 7 
67 29 
67 45 
67 21 
67 25 
67 15 
67 60 
67 66 
67 0 
67 65 
67 10 
67 28 
67 1 
67 39 
67 62 
67 48 
67 20 
67 19 
67 14 
67 58 
67 24 
67 50 
67 18 
67 69 
67 57 
67 59 
67 72 
67 49 
67 51 
67 44 
67 35 
67 8 
67 53 
67 17 
67 31 
67 38 
67 61 
67 9 
67 42 
67 13 
67 71 
67 43 
67 54 
67 27 
67 46 
67 4 
67 40 
67 70 
67 11 
67 6 
67 68 
67 34 
67 37 
67 52 
67 56 
67 73 
67 5 
67 16 
67 41 
67 63 
68 4 
68 64 
68 13 
68 23 
68 56 
68 7 
68 50 
68 34 
68 17 
68 63 
68 29 
68 1 
68 32 
68 61 
68 49 
68 20 
68 73 
68 40 
68 0 
68 57 
68 47 
68 44 
68 62 
68 72 
68 65 
68 41 
68 43 
68 26 
68 3 
68 37 
68 24 
68 53 
68 60 
68 45 
68 27 
68 69 
68 54 
68 39 
68 11 
68 48 
68 71 
68 58 
68 35 
68 16 
68 67 
68 28 
68 6 
68 19 
68 33 
68 15 
68 51 
68 31 
68 59 
68 8 
68 2 
68 66 
68 10 
68 9 
68 42 
68 46 
68 38 
68 36 
69 41 
69 25 
69 44 
69 23 
69 12 
69 40 
69 27 
69 11 
69 10 
69 59 
69 53 
69 64 
69 32 
69 35 
69 9 
69 54 
69 31 
69 58 
69 14 
69 56 
69 67 
69 60 
69 20 
69 18 
69 50 
69 73 
69 57 
69 5 
69 48 
69 8 
69 70 
69 21 
69 19 
69 29 
69 68 
69 61 
69 15 
69 4 
69 46 
69 16 
69 13 
69 42 
69 39 
69 2 
69 24 
69 22 
69 63 
69 43 
69 66 
69 65 
69 72 
69 38 
69 49 
69 37 
69 7 
69 62 
70 15 
70 13 
70 56 
70 19 
70 66 
70 3 
70 45 
70 52 
70 22 
70 28 
70 54 
70 32 
70 39 
70 60 
70 64 
70 5 
70 33 
70 37 
70 10 
70 38 
70 65 
70 73 
70 2 
70 41 
70 0 
70 49 
70 62 
70 48 
70 18 
70 11 
70 72 
70 69 
70 71 
70 61 
70 24 
70 63 
70 20 
70 29 
70 21 
70 47 
70 34 
70 25 
70 8 
70 4 
70 57 
70 6 
70 9 
70 35 
70 1 
70 67 
70 43 
70 59 
70 23 
70 16 
70 51 
70 36 
70 17 
70 50 
70 26 
70 30 
70 14 
70 7 
71 28 
71 29 
71 50 
71 18 
71 41 
71 32 
71 58 
71 40 
71 5 
71 65 
71 7 
71 37 
71 61 
71 4 
71 1 
71 2 
71 62 
71 35 
71 25 
71 24 
71 36 
71 55 
71 16 
71 54 
71 38 
71 26 
71 53 
71 70 
71 19 
71 59 
71 67 
71 60 
71 17 
71 47 
71 42 
71 48 
71 63 
71 68 
71 9 
71 34 
71 43 
71 10 
71 13 
71 45 
71 21 
71 56 
71 51 
71 57 
71 66 
71 30 
71 3 
71 49 
71 44 
71 11 
71 52 
71 0 
71 8 
72 49 
72 41 
72 35 
72 30 
72 56 
72 25 
72 7 
72 54 
72 9 
72 32 
72 62 
72 57 
72 42 
72 65 
72 14 
72 27 
72 61 
72 5 
72 16 
72 68 
72 67 
72 70 
72 13 
72 0 
72 53 
72 39 
72 10 
72 50 
72 48 
72 46 
72 51 
72 8 
72 43 
72 38 
72 58 
72 36 
72 3 
72 2 
72 63 
72 4 
72 59 
72 34 
72 47 
72 19 
72 26 
72 23 
72 44 
72 12 
72 18 
72 64 
72 60 
72 69 
72 73 
72 29 
72 52 
72 6 
72 55 
72 21 
72 31 
72 15 
72 17 
73 4 
73 31 
73 30 
73 48 
73 64 
73 44 
73 9 
73 39 
73 22 
73 45 
73 63 
73 8 
73 61 
73 41 
73 0 
73 54 
73 18 
73 37 
73 70 
73 68 
73 59 
73 5 
73 2 
73 26 
73 25 
73 56 
73 19 
73 12 
73 69 
73 55 
73 33 
73 11 
73 46 
73 28 
73 51 
73 1 
73 7 
73 14 
73 3 
73 10 
73 58 
73 34 
73 24 
73 40 
73 52 
73 47 
73 43 
73 35 
73 72 
73 6 
73 38 
73 50 
73 67 
73 17 
73 32 
73 16 
73 20 
73 60 
73 13 
73 42 
73 15 
