0 59 23 64 44 53 50 66 54 32 55 62 68 49 75 2 47 26 19 43 56 22 25 71 5 70 35 29 69 16 58 8 18 76 77 52 38 28 3 15 41 51 34 72 9 33 67 24 37 39 6 40 14 60 31 36 65 30 73 46 27 1 4 63 11 7 17 
1 31 77 23 70 24 36 49 39 28 22 51 64 38 14 68 21 63 66 35 5 6 72 29 71 27 4 62 16 53 50 33 2 58 57 15 69 59 32 9 78 8 20 26 41 30 42 3 56 73 17 11 61 75 37 46 18 55 10 19 54 48 47 0 
2 64 37 28 43 29 59 19 40 78 71 53 3 46 17 16 45 66 49 4 42 50 27 61 65 22 0 67 68 70 48 41 14 36 5 8 10 1 73 51 76 6 38 75 34 9 44 24 39 26 54 69 20 55 25 77 23 13 63 31 32 21 35 18 56 60 72 52 7 
3 52 40 73 57 76 42 64 34 68 77 2 45 24 51 21 8 67 44 55 25 26 12 32 66 49 74 33 71 78 22 54 61 43 7 29 56 59 19 35 69 72 53 27 0 30 4 1 15 46 65 16 41 36 5 14 50 10 38 11 58 47 17 23 70 28 75 48 60 
4 31 13 45 23 27 66 57 76 50 60 53 6 70 46 69 63 19 26 2 44 33 36 55 29 52 64 35 32 1 62 58 18 59 71 51 72 67 68 75 65 38 42 34 30 40 22 56 41 7 74 8 39 47 3 25 14 5 11 10 24 49 20 12 73 43 15 37 28 54 0 
5 17 64 77 22 54 12 40 44 70 48 35 61 1 15 59 41 66 7 14 73 49 51 50 8 2 6 21 0 34 57 43 76 67 29 63 28 9 52 16 18 30 33 20 25 65 13 36 24 69 27 39 4 32 3 74 62 31 58 75 68 26 78 42 19 56 
6 75 55 15 36 62 68 33 4 29 44 35 51 24 60 14 77 12 59 54 22 1 72 37 32 10 21 53 46 19 5 71 45 76 70 31 74 67 64 27 2 47 58 48 78 11 57 42 69 20 43 56 63 17 50 34 13 52 7 0 40 38 23 9 28 65 30 18 41 
7 58 36 73 42 29 44 64 15 12 47 27 32 76 28 49 72 19 61 14 9 20 71 5 35 67 23 41 10 51 39 63 37 50 60 18 17 46 13 3 25 55 34 62 53 33 4 69 38 30 31 57 16 78 6 68 22 66 26 74 48 65 70 59 77 56 8 2 0 21 
8 58 63 45 77 25 16 74 55 51 57 75 66 54 44 3 19 9 17 10 40 18 78 37 13 69 64 62 5 2 36 22 24 53 34 12 11 35 39 0 1 56 20 65 48 71 4 61 68 49 38 47 52 76 26 28 15 33 23 29 60 30 7 72 
9 42 18 23 25 52 39 12 49 59 13 51 33 60 8 61 17 7 53 40 29 57 34 56 45 31 58 30 5 19 72 66 68 22 38 1 78 70 10 77 35 75 63 73 2 69 54 28 76 46 0 50 55 14 32 37 36 16 67 44 6 26 43 64 20 47 41 15 74 
10 13 46 57 51 72 64 61 14 74 30 12 69 8 22 37 42 54 59 6 27 24 67 32 20 7 36 31 45 2 39 77 58 16 60 35 68 19 26 53 9 78 66 75 62 34 17 21 38 70 76 43 55 4 71 49 3 33 65 29 52 1 50 23 56 63 25 40 
11 13 55 47 42 73 12 59 70 61 33 18 44 37 51 75 76 36 29 22 35 32 67 52 68 65 74 46 62 63 8 43 26 27 45 6 28 14 24 30 17 21 53 56 38 71 54 58 40 1 39 4 25 78 48 64 69 19 3 20 50 57 34 41 0 
12 28 78 39 11 41 5 24 9 21 7 64 14 10 40 33 6 3 27 18 68 37 19 65 30 42 46 32 13 44 51 67 52 8 69 23 57 31 62 36 63 60 71 20 55 15 43 22 58 25 66 35 61 53 59 77 75 45 34 49 26 4 56 16 50 17 47 72 
13 11 16 10 4 56 29 61 47 72 43 31 53 69 26 9 17 38 50 32 41 68 40 60 74 51 34 70 63 37 8 33 28 59 55 67 52 12 45 48 66 7 44 64 5 78 25 39 18 6 14 75 57 2 36 27 49 19 73 46 76 23 77 71 58 
14 66 67 53 54 35 64 76 74 68 16 34 10 63 12 1 6 31 71 23 44 77 51 7 41 57 26 19 5 48 25 37 2 29 70 65 59 62 20 11 69 18 78 75 56 61 4 39 28 15 3 40 9 24 30 13 0 46 42 21 73 45 49 72 55 47 52 
15 60 52 47 18 73 6 38 69 65 68 76 7 70 51 62 26 54 20 32 78 5 66 71 46 28 53 58 49 30 21 24 22 56 74 1 36 25 40 29 16 37 61 42 67 77 41 12 0 19 59 39 3 48 75 14 23 55 44 63 27 72 50 8 4 9 
16 13 49 8 57 53 69 60 33 68 62 75 48 14 27 2 43 51 22 32 55 34 24 47 76 1 72 18 61 59 26 21 10 66 15 5 39 0 78 38 67 25 37 52 29 40 23 70 41 19 3 7 58 36 64 54 9 77 30 17 12 65 31 56 63 74 20 
17 5 25 66 21 20 50 55 49 2 23 13 77 24 8 9 19 60 58 35 69 39 68 36 51 48 59 65 75 37 47 61 46 53 73 67 56 32 44 30 40 74 7 78 41 70 10 11 6 1 54 45 33 57 63 43 28 34 16 64 71 3 12 38 72 18 0 
18 28 41 9 15 45 34 11 36 66 77 69 51 25 22 49 58 42 19 32 64 8 55 12 4 27 16 59 46 78 75 31 39 7 65 72 21 5 0 70 52 57 20 14 13 56 54 35 67 50 44 37 62 53 1 47 23 73 74 6 71 61 68 24 17 2 40 60 
19 45 60 27 22 31 2 37 43 63 62 4 30 8 42 17 18 67 7 36 20 21 0 14 12 23 34 6 48 55 78 53 9 25 3 10 71 68 15 32 29 54 16 28 77 69 50 56 11 64 1 13 46 47 73 41 76 57 5 72 40 39 
20 48 40 53 25 32 17 71 65 52 75 39 46 15 59 42 19 77 22 7 31 50 27 56 76 70 54 10 37 26 58 33 35 14 47 55 30 5 8 12 1 64 29 18 28 6 74 69 61 63 2 34 78 67 51 43 36 4 11 49 9 21 16 62 
21 68 55 78 29 46 27 17 31 58 45 12 57 69 3 1 22 50 24 19 35 6 75 30 61 15 60 5 64 43 74 16 36 56 67 18 23 49 25 72 44 48 73 32 70 41 10 11 28 77 66 40 53 33 63 38 34 14 52 76 2 51 26 47 65 20 7 
22 64 46 5 48 19 38 34 24 42 70 72 58 56 1 18 28 23 69 43 21 53 68 54 16 2 31 10 6 20 66 11 59 52 60 73 40 55 0 45 15 25 3 8 35 50 78 9 75 41 26 62 29 4 12 74 37 7 71 57 30 32 63 51 36 77 
23 0 25 1 43 4 9 65 44 54 30 41 42 77 48 61 66 17 26 31 22 63 75 74 47 14 36 37 7 64 19 45 70 71 35 59 21 29 24 12 51 73 68 28 57 16 78 55 27 38 15 2 6 49 52 62 18 39 3 8 10 46 67 13 56 
24 36 77 1 22 28 25 12 71 3 37 38 63 46 49 6 64 17 78 59 21 10 29 74 65 16 68 47 15 42 55 32 44 8 39 23 31 26 51 53 69 2 70 5 33 35 11 67 75 61 66 0 14 76 4 50 43 41 73 18 45 62 58 
25 65 58 17 23 8 43 48 20 67 9 46 50 49 24 57 18 47 30 76 3 33 54 35 26 70 14 56 69 27 60 0 64 53 22 40 75 39 15 7 19 68 21 28 5 71 16 45 13 44 32 12 34 4 37 74 11 2 59 61 77 51 63 41 10 55 36 78 42 
26 41 44 67 62 28 52 30 27 13 23 64 33 60 4 76 48 15 73 31 25 43 0 3 45 14 66 69 46 68 20 16 59 36 40 58 77 11 54 10 24 22 65 72 35 42 2 1 29 47 32 12 7 51 70 8 9 63 5 39 74 56 34 61 21 38 57 
27 34 62 19 68 4 21 26 16 56 7 59 40 76 69 2 75 57 43 42 61 10 12 38 1 20 66 33 25 18 39 72 49 73 46 6 31 45 58 11 35 65 51 53 41 64 3 74 36 50 5 44 23 29 70 67 15 13 60 54 28 0 37 55 71 
28 38 12 18 35 78 2 40 65 26 33 70 24 29 1 68 43 22 50 76 63 7 71 45 37 15 54 13 36 73 58 44 72 48 5 64 51 42 57 25 52 41 31 56 59 32 0 11 60 20 23 9 53 21 14 17 19 67 55 66 34 6 8 62 3 27 61 4 
29 13 2 53 21 28 7 46 66 6 70 40 35 48 4 74 11 63 1 9 24 73 37 62 61 14 77 0 5 60 69 15 75 23 3 67 64 57 22 42 20 72 26 16 32 19 68 54 59 27 45 78 10 49 65 8 30 44 
30 52 67 48 26 77 42 68 23 70 39 78 40 60 62 25 19 10 64 50 44 61 45 21 15 12 36 17 49 9 73 66 76 5 74 20 4 35 59 55 32 1 3 11 51 41 46 7 31 14 69 16 72 22 57 0 38 56 6 71 63 43 29 47 8 65 54 75 
31 4 1 53 45 32 13 59 19 51 60 21 39 64 75 76 23 14 41 54 22 26 62 69 20 71 10 9 18 63 58 6 34 37 78 27 49 24 28 12 36 72 48 57 7 42 44 56 30 70 73 65 40 46 67 33 38 5 0 52 77 2 16 66 
32 51 66 58 77 39 31 20 55 76 0 45 7 70 68 15 13 74 16 18 75 4 6 3 43 11 38 10 72 17 24 12 35 50 59 54 46 1 47 34 28 21 48 25 30 29 19 64 52 61 37 5 40 60 69 9 44 26 63 33 22 36 62 2 56 53 78 73 
33 36 68 54 55 16 69 39 28 11 35 38 46 40 6 44 26 9 74 58 49 4 12 70 25 43 37 27 13 3 64 73 78 1 20 50 45 62 57 48 67 65 41 5 72 61 53 7 34 24 42 17 76 21 0 52 75 47 59 31 32 10 8 51 60 71 56 66 
34 27 40 55 77 76 22 18 38 70 3 52 68 14 36 35 67 62 69 56 16 71 13 9 65 72 58 19 43 66 5 41 78 8 60 31 7 37 53 4 32 59 2 57 45 54 10 33 63 25 0 42 6 20 17 46 73 21 12 28 48 61 51 64 26 49 11 
35 28 38 14 60 42 76 33 47 72 36 6 41 58 29 34 5 1 4 78 25 17 66 62 21 11 65 7 39 45 57 67 22 32 44 0 20 54 49 23 10 3 8 27 26 30 9 77 56 24 12 71 18 61 63 53 40 59 50 73 74 55 68 2 51 70 46 
36 33 39 24 76 7 6 77 1 18 35 47 52 63 45 75 34 41 55 19 4 11 59 72 44 17 23 57 78 46 67 2 10 73 8 69 28 30 65 26 15 74 21 66 71 40 64 60 70 12 5 42 58 50 31 68 53 27 3 61 38 16 9 20 13 0 32 51 22 25 43 62 
37 57 70 47 2 75 45 40 72 71 19 52 69 39 24 65 11 38 44 66 76 10 33 28 6 23 8 67 29 17 13 14 58 55 12 20 7 74 42 64 41 56 50 15 54 31 34 77 43 16 32 49 59 25 22 0 9 18 1 51 62 78 4 27 
38 28 42 35 51 22 78 15 52 34 33 74 54 1 24 43 63 47 13 37 66 53 67 65 77 58 75 27 32 50 56 70 40 76 71 39 4 73 48 9 16 2 46 0 44 10 68 60 7 57 8 11 41 23 36 45 21 6 31 3 72 30 17 55 26 59 69 64 49 
39 36 12 43 32 70 40 33 1 76 9 20 30 31 74 37 73 78 45 55 75 42 52 17 53 51 77 35 71 61 59 7 50 56 10 44 25 18 27 68 38 24 69 16 8 49 2 72 13 4 66 15 14 5 67 11 64 0 57 58 41 65 46 26 23 54 47 63 19 
40 67 3 20 54 34 28 37 39 65 2 50 5 33 43 30 74 58 27 29 12 70 62 44 63 8 53 13 9 57 56 68 22 49 72 25 69 38 66 46 17 26 15 41 73 36 76 42 61 4 52 55 16 78 60 21 11 32 14 35 31 0 6 47 77 64 75 48 59 10 18 19 
41 26 18 12 76 23 77 45 35 64 31 36 13 46 58 14 65 5 2 43 72 63 7 55 66 71 51 62 57 67 34 37 48 70 17 40 33 28 52 47 22 15 75 27 4 21 0 74 1 30 16 38 49 3 73 54 61 56 78 59 39 24 19 25 9 6 11 44 
42 38 9 48 11 76 3 78 22 35 30 7 23 68 59 19 18 2 47 52 20 39 27 45 60 54 10 66 65 51 24 12 37 56 58 28 50 4 15 40 49 71 70 61 36 64 26 43 29 62 6 57 69 44 1 34 31 33 72 73 46 77 55 53 14 67 5 25 
43 71 23 25 39 2 13 63 64 19 40 28 53 50 38 55 22 16 57 27 72 77 33 48 26 32 41 56 0 70 76 54 34 21 5 62 3 47 11 52 12 42 37 65 6 69 10 74 17 20 59 61 46 66 58 4 9 24 60 45 49 30 36 
44 62 55 77 71 26 0 67 46 23 74 11 7 5 33 6 8 61 4 3 59 37 14 40 30 49 36 58 53 73 17 24 39 66 35 12 57 28 68 76 13 75 48 60 51 21 45 38 64 2 25 65 42 56 78 70 27 31 18 47 32 15 63 69 9 72 52 50 54 41 29 
45 19 4 8 37 31 18 61 65 71 3 21 32 41 46 2 47 39 36 69 75 28 50 42 76 74 64 26 30 35 9 22 68 23 48 10 70 6 13 51 33 72 53 54 27 11 34 59 44 25 62 56 67 17 60 49 12 38 29 14 43 24 77 55 58 
46 10 52 22 44 21 63 25 29 76 33 61 2 45 4 70 24 20 51 74 78 41 66 47 15 59 55 26 56 18 36 17 6 12 73 11 72 40 49 7 58 64 32 27 53 60 38 54 30 9 48 57 3 42 34 71 31 14 43 1 39 19 0 23 13 75 35 69 
47 67 11 37 15 13 74 35 36 7 48 25 50 45 76 38 75 69 42 64 23 62 46 77 0 66 54 16 78 17 24 52 61 72 20 65 49 43 58 32 6 56 41 68 55 63 4 26 8 33 44 40 18 71 3 57 19 1 12 39 21 9 51 73 14 70 30 
48 20 42 70 25 22 30 68 16 52 23 47 62 26 78 5 29 77 54 66 43 2 63 17 14 58 75 67 49 73 51 19 45 61 13 28 41 33 44 56 76 38 65 6 53 64 21 32 8 57 31 69 74 46 15 11 34 71 7 50 1 40 3 60 
49 63 16 67 59 71 25 1 69 64 9 17 24 18 2 33 7 74 0 44 5 3 15 40 48 76 78 30 51 35 56 46 27 47 21 42 31 53 39 77 58 60 8 37 41 66 45 10 4 12 72 65 23 13 29 75 52 20 62 34 43 14 61 57 54 38 55 
50 73 74 58 70 75 76 65 25 66 72 0 4 40 17 47 54 43 28 67 21 2 13 52 30 45 51 77 57 20 63 68 56 38 1 5 39 7 32 33 22 59 37 42 62 53 64 36 6 60 71 27 9 18 3 35 19 12 11 24 10 15 48 44 69 
51 32 38 61 63 31 10 8 60 58 18 74 1 3 75 6 15 9 11 53 16 46 14 55 50 13 17 68 39 42 67 65 7 5 48 41 59 4 78 45 66 12 49 28 2 76 44 23 70 52 24 27 64 0 62 30 71 20 69 34 26 72 37 54 25 22 56 21 33 47 35 36 
52 30 3 15 46 78 26 73 69 9 38 20 37 34 54 48 36 42 62 50 4 77 39 22 11 47 13 68 60 12 70 5 28 41 51 18 0 40 43 72 57 65 16 66 32 67 8 74 6 33 56 61 58 59 23 10 53 31 44 21 64 49 71 14 2 76 
53 20 67 16 14 31 29 13 0 69 75 2 54 4 63 43 51 22 38 55 73 40 9 44 39 15 1 6 25 17 19 8 76 46 45 66 49 10 48 34 7 24 27 71 77 50 3 74 33 56 36 11 28 72 12 21 35 68 42 18 62 52 78 65 32 57 
54 33 40 77 5 14 75 23 76 0 52 53 60 50 38 8 15 48 22 31 6 25 42 10 47 28 20 55 43 58 3 35 32 70 71 37 45 26 69 34 64 9 46 2 29 59 18 17 19 11 57 61 62 78 41 67 16 56 66 72 27 51 1 39 68 4 74 30 44 73 49 
55 11 44 34 21 76 33 66 72 6 32 8 68 57 17 0 43 75 56 58 36 39 3 4 62 53 70 51 16 46 18 60 22 73 37 54 41 59 13 24 77 19 7 20 61 12 30 40 47 74 23 9 2 15 10 78 42 28 35 1 71 14 38 45 25 27 69 49 
56 58 13 73 22 74 66 69 27 75 55 72 34 78 63 43 40 20 0 50 25 38 9 46 17 39 76 42 15 71 49 37 21 67 48 3 65 47 8 28 77 4 35 53 45 6 60 64 18 14 44 11 1 31 68 41 19 54 52 12 30 51 26 16 32 62 10 2 7 33 5 23 
57 37 3 66 16 72 67 4 70 10 25 8 55 21 59 43 58 27 14 61 40 50 75 9 36 35 62 41 5 65 44 71 1 33 28 12 34 29 18 52 6 74 42 60 48 23 31 38 7 46 17 54 64 39 13 22 30 11 47 53 19 26 78 49 76 
58 8 25 7 32 50 56 70 21 22 71 77 66 51 76 40 33 35 72 18 57 55 60 17 38 41 44 15 78 4 48 37 75 63 34 54 20 10 42 68 9 28 1 65 26 46 62 31 47 6 0 27 73 59 36 12 49 11 74 61 16 39 52 5 3 43 24 69 67 45 13 
59 0 61 49 11 31 2 70 27 42 9 57 67 44 68 20 6 24 36 71 22 10 5 72 17 46 13 76 18 4 16 55 73 39 66 51 14 69 26 32 60 78 23 1 50 3 62 64 28 58 34 30 45 15 54 37 12 29 75 43 33 35 25 41 52 74 65 63 7 40 38 
60 15 19 16 73 35 61 31 51 4 54 30 26 6 9 58 17 65 13 77 42 71 22 55 25 21 64 52 7 59 29 34 44 10 46 36 12 68 28 76 57 63 56 62 49 38 40 50 45 32 66 74 0 27 43 78 33 67 8 2 48 3 18 69 
61 59 13 51 11 45 73 68 60 46 72 10 23 75 44 9 2 5 7 69 57 27 30 64 29 17 21 78 39 16 47 48 62 3 15 40 76 66 55 42 33 63 8 70 32 12 20 14 71 77 24 35 54 58 36 1 41 43 74 52 34 25 26 18 28 49 67 
62 73 27 44 70 63 26 64 16 74 6 75 19 48 30 0 15 65 52 40 47 34 55 31 35 68 4 1 29 76 8 71 57 41 11 61 43 14 33 58 7 59 12 22 45 10 42 50 51 60 54 5 18 53 23 78 37 28 32 49 56 77 24 36 20 66 
63 49 8 73 62 69 46 51 43 75 19 53 14 36 4 24 38 28 67 23 1 40 29 48 56 50 13 41 58 7 31 11 5 12 76 9 65 61 47 60 6 72 34 20 74 71 17 21 35 78 32 44 15 26 2 22 70 59 25 10 30 16 39 77 0 
64 0 2 5 22 3 62 14 43 49 7 66 10 31 1 12 41 26 30 24 47 4 77 18 45 61 69 76 25 23 33 70 8 21 60 72 37 28 46 71 6 13 74 67 36 59 29 48 42 20 44 27 50 54 51 32 56 57 39 16 78 11 17 19 34 52 9 68 40 73 38 
65 25 72 75 28 23 78 50 40 20 15 45 37 66 2 62 38 60 41 24 71 42 35 17 67 34 69 51 11 12 14 57 36 18 58 47 33 4 56 48 26 8 5 27 76 52 63 70 43 44 73 3 31 49 16 10 6 39 7 29 0 59 53 68 21 30 
66 69 14 32 57 17 55 4 73 50 18 0 64 58 29 76 56 8 23 2 70 65 38 75 37 1 48 46 22 35 15 3 42 5 26 47 27 41 34 71 59 74 44 40 13 51 30 36 16 9 53 10 61 52 12 39 67 21 49 24 68 60 7 28 43 54 77 31 33 62 
67 47 40 49 14 53 26 30 57 44 25 63 50 74 3 59 34 19 38 2 68 10 11 7 65 37 51 48 36 13 17 35 41 5 12 4 21 56 6 33 29 64 15 16 45 24 75 66 77 72 52 20 18 0 39 28 54 76 31 71 27 9 69 60 42 23 70 73 58 61 
68 21 33 27 16 14 30 61 48 55 15 3 34 6 42 28 32 1 0 59 22 13 2 72 17 67 50 40 51 62 11 24 12 26 75 45 52 58 44 4 39 25 9 77 10 60 47 23 76 73 19 70 36 29 38 8 56 66 53 7 5 71 35 64 18 54 65 74 
69 66 16 71 63 52 33 15 53 49 75 18 37 13 56 21 4 70 22 73 47 27 10 45 34 61 31 17 77 64 25 26 8 65 36 40 59 0 1 29 12 39 54 74 3 78 24 5 42 6 9 14 7 43 2 48 20 32 19 51 30 11 44 50 72 67 58 55 38 60 46 
70 37 50 48 1 62 11 58 39 57 28 22 34 30 59 15 4 75 29 46 66 32 69 5 40 33 74 2 55 25 13 43 20 64 38 14 76 0 23 45 6 72 54 52 71 41 17 9 42 36 51 18 24 21 65 68 10 61 16 73 44 31 27 78 26 63 7 3 47 67 35 
71 43 44 69 49 37 20 2 58 24 45 14 28 59 7 1 15 60 34 65 77 39 73 31 0 62 3 76 41 66 4 6 57 56 23 70 38 64 36 54 42 12 25 53 19 8 35 50 61 11 63 51 22 10 46 67 48 47 17 68 55 18 52 30 74 33 75 13 27 
72 65 57 55 13 37 78 22 50 10 61 35 58 7 43 1 56 36 73 68 6 74 59 41 16 32 34 40 76 77 46 64 28 4 47 70 18 27 9 45 21 26 33 52 3 29 39 31 63 0 53 67 42 30 49 44 38 51 54 15 17 69 14 12 2 8 19 75 
73 62 3 50 11 63 15 56 52 60 7 61 66 39 69 26 53 72 29 44 5 22 55 71 59 33 17 48 36 46 28 78 30 27 2 40 38 58 23 21 9 68 65 74 1 75 70 76 42 41 31 34 35 4 14 18 13 0 24 19 47 64 54 67 32 
74 50 47 8 14 62 44 38 56 51 39 10 40 33 67 23 49 46 32 29 70 45 13 24 72 3 11 21 37 66 15 17 36 6 64 30 69 57 53 27 4 41 20 22 55 48 73 63 43 52 58 25 5 61 7 35 60 59 18 26 76 78 71 16 54 68 9 
75 37 6 65 54 50 16 63 20 53 69 8 31 62 70 51 61 47 56 23 55 36 27 11 45 66 39 0 77 32 38 57 21 17 76 58 48 68 18 25 44 4 29 22 2 41 10 9 14 67 24 73 15 33 59 12 1 13 5 49 3 40 46 71 30 72 
76 42 3 55 41 36 34 50 14 77 54 35 39 46 4 15 32 66 58 7 31 47 28 27 26 11 25 37 45 16 20 75 43 62 64 59 72 71 70 49 56 6 5 38 53 44 30 2 51 48 40 0 61 63 65 68 60 10 9 33 73 8 24 67 21 74 19 13 52 57 
77 1 44 24 5 8 34 54 32 36 76 30 58 18 23 41 3 17 48 14 6 38 75 20 64 43 47 52 60 69 50 39 71 29 55 72 10 78 68 26 37 15 0 9 53 56 49 35 67 21 61 12 19 42 2 16 40 31 25 66 7 62 45 13 63 22 
78 12 28 21 52 65 42 38 72 2 30 39 48 15 46 24 35 56 8 58 47 36 61 18 3 49 33 51 73 19 34 77 59 17 22 31 1 16 9 10 13 6 69 14 40 23 20 44 7 54 63 55 64 11 41 70 29 62 53 37 60 5 74 32 57 25 
