0 5 38 2 16 8 6 14 37 17 20 7 22 25 15 26 28 18 13 39 9 36 33 24 12 27 4 23 32 19 10 21 1 11 3 
1 3 11 34 19 6 12 18 39 17 23 37 30 38 25 26 35 21 31 15 7 9 10 22 36 24 4 8 16 5 29 20 14 13 32 0 40 27 2 
2 8 22 4 29 0 30 32 37 35 6 5 28 9 12 13 15 27 26 10 31 23 19 20 40 24 25 14 38 34 1 
3 1 11 10 22 39 18 40 13 25 16 35 5 4 31 9 33 26 21 7 15 27 20 28 29 24 23 36 32 8 12 17 0 14 
4 37 25 20 2 33 17 35 24 9 31 3 34 16 29 8 22 18 7 15 6 19 27 1 10 11 14 26 0 36 39 28 5 38 32 13 40 23 12 
5 35 0 27 37 36 14 20 3 2 8 12 18 23 19 10 13 32 33 31 15 30 34 11 40 6 22 28 24 1 17 9 29 38 4 16 21 26 7 
6 18 34 1 38 7 2 32 8 37 10 0 35 21 19 23 27 25 30 40 9 5 4 17 15 26 13 20 36 11 22 28 29 16 12 39 
7 22 21 12 6 16 38 24 26 31 23 25 39 29 0 13 1 33 4 32 34 3 18 28 20 14 40 11 8 27 10 35 5 15 
8 36 20 19 2 29 0 14 5 31 39 6 27 11 40 23 28 4 16 32 24 22 34 30 35 25 12 18 1 33 9 37 13 10 26 15 7 17 3 
9 25 37 22 38 4 29 36 2 26 10 3 1 21 27 19 33 6 13 30 28 39 35 34 0 16 31 11 15 8 5 32 17 14 
10 13 3 18 23 22 24 9 5 40 6 25 34 26 31 11 20 19 1 33 2 27 37 4 28 15 16 36 17 39 30 21 0 8 7 14 
11 3 1 22 33 17 36 40 28 35 12 8 30 34 14 10 16 27 5 29 18 37 39 19 15 26 20 4 24 9 6 25 7 38 0 
12 24 14 7 37 38 1 16 18 32 33 11 5 2 20 13 36 21 22 31 28 17 29 27 19 34 8 0 3 6 39 26 35 4 
13 40 10 22 24 39 3 17 27 19 18 2 12 31 5 38 20 7 37 15 29 32 21 9 0 6 36 30 28 16 8 34 1 23 26 4 25 
14 20 22 28 26 12 5 21 8 33 36 18 16 0 30 34 32 11 17 35 29 15 40 37 38 7 4 9 2 1 27 23 10 24 3 
15 25 33 40 35 30 36 20 29 19 31 5 1 2 13 0 23 4 17 24 32 22 3 6 16 11 10 14 21 9 28 8 38 26 34 37 7 
16 29 7 0 3 25 34 12 37 17 14 31 22 11 36 4 8 26 33 20 18 15 9 32 35 1 21 28 27 10 40 39 23 13 19 38 6 30 5 
17 31 36 11 22 4 13 32 1 16 28 39 25 0 14 12 38 27 37 15 6 33 19 21 29 10 5 34 9 20 24 8 40 3 
18 21 35 10 6 3 26 19 12 1 39 29 5 13 14 32 33 11 27 4 20 0 25 7 34 30 16 8 28 38 24 40 
19 23 33 36 8 1 21 34 18 13 5 27 29 24 39 15 6 10 38 40 9 4 12 17 20 11 30 2 32 25 16 0 22 35 28 37 
20 35 8 34 14 4 39 5 32 37 29 33 36 12 15 22 0 27 24 13 10 26 18 38 30 16 19 3 7 40 2 28 6 11 17 1 23 21 31 
21 18 29 7 19 14 33 25 12 39 28 32 6 40 1 35 36 9 37 3 13 22 17 31 23 15 16 30 24 10 0 5 20 34 27 
22 13 11 7 3 14 2 40 9 17 34 31 23 10 37 35 20 12 16 0 33 1 4 38 5 15 8 21 6 36 26 39 19 27 
23 19 26 22 10 7 5 1 35 24 33 32 8 31 6 38 25 15 34 28 27 40 2 21 16 0 37 20 3 14 13 4 
24 12 13 27 7 4 26 10 23 34 19 28 36 20 37 8 15 1 32 35 0 5 11 2 21 29 3 25 17 30 18 14 
25 15 9 4 39 3 16 32 27 21 38 7 10 17 1 36 0 23 6 18 8 34 29 31 19 2 11 33 24 40 35 13 28 
26 34 23 14 29 18 7 24 9 40 10 1 3 35 0 20 28 2 16 39 6 11 4 31 22 33 32 8 27 38 13 36 15 12 5 
27 5 24 30 36 13 25 29 32 19 8 20 28 40 6 11 17 2 9 18 35 12 10 4 23 3 38 0 16 14 26 34 7 1 22 21 
28 30 14 39 35 33 11 2 31 17 21 24 12 8 27 34 36 26 23 0 32 9 7 10 38 37 20 5 13 3 16 15 6 18 4 19 25 
29 21 37 16 2 26 8 32 18 20 38 27 35 9 19 39 15 7 33 12 4 11 13 36 30 14 25 3 17 1 6 34 5 24 40 
30 36 28 2 34 27 15 37 11 1 14 31 5 35 40 6 9 18 29 20 8 19 13 39 21 10 38 24 16 
31 17 38 40 22 7 4 8 28 3 33 13 32 15 5 16 10 30 12 1 23 34 36 2 35 21 25 9 26 20 
32 2 36 29 25 20 17 12 35 6 27 18 5 31 14 21 23 13 8 28 7 15 24 39 33 16 19 9 37 0 26 1 3 38 4 
33 19 11 4 15 38 35 28 12 21 20 14 23 31 5 37 29 18 3 22 7 10 9 17 16 40 0 32 39 8 26 25 34 
34 26 20 6 1 22 30 19 16 35 24 10 11 4 14 39 5 37 28 38 23 7 31 18 12 8 9 25 29 17 13 40 27 33 15 2 21 
35 5 20 18 2 28 33 4 3 15 11 34 32 29 38 23 22 6 36 30 1 21 26 14 27 9 8 31 24 16 39 37 40 19 12 25 7 
36 19 8 17 30 11 32 27 5 38 9 20 14 12 15 35 25 24 16 21 28 37 1 39 29 31 13 0 6 10 22 4 3 26 40 
37 4 29 5 9 12 2 20 16 30 22 1 6 0 33 24 38 13 34 36 21 17 11 10 28 14 39 32 8 35 23 15 19 
38 0 31 40 6 12 7 33 9 36 29 25 35 1 13 39 37 19 17 23 34 22 20 27 28 14 30 16 18 5 15 11 26 32 4 2 
39 3 25 13 20 28 18 1 8 7 29 17 19 21 34 38 36 9 11 0 26 32 33 30 16 35 37 10 22 4 12 6 40 
40 13 22 3 38 31 11 15 10 26 8 21 27 19 5 30 6 23 20 33 14 16 2 35 34 7 25 17 1 39 4 36 18 29 
