0 36 
0 30 
0 14 
0 26 
0 23 
0 28 
0 11 
0 9 
0 22 
0 3 
0 10 
0 41 
0 17 
0 45 
0 2 
0 1 
0 31 
0 18 
0 20 
0 4 
0 29 
0 35 
0 7 
0 32 
0 34 
0 13 
0 42 
0 25 
0 5 
1 27 
1 43 
1 9 
1 13 
1 37 
1 20 
1 21 
1 3 
1 22 
1 47 
1 0 
1 36 
1 32 
1 33 
1 35 
1 16 
1 2 
1 38 
1 45 
1 40 
1 14 
1 15 
1 41 
1 34 
1 29 
1 18 
2 22 
2 47 
2 32 
2 15 
2 35 
2 37 
2 4 
2 19 
2 17 
2 3 
2 0 
2 5 
2 16 
2 30 
2 40 
2 36 
2 45 
2 1 
2 41 
2 12 
2 10 
2 44 
2 27 
2 34 
3 41 
3 20 
3 40 
3 15 
3 13 
3 0 
3 36 
3 1 
3 31 
3 2 
3 14 
3 29 
3 32 
3 18 
3 34 
3 39 
3 6 
3 16 
3 23 
3 38 
3 37 
3 24 
3 27 
3 26 
4 40 
4 39 
4 20 
4 48 
4 38 
4 2 
4 8 
4 6 
4 33 
4 36 
4 27 
4 5 
4 25 
4 24 
4 14 
4 26 
4 0 
4 13 
4 28 
4 29 
4 23 
4 43 
4 11 
4 22 
4 9 
5 29 
5 25 
5 43 
5 10 
5 37 
5 35 
5 7 
5 2 
5 4 
5 18 
5 41 
5 28 
5 42 
5 9 
5 16 
5 46 
5 15 
5 27 
5 8 
5 0 
6 13 
6 41 
6 29 
6 23 
6 36 
6 14 
6 26 
6 39 
6 38 
6 46 
6 19 
6 4 
6 43 
6 40 
6 17 
6 3 
6 47 
6 9 
6 33 
6 30 
6 10 
6 31 
6 44 
6 27 
6 8 
6 22 
6 18 
7 40 
7 17 
7 31 
7 38 
7 30 
7 20 
7 27 
7 35 
7 24 
7 46 
7 26 
7 5 
7 16 
7 25 
7 47 
7 22 
7 34 
7 28 
7 19 
7 37 
7 44 
7 0 
7 43 
7 23 
7 32 
7 39 
8 44 
8 27 
8 26 
8 13 
8 36 
8 24 
8 46 
8 21 
8 20 
8 19 
8 4 
8 29 
8 30 
8 23 
8 32 
8 37 
8 47 
8 31 
8 11 
8 5 
8 14 
8 6 
8 35 
8 17 
9 1 
9 13 
9 36 
9 0 
9 33 
9 48 
9 20 
9 28 
9 32 
9 19 
9 26 
9 16 
9 44 
9 15 
9 47 
9 17 
9 43 
9 30 
9 22 
9 41 
9 5 
9 6 
9 40 
9 4 
10 20 
10 38 
10 12 
10 33 
10 32 
10 48 
10 47 
10 5 
10 44 
10 0 
10 14 
10 28 
10 29 
10 22 
10 23 
10 27 
10 43 
10 16 
10 39 
10 2 
10 35 
10 6 
10 46 
10 24 
10 41 
11 44 
11 0 
11 39 
11 43 
11 29 
11 15 
11 18 
11 40 
11 42 
11 22 
11 25 
11 45 
11 26 
11 14 
11 8 
11 4 
11 37 
11 47 
12 18 
12 21 
12 10 
12 28 
12 35 
12 23 
12 38 
12 32 
12 47 
12 44 
12 13 
12 43 
12 48 
12 20 
12 34 
12 27 
12 42 
12 2 
12 15 
12 24 
12 45 
12 40 
12 16 
13 6 
13 40 
13 38 
13 42 
13 15 
13 31 
13 9 
13 1 
13 8 
13 3 
13 33 
13 32 
13 43 
13 12 
13 27 
13 19 
13 4 
13 29 
13 35 
13 22 
13 0 
13 46 
13 41 
13 45 
14 31 
14 0 
14 24 
14 41 
14 6 
14 43 
14 10 
14 45 
14 3 
14 18 
14 42 
14 20 
14 30 
14 40 
14 4 
14 37 
14 35 
14 11 
14 17 
14 1 
14 8 
14 28 
14 36 
15 29 
15 13 
15 3 
15 36 
15 33 
15 2 
15 31 
15 26 
15 44 
15 21 
15 9 
15 40 
15 11 
15 17 
15 16 
15 47 
15 34 
15 20 
15 41 
15 5 
15 12 
15 1 
15 30 
15 32 
15 39 
16 26 
16 25 
16 18 
16 9 
16 36 
16 22 
16 15 
16 7 
16 48 
16 40 
16 2 
16 39 
16 1 
16 44 
16 5 
16 10 
16 3 
16 21 
16 45 
16 41 
16 33 
16 12 
17 29 
17 7 
17 43 
17 27 
17 32 
17 38 
17 37 
17 0 
17 44 
17 2 
17 9 
17 15 
17 22 
17 24 
17 35 
17 30 
17 6 
17 48 
17 47 
17 19 
17 23 
17 14 
17 41 
17 28 
17 26 
17 8 
18 12 
18 39 
18 27 
18 22 
18 16 
18 42 
18 11 
18 20 
18 31 
18 14 
18 3 
18 5 
18 0 
18 46 
18 29 
18 21 
18 1 
18 28 
18 44 
18 6 
18 19 
18 45 
19 47 
19 23 
19 45 
19 24 
19 25 
19 8 
19 36 
19 9 
19 2 
19 46 
19 6 
19 27 
19 34 
19 41 
19 32 
19 22 
19 7 
19 30 
19 13 
19 21 
19 17 
19 43 
19 33 
19 31 
19 18 
19 37 
20 3 
20 10 
20 41 
20 34 
20 36 
20 26 
20 8 
20 4 
20 9 
20 1 
20 40 
20 7 
20 25 
20 18 
20 37 
20 35 
20 22 
20 14 
20 30 
20 15 
20 12 
20 46 
20 38 
20 0 
20 27 
20 32 
20 44 
20 29 
21 48 
21 12 
21 42 
21 44 
21 8 
21 15 
21 1 
21 22 
21 34 
21 25 
21 16 
21 19 
21 18 
21 35 
21 29 
21 27 
21 36 
22 44 
22 24 
22 2 
22 42 
22 46 
22 18 
22 0 
22 28 
22 48 
22 26 
22 40 
22 16 
22 21 
22 1 
22 31 
22 19 
22 17 
22 20 
22 25 
22 11 
22 7 
22 9 
22 10 
22 36 
22 33 
22 29 
22 27 
22 13 
22 38 
22 37 
22 4 
22 6 
23 25 
23 43 
23 19 
23 0 
23 6 
23 12 
23 24 
23 30 
23 32 
23 8 
23 40 
23 26 
23 10 
23 46 
23 37 
23 17 
23 4 
23 3 
23 33 
23 36 
23 7 
23 35 
23 31 
24 47 
24 22 
24 14 
24 29 
24 8 
24 19 
24 38 
24 23 
24 7 
24 17 
24 41 
24 43 
24 33 
24 25 
24 35 
24 4 
24 40 
24 30 
24 39 
24 34 
24 31 
24 12 
24 36 
24 10 
24 3 
24 37 
25 23 
25 28 
25 45 
25 30 
25 44 
25 19 
25 5 
25 16 
25 20 
25 47 
25 7 
25 27 
25 24 
25 22 
25 11 
25 4 
25 21 
25 35 
25 31 
25 0 
26 37 
26 16 
26 48 
26 0 
26 47 
26 29 
26 46 
26 20 
26 8 
26 15 
26 6 
26 22 
26 9 
26 36 
26 33 
26 7 
26 23 
26 4 
26 11 
26 40 
26 30 
26 27 
26 17 
26 3 
26 43 
27 42 
27 1 
27 8 
27 18 
27 17 
27 30 
27 31 
27 34 
27 7 
27 19 
27 4 
27 25 
27 38 
27 41 
27 47 
27 13 
27 10 
27 44 
27 46 
27 28 
27 12 
27 5 
27 20 
27 22 
27 2 
27 26 
27 6 
27 40 
27 3 
27 21 
28 25 
28 0 
28 12 
28 32 
28 22 
28 45 
28 9 
28 40 
28 48 
28 10 
28 5 
28 29 
28 31 
28 7 
28 27 
28 4 
28 47 
28 18 
28 36 
28 17 
28 14 
28 41 
29 44 
29 15 
29 17 
29 6 
29 26 
29 5 
29 24 
29 33 
29 36 
29 11 
29 8 
29 37 
29 3 
29 42 
29 34 
29 10 
29 28 
29 47 
29 22 
29 18 
29 48 
29 0 
29 4 
29 40 
29 13 
29 1 
29 21 
29 45 
29 20 
29 32 
30 0 
30 34 
30 25 
30 27 
30 7 
30 23 
30 8 
30 9 
30 41 
30 17 
30 2 
30 45 
30 20 
30 14 
30 19 
30 24 
30 6 
30 40 
30 26 
30 15 
30 37 
31 14 
31 13 
31 7 
31 44 
31 47 
31 15 
31 27 
31 3 
31 39 
31 22 
31 18 
31 0 
31 28 
31 8 
31 25 
31 6 
31 24 
31 19 
31 23 
32 2 
32 42 
32 28 
32 48 
32 10 
32 17 
32 9 
32 12 
32 33 
32 13 
32 38 
32 19 
32 3 
32 23 
32 1 
32 8 
32 40 
32 46 
32 0 
32 15 
32 20 
32 7 
32 29 
33 37 
33 15 
33 10 
33 9 
33 29 
33 13 
33 47 
33 32 
33 4 
33 41 
33 26 
33 48 
33 24 
33 1 
33 40 
33 22 
33 46 
33 6 
33 34 
33 23 
33 35 
33 16 
33 19 
34 20 
34 30 
34 36 
34 27 
34 19 
34 21 
34 29 
34 47 
34 35 
34 7 
34 45 
34 3 
34 15 
34 37 
34 12 
34 24 
34 33 
34 1 
34 0 
34 2 
35 2 
35 12 
35 5 
35 40 
35 37 
35 7 
35 45 
35 20 
35 17 
35 24 
35 34 
35 1 
35 38 
35 14 
35 41 
35 0 
35 10 
35 25 
35 33 
35 13 
35 48 
35 23 
35 8 
35 21 
36 0 
36 44 
36 15 
36 20 
36 9 
36 6 
36 45 
36 8 
36 29 
36 38 
36 19 
36 3 
36 34 
36 16 
36 26 
36 48 
36 4 
36 41 
36 1 
36 2 
36 22 
36 46 
36 37 
36 23 
36 24 
36 28 
36 14 
36 21 
37 26 
37 47 
37 33 
37 45 
37 1 
37 2 
37 40 
37 5 
37 41 
37 17 
37 35 
37 39 
37 29 
37 20 
37 43 
37 8 
37 7 
37 14 
37 23 
37 34 
37 36 
37 3 
37 22 
37 11 
37 30 
37 19 
37 24 
38 13 
38 10 
38 7 
38 12 
38 4 
38 6 
38 17 
38 36 
38 24 
38 47 
38 45 
38 32 
38 27 
38 43 
38 20 
38 1 
38 35 
38 41 
38 3 
38 22 
38 44 
39 18 
39 4 
39 6 
39 11 
39 31 
39 37 
39 48 
39 16 
39 3 
39 10 
39 24 
39 44 
39 15 
39 7 
40 13 
40 3 
40 7 
40 4 
40 42 
40 47 
40 20 
40 37 
40 48 
40 22 
40 35 
40 15 
40 28 
40 6 
40 11 
40 16 
40 23 
40 14 
40 2 
40 24 
40 33 
40 32 
40 30 
40 26 
40 1 
40 29 
40 44 
40 45 
40 27 
40 12 
40 9 
41 3 
41 45 
41 6 
41 20 
41 44 
41 14 
41 37 
41 0 
41 33 
41 19 
41 47 
41 24 
41 30 
41 36 
41 27 
41 5 
41 9 
41 15 
41 2 
41 35 
41 17 
41 38 
41 1 
41 16 
41 46 
41 48 
41 10 
41 13 
41 28 
42 46 
42 27 
42 13 
42 22 
42 21 
42 40 
42 32 
42 47 
42 18 
42 11 
42 44 
42 29 
42 48 
42 14 
42 5 
42 12 
42 0 
43 23 
43 1 
43 17 
43 5 
43 11 
43 6 
43 14 
43 9 
43 24 
43 13 
43 38 
43 37 
43 12 
43 48 
43 10 
43 19 
43 7 
43 4 
43 26 
44 8 
44 29 
44 36 
44 22 
44 11 
44 41 
44 31 
44 21 
44 25 
44 15 
44 10 
44 9 
44 48 
44 17 
44 12 
44 45 
44 42 
44 16 
44 27 
44 7 
44 2 
44 40 
44 46 
44 6 
44 38 
44 18 
44 39 
44 20 
45 41 
45 37 
45 25 
45 19 
45 36 
45 28 
45 48 
45 38 
45 35 
45 0 
45 14 
45 44 
45 34 
45 30 
45 46 
45 2 
45 11 
45 1 
45 16 
45 40 
45 29 
45 12 
45 13 
45 18 
46 42 
46 26 
46 22 
46 8 
46 6 
46 19 
46 7 
46 45 
46 18 
46 23 
46 48 
46 20 
46 33 
46 36 
46 27 
46 32 
46 5 
46 10 
46 44 
46 41 
46 13 
47 19 
47 26 
47 24 
47 37 
47 2 
47 31 
47 40 
47 10 
47 48 
47 42 
47 33 
47 38 
47 9 
47 41 
47 12 
47 25 
47 1 
47 15 
47 7 
47 34 
47 27 
47 29 
47 8 
47 6 
47 17 
47 28 
47 11 
48 26 
48 21 
48 9 
48 32 
48 4 
48 10 
48 40 
48 22 
48 47 
48 45 
48 44 
48 36 
48 39 
48 33 
48 28 
48 42 
48 16 
48 17 
48 12 
48 46 
48 43 
48 29 
48 41 
48 35 
