0 36 56 28 39 59 51 4 11 26 10 30 17 48 38 40 42 5 21 18 23 
1 9 49 38 15 2 11 39 20 22 33 8 17 26 
2 41 1 51 31 50 27 39 43 37 53 32 46 58 26 
3 23 54 20 44 35 5 57 49 
4 43 5 8 12 0 17 13 48 53 16 
5 21 8 9 42 27 4 45 39 16 3 31 0 10 
6 17 32 49 20 56 11 
7 30 15 37 46 24 25 19 
8 13 57 5 35 32 14 4 49 44 40 1 19 50 41 
9 5 1 13 55 41 51 52 54 10 47 
10 47 46 0 28 9 43 5 
11 13 27 14 54 1 0 29 58 6 36 24 
12 47 28 30 52 4 38 48 57 54 59 
13 59 8 11 50 9 54 49 52 56 4 24 18 
14 24 57 11 50 8 52 33 15 22 
15 20 36 45 18 7 44 58 1 14 30 33 24 53 28 
16 20 25 59 17 5 35 23 47 50 33 32 54 24 4 
17 56 6 21 39 16 37 4 28 0 19 52 45 48 1 38 
18 52 15 53 40 30 43 51 35 24 57 42 54 0 19 50 13 
19 37 33 26 55 21 31 39 58 17 8 18 7 49 
20 15 16 6 3 38 29 36 1 50 49 21 22 23 27 40 
21 5 17 32 19 56 25 42 48 20 0 30 
22 35 55 41 36 29 38 32 27 57 1 37 59 14 20 25 
23 45 27 53 3 31 34 16 29 20 0 51 47 
24 14 31 41 27 18 57 7 42 13 15 45 16 11 
25 42 16 38 36 26 57 37 21 7 50 22 47 
26 32 29 19 25 33 50 49 0 45 1 37 2 
27 52 11 23 5 54 24 22 37 2 32 46 33 20 
28 0 47 58 54 12 42 31 17 30 10 52 15 
29 26 22 42 20 43 46 58 11 41 44 23 51 
30 51 7 35 12 38 18 59 0 56 28 15 39 21 
31 24 34 48 23 32 19 2 54 28 5 58 
32 26 6 48 8 21 22 31 53 34 27 16 2 54 
33 19 35 45 26 53 14 1 16 43 15 27 57 
34 51 31 23 54 32 48 53 58 
35 22 30 8 33 3 18 52 16 47 45 
36 0 58 43 15 52 22 25 57 20 53 59 44 55 11 
37 19 7 45 55 17 25 27 22 48 2 26 
38 59 58 25 30 54 1 22 20 12 0 17 
39 0 17 52 41 5 1 19 58 2 42 57 45 43 30 
40 18 45 8 0 48 20 
41 2 56 59 22 24 47 39 9 29 44 8 
42 54 25 5 43 29 28 18 24 21 39 44 0 
43 36 58 4 42 18 29 52 48 57 33 2 39 10 
44 48 15 51 3 8 36 42 29 41 
45 23 15 37 5 33 26 46 40 17 55 24 39 35 56 
46 10 51 29 7 45 27 2 
47 12 10 28 53 57 56 41 16 9 35 23 25 
48 32 44 31 12 54 34 43 0 4 21 37 17 50 40 59 
49 6 13 1 26 8 54 20 3 19 
50 13 59 14 26 2 16 20 25 48 8 18 51 
51 30 57 34 46 44 0 18 2 9 29 23 50 
52 18 27 36 12 13 39 14 35 43 9 28 17 54 
53 23 18 47 32 36 33 54 4 15 2 34 
54 42 28 3 11 13 38 27 34 31 49 48 9 18 53 12 16 52 32 
55 22 9 19 37 36 45 
56 17 0 41 47 13 21 30 6 45 
57 51 14 8 36 47 25 24 22 18 12 43 3 58 39 33 
58 36 43 28 38 15 29 39 19 11 57 31 2 34 
59 13 38 41 50 16 0 30 36 22 12 48 
