0 9 
0 46 
0 14 
0 10 
0 50 
0 18 
0 52 
0 36 
0 45 
0 29 
0 5 
0 30 
0 3 
0 33 
0 55 
0 15 
0 65 
0 49 
0 19 
0 48 
0 42 
0 62 
0 22 
0 64 
0 40 
0 1 
0 51 
0 4 
0 7 
0 28 
0 24 
0 6 
0 20 
0 53 
0 57 
0 23 
0 54 
0 34 
0 8 
0 66 
0 47 
0 26 
0 17 
0 16 
0 58 
0 61 
0 31 
0 35 
0 44 
0 25 
0 43 
0 63 
0 2 
0 60 
0 59 
0 37 
0 38 
0 39 
0 27 
0 12 
1 6 
1 25 
1 23 
1 44 
1 39 
1 47 
1 31 
1 64 
1 42 
1 4 
1 27 
1 28 
1 57 
1 66 
1 35 
1 62 
1 10 
1 53 
1 61 
1 60 
1 52 
1 12 
1 22 
1 33 
1 3 
1 0 
1 16 
1 54 
1 63 
1 11 
1 40 
1 50 
1 20 
1 46 
1 5 
1 9 
1 7 
1 24 
1 18 
1 48 
1 41 
1 26 
1 8 
1 15 
1 45 
1 49 
1 37 
1 14 
1 21 
1 36 
1 2 
1 29 
1 30 
1 56 
1 19 
1 55 
1 58 
2 37 
2 64 
2 18 
2 22 
2 59 
2 26 
2 12 
2 3 
2 7 
2 39 
2 16 
2 66 
2 38 
2 55 
2 5 
2 49 
2 24 
2 62 
2 35 
2 9 
2 28 
2 23 
2 19 
2 30 
2 29 
2 31 
2 8 
2 34 
2 36 
2 32 
2 57 
2 54 
2 27 
2 21 
2 10 
2 20 
2 46 
2 60 
2 47 
2 48 
2 44 
2 52 
2 14 
2 40 
2 15 
2 63 
2 53 
2 41 
2 43 
2 56 
2 11 
2 0 
2 17 
2 51 
2 25 
2 1 
2 13 
2 61 
3 58 
3 2 
3 27 
3 32 
3 63 
3 65 
3 16 
3 30 
3 64 
3 9 
3 0 
3 31 
3 38 
3 49 
3 51 
3 37 
3 8 
3 59 
3 53 
3 12 
3 19 
3 4 
3 14 
3 52 
3 13 
3 57 
3 1 
3 21 
3 34 
3 35 
3 23 
3 55 
3 5 
3 28 
3 17 
3 48 
3 7 
3 10 
3 56 
3 47 
3 66 
3 29 
3 33 
3 39 
3 54 
3 41 
3 22 
3 26 
3 40 
3 50 
3 36 
3 6 
3 60 
3 43 
4 46 
4 36 
4 37 
4 63 
4 58 
4 9 
4 40 
4 12 
4 54 
4 38 
4 47 
4 1 
4 13 
4 65 
4 29 
4 25 
4 42 
4 44 
4 61 
4 3 
4 34 
4 8 
4 27 
4 53 
4 0 
4 48 
4 39 
4 21 
4 41 
4 52 
4 14 
4 28 
4 5 
4 49 
4 66 
4 43 
4 51 
4 55 
4 35 
4 22 
4 64 
4 16 
4 50 
4 20 
4 7 
4 57 
4 26 
4 6 
4 17 
4 56 
4 59 
4 30 
4 19 
4 62 
4 24 
5 57 
5 55 
5 7 
5 29 
5 65 
5 42 
5 0 
5 31 
5 60 
5 25 
5 35 
5 39 
5 37 
5 26 
5 13 
5 2 
5 38 
5 12 
5 34 
5 6 
5 21 
5 23 
5 41 
5 46 
5 17 
5 56 
5 18 
5 3 
5 62 
5 64 
5 45 
5 61 
5 4 
5 50 
5 8 
5 9 
5 1 
5 11 
5 36 
5 49 
5 52 
5 53 
5 47 
5 27 
5 51 
5 63 
5 30 
5 24 
5 44 
5 32 
5 22 
5 54 
5 28 
5 16 
5 66 
5 48 
5 20 
5 14 
5 40 
5 58 
5 43 
6 9 
6 1 
6 27 
6 28 
6 59 
6 24 
6 62 
6 21 
6 46 
6 60 
6 15 
6 7 
6 43 
6 17 
6 8 
6 54 
6 47 
6 56 
6 40 
6 14 
6 45 
6 65 
6 33 
6 50 
6 35 
6 63 
6 41 
6 5 
6 22 
6 16 
6 38 
6 26 
6 32 
6 52 
6 0 
6 49 
6 34 
6 51 
6 66 
6 48 
6 10 
6 64 
6 29 
6 20 
6 23 
6 58 
6 13 
6 61 
6 57 
6 53 
6 4 
6 36 
6 12 
6 44 
6 3 
6 11 
7 27 
7 11 
7 5 
7 25 
7 6 
7 2 
7 54 
7 26 
7 58 
7 16 
7 14 
7 18 
7 55 
7 52 
7 17 
7 45 
7 39 
7 13 
7 28 
7 56 
7 10 
7 0 
7 23 
7 32 
7 43 
7 20 
7 34 
7 3 
7 66 
7 63 
7 47 
7 41 
7 1 
7 38 
7 59 
7 62 
7 24 
7 12 
7 49 
7 31 
7 42 
7 29 
7 53 
7 64 
7 19 
7 48 
7 35 
7 4 
7 37 
7 36 
7 61 
7 30 
7 33 
7 46 
7 40 
7 8 
7 50 
7 51 
7 22 
7 60 
8 52 
8 13 
8 32 
8 29 
8 50 
8 43 
8 47 
8 36 
8 44 
8 65 
8 41 
8 6 
8 30 
8 37 
8 17 
8 26 
8 48 
8 51 
8 35 
8 21 
8 3 
8 66 
8 40 
8 56 
8 33 
8 49 
8 38 
8 4 
8 2 
8 14 
8 60 
8 10 
8 18 
8 54 
8 63 
8 59 
8 22 
8 19 
8 39 
8 9 
8 5 
8 0 
8 20 
8 58 
8 31 
8 25 
8 1 
8 53 
8 62 
8 15 
8 12 
8 34 
8 46 
8 24 
8 23 
8 7 
8 16 
8 61 
8 11 
9 37 
9 6 
9 0 
9 40 
9 4 
9 41 
9 23 
9 32 
9 36 
9 58 
9 24 
9 51 
9 16 
9 22 
9 3 
9 13 
9 61 
9 62 
9 55 
9 2 
9 57 
9 19 
9 30 
9 64 
9 11 
9 54 
9 29 
9 33 
9 12 
9 45 
9 25 
9 53 
9 48 
9 8 
9 14 
9 42 
9 5 
9 1 
9 59 
9 46 
9 49 
9 43 
9 20 
9 31 
9 66 
9 35 
9 15 
9 47 
9 28 
9 27 
9 65 
9 60 
9 50 
9 18 
9 44 
9 10 
9 52 
9 21 
9 26 
9 63 
9 17 
10 43 
10 23 
10 19 
10 66 
10 65 
10 0 
10 13 
10 28 
10 62 
10 15 
10 36 
10 49 
10 57 
10 53 
10 33 
10 22 
10 35 
10 1 
10 20 
10 8 
10 7 
10 34 
10 14 
10 56 
10 52 
10 45 
10 32 
10 11 
10 2 
10 55 
10 30 
10 3 
10 41 
10 16 
10 58 
10 25 
10 39 
10 6 
10 59 
10 63 
10 64 
10 47 
10 40 
10 17 
10 12 
10 9 
10 54 
10 37 
10 60 
10 29 
11 7 
11 28 
11 29 
11 32 
11 27 
11 40 
11 14 
11 54 
11 20 
11 35 
11 19 
11 62 
11 51 
11 55 
11 9 
11 15 
11 43 
11 60 
11 10 
11 31 
11 21 
11 38 
11 1 
11 17 
11 37 
11 47 
11 50 
11 5 
11 22 
11 39 
11 63 
11 23 
11 46 
11 24 
11 16 
11 34 
11 56 
11 65 
11 52 
11 30 
11 49 
11 2 
11 58 
11 53 
11 44 
11 25 
11 26 
11 42 
11 36 
11 6 
11 13 
11 8 
12 21 
12 41 
12 4 
12 17 
12 2 
12 24 
12 14 
12 49 
12 20 
12 36 
12 47 
12 55 
12 50 
12 54 
12 51 
12 5 
12 64 
12 48 
12 18 
12 31 
12 52 
12 3 
12 13 
12 23 
12 65 
12 42 
12 1 
12 19 
12 63 
12 26 
12 37 
12 45 
12 61 
12 43 
12 34 
12 39 
12 9 
12 44 
12 59 
12 27 
12 15 
12 58 
12 7 
12 22 
12 38 
12 8 
12 46 
12 53 
12 66 
12 57 
12 10 
12 25 
12 6 
12 62 
12 28 
12 40 
12 30 
12 56 
12 0 
12 60 
12 29 
13 8 
13 65 
13 10 
13 61 
13 63 
13 44 
13 21 
13 4 
13 45 
13 35 
13 31 
13 15 
13 24 
13 40 
13 9 
13 47 
13 5 
13 17 
13 33 
13 46 
13 19 
13 7 
13 27 
13 12 
13 52 
13 53 
13 32 
13 3 
13 58 
13 36 
13 14 
13 55 
13 64 
13 51 
13 57 
13 37 
13 49 
13 42 
13 26 
13 34 
13 20 
13 60 
13 6 
13 39 
13 56 
13 25 
13 62 
13 50 
13 43 
13 59 
13 2 
13 22 
13 16 
13 41 
13 11 
13 38 
14 17 
14 33 
14 38 
14 64 
14 50 
14 0 
14 65 
14 27 
14 12 
14 54 
14 39 
14 45 
14 40 
14 41 
14 6 
14 66 
14 62 
14 7 
14 11 
14 28 
14 23 
14 19 
14 24 
14 37 
14 3 
14 48 
14 58 
14 26 
14 13 
14 52 
14 8 
14 31 
14 10 
14 36 
14 15 
14 47 
14 4 
14 9 
14 16 
14 49 
14 63 
14 60 
14 56 
14 2 
14 51 
14 53 
14 21 
14 30 
14 57 
14 46 
14 1 
14 43 
14 5 
14 61 
14 34 
14 44 
14 35 
15 18 
15 63 
15 54 
15 58 
15 57 
15 10 
15 61 
15 6 
15 51 
15 49 
15 13 
15 20 
15 50 
15 0 
15 32 
15 44 
15 62 
15 43 
15 31 
15 48 
15 11 
15 26 
15 30 
15 24 
15 14 
15 34 
15 65 
15 36 
15 16 
15 59 
15 19 
15 66 
15 25 
15 23 
15 12 
15 22 
15 2 
15 38 
15 35 
15 52 
15 9 
15 21 
15 37 
15 1 
15 8 
15 28 
15 17 
15 56 
15 33 
15 47 
15 29 
15 27 
15 40 
15 42 
15 64 
16 30 
16 58 
16 20 
16 18 
16 55 
16 64 
16 3 
16 29 
16 41 
16 9 
16 7 
16 27 
16 42 
16 2 
16 44 
16 28 
16 45 
16 47 
16 56 
16 54 
16 52 
16 21 
16 38 
16 37 
16 61 
16 62 
16 6 
16 1 
16 60 
16 63 
16 59 
16 49 
16 53 
16 10 
16 40 
16 15 
16 14 
16 17 
16 50 
16 22 
16 19 
16 0 
16 66 
16 25 
16 11 
16 23 
16 34 
16 51 
16 5 
16 4 
16 32 
16 65 
16 35 
16 13 
16 46 
16 8 
17 14 
17 26 
17 49 
17 35 
17 46 
17 45 
17 12 
17 54 
17 38 
17 34 
17 24 
17 6 
17 8 
17 32 
17 13 
17 48 
17 56 
17 60 
17 61 
17 7 
17 55 
17 27 
17 29 
17 47 
17 39 
17 42 
17 21 
17 43 
17 50 
17 37 
17 64 
17 5 
17 58 
17 20 
17 33 
17 36 
17 3 
17 11 
17 62 
17 22 
17 57 
17 66 
17 16 
17 0 
17 31 
17 53 
17 23 
17 44 
17 59 
17 10 
17 52 
17 2 
17 4 
17 15 
17 19 
17 51 
17 9 
17 41 
18 15 
18 46 
18 2 
18 26 
18 24 
18 54 
18 0 
18 16 
18 43 
18 47 
18 50 
18 28 
18 22 
18 7 
18 63 
18 32 
18 34 
18 40 
18 12 
18 38 
18 60 
18 44 
18 27 
18 8 
18 19 
18 65 
18 58 
18 48 
18 25 
18 5 
18 51 
18 55 
18 39 
18 20 
18 45 
18 57 
18 35 
18 64 
18 56 
18 30 
18 1 
18 33 
18 29 
18 52 
18 41 
18 36 
18 61 
18 9 
18 21 
18 23 
18 62 
19 55 
19 51 
19 37 
19 10 
19 58 
19 52 
19 45 
19 31 
19 40 
19 25 
19 35 
19 14 
19 13 
19 30 
19 3 
19 11 
19 0 
19 2 
19 47 
19 9 
19 56 
19 32 
19 12 
19 66 
19 48 
19 43 
19 18 
19 26 
19 42 
19 8 
19 49 
19 50 
19 46 
19 60 
19 15 
19 64 
19 38 
19 44 
19 29 
19 16 
19 36 
19 23 
19 53 
19 7 
19 41 
19 33 
19 39 
19 63 
19 61 
19 34 
19 17 
19 4 
19 1 
19 21 
20 43 
20 38 
20 25 
20 53 
20 16 
20 27 
20 12 
20 42 
20 15 
20 30 
20 11 
20 41 
20 52 
20 31 
20 46 
20 59 
20 10 
20 40 
20 33 
20 28 
20 39 
20 57 
20 56 
20 22 
20 61 
20 47 
20 17 
20 36 
20 0 
20 66 
20 7 
20 2 
20 1 
20 18 
20 55 
20 9 
20 26 
20 13 
20 6 
20 8 
20 37 
20 23 
20 4 
20 5 
20 48 
20 21 
20 58 
20 44 
20 60 
20 45 
21 12 
21 65 
21 29 
21 34 
21 58 
21 6 
21 39 
21 38 
21 49 
21 55 
21 13 
21 36 
21 45 
21 44 
21 47 
21 8 
21 46 
21 16 
21 59 
21 5 
21 17 
21 42 
21 43 
21 41 
21 22 
21 25 
21 3 
21 32 
21 31 
21 54 
21 48 
21 2 
21 4 
21 11 
21 52 
21 50 
21 57 
21 61 
21 35 
21 33 
21 24 
21 27 
21 30 
21 62 
21 66 
21 15 
21 40 
21 14 
21 56 
21 64 
21 63 
21 1 
21 9 
21 18 
21 28 
21 26 
21 20 
21 60 
21 19 
22 52 
22 59 
22 62 
22 2 
22 31 
22 23 
22 48 
22 55 
22 47 
22 60 
22 30 
22 18 
22 65 
22 9 
22 56 
22 41 
22 45 
22 57 
22 10 
22 33 
22 38 
22 36 
22 32 
22 42 
22 39 
22 0 
22 1 
22 53 
22 51 
22 6 
22 21 
22 58 
22 20 
22 54 
22 28 
22 34 
22 63 
22 66 
22 8 
22 64 
22 44 
22 37 
22 17 
22 35 
22 16 
22 11 
22 15 
22 3 
22 12 
22 43 
22 61 
22 29 
22 5 
22 4 
22 13 
22 49 
22 50 
22 46 
22 7 
23 50 
23 10 
23 34 
23 1 
23 22 
23 31 
23 51 
23 9 
23 56 
23 62 
23 53 
23 25 
23 33 
23 43 
23 36 
23 14 
23 57 
23 65 
23 49 
23 45 
23 12 
23 2 
23 35 
23 5 
23 60 
23 29 
23 64 
23 26 
23 3 
23 7 
23 59 
23 47 
23 54 
23 58 
23 55 
23 0 
23 66 
23 38 
23 32 
23 27 
23 61 
23 52 
23 46 
23 15 
23 39 
23 11 
23 6 
23 17 
23 19 
23 16 
23 24 
23 48 
23 37 
23 20 
23 44 
23 8 
23 18 
23 30 
24 58 
24 36 
24 18 
24 37 
24 6 
24 49 
24 12 
24 46 
24 57 
24 17 
24 9 
24 39 
24 66 
24 13 
24 43 
24 45 
24 35 
24 2 
24 34 
24 41 
24 14 
24 27 
24 60 
24 55 
24 38 
24 44 
24 30 
24 61 
24 0 
24 33 
24 32 
24 15 
24 65 
24 31 
24 1 
24 26 
24 50 
24 7 
24 40 
24 54 
24 21 
24 11 
24 56 
24 5 
24 59 
24 23 
24 62 
24 42 
24 52 
24 8 
24 48 
24 25 
24 4 
25 32 
25 1 
25 48 
25 20 
25 65 
25 43 
25 7 
25 23 
25 4 
25 19 
25 5 
25 36 
25 64 
25 49 
25 26 
25 28 
25 66 
25 40 
25 21 
25 30 
25 18 
25 37 
25 38 
25 9 
25 62 
25 10 
25 29 
25 61 
25 33 
25 53 
25 15 
25 45 
25 39 
25 16 
25 57 
25 50 
25 8 
25 0 
25 59 
25 47 
25 58 
25 63 
25 13 
25 55 
25 2 
25 46 
25 12 
25 35 
25 31 
25 54 
25 11 
25 24 
25 52 
25 51 
25 41 
26 17 
26 52 
26 31 
26 39 
26 28 
26 18 
26 57 
26 54 
26 2 
26 34 
26 35 
26 47 
26 58 
26 7 
26 51 
26 42 
26 8 
26 64 
26 5 
26 25 
26 27 
26 49 
26 14 
26 60 
26 12 
26 15 
26 19 
26 6 
26 23 
26 37 
26 62 
26 40 
26 46 
26 29 
26 38 
26 53 
26 61 
26 41 
26 13 
26 32 
26 30 
26 43 
26 0 
26 24 
26 20 
26 33 
26 56 
26 50 
26 63 
26 3 
26 65 
26 1 
26 66 
26 4 
26 45 
26 11 
26 36 
26 21 
26 9 
26 55 
26 59 
27 7 
27 61 
27 6 
27 37 
27 30 
27 51 
27 35 
27 48 
27 3 
27 14 
27 20 
27 41 
27 1 
27 11 
27 42 
27 28 
27 16 
27 55 
27 46 
27 65 
27 36 
27 45 
27 17 
27 13 
27 26 
27 24 
27 44 
27 33 
27 63 
27 4 
27 58 
27 18 
27 54 
27 56 
27 2 
27 66 
27 52 
27 49 
27 47 
27 62 
27 39 
27 23 
27 31 
27 12 
27 32 
27 43 
27 21 
27 5 
27 34 
27 59 
27 40 
27 9 
27 57 
27 53 
27 29 
27 15 
27 60 
27 0 
28 26 
28 6 
28 10 
28 11 
28 61 
28 1 
28 63 
28 18 
28 48 
28 27 
28 16 
28 65 
28 35 
28 14 
28 45 
28 60 
28 52 
28 42 
28 37 
28 41 
28 7 
28 2 
28 38 
28 20 
28 25 
28 29 
28 59 
28 64 
28 57 
28 22 
28 0 
28 58 
28 31 
28 3 
28 33 
28 56 
28 4 
28 39 
28 36 
28 62 
28 40 
28 44 
28 9 
28 55 
28 15 
28 5 
28 30 
28 43 
28 50 
28 12 
28 47 
28 21 
28 51 
28 66 
29 40 
29 42 
29 21 
29 30 
29 36 
29 38 
29 8 
29 39 
29 5 
29 32 
29 11 
29 0 
29 16 
29 4 
29 48 
29 47 
29 46 
29 17 
29 59 
29 31 
29 52 
29 2 
29 53 
29 28 
29 23 
29 9 
29 63 
29 57 
29 50 
29 26 
29 25 
29 3 
29 19 
29 60 
29 6 
29 41 
29 66 
29 7 
29 18 
29 35 
29 65 
29 22 
29 43 
29 45 
29 1 
29 27 
29 34 
29 15 
29 58 
29 10 
29 12 
30 29 
30 27 
30 43 
30 16 
30 50 
30 66 
30 22 
30 0 
30 3 
30 61 
30 36 
30 8 
30 46 
30 20 
30 31 
30 33 
30 58 
30 53 
30 19 
30 35 
30 32 
30 9 
30 2 
30 63 
30 65 
30 25 
30 24 
30 15 
30 10 
30 48 
30 26 
30 38 
30 18 
30 42 
30 21 
30 5 
30 11 
30 14 
30 34 
30 28 
30 59 
30 7 
30 41 
30 4 
30 1 
30 12 
30 44 
30 23 
31 26 
31 41 
31 62 
31 59 
31 42 
31 22 
31 1 
31 46 
31 23 
31 43 
31 13 
31 61 
31 5 
31 54 
31 19 
31 60 
31 40 
31 65 
31 3 
31 45 
31 30 
31 12 
31 20 
31 29 
31 66 
31 64 
31 2 
31 15 
31 14 
31 21 
31 37 
31 39 
31 33 
31 28 
31 11 
31 50 
31 38 
31 52 
31 24 
31 32 
31 27 
31 34 
31 35 
31 17 
31 9 
31 56 
31 36 
31 7 
31 0 
31 8 
31 55 
31 47 
31 58 
31 48 
31 25 
31 44 
31 51 
31 53 
31 49 
32 51 
32 33 
32 25 
32 55 
32 8 
32 38 
32 3 
32 29 
32 11 
32 9 
32 34 
32 63 
32 36 
32 17 
32 48 
32 18 
32 22 
32 57 
32 37 
32 30 
32 13 
32 15 
32 19 
32 21 
32 58 
32 2 
32 6 
32 7 
32 10 
32 43 
32 45 
32 46 
32 24 
32 66 
32 23 
32 31 
32 50 
32 26 
32 52 
32 27 
32 65 
32 49 
32 54 
32 53 
32 62 
32 40 
32 5 
32 44 
32 16 
32 64 
32 47 
32 41 
32 35 
32 60 
32 56 
33 32 
33 14 
33 41 
33 58 
33 56 
33 65 
33 39 
33 49 
33 23 
33 0 
33 66 
33 10 
33 47 
33 55 
33 22 
33 45 
33 13 
33 30 
33 6 
33 53 
33 63 
33 51 
33 61 
33 46 
33 8 
33 64 
33 20 
33 59 
33 27 
33 1 
33 42 
33 31 
33 9 
33 52 
33 24 
33 17 
33 28 
33 40 
33 43 
33 3 
33 25 
33 35 
33 26 
33 36 
33 18 
33 21 
33 60 
33 62 
33 44 
33 19 
33 7 
33 50 
33 34 
33 54 
33 15 
33 38 
33 37 
34 21 
34 23 
34 26 
34 44 
34 59 
34 63 
34 58 
34 17 
34 56 
34 32 
34 41 
34 46 
34 18 
34 24 
34 5 
34 45 
34 62 
34 61 
34 4 
34 42 
34 2 
34 10 
34 3 
34 22 
34 12 
34 47 
34 55 
34 43 
34 7 
34 15 
34 6 
34 0 
34 31 
34 36 
34 13 
34 50 
34 60 
34 51 
34 35 
34 11 
34 27 
34 37 
34 16 
34 57 
34 30 
34 54 
34 48 
34 8 
34 19 
34 14 
34 49 
34 33 
34 29 
34 40 
35 48 
35 51 
35 17 
35 27 
35 42 
35 37 
35 26 
35 39 
35 41 
35 58 
35 13 
35 49 
35 5 
35 1 
35 46 
35 28 
35 38 
35 24 
35 45 
35 19 
35 11 
35 10 
35 8 
35 2 
35 6 
35 30 
35 23 
35 61 
35 53 
35 62 
35 56 
35 3 
35 66 
35 54 
35 57 
35 22 
35 18 
35 21 
35 31 
35 36 
35 33 
35 9 
35 34 
35 47 
35 15 
35 0 
35 29 
35 63 
35 7 
35 4 
35 40 
35 52 
35 60 
35 25 
35 55 
35 32 
35 14 
35 16 
36 4 
36 24 
36 57 
36 50 
36 58 
36 29 
36 52 
36 45 
36 0 
36 8 
36 10 
36 48 
36 9 
36 42 
36 12 
36 51 
36 21 
36 56 
36 30 
36 32 
36 23 
36 25 
36 55 
36 27 
36 39 
36 22 
36 65 
36 47 
36 13 
36 49 
36 38 
36 2 
36 66 
36 40 
36 20 
36 14 
36 64 
36 43 
36 61 
36 17 
36 15 
36 46 
36 5 
36 34 
36 28 
36 35 
36 33 
36 31 
36 19 
36 44 
36 62 
36 18 
36 59 
36 7 
36 53 
36 1 
36 3 
36 6 
36 63 
36 26 
36 11 
37 9 
37 2 
37 27 
37 4 
37 19 
37 24 
37 35 
37 59 
37 52 
37 55 
37 61 
37 65 
37 43 
37 8 
37 5 
37 3 
37 28 
37 46 
37 14 
37 50 
37 44 
37 51 
37 41 
37 32 
37 16 
37 66 
37 17 
37 12 
37 47 
37 31 
37 45 
37 26 
37 25 
37 49 
37 40 
37 13 
37 62 
37 63 
37 11 
37 38 
37 56 
37 22 
37 48 
37 20 
37 42 
37 34 
37 15 
37 39 
37 64 
37 1 
37 58 
37 23 
37 60 
37 7 
37 53 
37 0 
37 10 
37 33 
37 54 
38 41 
38 14 
38 40 
38 43 
38 56 
38 20 
38 29 
38 39 
38 32 
38 4 
38 61 
38 21 
38 17 
38 2 
38 35 
38 5 
38 3 
38 22 
38 57 
38 65 
38 50 
38 46 
38 18 
38 28 
38 16 
38 8 
38 24 
38 44 
38 36 
38 6 
38 45 
38 63 
38 58 
38 25 
38 11 
38 49 
38 31 
38 37 
38 23 
38 26 
38 7 
38 19 
38 59 
38 30 
38 54 
38 53 
38 15 
38 42 
38 12 
38 0 
38 51 
38 33 
38 13 
39 26 
39 58 
39 63 
39 60 
39 38 
39 46 
39 1 
39 29 
39 21 
39 35 
39 33 
39 14 
39 2 
39 24 
39 5 
39 7 
39 36 
39 17 
39 64 
39 22 
39 20 
39 42 
39 59 
39 53 
39 47 
39 31 
39 48 
39 12 
39 54 
39 4 
39 8 
39 18 
39 41 
39 27 
39 10 
39 3 
39 23 
39 28 
39 51 
39 55 
39 11 
39 25 
39 56 
39 66 
39 13 
39 49 
39 19 
39 37 
39 44 
39 50 
39 61 
39 0 
39 65 
39 45 
40 38 
40 29 
40 66 
40 9 
40 4 
40 46 
40 11 
40 14 
40 6 
40 19 
40 52 
40 13 
40 60 
40 31 
40 44 
40 58 
40 18 
40 49 
40 8 
40 20 
40 47 
40 57 
40 25 
40 0 
40 59 
40 42 
40 36 
40 37 
40 1 
40 43 
40 33 
40 48 
40 26 
40 55 
40 16 
40 65 
40 24 
40 2 
40 41 
40 63 
40 3 
40 32 
40 28 
40 21 
40 27 
40 62 
40 10 
40 35 
40 53 
40 51 
40 5 
40 64 
40 7 
40 12 
40 15 
40 34 
41 38 
41 64 
41 52 
41 31 
41 33 
41 12 
41 35 
41 65 
41 9 
41 27 
41 8 
41 58 
41 16 
41 59 
41 14 
41 43 
41 34 
41 56 
41 22 
41 61 
41 20 
41 24 
41 28 
41 54 
41 44 
41 6 
41 37 
41 21 
41 57 
41 5 
41 49 
41 48 
41 51 
41 4 
41 10 
41 39 
41 7 
41 26 
41 60 
41 50 
41 40 
41 3 
41 1 
41 29 
41 53 
41 47 
41 19 
41 2 
41 18 
41 42 
41 30 
41 66 
41 32 
41 45 
41 46 
41 13 
41 25 
41 17 
42 62 
42 29 
42 31 
42 35 
42 66 
42 55 
42 1 
42 53 
42 20 
42 56 
42 5 
42 27 
42 36 
42 50 
42 59 
42 61 
42 4 
42 26 
42 44 
42 16 
42 57 
42 60 
42 28 
42 17 
42 47 
42 22 
42 64 
42 0 
42 21 
42 12 
42 39 
42 34 
42 33 
42 51 
42 40 
42 19 
42 63 
42 46 
42 43 
42 52 
42 9 
42 48 
42 54 
42 13 
42 30 
42 7 
42 38 
42 37 
42 41 
42 24 
42 49 
42 11 
42 15 
43 10 
43 55 
43 38 
43 47 
43 20 
43 46 
43 30 
43 57 
43 8 
43 49 
43 25 
43 52 
43 58 
43 31 
43 60 
43 18 
43 6 
43 41 
43 37 
43 23 
43 24 
43 59 
43 45 
43 21 
43 63 
43 17 
43 15 
43 19 
43 12 
43 7 
43 11 
43 48 
43 32 
43 34 
43 62 
43 42 
43 36 
43 40 
43 50 
43 33 
43 26 
43 9 
43 4 
43 27 
43 65 
43 64 
43 22 
43 0 
43 2 
43 29 
43 13 
43 14 
43 28 
43 61 
43 54 
43 3 
43 5 
44 1 
44 34 
44 48 
44 57 
44 8 
44 13 
44 59 
44 56 
44 63 
44 42 
44 16 
44 54 
44 40 
44 4 
44 21 
44 58 
44 41 
44 37 
44 52 
44 51 
44 27 
44 15 
44 24 
44 38 
44 18 
44 53 
44 49 
44 50 
44 12 
44 22 
44 45 
44 60 
44 2 
44 19 
44 17 
44 36 
44 55 
44 0 
44 5 
44 28 
44 33 
44 65 
44 32 
44 62 
44 61 
44 23 
44 39 
44 9 
44 11 
44 14 
44 46 
44 31 
44 6 
44 20 
44 30 
44 64 
45 17 
45 50 
45 56 
45 36 
45 58 
45 63 
45 0 
45 13 
45 14 
45 19 
45 53 
45 47 
45 16 
45 22 
45 24 
45 66 
45 28 
45 65 
45 6 
45 21 
45 33 
45 35 
45 31 
45 54 
45 46 
45 7 
45 27 
45 34 
45 23 
45 43 
45 57 
45 51 
45 12 
45 38 
45 10 
45 37 
45 32 
45 9 
45 5 
45 44 
45 64 
45 18 
45 25 
45 1 
45 48 
45 59 
45 60 
45 26 
45 29 
45 61 
45 41 
45 55 
45 39 
45 20 
46 4 
46 18 
46 17 
46 43 
46 0 
46 39 
46 6 
46 31 
46 40 
46 47 
46 24 
46 35 
46 30 
46 27 
46 65 
46 29 
46 34 
46 64 
46 45 
46 58 
46 13 
46 37 
46 20 
46 21 
46 38 
46 33 
46 60 
46 5 
46 55 
46 42 
46 32 
46 2 
46 48 
46 26 
46 19 
46 1 
46 36 
46 9 
46 23 
46 59 
46 57 
46 52 
46 11 
46 51 
46 66 
46 14 
46 12 
46 62 
46 25 
46 56 
46 7 
46 8 
46 41 
46 44 
46 54 
46 22 
46 16 
47 61 
47 43 
47 1 
47 4 
47 8 
47 26 
47 46 
47 56 
47 22 
47 57 
47 18 
47 6 
47 12 
47 63 
47 45 
47 29 
47 16 
47 13 
47 33 
47 48 
47 21 
47 17 
47 42 
47 40 
47 19 
47 36 
47 39 
47 37 
47 20 
47 34 
47 52 
47 23 
47 51 
47 14 
47 65 
47 27 
47 2 
47 3 
47 59 
47 7 
47 11 
47 0 
47 5 
47 41 
47 50 
47 35 
47 9 
47 10 
47 25 
47 31 
47 58 
47 64 
47 32 
47 49 
47 54 
47 28 
47 15 
47 55 
47 66 
48 35 
48 25 
48 49 
48 27 
48 44 
48 54 
48 22 
48 36 
48 50 
48 28 
48 29 
48 8 
48 47 
48 32 
48 17 
48 12 
48 0 
48 51 
48 52 
48 14 
48 64 
48 19 
48 15 
48 66 
48 39 
48 65 
48 21 
48 18 
48 41 
48 4 
48 43 
48 3 
48 9 
48 40 
48 46 
48 63 
48 42 
48 2 
48 30 
48 59 
48 6 
48 61 
48 37 
48 1 
48 62 
48 7 
48 23 
48 45 
48 31 
48 34 
48 5 
48 24 
48 57 
48 20 
48 53 
49 51 
49 17 
49 48 
49 24 
49 43 
49 52 
49 55 
49 21 
49 62 
49 12 
49 35 
49 15 
49 33 
49 10 
49 2 
49 61 
49 3 
49 25 
49 23 
49 40 
49 26 
49 0 
49 56 
49 8 
49 60 
49 53 
49 36 
49 50 
49 41 
49 44 
49 58 
49 66 
49 54 
49 37 
49 13 
49 19 
49 38 
49 6 
49 16 
49 27 
49 63 
49 4 
49 9 
49 14 
49 5 
49 32 
49 59 
49 7 
49 39 
49 1 
49 65 
49 11 
49 47 
49 34 
49 42 
49 22 
49 64 
49 31 
50 58 
50 23 
50 36 
50 14 
50 61 
50 8 
50 45 
50 0 
50 30 
50 56 
50 18 
50 48 
50 42 
50 15 
50 12 
50 64 
50 6 
50 38 
50 59 
50 37 
50 52 
50 65 
50 17 
50 49 
50 54 
50 53 
50 44 
50 29 
50 31 
50 43 
50 19 
50 1 
50 21 
50 5 
50 11 
50 32 
50 16 
50 24 
50 34 
50 41 
50 26 
50 25 
50 47 
50 60 
50 3 
50 66 
50 13 
50 4 
50 57 
50 51 
50 9 
50 33 
50 39 
50 28 
50 22 
50 7 
51 32 
51 49 
51 65 
51 35 
51 19 
51 27 
51 23 
51 63 
51 15 
51 9 
51 60 
51 26 
51 36 
51 66 
51 8 
51 12 
51 59 
51 3 
51 33 
51 55 
51 58 
51 48 
51 37 
51 44 
51 11 
51 22 
51 45 
51 0 
51 42 
51 13 
51 57 
51 41 
51 47 
51 61 
51 18 
51 6 
51 54 
51 39 
51 34 
51 4 
51 5 
51 14 
51 46 
51 52 
51 53 
51 56 
51 16 
51 2 
51 50 
51 40 
51 62 
51 28 
51 38 
51 31 
51 7 
51 17 
51 25 
52 22 
52 26 
52 41 
52 8 
52 36 
52 0 
52 49 
52 43 
52 37 
52 65 
52 19 
52 55 
52 54 
52 40 
52 7 
52 20 
52 28 
52 12 
52 16 
52 13 
52 59 
52 3 
52 1 
52 48 
52 29 
52 44 
52 50 
52 63 
52 64 
52 14 
52 66 
52 10 
52 33 
52 6 
52 47 
52 21 
52 42 
52 27 
52 4 
52 31 
52 58 
52 23 
52 32 
52 2 
52 5 
52 46 
52 57 
52 11 
52 51 
52 15 
52 53 
52 18 
52 56 
52 62 
52 17 
52 35 
52 24 
52 9 
52 25 
53 20 
53 42 
53 23 
53 45 
53 58 
53 56 
53 10 
53 54 
53 66 
53 33 
53 3 
53 30 
53 1 
53 13 
53 29 
53 22 
53 49 
53 39 
53 35 
53 4 
53 44 
53 50 
53 9 
53 0 
53 16 
53 26 
53 25 
53 17 
53 32 
53 5 
53 57 
53 55 
53 38 
53 41 
53 2 
53 19 
53 7 
53 52 
53 51 
53 14 
53 8 
53 27 
53 6 
53 12 
53 36 
53 40 
53 11 
53 37 
53 65 
53 48 
53 63 
53 31 
54 56 
54 15 
54 26 
54 18 
54 57 
54 4 
54 48 
54 66 
54 17 
54 14 
54 7 
54 31 
54 6 
54 52 
54 44 
54 58 
54 12 
54 11 
54 60 
54 65 
54 53 
54 45 
54 16 
54 41 
54 9 
54 50 
54 21 
54 22 
54 27 
54 8 
54 1 
54 2 
54 35 
54 39 
54 49 
54 23 
54 0 
54 42 
54 51 
54 3 
54 55 
54 32 
54 24 
54 38 
54 64 
54 5 
54 34 
54 25 
54 10 
54 47 
54 33 
54 46 
54 43 
54 63 
54 62 
54 37 
55 64 
55 19 
55 43 
55 32 
55 5 
55 62 
55 59 
55 57 
55 42 
55 37 
55 49 
55 22 
55 21 
55 16 
55 66 
55 52 
55 12 
55 27 
55 2 
55 7 
55 0 
55 33 
55 36 
55 9 
55 17 
55 51 
55 58 
55 24 
55 11 
55 13 
55 46 
55 60 
55 3 
55 34 
55 63 
55 10 
55 23 
55 18 
55 40 
55 20 
55 39 
55 54 
55 53 
55 44 
55 4 
55 56 
55 31 
55 28 
55 65 
55 25 
55 35 
55 45 
55 26 
55 1 
55 47 
55 61 
56 54 
56 38 
56 33 
56 45 
56 58 
56 47 
56 50 
56 23 
56 61 
56 42 
56 44 
56 6 
56 36 
56 34 
56 53 
56 57 
56 66 
56 22 
56 41 
56 16 
56 17 
56 8 
56 49 
56 7 
56 20 
56 19 
56 35 
56 10 
56 5 
56 27 
56 63 
56 62 
56 28 
56 3 
56 37 
56 18 
56 14 
56 31 
56 24 
56 26 
56 11 
56 39 
56 51 
56 55 
56 13 
56 52 
56 21 
56 2 
56 4 
56 46 
56 1 
56 15 
56 32 
56 59 
56 65 
56 12 
57 5 
57 26 
57 36 
57 43 
57 55 
57 61 
57 54 
57 15 
57 44 
57 66 
57 47 
57 24 
57 1 
57 10 
57 56 
57 42 
57 22 
57 23 
57 65 
57 38 
57 32 
57 9 
57 20 
57 3 
57 40 
57 45 
57 41 
57 28 
57 51 
57 2 
57 13 
57 62 
57 29 
57 0 
57 35 
57 17 
57 21 
57 18 
57 46 
57 53 
57 25 
57 52 
57 59 
57 63 
57 34 
57 6 
57 27 
57 14 
57 4 
57 50 
57 12 
57 48 
57 64 
58 3 
58 50 
58 24 
58 39 
58 36 
58 4 
58 15 
58 33 
58 21 
58 19 
58 56 
58 16 
58 45 
58 43 
58 35 
58 66 
58 34 
58 26 
58 9 
58 41 
58 60 
58 63 
58 53 
58 7 
58 54 
58 62 
58 40 
58 30 
58 44 
58 46 
58 51 
58 13 
58 14 
58 55 
58 27 
58 22 
58 32 
58 18 
58 17 
58 28 
58 38 
58 49 
58 61 
58 23 
58 10 
58 52 
58 64 
58 12 
58 8 
58 0 
58 6 
58 25 
58 31 
58 37 
58 11 
58 59 
58 47 
58 65 
58 5 
58 20 
58 1 
58 29 
59 22 
59 31 
59 6 
59 2 
59 55 
59 37 
59 34 
59 63 
59 44 
59 42 
59 41 
59 43 
59 51 
59 3 
59 29 
59 50 
59 21 
59 20 
59 52 
59 33 
59 39 
59 28 
59 40 
59 8 
59 23 
59 64 
59 12 
59 16 
59 47 
59 15 
59 9 
59 48 
59 46 
59 7 
59 38 
59 10 
59 49 
59 57 
59 24 
59 25 
59 27 
59 45 
59 17 
59 36 
59 65 
59 30 
59 58 
59 62 
59 4 
59 13 
59 0 
59 66 
59 26 
59 56 
60 39 
60 62 
60 6 
60 22 
60 43 
60 51 
60 58 
60 5 
60 31 
60 40 
60 42 
60 54 
60 17 
60 28 
60 1 
60 18 
60 24 
60 46 
60 49 
60 26 
60 23 
60 65 
60 8 
60 64 
60 66 
60 55 
60 11 
60 16 
60 63 
60 2 
60 44 
60 19 
60 14 
60 29 
60 41 
60 34 
60 13 
60 33 
60 50 
60 61 
60 37 
60 45 
60 9 
60 35 
60 0 
60 32 
60 10 
60 21 
60 27 
60 3 
60 7 
60 20 
60 12 
61 47 
61 27 
61 50 
61 57 
61 38 
61 13 
61 15 
61 37 
61 28 
61 56 
61 31 
61 42 
61 30 
61 64 
61 62 
61 9 
61 41 
61 49 
61 17 
61 33 
61 4 
61 1 
61 34 
61 35 
61 16 
61 12 
61 20 
61 24 
61 58 
61 36 
61 51 
61 5 
61 26 
61 25 
61 23 
61 21 
61 48 
61 63 
61 0 
61 60 
61 6 
61 22 
61 65 
61 18 
61 44 
61 19 
61 7 
61 14 
61 43 
61 45 
61 39 
61 55 
61 8 
61 2 
62 42 
62 22 
62 31 
62 55 
62 6 
62 64 
62 60 
62 10 
62 23 
62 49 
62 61 
62 14 
62 58 
62 9 
62 1 
62 2 
62 65 
62 34 
62 0 
62 11 
62 15 
62 35 
62 16 
62 57 
62 5 
62 43 
62 56 
62 26 
62 37 
62 25 
62 27 
62 17 
62 63 
62 7 
62 28 
62 32 
62 21 
62 48 
62 33 
62 40 
62 36 
62 8 
62 44 
62 24 
62 52 
62 13 
62 46 
62 59 
62 12 
62 66 
62 51 
62 4 
62 54 
62 18 
63 39 
63 15 
63 4 
63 13 
63 3 
63 59 
63 45 
63 34 
63 51 
63 28 
63 58 
63 32 
63 44 
63 47 
63 18 
63 33 
63 6 
63 52 
63 27 
63 43 
63 30 
63 12 
63 64 
63 8 
63 56 
63 38 
63 42 
63 1 
63 22 
63 16 
63 29 
63 55 
63 60 
63 66 
63 37 
63 49 
63 7 
63 48 
63 62 
63 14 
63 11 
63 10 
63 61 
63 2 
63 26 
63 40 
63 5 
63 57 
63 35 
63 19 
63 25 
63 0 
63 21 
63 65 
63 36 
63 54 
63 9 
63 53 
64 55 
64 41 
64 2 
64 14 
64 62 
64 1 
64 16 
64 61 
64 3 
64 26 
64 65 
64 25 
64 46 
64 12 
64 50 
64 33 
64 42 
64 39 
64 0 
64 52 
64 9 
64 48 
64 17 
64 31 
64 28 
64 13 
64 63 
64 60 
64 23 
64 36 
64 59 
64 5 
64 22 
64 45 
64 19 
64 18 
64 58 
64 6 
64 10 
64 43 
64 54 
64 66 
64 7 
64 37 
64 21 
64 4 
64 47 
64 32 
64 40 
64 49 
64 57 
64 44 
64 15 
65 21 
65 51 
65 10 
65 13 
65 25 
65 14 
65 41 
65 33 
65 5 
65 52 
65 8 
65 3 
65 4 
65 37 
65 22 
65 28 
65 31 
65 46 
65 64 
65 45 
65 27 
65 54 
65 23 
65 6 
65 57 
65 38 
65 62 
65 36 
65 0 
65 12 
65 50 
65 60 
65 30 
65 48 
65 18 
65 24 
65 47 
65 15 
65 40 
65 32 
65 43 
65 11 
65 26 
65 61 
65 29 
65 44 
65 49 
65 9 
65 63 
65 55 
65 59 
65 66 
65 58 
65 16 
65 53 
65 39 
65 56 
66 40 
66 10 
66 42 
66 54 
66 30 
66 58 
66 57 
66 24 
66 55 
66 1 
66 14 
66 2 
66 51 
66 56 
66 33 
66 45 
66 53 
66 8 
66 31 
66 19 
66 25 
66 37 
66 52 
66 60 
66 48 
66 35 
66 27 
66 36 
66 22 
66 49 
66 20 
66 63 
66 7 
66 32 
66 23 
66 3 
66 17 
66 6 
66 15 
66 0 
66 4 
66 16 
66 9 
66 29 
66 64 
66 21 
66 26 
66 46 
66 39 
66 50 
66 5 
66 12 
66 65 
66 41 
66 62 
66 59 
66 47 
66 28 
