0 48 
0 54 
0 36 
0 10 
0 41 
0 68 
0 2 
0 43 
0 6 
0 56 
0 5 
0 27 
0 52 
0 4 
0 44 
0 51 
0 13 
0 29 
1 15 
1 42 
1 9 
1 13 
1 53 
1 17 
1 22 
1 34 
1 7 
1 48 
1 25 
1 55 
1 39 
1 57 
1 61 
1 68 
1 36 
1 47 
1 64 
1 60 
1 11 
1 56 
1 65 
1 4 
2 49 
2 47 
2 57 
2 23 
2 60 
2 7 
2 31 
2 15 
2 17 
2 0 
2 50 
2 43 
2 66 
2 6 
2 16 
2 45 
2 65 
2 62 
2 38 
2 39 
2 67 
2 27 
2 10 
3 35 
3 10 
3 16 
3 38 
3 67 
3 34 
3 57 
3 25 
3 18 
3 29 
3 32 
3 12 
3 62 
3 7 
3 59 
3 41 
3 21 
3 44 
3 51 
3 50 
3 42 
3 56 
4 59 
4 7 
4 20 
4 61 
4 13 
4 45 
4 57 
4 22 
4 15 
4 0 
4 36 
4 66 
4 62 
4 54 
4 1 
5 35 
5 32 
5 16 
5 49 
5 56 
5 54 
5 61 
5 58 
5 59 
5 0 
5 11 
5 23 
5 13 
5 21 
5 36 
5 28 
5 8 
5 51 
6 24 
6 62 
6 11 
6 61 
6 43 
6 13 
6 53 
6 34 
6 63 
6 48 
6 22 
6 0 
6 12 
6 2 
6 18 
6 67 
6 31 
6 40 
6 7 
6 27 
6 41 
6 55 
7 38 
7 58 
7 54 
7 2 
7 14 
7 1 
7 18 
7 4 
7 55 
7 46 
7 29 
7 27 
7 12 
7 53 
7 3 
7 17 
7 11 
7 34 
7 32 
7 6 
7 33 
7 63 
7 8 
8 9 
8 11 
8 10 
8 26 
8 29 
8 65 
8 36 
8 34 
8 33 
8 45 
8 35 
8 19 
8 15 
8 24 
8 46 
8 18 
8 23 
8 49 
8 58 
8 60 
8 7 
8 56 
8 5 
8 53 
9 67 
9 8 
9 65 
9 60 
9 1 
9 33 
9 30 
9 35 
9 29 
9 59 
9 68 
9 31 
9 47 
9 43 
9 48 
9 10 
9 22 
9 17 
9 40 
9 61 
9 25 
9 26 
9 66 
10 3 
10 68 
10 0 
10 33 
10 8 
10 36 
10 63 
10 58 
10 51 
10 64 
10 9 
10 50 
10 31 
10 67 
10 12 
10 38 
10 56 
10 19 
10 14 
10 35 
10 17 
10 46 
10 2 
11 15 
11 8 
11 51 
11 27 
11 54 
11 20 
11 49 
11 6 
11 56 
11 31 
11 66 
11 48 
11 23 
11 67 
11 32 
11 22 
11 55 
11 5 
11 7 
11 64 
11 1 
12 61 
12 21 
12 32 
12 13 
12 66 
12 19 
12 44 
12 49 
12 34 
12 54 
12 22 
12 3 
12 68 
12 47 
12 7 
12 16 
12 10 
12 6 
12 56 
12 40 
13 42 
13 12 
13 36 
13 1 
13 60 
13 6 
13 35 
13 58 
13 61 
13 32 
13 53 
13 21 
13 4 
13 25 
13 27 
13 28 
13 16 
13 5 
13 54 
13 65 
13 20 
13 0 
13 48 
13 14 
14 67 
14 29 
14 31 
14 48 
14 46 
14 7 
14 36 
14 61 
14 40 
14 35 
14 18 
14 52 
14 56 
14 27 
14 19 
14 59 
14 15 
14 51 
14 32 
14 23 
14 55 
14 10 
14 13 
15 1 
15 51 
15 11 
15 16 
15 68 
15 36 
15 21 
15 29 
15 59 
15 17 
15 52 
15 62 
15 26 
15 2 
15 23 
15 40 
15 64 
15 47 
15 8 
15 37 
15 27 
15 4 
15 14 
15 53 
15 43 
15 66 
16 15 
16 44 
16 3 
16 5 
16 18 
16 47 
16 51 
16 50 
16 31 
16 67 
16 56 
16 66 
16 37 
16 68 
16 42 
16 62 
16 61 
16 12 
16 48 
16 13 
16 2 
16 21 
16 22 
16 33 
16 46 
16 28 
17 32 
17 51 
17 64 
17 62 
17 43 
17 1 
17 15 
17 31 
17 2 
17 34 
17 58 
17 23 
17 9 
17 7 
17 33 
17 50 
17 21 
17 36 
17 38 
17 28 
17 48 
17 66 
17 18 
17 25 
17 10 
18 16 
18 3 
18 19 
18 59 
18 7 
18 38 
18 24 
18 36 
18 30 
18 14 
18 47 
18 8 
18 23 
18 6 
18 32 
18 37 
18 40 
18 41 
18 17 
19 52 
19 12 
19 54 
19 41 
19 30 
19 63 
19 18 
19 28 
19 43 
19 8 
19 14 
19 68 
19 67 
19 22 
19 37 
19 20 
19 10 
19 31 
19 50 
20 27 
20 58 
20 11 
20 61 
20 42 
20 4 
20 33 
20 57 
20 13 
20 19 
20 45 
20 25 
20 62 
20 39 
20 28 
21 22 
21 12 
21 15 
21 54 
21 52 
21 27 
21 67 
21 31 
21 13 
21 58 
21 28 
21 16 
21 34 
21 17 
21 3 
21 5 
21 38 
21 45 
21 25 
21 56 
22 21 
22 68 
22 1 
22 39 
22 61 
22 29 
22 12 
22 6 
22 11 
22 9 
22 41 
22 27 
22 16 
22 4 
22 19 
22 64 
22 28 
22 40 
23 58 
23 2 
23 44 
23 54 
23 38 
23 15 
23 11 
23 36 
23 29 
23 67 
23 17 
23 63 
23 5 
23 34 
23 8 
23 39 
23 18 
23 49 
23 14 
23 66 
23 62 
24 6 
24 56 
24 61 
24 58 
24 18 
24 41 
24 45 
24 8 
24 26 
24 39 
24 67 
24 30 
24 65 
24 40 
25 58 
25 56 
25 3 
25 66 
25 59 
25 1 
25 32 
25 60 
25 13 
25 38 
25 9 
25 20 
25 63 
25 21 
25 17 
26 64 
26 56 
26 8 
26 34 
26 36 
26 15 
26 58 
26 57 
26 42 
26 31 
26 46 
26 24 
26 54 
26 47 
26 44 
26 32 
26 37 
26 35 
26 9 
27 20 
27 11 
27 53 
27 29 
27 21 
27 52 
27 14 
27 7 
27 46 
27 35 
27 42 
27 0 
27 13 
27 61 
27 22 
27 15 
27 6 
27 41 
27 39 
27 67 
27 43 
27 55 
27 2 
27 48 
28 43 
28 42 
28 19 
28 59 
28 47 
28 21 
28 61 
28 13 
28 30 
28 40 
28 32 
28 17 
28 5 
28 16 
28 22 
28 20 
28 54 
29 14 
29 54 
29 59 
29 15 
29 8 
29 42 
29 9 
29 43 
29 27 
29 3 
29 22 
29 23 
29 7 
29 31 
29 32 
29 41 
29 67 
29 66 
29 45 
29 0 
30 67 
30 49 
30 19 
30 38 
30 9 
30 18 
30 40 
30 36 
30 52 
30 46 
30 44 
30 28 
30 24 
30 50 
30 34 
31 37 
31 47 
31 14 
31 61 
31 48 
31 2 
31 17 
31 45 
31 16 
31 11 
31 26 
31 9 
31 42 
31 53 
31 21 
31 46 
31 10 
31 29 
31 6 
31 34 
31 39 
31 19 
31 33 
31 58 
31 35 
31 59 
32 17 
32 5 
32 50 
32 12 
32 56 
32 58 
32 60 
32 13 
32 3 
32 25 
32 11 
32 39 
32 44 
32 7 
32 29 
32 26 
32 40 
32 28 
32 18 
32 14 
33 45 
33 10 
33 35 
33 50 
33 9 
33 38 
33 60 
33 67 
33 8 
33 46 
33 20 
33 56 
33 17 
33 36 
33 16 
33 53 
33 7 
33 31 
33 58 
33 44 
34 66 
34 3 
34 1 
34 26 
34 65 
34 12 
34 8 
34 6 
34 45 
34 17 
34 43 
34 40 
34 54 
34 68 
34 23 
34 21 
34 7 
34 31 
34 53 
34 30 
34 46 
34 67 
35 3 
35 5 
35 67 
35 33 
35 9 
35 13 
35 61 
35 46 
35 59 
35 8 
35 14 
35 54 
35 27 
35 68 
35 52 
35 41 
35 48 
35 26 
35 10 
35 31 
36 43 
36 15 
36 0 
36 47 
36 13 
36 10 
36 50 
36 8 
36 26 
36 14 
36 18 
36 66 
36 23 
36 30 
36 1 
36 40 
36 33 
36 44 
36 17 
36 62 
36 4 
36 41 
36 5 
37 67 
37 31 
37 54 
37 16 
37 44 
37 46 
37 39 
37 63 
37 56 
37 15 
37 26 
37 19 
37 18 
37 61 
38 7 
38 3 
38 30 
38 33 
38 23 
38 18 
38 48 
38 52 
38 25 
38 10 
38 21 
38 17 
38 2 
38 68 
38 44 
38 65 
38 50 
39 45 
39 56 
39 67 
39 47 
39 22 
39 68 
39 1 
39 64 
39 37 
39 32 
39 63 
39 57 
39 23 
39 24 
39 27 
39 2 
39 31 
39 41 
39 20 
40 52 
40 51 
40 56 
40 15 
40 42 
40 34 
40 14 
40 30 
40 9 
40 48 
40 68 
40 36 
40 6 
40 28 
40 32 
40 18 
40 12 
40 24 
40 22 
41 65 
41 58 
41 57 
41 0 
41 19 
41 51 
41 61 
41 54 
41 45 
41 24 
41 22 
41 66 
41 46 
41 3 
41 29 
41 27 
41 6 
41 36 
41 35 
41 18 
41 60 
41 39 
42 13 
42 28 
42 45 
42 50 
42 1 
42 52 
42 29 
42 20 
42 54 
42 26 
42 40 
42 31 
42 16 
42 65 
42 27 
42 47 
42 68 
42 3 
42 66 
43 36 
43 28 
43 17 
43 6 
43 19 
43 46 
43 52 
43 29 
43 45 
43 0 
43 34 
43 9 
43 65 
43 62 
43 55 
43 2 
43 15 
43 67 
43 44 
43 27 
43 53 
43 48 
44 16 
44 12 
44 61 
44 23 
44 51 
44 45 
44 55 
44 64 
44 37 
44 32 
44 30 
44 52 
44 3 
44 36 
44 26 
44 59 
44 38 
44 0 
44 43 
44 33 
45 49 
45 39 
45 33 
45 42 
45 52 
45 51 
45 31 
45 57 
45 44 
45 8 
45 43 
45 34 
45 63 
45 4 
45 41 
45 24 
45 64 
45 2 
45 50 
45 29 
45 48 
45 21 
45 20 
45 54 
46 49 
46 62 
46 48 
46 50 
46 14 
46 54 
46 43 
46 33 
46 35 
46 26 
46 37 
46 31 
46 7 
46 27 
46 8 
46 30 
46 41 
46 56 
46 67 
46 16 
46 60 
46 34 
46 52 
46 10 
47 2 
47 31 
47 64 
47 16 
47 36 
47 65 
47 62 
47 39 
47 66 
47 55 
47 58 
47 9 
47 15 
47 68 
47 12 
47 18 
47 28 
47 1 
47 42 
47 63 
47 26 
47 51 
47 60 
48 60 
48 0 
48 46 
48 14 
48 31 
48 1 
48 11 
48 53 
48 6 
48 67 
48 50 
48 65 
48 9 
48 62 
48 16 
48 38 
48 40 
48 64 
48 17 
48 45 
48 35 
48 43 
48 13 
48 27 
49 2 
49 45 
49 46 
49 5 
49 11 
49 60 
49 30 
49 12 
49 55 
49 58 
49 62 
49 8 
49 23 
50 66 
50 32 
50 58 
50 16 
50 42 
50 46 
50 33 
50 36 
50 59 
50 2 
50 48 
50 67 
50 10 
50 17 
50 45 
50 57 
50 55 
50 3 
50 38 
50 30 
50 19 
51 15 
51 17 
51 40 
51 16 
51 11 
51 45 
51 59 
51 41 
51 44 
51 10 
51 56 
51 64 
51 54 
51 58 
51 47 
51 3 
51 68 
51 14 
51 0 
51 62 
51 60 
51 5 
52 40 
52 58 
52 60 
52 45 
52 19 
52 42 
52 15 
52 21 
52 43 
52 27 
52 56 
52 14 
52 30 
52 38 
52 44 
52 0 
52 35 
52 53 
52 46 
53 57 
53 1 
53 27 
53 64 
53 6 
53 48 
53 31 
53 13 
53 7 
53 61 
53 58 
53 33 
53 15 
53 68 
53 52 
53 34 
53 43 
53 8 
54 56 
54 0 
54 11 
54 29 
54 19 
54 66 
54 21 
54 7 
54 23 
54 46 
54 42 
54 5 
54 37 
54 41 
54 12 
54 34 
54 35 
54 61 
54 26 
54 13 
54 51 
54 64 
54 60 
54 45 
54 4 
54 28 
55 66 
55 67 
55 49 
55 47 
55 1 
55 44 
55 7 
55 43 
55 59 
55 11 
55 50 
55 14 
55 27 
55 6 
56 24 
56 26 
56 25 
56 54 
56 66 
56 32 
56 39 
56 40 
56 5 
56 11 
56 16 
56 52 
56 0 
56 14 
56 33 
56 51 
56 37 
56 46 
56 12 
56 10 
56 1 
56 8 
56 21 
56 3 
57 41 
57 53 
57 2 
57 3 
57 45 
57 26 
57 1 
57 65 
57 4 
57 39 
57 20 
57 50 
58 61 
58 25 
58 41 
58 52 
58 23 
58 50 
58 62 
58 7 
58 20 
58 32 
58 24 
58 10 
58 26 
58 49 
58 13 
58 47 
58 5 
58 17 
58 59 
58 21 
58 53 
58 60 
58 51 
58 8 
58 31 
58 33 
59 29 
59 15 
59 60 
59 51 
59 4 
59 9 
59 25 
59 18 
59 50 
59 35 
59 28 
59 5 
59 55 
59 58 
59 62 
59 3 
59 14 
59 44 
59 66 
59 31 
60 48 
60 52 
60 9 
60 13 
60 59 
60 49 
60 2 
60 33 
60 63 
60 32 
60 66 
60 65 
60 25 
60 58 
60 1 
60 47 
60 54 
60 8 
60 51 
60 46 
60 41 
61 58 
61 12 
61 20 
61 24 
61 44 
61 31 
61 6 
61 14 
61 35 
61 22 
61 5 
61 13 
61 41 
61 1 
61 4 
61 16 
61 53 
61 54 
61 28 
61 27 
61 9 
61 37 
62 46 
62 58 
62 17 
62 6 
62 47 
62 15 
62 43 
62 16 
62 49 
62 48 
62 3 
62 59 
62 65 
62 36 
62 2 
62 51 
62 23 
62 20 
62 4 
63 10 
63 19 
63 60 
63 6 
63 45 
63 23 
63 37 
63 39 
63 47 
63 64 
63 7 
63 25 
64 26 
64 65 
64 47 
64 17 
64 67 
64 66 
64 53 
64 44 
64 15 
64 10 
64 39 
64 63 
64 51 
64 1 
64 11 
64 45 
64 48 
64 54 
64 22 
65 41 
65 64 
65 9 
65 47 
65 8 
65 34 
65 43 
65 60 
65 48 
65 42 
65 57 
65 62 
65 13 
65 2 
65 38 
65 1 
65 24 
66 50 
66 56 
66 12 
66 34 
66 55 
66 64 
66 54 
66 25 
66 47 
66 11 
66 16 
66 60 
66 36 
66 2 
66 41 
66 29 
66 17 
66 15 
66 42 
66 59 
66 4 
66 23 
66 9 
67 9 
67 35 
67 37 
67 14 
67 30 
67 3 
67 64 
67 39 
67 55 
67 33 
67 16 
67 11 
67 48 
67 21 
67 23 
67 50 
67 10 
67 19 
67 6 
67 29 
67 24 
67 46 
67 43 
67 27 
67 2 
67 34 
68 15 
68 10 
68 22 
68 0 
68 39 
68 9 
68 16 
68 47 
68 1 
68 12 
68 34 
68 35 
68 40 
68 19 
68 38 
68 51 
68 42 
68 53 
