0 1 11 32 22 51 31 13 46 33 7 55 45 78 37 52 57 23 67 43 71 75 26 2 10 6 72 35 82 63 21 9 30 61 62 28 66 15 3 4 65 48 16 80 53 64 42 59 73 76 41 
1 9 0 41 76 36 68 62 32 82 29 66 80 23 79 83 67 47 14 69 16 15 48 13 7 25 43 6 22 46 57 58 45 12 24 61 31 77 11 17 60 10 78 3 27 44 65 59 18 81 19 73 39 37 2 74 33 49 70 4 30 20 75 38 55 72 53 8 28 
2 38 44 34 5 14 52 3 32 68 55 10 80 73 0 83 82 48 54 72 21 23 4 9 53 25 70 19 76 18 47 62 51 6 66 7 61 15 36 56 77 57 64 27 28 59 60 67 74 46 37 26 43 40 30 42 78 12 45 8 1 58 71 39 20 65 
3 64 6 62 33 74 17 56 15 9 2 49 80 50 51 66 32 73 47 12 45 25 43 35 5 36 77 20 65 81 72 27 22 30 16 67 44 79 29 76 8 55 0 1 11 57 21 14 26 4 52 69 31 10 83 19 42 54 28 41 23 53 68 59 
4 81 79 6 32 51 27 24 49 58 18 72 19 69 63 60 41 71 43 26 64 9 48 67 82 65 46 33 17 77 39 22 2 53 50 10 11 12 16 62 38 45 70 20 56 8 54 23 28 0 31 34 74 25 37 3 13 68 73 36 44 78 59 1 75 30 35 55 5 40 
5 48 76 56 29 27 22 80 8 26 40 60 81 23 51 2 83 10 43 66 33 44 45 61 12 7 30 39 24 32 68 6 15 50 52 72 19 82 3 31 18 57 67 55 37 65 11 35 34 53 41 70 58 46 79 74 73 20 63 69 9 4 13 59 62 
6 29 53 54 35 48 3 65 4 78 49 83 12 16 46 8 71 40 37 47 64 5 70 67 0 18 25 24 56 31 1 61 50 82 36 27 60 32 73 15 2 77 57 45 58 55 21 59 33 28 7 41 38 80 72 13 19 9 26 22 23 75 10 79 17 44 66 30 69 
7 41 51 26 12 11 0 67 70 78 33 72 71 16 36 68 13 5 14 23 37 19 58 64 55 1 28 56 21 15 74 65 69 40 10 8 25 2 38 34 32 75 20 63 22 47 6 48 66 30 9 27 61 80 76 52 24 83 
8 20 22 66 47 76 5 39 37 48 80 10 74 45 17 62 6 15 70 28 21 34 63 72 69 68 64 26 27 83 75 36 82 60 13 49 14 7 79 23 9 4 77 16 71 43 29 33 3 51 54 58 44 12 65 55 59 53 2 11 73 32 56 42 1 
9 1 39 73 69 50 58 40 3 70 48 52 15 60 63 42 43 67 22 82 4 29 10 74 28 72 83 51 80 36 31 0 2 71 59 20 64 35 33 75 45 54 53 16 49 25 8 38 47 17 41 44 27 66 18 76 7 6 23 13 55 34 32 30 11 5 37 
10 53 66 49 37 83 70 8 72 42 5 54 68 43 2 51 0 78 28 9 48 35 45 39 24 59 64 19 57 4 38 21 44 26 67 7 33 31 29 76 61 56 17 63 47 79 81 71 75 69 34 1 82 50 12 16 46 3 41 77 55 6 60 14 15 20 27 52 
11 80 0 48 38 53 70 54 14 7 79 25 13 81 17 15 68 23 69 44 41 31 77 35 63 21 62 43 30 61 29 33 51 52 4 24 71 1 82 56 57 36 50 16 72 12 37 19 47 3 5 46 26 34 22 73 76 8 39 20 64 9 
12 31 14 7 45 80 49 74 71 37 6 57 32 69 72 66 30 53 63 18 65 5 41 78 36 76 24 40 50 16 3 26 58 79 35 4 44 1 15 70 33 68 22 11 59 46 55 34 8 27 83 56 10 75 43 2 47 38 13 42 81 62 
13 36 73 18 30 59 0 17 11 81 7 83 75 67 79 55 1 62 41 43 8 49 44 21 63 25 72 48 20 53 39 47 34 70 61 23 69 19 22 77 56 6 4 37 51 66 9 42 45 46 14 65 40 12 31 33 71 74 5 28 50 
14 59 44 12 39 26 18 50 11 79 2 68 56 52 63 7 1 30 53 45 37 42 34 29 76 78 40 15 46 48 16 8 21 20 55 43 80 61 33 27 23 82 73 49 17 3 36 83 81 67 35 70 28 64 13 24 10 31 60 25 75 65 38 22 
15 56 21 77 47 80 3 39 11 59 69 41 45 9 29 8 82 26 65 1 71 53 73 30 5 14 18 70 66 72 27 57 7 75 38 52 51 48 6 42 83 19 58 81 2 12 25 46 43 0 78 17 74 49 61 31 22 23 40 24 10 55 32 33 67 76 
16 21 35 65 42 38 19 6 53 36 46 44 56 73 7 81 27 1 34 17 20 79 70 51 77 45 24 12 26 43 30 14 4 60 9 32 80 3 28 58 8 67 11 18 71 50 68 40 83 0 59 41 10 52 63 78 22 23 
17 38 20 3 37 49 35 13 40 65 26 11 8 39 42 43 69 16 44 66 46 53 4 18 78 80 68 83 45 22 63 48 25 1 59 64 21 31 71 10 81 14 9 77 74 15 32 75 28 30 41 50 55 47 36 6 19 58 79 76 
18 66 13 69 44 14 70 4 81 60 58 25 27 40 78 48 12 73 83 42 15 19 52 6 76 62 61 65 17 41 20 28 5 2 68 21 22 72 82 43 80 54 31 16 67 36 30 26 9 74 51 47 1 34 55 38 33 63 75 71 24 23 50 35 32 57 
19 67 26 49 16 33 4 60 45 78 53 22 29 54 76 44 31 46 61 24 65 7 18 77 20 48 39 51 5 10 69 30 58 2 68 15 81 82 35 63 59 71 83 21 72 11 25 23 37 64 62 13 36 6 1 50 55 40 3 28 66 41 17 75 57 
20 50 38 8 21 17 69 83 76 40 45 31 74 53 68 16 58 67 43 32 19 52 78 64 36 79 26 24 75 9 18 25 81 3 14 57 71 77 4 28 39 60 13 82 7 63 66 49 29 73 5 1 11 30 55 10 2 48 
21 15 16 20 83 44 58 61 82 59 60 39 71 27 36 47 76 72 74 8 73 48 11 25 66 42 57 29 7 79 34 2 40 53 0 63 65 31 10 33 22 14 78 13 18 81 17 49 19 6 50 26 3 45 28 77 24 69 37 35 41 54 55 70 30 46 
22 61 67 8 31 68 0 5 63 33 65 19 58 73 25 9 57 50 45 49 79 41 62 71 81 72 54 4 1 70 42 17 21 64 32 30 3 28 18 27 12 39 48 78 60 75 7 47 69 11 15 13 82 51 44 34 6 38 35 83 66 16 14 
23 83 66 26 49 75 53 24 71 5 77 0 1 82 52 11 63 59 7 38 74 30 32 64 61 57 2 44 46 72 35 36 8 14 55 33 76 80 4 67 13 19 54 78 40 41 9 15 58 27 6 68 28 39 51 29 18 3 48 16 
24 68 78 40 23 4 72 27 28 76 47 58 29 55 81 82 77 79 19 45 5 61 12 16 10 6 26 60 20 83 42 65 36 39 62 11 25 48 1 35 38 44 75 49 74 63 43 51 21 52 30 32 50 15 14 7 18 41 67 71 33 69 
25 39 33 83 49 27 30 66 35 18 11 74 58 65 51 43 29 22 48 76 73 21 32 26 75 55 6 1 3 59 72 2 20 24 50 9 17 79 7 13 15 78 60 37 19 63 4 47 56 52 61 44 70 36 28 14 64 46 68 
26 53 23 71 19 31 42 56 14 7 76 5 80 17 51 69 57 4 55 0 15 66 62 82 81 30 25 58 52 8 40 38 16 68 24 12 20 41 50 83 34 28 10 72 33 46 75 37 67 21 2 11 18 3 48 73 63 77 59 6 60 64 
27 44 51 25 41 5 4 24 18 82 21 81 71 49 33 45 16 29 64 75 77 40 54 63 72 61 8 42 15 73 6 62 79 48 3 14 65 22 83 78 2 34 59 46 80 9 53 57 47 30 12 1 35 50 32 7 56 23 52 67 39 10 43 37 
28 82 35 38 40 73 80 34 59 39 56 24 60 70 66 52 29 67 76 58 8 54 31 64 10 71 9 7 69 78 37 32 36 42 48 18 26 53 79 0 20 22 68 16 43 49 2 4 45 83 77 62 6 21 51 17 41 55 65 23 47 14 19 50 72 61 3 25 75 44 13 30 1 
29 6 64 5 50 1 55 56 39 72 24 19 28 71 63 15 25 38 27 53 65 45 14 41 69 9 75 78 81 31 79 21 11 40 36 61 59 49 58 10 43 76 46 3 8 66 20 74 83 32 67 44 23 77 57 
30 68 13 82 25 72 42 52 53 71 56 54 55 79 77 37 43 64 31 35 12 39 33 83 81 36 60 5 59 51 14 32 48 57 23 26 15 65 46 47 11 78 0 16 19 40 22 70 3 73 34 49 50 76 18 38 2 27 41 7 17 58 61 24 67 1 4 20 44 9 6 21 28 
31 12 82 26 39 22 0 40 71 30 19 73 20 11 61 28 48 53 72 29 55 6 65 34 9 32 52 36 49 66 21 5 41 44 70 1 10 68 69 17 59 83 77 74 56 18 54 63 60 4 58 15 76 79 3 51 62 38 80 14 64 13 75 42 
32 62 0 1 4 71 50 53 12 34 46 2 42 65 66 30 5 39 3 68 25 63 75 38 69 51 23 20 52 31 72 36 70 28 6 43 22 16 76 57 7 61 54 44 67 78 17 45 27 33 74 29 55 60 24 58 9 82 41 47 37 15 8 81 18 
33 82 25 81 57 3 62 0 61 19 54 22 7 37 39 68 5 30 74 27 59 77 63 71 70 50 83 43 58 4 76 36 38 11 47 42 34 48 46 80 9 55 21 10 14 23 56 26 12 78 49 79 8 6 45 32 44 64 66 69 53 18 67 1 24 13 15 
34 70 73 36 57 61 28 42 2 75 45 48 32 55 44 16 8 14 50 67 43 21 31 33 52 26 35 77 37 65 59 83 54 51 7 10 13 27 79 30 71 4 5 12 11 78 81 60 72 66 18 22 56 9 74 49 80 82 64 38 
35 6 28 16 76 17 25 70 57 59 30 54 51 79 52 77 11 53 72 68 10 0 64 49 37 12 3 9 48 34 41 23 24 19 45 74 81 80 73 55 5 75 27 14 36 69 21 56 50 82 4 22 39 18 38 
36 13 67 1 34 40 57 21 16 52 30 7 38 12 43 72 45 41 46 60 33 20 9 73 32 31 6 8 29 28 24 3 48 55 23 51 79 53 2 11 47 62 58 56 18 14 61 75 19 42 49 35 59 70 4 74 69 44 63 17 71 25 78 39 81 
37 71 68 53 17 79 10 63 73 12 0 82 57 8 66 43 30 33 41 50 77 69 6 52 47 56 7 14 46 42 55 40 62 81 70 64 74 48 61 28 35 49 75 76 34 5 58 26 25 11 2 19 38 4 21 13 59 1 32 39 27 45 9 
38 20 17 11 28 2 71 16 42 76 64 39 55 56 53 29 82 36 44 23 60 83 32 67 57 26 33 79 68 47 74 15 66 61 41 10 48 4 62 43 7 40 24 59 9 75 63 30 65 37 73 50 6 52 45 78 18 31 12 1 58 22 34 14 35 
39 74 25 81 14 68 9 31 8 28 65 51 15 29 38 62 21 33 50 40 79 17 30 76 5 45 41 32 59 44 78 10 54 4 19 77 72 69 24 47 42 82 20 73 53 13 22 75 55 46 49 43 52 64 58 71 1 23 48 11 27 2 36 37 35 
40 81 28 55 24 36 50 31 9 17 5 18 20 39 6 53 74 27 64 14 60 47 12 37 26 78 77 69 29 21 56 75 52 62 7 30 43 82 44 63 38 42 57 66 16 58 2 23 49 80 79 71 15 67 51 19 65 13 4 
41 7 1 70 55 27 50 49 62 37 4 75 53 15 59 11 12 44 73 39 72 66 82 29 22 36 81 77 13 76 26 71 18 83 69 38 31 35 45 56 57 9 63 79 6 16 5 30 80 28 43 17 23 52 10 21 32 48 19 47 24 3 42 0 68 74 
42 70 83 26 16 56 38 30 34 49 60 10 32 45 48 82 9 17 55 51 64 74 14 66 18 37 44 21 27 81 78 57 33 75 22 71 28 24 53 15 59 47 39 68 63 40 62 76 77 2 36 58 67 13 65 46 50 0 3 72 41 12 31 8 
43 60 63 77 45 58 72 48 64 49 71 37 30 0 25 5 47 4 59 10 66 9 17 36 20 33 83 11 34 1 74 16 3 13 51 54 82 32 67 14 40 53 29 38 80 28 73 18 55 15 8 2 24 39 79 12 41 62 57 56 50 27 
44 27 14 51 18 21 55 2 69 74 62 72 5 19 16 11 34 77 52 41 76 38 50 17 81 39 42 64 47 57 83 58 23 70 59 65 63 10 12 13 31 56 53 78 82 40 3 75 45 24 32 54 9 68 8 71 67 1 33 22 36 46 4 29 25 66 6 48 30 28 49 61 
45 43 12 65 70 0 69 34 81 19 72 8 61 15 20 5 77 42 80 71 27 24 39 14 22 29 62 36 16 10 82 3 76 46 1 17 9 4 54 6 41 66 44 35 28 56 75 21 33 32 49 68 48 67 59 13 38 83 2 55 74 50 37 
46 47 74 66 62 0 71 6 67 32 16 19 55 48 60 54 37 4 56 36 61 17 30 14 1 69 23 45 63 33 79 65 49 64 29 15 26 57 2 53 27 78 82 12 11 39 80 76 10 5 13 42 44 77 58 21 25 75 70 
47 46 68 15 8 77 24 56 66 63 52 57 43 21 74 1 37 6 65 40 80 55 60 44 30 3 59 76 71 33 38 2 39 54 42 51 10 36 13 50 9 11 53 7 22 27 82 25 62 78 18 58 67 72 17 28 61 12 48 41 32 
48 5 11 6 50 51 77 60 43 83 68 73 9 8 49 62 76 34 54 18 69 42 57 46 21 25 30 4 31 1 10 64 19 2 37 33 14 15 28 80 35 52 27 38 36 17 71 24 61 66 13 67 82 22 74 26 0 7 75 45 70 47 39 41 44 23 20 78 72 
49 55 66 23 19 25 17 10 77 42 4 6 52 81 12 41 43 48 83 75 50 27 3 60 76 78 61 22 35 71 37 31 29 8 13 9 57 21 46 33 68 28 24 14 30 39 20 40 15 45 64 36 54 69 1 80 53 34 74 44 
50 20 48 75 29 53 41 9 80 14 40 68 32 78 83 39 52 65 37 49 79 3 22 61 44 33 76 5 12 60 34 6 74 4 66 63 62 26 69 25 81 11 16 47 21 30 55 10 38 27 72 58 73 19 17 56 42 51 24 28 35 67 43 18 45 77 82 71 13 
51 78 7 44 27 73 48 75 56 4 0 65 5 39 26 83 25 35 57 30 3 42 10 16 32 77 9 19 63 11 43 15 2 62 36 47 34 74 69 8 54 81 24 61 28 55 67 22 18 13 31 72 40 50 80 71 23 70 53 
52 70 55 30 49 67 2 9 0 54 53 23 78 28 66 47 50 14 36 60 44 37 35 69 75 26 5 18 79 32 20 31 83 11 15 34 48 40 68 74 76 59 81 63 3 39 58 38 25 16 24 41 61 27 7 56 73 57 80 10 
53 26 6 37 10 11 50 23 30 69 32 52 16 19 41 65 12 38 40 14 82 20 35 29 63 15 31 76 70 77 17 57 4 83 21 2 42 9 28 44 43 36 68 74 62 13 54 39 60 59 46 72 47 73 27 5 79 78 75 0 56 33 8 81 64 49 1 51 3 
54 6 81 74 11 30 33 77 52 82 55 48 35 10 19 76 46 60 27 28 57 67 70 71 75 56 39 2 22 62 83 64 43 59 80 79 9 69 47 45 34 73 72 53 4 18 32 31 44 8 23 51 78 49 21 3 65 66 63 
55 49 40 77 52 41 44 29 30 0 66 54 24 38 82 34 46 2 26 42 73 81 13 37 25 47 7 31 80 75 62 33 56 36 14 5 23 74 43 6 3 39 70 58 50 35 12 60 65 69 51 67 32 72 8 18 9 19 10 28 17 45 21 15 63 1 20 4 
56 15 3 72 42 5 26 51 58 30 28 29 63 47 69 14 16 38 37 81 83 80 82 71 78 46 7 54 6 57 40 64 55 66 75 44 61 4 59 11 2 10 76 33 41 31 36 77 45 73 12 25 13 35 27 53 34 50 52 43 8 
57 58 34 33 82 68 59 78 36 37 12 35 80 0 26 69 47 64 51 48 22 63 30 54 61 74 21 73 65 38 53 44 56 23 42 15 77 1 10 5 20 6 83 49 11 32 2 41 40 46 71 3 75 27 79 76 43 67 52 18 19 29 
58 82 57 67 43 21 56 4 9 79 76 18 25 77 74 24 22 28 20 69 7 63 26 33 44 68 12 1 19 83 29 65 15 80 6 16 73 70 37 36 55 40 8 31 52 39 60 42 47 50 5 30 23 32 2 66 17 38 59 46 62 
59 14 28 13 57 81 60 21 35 15 70 43 64 82 41 23 30 74 33 77 39 61 47 10 25 9 44 54 29 42 72 80 34 17 62 56 19 31 83 38 2 52 12 27 53 6 63 71 16 36 1 26 45 37 8 73 0 4 76 58 5 3 
60 43 67 42 48 18 5 66 59 19 28 21 4 9 52 30 49 69 46 54 38 40 62 47 50 65 36 80 83 71 24 6 76 8 75 16 20 77 1 73 72 25 2 53 74 31 68 22 55 61 58 78 34 32 10 64 82 14 26 
61 22 81 34 21 64 33 77 76 45 5 19 31 50 24 82 49 57 68 27 78 59 46 23 11 6 18 80 37 29 0 38 1 56 62 14 48 2 10 83 32 13 65 71 51 60 15 36 25 67 52 7 66 30 47 28 74 44 
62 32 3 1 73 46 64 33 77 82 41 74 48 78 44 39 8 67 70 26 75 45 60 11 22 37 13 18 68 54 55 50 27 40 24 4 38 2 0 61 51 59 79 71 53 42 36 76 28 19 72 47 43 65 31 58 5 12 
63 43 65 37 74 22 56 67 4 72 47 69 71 29 23 12 73 9 14 57 11 70 78 64 53 27 33 83 8 32 58 76 77 68 0 51 21 50 46 44 75 17 13 40 19 10 42 31 38 24 7 20 79 41 25 52 59 26 80 16 18 36 55 5 66 54 
64 78 3 29 61 62 70 68 43 38 30 79 57 72 59 77 4 27 42 67 63 6 66 40 28 8 7 48 44 23 20 37 10 35 54 9 65 56 22 71 17 2 46 75 19 49 39 81 33 0 53 14 74 60 31 11 73 34 25 26 
65 76 6 16 63 78 45 51 17 66 39 22 25 50 77 53 75 12 32 19 15 83 29 47 30 4 60 70 57 31 18 81 21 7 72 24 44 64 82 74 3 58 34 46 27 5 61 38 0 55 8 67 1 42 28 40 62 71 13 54 80 14 2 
66 49 18 23 46 10 8 70 25 76 65 1 60 37 12 55 47 28 52 5 68 43 81 32 26 3 41 42 64 21 72 17 15 50 77 83 31 38 56 2 48 75 45 80 71 0 40 9 29 20 67 7 33 34 13 74 61 79 82 58 19 44 6 54 63 22 
67 19 36 60 58 22 52 7 63 46 75 0 62 1 28 9 70 13 64 71 20 4 54 38 6 34 82 76 72 10 43 5 73 3 80 79 48 23 16 2 18 32 26 14 44 66 65 51 55 61 45 42 47 40 29 33 30 50 69 24 57 27 15 
68 24 47 37 69 1 30 39 22 57 50 75 64 48 83 72 14 33 11 66 10 7 80 2 20 5 77 32 35 8 61 81 63 26 62 58 38 76 17 71 19 52 18 79 78 31 42 28 53 12 49 60 16 44 45 73 4 23 74 3 41 25 
69 18 68 74 20 9 70 53 44 45 26 12 4 15 56 48 63 57 37 11 77 1 60 17 52 58 8 29 32 80 28 40 46 19 78 39 41 50 7 54 31 10 51 13 22 81 83 55 3 21 35 71 33 36 49 72 67 5 24 6 
70 52 34 80 42 41 11 18 66 64 69 45 35 9 7 10 28 59 62 67 8 63 16 33 6 15 54 74 83 53 65 37 32 22 44 77 2 31 4 30 12 76 58 13 55 78 5 72 36 48 14 1 25 51 73 21 81 46 
71 82 37 26 38 32 23 46 30 12 43 21 31 81 0 29 6 63 7 4 27 45 56 67 15 74 33 28 54 22 47 83 60 49 9 41 42 68 11 48 64 20 17 19 62 79 10 75 66 8 16 57 34 61 44 59 40 69 80 39 65 51 18 36 2 24 72 13 50 
72 56 30 24 43 4 68 45 12 10 29 63 44 7 64 21 41 35 36 8 66 27 31 9 15 0 5 22 2 32 39 25 65 76 67 23 59 73 3 83 13 18 54 26 60 11 19 53 82 62 6 70 34 50 55 47 51 81 69 28 1 42 71 48 
73 13 34 28 51 9 62 37 48 77 79 63 16 22 31 41 21 2 55 25 18 15 81 57 3 78 27 36 80 74 82 76 6 72 54 67 43 39 60 58 30 14 35 53 38 56 26 20 68 83 50 4 1 11 59 0 5 52 8 70 64 75 
74 39 46 3 69 54 75 63 12 25 62 82 58 44 8 33 21 47 80 20 40 59 42 23 71 57 70 9 77 37 43 50 7 38 73 65 52 78 81 53 55 51 31 35 60 2 48 24 4 17 15 18 29 32 66 5 36 1 64 34 45 68 61 49 13 41 
75 23 50 74 51 68 34 81 67 41 65 49 0 13 27 62 78 76 52 32 29 25 54 79 15 8 20 55 37 42 40 60 63 9 56 66 44 10 71 26 24 7 38 39 64 45 57 22 17 35 36 12 48 53 6 18 1 80 4 28 19 31 14 46 83 73 
76 65 1 35 5 26 8 82 38 58 66 20 24 48 61 19 39 54 21 83 28 44 49 25 75 14 12 50 53 63 33 18 47 41 45 67 60 68 73 72 2 37 79 32 10 29 23 70 56 52 42 3 30 62 31 46 9 57 7 0 11 80 59 78 77 15 17 
77 43 55 15 83 49 47 48 62 54 73 23 30 58 61 65 24 37 45 44 64 69 35 11 27 33 68 80 59 81 16 63 19 51 53 82 74 4 41 40 39 57 66 70 3 34 6 1 20 60 2 31 8 42 56 79 17 28 13 21 26 10 29 46 76 50 
78 64 51 24 65 6 0 57 50 62 7 80 18 19 52 81 12 63 49 56 75 10 14 39 61 29 73 40 20 42 30 79 28 69 17 82 44 21 74 68 33 27 25 1 15 22 32 46 23 54 70 34 60 83 53 47 2 38 4 76 36 16 48 
79 4 37 58 14 30 11 73 1 64 39 24 35 50 13 16 80 22 52 29 21 75 20 38 78 12 27 54 46 68 28 76 8 25 36 62 71 3 10 67 33 83 34 77 63 43 41 53 57 31 40 5 66 6 17 
80 11 70 81 28 50 12 5 15 26 57 8 78 1 45 68 74 3 56 2 79 77 82 47 55 60 9 69 61 73 17 48 54 33 59 16 14 43 58 67 23 18 66 35 27 46 83 40 6 41 0 71 63 7 51 49 31 76 34 75 52 65 
81 4 40 82 39 33 80 61 54 18 49 5 59 45 75 11 71 13 24 27 30 78 66 16 56 26 55 77 44 73 68 29 37 22 42 41 65 20 3 19 21 50 15 74 10 17 35 52 51 69 14 64 34 1 72 53 83 70 36 32 12 
82 71 28 58 81 31 33 1 30 57 76 62 37 21 74 54 27 23 24 55 59 42 15 9 38 53 26 56 61 80 41 4 77 45 2 67 6 0 73 5 8 78 65 43 19 44 11 40 39 18 14 48 20 46 10 47 22 72 32 66 34 35 60 83 50 
83 23 21 25 42 77 20 6 10 48 68 50 51 5 49 1 30 76 13 56 65 63 33 18 38 70 43 9 2 8 44 60 71 53 54 52 24 66 41 58 17 26 15 34 57 72 19 31 61 27 59 79 28 16 80 14 12 69 29 78 73 3 45 7 82 81 22 75 
