0 77 
0 59 
0 29 
0 43 
0 23 
0 76 
0 75 
0 41 
0 63 
0 14 
0 10 
0 1 
0 16 
0 20 
0 51 
0 13 
0 73 
0 12 
0 11 
0 84 
0 86 
0 46 
0 83 
0 78 
0 8 
0 71 
0 5 
0 80 
0 53 
0 22 
0 21 
0 9 
0 40 
0 74 
0 50 
0 62 
0 2 
0 69 
0 33 
0 17 
0 72 
0 45 
0 36 
0 52 
0 18 
0 3 
0 48 
0 37 
0 24 
0 19 
0 38 
0 68 
0 28 
0 65 
0 47 
0 81 
0 60 
0 42 
0 61 
0 6 
0 82 
0 32 
1 24 
1 66 
1 10 
1 48 
1 25 
1 37 
1 0 
1 26 
1 54 
1 13 
1 36 
1 85 
1 53 
1 17 
1 45 
1 21 
1 11 
1 12 
1 28 
1 80 
1 73 
1 70 
1 81 
1 63 
1 47 
1 14 
1 79 
1 30 
1 57 
1 6 
1 60 
1 83 
1 56 
1 40 
1 75 
1 20 
1 41 
1 68 
1 16 
1 5 
1 35 
1 62 
1 77 
1 67 
1 39 
1 42 
1 44 
1 31 
1 55 
1 78 
1 22 
1 43 
1 2 
1 18 
1 46 
1 3 
1 15 
1 50 
1 33 
1 49 
1 34 
1 59 
1 51 
1 71 
1 65 
1 76 
1 7 
2 45 
2 10 
2 41 
2 11 
2 64 
2 81 
2 38 
2 25 
2 82 
2 55 
2 78 
2 3 
2 58 
2 52 
2 76 
2 7 
2 86 
2 30 
2 51 
2 5 
2 75 
2 48 
2 46 
2 60 
2 35 
2 84 
2 70 
2 33 
2 14 
2 44 
2 65 
2 37 
2 36 
2 40 
2 22 
2 54 
2 19 
2 61 
2 62 
2 49 
2 56 
2 43 
2 80 
2 0 
2 27 
2 9 
2 69 
2 32 
2 15 
2 73 
2 79 
2 20 
2 66 
2 17 
2 1 
2 24 
2 34 
2 77 
2 83 
2 74 
2 26 
2 50 
2 57 
2 8 
2 59 
2 39 
2 67 
3 40 
3 75 
3 12 
3 38 
3 70 
3 61 
3 34 
3 77 
3 83 
3 63 
3 50 
3 30 
3 45 
3 81 
3 52 
3 51 
3 35 
3 2 
3 39 
3 72 
3 73 
3 58 
3 85 
3 24 
3 68 
3 19 
3 5 
3 82 
3 28 
3 76 
3 32 
3 33 
3 23 
3 79 
3 7 
3 56 
3 57 
3 21 
3 71 
3 41 
3 78 
3 14 
3 4 
3 27 
3 29 
3 54 
3 25 
3 80 
3 84 
3 11 
3 53 
3 47 
3 0 
3 43 
3 74 
3 36 
3 22 
3 1 
3 15 
3 66 
3 86 
3 62 
3 59 
3 55 
3 46 
3 17 
3 13 
3 9 
4 31 
4 20 
4 60 
4 63 
4 55 
4 48 
4 13 
4 86 
4 12 
4 54 
4 75 
4 74 
4 53 
4 10 
4 78 
4 72 
4 32 
4 38 
4 65 
4 33 
4 23 
4 73 
4 25 
4 76 
4 41 
4 57 
4 61 
4 64 
4 24 
4 71 
4 51 
4 52 
4 59 
4 27 
4 5 
4 50 
4 30 
4 42 
4 47 
4 70 
4 84 
4 9 
4 3 
4 6 
4 21 
4 26 
4 68 
4 22 
4 46 
4 43 
4 17 
4 11 
4 56 
4 44 
4 67 
4 82 
4 62 
4 40 
4 80 
4 14 
4 36 
4 37 
4 8 
4 18 
4 35 
5 39 
5 12 
5 21 
5 6 
5 51 
5 76 
5 63 
5 29 
5 71 
5 11 
5 77 
5 73 
5 15 
5 42 
5 26 
5 59 
5 68 
5 52 
5 3 
5 46 
5 28 
5 78 
5 45 
5 2 
5 35 
5 0 
5 50 
5 60 
5 83 
5 47 
5 4 
5 1 
5 10 
5 43 
5 58 
5 85 
5 31 
5 40 
5 80 
5 69 
5 24 
5 27 
5 41 
5 57 
5 8 
5 54 
5 20 
5 38 
5 61 
5 48 
5 30 
5 56 
5 18 
5 7 
5 16 
5 44 
5 14 
5 75 
5 65 
5 62 
6 74 
6 23 
6 5 
6 28 
6 83 
6 44 
6 78 
6 18 
6 53 
6 80 
6 75 
6 51 
6 55 
6 47 
6 35 
6 86 
6 10 
6 33 
6 19 
6 63 
6 32 
6 1 
6 14 
6 41 
6 69 
6 85 
6 57 
6 26 
6 60 
6 45 
6 48 
6 50 
6 36 
6 27 
6 49 
6 64 
6 24 
6 4 
6 40 
6 56 
6 70 
6 25 
6 13 
6 77 
6 31 
6 37 
6 12 
6 58 
6 21 
6 84 
6 81 
6 9 
6 29 
6 34 
6 67 
6 52 
6 82 
6 61 
6 73 
6 71 
6 16 
6 0 
6 62 
7 38 
7 72 
7 46 
7 23 
7 80 
7 11 
7 86 
7 82 
7 49 
7 75 
7 42 
7 83 
7 27 
7 41 
7 8 
7 50 
7 81 
7 59 
7 2 
7 20 
7 77 
7 33 
7 21 
7 64 
7 61 
7 66 
7 32 
7 54 
7 36 
7 78 
7 3 
7 73 
7 15 
7 30 
7 10 
7 57 
7 71 
7 62 
7 39 
7 28 
7 70 
7 12 
7 47 
7 51 
7 34 
7 74 
7 45 
7 69 
7 84 
7 14 
7 55 
7 9 
7 76 
7 67 
7 31 
7 17 
7 48 
7 68 
7 19 
7 5 
7 24 
7 18 
7 16 
7 63 
7 58 
7 1 
8 66 
8 72 
8 78 
8 65 
8 57 
8 60 
8 30 
8 25 
8 7 
8 44 
8 28 
8 69 
8 51 
8 47 
8 33 
8 31 
8 61 
8 20 
8 62 
8 40 
8 16 
8 77 
8 36 
8 0 
8 59 
8 22 
8 49 
8 39 
8 34 
8 74 
8 75 
8 11 
8 43 
8 48 
8 80 
8 55 
8 18 
8 13 
8 10 
8 14 
8 38 
8 5 
8 70 
8 12 
8 64 
8 26 
8 53 
8 56 
8 79 
8 50 
8 2 
8 83 
8 4 
9 50 
9 19 
9 86 
9 74 
9 31 
9 17 
9 35 
9 32 
9 80 
9 37 
9 20 
9 25 
9 46 
9 53 
9 70 
9 41 
9 22 
9 24 
9 29 
9 11 
9 60 
9 79 
9 33 
9 43 
9 10 
9 14 
9 0 
9 83 
9 28 
9 30 
9 63 
9 73 
9 84 
9 12 
9 23 
9 4 
9 2 
9 81 
9 77 
9 47 
9 27 
9 62 
9 21 
9 13 
9 40 
9 44 
9 58 
9 15 
9 72 
9 26 
9 75 
9 67 
9 69 
9 6 
9 7 
9 64 
9 42 
9 85 
9 49 
9 56 
9 52 
9 65 
9 3 
9 61 
10 69 
10 61 
10 1 
10 2 
10 13 
10 12 
10 0 
10 32 
10 4 
10 71 
10 27 
10 76 
10 26 
10 33 
10 44 
10 21 
10 39 
10 14 
10 6 
10 53 
10 67 
10 75 
10 45 
10 11 
10 18 
10 68 
10 49 
10 85 
10 17 
10 62 
10 9 
10 36 
10 58 
10 54 
10 30 
10 7 
10 20 
10 46 
10 34 
10 57 
10 64 
10 5 
10 29 
10 82 
10 25 
10 78 
10 41 
10 35 
10 8 
10 22 
10 70 
10 52 
10 80 
10 31 
10 40 
10 37 
10 47 
10 56 
10 77 
10 15 
10 28 
10 72 
10 38 
10 55 
10 48 
10 73 
10 51 
11 71 
11 83 
11 64 
11 2 
11 29 
11 35 
11 75 
11 7 
11 63 
11 30 
11 5 
11 18 
11 34 
11 1 
11 28 
11 49 
11 43 
11 26 
11 46 
11 0 
11 17 
11 23 
11 21 
11 9 
11 56 
11 22 
11 74 
11 69 
11 10 
11 67 
11 54 
11 85 
11 19 
11 58 
11 8 
11 70 
11 20 
11 12 
11 60 
11 86 
11 66 
11 50 
11 31 
11 73 
11 81 
11 77 
11 33 
11 78 
11 27 
11 55 
11 4 
11 3 
11 82 
11 59 
11 41 
11 61 
11 32 
11 15 
11 14 
11 62 
11 51 
11 68 
11 80 
11 57 
11 72 
11 38 
11 37 
12 59 
12 3 
12 5 
12 39 
12 4 
12 63 
12 10 
12 55 
12 61 
12 42 
12 49 
12 73 
12 58 
12 36 
12 72 
12 32 
12 66 
12 27 
12 20 
12 0 
12 76 
12 1 
12 18 
12 35 
12 40 
12 14 
12 34 
12 51 
12 25 
12 84 
12 15 
12 79 
12 48 
12 11 
12 31 
12 22 
12 77 
12 65 
12 9 
12 17 
12 60 
12 38 
12 64 
12 7 
12 24 
12 33 
12 23 
12 6 
12 56 
12 81 
12 80 
12 8 
12 75 
12 53 
12 29 
12 85 
12 57 
12 69 
12 37 
12 70 
12 83 
12 54 
13 68 
13 36 
13 22 
13 44 
13 51 
13 15 
13 4 
13 10 
13 82 
13 35 
13 65 
13 1 
13 61 
13 52 
13 0 
13 84 
13 83 
13 58 
13 76 
13 72 
13 57 
13 29 
13 34 
13 24 
13 23 
13 69 
13 86 
13 49 
13 78 
13 17 
13 75 
13 40 
13 41 
13 30 
13 38 
13 33 
13 60 
13 46 
13 62 
13 53 
13 64 
13 56 
13 85 
13 8 
13 25 
13 77 
13 9 
13 6 
13 21 
13 42 
13 39 
13 79 
13 27 
13 59 
13 81 
13 48 
13 31 
13 70 
13 18 
13 73 
13 67 
13 43 
13 3 
14 29 
14 49 
14 85 
14 40 
14 30 
14 74 
14 47 
14 36 
14 0 
14 65 
14 27 
14 53 
14 52 
14 24 
14 44 
14 35 
14 22 
14 46 
14 73 
14 12 
14 54 
14 10 
14 55 
14 68 
14 57 
14 82 
14 1 
14 32 
14 75 
14 23 
14 43 
14 56 
14 59 
14 26 
14 6 
14 70 
14 64 
14 71 
14 2 
14 9 
14 38 
14 60 
14 3 
14 45 
14 78 
14 69 
14 48 
14 8 
14 41 
14 81 
14 61 
14 7 
14 11 
14 62 
14 15 
14 20 
14 28 
14 18 
14 76 
14 42 
14 31 
14 77 
14 4 
14 83 
14 19 
14 86 
14 5 
14 16 
14 67 
14 80 
15 42 
15 13 
15 29 
15 61 
15 40 
15 46 
15 32 
15 68 
15 58 
15 19 
15 62 
15 5 
15 17 
15 43 
15 25 
15 16 
15 71 
15 35 
15 69 
15 81 
15 39 
15 80 
15 12 
15 65 
15 30 
15 51 
15 56 
15 7 
15 66 
15 41 
15 86 
15 20 
15 83 
15 67 
15 50 
15 2 
15 70 
15 9 
15 79 
15 28 
15 36 
15 77 
15 47 
15 73 
15 60 
15 11 
15 14 
15 3 
15 1 
15 21 
15 26 
15 10 
15 74 
15 33 
15 59 
15 53 
15 22 
15 31 
15 75 
15 24 
15 34 
15 52 
15 49 
15 84 
15 72 
16 47 
16 38 
16 71 
16 0 
16 79 
16 64 
16 77 
16 21 
16 75 
16 15 
16 28 
16 53 
16 59 
16 55 
16 8 
16 48 
16 25 
16 74 
16 83 
16 17 
16 30 
16 73 
16 60 
16 49 
16 36 
16 84 
16 35 
16 50 
16 32 
16 1 
16 54 
16 80 
16 57 
16 37 
16 18 
16 56 
16 27 
16 33 
16 22 
16 29 
16 72 
16 69 
16 51 
16 61 
16 81 
16 82 
16 62 
16 19 
16 66 
16 5 
16 63 
16 40 
16 14 
16 39 
16 6 
16 23 
16 7 
17 67 
17 85 
17 9 
17 39 
17 41 
17 71 
17 51 
17 62 
17 79 
17 27 
17 50 
17 1 
17 15 
17 61 
17 78 
17 63 
17 66 
17 20 
17 21 
17 40 
17 11 
17 74 
17 46 
17 34 
17 22 
17 84 
17 86 
17 25 
17 16 
17 44 
17 31 
17 83 
17 82 
17 77 
17 18 
17 13 
17 26 
17 10 
17 29 
17 75 
17 36 
17 24 
17 76 
17 43 
17 57 
17 33 
17 12 
17 64 
17 0 
17 65 
17 4 
17 58 
17 2 
17 80 
17 81 
17 32 
17 59 
17 38 
17 37 
17 56 
17 72 
17 7 
17 73 
17 28 
17 35 
17 3 
18 69 
18 67 
18 28 
18 26 
18 39 
18 79 
18 80 
18 50 
18 58 
18 35 
18 62 
18 45 
18 11 
18 41 
18 81 
18 6 
18 12 
18 32 
18 40 
18 86 
18 46 
18 36 
18 84 
18 48 
18 59 
18 34 
18 63 
18 10 
18 17 
18 57 
18 66 
18 52 
18 51 
18 64 
18 83 
18 75 
18 56 
18 43 
18 73 
18 20 
18 33 
18 8 
18 72 
18 54 
18 16 
18 0 
18 61 
18 19 
18 70 
18 38 
18 1 
18 60 
18 77 
18 14 
18 27 
18 13 
18 55 
18 5 
18 29 
18 22 
18 53 
18 44 
18 7 
18 78 
18 49 
18 4 
18 47 
19 64 
19 82 
19 9 
19 30 
19 53 
19 59 
19 70 
19 58 
19 76 
19 48 
19 72 
19 23 
19 15 
19 83 
19 71 
19 41 
19 69 
19 42 
19 44 
19 55 
19 78 
19 36 
19 35 
19 63 
19 3 
19 20 
19 6 
19 37 
19 22 
19 81 
19 11 
19 29 
19 50 
19 75 
19 31 
19 21 
19 25 
19 2 
19 49 
19 73 
19 84 
19 67 
19 60 
19 26 
19 54 
19 46 
19 68 
19 86 
19 18 
19 80 
19 77 
19 51 
19 38 
19 32 
19 62 
19 16 
19 0 
19 7 
19 14 
19 66 
19 85 
19 33 
19 24 
19 79 
19 27 
20 4 
20 39 
20 70 
20 28 
20 37 
20 0 
20 78 
20 81 
20 69 
20 62 
20 52 
20 51 
20 54 
20 31 
20 64 
20 12 
20 79 
20 9 
20 8 
20 17 
20 49 
20 7 
20 61 
20 48 
20 19 
20 63 
20 66 
20 77 
20 86 
20 35 
20 11 
20 26 
20 1 
20 67 
20 10 
20 65 
20 74 
20 82 
20 59 
20 80 
20 15 
20 23 
20 24 
20 18 
20 2 
20 46 
20 47 
20 68 
20 75 
20 44 
20 33 
20 5 
20 34 
20 41 
20 85 
20 50 
20 14 
20 56 
20 42 
20 83 
20 71 
20 60 
20 55 
20 32 
20 21 
20 53 
21 5 
21 77 
21 79 
21 59 
21 49 
21 84 
21 28 
21 64 
21 35 
21 45 
21 76 
21 16 
21 1 
21 23 
21 78 
21 17 
21 10 
21 85 
21 7 
21 38 
21 24 
21 51 
21 11 
21 32 
21 70 
21 80 
21 57 
21 0 
21 67 
21 3 
21 74 
21 19 
21 43 
21 27 
21 63 
21 25 
21 41 
21 30 
21 46 
21 69 
21 4 
21 65 
21 40 
21 22 
21 9 
21 36 
21 73 
21 52 
21 13 
21 66 
21 71 
21 6 
21 58 
21 50 
21 82 
21 15 
21 44 
21 26 
21 55 
21 62 
21 75 
21 20 
21 68 
21 54 
22 13 
22 79 
22 45 
22 84 
22 73 
22 42 
22 60 
22 71 
22 25 
22 32 
22 43 
22 44 
22 35 
22 14 
22 58 
22 65 
22 56 
22 85 
22 51 
22 24 
22 66 
22 30 
22 64 
22 9 
22 17 
22 61 
22 53 
22 40 
22 80 
22 11 
22 19 
22 46 
22 8 
22 47 
22 0 
22 70 
22 86 
22 2 
22 39 
22 31 
22 12 
22 75 
22 48 
22 50 
22 74 
22 21 
22 4 
22 16 
22 41 
22 10 
22 78 
22 81 
22 1 
22 36 
22 49 
22 76 
22 3 
22 23 
22 68 
22 52 
22 27 
22 38 
22 54 
22 55 
22 57 
22 26 
22 33 
22 18 
22 15 
22 67 
22 59 
23 6 
23 69 
23 71 
23 83 
23 65 
23 0 
23 64 
23 63 
23 7 
23 46 
23 73 
23 57 
23 19 
23 49 
23 78 
23 30 
23 34 
23 66 
23 42 
23 54 
23 4 
23 37 
23 67 
23 21 
23 85 
23 26 
23 72 
23 61 
23 13 
23 41 
23 75 
23 11 
23 68 
23 70 
23 14 
23 59 
23 40 
23 82 
23 47 
23 43 
23 29 
23 50 
23 51 
23 3 
23 81 
23 35 
23 36 
23 48 
23 58 
23 84 
23 9 
23 20 
23 25 
23 39 
23 74 
23 28 
23 12 
23 38 
23 24 
23 76 
23 22 
23 52 
23 45 
23 77 
23 32 
23 27 
23 80 
23 16 
24 57 
24 80 
24 68 
24 1 
24 35 
24 51 
24 65 
24 83 
24 62 
24 28 
24 84 
24 61 
24 29 
24 31 
24 14 
24 63 
24 43 
24 13 
24 32 
24 22 
24 3 
24 71 
24 54 
24 21 
24 9 
24 25 
24 36 
24 4 
24 85 
24 17 
24 34 
24 47 
24 20 
24 27 
24 69 
24 67 
24 6 
24 50 
24 38 
24 45 
24 73 
24 39 
24 56 
24 53 
24 12 
24 79 
24 60 
24 5 
24 52 
24 41 
24 76 
24 2 
24 70 
24 59 
24 58 
24 23 
24 0 
24 37 
24 78 
24 81 
24 40 
24 49 
24 86 
24 77 
24 75 
24 7 
24 15 
24 19 
24 66 
25 26 
25 1 
25 43 
25 62 
25 2 
25 8 
25 22 
25 79 
25 35 
25 53 
25 59 
25 80 
25 81 
25 15 
25 54 
25 46 
25 28 
25 68 
25 4 
25 9 
25 73 
25 29 
25 36 
25 30 
25 16 
25 33 
25 12 
25 63 
25 37 
25 55 
25 67 
25 17 
25 24 
25 47 
25 44 
25 71 
25 60 
25 57 
25 56 
25 38 
25 78 
25 52 
25 19 
25 77 
25 21 
25 41 
25 23 
25 83 
25 13 
25 6 
25 10 
25 3 
25 84 
25 86 
25 42 
25 48 
25 76 
25 61 
25 45 
25 69 
25 39 
25 74 
25 32 
26 80 
26 25 
26 18 
26 68 
26 1 
26 59 
26 55 
26 54 
26 74 
26 30 
26 5 
26 10 
26 41 
26 60 
26 70 
26 72 
26 11 
26 23 
26 65 
26 77 
26 31 
26 82 
26 62 
26 14 
26 64 
26 17 
26 6 
26 33 
26 71 
26 20 
26 37 
26 67 
26 42 
26 61 
26 50 
26 27 
26 4 
26 75 
26 19 
26 40 
26 53 
26 36 
26 84 
26 48 
26 43 
26 9 
26 28 
26 47 
26 81 
26 83 
26 85 
26 51 
26 44 
26 86 
26 8 
26 15 
26 49 
26 2 
26 69 
26 39 
26 22 
26 21 
26 57 
26 52 
27 32 
27 60 
27 41 
27 77 
27 85 
27 29 
27 14 
27 7 
27 17 
27 10 
27 61 
27 12 
27 69 
27 33 
27 79 
27 80 
27 49 
27 64 
27 78 
27 72 
27 35 
27 4 
27 30 
27 51 
27 75 
27 45 
27 36 
27 21 
27 6 
27 56 
27 38 
27 34 
27 2 
27 24 
27 3 
27 84 
27 26 
27 9 
27 82 
27 16 
27 71 
27 42 
27 11 
27 67 
27 5 
27 31 
27 63 
27 13 
27 52 
27 66 
27 54 
27 62 
27 22 
27 18 
27 83 
27 58 
27 55 
27 47 
27 23 
27 74 
27 19 
28 46 
28 43 
28 18 
28 6 
28 24 
28 75 
28 20 
28 21 
28 61 
28 56 
28 8 
28 48 
28 33 
28 82 
28 25 
28 44 
28 16 
28 1 
28 11 
28 86 
28 32 
28 41 
28 55 
28 29 
28 84 
28 42 
28 5 
28 52 
28 67 
28 3 
28 35 
28 53 
28 73 
28 36 
28 9 
28 78 
28 85 
28 74 
28 76 
28 71 
28 34 
28 72 
28 50 
28 7 
28 77 
28 59 
28 47 
28 15 
28 39 
28 40 
28 23 
28 65 
28 26 
28 30 
28 54 
28 14 
28 10 
28 0 
28 81 
28 57 
28 38 
28 69 
28 17 
29 14 
29 15 
29 80 
29 0 
29 11 
29 5 
29 27 
29 24 
29 66 
29 61 
29 42 
29 83 
29 62 
29 49 
29 13 
29 35 
29 56 
29 34 
29 82 
29 28 
29 25 
29 68 
29 47 
29 84 
29 45 
29 9 
29 73 
29 33 
29 69 
29 75 
29 70 
29 36 
29 67 
29 23 
29 17 
29 19 
29 81 
29 74 
29 54 
29 38 
29 43 
29 79 
29 85 
29 78 
29 10 
29 55 
29 30 
29 53 
29 64 
29 16 
29 3 
29 76 
29 52 
29 63 
29 37 
29 12 
29 86 
29 6 
29 39 
29 72 
29 18 
29 32 
30 47 
30 19 
30 35 
30 40 
30 14 
30 55 
30 82 
30 57 
30 85 
30 11 
30 3 
30 78 
30 68 
30 62 
30 8 
30 75 
30 77 
30 41 
30 81 
30 23 
30 65 
30 26 
30 70 
30 43 
30 45 
30 59 
30 36 
30 37 
30 73 
30 50 
30 22 
30 25 
30 2 
30 39 
30 32 
30 64 
30 16 
30 1 
30 63 
30 15 
30 61 
30 51 
30 34 
30 27 
30 71 
30 83 
30 13 
30 4 
30 9 
30 7 
30 10 
30 21 
30 72 
30 42 
30 29 
30 60 
30 69 
30 76 
30 49 
30 54 
30 28 
30 56 
30 66 
30 5 
30 52 
30 44 
30 33 
30 46 
30 80 
30 79 
31 4 
31 60 
31 43 
31 40 
31 53 
31 80 
31 9 
31 24 
31 52 
31 86 
31 42 
31 69 
31 20 
31 70 
31 8 
31 59 
31 51 
31 72 
31 46 
31 26 
31 35 
31 57 
31 17 
31 33 
31 76 
31 44 
31 77 
31 58 
31 19 
31 67 
31 34 
31 45 
31 32 
31 66 
31 12 
31 22 
31 65 
31 11 
31 50 
31 56 
31 61 
31 5 
31 1 
31 83 
31 6 
31 55 
31 27 
31 10 
31 13 
31 36 
31 62 
31 7 
31 48 
31 14 
31 84 
31 47 
31 38 
31 15 
31 41 
32 70 
32 50 
32 27 
32 35 
32 63 
32 66 
32 56 
32 76 
32 62 
32 67 
32 10 
32 49 
32 9 
32 15 
32 55 
32 4 
32 22 
32 12 
32 18 
32 28 
32 24 
32 36 
32 46 
32 75 
32 48 
32 60 
32 43 
32 51 
32 30 
32 14 
32 6 
32 52 
32 21 
32 81 
32 7 
32 72 
32 3 
32 74 
32 34 
32 16 
32 31 
32 73 
32 79 
32 2 
32 37 
32 85 
32 65 
32 82 
32 77 
32 69 
32 17 
32 45 
32 40 
32 11 
32 64 
32 19 
32 78 
32 84 
32 23 
32 44 
32 86 
32 39 
32 25 
32 71 
32 41 
32 58 
32 20 
32 29 
32 0 
33 65 
33 62 
33 71 
33 81 
33 28 
33 4 
33 8 
33 48 
33 75 
33 38 
33 27 
33 42 
33 10 
33 53 
33 40 
33 7 
33 64 
33 25 
33 70 
33 6 
33 49 
33 29 
33 79 
33 73 
33 31 
33 45 
33 54 
33 9 
33 3 
33 26 
33 2 
33 52 
33 13 
33 67 
33 76 
33 39 
33 74 
33 69 
33 34 
33 17 
33 66 
33 0 
33 18 
33 11 
33 80 
33 16 
33 43 
33 12 
33 61 
33 84 
33 59 
33 20 
33 55 
33 56 
33 46 
33 47 
33 1 
33 51 
33 63 
33 22 
33 30 
33 15 
33 77 
33 86 
33 58 
33 19 
33 82 
34 60 
34 47 
34 3 
34 82 
34 42 
34 40 
34 67 
34 63 
34 48 
34 75 
34 23 
34 50 
34 11 
34 13 
34 56 
34 29 
34 12 
34 86 
34 78 
34 17 
34 18 
34 41 
34 59 
34 81 
34 8 
34 83 
34 30 
34 46 
34 73 
34 32 
34 55 
34 64 
34 24 
34 31 
34 68 
34 45 
34 10 
34 33 
34 27 
34 36 
34 61 
34 28 
34 53 
34 35 
34 38 
34 74 
34 65 
34 57 
34 71 
34 51 
34 7 
34 2 
34 43 
34 20 
34 54 
34 6 
34 84 
34 77 
34 79 
34 49 
34 62 
34 1 
34 70 
34 15 
34 76 
34 39 
35 24 
35 30 
35 32 
35 44 
35 72 
35 11 
35 13 
35 9 
35 21 
35 18 
35 81 
35 25 
35 82 
35 22 
35 3 
35 14 
35 75 
35 60 
35 59 
35 29 
35 39 
35 12 
35 19 
35 15 
35 66 
35 42 
35 6 
35 54 
35 31 
35 63 
35 5 
35 76 
35 78 
35 61 
35 27 
35 28 
35 2 
35 16 
35 23 
35 20 
35 53 
35 73 
35 41 
35 80 
35 56 
35 48 
35 68 
35 84 
35 1 
35 64 
35 46 
35 85 
35 67 
35 34 
35 10 
35 70 
35 52 
35 71 
35 77 
35 58 
35 74 
35 47 
35 37 
35 49 
35 86 
35 43 
35 17 
35 4 
36 52 
36 13 
36 62 
36 14 
36 66 
36 49 
36 59 
36 65 
36 1 
36 12 
36 53 
36 46 
36 30 
36 19 
36 82 
36 77 
36 32 
36 68 
36 18 
36 25 
36 8 
36 44 
36 51 
36 71 
36 54 
36 24 
36 42 
36 63 
36 29 
36 7 
36 16 
36 57 
36 17 
36 28 
36 23 
36 10 
36 73 
36 47 
36 2 
36 27 
36 6 
36 38 
36 72 
36 34 
36 41 
36 74 
36 75 
36 64 
36 81 
36 21 
36 0 
36 26 
36 15 
36 22 
36 76 
36 3 
36 31 
36 56 
36 37 
36 79 
36 55 
36 43 
36 4 
36 61 
36 39 
36 58 
36 83 
36 80 
37 49 
37 85 
37 42 
37 59 
37 68 
37 77 
37 1 
37 20 
37 64 
37 81 
37 76 
37 73 
37 61 
37 9 
37 84 
37 48 
37 62 
37 23 
37 50 
37 67 
37 30 
37 86 
37 25 
37 19 
37 60 
37 53 
37 58 
37 74 
37 66 
37 26 
37 2 
37 65 
37 43 
37 71 
37 32 
37 16 
37 79 
37 39 
37 75 
37 83 
37 80 
37 6 
37 55 
37 29 
37 72 
37 41 
37 63 
37 45 
37 36 
37 10 
37 0 
37 17 
37 35 
37 24 
37 82 
37 47 
37 54 
37 12 
37 56 
37 4 
37 52 
37 11 
38 53 
38 3 
38 7 
38 16 
38 69 
38 84 
38 86 
38 73 
38 2 
38 62 
38 50 
38 42 
38 4 
38 33 
38 71 
38 77 
38 68 
38 44 
38 76 
38 63 
38 21 
38 43 
38 78 
38 70 
38 59 
38 83 
38 46 
38 80 
38 57 
38 58 
38 25 
38 14 
38 13 
38 64 
38 66 
38 74 
38 36 
38 72 
38 48 
38 27 
38 40 
38 29 
38 24 
38 51 
38 12 
38 34 
38 8 
38 82 
38 61 
38 65 
38 18 
38 23 
38 45 
38 19 
38 79 
38 67 
38 39 
38 5 
38 17 
38 22 
38 75 
38 10 
38 0 
38 85 
38 31 
38 54 
38 28 
38 52 
38 11 
38 47 
39 5 
39 12 
39 68 
39 18 
39 20 
39 44 
39 65 
39 17 
39 60 
39 74 
39 46 
39 41 
39 61 
39 3 
39 78 
39 56 
39 71 
39 35 
39 10 
39 15 
39 52 
39 53 
39 30 
39 69 
39 8 
39 62 
39 81 
39 75 
39 72 
39 22 
39 86 
39 33 
39 49 
39 59 
39 48 
39 1 
39 7 
39 64 
39 82 
39 77 
39 37 
39 23 
39 24 
39 84 
39 40 
39 28 
39 66 
39 43 
39 54 
39 13 
39 55 
39 58 
39 47 
39 38 
39 70 
39 29 
39 26 
39 25 
39 16 
39 32 
39 80 
39 2 
39 36 
39 83 
39 34 
40 3 
40 14 
40 30 
40 60 
40 31 
40 15 
40 34 
40 43 
40 63 
40 41 
40 59 
40 42 
40 53 
40 18 
40 33 
40 12 
40 66 
40 17 
40 8 
40 83 
40 65 
40 22 
40 23 
40 55 
40 86 
40 73 
40 13 
40 67 
40 1 
40 85 
40 0 
40 2 
40 44 
40 49 
40 38 
40 75 
40 48 
40 50 
40 54 
40 6 
40 5 
40 21 
40 51 
40 9 
40 71 
40 26 
40 78 
40 39 
40 28 
40 76 
40 32 
40 10 
40 4 
40 72 
40 80 
40 64 
40 62 
40 24 
40 57 
40 16 
40 58 
40 77 
41 52 
41 49 
41 27 
41 2 
41 0 
41 46 
41 80 
41 79 
41 61 
41 17 
41 40 
41 7 
41 39 
41 57 
41 59 
41 30 
41 19 
41 26 
41 18 
41 47 
41 28 
41 4 
41 86 
41 48 
41 23 
41 9 
41 42 
41 64 
41 56 
41 76 
41 54 
41 34 
41 62 
41 84 
41 63 
41 6 
41 13 
41 35 
41 1 
41 15 
41 3 
41 45 
41 36 
41 75 
41 55 
41 85 
41 25 
41 21 
41 60 
41 22 
41 10 
41 14 
41 5 
41 70 
41 24 
41 72 
41 53 
41 67 
41 73 
41 37 
41 11 
41 20 
41 68 
41 78 
41 82 
41 81 
41 51 
41 50 
41 32 
41 66 
41 31 
41 71 
42 15 
42 61 
42 68 
42 37 
42 22 
42 80 
42 34 
42 12 
42 7 
42 78 
42 38 
42 29 
42 31 
42 5 
42 73 
42 23 
42 72 
42 40 
42 19 
42 67 
42 79 
42 33 
42 66 
42 77 
42 35 
42 28 
42 86 
42 41 
42 46 
42 69 
42 48 
42 53 
42 36 
42 45 
42 57 
42 65 
42 85 
42 54 
42 4 
42 50 
42 26 
42 30 
42 60 
42 1 
42 58 
42 84 
42 49 
42 27 
42 74 
42 43 
42 13 
42 51 
42 25 
42 56 
42 64 
42 81 
42 14 
42 20 
42 9 
42 71 
42 0 
43 28 
43 31 
43 0 
43 25 
43 40 
43 78 
43 22 
43 24 
43 15 
43 49 
43 30 
43 52 
43 11 
43 76 
43 55 
43 54 
43 66 
43 38 
43 32 
43 64 
43 81 
43 14 
43 23 
43 65 
43 9 
43 58 
43 8 
43 60 
43 21 
43 69 
43 84 
43 56 
43 37 
43 17 
43 2 
43 18 
43 29 
43 71 
43 5 
43 53 
43 85 
43 73 
43 57 
43 33 
43 79 
43 4 
43 42 
43 86 
43 77 
43 39 
43 26 
43 1 
43 3 
43 68 
43 34 
43 59 
43 47 
43 63 
43 36 
43 35 
43 13 
43 62 
43 67 
44 48 
44 77 
44 13 
44 35 
44 82 
44 39 
44 86 
44 76 
44 65 
44 46 
44 22 
44 54 
44 8 
44 14 
44 73 
44 79 
44 6 
44 28 
44 45 
44 19 
44 38 
44 69 
44 10 
44 63 
44 75 
44 58 
44 36 
44 72 
44 17 
44 52 
44 25 
44 68 
44 71 
44 66 
44 78 
44 31 
44 61 
44 2 
44 40 
44 85 
44 49 
44 1 
44 55 
44 9 
44 74 
44 64 
44 20 
44 4 
44 84 
44 80 
44 70 
44 83 
44 26 
44 21 
44 30 
44 32 
44 18 
44 5 
44 59 
45 2 
45 22 
45 59 
45 83 
45 65 
45 61 
45 84 
45 82 
45 3 
45 21 
45 62 
45 1 
45 18 
45 85 
45 77 
45 69 
45 30 
45 44 
45 60 
45 58 
45 29 
45 63 
45 5 
45 10 
45 48 
45 86 
45 67 
45 42 
45 33 
45 27 
45 6 
45 56 
45 75 
45 31 
45 52 
45 34 
45 41 
45 14 
45 0 
45 24 
45 66 
45 80 
45 46 
45 47 
45 68 
45 7 
45 32 
45 54 
45 49 
45 38 
45 37 
45 23 
45 25 
45 72 
45 70 
45 79 
46 28 
46 77 
46 7 
46 58 
46 41 
46 23 
46 15 
46 39 
46 65 
46 56 
46 44 
46 25 
46 14 
46 67 
46 36 
46 68 
46 73 
46 9 
46 32 
46 11 
46 18 
46 76 
46 17 
46 42 
46 31 
46 5 
46 0 
46 22 
46 57 
46 38 
46 2 
46 34 
46 48 
46 79 
46 61 
46 72 
46 54 
46 13 
46 10 
46 83 
46 21 
46 35 
46 60 
46 4 
46 19 
46 20 
46 66 
46 45 
46 70 
46 51 
46 85 
46 78 
46 63 
46 1 
46 69 
46 33 
46 74 
46 86 
46 80 
46 49 
46 82 
46 30 
46 64 
46 53 
46 3 
47 30 
47 16 
47 71 
47 34 
47 49 
47 65 
47 14 
47 77 
47 50 
47 59 
47 60 
47 66 
47 8 
47 67 
47 41 
47 81 
47 73 
47 6 
47 51 
47 29 
47 54 
47 1 
47 58 
47 61 
47 25 
47 23 
47 22 
47 78 
47 80 
47 55 
47 5 
47 36 
47 84 
47 4 
47 24 
47 48 
47 53 
47 9 
47 28 
47 82 
47 62 
47 7 
47 68 
47 79 
47 20 
47 45 
47 15 
47 76 
47 3 
47 26 
47 70 
47 39 
47 43 
47 35 
47 33 
47 10 
47 72 
47 37 
47 63 
47 31 
47 83 
47 27 
47 69 
47 0 
47 64 
47 38 
47 18 
48 44 
48 84 
48 4 
48 60 
48 1 
48 65 
48 63 
48 19 
48 34 
48 66 
48 28 
48 37 
48 33 
48 70 
48 78 
48 83 
48 82 
48 41 
48 20 
48 62 
48 16 
48 49 
48 32 
48 18 
48 42 
48 75 
48 45 
48 2 
48 12 
48 6 
48 46 
48 23 
48 69 
48 8 
48 35 
48 38 
48 40 
48 39 
48 22 
48 57 
48 50 
48 47 
48 81 
48 14 
48 61 
48 26 
48 68 
48 25 
48 73 
48 77 
48 54 
48 13 
48 51 
48 0 
48 85 
48 5 
48 76 
48 31 
48 74 
48 67 
48 7 
48 58 
48 10 
49 14 
49 37 
49 41 
49 47 
49 69 
49 36 
49 21 
49 7 
49 32 
49 12 
49 57 
49 23 
49 71 
49 29 
49 73 
49 50 
49 43 
49 72 
49 74 
49 86 
49 53 
49 11 
49 20 
49 77 
49 48 
49 33 
49 27 
49 79 
49 13 
49 8 
49 10 
49 16 
49 58 
49 52 
49 2 
49 39 
49 40 
49 44 
49 19 
49 56 
49 6 
49 66 
49 81 
49 42 
49 84 
49 30 
49 55 
49 70 
49 22 
49 78 
49 60 
49 45 
49 63 
49 61 
49 26 
49 82 
49 65 
49 46 
49 35 
49 24 
49 34 
49 75 
49 9 
49 1 
49 62 
49 85 
49 80 
49 18 
49 15 
50 9 
50 74 
50 32 
50 51 
50 3 
50 18 
50 47 
50 38 
50 7 
50 17 
50 66 
50 49 
50 34 
50 70 
50 37 
50 30 
50 57 
50 52 
50 65 
50 60 
50 62 
50 5 
50 73 
50 23 
50 64 
50 55 
50 19 
50 16 
50 4 
50 80 
50 53 
50 6 
50 78 
50 0 
50 11 
50 77 
50 42 
50 31 
50 40 
50 79 
50 48 
50 26 
50 24 
50 22 
50 58 
50 28 
50 15 
50 54 
50 68 
50 61 
50 21 
50 20 
50 72 
50 75 
50 82 
50 1 
50 59 
50 2 
50 41 
50 8 
50 86 
51 24 
51 13 
51 79 
51 5 
51 66 
51 74 
51 50 
51 65 
51 54 
51 0 
51 17 
51 3 
51 20 
51 8 
51 22 
51 31 
51 6 
51 12 
51 47 
51 86 
51 2 
51 21 
51 32 
51 36 
51 81 
51 4 
51 78 
51 15 
51 30 
51 27 
51 23 
51 18 
51 70 
51 38 
51 83 
51 40 
51 67 
51 55 
51 59 
51 57 
51 7 
51 80 
51 42 
51 46 
51 34 
51 16 
51 19 
51 69 
51 53 
51 71 
51 11 
51 48 
51 56 
51 26 
51 84 
51 33 
51 41 
51 77 
51 1 
51 73 
51 72 
51 58 
51 85 
51 10 
52 36 
52 41 
52 69 
52 67 
52 57 
52 68 
52 66 
52 13 
52 14 
52 3 
52 31 
52 20 
52 84 
52 43 
52 2 
52 5 
52 58 
52 64 
52 61 
52 39 
52 56 
52 50 
52 59 
52 28 
52 44 
52 75 
52 4 
52 32 
52 18 
52 70 
52 33 
52 45 
52 25 
52 83 
52 49 
52 82 
52 60 
52 81 
52 35 
52 21 
52 0 
52 29 
52 24 
52 10 
52 78 
52 27 
52 80 
52 23 
52 22 
52 30 
52 6 
52 65 
52 55 
52 77 
52 9 
52 38 
52 26 
52 37 
52 15 
52 63 
53 38 
53 58 
53 19 
53 55 
53 77 
53 56 
53 31 
53 4 
53 54 
53 14 
53 36 
53 1 
53 25 
53 66 
53 49 
53 6 
53 40 
53 33 
53 16 
53 86 
53 9 
53 63 
53 69 
53 39 
53 10 
53 22 
53 42 
53 67 
53 72 
53 37 
53 0 
53 28 
53 35 
53 59 
53 57 
53 50 
53 13 
53 81 
53 43 
53 85 
53 83 
53 47 
53 29 
53 34 
53 70 
53 74 
53 26 
53 71 
53 24 
53 3 
53 41 
53 62 
53 64 
53 12 
53 51 
53 8 
53 78 
53 18 
53 15 
53 46 
53 68 
53 20 
54 55 
54 56 
54 73 
54 4 
54 80 
54 53 
54 1 
54 74 
54 51 
54 84 
54 26 
54 44 
54 79 
54 20 
54 23 
54 25 
54 82 
54 14 
54 43 
54 24 
54 35 
54 47 
54 67 
54 68 
54 36 
54 41 
54 81 
54 11 
54 7 
54 33 
54 85 
54 77 
54 10 
54 60 
54 29 
54 42 
54 2 
54 46 
54 16 
54 18 
54 40 
54 19 
54 50 
54 3 
54 5 
54 72 
54 30 
54 39 
54 59 
54 27 
54 48 
54 45 
54 34 
54 86 
54 28 
54 76 
54 22 
54 37 
54 69 
54 38 
54 58 
54 62 
54 21 
54 12 
55 54 
55 4 
55 53 
55 30 
55 12 
55 65 
55 68 
55 66 
55 26 
55 32 
55 83 
55 2 
55 62 
55 19 
55 43 
55 16 
55 74 
55 28 
55 6 
55 14 
55 25 
55 77 
55 73 
55 78 
55 40 
55 50 
55 47 
55 60 
55 34 
55 57 
55 61 
55 41 
55 8 
55 56 
55 29 
55 44 
55 58 
55 51 
55 1 
55 31 
55 11 
55 80 
55 37 
55 49 
55 39 
55 86 
55 33 
55 7 
55 79 
55 76 
55 84 
55 36 
55 18 
55 71 
55 22 
55 10 
55 27 
55 67 
55 69 
55 52 
55 20 
55 21 
55 3 
55 75 
56 71 
56 80 
56 53 
56 54 
56 32 
56 82 
56 28 
56 46 
56 74 
56 67 
56 39 
56 22 
56 29 
56 34 
56 62 
56 75 
56 59 
56 63 
56 52 
56 41 
56 11 
56 70 
56 14 
56 25 
56 1 
56 3 
56 45 
56 15 
56 73 
56 35 
56 43 
56 2 
56 18 
56 79 
56 77 
56 27 
56 85 
56 13 
56 49 
56 31 
56 55 
56 78 
56 6 
56 16 
56 66 
56 57 
56 24 
56 84 
56 4 
56 12 
56 58 
56 42 
56 76 
56 30 
56 33 
56 36 
56 51 
56 20 
56 10 
56 17 
56 5 
56 8 
56 68 
56 9 
56 37 
56 81 
57 24 
57 77 
57 52 
57 30 
57 8 
57 49 
57 75 
57 23 
57 82 
57 41 
57 78 
57 13 
57 73 
57 4 
57 14 
57 50 
57 67 
57 31 
57 72 
57 1 
57 46 
57 21 
57 25 
57 18 
57 69 
57 38 
57 6 
57 42 
57 36 
57 62 
57 53 
57 3 
57 61 
57 55 
57 7 
57 10 
57 17 
57 48 
57 16 
57 56 
57 79 
57 43 
57 51 
57 84 
57 59 
57 5 
57 34 
57 70 
57 63 
57 12 
57 22 
57 64 
57 76 
57 40 
57 11 
57 2 
57 28 
57 26 
57 74 
58 53 
58 67 
58 46 
58 19 
58 85 
58 75 
58 18 
58 12 
58 60 
58 15 
58 84 
58 13 
58 78 
58 22 
58 2 
58 71 
58 3 
58 69 
58 52 
58 77 
58 73 
58 45 
58 83 
58 47 
58 65 
58 44 
58 37 
58 79 
58 38 
58 11 
58 49 
58 10 
58 31 
58 43 
58 76 
58 23 
58 5 
58 61 
58 80 
58 50 
58 42 
58 68 
58 55 
58 9 
58 86 
58 70 
58 17 
58 6 
58 56 
58 35 
58 39 
58 24 
58 21 
58 27 
58 82 
58 33 
58 54 
58 48 
58 81 
58 36 
58 32 
58 40 
58 51 
58 7 
58 72 
59 12 
59 37 
59 0 
59 45 
59 19 
59 21 
59 36 
59 26 
59 74 
59 40 
59 67 
59 47 
59 41 
59 70 
59 60 
59 25 
59 63 
59 31 
59 7 
59 30 
59 35 
59 16 
59 5 
59 56 
59 18 
59 52 
59 38 
59 14 
59 8 
59 34 
59 23 
59 4 
59 66 
59 53 
59 79 
59 76 
59 20 
59 39 
59 28 
59 51 
59 57 
59 84 
59 77 
59 11 
59 75 
59 13 
59 54 
59 33 
59 17 
59 24 
59 61 
59 62 
59 73 
59 43 
59 80 
59 50 
59 44 
59 15 
59 2 
59 71 
59 3 
59 1 
59 81 
59 22 
59 72 
60 82 
60 4 
60 34 
60 31 
60 27 
60 48 
60 40 
60 39 
60 83 
60 22 
60 8 
60 58 
60 59 
60 65 
60 47 
60 66 
60 63 
60 26 
60 81 
60 35 
60 76 
60 45 
60 72 
60 86 
60 69 
60 32 
60 67 
60 64 
60 37 
60 9 
60 50 
60 1 
60 25 
60 16 
60 2 
60 5 
60 6 
60 55 
60 74 
60 11 
60 54 
60 62 
60 13 
60 43 
60 14 
60 75 
60 41 
60 12 
60 42 
60 19 
60 46 
60 52 
60 70 
60 30 
60 78 
60 24 
60 85 
60 49 
60 15 
60 18 
60 20 
60 80 
60 0 
61 42 
61 10 
61 3 
61 12 
61 15 
61 78 
61 45 
61 63 
61 24 
61 41 
61 13 
61 29 
61 28 
61 39 
61 27 
61 37 
61 17 
61 8 
61 65 
61 69 
61 74 
61 20 
61 23 
61 52 
61 7 
61 4 
61 22 
61 47 
61 35 
61 30 
61 68 
61 44 
61 57 
61 55 
61 46 
61 75 
61 2 
61 34 
61 26 
61 58 
61 31 
61 14 
61 48 
61 18 
61 67 
61 33 
61 50 
61 38 
61 11 
61 72 
61 59 
61 16 
61 81 
61 49 
61 5 
61 86 
61 25 
61 77 
61 80 
61 6 
61 36 
61 0 
61 83 
61 9 
62 33 
62 36 
62 80 
62 79 
62 25 
62 71 
62 24 
62 32 
62 86 
62 38 
62 82 
62 18 
62 30 
62 17 
62 15 
62 45 
62 66 
62 20 
62 29 
62 83 
62 37 
62 55 
62 8 
62 56 
62 48 
62 85 
62 67 
62 41 
62 50 
62 72 
62 39 
62 26 
62 10 
62 57 
62 60 
62 2 
62 0 
62 70 
62 13 
62 1 
62 81 
62 7 
62 9 
62 47 
62 69 
62 53 
62 4 
62 59 
62 11 
62 14 
62 27 
62 31 
62 19 
62 16 
62 63 
62 40 
62 34 
62 21 
62 3 
62 49 
62 84 
62 64 
62 75 
62 54 
62 6 
62 5 
62 43 
63 4 
63 32 
63 64 
63 12 
63 23 
63 5 
63 3 
63 0 
63 61 
63 11 
63 48 
63 40 
63 34 
63 79 
63 24 
63 59 
63 69 
63 84 
63 60 
63 17 
63 85 
63 65 
63 75 
63 38 
63 53 
63 19 
63 44 
63 81 
63 25 
63 56 
63 1 
63 6 
63 45 
63 20 
63 18 
63 35 
63 36 
63 30 
63 41 
63 78 
63 9 
63 80 
63 21 
63 73 
63 67 
63 76 
63 71 
63 82 
63 27 
63 29 
63 46 
63 37 
63 57 
63 49 
63 43 
63 72 
63 77 
63 62 
63 47 
63 33 
63 16 
63 68 
63 52 
63 7 
64 19 
64 11 
64 63 
64 23 
64 2 
64 79 
64 21 
64 37 
64 16 
64 75 
64 20 
64 76 
64 52 
64 22 
64 33 
64 7 
64 4 
64 74 
64 41 
64 60 
64 30 
64 43 
64 27 
64 68 
64 77 
64 26 
64 83 
64 50 
64 14 
64 38 
64 34 
64 18 
64 78 
64 13 
64 10 
64 17 
64 6 
64 35 
64 36 
64 39 
64 29 
64 12 
64 44 
64 85 
64 42 
64 53 
64 32 
64 8 
64 81 
64 80 
64 9 
64 40 
64 57 
64 46 
64 47 
64 62 
64 73 
65 33 
65 24 
65 47 
65 78 
65 23 
65 48 
65 45 
65 74 
65 55 
65 8 
65 39 
65 51 
65 14 
65 75 
65 36 
65 13 
65 44 
65 73 
65 46 
65 72 
65 4 
65 60 
65 30 
65 22 
65 63 
65 80 
65 61 
65 26 
65 68 
65 58 
65 40 
65 15 
65 50 
65 66 
65 86 
65 84 
65 85 
65 43 
65 77 
65 42 
65 83 
65 2 
65 37 
65 31 
65 12 
65 20 
65 17 
65 21 
65 32 
65 34 
65 76 
65 38 
65 28 
65 82 
65 49 
65 52 
65 0 
65 1 
65 5 
65 9 
65 69 
66 1 
66 8 
66 32 
66 80 
66 51 
66 86 
66 36 
66 82 
66 52 
66 55 
66 29 
66 62 
66 50 
66 48 
66 47 
66 12 
66 23 
66 60 
66 17 
66 78 
66 53 
66 42 
66 40 
66 22 
66 35 
66 43 
66 67 
66 81 
66 85 
66 20 
66 72 
66 65 
66 7 
66 59 
66 44 
66 71 
66 18 
66 37 
66 38 
66 31 
66 11 
66 15 
66 73 
66 75 
66 33 
66 49 
66 56 
66 45 
66 70 
66 2 
66 46 
66 84 
66 21 
66 76 
66 39 
66 27 
66 30 
66 69 
66 68 
66 3 
66 16 
66 19 
66 41 
66 24 
67 18 
67 17 
67 58 
67 52 
67 85 
67 83 
67 32 
67 68 
67 34 
67 59 
67 56 
67 46 
67 23 
67 69 
67 47 
67 42 
67 79 
67 37 
67 66 
67 60 
67 54 
67 57 
67 25 
67 10 
67 53 
67 62 
67 11 
67 45 
67 28 
67 80 
67 29 
67 72 
67 21 
67 40 
67 31 
67 20 
67 33 
67 63 
67 86 
67 26 
67 1 
67 24 
67 15 
67 19 
67 35 
67 73 
67 51 
67 27 
67 61 
67 41 
67 9 
67 77 
67 4 
67 38 
67 75 
67 7 
67 82 
67 71 
67 6 
67 48 
67 55 
67 84 
67 13 
67 14 
67 74 
67 22 
67 81 
67 2 
67 43 
68 13 
68 24 
68 71 
68 42 
68 37 
68 79 
68 39 
68 67 
68 26 
68 52 
68 55 
68 76 
68 30 
68 15 
68 74 
68 70 
68 85 
68 25 
68 38 
68 46 
68 81 
68 77 
68 36 
68 3 
68 5 
68 29 
68 14 
68 65 
68 80 
68 83 
68 54 
68 23 
68 10 
68 64 
68 44 
68 69 
68 61 
68 1 
68 34 
68 35 
68 58 
68 4 
68 75 
68 47 
68 19 
68 45 
68 20 
68 50 
68 48 
68 84 
68 43 
68 41 
68 11 
68 66 
68 22 
68 7 
68 0 
68 56 
68 53 
68 21 
68 63 
69 10 
69 18 
69 23 
69 52 
69 70 
69 38 
69 49 
69 78 
69 20 
69 8 
69 31 
69 63 
69 45 
69 19 
69 27 
69 67 
69 44 
69 61 
69 58 
69 15 
69 60 
69 53 
69 42 
69 13 
69 79 
69 29 
69 11 
69 77 
69 39 
69 68 
69 6 
69 57 
69 76 
69 75 
69 48 
69 43 
69 33 
69 2 
69 0 
69 24 
69 21 
69 80 
69 14 
69 30 
69 5 
69 62 
69 86 
69 16 
69 32 
69 7 
69 9 
69 51 
69 46 
69 66 
69 25 
69 26 
69 81 
69 12 
69 47 
69 55 
69 54 
69 74 
69 28 
69 84 
69 65 
70 32 
70 3 
70 72 
70 74 
70 84 
70 69 
70 19 
70 20 
70 68 
70 59 
70 30 
70 31 
70 48 
70 79 
70 50 
70 71 
70 26 
70 1 
70 9 
70 33 
70 23 
70 38 
70 56 
70 29 
70 21 
70 77 
70 22 
70 2 
70 14 
70 11 
70 52 
70 51 
70 62 
70 4 
70 85 
70 76 
70 6 
70 53 
70 60 
70 7 
70 66 
70 15 
70 35 
70 10 
70 58 
70 41 
70 46 
70 57 
70 49 
70 18 
70 8 
70 47 
70 24 
70 44 
70 39 
70 13 
70 81 
70 12 
70 45 
70 34 
70 75 
71 56 
71 11 
71 68 
71 23 
71 47 
71 33 
71 62 
71 74 
71 5 
71 16 
71 17 
71 22 
71 10 
71 49 
71 85 
71 19 
71 38 
71 82 
71 58 
71 39 
71 70 
71 15 
71 24 
71 36 
71 4 
71 84 
71 0 
71 73 
71 25 
71 44 
71 78 
71 30 
71 66 
71 26 
71 14 
71 77 
71 3 
71 7 
71 76 
71 37 
71 43 
71 28 
71 40 
71 80 
71 53 
71 27 
71 63 
71 75 
71 35 
71 34 
71 21 
71 51 
71 83 
71 86 
71 67 
71 72 
71 55 
71 20 
71 42 
71 79 
71 59 
71 32 
71 1 
71 6 
71 41 
72 7 
72 70 
72 8 
72 35 
72 73 
72 19 
72 4 
72 65 
72 12 
72 82 
72 49 
72 42 
72 13 
72 3 
72 60 
72 26 
72 23 
72 31 
72 44 
72 53 
72 66 
72 57 
72 62 
72 27 
72 32 
72 67 
72 81 
72 39 
72 46 
72 38 
72 36 
72 30 
72 0 
72 18 
72 28 
72 16 
72 9 
72 54 
72 41 
72 79 
72 37 
72 61 
72 40 
72 50 
72 63 
72 76 
72 47 
72 74 
72 71 
72 17 
72 10 
72 29 
72 78 
72 11 
72 45 
72 51 
72 58 
72 15 
72 59 
73 75 
73 22 
73 54 
73 80 
73 38 
73 72 
73 12 
73 23 
73 78 
73 5 
73 65 
73 37 
73 49 
73 44 
73 42 
73 0 
73 14 
73 3 
73 4 
73 57 
73 30 
73 47 
73 1 
73 25 
73 46 
73 58 
73 29 
73 55 
73 33 
73 71 
73 16 
73 50 
73 34 
73 40 
73 28 
73 82 
73 35 
73 36 
73 79 
73 7 
73 56 
73 9 
73 66 
73 83 
73 74 
73 32 
73 63 
73 11 
73 19 
73 18 
73 81 
73 67 
73 24 
73 43 
73 2 
73 21 
73 84 
73 15 
73 41 
73 48 
73 59 
73 13 
73 6 
73 17 
73 51 
73 64 
73 10 
73 85 
74 6 
74 50 
74 70 
74 14 
74 9 
74 71 
74 65 
74 51 
74 4 
74 76 
74 39 
74 54 
74 59 
74 68 
74 26 
74 56 
74 78 
74 83 
74 49 
74 86 
74 55 
74 61 
74 17 
74 16 
74 64 
74 79 
74 11 
74 84 
74 37 
74 82 
74 8 
74 32 
74 60 
74 29 
74 21 
74 0 
74 28 
74 38 
74 33 
74 75 
74 73 
74 20 
74 85 
74 36 
74 22 
74 80 
74 53 
74 23 
74 34 
74 44 
74 42 
74 7 
74 3 
74 35 
74 72 
74 46 
74 2 
74 48 
74 15 
74 69 
74 25 
74 57 
74 67 
74 27 
75 73 
75 3 
75 4 
75 0 
75 28 
75 11 
75 65 
75 58 
75 7 
75 57 
75 30 
75 78 
75 34 
75 64 
75 16 
75 33 
75 35 
75 79 
75 63 
75 80 
75 56 
75 6 
75 32 
75 23 
75 44 
75 10 
75 48 
75 84 
75 2 
75 14 
75 52 
75 29 
75 85 
75 39 
75 17 
75 13 
75 27 
75 8 
75 19 
75 76 
75 1 
75 69 
75 45 
75 61 
75 18 
75 22 
75 74 
75 40 
75 66 
75 41 
75 60 
75 36 
75 83 
75 26 
75 68 
75 37 
75 71 
75 20 
75 9 
75 59 
75 12 
75 67 
75 86 
75 50 
75 38 
75 49 
75 24 
75 21 
75 15 
75 5 
75 62 
75 70 
75 55 
76 0 
76 5 
76 32 
76 19 
76 74 
76 44 
76 68 
76 37 
76 21 
76 13 
76 10 
76 64 
76 78 
76 12 
76 60 
76 2 
76 38 
76 43 
76 4 
76 84 
76 46 
76 80 
76 41 
76 81 
76 35 
76 3 
76 31 
76 69 
76 75 
76 77 
76 58 
76 17 
76 83 
76 33 
76 79 
76 59 
76 82 
76 71 
76 28 
76 70 
76 63 
76 29 
76 65 
76 66 
76 30 
76 47 
76 40 
76 24 
76 56 
76 22 
76 36 
76 23 
76 55 
76 25 
76 7 
76 14 
76 48 
76 72 
76 54 
76 57 
76 1 
76 86 
76 34 
77 44 
77 57 
77 0 
77 46 
77 84 
77 21 
77 53 
77 27 
77 47 
77 3 
77 37 
77 5 
77 30 
77 16 
77 85 
77 45 
77 38 
77 68 
77 42 
77 49 
77 36 
77 26 
77 7 
77 58 
77 8 
77 82 
77 55 
77 20 
77 69 
77 17 
77 64 
77 70 
77 31 
77 65 
77 76 
77 54 
77 71 
77 12 
77 25 
77 56 
77 50 
77 1 
77 11 
77 9 
77 28 
77 39 
77 13 
77 6 
77 32 
77 43 
77 15 
77 59 
77 35 
77 67 
77 48 
77 83 
77 19 
77 2 
77 78 
77 18 
77 63 
77 23 
77 10 
77 61 
77 14 
77 34 
77 86 
77 52 
77 33 
77 24 
77 51 
77 40 
77 80 
78 65 
78 8 
78 61 
78 20 
78 86 
78 42 
78 4 
78 73 
78 30 
78 43 
78 69 
78 75 
78 23 
78 2 
78 74 
78 58 
78 17 
78 39 
78 57 
78 6 
78 76 
78 48 
78 66 
78 19 
78 21 
78 34 
78 79 
78 5 
78 38 
78 0 
78 55 
78 83 
78 51 
78 35 
78 27 
78 47 
78 13 
78 71 
78 44 
78 63 
78 7 
78 81 
78 25 
78 28 
78 50 
78 82 
78 64 
78 3 
78 29 
78 56 
78 11 
78 14 
78 10 
78 40 
78 60 
78 22 
78 1 
78 85 
78 46 
78 52 
78 49 
78 77 
78 24 
78 41 
78 32 
78 53 
78 72 
78 18 
79 22 
79 51 
79 68 
79 21 
79 62 
79 18 
79 41 
79 64 
79 16 
79 63 
79 17 
79 25 
79 54 
79 44 
79 20 
79 70 
79 27 
79 42 
79 67 
79 75 
79 78 
79 69 
79 85 
79 74 
79 33 
79 1 
79 82 
79 83 
79 49 
79 9 
79 58 
79 12 
79 3 
79 46 
79 73 
79 59 
79 76 
79 56 
79 50 
79 29 
79 32 
79 37 
79 57 
79 2 
79 15 
79 81 
79 43 
79 24 
79 47 
79 72 
79 13 
79 55 
79 80 
79 38 
79 36 
79 34 
79 8 
79 71 
79 45 
79 30 
79 19 
80 56 
80 24 
80 26 
80 29 
80 62 
80 66 
80 18 
80 31 
80 41 
80 54 
80 7 
80 42 
80 73 
80 9 
80 83 
80 25 
80 65 
80 1 
80 75 
80 6 
80 68 
80 76 
80 15 
80 27 
80 22 
80 84 
80 0 
80 21 
80 86 
80 67 
80 47 
80 38 
80 50 
80 35 
80 63 
80 16 
80 2 
80 81 
80 8 
80 20 
80 33 
80 58 
80 69 
80 5 
80 74 
80 71 
80 45 
80 37 
80 51 
80 3 
80 55 
80 10 
80 17 
80 19 
80 12 
80 52 
80 79 
80 44 
80 59 
80 11 
80 40 
80 64 
80 85 
80 4 
80 61 
80 46 
80 23 
80 39 
80 60 
80 30 
80 49 
80 36 
80 14 
80 77 
81 82 
81 2 
81 37 
81 33 
81 35 
81 20 
81 3 
81 30 
81 25 
81 7 
81 60 
81 18 
81 68 
81 47 
81 15 
81 63 
81 1 
81 66 
81 51 
81 76 
81 43 
81 54 
81 32 
81 19 
81 39 
81 34 
81 23 
81 78 
81 72 
81 29 
81 80 
81 9 
81 11 
81 53 
81 62 
81 36 
81 73 
81 49 
81 84 
81 52 
81 48 
81 14 
81 79 
81 22 
81 17 
81 12 
81 6 
81 26 
81 13 
81 42 
81 61 
81 16 
81 64 
81 24 
81 70 
81 41 
81 69 
81 28 
81 0 
81 58 
81 85 
81 83 
81 56 
81 67 
81 59 
82 86 
82 81 
82 60 
82 19 
82 44 
82 13 
82 30 
82 85 
82 34 
82 7 
82 66 
82 62 
82 45 
82 56 
82 57 
82 2 
82 72 
82 35 
82 83 
82 28 
82 54 
82 71 
82 29 
82 36 
82 48 
82 84 
82 14 
82 77 
82 3 
82 79 
82 26 
82 17 
82 23 
82 74 
82 73 
82 78 
82 76 
82 20 
82 52 
82 39 
82 27 
82 10 
82 47 
82 32 
82 38 
82 63 
82 11 
82 4 
82 16 
82 21 
82 67 
82 50 
82 37 
82 41 
82 49 
82 65 
82 6 
82 46 
82 58 
82 33 
82 0 
83 11 
83 24 
83 23 
83 45 
83 3 
83 67 
83 60 
83 7 
83 55 
83 29 
83 19 
83 82 
83 62 
83 13 
83 80 
83 6 
83 74 
83 48 
83 85 
83 40 
83 58 
83 68 
83 0 
83 16 
83 78 
83 79 
83 17 
83 38 
83 64 
83 34 
83 1 
83 5 
83 65 
83 30 
83 9 
83 18 
83 76 
83 52 
83 73 
83 46 
83 75 
83 15 
83 53 
83 25 
83 51 
83 31 
83 86 
83 37 
83 84 
83 77 
83 2 
83 26 
83 71 
83 44 
83 27 
83 20 
83 47 
83 14 
83 8 
83 81 
83 36 
83 39 
83 61 
83 12 
84 48 
84 77 
84 22 
84 70 
84 24 
84 38 
84 45 
84 21 
84 13 
84 54 
84 58 
84 63 
84 37 
84 52 
84 76 
84 82 
84 28 
84 18 
84 29 
84 0 
84 12 
84 17 
84 75 
84 71 
84 41 
84 74 
84 80 
84 65 
84 16 
84 2 
84 47 
84 43 
84 9 
84 35 
84 23 
84 4 
84 19 
84 86 
84 27 
84 42 
84 81 
84 39 
84 73 
84 25 
84 56 
84 57 
84 49 
84 59 
84 66 
84 26 
84 3 
84 33 
84 83 
84 6 
84 44 
84 68 
84 7 
84 51 
84 55 
84 32 
84 31 
84 34 
84 85 
84 67 
84 62 
84 15 
84 69 
85 14 
85 37 
85 82 
85 17 
85 27 
85 67 
85 58 
85 30 
85 1 
85 71 
85 45 
85 77 
85 68 
85 63 
85 22 
85 23 
85 3 
85 86 
85 83 
85 21 
85 62 
85 79 
85 66 
85 24 
85 75 
85 10 
85 11 
85 65 
85 6 
85 54 
85 40 
85 42 
85 28 
85 44 
85 56 
85 74 
85 41 
85 70 
85 13 
85 29 
85 53 
85 5 
85 35 
85 32 
85 43 
85 60 
85 64 
85 46 
85 78 
85 20 
85 26 
85 48 
85 80 
85 12 
85 84 
85 9 
85 38 
85 19 
85 81 
85 49 
85 73 
85 51 
86 82 
86 4 
86 9 
86 66 
86 7 
86 44 
86 38 
86 62 
86 78 
86 31 
86 49 
86 28 
86 53 
86 74 
86 37 
86 2 
86 85 
86 18 
86 34 
86 41 
86 60 
86 6 
86 42 
86 51 
86 13 
86 0 
86 17 
86 45 
86 65 
86 80 
86 40 
86 20 
86 22 
86 11 
86 39 
86 15 
86 67 
86 84 
86 58 
86 83 
86 43 
86 69 
86 19 
86 25 
86 55 
86 54 
86 29 
86 75 
86 71 
86 26 
86 61 
86 46 
86 3 
86 35 
86 24 
86 77 
86 14 
86 33 
86 32 
86 50 
86 76 
