0 36 73 34 30 85 3 17 9 53 55 1 45 92 94 58 51 88 82 2 5 52 89 24 38 65 23 91 96 16 56 40 49 61 74 76 87 8 59 13 14 31 25 26 86 54 80 48 46 62 32 44 79 47 28 
1 78 70 13 57 55 0 23 43 6 50 67 25 42 73 11 39 4 18 53 80 22 91 89 52 66 28 71 75 5 96 40 7 48 32 2 21 27 3 12 90 81 45 33 93 85 51 
2 79 95 6 13 59 65 77 16 62 56 37 46 10 47 0 17 87 8 93 14 75 45 82 9 29 86 83 88 7 81 60 3 63 61 32 18 64 49 4 1 39 57 96 58 53 24 50 71 28 94 5 
3 84 38 32 50 94 0 48 64 34 21 14 80 33 17 58 65 6 83 72 22 86 44 57 9 8 85 24 62 2 93 67 26 20 60 1 81 54 91 89 41 45 46 87 
4 70 91 73 71 41 64 25 75 89 1 56 69 20 6 44 12 50 58 65 18 47 55 31 59 7 2 39 42 53 38 72 24 29 21 19 15 11 66 88 5 49 45 92 61 27 90 
5 24 85 62 63 82 40 58 10 25 49 34 50 6 47 87 0 95 78 80 38 8 43 1 11 14 73 92 17 41 91 77 83 53 36 44 88 16 51 96 26 37 74 81 4 57 86 2 
6 2 80 35 23 11 26 1 59 18 56 5 87 96 7 78 38 3 13 92 63 31 89 4 25 88 29 39 58 71 81 82 73 28 79 24 19 77 95 72 62 42 49 60 47 15 
7 32 29 59 49 30 66 34 52 13 81 91 19 55 6 17 76 31 22 33 85 8 51 65 40 36 88 44 83 61 2 58 47 35 56 15 11 77 18 4 24 1 92 14 48 84 37 80 63 60 64 93 90 69 71 
8 69 61 82 21 91 63 37 15 30 55 64 29 48 59 2 90 72 7 10 71 16 5 23 34 3 80 67 56 25 76 41 58 0 28 43 22 19 44 53 47 92 84 66 60 
9 89 68 37 32 54 15 0 51 33 85 47 31 39 79 23 13 93 94 75 43 30 3 35 10 24 11 63 2 62 81 59 65 83 77 18 38 58 49 45 42 70 44 96 76 16 55 60 48 84 
10 69 26 38 96 24 92 5 25 79 2 55 85 90 54 49 33 57 76 51 70 8 12 15 94 32 47 9 93 88 29 74 91 52 23 17 53 30 86 58 28 18 78 71 41 60 16 11 61 34 87 
11 86 48 6 77 43 26 53 41 16 62 13 22 93 1 61 40 67 20 63 27 24 69 29 72 64 91 49 94 9 76 12 5 25 45 59 50 7 18 14 38 71 79 74 10 90 4 92 87 47 15 85 65 54 81 60 42 96 
12 44 89 64 41 56 40 66 49 42 68 38 60 55 91 10 26 85 74 15 4 11 50 83 90 53 29 45 27 18 79 43 36 48 35 30 25 95 70 69 1 51 59 57 24 65 54 86 
13 2 58 1 74 49 88 38 7 43 11 20 14 51 9 84 24 29 96 83 6 41 35 70 23 81 78 55 27 59 32 82 69 15 0 91 22 71 87 16 18 64 33 17 72 86 56 95 
14 54 56 51 90 74 3 64 62 35 47 93 13 71 19 22 87 79 95 65 76 43 2 58 81 85 44 41 30 73 5 53 32 11 46 7 38 0 34 84 25 26 20 55 
15 32 22 47 41 40 87 9 70 37 73 62 90 48 89 8 24 81 45 59 85 51 33 60 65 35 77 10 82 12 19 84 74 53 79 23 7 55 34 36 93 13 42 26 4 25 11 91 94 96 49 83 27 6 
16 53 17 88 46 66 52 2 33 72 48 47 11 50 34 51 68 94 44 69 23 30 85 60 86 8 59 39 32 67 0 79 76 70 25 57 82 91 92 63 55 5 31 13 10 9 56 18 74 96 61 26 
17 44 16 0 57 62 68 20 41 3 2 7 23 33 43 66 86 42 26 47 19 87 34 94 45 40 5 91 10 18 76 39 77 54 58 95 32 61 56 13 28 21 37 74 
18 64 28 37 27 66 82 56 63 69 26 74 6 19 80 79 1 22 31 50 78 71 60 39 51 55 35 4 65 12 84 2 11 7 67 93 17 9 10 58 20 32 89 53 13 86 59 16 88 
19 31 36 50 93 47 89 44 7 33 92 77 79 34 18 62 14 29 25 35 21 15 17 87 39 60 54 69 20 81 48 78 84 59 91 24 82 83 67 58 6 8 4 64 49 96 43 94 
20 86 38 51 89 79 67 88 63 17 92 54 55 13 28 72 59 84 37 11 58 70 60 4 49 36 44 78 90 77 76 21 35 75 82 19 3 29 32 18 53 68 62 24 95 52 14 43 
21 83 44 86 8 3 55 48 50 41 69 85 43 25 58 91 78 79 34 96 19 56 20 60 27 24 67 71 93 1 38 42 75 57 95 4 39 37 33 40 92 22 17 28 53 
22 15 52 45 49 88 26 53 85 69 36 23 43 71 11 61 7 14 18 65 1 3 79 51 92 72 70 24 39 96 87 8 13 21 33 94 34 81 76 
23 48 27 6 29 95 82 25 40 24 59 22 53 1 32 39 26 17 72 9 93 34 85 16 88 83 57 79 47 13 0 8 41 45 78 15 55 73 43 10 51 66 44 65 50 58 67 77 94 30 61 
24 83 44 5 35 42 27 23 95 10 81 33 41 15 47 13 11 28 45 0 63 9 29 3 51 79 89 21 34 70 7 32 49 93 22 68 67 19 57 4 39 6 2 78 56 20 25 12 26 60 62 94 
25 38 69 63 65 23 87 76 36 94 86 48 4 5 1 10 33 62 78 40 21 34 95 74 64 45 19 85 89 6 50 67 11 57 53 8 16 26 55 35 12 49 61 84 0 15 75 59 24 14 27 42 
26 10 39 22 68 53 48 11 18 64 31 6 72 92 49 23 88 56 85 90 36 44 17 12 77 69 55 40 30 50 59 60 81 84 83 43 25 3 33 38 47 15 89 5 93 0 86 37 73 24 27 16 67 14 
27 23 66 34 52 24 18 73 94 30 96 40 36 81 64 43 11 67 57 88 35 80 39 51 69 59 86 12 62 28 13 21 82 56 77 48 1 70 83 79 54 72 25 26 4 15 68 71 
28 73 44 18 70 40 87 33 41 50 48 37 20 60 76 75 49 24 85 1 83 65 27 45 79 43 8 35 10 6 62 56 67 69 82 31 29 64 53 94 51 42 96 2 17 55 92 21 0 
29 7 59 23 57 96 39 76 77 49 64 8 13 19 85 70 41 11 30 67 34 92 60 63 36 24 65 81 66 10 2 6 62 12 58 80 74 46 75 51 20 72 4 95 44 87 28 38 31 35 32 86 
30 80 7 0 56 66 49 89 39 27 61 57 62 88 8 82 31 16 35 85 29 9 26 42 74 93 14 70 72 41 10 12 65 75 38 87 63 23 81 73 33 37 48 
31 19 44 70 46 52 49 66 26 92 63 51 9 81 30 7 6 18 67 64 96 69 4 40 50 84 53 34 16 85 62 28 0 55 82 77 33 29 32 87 
32 81 15 7 67 3 9 78 45 73 65 61 74 71 23 95 39 33 66 38 77 10 16 57 37 55 13 2 14 24 82 48 89 96 44 1 58 20 84 18 79 17 40 56 83 0 68 29 76 31 
33 35 69 73 88 83 59 58 85 16 28 24 19 60 9 25 3 43 10 32 17 7 15 80 52 87 42 57 56 93 55 26 92 36 71 21 13 1 48 46 22 61 65 31 30 50 
34 95 0 27 36 7 80 3 50 41 67 94 5 45 43 16 19 25 84 23 75 38 88 29 21 39 76 8 93 42 17 66 69 24 46 65 15 87 72 31 54 96 14 73 10 78 22 71 62 58 
35 33 42 56 24 6 75 71 87 93 86 14 62 44 30 64 55 61 15 19 80 13 66 37 9 94 27 41 18 20 51 85 7 46 65 43 68 45 25 12 28 96 54 89 90 88 29 84 72 50 
36 0 38 66 34 49 50 19 59 25 22 47 27 77 67 26 79 37 89 20 70 7 29 95 85 78 42 45 91 12 15 60 5 46 54 33 55 88 58 63 84 53 80 
37 18 9 48 68 15 81 87 2 8 28 76 60 20 54 82 95 89 36 72 40 67 35 32 71 74 42 78 38 57 39 90 58 77 7 5 94 79 21 44 26 30 17 93 
38 36 20 3 51 25 44 10 46 91 73 74 13 67 72 55 88 48 89 87 12 6 32 57 34 5 68 0 45 96 58 42 37 83 61 11 9 81 26 21 4 14 30 79 95 93 75 29 69 62 66 82 60 84 
39 50 91 55 26 29 30 95 79 47 87 48 75 9 92 32 23 1 45 59 86 65 83 68 34 42 18 16 44 70 51 27 53 6 19 81 54 90 40 41 74 4 17 37 22 78 2 57 56 24 62 64 21 96 72 58 
40 61 85 28 15 23 12 92 5 49 27 82 81 77 80 75 25 11 65 37 7 74 55 73 54 78 26 57 67 0 1 17 42 91 31 39 60 56 41 90 63 79 87 51 96 32 21 89 
41 64 15 12 95 70 69 11 4 34 28 24 86 21 17 73 75 61 79 55 72 29 80 43 13 67 35 89 14 23 57 76 50 81 5 77 8 42 39 30 46 40 60 10 51 87 74 48 56 3 92 47 78 
42 35 24 49 71 12 61 1 62 95 45 66 17 88 82 53 39 78 34 90 30 33 37 36 38 40 84 87 89 73 75 41 56 4 76 15 21 9 51 43 28 64 68 72 47 93 6 25 11 58 59 65 
43 67 49 68 11 76 96 1 22 73 61 13 33 34 21 27 17 64 9 41 14 53 57 72 58 5 59 77 23 35 26 12 28 45 8 48 52 55 89 91 42 19 93 82 62 94 20 
44 66 87 31 12 24 17 21 28 56 38 57 52 71 19 73 60 74 47 35 16 67 26 3 77 7 51 20 4 39 89 14 83 50 63 23 55 32 91 5 84 93 53 82 29 46 75 8 85 9 37 69 0 94 58 
45 89 22 86 88 32 75 62 65 67 0 96 78 34 55 15 56 25 77 42 51 39 71 72 53 52 24 58 2 82 49 38 57 23 11 12 79 17 36 28 35 43 54 94 85 9 63 1 4 3 93 
46 31 38 16 82 88 80 55 2 63 68 54 75 84 58 92 94 48 89 53 74 35 93 34 14 41 29 90 36 85 61 81 47 60 44 49 95 73 0 33 57 69 50 3 78 
47 81 15 84 19 70 75 93 64 39 36 16 69 9 2 14 78 48 91 44 5 24 55 23 17 10 53 86 79 4 7 85 88 83 26 73 96 62 46 8 51 66 11 61 63 56 42 41 6 0 
48 23 11 37 3 26 16 25 21 15 62 39 65 28 47 38 59 8 50 74 94 61 81 52 76 46 91 75 53 19 32 12 27 1 7 87 79 66 43 55 88 96 33 41 0 9 30 
49 7 36 13 43 22 30 95 93 31 87 12 78 40 42 79 5 54 29 67 26 10 28 57 20 85 11 45 59 62 0 2 24 92 81 64 83 9 75 25 90 61 46 4 19 6 15 60 72 
50 39 3 62 36 19 95 91 34 1 21 28 5 16 78 48 73 66 18 79 4 25 12 60 76 44 57 26 11 41 31 67 54 68 23 90 85 81 92 2 63 46 33 82 56 35 72 
51 38 77 82 20 93 14 67 75 53 0 31 9 86 72 13 16 45 10 15 94 91 7 61 87 44 22 18 65 39 27 24 35 84 23 54 29 5 41 40 89 62 12 47 42 28 69 80 1 
52 22 27 57 31 44 72 61 94 56 16 7 91 73 74 68 87 0 69 48 45 33 1 92 66 58 81 95 89 53 77 55 10 67 43 82 20 76 
53 83 16 77 22 26 58 93 0 11 23 51 57 74 69 60 71 88 1 45 43 42 62 47 61 52 66 39 12 46 84 59 14 25 15 86 89 79 48 10 78 5 65 4 31 20 18 44 2 73 8 28 90 80 94 36 92 21 
54 94 14 9 76 81 57 70 66 65 49 20 10 86 37 88 46 62 80 68 93 69 40 96 19 39 77 79 56 51 45 92 50 35 17 34 36 67 27 3 0 95 11 58 12 83 75 
55 39 59 71 1 0 21 88 93 38 87 46 91 20 10 82 45 7 8 47 86 41 12 35 40 18 26 4 32 13 23 52 15 33 44 25 16 48 73 31 43 65 90 85 36 80 28 9 61 66 14 
56 35 30 14 44 65 12 18 52 77 74 83 6 2 60 76 84 26 45 4 68 62 64 21 0 70 7 8 87 67 27 33 88 40 42 54 28 39 32 24 17 41 89 16 47 13 59 50 
57 63 29 52 62 60 44 82 61 1 54 69 17 53 30 95 80 10 23 38 49 3 74 43 27 64 96 92 45 32 41 67 76 25 40 50 83 81 33 37 66 16 86 2 91 24 39 21 79 84 93 12 46 5 65 85 
58 84 13 94 72 53 85 33 61 5 0 93 79 3 21 62 88 20 46 45 14 43 52 95 4 38 69 76 7 6 29 8 10 9 32 18 37 17 92 2 23 19 96 39 54 71 36 42 74 34 67 44 
59 29 74 7 60 2 55 36 23 33 80 81 64 6 91 86 20 48 8 15 78 39 66 93 62 16 49 27 11 9 43 89 4 53 26 13 69 19 0 63 92 94 71 90 79 12 18 25 65 73 56 42 
60 67 92 59 57 61 79 33 44 28 56 37 53 12 88 15 16 20 29 18 78 50 62 2 21 19 26 40 84 87 65 36 41 3 86 7 95 46 10 68 81 24 83 11 9 38 8 63 6 49 
61 40 8 96 57 69 72 52 60 58 30 32 85 73 76 42 43 11 91 22 41 64 48 35 51 7 53 92 2 0 63 38 83 67 88 77 46 25 49 95 17 90 71 10 47 80 33 16 62 55 4 23 
62 71 65 83 57 5 50 69 45 2 15 17 14 48 11 25 30 42 35 19 58 54 63 53 59 56 9 3 49 84 29 60 27 81 91 28 70 31 39 47 94 51 68 20 73 0 6 38 24 77 80 61 82 43 34 
63 57 25 85 5 18 94 8 31 20 69 46 11 70 62 87 6 80 24 72 84 29 9 89 44 2 61 74 16 64 40 66 82 59 73 7 45 93 30 50 47 36 60 
64 41 18 12 3 94 96 14 26 47 4 59 27 78 29 8 25 84 74 61 83 35 43 68 11 31 56 76 57 81 85 2 49 65 63 95 91 39 7 19 13 28 42 
65 62 56 25 82 2 45 66 80 32 54 86 48 71 3 69 22 67 40 14 92 39 15 7 0 51 29 28 4 18 75 9 35 34 23 60 77 64 30 53 88 55 95 59 33 11 12 81 57 42 76 
66 87 44 90 36 27 30 7 18 67 16 76 31 12 65 74 54 85 92 84 32 96 42 17 82 73 59 50 1 35 52 80 29 94 53 34 68 78 71 57 23 95 89 63 48 75 4 47 38 8 55 
67 43 85 96 32 92 60 66 51 45 20 38 1 34 73 49 36 11 65 44 81 27 29 31 37 70 41 74 16 25 57 8 40 56 3 84 21 90 18 82 50 61 24 28 52 19 95 71 54 69 23 26 58 
68 86 73 82 9 80 43 37 26 91 17 52 90 12 81 46 16 56 54 64 39 38 92 66 35 77 50 24 71 84 74 79 20 60 62 42 32 27 89 
69 8 10 33 25 61 90 62 41 18 22 57 92 47 21 63 84 53 72 65 16 81 52 4 11 54 75 96 26 27 76 58 31 19 59 34 73 13 80 28 12 67 89 7 38 44 51 46 70 95 88 74 
70 4 31 1 28 87 15 84 47 41 54 91 85 75 95 63 29 10 20 36 67 13 39 77 56 22 16 79 82 30 24 78 62 12 27 80 9 94 69 92 
71 62 87 85 55 76 35 81 4 44 88 42 83 32 80 22 65 53 14 89 93 45 8 18 1 72 37 84 6 66 90 21 82 68 10 67 59 13 11 74 33 92 61 2 58 34 7 27 
72 83 58 61 52 16 88 38 94 26 51 20 23 69 87 82 41 8 3 45 37 11 63 43 90 71 22 81 30 91 92 29 34 4 79 39 27 95 73 76 6 13 80 42 93 74 35 50 49 
73 68 28 0 27 4 85 33 38 32 15 84 43 52 44 61 67 1 41 86 50 66 78 96 40 81 14 5 69 23 42 6 74 82 63 47 55 87 94 53 34 46 62 26 72 30 59 
74 95 59 79 13 92 14 85 38 66 56 18 32 52 53 44 25 48 91 64 57 83 40 12 67 94 10 37 30 46 15 96 29 73 0 63 39 81 86 68 84 41 71 5 11 78 16 72 58 17 69 
75 80 87 45 47 35 51 4 39 40 70 89 41 34 28 46 96 9 2 69 94 1 20 85 48 65 42 29 30 49 79 21 93 66 44 38 25 91 54 88 
76 84 94 96 25 66 43 54 89 29 71 61 92 37 83 28 56 7 10 95 14 48 77 34 64 11 20 41 69 50 58 57 78 16 8 0 17 42 9 72 90 32 52 22 65 
77 78 94 51 86 53 88 11 2 56 29 40 36 19 45 91 32 15 26 44 76 20 92 70 43 52 83 7 41 54 9 5 68 87 27 65 17 61 37 6 79 23 31 62 90 
78 77 1 32 94 49 64 87 45 47 25 93 50 6 59 21 73 5 18 20 86 42 88 23 40 60 13 84 76 36 66 37 92 19 70 53 39 10 91 81 89 74 24 34 41 46 
79 2 74 20 39 96 49 60 85 58 82 10 19 9 18 41 14 23 36 94 22 21 90 50 93 16 47 24 45 95 70 15 53 28 12 54 40 48 75 68 6 92 57 72 32 59 11 27 37 38 77 89 0 
80 75 6 96 30 85 68 34 87 59 65 46 71 3 40 57 88 18 1 54 93 81 63 41 33 5 35 27 66 8 29 69 7 70 86 0 55 53 61 84 72 89 62 51 91 36 
81 32 96 47 87 54 71 24 37 7 59 40 27 68 15 31 69 80 67 48 86 14 73 52 29 9 64 91 13 2 6 39 57 93 41 19 72 26 62 82 49 74 38 94 46 78 89 50 3 1 5 60 30 22 65 11 
82 96 8 68 89 51 57 23 65 18 46 5 40 79 0 55 30 93 72 37 66 42 45 15 2 84 20 92 6 27 13 70 81 32 88 67 16 71 90 73 63 85 19 28 44 52 31 38 50 43 62 95 
83 21 24 90 53 62 72 33 71 56 76 23 3 13 64 93 88 85 39 74 28 95 7 44 12 2 57 77 26 38 9 87 61 89 94 5 49 47 19 27 32 60 91 15 54 
84 3 58 47 76 70 95 73 93 96 69 56 66 20 34 13 64 46 63 82 15 91 62 78 71 53 42 18 51 26 67 19 60 92 31 44 7 68 32 25 74 57 14 8 80 35 86 36 9 38 
85 40 67 96 92 91 5 80 0 73 63 71 22 74 58 33 66 61 9 79 70 10 21 26 23 29 15 7 16 30 87 28 83 25 49 12 14 3 36 35 93 75 64 95 47 90 45 46 82 31 94 50 44 89 55 11 57 1 
86 20 68 11 77 94 45 21 25 65 88 51 41 89 35 59 54 73 55 17 3 39 81 16 78 47 2 27 53 57 10 60 74 80 0 18 26 5 13 12 84 93 29 
87 66 44 81 71 70 28 80 15 75 25 49 39 35 37 55 78 6 5 52 38 2 72 92 14 63 89 85 51 19 17 33 56 42 83 0 60 77 48 34 22 40 91 73 41 13 30 29 11 96 10 31 3 
88 22 77 16 45 33 13 46 55 71 72 20 86 0 92 30 38 95 80 26 60 54 53 23 58 42 83 34 7 27 78 10 6 2 94 56 82 61 5 47 65 48 35 4 36 69 75 18 
89 45 9 82 12 30 20 76 19 95 91 86 4 15 75 38 71 0 37 87 36 1 6 41 44 52 25 46 63 24 59 53 42 32 83 66 35 26 18 51 81 78 85 43 3 56 40 79 69 80 68 
90 66 83 96 69 14 15 68 10 8 26 79 20 72 42 12 92 71 39 67 40 46 82 37 85 49 50 91 35 59 1 55 11 61 53 7 76 93 4 77 
91 85 4 39 38 8 50 68 89 7 52 70 59 55 47 61 74 21 12 1 77 51 11 94 0 84 81 48 92 10 40 72 36 17 5 62 44 16 78 19 57 87 64 90 13 93 43 3 75 15 83 80 
92 67 85 60 74 40 10 0 31 69 66 76 19 20 88 26 39 87 6 65 46 96 29 52 57 22 77 61 90 68 91 82 5 78 7 49 16 54 84 72 33 58 59 79 11 8 50 71 21 41 28 4 70 53 
93 19 51 49 53 47 55 35 58 11 84 14 78 23 82 9 71 2 80 83 54 59 79 10 34 30 85 81 3 46 33 18 21 24 15 75 26 44 91 57 94 63 38 7 1 90 42 72 43 86 45 37 
94 77 54 58 3 86 76 27 64 52 25 78 63 95 0 34 72 16 48 9 79 51 46 96 10 91 35 11 75 66 74 88 17 83 45 81 59 62 85 73 37 93 70 53 28 23 22 2 15 43 44 19 24 
95 34 2 74 23 49 24 39 41 84 50 94 89 57 42 88 32 25 70 37 14 76 5 83 36 52 58 79 85 66 12 64 60 67 21 96 61 29 17 38 46 6 65 54 72 20 69 82 13 
96 82 81 67 85 90 80 61 29 10 76 64 43 27 79 45 84 6 66 13 75 92 73 94 21 69 57 38 54 0 1 31 74 32 35 22 2 47 5 95 40 34 39 9 48 87 58 16 28 19 15 11 
