0 19 
0 94 
0 7 
0 61 
0 12 
0 1 
0 32 
0 58 
0 90 
0 4 
0 93 
0 51 
0 43 
0 37 
0 57 
0 67 
0 17 
0 82 
0 79 
0 41 
0 45 
0 59 
0 68 
1 35 
1 48 
1 84 
1 25 
1 0 
1 26 
1 8 
1 97 
1 73 
1 11 
1 27 
1 98 
1 20 
1 54 
1 33 
1 96 
1 29 
1 40 
1 16 
1 66 
1 13 
1 5 
1 31 
1 46 
2 24 
2 78 
2 12 
2 76 
2 34 
2 35 
2 95 
2 47 
2 3 
2 52 
2 88 
2 27 
2 39 
2 82 
2 86 
2 10 
2 8 
2 17 
2 81 
2 59 
2 93 
2 83 
2 23 
3 82 
3 9 
3 69 
3 80 
3 67 
3 91 
3 68 
3 88 
3 2 
3 42 
3 55 
3 43 
3 31 
3 32 
3 16 
3 53 
3 62 
3 14 
3 86 
4 82 
4 42 
4 39 
4 59 
4 10 
4 28 
4 97 
4 0 
4 84 
4 88 
4 6 
4 60 
4 18 
4 69 
4 48 
4 37 
4 61 
4 30 
5 71 
5 75 
5 46 
5 55 
5 70 
5 18 
5 90 
5 45 
5 25 
5 65 
5 97 
5 32 
5 92 
5 1 
5 81 
5 37 
5 73 
5 59 
5 51 
6 38 
6 41 
6 43 
6 78 
6 70 
6 42 
6 7 
6 62 
6 47 
6 89 
6 24 
6 73 
6 55 
6 79 
6 53 
6 35 
6 4 
6 49 
6 71 
6 94 
6 18 
6 52 
6 45 
6 68 
7 73 
7 23 
7 0 
7 57 
7 6 
7 17 
7 28 
7 19 
7 77 
7 24 
7 72 
7 68 
7 96 
7 33 
7 39 
7 54 
8 74 
8 63 
8 95 
8 45 
8 55 
8 1 
8 94 
8 93 
8 46 
8 86 
8 77 
8 27 
8 19 
8 10 
8 2 
8 68 
8 67 
9 97 
9 65 
9 26 
9 28 
9 22 
9 3 
9 55 
9 77 
9 81 
9 89 
9 76 
9 41 
9 79 
9 44 
10 75 
10 40 
10 4 
10 27 
10 66 
10 79 
10 21 
10 94 
10 85 
10 91 
10 93 
10 2 
10 36 
10 8 
10 17 
10 48 
10 82 
11 86 
11 23 
11 34 
11 46 
11 71 
11 51 
11 22 
11 28 
11 1 
11 96 
11 90 
11 82 
11 38 
11 45 
11 68 
11 63 
11 57 
11 37 
12 65 
12 60 
12 61 
12 2 
12 70 
12 0 
12 79 
12 85 
12 98 
12 52 
12 56 
12 40 
12 18 
12 77 
12 57 
12 89 
12 91 
12 43 
12 67 
13 16 
13 35 
13 44 
13 33 
13 36 
13 65 
13 19 
13 41 
13 48 
13 95 
13 88 
13 71 
13 34 
13 94 
13 81 
13 59 
13 97 
13 47 
13 1 
13 61 
14 53 
14 76 
14 37 
14 71 
14 88 
14 65 
14 85 
14 56 
14 75 
14 40 
14 54 
14 3 
15 16 
15 35 
15 32 
15 68 
15 72 
15 73 
15 97 
15 69 
15 96 
15 95 
15 22 
15 98 
15 62 
15 80 
15 31 
15 51 
15 94 
16 15 
16 13 
16 86 
16 52 
16 82 
16 21 
16 58 
16 65 
16 44 
16 1 
16 46 
16 3 
17 49 
17 46 
17 68 
17 75 
17 40 
17 7 
17 67 
17 28 
17 71 
17 73 
17 72 
17 56 
17 42 
17 82 
17 90 
17 0 
17 2 
17 10 
17 47 
17 74 
17 70 
18 32 
18 33 
18 58 
18 88 
18 55 
18 89 
18 69 
18 35 
18 92 
18 37 
18 5 
18 74 
18 24 
18 72 
18 62 
18 96 
18 64 
18 77 
18 40 
18 49 
18 12 
18 4 
18 59 
18 6 
18 86 
19 20 
19 73 
19 0 
19 42 
19 82 
19 13 
19 7 
19 27 
19 46 
19 8 
19 53 
19 89 
19 37 
19 21 
19 70 
20 35 
20 19 
20 21 
20 72 
20 31 
20 49 
20 48 
20 36 
20 51 
20 73 
20 1 
20 64 
20 53 
20 80 
20 44 
20 67 
20 74 
21 23 
21 46 
21 83 
21 59 
21 28 
21 20 
21 75 
21 70 
21 10 
21 64 
21 30 
21 61 
21 16 
21 53 
21 65 
21 72 
21 54 
21 38 
21 45 
21 88 
21 67 
21 36 
21 87 
21 19 
21 44 
21 42 
22 58 
22 54 
22 48 
22 55 
22 9 
22 37 
22 76 
22 43 
22 57 
22 32 
22 71 
22 23 
22 24 
22 35 
22 69 
22 11 
22 15 
22 93 
22 70 
22 42 
22 52 
23 21 
23 7 
23 11 
23 36 
23 92 
23 80 
23 24 
23 33 
23 96 
23 22 
23 77 
23 97 
23 88 
23 26 
23 53 
23 34 
23 41 
23 2 
24 2 
24 55 
24 60 
24 81 
24 87 
24 62 
24 23 
24 6 
24 18 
24 52 
24 22 
24 7 
24 43 
24 65 
24 49 
24 32 
24 50 
24 94 
24 33 
24 66 
24 91 
24 77 
24 69 
24 37 
25 82 
25 47 
25 1 
25 77 
25 89 
25 31 
25 49 
25 75 
25 44 
25 85 
25 72 
25 68 
25 50 
25 79 
25 56 
25 5 
25 54 
25 29 
25 58 
25 55 
25 62 
25 93 
25 67 
25 92 
26 66 
26 79 
26 9 
26 96 
26 51 
26 1 
26 27 
26 46 
26 54 
26 32 
26 30 
26 23 
26 29 
26 62 
26 65 
26 80 
26 52 
26 67 
26 34 
27 49 
27 46 
27 10 
27 39 
27 86 
27 26 
27 19 
27 76 
27 30 
27 8 
27 1 
27 2 
27 69 
27 56 
27 40 
27 60 
27 79 
27 95 
28 21 
28 76 
28 9 
28 4 
28 54 
28 62 
28 7 
28 17 
28 58 
28 11 
28 74 
28 81 
28 51 
28 40 
28 79 
28 50 
28 72 
28 77 
29 49 
29 95 
29 43 
29 46 
29 91 
29 88 
29 97 
29 67 
29 39 
29 1 
29 26 
29 25 
30 68 
30 31 
30 75 
30 63 
30 42 
30 92 
30 21 
30 51 
30 97 
30 52 
30 27 
30 26 
30 48 
30 86 
30 37 
30 64 
30 57 
30 45 
30 4 
31 43 
31 38 
31 30 
31 20 
31 82 
31 66 
31 25 
31 93 
31 41 
31 92 
31 34 
31 32 
31 71 
31 89 
31 75 
31 72 
31 15 
31 63 
31 3 
31 68 
31 58 
31 1 
32 18 
32 76 
32 69 
32 78 
32 15 
32 72 
32 0 
32 50 
32 77 
32 22 
32 33 
32 57 
32 37 
32 26 
32 86 
32 31 
32 80 
32 73 
32 24 
32 66 
32 5 
32 58 
32 3 
32 34 
33 18 
33 13 
33 41 
33 23 
33 60 
33 32 
33 50 
33 93 
33 1 
33 7 
33 92 
33 24 
33 89 
33 35 
33 42 
33 37 
33 86 
34 41 
34 65 
34 52 
34 11 
34 91 
34 46 
34 71 
34 90 
34 2 
34 77 
34 53 
34 61 
34 31 
34 13 
34 38 
34 75 
34 57 
34 63 
34 95 
34 23 
34 32 
34 26 
35 20 
35 1 
35 69 
35 13 
35 15 
35 78 
35 62 
35 18 
35 42 
35 2 
35 82 
35 22 
35 70 
35 60 
35 92 
35 56 
35 47 
35 6 
35 63 
35 57 
35 33 
35 64 
36 78 
36 56 
36 61 
36 13 
36 23 
36 20 
36 57 
36 65 
36 79 
36 10 
36 38 
36 47 
36 64 
36 21 
36 72 
36 80 
37 83 
37 75 
37 76 
37 92 
37 22 
37 66 
37 84 
37 74 
37 18 
37 47 
37 32 
37 14 
37 0 
37 42 
37 45 
37 19 
37 30 
37 4 
37 77 
37 5 
37 33 
37 24 
37 63 
37 11 
38 31 
38 6 
38 68 
38 74 
38 70 
38 67 
38 94 
38 72 
38 97 
38 34 
38 77 
38 98 
38 46 
38 78 
38 21 
38 42 
38 45 
38 91 
38 36 
38 80 
38 90 
38 11 
38 65 
39 87 
39 4 
39 27 
39 55 
39 49 
39 89 
39 96 
39 81 
39 29 
39 2 
39 69 
39 47 
39 7 
39 67 
39 73 
39 88 
40 83 
40 10 
40 77 
40 60 
40 17 
40 68 
40 65 
40 84 
40 96 
40 87 
40 86 
40 18 
40 80 
40 12 
40 72 
40 28 
40 1 
40 51 
40 14 
40 27 
40 43 
41 63 
41 34 
41 6 
41 50 
41 33 
41 61 
41 70 
41 13 
41 71 
41 31 
41 79 
41 83 
41 75 
41 95 
41 9 
41 23 
41 98 
41 87 
41 0 
42 30 
42 19 
42 4 
42 46 
42 64 
42 6 
42 77 
42 78 
42 35 
42 69 
42 88 
42 95 
42 17 
42 3 
42 37 
42 38 
42 22 
42 76 
42 21 
42 52 
42 33 
42 44 
43 31 
43 85 
43 6 
43 29 
43 89 
43 51 
43 22 
43 67 
43 92 
43 80 
43 76 
43 78 
43 24 
43 98 
43 49 
43 0 
43 3 
43 65 
43 94 
43 40 
43 71 
43 12 
44 13 
44 60 
44 72 
44 94 
44 61 
44 85 
44 47 
44 98 
44 25 
44 80 
44 76 
44 16 
44 20 
44 9 
44 21 
44 42 
44 57 
44 50 
45 91 
45 67 
45 70 
45 8 
45 88 
45 81 
45 58 
45 73 
45 83 
45 61 
45 74 
45 48 
45 96 
45 5 
45 38 
45 21 
45 37 
45 94 
45 82 
45 11 
45 87 
45 0 
45 30 
45 69 
45 6 
46 21 
46 17 
46 50 
46 29 
46 67 
46 27 
46 42 
46 5 
46 34 
46 79 
46 11 
46 26 
46 85 
46 58 
46 8 
46 19 
46 38 
46 73 
46 93 
46 71 
46 16 
46 55 
46 1 
47 25 
47 50 
47 97 
47 68 
47 59 
47 51 
47 6 
47 92 
47 37 
47 44 
47 2 
47 94 
47 35 
47 93 
47 82 
47 39 
47 13 
47 36 
47 72 
47 17 
47 95 
47 66 
48 22 
48 1 
48 90 
48 78 
48 70 
48 13 
48 64 
48 20 
48 52 
48 45 
48 30 
48 4 
48 10 
48 76 
49 17 
49 79 
49 29 
49 27 
49 92 
49 77 
49 60 
49 62 
49 20 
49 39 
49 50 
49 25 
49 81 
49 80 
49 83 
49 86 
49 43 
49 24 
49 6 
49 18 
49 73 
49 65 
50 46 
50 41 
50 94 
50 47 
50 93 
50 32 
50 49 
50 88 
50 33 
50 85 
50 60 
50 25 
50 81 
50 69 
50 24 
50 28 
50 97 
50 44 
51 59 
51 71 
51 43 
51 47 
51 26 
51 30 
51 11 
51 20 
51 96 
51 97 
51 0 
51 28 
51 40 
51 87 
51 15 
51 5 
52 16 
52 34 
52 24 
52 48 
52 30 
52 2 
52 12 
52 78 
52 69 
52 6 
52 42 
52 26 
52 89 
52 22 
52 62 
53 55 
53 61 
53 14 
53 68 
53 34 
53 78 
53 56 
53 63 
53 21 
53 91 
53 19 
53 69 
53 6 
53 94 
53 84 
53 20 
53 23 
53 71 
53 74 
53 3 
54 22 
54 80 
54 28 
54 77 
54 98 
54 26 
54 68 
54 1 
54 61 
54 21 
54 85 
54 25 
54 14 
54 75 
54 74 
54 7 
55 24 
55 22 
55 18 
55 53 
55 75 
55 65 
55 5 
55 39 
55 9 
55 8 
55 77 
55 6 
55 63 
55 89 
55 94 
55 3 
55 25 
55 46 
55 82 
56 36 
56 83 
56 81 
56 53 
56 80 
56 65 
56 78 
56 35 
56 85 
56 17 
56 14 
56 25 
56 12 
56 27 
56 62 
57 95 
57 7 
57 22 
57 32 
57 81 
57 36 
57 80 
57 0 
57 73 
57 34 
57 12 
57 35 
57 94 
57 30 
57 11 
57 63 
57 78 
57 44 
58 22 
58 63 
58 18 
58 60 
58 45 
58 0 
58 28 
58 81 
58 46 
58 85 
58 16 
58 25 
58 32 
58 91 
58 31 
58 83 
59 72 
59 51 
59 60 
59 21 
59 77 
59 4 
59 47 
59 94 
59 13 
59 89 
59 65 
59 18 
59 2 
59 5 
59 0 
60 85 
60 59 
60 44 
60 24 
60 12 
60 76 
60 77 
60 49 
60 40 
60 96 
60 58 
60 93 
60 33 
60 35 
60 50 
60 80 
60 4 
60 61 
60 27 
60 71 
60 88 
61 83 
61 96 
61 68 
61 36 
61 12 
61 53 
61 41 
61 0 
61 98 
61 44 
61 80 
61 86 
61 34 
61 45 
61 21 
61 70 
61 77 
61 54 
61 82 
61 60 
61 13 
61 4 
62 72 
62 35 
62 96 
62 90 
62 97 
62 49 
62 75 
62 84 
62 24 
62 6 
62 28 
62 18 
62 15 
62 73 
62 26 
62 82 
62 25 
62 3 
62 56 
62 52 
63 58 
63 41 
63 78 
63 30 
63 8 
63 98 
63 76 
63 66 
63 53 
63 70 
63 55 
63 95 
63 31 
63 34 
63 35 
63 11 
63 57 
63 81 
63 37 
64 89 
64 84 
64 42 
64 21 
64 88 
64 82 
64 48 
64 18 
64 20 
64 36 
64 75 
64 30 
64 72 
64 93 
64 35 
64 70 
65 9 
65 12 
65 34 
65 70 
65 55 
65 13 
65 74 
65 71 
65 79 
65 40 
65 95 
65 56 
65 14 
65 75 
65 36 
65 24 
65 21 
65 16 
65 5 
65 59 
65 43 
65 73 
65 66 
65 38 
65 26 
65 49 
65 92 
65 87 
65 83 
66 26 
66 37 
66 31 
66 10 
66 90 
66 88 
66 63 
66 84 
66 67 
66 75 
66 32 
66 76 
66 1 
66 24 
66 65 
66 70 
66 47 
66 93 
67 81 
67 45 
67 71 
67 46 
67 38 
67 3 
67 43 
67 17 
67 66 
67 29 
67 90 
67 80 
67 0 
67 76 
67 21 
67 78 
67 20 
67 39 
67 26 
67 25 
67 89 
67 88 
67 8 
67 12 
68 30 
68 88 
68 38 
68 17 
68 61 
68 47 
68 15 
68 90 
68 53 
68 40 
68 3 
68 54 
68 80 
68 7 
68 25 
68 92 
68 31 
68 8 
68 11 
68 6 
68 0 
69 35 
69 32 
69 18 
69 3 
69 98 
69 88 
69 94 
69 15 
69 42 
69 76 
69 86 
69 22 
69 96 
69 27 
69 53 
69 39 
69 50 
69 52 
69 4 
69 24 
69 45 
69 79 
70 73 
70 45 
70 38 
70 65 
70 12 
70 6 
70 41 
70 21 
70 48 
70 5 
70 35 
70 61 
70 63 
70 22 
70 96 
70 66 
70 90 
70 19 
70 98 
70 64 
70 17 
71 5 
71 67 
71 75 
71 51 
71 34 
71 79 
71 11 
71 65 
71 22 
71 41 
71 13 
71 14 
71 31 
71 17 
71 6 
71 46 
71 53 
71 60 
71 43 
71 80 
71 78 
72 87 
72 59 
72 62 
72 20 
72 73 
72 44 
72 15 
72 32 
72 18 
72 74 
72 38 
72 7 
72 90 
72 25 
72 17 
72 21 
72 31 
72 40 
72 36 
72 28 
72 47 
72 64 
73 19 
73 7 
73 70 
73 72 
73 87 
73 74 
73 78 
73 15 
73 45 
73 6 
73 1 
73 20 
73 17 
73 85 
73 46 
73 32 
73 62 
73 57 
73 49 
73 65 
73 84 
73 5 
73 39 
74 85 
74 8 
74 38 
74 65 
74 37 
74 73 
74 89 
74 18 
74 72 
74 45 
74 28 
74 79 
74 54 
74 81 
74 53 
74 20 
74 96 
74 17 
75 10 
75 37 
75 95 
75 30 
75 81 
75 71 
75 5 
75 21 
75 17 
75 55 
75 62 
75 83 
75 77 
75 25 
75 65 
75 14 
75 31 
75 41 
75 66 
75 34 
75 54 
75 64 
76 32 
76 28 
76 37 
76 60 
76 2 
76 63 
76 22 
76 14 
76 43 
76 27 
76 69 
76 9 
76 44 
76 67 
76 66 
76 42 
76 48 
76 94 
76 97 
76 82 
77 59 
77 49 
77 60 
77 40 
77 75 
77 25 
77 42 
77 54 
77 32 
77 55 
77 9 
77 80 
77 34 
77 7 
77 23 
77 38 
77 18 
77 8 
77 61 
77 78 
77 89 
77 12 
77 24 
77 83 
77 37 
77 84 
77 28 
78 63 
78 35 
78 6 
78 36 
78 2 
78 32 
78 48 
78 73 
78 42 
78 92 
78 53 
78 43 
78 56 
78 88 
78 77 
78 38 
78 52 
78 67 
78 87 
78 57 
78 71 
79 49 
79 26 
79 84 
79 91 
79 10 
79 46 
79 71 
79 12 
79 65 
79 41 
79 92 
79 25 
79 6 
79 74 
79 83 
79 36 
79 28 
79 9 
79 0 
79 27 
79 69 
80 3 
80 54 
80 23 
80 61 
80 77 
80 49 
80 43 
80 90 
80 44 
80 56 
80 68 
80 32 
80 60 
80 57 
80 15 
80 40 
80 85 
80 67 
80 38 
80 20 
80 94 
80 96 
80 26 
80 87 
80 36 
80 71 
81 67 
81 75 
81 89 
81 24 
81 56 
81 45 
81 92 
81 49 
81 58 
81 39 
81 57 
81 9 
81 13 
81 28 
81 50 
81 2 
81 5 
81 90 
81 74 
81 63 
82 25 
82 3 
82 19 
82 4 
82 16 
82 31 
82 64 
82 35 
82 90 
82 2 
82 17 
82 47 
82 61 
82 0 
82 45 
82 62 
82 11 
82 10 
82 55 
82 76 
83 37 
83 40 
83 61 
83 21 
83 88 
83 93 
83 56 
83 75 
83 45 
83 49 
83 41 
83 95 
83 79 
83 77 
83 2 
83 58 
83 65 
84 91 
84 79 
84 37 
84 64 
84 93 
84 1 
84 62 
84 66 
84 40 
84 4 
84 53 
84 73 
84 77 
85 74 
85 43 
85 60 
85 91 
85 44 
85 96 
85 10 
85 46 
85 12 
85 86 
85 25 
85 56 
85 58 
85 50 
85 73 
85 14 
85 54 
85 80 
85 90 
86 11 
86 16 
86 27 
86 61 
86 49 
86 32 
86 69 
86 85 
86 8 
86 96 
86 40 
86 2 
86 30 
86 95 
86 18 
86 33 
86 3 
87 72 
87 98 
87 39 
87 97 
87 73 
87 24 
87 93 
87 90 
87 40 
87 51 
87 21 
87 45 
87 92 
87 95 
87 80 
87 41 
87 78 
87 65 
88 68 
88 83 
88 18 
88 90 
88 69 
88 45 
88 64 
88 66 
88 29 
88 50 
88 13 
88 14 
88 3 
88 78 
88 2 
88 42 
88 23 
88 4 
88 21 
88 93 
88 67 
88 60 
88 39 
89 18 
89 64 
89 81 
89 43 
89 25 
89 90 
89 6 
89 74 
89 39 
89 9 
89 31 
89 55 
89 59 
89 77 
89 19 
89 33 
89 12 
89 67 
89 52 
90 48 
90 88 
90 62 
90 66 
90 68 
90 34 
90 89 
90 0 
90 80 
90 72 
90 87 
90 82 
90 5 
90 95 
90 67 
90 17 
90 85 
90 11 
90 38 
90 70 
90 81 
91 84 
91 94 
91 45 
91 29 
91 79 
91 85 
91 34 
91 3 
91 10 
91 53 
91 38 
91 96 
91 58 
91 24 
91 12 
92 37 
92 49 
92 23 
92 18 
92 30 
92 47 
92 78 
92 81 
92 43 
92 31 
92 35 
92 79 
92 33 
92 5 
92 68 
92 87 
92 65 
92 25 
93 83 
93 94 
93 50 
93 84 
93 60 
93 31 
93 8 
93 0 
93 87 
93 22 
93 33 
93 10 
93 46 
93 47 
93 97 
93 88 
93 2 
93 25 
93 64 
93 66 
94 91 
94 93 
94 0 
94 50 
94 44 
94 69 
94 59 
94 38 
94 10 
94 8 
94 13 
94 47 
94 55 
94 53 
94 95 
94 24 
94 45 
94 6 
94 80 
94 15 
94 43 
94 57 
94 76 
95 29 
95 75 
95 57 
95 8 
95 13 
95 65 
95 2 
95 15 
95 83 
95 42 
95 90 
95 63 
95 41 
95 94 
95 86 
95 34 
95 87 
95 27 
95 47 
96 97 
96 26 
96 61 
96 62 
96 60 
96 23 
96 85 
96 15 
96 39 
96 18 
96 69 
96 51 
96 7 
96 40 
96 45 
96 86 
96 1 
96 91 
96 70 
96 11 
96 80 
96 74 
97 9 
97 96 
97 87 
97 62 
97 47 
97 4 
97 15 
97 30 
97 1 
97 29 
97 38 
97 51 
97 23 
97 13 
97 5 
97 93 
97 50 
97 76 
98 87 
98 69 
98 63 
98 61 
98 54 
98 44 
98 15 
98 12 
98 43 
98 38 
98 1 
98 41 
98 70 
