0 25 
0 20 
1 24 
1 31 
1 11 
1 23 
1 7 
1 8 
1 15 
1 9 
1 26 
1 12 
2 13 
2 9 
2 19 
2 29 
2 33 
2 7 
2 25 
2 20 
2 4 
3 20 
3 19 
3 12 
3 29 
3 24 
3 13 
3 7 
3 15 
3 22 
3 14 
4 27 
4 22 
4 20 
4 8 
4 17 
4 34 
4 9 
4 5 
4 2 
4 25 
4 11 
5 34 
5 28 
5 22 
5 15 
5 24 
5 23 
5 29 
5 30 
5 8 
5 4 
5 6 
5 33 
5 20 
6 33 
6 27 
6 5 
6 26 
6 21 
7 10 
7 12 
7 8 
7 1 
7 18 
7 13 
7 3 
7 2 
8 33 
8 27 
8 12 
8 7 
8 1 
8 4 
8 5 
8 10 
8 24 
8 22 
8 15 
9 31 
9 2 
9 29 
9 17 
9 32 
9 1 
9 4 
9 20 
9 19 
9 24 
9 11 
9 22 
9 28 
9 34 
9 15 
9 27 
10 29 
10 26 
10 34 
10 7 
10 13 
10 14 
10 24 
10 31 
10 8 
10 30 
10 22 
11 1 
11 28 
11 33 
11 29 
11 9 
11 25 
11 23 
11 4 
11 18 
12 7 
12 8 
12 22 
12 3 
12 13 
12 14 
12 1 
13 34 
13 2 
13 22 
13 10 
13 20 
13 30 
13 19 
13 7 
13 3 
13 12 
13 28 
13 18 
13 25 
13 17 
13 29 
13 33 
14 22 
14 30 
14 10 
14 28 
14 15 
14 12 
14 3 
14 32 
14 23 
15 5 
15 23 
15 1 
15 14 
15 3 
15 29 
15 30 
15 8 
15 9 
16 26 
16 17 
16 28 
16 25 
16 22 
16 34 
16 30 
16 21 
17 28 
17 29 
17 16 
17 20 
17 26 
17 4 
17 9 
17 19 
17 13 
18 26 
18 22 
18 7 
18 27 
18 24 
18 23 
18 33 
18 13 
18 32 
18 20 
18 11 
19 3 
19 28 
19 2 
19 21 
19 13 
19 30 
19 9 
19 17 
20 24 
20 3 
20 13 
20 17 
20 4 
20 9 
20 2 
20 32 
20 23 
20 0 
20 5 
20 33 
20 18 
21 27 
21 30 
21 32 
21 19 
21 29 
21 24 
21 6 
21 34 
21 16 
22 14 
22 4 
22 13 
22 5 
22 12 
22 18 
22 28 
22 25 
22 3 
22 34 
22 16 
22 9 
22 8 
22 10 
23 1 
23 34 
23 15 
23 5 
23 18 
23 27 
23 32 
23 29 
23 20 
23 28 
23 11 
23 14 
24 1 
24 20 
24 30 
24 10 
24 5 
24 3 
24 25 
24 18 
24 28 
24 33 
24 8 
24 9 
24 21 
25 27 
25 16 
25 24 
25 30 
25 22 
25 2 
25 0 
25 13 
25 11 
25 4 
26 10 
26 16 
26 34 
26 18 
26 17 
26 1 
26 6 
26 30 
27 21 
27 4 
27 8 
27 28 
27 25 
27 18 
27 33 
27 6 
27 23 
27 30 
27 9 
28 17 
28 5 
28 16 
28 19 
28 27 
28 11 
28 14 
28 24 
28 13 
28 22 
28 9 
28 23 
29 10 
29 17 
29 9 
29 2 
29 3 
29 5 
29 30 
29 11 
29 21 
29 15 
29 23 
29 13 
30 21 
30 24 
30 14 
30 13 
30 25 
30 29 
30 5 
30 19 
30 15 
30 10 
30 34 
30 27 
30 16 
30 26 
30 33 
31 9 
31 1 
31 10 
31 33 
32 21 
32 9 
32 23 
32 18 
32 20 
32 14 
33 8 
33 6 
33 11 
33 34 
33 27 
33 2 
33 24 
33 18 
33 5 
33 20 
33 31 
33 30 
33 13 
34 5 
34 13 
34 10 
34 26 
34 23 
34 33 
34 4 
34 22 
34 16 
34 21 
34 30 
34 9 
