0 25 27 16 18 33 46 35 10 49 7 42 
1 25 2 18 5 30 10 47 54 53 4 26 
2 37 1 36 51 6 38 32 34 39 25 48 
3 45 42 26 25 
4 38 54 12 39 6 15 16 26 17 21 13 1 8 
5 1 42 40 36 53 17 44 29 15 8 31 6 33 
6 44 15 2 26 43 9 46 30 4 11 20 7 50 41 5 
7 10 38 13 39 8 6 29 0 
8 41 31 12 7 5 23 4 
9 20 12 25 42 32 6 50 27 14 39 13 41 36 
10 17 7 26 19 1 24 0 41 33 47 39 32 15 40 44 
11 33 38 46 41 36 39 6 12 27 25 21 
12 35 22 53 9 14 54 21 4 25 8 27 11 33 
13 39 27 21 46 29 7 30 37 9 4 52 
14 16 41 12 54 53 48 30 9 40 25 50 17 36 
15 26 44 20 6 41 42 4 36 5 10 52 
16 14 27 52 0 28 46 30 33 35 54 4 51 18 37 
17 10 30 49 46 39 5 44 38 34 4 14 
18 24 51 1 30 0 28 50 16 38 37 20 
19 28 25 39 10 27 22 49 21 
20 54 9 15 33 27 21 28 35 32 6 18 
21 13 20 47 12 35 48 46 4 43 19 54 11 
22 12 33 19 47 43 26 42 
23 31 53 51 52 37 38 29 24 8 
24 18 29 34 41 53 47 48 10 25 46 50 23 51 
25 19 1 0 40 9 28 47 12 24 29 3 14 2 11 
26 15 53 10 49 6 3 28 41 48 35 4 52 1 22 
27 16 31 0 13 20 43 9 19 36 12 11 
28 19 38 39 41 16 18 25 26 20 
29 24 13 5 41 51 25 23 33 7 
30 17 1 53 18 35 16 14 6 13 
31 23 27 34 44 8 52 42 5 
32 46 42 40 9 35 50 2 20 44 10 
33 51 11 20 42 22 36 0 38 16 10 29 12 5 39 
34 52 54 24 31 2 17 41 
35 12 30 36 51 21 41 0 16 32 20 26 44 
36 2 51 35 33 5 38 11 27 15 14 9 
37 51 2 42 46 13 23 18 16 
38 28 11 51 4 54 33 36 7 2 40 17 23 18 
39 28 52 13 17 19 11 44 4 42 9 7 10 43 2 49 33 
40 54 25 5 32 38 14 51 10 49 
41 11 24 14 28 15 8 35 29 26 10 50 34 6 48 9 54 
42 49 33 5 32 37 9 15 3 46 39 31 47 54 22 0 
43 48 46 27 6 51 22 39 50 21 
44 15 6 31 5 17 39 32 35 10 
45 3 49 
46 11 47 17 49 43 16 32 13 0 37 42 6 21 24 
47 54 46 21 24 25 42 10 1 22 
48 43 14 21 24 26 41 2 
49 42 26 17 46 53 0 19 40 39 45 
50 53 9 32 41 14 18 6 43 24 
51 33 37 18 36 38 2 35 23 43 29 40 16 24 
52 34 39 16 23 31 26 13 15 
53 26 23 50 30 12 24 14 49 5 1 
54 20 34 40 47 38 14 12 4 16 1 42 41 21 
