0 17 28 14 27 54 16 39 35 48 44 51 58 59 13 10 21 2 56 22 19 11 5 26 36 40 6 29 37 55 25 47 43 1 20 4 33 18 53 42 52 57 23 
1 16 33 35 18 52 20 48 31 25 14 40 17 46 56 3 54 58 43 7 11 38 30 9 12 6 36 51 23 22 41 47 32 26 34 50 0 27 10 44 39 55 53 4 28 59 
2 53 58 9 55 29 13 25 41 35 4 34 57 18 32 39 48 40 42 37 14 50 10 0 36 22 24 12 15 3 5 54 20 19 38 16 44 23 47 7 8 
3 14 39 56 46 5 24 42 4 49 31 12 13 33 52 45 1 51 43 25 21 23 38 35 59 10 37 6 55 18 2 27 32 41 28 19 7 50 16 29 20 22 15 9 58 30 47 
4 24 21 6 57 11 8 40 42 33 29 49 3 27 34 28 2 13 54 53 55 10 45 52 35 50 12 18 30 5 56 47 51 7 15 46 0 26 25 1 31 44 9 43 32 59 19 
5 40 28 51 3 21 35 53 43 49 30 13 19 45 37 58 29 36 12 33 34 26 54 15 10 9 57 59 17 46 4 0 56 39 38 42 47 2 52 25 41 27 20 16 24 8 
6 21 47 4 18 32 37 11 29 33 14 38 58 19 53 51 34 9 45 7 54 43 46 57 52 59 42 56 36 40 22 3 1 12 31 0 10 50 24 41 15 8 23 35 20 28 16 
7 23 18 43 56 31 13 32 46 26 45 30 57 12 24 17 6 39 35 49 33 28 55 40 1 51 22 4 15 54 47 10 3 58 20 36 50 38 41 9 27 29 2 37 34 
8 58 10 26 4 34 39 50 49 57 44 36 40 29 55 19 17 14 18 15 12 23 59 52 42 33 30 54 13 25 38 9 41 27 6 47 16 11 32 5 2 45 
9 17 51 18 47 2 22 31 41 59 21 58 45 46 29 6 57 14 42 5 32 53 1 40 43 36 26 38 16 7 48 8 50 3 37 35 4 13 19 33 15 23 
10 8 31 28 50 56 11 59 39 20 55 44 25 29 41 38 5 49 4 12 19 0 2 17 40 3 24 42 18 21 6 7 22 16 1 54 15 34 36 32 53 26 30 57 52 58 33 
11 52 6 19 4 47 31 10 36 21 12 38 34 55 14 39 56 49 27 48 37 25 17 1 59 30 0 23 22 44 32 15 24 54 28 51 29 8 45 
12 13 48 42 49 56 29 11 3 24 28 7 44 16 5 52 17 36 25 8 38 10 41 4 18 59 30 2 1 22 20 46 19 35 6 53 34 14 43 27 15 58 47 55 39 57 
13 43 12 16 32 7 20 30 44 29 2 33 23 3 48 5 25 35 17 56 4 59 37 58 34 41 53 42 57 0 49 40 50 8 51 39 52 54 9 38 27 31 15 55 28 
14 3 0 24 18 6 49 1 28 29 52 38 51 11 19 54 8 35 9 47 25 43 2 33 22 41 40 16 34 42 27 23 32 31 20 30 12 48 15 21 46 39 59 
15 17 49 21 38 45 32 16 51 59 40 48 55 25 36 29 8 31 5 58 18 53 54 44 24 33 56 42 22 2 39 34 50 26 7 11 4 57 30 37 10 47 14 12 6 35 3 9 20 13 28 19 
16 56 1 22 13 20 0 19 23 15 33 21 30 47 49 55 24 39 32 12 35 29 45 28 51 27 17 53 57 14 31 42 43 26 36 52 50 10 54 40 3 18 9 5 2 44 8 38 59 6 46 
17 9 15 22 0 36 32 21 28 18 40 35 53 37 1 50 51 45 13 48 24 7 44 55 8 12 26 29 49 56 11 10 19 16 5 20 39 34 52 41 47 25 54 27 
18 7 52 6 1 9 19 17 14 57 32 41 55 26 23 2 38 8 44 25 34 15 12 4 42 46 10 3 37 48 20 35 53 22 49 54 33 36 0 16 21 45 29 30 24 43 
19 59 37 11 18 31 35 45 21 55 27 51 40 6 16 50 54 5 39 14 8 29 57 10 36 58 48 17 0 24 23 56 43 34 25 12 52 22 42 53 3 2 28 20 33 9 38 15 4 
20 36 22 52 1 16 34 13 30 45 26 58 10 28 25 29 54 23 21 24 46 51 50 27 59 39 17 12 55 18 43 33 44 0 14 2 7 3 35 42 19 5 48 6 57 15 37 47 40 
21 23 6 4 32 57 17 15 51 5 59 19 42 11 9 47 52 16 20 55 37 33 3 58 53 34 56 43 0 31 41 28 50 10 29 48 44 30 46 14 45 27 18 26 38 
22 17 20 16 55 29 9 30 57 34 38 24 44 33 46 0 2 41 6 56 14 12 11 26 7 15 59 1 52 42 45 19 18 10 40 43 58 48 32 27 3 35 47 53 
23 21 7 34 35 46 27 49 56 16 28 24 43 13 39 50 20 53 52 54 18 25 42 8 26 3 59 19 45 44 11 41 55 1 47 38 31 14 32 37 48 51 6 29 0 2 9 30 57 
24 4 35 49 42 52 40 14 25 53 45 3 33 23 47 12 26 7 17 16 41 34 27 20 22 37 19 10 2 15 57 31 6 58 55 56 36 11 46 48 50 43 5 18 38 51 
25 40 32 58 27 24 37 1 2 59 57 56 45 13 39 20 44 10 15 23 38 47 41 33 3 43 12 34 49 14 18 52 11 42 35 19 46 55 31 28 5 8 0 53 17 4 51 29 48 
26 38 48 32 50 45 8 40 39 20 7 44 18 24 33 52 36 43 5 46 17 41 23 42 29 59 0 35 22 37 16 58 15 1 9 27 53 4 47 21 10 
27 25 0 23 42 30 29 19 43 4 38 47 56 11 41 24 48 54 16 20 39 40 36 51 45 14 3 26 5 1 12 21 22 8 31 7 44 58 13 34 17 
28 49 0 50 5 10 52 34 17 58 14 38 23 20 48 12 4 37 56 55 7 16 30 39 57 36 21 51 47 40 25 46 3 11 19 33 35 6 1 53 15 13 
29 42 6 40 22 47 2 27 13 4 12 41 14 20 52 48 9 8 10 5 58 19 15 16 17 57 34 44 26 53 21 0 54 50 31 56 33 36 35 45 49 3 7 23 25 11 18 30 55 43 
30 41 45 53 31 35 27 20 13 22 7 38 5 16 34 44 40 28 11 4 1 43 12 49 33 50 36 8 46 14 55 15 52 21 10 3 29 18 23 56 57 48 
31 44 40 10 7 30 45 42 43 19 1 11 9 56 3 53 50 15 38 35 21 46 41 16 47 6 48 58 24 25 59 23 49 29 52 55 14 32 33 27 37 4 13 54 51 36 
32 25 26 53 6 21 17 13 7 37 18 33 54 48 45 39 43 15 35 16 40 2 34 9 38 56 58 42 55 49 44 11 47 57 1 3 14 23 50 31 51 10 22 46 8 4 
33 1 59 6 41 47 32 4 44 16 13 24 3 26 56 35 46 48 40 52 5 7 25 34 43 21 39 22 50 14 15 30 42 8 57 20 51 18 29 0 54 28 31 19 55 45 36 9 53 10 
34 23 58 54 8 28 20 53 44 4 11 22 46 41 2 6 30 57 24 59 5 33 13 40 32 25 29 18 21 39 49 19 17 56 14 45 42 15 37 35 1 48 12 47 10 27 51 7 
35 24 1 23 30 37 56 36 19 50 17 42 58 5 57 59 48 2 33 0 13 32 38 43 7 14 16 39 54 4 45 31 3 25 26 12 46 34 18 52 55 51 29 20 15 6 9 28 22 
36 51 20 56 40 17 35 11 45 47 8 58 26 15 5 53 12 48 42 6 19 50 28 2 38 0 27 1 9 49 30 24 16 46 7 29 18 37 10 57 33 59 31 
37 19 6 35 38 32 25 39 17 43 28 5 56 44 13 50 21 55 42 41 11 2 54 24 3 47 40 46 26 58 53 18 34 0 23 15 36 31 9 20 57 51 59 7 48 
38 26 45 49 58 50 37 54 6 15 28 30 55 11 27 14 22 46 25 44 18 51 35 10 56 53 12 31 57 3 1 36 32 48 42 41 5 43 23 47 8 2 7 9 21 16 13 24 19 
39 3 47 8 52 26 37 50 10 45 32 0 23 48 25 51 49 19 11 55 41 16 7 53 56 35 2 33 28 34 27 20 17 15 5 58 57 13 1 46 14 42 12 59 44 43 
40 25 46 59 36 31 5 24 29 26 4 56 17 52 1 19 8 55 15 57 33 32 42 30 34 7 2 43 6 10 27 13 37 14 50 9 0 28 54 22 49 16 58 20 
41 30 48 58 47 33 59 9 18 29 55 54 44 2 34 39 24 27 10 25 13 26 37 12 21 22 14 38 23 46 31 1 3 17 5 6 57 43 7 50 8 
42 12 29 24 59 27 31 4 3 35 21 53 46 49 48 47 43 23 51 9 40 36 54 6 37 13 45 2 26 25 18 52 56 38 32 15 8 10 16 14 34 58 57 33 22 5 19 44 20 0 39 
43 13 7 52 31 32 37 5 54 27 23 51 53 47 42 26 35 6 3 33 25 1 14 40 21 44 55 30 19 9 16 38 20 59 0 22 12 41 24 4 39 18 29 
44 31 59 13 33 51 26 8 46 41 34 10 25 0 17 38 37 12 30 18 22 29 43 15 23 32 52 11 20 54 42 21 1 57 49 16 45 27 4 2 39 
45 57 38 30 52 31 26 24 19 36 39 20 32 7 15 9 25 17 5 46 3 49 6 16 4 35 42 54 53 59 23 34 55 50 22 27 29 21 44 18 33 11 8 
46 40 23 3 56 58 7 44 47 1 42 9 33 34 45 38 6 26 20 22 5 31 41 12 37 18 35 25 49 28 30 4 24 36 50 54 48 21 39 14 52 32 16 57 
47 6 39 11 9 41 29 33 21 46 36 24 55 54 16 27 42 43 25 14 37 53 4 31 32 1 28 56 58 23 38 7 5 0 59 17 34 52 15 26 51 57 8 12 22 3 2 20 50 48 
48 26 12 58 41 56 1 32 35 39 13 28 55 29 0 33 42 15 17 36 27 11 2 19 38 57 53 31 18 21 34 50 14 24 23 46 22 9 20 47 30 37 25 
49 28 38 24 15 12 23 56 14 52 8 4 3 55 5 42 39 16 45 11 7 51 10 54 25 17 57 13 34 30 32 46 36 31 18 40 29 44 
50 26 38 28 10 8 52 35 39 17 19 55 23 31 37 54 20 4 36 33 2 21 40 13 6 45 30 15 56 29 58 16 1 48 32 46 3 7 41 24 9 59 47 51 
51 36 9 5 54 59 21 56 19 44 15 17 43 39 6 14 58 3 38 42 49 0 16 20 7 28 53 1 4 27 57 33 13 35 32 47 23 25 11 34 37 31 24 50 
52 11 18 57 20 45 24 54 43 1 28 39 56 40 50 49 21 26 14 29 3 23 12 33 6 4 25 55 8 42 44 19 22 17 16 5 31 35 47 30 46 0 13 10 
53 32 30 2 59 24 17 34 5 56 6 42 23 43 31 4 36 39 55 38 13 21 54 45 15 9 47 16 51 29 48 37 12 18 58 19 25 26 0 1 10 33 28 22 
54 34 52 56 51 38 57 0 32 43 41 19 47 20 23 58 14 1 4 6 27 5 50 42 49 35 37 53 45 15 7 8 29 40 2 44 18 16 10 11 46 33 17 13 31 
55 22 2 18 19 41 49 38 50 47 40 10 48 11 39 16 15 8 17 21 28 4 53 7 37 52 43 32 3 20 23 45 25 56 24 0 31 35 30 58 59 1 33 12 13 29 
56 16 36 7 54 35 3 48 40 52 10 46 31 49 12 51 23 53 25 33 13 1 11 27 37 28 38 39 17 6 21 0 57 22 32 19 42 5 15 4 34 55 47 24 50 29 30 
57 45 52 21 4 54 58 18 8 35 25 22 7 40 2 34 9 6 29 19 38 5 13 49 28 56 24 48 16 32 42 51 33 39 15 41 44 36 47 0 20 37 10 30 46 12 23 
58 38 8 34 48 25 2 41 59 57 28 46 35 6 20 9 51 5 36 54 29 1 13 15 0 21 19 32 37 31 42 26 47 39 24 50 53 7 55 22 12 3 40 27 10 
59 19 40 33 44 42 53 58 51 41 10 21 25 9 35 15 13 34 6 0 5 8 23 26 11 45 12 3 20 22 31 47 43 55 14 16 39 36 50 37 4 1 
