0 39 5 56 40 42 8 10 50 6 3 58 31 9 29 12 20 38 55 61 13 19 18 46 16 52 43 17 48 15 49 51 7 32 
1 57 14 58 20 38 3 49 40 2 6 12 9 31 51 23 62 4 15 59 28 21 41 34 13 22 17 56 42 43 52 25 48 45 39 47 19 
2 17 59 53 10 44 1 52 48 37 22 28 58 38 23 32 33 19 54 11 12 49 9 6 60 16 46 61 18 55 62 30 26 5 51 20 27 42 
3 1 20 27 0 9 58 57 38 59 29 14 21 56 41 11 6 26 50 4 45 15 16 63 32 24 
4 16 56 53 20 1 46 33 23 45 29 32 41 13 3 62 9 15 38 31 54 14 63 18 
5 56 33 15 19 0 52 18 58 21 55 7 25 30 16 63 59 32 20 61 27 60 62 17 26 50 39 29 23 54 6 51 8 2 37 35 13 
6 8 55 18 10 20 44 1 0 37 36 38 29 23 43 7 49 59 41 32 40 13 31 3 2 26 30 22 46 5 62 51 
7 36 25 53 56 31 21 43 5 32 44 48 59 6 34 26 40 8 46 28 60 29 57 13 30 0 12 61 20 
8 6 38 0 12 53 9 18 34 44 47 15 46 7 16 35 45 62 19 63 54 32 49 41 61 5 48 33 
9 13 53 58 60 1 3 0 38 52 8 31 35 45 46 12 36 27 26 24 32 2 47 10 57 15 43 4 49 33 44 62 
10 33 23 58 34 2 6 0 20 12 47 42 59 50 39 30 18 61 22 9 16 27 43 17 11 38 31 13 54 44 26 
11 55 27 53 51 48 36 12 18 2 32 20 34 3 59 15 56 29 61 10 26 41 
12 30 25 38 47 40 8 56 27 1 52 10 48 11 36 43 0 41 9 32 28 63 58 39 23 42 35 26 2 60 55 20 21 17 37 15 24 18 34 7 
13 62 27 9 46 30 22 51 53 47 14 33 16 56 41 43 50 0 1 6 61 20 31 59 4 55 7 38 29 54 24 28 10 5 15 
14 1 52 59 41 53 29 16 30 20 13 39 32 34 47 27 3 35 50 33 31 56 45 51 55 57 17 21 61 24 22 43 48 4 
15 36 5 30 58 52 31 1 48 59 8 47 61 34 20 17 41 51 16 50 45 11 9 35 21 0 3 12 57 4 25 60 28 24 13 38 
16 35 53 49 27 14 4 38 23 43 13 20 34 5 26 63 56 8 55 51 52 15 19 48 0 59 10 2 36 31 3 57 62 47 
17 2 63 60 22 45 36 28 59 18 38 31 56 19 15 44 34 43 47 1 5 55 12 0 14 50 10 35 52 39 
18 56 58 53 42 6 61 24 17 5 55 8 11 27 50 21 46 35 34 44 30 60 31 10 0 28 48 59 2 41 29 20 12 23 4 
19 44 27 5 26 42 58 41 63 20 21 43 17 24 34 56 2 22 53 0 38 16 8 35 47 31 39 23 1 
20 33 41 27 1 6 3 10 63 14 47 19 0 4 36 16 5 48 15 52 11 42 37 43 13 12 34 40 38 59 39 18 62 25 35 7 2 
21 55 43 57 52 63 7 19 62 56 44 5 18 31 29 1 23 36 3 54 42 48 12 45 28 15 14 58 47 22 
22 25 60 17 58 13 2 26 30 46 61 28 19 43 23 49 39 10 1 6 51 41 14 40 21 56 44 57 59 62 
23 10 50 36 52 30 33 44 40 57 16 63 1 38 2 32 6 35 4 22 21 59 41 12 37 53 34 60 48 51 5 42 61 19 28 18 
24 30 55 18 62 59 41 19 27 49 36 54 9 37 35 45 31 60 46 47 14 42 12 13 3 39 15 63 
25 22 12 37 7 38 60 62 57 5 26 54 33 32 51 31 63 27 45 1 50 20 15 53 47 
26 63 36 52 19 34 53 40 62 41 60 22 25 27 16 56 43 7 38 51 9 28 45 12 3 5 50 6 33 48 47 49 61 11 29 2 10 
27 13 19 11 41 35 20 16 3 12 61 56 18 42 40 43 24 52 26 39 30 9 58 14 5 49 37 36 33 25 28 10 59 45 46 29 34 2 
28 62 43 51 17 33 57 2 37 22 1 12 52 61 54 46 30 26 41 21 18 7 27 47 60 38 34 45 35 29 32 13 23 15 50 
29 60 50 63 53 39 14 33 42 35 61 0 59 6 47 40 43 32 21 34 45 3 56 46 54 4 41 11 5 7 18 28 26 13 27 
30 51 12 24 55 15 36 46 23 13 45 14 38 42 33 44 22 37 53 5 52 27 47 41 28 18 10 59 31 43 54 6 61 7 2 34 
31 36 55 57 7 17 43 0 1 9 15 32 44 21 39 63 18 46 30 25 13 14 6 49 61 45 16 24 38 35 48 19 4 10 52 
32 48 60 35 46 14 2 63 7 23 31 12 29 25 36 5 11 44 6 49 9 4 8 45 39 56 47 55 3 0 28 59 50 
33 10 20 5 46 57 51 28 29 23 43 30 2 50 13 4 25 48 54 14 35 42 38 27 26 44 9 8 63 40 
34 10 26 46 58 39 45 57 8 19 14 43 16 29 59 7 15 35 18 1 17 37 11 49 20 23 28 41 62 30 40 12 27 
35 16 51 27 43 63 29 52 39 37 9 32 36 41 18 23 58 34 38 8 14 12 33 24 59 15 19 47 31 55 28 57 56 17 20 60 5 
36 7 31 15 62 48 23 26 46 59 30 55 17 45 60 6 11 12 41 35 20 24 32 21 39 9 49 38 27 53 63 16 61 58 
37 25 38 40 63 2 6 35 42 43 30 28 57 20 48 60 34 23 27 24 46 54 12 62 5 
38 37 39 25 12 1 8 17 41 16 40 9 30 6 63 23 2 0 59 55 3 26 35 36 19 52 50 33 20 62 28 31 4 13 10 15 
39 48 0 38 29 34 35 47 14 56 44 27 36 46 31 12 57 10 63 52 22 40 5 32 20 58 19 1 24 17 
40 37 0 12 1 26 63 23 38 29 51 48 27 57 62 52 7 6 39 20 54 22 60 43 34 33 
41 20 27 42 53 48 14 56 26 19 38 63 12 24 36 45 35 50 13 49 6 44 30 15 1 23 52 58 3 28 29 4 55 22 54 34 62 18 8 61 11 
42 0 62 41 18 19 29 10 37 30 27 61 47 57 20 12 21 56 1 33 59 24 23 2 
43 35 28 21 31 33 7 12 19 29 37 16 27 6 46 34 22 26 13 61 51 20 17 1 30 0 52 10 9 63 45 14 40 
44 19 6 2 51 23 57 60 46 8 21 30 39 7 45 31 56 41 32 17 18 63 48 49 54 33 53 61 22 10 9 
45 48 17 36 49 30 34 9 54 41 51 44 59 29 52 56 8 26 58 15 14 4 21 24 25 57 31 3 32 28 27 1 43 
46 33 36 13 30 34 57 48 44 32 53 51 9 22 4 49 18 58 43 8 60 28 39 63 29 62 31 7 54 0 37 2 24 6 27 
47 12 13 20 53 39 10 29 50 8 59 42 56 15 30 14 17 51 63 9 28 26 35 21 24 32 57 19 25 16 1 
48 39 32 36 45 51 41 2 11 46 12 58 40 15 59 7 63 20 33 37 57 55 44 21 16 26 18 0 53 23 1 31 14 8 52 
49 55 16 1 45 58 46 60 24 41 6 22 36 51 27 32 44 34 2 31 26 8 0 9 56 62 59 
50 29 23 56 0 59 58 47 41 33 18 57 10 13 14 15 38 3 26 5 55 60 17 52 54 25 61 32 28 53 
51 30 35 28 48 33 11 44 13 52 1 61 46 40 45 54 49 62 26 25 16 43 15 57 58 14 47 59 22 23 0 5 2 6 
52 54 14 26 23 57 5 2 21 12 51 15 61 35 9 55 59 27 40 60 28 30 45 20 56 41 39 16 38 0 43 1 53 50 62 31 17 48 
53 16 9 18 2 11 29 7 41 26 14 8 61 13 62 47 4 46 60 30 58 19 23 36 52 48 44 56 25 50 
54 52 62 45 25 2 28 51 33 57 24 21 29 46 30 8 37 58 40 59 44 41 50 5 61 4 13 60 10 
55 11 49 31 30 21 24 6 36 18 56 5 0 52 38 16 48 12 17 14 41 50 13 63 35 2 57 32 
56 18 5 0 41 7 50 12 4 17 27 55 21 62 39 19 47 13 44 26 58 52 29 16 3 45 14 42 1 59 11 32 22 49 35 53 
57 1 62 33 31 52 21 46 28 44 23 34 25 3 40 37 50 42 54 39 48 51 60 9 14 58 45 61 7 16 15 47 35 55 59 22 
58 10 18 9 1 15 22 19 34 0 5 2 48 50 3 49 46 53 56 35 12 27 41 51 45 57 21 54 39 36 
59 2 36 14 17 50 24 29 1 48 15 38 7 47 52 10 45 34 6 5 3 23 30 11 56 16 13 51 35 62 20 42 27 54 18 57 32 22 49 
60 29 17 22 25 32 9 36 63 44 26 53 49 52 46 37 18 12 5 57 2 7 28 50 23 24 40 54 35 15 
61 18 27 53 52 29 51 42 22 28 15 0 5 62 43 13 10 63 31 11 14 57 36 26 2 30 23 44 54 8 41 50 7 
62 13 36 28 57 54 42 24 26 53 25 21 1 56 40 51 61 46 8 5 59 38 4 41 37 16 34 2 20 52 49 6 22 9 
63 26 17 29 37 40 35 60 19 20 21 41 38 23 32 48 5 12 46 16 44 39 31 25 8 47 36 61 55 43 3 4 33 24 
