0 55 31 91 7 84 25 68 79 34 53 15 80 26 
1 47 43 55 37 52 75 26 82 28 
2 85 58 32 17 9 73 4 20 24 45 30 
3 70 71 31 68 6 16 27 
4 2 10 26 42 5 85 78 21 
5 6 16 33 49 88 11 4 44 82 
6 5 83 65 16 8 12 44 3 60 61 84 29 20 77 56 14 43 30 
7 66 90 73 91 27 0 75 76 72 39 87 74 29 24 
8 59 12 62 13 6 28 27 
9 62 89 45 2 81 28 79 69 80 70 71 77 50 
10 45 23 37 4 59 11 49 79 
11 22 77 12 39 64 52 5 10 15 26 
12 11 78 8 6 34 35 44 68 
13 69 68 8 84 86 16 43 
14 81 24 26 22 35 52 39 6 78 
15 88 34 83 66 11 70 0 57 
16 86 5 71 43 81 6 41 23 13 51 72 3 
17 56 2 21 62 47 51 33 40 89 
18 82 64 37 49 39 79 
19 61 47 76 77 31 56 72 
20 69 52 34 46 24 63 38 2 44 66 6 41 37 47 
21 73 89 61 25 23 17 4 
22 11 43 14 88 32 36 60 67 29 46 81 53 
23 21 10 61 53 70 16 82 84 57 
24 31 60 14 69 20 70 91 33 2 49 26 45 83 58 7 
25 21 0 28 51 
26 88 75 72 14 39 4 24 1 41 11 0 
27 7 28 31 71 37 8 60 35 89 3 
28 27 40 68 66 9 70 77 74 8 76 29 25 1 
29 69 46 65 45 41 57 22 28 7 6 37 61 
30 90 40 75 79 37 6 2 
31 24 0 57 49 3 65 48 27 19 79 47 61 
32 89 2 22 43 77 45 50 88 71 
33 5 45 24 34 47 17 
34 62 20 84 12 33 15 66 0 49 36 70 35 
35 63 43 14 12 27 34 49 
36 80 91 85 53 48 22 34 78 42 77 74 
37 60 51 10 1 27 64 18 30 73 20 29 71 59 
38 20 44 
39 11 60 49 26 85 7 76 77 18 14 54 80 
40 69 58 28 30 72 89 65 88 17 
41 78 16 29 47 73 68 79 26 20 42 
42 73 89 82 43 4 84 36 65 67 41 
43 22 82 16 35 1 32 42 6 13 
44 65 81 20 6 12 38 5 
45 10 9 29 33 68 32 83 24 2 46 87 79 
46 29 58 20 61 52 85 90 22 45 91 79 
47 55 1 19 49 41 33 31 17 20 
48 75 31 36 90 
49 61 31 47 5 39 18 24 34 10 35 86 
50 57 88 59 84 65 32 9 76 
51 85 37 91 81 16 17 25 
52 20 70 11 46 1 90 14 
53 23 36 69 72 60 0 22 
54 67 60 91 76 39 
55 47 0 1 80 77 60 
56 17 74 87 91 19 71 6 85 
57 50 65 31 82 29 23 89 15 
58 2 46 40 63 86 24 
59 8 50 87 64 71 10 78 37 
60 24 37 54 39 74 81 22 6 53 27 55 
61 71 49 21 23 19 87 79 46 6 29 83 31 
62 34 9 8 81 74 17 87 64 
63 74 35 58 20 71 
64 11 59 18 37 62 
65 29 57 6 44 31 40 66 74 50 80 42 84 
66 7 82 28 20 65 34 15 86 67 73 
67 54 22 76 90 42 66 
68 13 3 73 28 45 0 41 76 12 
69 29 20 13 24 40 9 53 89 
70 3 52 23 28 24 9 34 90 15 76 
71 61 72 3 16 85 63 27 59 9 56 37 32 
72 26 71 40 53 7 84 19 16 
73 21 7 90 68 42 2 41 37 66 
74 63 60 81 56 78 62 82 28 7 65 36 
75 48 26 88 79 30 7 1 
76 88 19 54 7 28 39 68 67 50 70 
77 11 19 32 55 9 28 39 36 6 
78 12 41 74 36 4 59 14 
79 75 61 9 31 0 86 30 41 46 10 18 45 81 
80 36 55 9 84 65 39 0 
81 14 16 60 62 9 74 44 51 22 79 
82 43 57 66 42 18 23 74 1 5 
83 6 45 15 24 61 
84 13 34 0 23 50 72 80 42 6 65 
85 2 51 36 71 46 39 4 56 
86 16 13 58 79 66 87 49 
87 88 61 59 56 7 91 86 45 62 
88 26 87 75 22 76 50 5 40 15 32 
89 32 21 9 42 40 27 57 17 69 
90 7 30 73 46 52 48 67 70 
91 36 7 54 0 24 51 56 46 87 
