0 52 
0 10 
0 84 
0 31 
0 26 
0 83 
0 42 
0 79 
0 85 
0 47 
0 56 
1 42 
1 59 
1 21 
1 85 
1 10 
1 45 
1 73 
1 22 
1 7 
1 3 
1 31 
2 66 
2 30 
2 55 
2 38 
2 9 
2 75 
3 18 
3 63 
3 89 
3 64 
3 16 
3 72 
3 20 
3 11 
3 27 
3 1 
4 45 
4 81 
4 76 
4 5 
4 50 
4 52 
4 6 
5 33 
5 22 
5 4 
5 82 
5 86 
5 92 
5 53 
6 82 
6 12 
6 55 
6 62 
6 23 
6 41 
6 4 
6 66 
6 48 
6 32 
7 49 
7 79 
7 74 
7 70 
7 13 
7 20 
7 59 
7 1 
7 36 
8 64 
8 33 
8 59 
8 11 
8 49 
9 81 
9 79 
9 32 
9 22 
9 29 
9 60 
9 23 
9 12 
9 2 
9 13 
9 74 
10 19 
10 0 
10 36 
10 91 
10 1 
10 71 
10 49 
10 33 
10 66 
10 53 
10 52 
11 18 
11 42 
11 68 
11 8 
11 14 
11 28 
11 92 
11 3 
11 86 
11 15 
12 49 
12 6 
12 76 
12 45 
12 27 
12 32 
12 9 
12 14 
13 71 
13 15 
13 90 
13 46 
13 19 
13 80 
13 67 
13 7 
13 79 
13 75 
13 9 
14 36 
14 73 
14 38 
14 11 
14 25 
14 89 
14 12 
15 88 
15 62 
15 13 
15 63 
15 45 
15 91 
15 41 
15 50 
15 76 
15 92 
15 11 
16 30 
16 3 
16 89 
16 35 
16 80 
16 56 
17 85 
17 77 
17 60 
17 87 
17 23 
17 20 
17 82 
17 72 
17 39 
17 21 
17 84 
17 48 
17 79 
17 46 
17 65 
18 11 
18 3 
18 62 
18 86 
18 64 
18 33 
18 31 
19 10 
19 41 
19 60 
19 74 
19 86 
19 13 
19 85 
19 69 
19 29 
19 38 
20 34 
20 17 
20 92 
20 42 
20 76 
20 67 
20 7 
20 3 
20 89 
20 51 
20 50 
20 74 
20 29 
20 59 
21 71 
21 86 
21 26 
21 1 
21 77 
21 53 
21 51 
21 17 
21 67 
21 42 
21 68 
22 5 
22 37 
22 92 
22 38 
22 9 
22 1 
22 86 
22 58 
23 52 
23 36 
23 17 
23 71 
23 49 
23 6 
23 88 
23 9 
23 24 
24 36 
24 44 
24 60 
24 23 
24 87 
25 72 
25 64 
25 30 
25 14 
25 62 
25 78 
25 29 
25 79 
26 69 
26 77 
26 21 
26 0 
26 65 
26 73 
27 36 
27 92 
27 69 
27 12 
27 64 
27 80 
27 67 
27 3 
27 50 
27 88 
28 74 
28 33 
28 45 
28 72 
28 60 
28 64 
28 11 
28 29 
28 77 
28 52 
29 67 
29 81 
29 32 
29 50 
29 47 
29 9 
29 51 
29 37 
29 19 
29 28 
29 25 
29 77 
29 57 
29 20 
30 16 
30 66 
30 2 
30 40 
30 25 
30 44 
30 81 
31 73 
31 91 
31 0 
31 39 
31 44 
31 79 
31 18 
31 92 
31 52 
31 43 
31 58 
31 1 
32 29 
32 9 
32 35 
32 12 
32 48 
32 6 
33 69 
33 5 
33 8 
33 28 
33 43 
33 63 
33 67 
33 10 
33 18 
33 45 
33 71 
33 77 
33 64 
33 74 
34 20 
34 78 
34 64 
34 61 
34 41 
35 51 
35 90 
35 48 
35 32 
35 16 
36 14 
36 24 
36 10 
36 23 
36 53 
36 48 
36 27 
36 65 
36 84 
36 7 
36 43 
37 22 
37 70 
37 68 
37 51 
37 64 
37 83 
37 49 
37 29 
37 63 
37 66 
38 39 
38 14 
38 22 
38 88 
38 73 
38 66 
38 65 
38 63 
38 2 
38 84 
38 19 
38 80 
38 46 
38 77 
39 79 
39 38 
39 31 
39 17 
39 76 
39 81 
39 64 
40 84 
40 80 
40 30 
40 70 
40 43 
40 47 
41 62 
41 19 
41 6 
41 53 
41 15 
41 34 
41 71 
42 1 
42 11 
42 50 
42 72 
42 74 
42 20 
42 0 
42 52 
42 85 
42 69 
42 59 
42 21 
42 65 
43 45 
43 33 
43 88 
43 40 
43 86 
43 91 
43 65 
43 31 
43 46 
43 36 
44 81 
44 58 
44 57 
44 31 
44 51 
44 24 
44 78 
44 63 
44 30 
44 45 
45 4 
45 80 
45 43 
45 49 
45 28 
45 15 
45 59 
45 12 
45 1 
45 57 
45 66 
45 33 
45 53 
45 61 
45 44 
46 13 
46 85 
46 57 
46 77 
46 17 
46 43 
46 38 
47 69 
47 90 
47 29 
47 66 
47 0 
47 65 
47 40 
48 86 
48 36 
48 35 
48 92 
48 6 
48 52 
48 85 
48 73 
48 62 
48 17 
48 32 
49 12 
49 45 
49 7 
49 23 
49 54 
49 10 
49 37 
49 71 
49 53 
49 88 
49 8 
49 56 
49 89 
50 42 
50 74 
50 4 
50 29 
50 15 
50 88 
50 65 
50 20 
50 27 
50 54 
51 92 
51 35 
51 68 
51 37 
51 21 
51 75 
51 44 
51 29 
51 53 
51 20 
51 63 
52 0 
52 23 
52 67 
52 4 
52 48 
52 42 
52 88 
52 84 
52 59 
52 10 
52 75 
52 31 
52 28 
52 74 
53 73 
53 36 
53 21 
53 41 
53 51 
53 49 
53 45 
53 10 
53 86 
53 5 
54 67 
54 81 
54 83 
54 66 
54 49 
54 50 
55 60 
55 6 
55 2 
55 72 
56 64 
56 70 
56 86 
56 88 
56 0 
56 68 
56 16 
56 63 
56 49 
57 44 
57 45 
57 46 
57 66 
57 74 
57 29 
58 44 
58 87 
58 22 
58 31 
59 1 
59 73 
59 8 
59 45 
59 77 
59 80 
59 7 
59 52 
59 65 
59 42 
59 20 
60 55 
60 17 
60 19 
60 28 
60 72 
60 9 
60 24 
60 81 
61 92 
61 65 
61 83 
61 45 
61 66 
61 34 
61 68 
61 63 
62 15 
62 41 
62 6 
62 85 
62 18 
62 25 
62 48 
63 15 
63 33 
63 67 
63 3 
63 38 
63 44 
63 37 
63 56 
63 51 
63 61 
64 8 
64 89 
64 56 
64 82 
64 25 
64 37 
64 3 
64 28 
64 18 
64 34 
64 27 
64 39 
64 33 
65 74 
65 80 
65 61 
65 36 
65 26 
65 38 
65 47 
65 50 
65 43 
65 59 
65 42 
65 17 
66 30 
66 2 
66 54 
66 6 
66 38 
66 47 
66 45 
66 10 
66 57 
66 61 
66 69 
66 37 
67 29 
67 54 
67 91 
67 52 
67 63 
67 83 
67 33 
67 13 
67 20 
67 80 
67 21 
67 27 
68 84 
68 37 
68 51 
68 11 
68 90 
68 85 
68 56 
68 86 
68 61 
68 21 
69 92 
69 33 
69 26 
69 47 
69 19 
69 27 
69 42 
69 66 
69 77 
70 86 
70 37 
70 90 
70 56 
70 7 
70 40 
71 21 
71 13 
71 76 
71 23 
71 10 
71 79 
71 49 
71 33 
71 41 
72 25 
72 42 
72 28 
72 60 
72 17 
72 3 
72 55 
73 53 
73 31 
73 14 
73 59 
73 38 
73 48 
73 1 
73 74 
73 26 
74 65 
74 28 
74 19 
74 42 
74 50 
74 7 
74 73 
74 33 
74 20 
74 57 
74 52 
74 9 
75 78 
75 51 
75 13 
75 52 
75 2 
76 83 
76 71 
76 4 
76 20 
76 12 
76 39 
76 15 
76 79 
76 84 
77 17 
77 26 
77 90 
77 21 
77 84 
77 59 
77 46 
77 33 
77 29 
77 28 
77 69 
77 38 
78 75 
78 87 
78 80 
78 34 
78 44 
78 82 
78 25 
79 39 
79 9 
79 87 
79 7 
79 0 
79 31 
79 71 
79 13 
79 76 
79 17 
79 25 
80 45 
80 78 
80 65 
80 40 
80 13 
80 67 
80 38 
80 59 
80 16 
80 83 
80 27 
81 4 
81 29 
81 44 
81 9 
81 54 
81 89 
81 39 
81 60 
81 30 
82 6 
82 64 
82 5 
82 17 
82 78 
83 89 
83 91 
83 76 
83 54 
83 0 
83 67 
83 61 
83 37 
83 80 
84 68 
84 0 
84 40 
84 77 
84 52 
84 17 
84 38 
84 36 
84 76 
85 17 
85 62 
85 1 
85 19 
85 0 
85 48 
85 46 
85 42 
85 68 
85 88 
86 70 
86 21 
86 48 
86 19 
86 56 
86 18 
86 5 
86 43 
86 89 
86 11 
86 68 
86 53 
86 22 
87 78 
87 17 
87 79 
87 24 
87 58 
88 15 
88 56 
88 23 
88 38 
88 52 
88 43 
88 85 
88 50 
88 49 
88 27 
89 83 
89 64 
89 81 
89 3 
89 16 
89 20 
89 86 
89 14 
89 49 
90 13 
90 70 
90 35 
90 77 
90 47 
90 68 
91 83 
91 31 
91 67 
91 15 
91 10 
91 43 
92 69 
92 61 
92 51 
92 22 
92 20 
92 48 
92 27 
92 11 
92 15 
92 31 
92 5 
