0 44 69 53 7 70 13 75 42 4 57 64 91 76 10 56 84 38 5 54 77 30 6 87 23 86 88 40 8 17 
1 92 18 21 69 25 9 51 4 76 15 78 58 44 53 68 80 6 60 29 46 3 37 75 77 2 47 54 
2 45 38 44 72 18 22 23 6 43 80 4 57 9 62 8 27 77 58 49 85 12 52 67 89 31 1 21 
3 87 86 44 41 25 15 28 85 29 26 58 7 63 67 60 53 92 42 76 32 79 14 30 1 24 68 36 89 54 
4 41 29 73 22 63 33 0 91 1 86 65 61 2 15 69 57 51 18 72 55 5 14 21 16 11 25 59 19 
5 37 84 64 50 69 66 28 14 0 39 68 10 42 41 91 4 11 78 81 57 44 46 29 60 12 45 79 
6 80 27 18 12 77 75 78 24 34 51 40 2 37 56 68 62 0 1 57 69 11 72 89 54 74 15 85 35 
7 25 82 34 21 59 56 0 16 46 75 22 35 3 11 67 74 65 38 52 30 68 63 86 57 92 43 50 70 73 64 
8 9 75 69 45 59 82 41 34 71 85 76 74 2 79 43 54 55 14 13 50 27 70 31 0 48 
9 61 36 8 85 39 29 22 49 1 37 87 50 78 26 23 68 2 81 25 34 42 89 12 46 
10 32 82 11 13 65 59 27 72 47 20 0 71 15 14 66 5 53 58 67 88 73 63 19 40 92 36 70 
11 40 27 10 15 69 43 21 19 51 7 87 16 47 81 5 41 6 57 92 4 35 25 66 13 44 61 
12 86 6 49 28 15 56 68 37 78 22 76 66 2 51 16 25 92 9 5 
13 76 32 46 34 0 10 30 87 71 63 51 24 39 33 90 58 20 15 64 85 8 17 69 19 79 47 25 75 52 38 11 
14 46 65 42 78 51 91 50 81 60 38 63 24 71 27 5 10 44 33 53 75 35 8 3 4 32 86 80 52 
15 43 26 36 11 29 83 3 12 21 1 10 4 39 18 37 17 64 57 13 6 87 34 38 65 90 61 80 41 
16 83 38 78 70 37 7 47 85 81 64 28 76 17 65 11 34 54 19 80 4 29 12 56 79 82 32 42 
17 20 71 85 73 43 37 44 62 87 23 22 52 49 88 59 51 24 16 34 56 67 46 74 15 36 47 64 18 13 90 33 31 82 38 35 19 0 
18 50 51 1 82 2 59 6 20 37 55 81 19 53 73 69 35 15 4 25 88 79 32 87 17 84 
19 64 46 36 48 57 20 18 44 35 43 67 11 72 89 84 32 65 88 83 24 16 10 13 4 85 90 17 
20 17 18 23 39 19 28 10 88 52 73 27 82 38 41 50 13 48 26 40 89 61 79 22 69 53 84 
21 45 69 68 86 51 7 1 91 75 58 34 71 40 15 33 57 11 73 24 76 53 62 4 90 27 52 26 44 2 46 88 25 
22 41 64 28 80 49 74 79 92 2 4 9 53 60 29 17 83 56 33 7 71 88 34 12 62 81 77 42 20 58 73 76 23 27 47 
23 63 26 77 20 17 45 2 39 78 59 28 9 49 55 42 72 44 73 91 81 30 32 0 89 57 50 22 67 80 68 69 
24 76 53 62 58 46 91 31 6 43 40 14 89 13 82 74 30 17 49 39 21 72 65 59 19 27 34 90 70 3 75 79 54 37 
25 7 92 78 91 32 1 75 3 28 59 64 68 57 40 18 9 90 77 72 76 12 73 36 4 13 11 45 50 30 21 44 61 
26 92 15 51 23 32 74 39 57 3 67 45 9 63 87 40 20 38 21 49 76 
27 31 87 54 11 6 38 53 10 14 36 49 55 20 2 78 80 74 61 57 65 24 28 8 71 21 82 64 22 77 90 70 
28 55 22 30 46 57 38 12 20 3 23 25 5 32 78 16 92 27 77 85 
29 48 43 41 64 4 58 9 86 15 22 53 50 67 3 37 52 32 1 16 5 57 
30 66 28 31 13 92 82 75 24 57 69 84 0 7 55 59 23 54 35 3 32 64 43 25 
31 27 43 46 30 36 24 64 32 57 37 38 17 59 63 8 2 76 
32 87 13 55 10 57 25 26 31 28 79 76 64 19 29 54 71 42 43 18 66 39 3 23 35 14 52 46 30 16 48 50 
33 47 66 36 49 72 91 4 87 77 74 22 21 78 35 13 14 38 52 57 85 17 50 56 80 64 70 54 
34 87 7 42 54 48 13 21 8 89 6 22 17 83 84 50 16 9 24 49 67 15 72 43 69 36 41 
35 57 91 80 46 44 85 50 38 73 59 19 7 33 77 18 36 14 68 84 32 30 90 51 11 42 17 69 89 6 
36 92 68 15 9 38 51 33 19 85 31 69 81 65 48 90 71 43 27 62 17 91 35 59 63 52 25 10 84 3 34 
37 55 5 80 47 16 57 17 65 77 18 76 9 72 79 6 29 61 75 12 60 15 90 31 59 63 42 49 1 48 24 
38 16 2 68 36 27 54 72 65 14 28 35 85 0 89 91 40 20 33 7 60 31 17 57 26 15 77 13 
39 77 42 9 46 23 20 26 57 13 44 64 68 76 15 24 5 83 60 87 63 74 32 43 
40 11 60 21 72 24 6 68 88 62 71 25 38 58 26 81 20 10 50 44 43 42 0 74 
41 22 29 91 4 76 85 69 81 58 8 3 61 55 48 68 53 77 20 50 5 11 47 78 71 87 63 15 34 
42 68 14 39 34 90 0 73 63 60 55 47 32 5 3 23 81 92 49 80 88 22 62 9 37 35 40 78 65 16 83 72 
43 78 52 29 15 31 17 57 74 84 24 60 36 2 11 72 19 49 62 44 47 90 8 32 68 53 39 58 89 40 7 55 91 34 30 
44 0 61 48 2 17 70 52 35 3 80 58 19 82 59 89 39 43 1 51 14 72 73 87 23 5 90 40 60 21 11 83 25 
45 21 2 54 8 67 71 66 62 23 61 70 48 85 26 72 75 80 86 69 53 51 47 5 25 
46 14 13 28 48 67 31 19 39 66 35 24 7 52 85 51 17 83 74 5 32 65 69 81 1 70 87 9 21 47 
47 67 85 33 37 63 72 89 16 10 49 91 60 90 43 42 11 73 17 41 87 45 69 53 79 13 22 1 46 55 
48 29 82 46 69 44 57 34 19 73 36 79 41 75 45 90 83 55 62 20 50 78 86 32 37 8 
49 82 22 78 33 9 12 64 90 47 81 43 17 27 87 24 55 23 74 58 50 2 57 42 34 37 26 
50 18 89 70 61 14 5 92 77 35 29 68 71 9 52 84 85 54 20 34 76 49 41 60 8 48 51 33 40 23 7 25 32 
51 82 18 26 14 21 36 89 1 71 6 13 69 52 46 17 68 11 44 4 88 60 45 74 50 12 35 63 54 86 
52 43 56 90 44 46 63 17 20 50 51 89 92 72 29 33 66 7 76 77 2 83 68 61 32 36 21 78 13 87 14 
53 66 74 0 27 24 22 88 72 29 70 18 41 57 3 1 10 21 14 45 43 71 55 47 64 65 20 61 
54 79 45 27 34 38 56 77 70 0 63 50 81 32 75 8 16 83 6 66 67 30 57 33 3 51 24 1 
55 37 28 78 56 32 90 18 83 41 72 62 58 73 76 27 49 42 4 23 88 48 86 59 8 30 53 67 92 79 43 64 80 87 47 85 
56 57 52 55 89 7 54 22 78 6 12 0 60 71 17 70 65 80 83 88 33 87 16 
57 56 43 48 58 37 35 32 28 82 81 70 19 0 21 39 26 25 2 87 30 4 53 31 15 6 74 77 33 27 11 59 5 49 7 23 79 38 90 29 54 
58 82 73 69 29 57 41 21 24 71 87 44 86 55 3 1 40 13 49 10 64 2 78 43 74 22 75 66 61 
59 64 7 18 83 66 8 10 78 35 23 44 25 61 17 91 71 90 68 55 24 36 37 81 84 57 75 79 30 4 31 
60 89 22 71 40 14 82 74 43 56 42 37 47 3 39 51 68 1 73 38 50 5 44 81 
61 9 44 91 50 89 41 45 87 59 4 37 70 66 76 83 78 27 52 86 20 79 15 64 58 53 11 25 
62 17 45 24 80 65 55 40 43 6 2 36 64 48 22 21 42 83 78 
63 23 47 4 87 86 52 14 88 13 42 89 26 3 72 54 76 39 80 10 7 36 37 51 31 41 66 
64 72 85 29 22 59 5 19 90 49 0 89 31 39 25 16 84 32 58 62 15 13 17 53 33 27 55 30 61 7 92 
65 14 37 10 38 36 62 4 84 79 90 16 91 80 24 7 19 27 56 46 89 92 53 15 76 42 
66 85 30 53 45 33 79 59 46 5 87 71 10 61 69 52 32 91 12 82 68 88 54 89 58 11 63 
67 47 45 46 86 29 26 19 3 89 82 7 17 10 79 55 54 70 71 2 34 23 77 78 
68 21 42 36 38 81 50 40 6 12 25 41 39 9 51 76 5 79 78 87 59 69 43 1 60 7 52 35 66 75 3 23 
69 21 58 8 92 48 0 1 41 5 36 11 75 51 4 18 86 30 66 45 68 89 6 85 47 13 46 20 34 35 23 
70 92 16 50 83 44 0 90 57 53 54 45 88 61 76 56 81 8 67 87 24 46 7 33 27 10 
71 17 92 45 80 90 60 21 58 8 51 14 13 36 50 77 10 22 66 40 83 56 59 32 76 53 27 67 81 79 41 
72 64 2 47 83 33 38 53 40 10 37 55 74 43 45 79 52 19 63 85 4 24 44 23 25 6 87 80 78 34 42 
73 58 17 81 4 92 86 48 42 35 18 55 20 21 44 47 60 10 23 25 22 89 7 77 87 
74 53 75 22 43 88 33 60 26 72 8 24 82 49 7 17 46 39 27 57 92 51 6 58 76 83 40 
75 87 8 74 88 0 21 25 6 7 69 48 37 30 45 83 90 54 14 89 81 59 58 92 1 13 68 24 84 
76 24 13 41 37 1 8 0 32 39 55 16 68 61 70 21 90 63 50 71 12 52 3 80 74 25 91 22 65 31 26 
77 39 37 6 23 50 33 54 71 35 41 0 2 52 22 57 25 78 89 86 38 1 28 67 27 88 83 73 
78 43 55 14 16 25 49 80 6 23 84 59 56 28 9 33 1 12 27 68 58 61 5 41 77 72 79 52 42 48 62 67 
79 54 22 66 48 37 32 92 72 65 8 68 18 67 3 83 59 47 61 20 13 57 55 78 71 91 16 24 5 
80 37 6 22 90 71 78 35 62 44 2 81 45 89 65 27 1 63 87 76 16 56 42 72 33 55 14 23 15 
81 73 68 57 41 14 36 18 16 80 49 54 9 11 70 75 42 22 59 5 40 23 71 46 60 
82 51 58 49 48 7 91 18 10 57 92 8 60 44 24 30 20 74 67 87 83 66 88 17 27 16 
83 16 70 59 72 88 55 22 15 48 71 34 61 75 39 46 91 19 82 54 52 79 56 62 74 77 42 44 
84 92 85 5 43 78 65 50 0 64 19 30 34 59 35 18 36 91 87 75 20 
85 84 66 17 64 47 9 41 36 88 35 16 8 91 3 38 89 45 46 50 72 90 2 13 69 87 33 6 19 86 28 55 
86 21 3 67 12 73 29 63 4 58 69 87 45 55 61 7 90 14 0 77 85 48 51 
87 32 34 75 3 27 63 17 33 58 9 13 61 66 57 49 26 91 86 11 68 39 0 44 82 18 80 85 47 72 15 70 56 41 84 90 46 89 55 52 73 
88 74 75 53 83 85 63 20 40 70 17 22 51 55 10 18 19 66 82 56 42 0 77 21 
89 50 56 60 47 61 51 34 64 24 44 85 63 52 38 19 67 80 69 75 6 20 23 77 43 65 2 66 9 73 87 3 35 
90 55 80 42 52 70 71 64 49 36 48 13 65 47 76 59 75 43 85 25 37 17 86 24 21 44 35 57 19 15 87 27 
91 41 61 82 14 35 25 21 33 24 4 0 47 85 38 59 87 65 83 5 36 66 23 76 43 79 84 
92 36 84 26 70 1 69 25 71 22 73 82 50 30 79 52 28 3 74 42 11 55 7 10 65 12 75 64 
