0 19 25 22 14 9 5 17 1 13 27 33 10 31 18 21 2 7 26 32 6 
1 6 2 8 26 17 11 0 16 20 21 25 24 13 27 23 32 22 18 7 12 28 14 
2 1 13 28 20 12 18 5 29 26 0 10 25 9 15 7 3 
3 24 6 14 22 9 27 17 25 28 30 13 18 16 26 29 11 12 2 20 
4 20 21 15 6 11 27 17 19 12 25 30 14 13 16 24 8 
5 0 8 24 12 2 27 23 31 14 18 10 7 
6 10 1 3 15 4 28 9 22 13 0 29 8 18 21 
7 10 33 14 21 19 11 18 17 26 0 31 1 32 30 25 9 2 5 
8 27 17 1 16 31 13 24 5 11 15 29 28 30 19 4 6 18 
9 3 0 21 28 16 33 13 6 24 2 11 7 12 
10 7 6 13 21 31 14 18 30 17 20 0 22 2 15 5 12 26 16 
11 1 7 8 4 18 13 24 29 25 14 21 22 9 32 31 3 19 17 16 27 
12 29 21 33 2 4 22 5 31 24 32 28 25 23 3 10 1 9 
13 24 17 28 2 16 8 10 11 0 27 21 19 23 4 20 1 9 3 6 22 25 30 
14 26 25 7 3 0 15 10 4 31 29 11 30 32 5 19 1 
15 21 14 4 6 30 8 32 19 25 28 10 2 17 31 24 
16 21 8 13 9 22 20 1 24 30 4 33 31 3 11 10 
17 8 26 13 28 1 0 4 7 3 10 33 23 11 15 29 
18 19 33 11 24 10 7 2 27 21 0 23 1 5 3 6 28 8 
19 0 7 23 18 29 4 25 13 8 32 31 15 14 27 11 26 28 
20 4 28 2 26 16 1 10 13 29 3 27 
21 22 16 15 4 7 9 24 12 31 10 28 13 18 1 0 33 11 32 23 29 6 
22 21 32 0 3 24 31 16 30 12 28 10 6 1 11 29 13 
23 19 5 13 17 1 18 33 27 12 21 
24 13 3 32 8 22 21 26 5 18 11 16 1 12 9 4 30 15 
25 14 0 30 4 19 3 31 1 11 26 2 12 15 7 13 29 
26 14 17 1 20 24 31 33 2 7 25 28 0 3 19 10 
27 8 32 30 3 4 18 33 0 5 13 1 31 28 23 29 19 20 11 
28 13 17 2 20 9 8 21 29 6 22 3 26 12 27 31 15 18 1 19 
29 12 19 30 8 28 11 2 14 22 33 20 3 27 6 21 25 17 
30 33 27 29 15 10 25 22 8 4 14 16 3 7 24 13 
31 33 8 22 21 26 10 12 25 14 0 27 5 19 7 28 16 11 15 
32 22 27 24 15 12 14 1 19 0 7 33 21 11 
33 31 7 30 18 12 27 0 26 17 9 23 16 21 32 29 
