0 57 
0 65 
0 6 
0 25 
0 28 
0 63 
0 50 
0 14 
0 13 
0 15 
0 16 
0 35 
0 40 
0 62 
0 33 
1 27 
1 33 
1 40 
1 57 
1 28 
1 42 
1 3 
1 5 
1 24 
1 62 
1 2 
1 12 
1 65 
1 44 
2 17 
2 53 
2 8 
2 22 
2 67 
2 48 
2 20 
2 45 
2 27 
2 1 
2 66 
2 55 
2 32 
3 47 
3 26 
3 65 
3 55 
3 20 
3 63 
3 1 
3 66 
3 50 
3 17 
3 36 
3 52 
3 35 
3 34 
3 21 
4 45 
4 44 
4 38 
4 10 
4 40 
4 7 
4 14 
4 5 
4 41 
4 30 
4 29 
4 25 
5 7 
5 48 
5 29 
5 32 
5 62 
5 31 
5 1 
5 21 
5 22 
5 59 
5 35 
5 4 
5 50 
5 15 
5 40 
5 47 
5 33 
6 23 
6 12 
6 42 
6 47 
6 62 
6 20 
6 0 
6 52 
6 65 
6 21 
6 28 
6 32 
6 30 
6 57 
6 50 
6 53 
6 49 
6 43 
7 48 
7 5 
7 51 
7 30 
7 24 
7 45 
7 34 
7 26 
7 47 
7 10 
7 4 
7 13 
7 55 
7 21 
7 46 
8 17 
8 2 
8 43 
8 51 
8 24 
8 38 
8 14 
8 52 
8 44 
9 19 
9 27 
9 10 
9 51 
9 22 
9 45 
9 56 
9 59 
9 41 
9 25 
9 49 
9 63 
10 13 
10 20 
10 15 
10 26 
10 17 
10 4 
10 9 
10 7 
10 49 
10 16 
10 23 
10 53 
10 36 
10 65 
11 47 
11 18 
11 66 
11 62 
11 33 
11 14 
11 52 
11 29 
11 43 
11 44 
11 58 
12 6 
12 19 
12 21 
12 40 
12 27 
12 66 
12 47 
12 18 
12 24 
12 34 
12 63 
12 1 
12 51 
12 17 
13 52 
13 10 
13 42 
13 43 
13 28 
13 23 
13 35 
13 26 
13 57 
13 55 
13 61 
13 7 
13 0 
13 44 
14 18 
14 37 
14 28 
14 35 
14 50 
14 8 
14 11 
14 59 
14 4 
14 65 
14 0 
14 22 
14 20 
14 26 
14 43 
15 36 
15 53 
15 10 
15 66 
15 25 
15 19 
15 38 
15 22 
15 49 
15 39 
15 20 
15 5 
15 0 
15 52 
15 65 
16 21 
16 53 
16 48 
16 23 
16 27 
16 10 
16 37 
16 66 
16 24 
16 0 
16 67 
17 8 
17 2 
17 10 
17 18 
17 51 
17 31 
17 23 
17 34 
17 40 
17 65 
17 46 
17 3 
17 43 
17 47 
17 12 
18 14 
18 48 
18 27 
18 44 
18 17 
18 56 
18 11 
18 19 
18 26 
18 64 
18 67 
18 65 
18 39 
18 12 
18 36 
18 59 
18 34 
18 37 
18 61 
19 38 
19 12 
19 9 
19 57 
19 15 
19 18 
19 45 
19 36 
19 44 
19 33 
19 62 
19 34 
19 40 
19 53 
20 60 
20 10 
20 47 
20 57 
20 6 
20 61 
20 3 
20 2 
20 22 
20 23 
20 41 
20 15 
20 55 
20 14 
20 21 
20 28 
20 27 
21 26 
21 12 
21 16 
21 27 
21 48 
21 66 
21 5 
21 65 
21 6 
21 57 
21 7 
21 20 
21 50 
21 43 
21 25 
21 3 
22 2 
22 58 
22 33 
22 15 
22 28 
22 59 
22 9 
22 5 
22 20 
22 14 
22 24 
22 46 
22 63 
22 54 
23 6 
23 59 
23 40 
23 16 
23 52 
23 13 
23 17 
23 10 
23 20 
23 56 
23 46 
24 53 
24 52 
24 7 
24 8 
24 27 
24 1 
24 12 
24 16 
24 22 
24 35 
24 47 
25 42 
25 15 
25 67 
25 46 
25 0 
25 61 
25 4 
25 9 
25 21 
26 21 
26 10 
26 3 
26 36 
26 18 
26 7 
26 13 
26 29 
26 58 
26 51 
26 62 
26 14 
26 63 
27 64 
27 35 
27 18 
27 1 
27 32 
27 9 
27 12 
27 51 
27 21 
27 16 
27 24 
27 61 
27 2 
27 40 
27 44 
27 38 
27 20 
27 36 
28 67 
28 64 
28 14 
28 22 
28 13 
28 1 
28 53 
28 65 
28 60 
28 0 
28 6 
28 45 
28 20 
29 49 
29 5 
29 26 
29 61 
29 11 
29 31 
29 59 
29 67 
29 4 
29 38 
30 60 
30 7 
30 55 
30 39 
30 61 
30 34 
30 58 
30 51 
30 6 
30 4 
31 60 
31 5 
31 61 
31 57 
31 17 
31 35 
31 29 
31 45 
31 49 
31 46 
32 48 
32 56 
32 27 
32 5 
32 49 
32 6 
32 66 
32 2 
33 64 
33 44 
33 39 
33 1 
33 22 
33 55 
33 11 
33 19 
33 59 
33 43 
33 66 
33 50 
33 5 
33 0 
34 58 
34 49 
34 37 
34 7 
34 19 
34 30 
34 60 
34 18 
34 17 
34 12 
34 46 
34 43 
34 56 
34 3 
35 27 
35 41 
35 53 
35 14 
35 46 
35 13 
35 5 
35 55 
35 31 
35 36 
35 0 
35 3 
35 24 
36 15 
36 55 
36 19 
36 26 
36 65 
36 67 
36 48 
36 37 
36 18 
36 46 
36 59 
36 53 
36 10 
36 35 
36 57 
36 60 
36 3 
36 27 
36 64 
37 14 
37 34 
37 62 
37 54 
37 36 
37 16 
37 18 
37 51 
38 19 
38 42 
38 58 
38 15 
38 4 
38 61 
38 44 
38 8 
38 67 
38 27 
38 29 
39 33 
39 57 
39 63 
39 18 
39 30 
39 50 
39 41 
39 15 
39 65 
39 46 
40 12 
40 49 
40 23 
40 1 
40 42 
40 4 
40 27 
40 60 
40 5 
40 17 
40 19 
40 0 
41 67 
41 61 
41 55 
41 35 
41 48 
41 60 
41 43 
41 52 
41 4 
41 39 
41 64 
41 20 
41 66 
41 9 
42 25 
42 38 
42 6 
42 13 
42 46 
42 40 
42 1 
42 52 
42 57 
42 48 
43 49 
43 8 
43 13 
43 41 
43 53 
43 44 
43 33 
43 11 
43 58 
43 17 
43 34 
43 21 
43 6 
43 14 
44 33 
44 54 
44 18 
44 45 
44 4 
44 19 
44 38 
44 46 
44 43 
44 49 
44 67 
44 27 
44 11 
44 55 
44 1 
44 13 
44 8 
45 4 
45 66 
45 44 
45 46 
45 55 
45 19 
45 7 
45 61 
45 2 
45 9 
45 67 
45 31 
45 63 
45 28 
45 49 
46 48 
46 42 
46 45 
46 57 
46 35 
46 44 
46 25 
46 23 
46 36 
46 62 
46 34 
46 31 
46 17 
46 22 
46 39 
46 7 
47 3 
47 6 
47 11 
47 59 
47 20 
47 53 
47 7 
47 12 
47 67 
47 57 
47 5 
47 54 
47 17 
47 62 
47 65 
47 24 
48 46 
48 32 
48 18 
48 7 
48 5 
48 16 
48 60 
48 41 
48 2 
48 21 
48 36 
48 57 
48 42 
49 29 
49 34 
49 43 
49 40 
49 10 
49 44 
49 32 
49 15 
49 62 
49 50 
49 31 
49 55 
49 9 
49 45 
49 6 
50 56 
50 14 
50 39 
50 0 
50 3 
50 49 
50 5 
50 6 
50 21 
50 33 
50 63 
51 7 
51 8 
51 54 
51 17 
51 62 
51 27 
51 67 
51 63 
51 9 
51 26 
51 30 
51 12 
51 37 
52 13 
52 59 
52 24 
52 54 
52 23 
52 8 
52 6 
52 41 
52 60 
52 11 
52 42 
52 15 
52 64 
52 63 
52 3 
52 58 
53 2 
53 24 
53 15 
53 16 
53 35 
53 47 
53 43 
53 28 
53 36 
53 10 
53 6 
53 19 
54 44 
54 63 
54 51 
54 62 
54 66 
54 52 
54 61 
54 37 
54 47 
54 22 
55 64 
55 41 
55 36 
55 45 
55 33 
55 3 
55 30 
55 63 
55 13 
55 35 
55 20 
55 7 
55 2 
55 49 
55 44 
56 64 
56 32 
56 61 
56 18 
56 50 
56 23 
56 9 
56 57 
56 34 
56 65 
57 0 
57 19 
57 39 
57 60 
57 20 
57 46 
57 1 
57 31 
57 62 
57 13 
57 47 
57 21 
57 56 
57 36 
57 6 
57 48 
57 42 
57 63 
58 38 
58 34 
58 22 
58 26 
58 30 
58 43 
58 11 
58 52 
59 52 
59 23 
59 66 
59 47 
59 64 
59 22 
59 14 
59 33 
59 5 
59 18 
59 36 
59 29 
59 9 
60 20 
60 31 
60 30 
60 57 
60 48 
60 41 
60 52 
60 28 
60 61 
60 34 
60 40 
60 36 
61 41 
61 56 
61 62 
61 20 
61 45 
61 38 
61 31 
61 27 
61 54 
61 30 
61 29 
61 60 
61 13 
61 25 
61 18 
62 6 
62 54 
62 51 
62 61 
62 5 
62 37 
62 11 
62 57 
62 19 
62 1 
62 49 
62 46 
62 26 
62 47 
62 0 
63 54 
63 39 
63 51 
63 3 
63 55 
63 0 
63 45 
63 12 
63 52 
63 22 
63 57 
63 50 
63 9 
63 26 
64 33 
64 27 
64 56 
64 55 
64 28 
64 59 
64 18 
64 67 
64 41 
64 52 
64 36 
64 65 
65 0 
65 3 
65 36 
65 18 
65 28 
65 6 
65 21 
65 14 
65 39 
65 17 
65 1 
65 15 
65 47 
65 10 
65 64 
65 56 
66 45 
66 59 
66 15 
66 54 
66 11 
66 12 
66 21 
66 3 
66 33 
66 16 
66 32 
66 2 
66 41 
67 41 
67 28 
67 2 
67 25 
67 51 
67 18 
67 36 
67 44 
67 64 
67 47 
67 45 
67 38 
67 29 
67 16 
