0 43 38 22 40 65 61 42 72 20 55 73 68 15 33 5 51 75 14 11 64 26 19 66 41 
1 43 34 57 37 50 25 30 71 63 48 26 17 39 32 53 12 3 40 24 36 22 21 58 
2 17 66 52 18 14 43 65 7 39 69 41 3 27 5 37 57 
3 4 58 67 64 75 15 71 7 2 1 25 47 29 30 74 8 
4 3 66 14 19 48 22 56 59 63 10 38 65 26 54 30 73 52 28 67 49 70 6 
5 44 75 26 6 53 10 69 54 16 7 63 13 24 0 22 9 23 60 28 55 2 30 37 70 46 38 21 31 
6 34 40 61 5 45 70 37 10 42 48 7 15 30 67 71 29 32 28 24 56 16 49 38 4 57 
7 52 25 67 9 71 29 24 30 42 32 57 6 5 34 49 3 13 2 27 
8 73 50 64 48 34 37 9 66 61 16 43 27 33 22 39 42 59 3 26 68 
9 17 71 58 73 34 20 7 8 54 31 66 28 26 43 27 64 69 25 32 44 19 5 55 15 42 72 47 49 45 
10 28 41 59 61 4 30 47 65 5 6 66 52 72 12 55 16 24 62 11 49 63 69 37 60 34 
11 56 49 48 45 73 21 17 28 53 58 60 27 51 69 14 62 26 0 19 64 43 10 47 68 54 31 42 
12 19 66 67 65 52 70 45 69 26 28 44 31 22 25 63 30 10 1 21 74 73 62 39 13 53 24 
13 71 43 34 20 55 59 47 35 68 5 7 46 61 19 12 30 65 
14 50 4 48 57 31 2 67 32 42 18 11 36 52 37 74 72 46 0 16 65 38 71 
15 28 37 23 17 62 71 67 3 34 48 56 29 55 0 31 6 9 30 61 75 22 66 39 63 53 54 
16 55 71 25 64 5 41 53 28 8 18 63 56 69 10 43 6 14 22 38 65 
17 2 9 48 51 15 11 69 57 46 71 73 65 44 29 1 37 41 67 52 74 42 68 33 40 54 21 56 30 
18 54 70 2 71 19 48 14 56 28 16 35 67 38 74 44 29 32 34 40 72 
19 12 30 32 4 18 51 71 42 38 75 65 33 26 58 9 31 62 52 11 67 0 59 13 25 
20 23 33 58 9 71 64 34 59 13 0 43 22 54 51 32 52 55 21 44 36 
21 40 63 11 30 25 38 44 64 39 68 49 55 60 12 1 29 17 5 20 
22 0 25 4 27 45 56 29 61 59 57 58 12 66 26 47 20 71 5 8 38 73 28 1 23 15 16 
23 15 20 44 35 69 51 70 55 46 59 5 22 47 60 72 38 41 
24 28 7 63 26 75 53 5 62 45 10 6 59 36 1 71 70 42 43 67 61 58 51 12 
25 74 66 34 53 7 65 16 22 29 21 1 32 45 12 49 36 39 9 3 63 42 30 19 
26 69 46 44 5 67 42 65 43 12 9 4 24 22 53 55 1 74 19 11 29 37 0 73 30 66 31 8 
27 66 34 22 42 62 47 45 33 11 55 73 9 50 8 68 38 39 44 7 2 63 67 
28 10 15 57 47 11 9 24 16 12 36 18 59 48 58 71 4 41 6 5 22 55 74 52 30 
29 69 61 22 25 72 7 30 63 17 39 15 54 59 71 67 26 6 57 37 18 60 3 21 46 43 
30 19 35 10 21 32 61 29 1 7 4 75 53 12 6 45 37 51 72 15 42 5 26 34 3 25 68 28 13 17 74 
31 41 68 14 55 51 56 9 45 12 36 74 40 15 54 50 19 71 66 11 42 26 5 72 
32 19 54 14 30 25 7 44 9 75 1 6 63 34 20 39 59 52 18 
33 54 63 20 27 65 64 19 0 48 8 66 17 52 
34 6 25 1 27 8 9 41 57 13 15 55 59 20 67 7 66 32 51 75 30 18 10 63 40 36 
35 30 73 68 48 23 56 60 42 55 44 18 54 13 61 37 53 64 41 
36 49 73 56 46 66 28 31 40 45 72 14 25 24 1 75 67 41 34 20 
37 15 1 8 6 62 42 14 35 45 30 17 54 26 29 5 59 2 10 73 38 
38 0 66 4 54 21 45 63 69 19 65 49 57 27 56 22 68 18 44 61 14 6 5 16 72 23 37 
39 71 42 54 69 57 47 29 41 21 59 70 60 68 27 25 1 2 65 32 8 12 15 40 
40 21 6 44 0 43 64 55 53 36 31 54 1 52 17 72 46 57 47 18 39 34 60 
41 31 10 51 59 52 34 45 46 42 58 16 39 75 68 28 17 2 66 54 61 35 0 36 73 23 
42 57 39 27 61 47 26 74 72 41 35 0 14 19 60 6 7 37 52 9 63 17 8 30 24 25 71 31 11 75 
43 1 0 40 13 72 47 71 26 9 2 64 8 20 16 11 24 29 
44 5 58 40 26 23 65 62 17 21 12 35 32 57 9 27 51 63 18 47 38 72 59 61 55 46 20 48 
45 11 75 22 41 6 12 27 25 31 38 36 55 49 37 30 62 24 66 59 48 57 60 9 
46 26 49 50 17 66 36 41 74 72 51 23 56 14 13 40 5 69 29 44 
47 28 42 10 43 53 27 39 74 63 22 13 51 68 64 75 61 44 11 23 3 9 50 40 58 
48 66 17 62 14 11 4 64 8 68 35 49 67 18 15 1 74 6 59 28 33 70 45 44 
49 36 11 46 73 48 58 57 25 67 45 65 38 7 21 10 6 4 9 60 50 55 69 
50 14 64 59 46 8 71 62 1 27 52 31 61 47 49 
51 56 55 17 41 31 68 73 23 19 11 61 46 47 0 30 44 20 71 34 72 60 24 
52 2 7 75 12 41 73 74 67 14 10 50 4 42 64 19 20 71 40 17 32 53 28 59 33 
53 25 47 5 11 65 60 40 16 30 56 26 24 1 69 35 52 12 15 
54 33 18 39 32 56 58 55 5 9 57 61 38 4 29 35 40 31 20 74 63 72 37 68 41 17 11 15 
55 16 51 31 54 40 72 34 27 13 0 73 35 26 45 15 23 21 9 65 10 5 20 28 49 44 
56 51 11 4 54 61 22 31 36 35 72 63 62 59 18 15 53 38 16 46 70 67 6 17 69 
57 28 14 42 1 39 17 59 49 22 34 54 67 74 7 38 44 68 29 40 61 2 45 6 
58 44 3 9 20 54 49 70 41 11 22 28 59 19 65 63 72 24 66 1 47 
59 73 10 50 41 4 57 22 56 75 34 20 29 39 28 13 48 58 23 24 32 45 19 37 8 44 52 69 67 
60 63 61 35 53 11 72 42 39 21 5 29 74 23 49 10 51 45 40 
61 29 10 42 6 60 56 22 67 30 0 54 8 66 51 35 73 47 50 15 13 41 38 24 57 44 
62 48 15 27 50 44 37 56 63 11 24 45 19 10 71 73 12 67 68 
63 21 60 33 4 56 29 1 38 24 47 16 62 12 5 54 44 32 42 58 10 27 25 15 34 
64 50 48 8 40 16 3 20 21 9 43 71 33 52 0 35 47 11 
65 71 25 12 0 44 10 53 17 26 33 4 72 38 49 19 2 55 39 58 14 16 13 
66 70 2 48 4 12 25 27 46 38 9 36 8 71 22 10 61 34 45 33 41 0 15 67 26 31 58 
67 12 3 26 7 14 61 75 48 15 68 57 52 49 34 69 29 18 6 56 17 19 4 24 62 66 27 36 59 72 71 
68 70 31 35 48 51 67 74 0 21 27 39 13 41 47 38 57 54 17 11 75 30 8 62 
69 26 70 29 39 17 5 23 12 75 11 38 9 67 16 53 2 10 46 59 74 49 56 
70 66 69 68 12 18 6 58 23 39 56 75 48 24 5 4 
71 9 65 39 16 13 15 50 17 43 7 18 20 1 66 19 3 64 29 22 28 6 52 62 31 51 24 42 67 14 
72 43 56 42 29 55 60 0 36 65 46 10 14 54 30 9 40 44 58 51 18 75 38 31 23 67 
73 36 59 8 11 35 9 52 49 17 51 27 55 4 0 61 22 62 26 12 37 41 
74 25 42 52 46 47 68 57 48 31 26 14 54 18 12 17 28 60 3 69 30 
75 52 45 5 67 69 3 59 24 30 19 41 0 70 32 47 15 34 36 68 72 42 
