0 35 
0 2 
0 16 
0 66 
0 34 
0 15 
0 14 
0 28 
0 7 
0 68 
0 70 
0 5 
0 72 
0 52 
0 54 
0 49 
0 38 
0 41 
0 36 
0 27 
0 69 
0 67 
0 44 
0 9 
0 42 
0 26 
0 74 
0 57 
0 39 
0 24 
0 75 
0 65 
0 29 
0 1 
1 20 
1 45 
1 7 
1 30 
1 38 
1 66 
1 58 
1 28 
1 33 
1 3 
1 71 
1 61 
1 72 
1 47 
1 12 
1 49 
1 5 
1 55 
1 54 
1 44 
1 67 
1 8 
1 65 
1 2 
1 59 
1 46 
1 14 
1 21 
1 36 
1 62 
1 19 
1 13 
1 24 
1 31 
1 29 
1 32 
1 52 
1 23 
1 74 
1 17 
1 42 
1 37 
1 0 
1 50 
2 16 
2 48 
2 0 
2 28 
2 35 
2 50 
2 68 
2 19 
2 9 
2 69 
2 71 
2 15 
2 56 
2 72 
2 52 
2 60 
2 64 
2 12 
2 17 
2 67 
2 31 
2 73 
2 1 
2 22 
2 59 
2 65 
2 61 
2 46 
2 13 
2 27 
2 39 
2 25 
2 23 
2 34 
2 44 
2 33 
2 10 
2 58 
2 43 
2 57 
2 45 
2 37 
2 47 
3 55 
3 48 
3 40 
3 33 
3 16 
3 60 
3 47 
3 9 
3 51 
3 1 
3 61 
3 18 
3 37 
3 69 
3 54 
3 8 
3 29 
3 58 
3 32 
3 7 
3 34 
3 41 
3 68 
3 13 
3 75 
3 52 
3 11 
3 67 
3 12 
3 5 
3 22 
3 46 
3 38 
3 19 
3 70 
3 64 
3 50 
3 4 
3 59 
3 56 
3 20 
4 74 
4 31 
4 46 
4 8 
4 68 
4 47 
4 9 
4 77 
4 6 
4 53 
4 58 
4 56 
4 60 
4 30 
4 33 
4 39 
4 38 
4 27 
4 48 
4 73 
4 76 
4 43 
4 14 
4 66 
4 29 
4 61 
4 18 
4 71 
4 69 
4 57 
4 42 
4 44 
4 3 
5 31 
5 36 
5 17 
5 6 
5 20 
5 14 
5 8 
5 24 
5 46 
5 50 
5 28 
5 13 
5 65 
5 1 
5 0 
5 68 
5 75 
5 52 
5 26 
5 55 
5 38 
5 21 
5 40 
5 44 
5 23 
5 45 
5 64 
5 70 
5 3 
5 35 
5 18 
5 61 
5 48 
5 30 
6 5 
6 21 
6 47 
6 34 
6 46 
6 8 
6 64 
6 4 
6 75 
6 72 
6 7 
6 62 
6 30 
6 69 
6 58 
6 51 
6 74 
6 28 
6 40 
6 37 
6 54 
6 73 
6 59 
6 67 
6 50 
6 25 
6 22 
6 29 
6 23 
6 49 
6 14 
6 36 
6 66 
6 43 
6 16 
6 17 
6 26 
6 45 
7 20 
7 19 
7 30 
7 62 
7 51 
7 33 
7 48 
7 14 
7 1 
7 44 
7 6 
7 35 
7 75 
7 0 
7 37 
7 43 
7 58 
7 26 
7 13 
7 27 
7 3 
7 63 
7 71 
7 46 
7 21 
7 72 
7 55 
7 17 
7 16 
7 23 
7 41 
7 12 
7 34 
7 53 
7 56 
7 24 
7 15 
7 65 
7 76 
8 27 
8 56 
8 62 
8 49 
8 50 
8 32 
8 4 
8 5 
8 70 
8 54 
8 6 
8 51 
8 33 
8 37 
8 3 
8 31 
8 28 
8 74 
8 1 
8 77 
8 76 
8 53 
8 44 
8 48 
8 42 
8 60 
8 30 
8 16 
8 58 
8 38 
8 29 
8 61 
8 45 
9 66 
9 3 
9 58 
9 20 
9 4 
9 21 
9 2 
9 34 
9 29 
9 37 
9 60 
9 70 
9 56 
9 76 
9 13 
9 38 
9 24 
9 36 
9 77 
9 74 
9 50 
9 30 
9 0 
9 67 
9 28 
9 64 
9 16 
9 11 
9 61 
9 43 
9 31 
9 59 
9 62 
9 45 
9 46 
9 18 
9 57 
9 69 
10 16 
10 17 
10 38 
10 46 
10 75 
10 40 
10 11 
10 73 
10 53 
10 36 
10 28 
10 19 
10 22 
10 68 
10 47 
10 37 
10 20 
10 30 
10 77 
10 21 
10 35 
10 18 
10 76 
10 51 
10 60 
10 2 
10 34 
10 71 
10 32 
11 14 
11 45 
11 22 
11 41 
11 54 
11 42 
11 57 
11 46 
11 13 
11 59 
11 10 
11 40 
11 73 
11 69 
11 17 
11 66 
11 48 
11 64 
11 30 
11 55 
11 31 
11 20 
11 19 
11 24 
11 53 
11 51 
11 52 
11 3 
11 28 
11 65 
11 72 
11 58 
11 9 
11 38 
11 67 
11 26 
11 60 
11 74 
12 49 
12 63 
12 59 
12 46 
12 55 
12 42 
12 52 
12 38 
12 71 
12 1 
12 36 
12 67 
12 2 
12 75 
12 64 
12 18 
12 19 
12 16 
12 76 
12 54 
12 41 
12 34 
12 51 
12 43 
12 48 
12 24 
12 3 
12 20 
12 7 
12 66 
12 65 
12 77 
12 32 
12 17 
12 73 
12 70 
12 45 
12 37 
13 53 
13 74 
13 37 
13 75 
13 59 
13 47 
13 66 
13 51 
13 49 
13 24 
13 42 
13 11 
13 63 
13 61 
13 34 
13 38 
13 26 
13 50 
13 5 
13 32 
13 7 
13 29 
13 30 
13 9 
13 46 
13 39 
13 35 
13 33 
13 2 
13 3 
13 23 
13 52 
13 58 
13 65 
13 45 
13 48 
13 36 
13 1 
13 16 
13 17 
13 14 
13 68 
13 22 
13 64 
14 11 
14 39 
14 52 
14 45 
14 5 
14 7 
14 60 
14 54 
14 17 
14 72 
14 25 
14 76 
14 32 
14 29 
14 37 
14 0 
14 43 
14 40 
14 55 
14 33 
14 41 
14 67 
14 36 
14 20 
14 73 
14 30 
14 4 
14 64 
14 48 
14 51 
14 22 
14 1 
14 26 
14 56 
14 75 
14 16 
14 69 
14 6 
14 18 
14 70 
14 13 
14 71 
14 15 
15 61 
15 38 
15 72 
15 67 
15 52 
15 24 
15 0 
15 73 
15 2 
15 28 
15 69 
15 64 
15 17 
15 66 
15 22 
15 41 
15 62 
15 57 
15 29 
15 58 
15 68 
15 20 
15 50 
15 45 
15 75 
15 7 
15 34 
15 16 
15 14 
16 10 
16 2 
16 28 
16 47 
16 66 
16 3 
16 76 
16 37 
16 0 
16 43 
16 41 
16 77 
16 59 
16 12 
16 27 
16 22 
16 56 
16 51 
16 18 
16 67 
16 58 
16 31 
16 30 
16 60 
16 24 
16 69 
16 14 
16 26 
16 7 
16 13 
16 63 
16 9 
16 17 
16 49 
16 71 
16 68 
16 8 
16 70 
16 6 
16 23 
16 44 
16 15 
16 52 
17 5 
17 10 
17 30 
17 21 
17 53 
17 20 
17 73 
17 44 
17 14 
17 36 
17 19 
17 40 
17 48 
17 38 
17 26 
17 31 
17 71 
17 76 
17 11 
17 24 
17 2 
17 22 
17 55 
17 50 
17 28 
17 15 
17 35 
17 45 
17 61 
17 7 
17 32 
17 74 
17 13 
17 52 
17 29 
17 16 
17 39 
17 59 
17 47 
17 51 
17 12 
17 63 
17 6 
17 1 
17 77 
17 54 
18 20 
18 19 
18 43 
18 22 
18 49 
18 70 
18 74 
18 25 
18 38 
18 24 
18 3 
18 29 
18 66 
18 31 
18 40 
18 44 
18 46 
18 72 
18 57 
18 12 
18 23 
18 39 
18 16 
18 54 
18 65 
18 51 
18 10 
18 4 
18 14 
18 56 
18 37 
18 61 
18 27 
18 77 
18 5 
18 48 
18 64 
18 9 
19 7 
19 18 
19 38 
19 25 
19 49 
19 72 
19 55 
19 2 
19 17 
19 41 
19 22 
19 73 
19 52 
19 54 
19 60 
19 35 
19 23 
19 10 
19 45 
19 43 
19 59 
19 12 
19 11 
19 58 
19 29 
19 31 
19 56 
19 33 
19 24 
19 20 
19 57 
19 28 
19 1 
19 64 
19 26 
19 44 
19 3 
19 32 
19 51 
19 76 
20 18 
20 7 
20 53 
20 1 
20 5 
20 17 
20 23 
20 21 
20 29 
20 9 
20 71 
20 24 
20 48 
20 45 
20 35 
20 31 
20 22 
20 50 
20 72 
20 42 
20 66 
20 43 
20 14 
20 11 
20 38 
20 10 
20 33 
20 19 
20 55 
20 63 
20 39 
20 52 
20 32 
20 36 
20 61 
20 12 
20 25 
20 26 
20 15 
20 59 
20 40 
20 54 
20 51 
20 62 
20 30 
20 34 
20 27 
20 46 
20 3 
20 44 
21 69 
21 41 
21 17 
21 6 
21 45 
21 20 
21 9 
21 57 
21 28 
21 25 
21 71 
21 5 
21 47 
21 56 
21 29 
21 67 
21 7 
21 64 
21 24 
21 10 
21 54 
21 1 
21 59 
21 49 
21 55 
21 74 
21 39 
21 44 
21 73 
21 77 
21 68 
21 52 
21 66 
21 22 
21 60 
21 42 
21 76 
22 48 
22 11 
22 23 
22 18 
22 41 
22 74 
22 77 
22 44 
22 31 
22 55 
22 19 
22 75 
22 40 
22 64 
22 71 
22 45 
22 20 
22 10 
22 57 
22 35 
22 47 
22 17 
22 59 
22 2 
22 16 
22 61 
22 15 
22 53 
22 14 
22 76 
22 34 
22 62 
22 6 
22 65 
22 26 
22 3 
22 39 
22 60 
22 66 
22 72 
22 13 
22 56 
22 37 
22 21 
22 36 
22 29 
23 77 
23 42 
23 61 
23 25 
23 22 
23 69 
23 20 
23 29 
23 48 
23 73 
23 56 
23 71 
23 51 
23 58 
23 19 
23 49 
23 44 
23 64 
23 57 
23 26 
23 54 
23 50 
23 63 
23 39 
23 30 
23 18 
23 5 
23 13 
23 75 
23 6 
23 7 
23 46 
23 2 
23 76 
23 34 
23 43 
23 24 
23 1 
23 16 
24 27 
24 5 
24 13 
24 62 
24 20 
24 18 
24 15 
24 28 
24 74 
24 33 
24 26 
24 35 
24 52 
24 77 
24 17 
24 76 
24 9 
24 42 
24 61 
24 53 
24 11 
24 43 
24 19 
24 21 
24 45 
24 50 
24 54 
24 31 
24 16 
24 40 
24 12 
24 1 
24 0 
24 32 
24 67 
24 23 
24 71 
24 72 
24 7 
24 51 
25 70 
25 56 
25 23 
25 71 
25 40 
25 19 
25 30 
25 14 
25 18 
25 27 
25 58 
25 21 
25 37 
25 50 
25 49 
25 6 
25 66 
25 28 
25 47 
25 75 
25 45 
25 2 
25 46 
25 20 
25 35 
25 61 
25 67 
26 49 
26 57 
26 13 
26 17 
26 24 
26 63 
26 33 
26 66 
26 7 
26 74 
26 5 
26 23 
26 34 
26 77 
26 38 
26 42 
26 61 
26 28 
26 52 
26 14 
26 16 
26 0 
26 68 
26 72 
26 22 
26 20 
26 43 
26 19 
26 11 
26 6 
26 60 
26 59 
26 71 
27 8 
27 77 
27 55 
27 52 
27 29 
27 47 
27 50 
27 24 
27 53 
27 42 
27 36 
27 25 
27 31 
27 71 
27 7 
27 72 
27 51 
27 4 
27 69 
27 73 
27 0 
27 65 
27 33 
27 45 
27 16 
27 2 
27 63 
27 30 
27 39 
27 48 
27 28 
27 64 
27 61 
27 18 
27 20 
28 51 
28 58 
28 33 
28 16 
28 76 
28 2 
28 75 
28 77 
28 1 
28 64 
28 45 
28 49 
28 55 
28 21 
28 24 
28 30 
28 15 
28 5 
28 0 
28 69 
28 10 
28 6 
28 63 
28 8 
28 53 
28 31 
28 65 
28 44 
28 17 
28 32 
28 54 
28 42 
28 71 
28 26 
28 52 
28 62 
28 25 
28 57 
28 39 
28 19 
28 46 
28 37 
28 11 
28 9 
28 27 
28 60 
28 43 
28 74 
28 47 
29 31 
29 27 
29 57 
29 23 
29 50 
29 20 
29 74 
29 51 
29 18 
29 14 
29 9 
29 3 
29 41 
29 45 
29 13 
29 21 
29 30 
29 32 
29 39 
29 19 
29 4 
29 47 
29 38 
29 53 
29 33 
29 6 
29 66 
29 15 
29 59 
29 40 
29 17 
29 36 
29 1 
29 71 
29 34 
29 63 
29 0 
29 75 
29 8 
29 35 
29 22 
30 7 
30 70 
30 17 
30 67 
30 1 
30 25 
30 44 
30 6 
30 28 
30 34 
30 32 
30 36 
30 4 
30 77 
30 64 
30 11 
30 69 
30 29 
30 13 
30 14 
30 23 
30 10 
30 71 
30 49 
30 16 
30 9 
30 54 
30 27 
30 55 
30 47 
30 66 
30 8 
30 51 
30 61 
30 76 
30 72 
30 40 
30 63 
30 20 
30 50 
30 5 
31 5 
31 29 
31 4 
31 46 
31 51 
31 22 
31 62 
31 39 
31 17 
31 18 
31 20 
31 8 
31 27 
31 2 
31 11 
31 28 
31 44 
31 50 
31 19 
31 66 
31 74 
31 55 
31 36 
31 57 
31 16 
31 24 
31 43 
31 35 
31 40 
31 61 
31 1 
31 72 
31 9 
31 41 
31 75 
32 58 
32 70 
32 8 
32 40 
32 42 
32 46 
32 61 
32 59 
32 14 
32 39 
32 60 
32 76 
32 38 
32 13 
32 30 
32 3 
32 35 
32 49 
32 44 
32 29 
32 28 
32 66 
32 36 
32 33 
32 69 
32 62 
32 17 
32 20 
32 34 
32 56 
32 77 
32 24 
32 1 
32 12 
32 72 
32 19 
32 53 
32 10 
33 49 
33 28 
33 7 
33 3 
33 75 
33 1 
33 67 
33 76 
33 54 
33 24 
33 8 
33 56 
33 38 
33 65 
33 26 
33 69 
33 14 
33 4 
33 27 
33 20 
33 13 
33 19 
33 32 
33 46 
33 37 
33 29 
33 35 
33 47 
33 77 
33 44 
33 39 
33 60 
33 2 
33 61 
33 64 
33 45 
33 74 
33 68 
34 45 
34 52 
34 41 
34 66 
34 64 
34 6 
34 13 
34 35 
34 9 
34 0 
34 56 
34 30 
34 40 
34 77 
34 70 
34 72 
34 26 
34 37 
34 69 
34 3 
34 12 
34 73 
34 22 
34 75 
34 32 
34 23 
34 29 
34 2 
34 7 
34 10 
34 20 
34 15 
34 38 
34 44 
34 60 
35 0 
35 2 
35 76 
35 43 
35 56 
35 7 
35 34 
35 53 
35 67 
35 24 
35 20 
35 41 
35 19 
35 32 
35 22 
35 52 
35 13 
35 70 
35 17 
35 62 
35 49 
35 74 
35 58 
35 75 
35 10 
35 33 
35 44 
35 48 
35 31 
35 40 
35 69 
35 5 
35 25 
35 64 
35 60 
35 29 
35 63 
36 5 
36 77 
36 60 
36 50 
36 17 
36 27 
36 12 
36 10 
36 55 
36 42 
36 30 
36 51 
36 48 
36 73 
36 14 
36 0 
36 47 
36 9 
36 46 
36 32 
36 38 
36 69 
36 31 
36 1 
36 40 
36 13 
36 20 
36 6 
36 29 
36 37 
36 64 
36 61 
36 22 
36 41 
36 71 
37 13 
37 56 
37 67 
37 16 
37 54 
37 45 
37 63 
37 40 
37 3 
37 14 
37 8 
37 9 
37 7 
37 38 
37 53 
37 25 
37 44 
37 6 
37 74 
37 34 
37 10 
37 42 
37 33 
37 28 
37 39 
37 18 
37 36 
37 58 
37 22 
37 69 
37 1 
37 2 
37 12 
38 42 
38 50 
38 19 
38 10 
38 15 
38 55 
38 47 
38 1 
38 41 
38 18 
38 75 
38 13 
38 65 
38 12 
38 17 
38 71 
38 57 
38 33 
38 39 
38 59 
38 32 
38 37 
38 61 
38 44 
38 5 
38 4 
38 0 
38 20 
38 9 
38 58 
38 26 
38 51 
38 29 
38 36 
38 53 
38 56 
38 11 
38 3 
38 69 
38 34 
38 8 
38 76 
39 77 
39 75 
39 14 
39 74 
39 61 
39 49 
39 73 
39 32 
39 31 
39 55 
39 38 
39 57 
39 4 
39 29 
39 13 
39 44 
39 23 
39 18 
39 64 
39 20 
39 28 
39 37 
39 21 
39 45 
39 27 
39 2 
39 47 
39 68 
39 71 
39 22 
39 33 
39 17 
39 0 
39 48 
39 63 
40 58 
40 3 
40 48 
40 25 
40 61 
40 32 
40 53 
40 63 
40 10 
40 42 
40 17 
40 37 
40 72 
40 22 
40 11 
40 64 
40 43 
40 14 
40 18 
40 34 
40 57 
40 6 
40 47 
40 5 
40 45 
40 49 
40 51 
40 36 
40 77 
40 65 
40 24 
40 29 
40 35 
40 31 
40 52 
40 20 
40 30 
40 50 
40 67 
40 66 
41 21 
41 56 
41 11 
41 34 
41 22 
41 38 
41 69 
41 19 
41 60 
41 47 
41 77 
41 16 
41 54 
41 35 
41 29 
41 52 
41 14 
41 67 
41 0 
41 76 
41 48 
41 59 
41 3 
41 12 
41 15 
41 71 
41 43 
41 73 
41 63 
41 7 
41 65 
41 64 
41 57 
41 31 
41 36 
42 45 
42 74 
42 38 
42 75 
42 58 
42 23 
42 62 
42 12 
42 11 
42 13 
42 32 
42 40 
42 65 
42 27 
42 77 
42 52 
42 36 
42 43 
42 20 
42 72 
42 68 
42 24 
42 28 
42 26 
42 37 
42 8 
42 0 
42 4 
42 61 
42 66 
42 1 
42 21 
42 67 
42 57 
43 73 
43 46 
43 58 
43 18 
43 77 
43 63 
43 75 
43 35 
43 16 
43 55 
43 7 
43 14 
43 40 
43 60 
43 72 
43 42 
43 19 
43 20 
43 4 
43 24 
43 67 
43 12 
43 52 
43 41 
43 31 
43 47 
43 26 
43 66 
43 56 
43 23 
43 28 
43 9 
43 6 
43 44 
43 61 
43 2 
43 49 
43 54 
44 75 
44 62 
44 17 
44 53 
44 22 
44 7 
44 58 
44 60 
44 30 
44 45 
44 59 
44 71 
44 18 
44 50 
44 23 
44 74 
44 61 
44 38 
44 55 
44 1 
44 37 
44 31 
44 32 
44 72 
44 28 
44 39 
44 5 
44 8 
44 57 
44 0 
44 48 
44 76 
44 21 
44 35 
44 33 
44 63 
44 4 
44 19 
44 2 
44 43 
44 16 
44 68 
44 20 
44 34 
45 42 
45 76 
45 14 
45 34 
45 11 
45 1 
45 21 
45 49 
45 37 
45 57 
45 28 
45 20 
45 44 
45 22 
45 65 
45 29 
45 19 
45 48 
45 27 
45 40 
45 55 
45 75 
45 17 
45 24 
45 73 
45 5 
45 71 
45 25 
45 39 
45 13 
45 77 
45 46 
45 69 
45 50 
45 15 
45 33 
45 12 
45 9 
45 2 
45 6 
45 8 
46 58 
46 43 
46 4 
46 10 
46 31 
46 12 
46 73 
46 11 
46 6 
46 32 
46 5 
46 76 
46 68 
46 54 
46 53 
46 63 
46 18 
46 13 
46 49 
46 7 
46 56 
46 59 
46 69 
46 36 
46 1 
46 2 
46 74 
46 33 
46 28 
46 72 
46 64 
46 45 
46 25 
46 3 
46 23 
46 48 
46 20 
46 9 
46 50 
47 71 
47 16 
47 63 
47 27 
47 54 
47 13 
47 6 
47 38 
47 3 
47 4 
47 58 
47 66 
47 73 
47 41 
47 1 
47 57 
47 64 
47 68 
47 22 
47 61 
47 21 
47 52 
47 40 
47 55 
47 36 
47 10 
47 29 
47 60 
47 25 
47 70 
47 39 
47 33 
47 43 
47 30 
47 67 
47 17 
47 69 
47 28 
47 62 
47 50 
47 65 
47 2 
48 22 
48 3 
48 61 
48 2 
48 57 
48 7 
48 40 
48 71 
48 64 
48 23 
48 20 
48 77 
48 17 
48 50 
48 63 
48 11 
48 55 
48 36 
48 73 
48 4 
48 45 
48 41 
48 14 
48 58 
48 44 
48 8 
48 12 
48 51 
48 13 
48 27 
48 54 
48 35 
48 46 
48 18 
48 53 
48 39 
48 56 
48 5 
49 26 
49 33 
49 8 
49 12 
49 54 
49 18 
49 13 
49 19 
49 45 
49 39 
49 59 
49 28 
49 52 
49 72 
49 1 
49 68 
49 23 
49 71 
49 0 
49 74 
49 32 
49 46 
49 51 
49 55 
49 77 
49 64 
49 25 
49 30 
49 63 
49 40 
49 35 
49 21 
49 62 
49 6 
49 16 
49 70 
49 73 
49 76 
49 50 
49 43 
49 57 
50 62 
50 8 
50 36 
50 38 
50 27 
50 2 
50 29 
50 5 
50 60 
50 13 
50 66 
50 48 
50 44 
50 20 
50 68 
50 25 
50 74 
50 17 
50 31 
50 23 
50 52 
50 53 
50 9 
50 6 
50 24 
50 73 
50 61 
50 64 
50 51 
50 15 
50 45 
50 3 
50 40 
50 55 
50 30 
50 49 
50 47 
50 46 
50 72 
50 1 
51 53 
51 28 
51 72 
51 7 
51 52 
51 13 
51 76 
51 55 
51 3 
51 31 
51 8 
51 29 
51 67 
51 23 
51 6 
51 36 
51 59 
51 75 
51 27 
51 49 
51 38 
51 11 
51 14 
51 16 
51 40 
51 12 
51 61 
51 54 
51 58 
51 18 
51 48 
51 57 
51 50 
51 63 
51 10 
51 30 
51 69 
51 17 
51 20 
51 19 
51 24 
52 27 
52 14 
52 53 
52 61 
52 51 
52 34 
52 60 
52 69 
52 15 
52 12 
52 42 
52 49 
52 75 
52 19 
52 24 
52 54 
52 2 
52 0 
52 41 
52 5 
52 47 
52 35 
52 71 
52 55 
52 50 
52 57 
52 28 
52 13 
52 26 
52 11 
52 3 
52 43 
52 58 
52 20 
52 66 
52 59 
52 17 
52 40 
52 56 
52 76 
52 77 
52 1 
52 21 
52 16 
53 13 
53 51 
53 20 
53 52 
53 73 
53 17 
53 76 
53 40 
53 44 
53 27 
53 4 
53 61 
53 35 
53 10 
53 65 
53 46 
53 56 
53 64 
53 37 
53 72 
53 28 
53 24 
53 11 
53 50 
53 8 
53 22 
53 38 
53 29 
53 59 
53 67 
53 7 
53 48 
53 32 
54 65 
54 47 
54 49 
54 14 
54 11 
54 8 
54 37 
54 72 
54 58 
54 33 
54 73 
54 60 
54 64 
54 3 
54 19 
54 71 
54 46 
54 41 
54 52 
54 1 
54 0 
54 66 
54 6 
54 75 
54 74 
54 23 
54 77 
54 28 
54 68 
54 56 
54 12 
54 21 
54 51 
54 18 
54 24 
54 30 
54 48 
54 67 
54 57 
54 20 
54 70 
54 43 
54 17 
55 3 
55 27 
55 38 
55 56 
55 12 
55 51 
55 19 
55 73 
55 65 
55 22 
55 28 
55 39 
55 43 
55 14 
55 1 
55 36 
55 69 
55 48 
55 44 
55 5 
55 11 
55 17 
55 52 
55 47 
55 49 
55 72 
55 63 
55 45 
55 66 
55 7 
55 62 
55 31 
55 20 
55 21 
55 61 
55 30 
55 50 
56 8 
56 25 
56 41 
56 37 
56 70 
56 55 
56 35 
56 23 
56 33 
56 34 
56 2 
56 63 
56 4 
56 53 
56 69 
56 73 
56 9 
56 21 
56 46 
56 19 
56 16 
56 54 
56 58 
56 14 
56 38 
56 74 
56 32 
56 18 
56 61 
56 52 
56 43 
56 7 
56 22 
56 65 
56 48 
56 3 
56 77 
57 64 
57 65 
57 48 
57 29 
57 11 
57 26 
57 45 
57 21 
57 38 
57 47 
57 39 
57 40 
57 23 
57 22 
57 18 
57 72 
57 60 
57 74 
57 70 
57 52 
57 44 
57 31 
57 19 
57 28 
57 15 
57 51 
57 4 
57 0 
57 71 
57 54 
57 41 
57 69 
57 2 
57 77 
57 9 
57 49 
57 42 
58 28 
58 40 
58 32 
58 46 
58 42 
58 43 
58 73 
58 62 
58 76 
58 60 
58 1 
58 47 
58 9 
58 54 
58 68 
58 67 
58 70 
58 4 
58 44 
58 6 
58 23 
58 25 
58 7 
58 3 
58 71 
58 59 
58 64 
58 19 
58 38 
58 48 
58 16 
58 56 
58 13 
58 51 
58 35 
58 52 
58 69 
58 15 
58 65 
58 11 
58 37 
58 2 
58 8 
59 60 
59 76 
59 13 
59 74 
59 12 
59 73 
59 66 
59 11 
59 32 
59 49 
59 69 
59 38 
59 44 
59 64 
59 68 
59 16 
59 51 
59 77 
59 61 
59 58 
59 19 
59 1 
59 22 
59 2 
59 6 
59 41 
59 46 
59 21 
59 63 
59 29 
59 53 
59 52 
59 17 
59 20 
59 70 
59 3 
59 26 
59 9 
60 59 
60 63 
60 36 
60 52 
60 14 
60 64 
60 3 
60 58 
60 50 
60 41 
60 74 
60 54 
60 44 
60 32 
60 68 
60 9 
60 19 
60 43 
60 4 
60 2 
60 77 
60 62 
60 57 
60 67 
60 66 
60 76 
60 47 
60 16 
60 8 
60 22 
60 10 
60 33 
60 28 
60 11 
60 26 
60 75 
60 21 
60 35 
60 34 
61 66 
61 15 
61 23 
61 48 
61 52 
61 75 
61 39 
61 40 
61 3 
61 65 
61 32 
61 13 
61 77 
61 1 
61 53 
61 71 
61 68 
61 38 
61 44 
61 59 
61 47 
61 24 
61 22 
61 70 
61 26 
61 2 
61 4 
61 51 
61 72 
61 17 
61 55 
61 20 
61 56 
61 50 
61 27 
61 18 
61 63 
61 31 
61 30 
61 5 
61 9 
61 42 
61 25 
61 33 
61 43 
61 36 
61 8 
62 50 
62 8 
62 7 
62 65 
62 44 
62 42 
62 58 
62 72 
62 24 
62 74 
62 6 
62 31 
62 77 
62 60 
62 28 
62 55 
62 35 
62 76 
62 75 
62 49 
62 32 
62 22 
62 15 
62 1 
62 63 
62 69 
62 20 
62 47 
62 9 
62 67 
63 73 
63 60 
63 47 
63 12 
63 64 
63 43 
63 40 
63 13 
63 37 
63 26 
63 56 
63 48 
63 72 
63 46 
63 65 
63 28 
63 7 
63 66 
63 23 
63 55 
63 49 
63 20 
63 27 
63 59 
63 41 
63 74 
63 16 
63 51 
63 62 
63 61 
63 44 
63 29 
63 77 
63 17 
63 30 
63 39 
63 35 
64 57 
64 71 
64 69 
64 60 
64 48 
64 63 
64 34 
64 77 
64 6 
64 28 
64 54 
64 22 
64 40 
64 53 
64 59 
64 2 
64 23 
64 15 
64 47 
64 30 
64 11 
64 12 
64 58 
64 70 
64 14 
64 49 
64 21 
64 39 
64 5 
64 9 
64 46 
64 19 
64 50 
64 27 
64 41 
64 3 
64 18 
64 35 
64 33 
64 36 
64 13 
65 54 
65 62 
65 57 
65 61 
65 42 
65 55 
65 38 
65 70 
65 33 
65 5 
65 53 
65 45 
65 63 
65 1 
65 28 
65 27 
65 2 
65 72 
65 74 
65 18 
65 73 
65 13 
65 22 
65 40 
65 11 
65 58 
65 75 
65 69 
65 41 
65 12 
65 67 
65 0 
65 56 
65 7 
65 47 
66 61 
66 70 
66 16 
66 9 
66 13 
66 34 
66 1 
66 59 
66 47 
66 72 
66 0 
66 18 
66 50 
66 26 
66 11 
66 54 
66 20 
66 63 
66 4 
66 60 
66 15 
66 32 
66 31 
66 55 
66 74 
66 25 
66 77 
66 29 
66 52 
66 30 
66 67 
66 43 
66 22 
66 12 
66 6 
66 42 
66 21 
66 40 
67 75 
67 30 
67 37 
67 15 
67 33 
67 51 
67 58 
67 35 
67 12 
67 41 
67 2 
67 14 
67 1 
67 60 
67 6 
67 21 
67 0 
67 43 
67 16 
67 9 
67 68 
67 3 
67 53 
67 72 
67 54 
67 66 
67 11 
67 47 
67 24 
67 65 
67 25 
67 40 
67 62 
67 42 
67 76 
68 75 
68 4 
68 2 
68 58 
68 77 
68 60 
68 46 
68 61 
68 0 
68 49 
68 50 
68 5 
68 74 
68 47 
68 59 
68 10 
68 42 
68 69 
68 54 
68 3 
68 67 
68 26 
68 39 
68 13 
68 16 
68 73 
68 15 
68 21 
68 72 
68 33 
68 44 
69 21 
69 52 
69 23 
69 72 
69 64 
69 41 
69 2 
69 59 
69 3 
69 6 
69 15 
69 28 
69 33 
69 11 
69 76 
69 74 
69 71 
69 56 
69 55 
69 30 
69 27 
69 34 
69 0 
69 68 
69 77 
69 46 
69 36 
69 32 
69 16 
69 58 
69 14 
69 4 
69 45 
69 65 
69 70 
69 51 
69 35 
69 62 
69 57 
69 38 
69 47 
69 37 
69 9 
70 25 
70 30 
70 66 
70 32 
70 76 
70 56 
70 8 
70 18 
70 58 
70 65 
70 73 
70 72 
70 0 
70 9 
70 77 
70 34 
70 64 
70 35 
70 57 
70 61 
70 47 
70 5 
70 14 
70 74 
70 69 
70 3 
70 59 
70 16 
70 12 
70 49 
70 54 
71 47 
71 64 
71 25 
71 48 
71 1 
71 20 
71 2 
71 12 
71 38 
71 23 
71 61 
71 54 
71 22 
71 17 
71 44 
71 69 
71 27 
71 49 
71 21 
71 7 
71 58 
71 52 
71 72 
71 28 
71 30 
71 41 
71 45 
71 4 
71 39 
71 76 
71 16 
71 57 
71 29 
71 14 
71 24 
71 10 
71 26 
71 36 
72 51 
72 15 
72 69 
72 62 
72 19 
72 14 
72 54 
72 66 
72 40 
72 6 
72 1 
72 49 
72 70 
72 2 
72 63 
72 0 
72 43 
72 34 
72 18 
72 20 
72 53 
72 27 
72 76 
72 42 
72 57 
72 44 
72 55 
72 7 
72 71 
72 73 
72 61 
72 65 
72 46 
72 26 
72 11 
72 67 
72 31 
72 30 
72 32 
72 24 
72 22 
72 68 
72 74 
72 50 
73 43 
73 63 
73 53 
73 58 
73 59 
73 17 
73 46 
73 47 
73 55 
73 39 
73 54 
73 19 
73 10 
73 23 
73 11 
73 15 
73 70 
73 56 
73 36 
73 2 
73 6 
73 48 
73 4 
73 27 
73 14 
73 72 
73 34 
73 45 
73 41 
73 65 
73 50 
73 21 
73 77 
73 68 
73 12 
73 49 
74 42 
74 4 
74 77 
74 13 
74 39 
74 59 
74 22 
74 29 
74 18 
74 75 
74 62 
74 60 
74 24 
74 6 
74 69 
74 68 
74 26 
74 44 
74 8 
74 37 
74 49 
74 50 
74 54 
74 57 
74 9 
74 31 
74 66 
74 46 
74 65 
74 35 
74 21 
74 17 
74 0 
74 63 
74 56 
74 76 
74 70 
74 11 
74 1 
74 33 
74 28 
74 72 
75 39 
75 44 
75 42 
75 67 
75 68 
75 13 
75 10 
75 33 
75 76 
75 61 
75 28 
75 43 
75 74 
75 38 
75 6 
75 22 
75 52 
75 7 
75 5 
75 51 
75 12 
75 54 
75 45 
75 3 
75 23 
75 62 
75 14 
75 25 
75 35 
75 34 
75 65 
75 0 
75 15 
75 31 
75 60 
75 29 
76 45 
76 59 
76 28 
76 70 
76 75 
76 53 
76 35 
76 58 
76 51 
76 16 
76 14 
76 33 
76 46 
76 32 
76 17 
76 69 
76 24 
76 72 
76 9 
76 41 
76 4 
76 8 
76 60 
76 12 
76 62 
76 22 
76 44 
76 10 
76 71 
76 74 
76 23 
76 52 
76 30 
76 19 
76 49 
76 7 
76 21 
76 38 
76 67 
77 39 
77 27 
77 74 
77 36 
77 23 
77 43 
77 28 
77 22 
77 64 
77 4 
77 42 
77 61 
77 48 
77 41 
77 62 
77 68 
77 34 
77 24 
77 70 
77 60 
77 30 
77 16 
77 59 
77 8 
77 54 
77 49 
77 26 
77 69 
77 10 
77 9 
77 66 
77 40 
77 45 
77 33 
77 73 
77 32 
77 18 
77 21 
77 52 
77 12 
77 63 
77 17 
77 57 
77 56 
