0 17 44 38 21 45 41 46 12 19 
1 53 24 74 78 17 18 8 
2 24 67 33 61 34 31 14 13 
3 50 5 24 33 62 56 45 
4 52 70 76 51 28 43 53 18 32 63 
5 20 16 3 40 10 79 31 7 14 
6 35 17 69 26 21 
7 16 5 76 19 49 57 
8 62 55 12 44 74 53 72 52 71 46 1 64 
9 11 67 42 65 48 37 
10 24 46 49 5 39 65 15 53 44 
11 71 42 9 35 39 20 25 75 59 
12 20 31 23 59 8 46 14 21 44 18 38 72 52 0 
13 80 18 69 2 16 
14 15 53 12 2 79 33 26 5 
15 20 14 22 27 75 52 21 30 78 40 10 50 33 19 
16 7 5 73 30 61 54 38 13 
17 53 25 40 1 6 0 26 77 
18 13 37 35 58 71 12 73 4 1 
19 26 55 7 34 21 63 0 15 
20 12 15 5 22 11 43 39 
21 76 57 47 15 12 72 46 73 0 19 6 35 
22 46 44 15 20 25 31 
23 12 73 
24 2 65 1 10 3 46 51 73 
25 22 17 42 36 47 69 35 11 38 48 68 
26 66 34 19 55 42 17 71 6 73 14 47 
27 15 56 73 34 
28 29 49 4 43 80 
29 52 28 51 44 49 72 
30 15 16 33 76 
31 40 12 22 2 47 5 79 76 
32 73 42 52 45 4 76 
33 34 41 2 51 3 76 30 14 15 37 
34 33 26 35 2 19 45 68 27 70 58 
35 53 11 34 39 18 6 25 58 67 62 21 
36 68 25 53 72 50 64 52 
37 59 18 38 9 52 33 
38 68 63 42 37 16 0 12 25 78 76 
39 35 11 10 20 78 70 
40 31 70 17 5 15 63 67 71 
41 55 70 33 0 
42 63 11 78 68 25 55 32 26 77 38 9 76 53 47 49 
43 67 58 80 68 20 45 4 28 
44 22 12 8 55 0 29 10 56 
45 69 32 43 0 34 3 63 
46 22 10 12 24 21 56 76 80 48 8 75 0 72 
47 21 25 31 68 73 55 56 26 42 
48 75 46 25 9 59 50 
49 79 71 50 28 10 60 7 29 42 
50 55 3 49 69 63 36 15 48 
51 64 33 29 60 4 24 67 
52 4 77 29 63 15 72 32 8 12 61 37 36 
53 1 17 35 14 66 8 36 4 10 42 
54 16 65 66 63 
55 41 8 50 26 19 73 42 44 47 68 
56 27 46 68 3 47 44 
57 63 72 21 61 7 
58 43 18 66 35 59 34 
59 12 37 58 11 48 79 
60 51 49 78 72 
61 2 16 57 52 
62 8 68 3 35 
63 42 57 52 38 40 50 72 19 4 54 80 45 
64 79 51 80 66 69 67 36 8 
65 66 24 72 10 54 9 
66 65 26 53 71 58 64 54 73 
67 43 2 9 73 64 51 35 40 
68 62 36 42 43 38 77 47 55 25 34 56 
69 50 71 13 25 45 6 64 
70 41 76 40 4 77 39 34 
71 11 75 49 72 66 69 18 26 8 77 40 
72 80 57 71 21 52 65 8 36 12 63 46 76 29 60 
73 76 32 23 55 16 21 18 47 67 26 27 24 66 
74 1 78 8 
75 71 15 48 11 46 
76 70 73 21 4 33 46 7 77 42 38 31 72 30 32 
77 52 70 42 68 76 17 71 
78 42 74 1 15 60 38 39 
79 64 49 5 14 31 59 
80 72 13 43 64 46 28 63 
