0 23 
0 64 
0 13 
0 71 
0 20 
0 75 
0 40 
0 21 
0 66 
0 54 
1 9 
1 74 
1 39 
1 72 
1 77 
1 24 
1 10 
1 80 
1 29 
2 66 
2 38 
2 31 
2 37 
2 13 
2 22 
2 4 
2 44 
2 34 
2 73 
2 57 
3 9 
3 32 
3 48 
3 81 
3 51 
3 80 
4 41 
4 22 
4 44 
4 37 
4 43 
4 16 
4 81 
4 2 
4 70 
4 39 
4 45 
5 42 
5 57 
5 59 
5 31 
5 11 
6 64 
6 34 
6 20 
6 57 
6 73 
7 49 
7 78 
7 27 
7 50 
7 13 
7 76 
7 24 
7 64 
7 70 
7 20 
7 54 
8 34 
8 52 
8 24 
8 78 
8 70 
8 46 
8 13 
8 18 
8 27 
9 1 
9 76 
9 50 
9 3 
9 51 
9 38 
9 34 
9 27 
9 45 
9 13 
9 15 
9 36 
10 67 
10 41 
10 78 
10 70 
10 22 
10 62 
10 63 
10 14 
10 51 
10 1 
10 37 
11 51 
11 77 
11 74 
11 23 
11 5 
11 79 
12 67 
12 48 
12 14 
12 13 
12 52 
12 33 
12 64 
13 22 
13 42 
13 51 
13 2 
13 0 
13 7 
13 40 
13 36 
13 12 
13 8 
13 9 
14 71 
14 63 
14 50 
14 44 
14 10 
14 68 
14 12 
14 74 
14 81 
14 67 
14 77 
14 40 
15 22 
15 50 
15 70 
15 72 
15 26 
15 17 
15 76 
15 52 
15 9 
15 57 
16 57 
16 31 
16 68 
16 29 
16 39 
16 4 
16 35 
17 62 
17 49 
17 15 
17 22 
17 69 
18 54 
18 22 
18 59 
18 32 
18 73 
18 21 
18 19 
18 8 
19 21 
19 70 
19 46 
19 71 
19 38 
19 18 
19 45 
19 78 
19 26 
19 80 
19 48 
20 55 
20 66 
20 21 
20 68 
20 0 
20 43 
20 44 
20 6 
20 41 
20 28 
20 57 
20 7 
20 80 
21 19 
21 20 
21 23 
21 58 
21 18 
21 0 
21 73 
21 81 
21 64 
21 79 
22 55 
22 18 
22 13 
22 37 
22 4 
22 15 
22 24 
22 2 
22 66 
22 10 
22 33 
22 17 
22 29 
22 51 
23 0 
23 21 
23 60 
23 51 
23 50 
23 11 
24 22 
24 71 
24 8 
24 1 
24 51 
24 7 
24 74 
25 40 
25 67 
25 51 
25 47 
25 72 
25 62 
25 44 
25 49 
25 57 
26 36 
26 19 
26 57 
26 15 
27 76 
27 79 
27 7 
27 9 
27 47 
27 68 
27 8 
28 72 
28 51 
28 71 
28 40 
28 75 
28 20 
28 44 
29 16 
29 1 
29 22 
30 68 
30 78 
30 64 
30 73 
30 37 
31 16 
31 50 
31 53 
31 34 
31 2 
31 65 
31 5 
31 75 
31 37 
32 53 
32 59 
32 3 
32 18 
32 49 
32 46 
32 62 
32 71 
32 60 
32 63 
33 41 
33 44 
33 22 
33 12 
34 74 
34 31 
34 8 
34 6 
34 9 
34 2 
34 35 
34 70 
34 41 
34 37 
35 49 
35 80 
35 60 
35 16 
35 68 
35 34 
36 72 
36 26 
36 44 
36 13 
36 67 
36 9 
37 52 
37 22 
37 41 
37 51 
37 4 
37 2 
37 31 
37 43 
37 10 
37 76 
37 78 
37 30 
37 34 
38 50 
38 55 
38 2 
38 19 
38 9 
38 70 
38 42 
38 41 
38 44 
38 67 
39 43 
39 16 
39 1 
39 73 
39 4 
39 51 
40 25 
40 0 
40 13 
40 28 
40 58 
40 69 
40 14 
40 79 
41 4 
41 75 
41 10 
41 43 
41 37 
41 33 
41 44 
41 73 
41 66 
41 38 
41 20 
41 34 
42 5 
42 63 
42 78 
42 13 
42 38 
42 69 
42 59 
43 41 
43 39 
43 4 
43 20 
43 37 
44 68 
44 4 
44 36 
44 41 
44 33 
44 20 
44 74 
44 14 
44 25 
44 59 
44 79 
44 2 
44 81 
44 51 
44 38 
44 28 
45 49 
45 19 
45 75 
45 9 
45 73 
45 4 
45 50 
46 78 
46 19 
46 32 
46 8 
46 58 
47 25 
47 65 
47 27 
47 74 
47 48 
48 55 
48 12 
48 51 
48 3 
48 81 
48 47 
48 19 
49 7 
49 45 
49 35 
49 53 
49 32 
49 17 
49 59 
49 68 
49 25 
50 9 
50 31 
50 38 
50 15 
50 57 
50 14 
50 7 
50 23 
50 45 
51 55 
51 28 
51 11 
51 9 
51 25 
51 37 
51 13 
51 23 
51 48 
51 24 
51 62 
51 10 
51 3 
51 59 
51 63 
51 44 
51 65 
51 39 
51 54 
51 22 
52 37 
52 8 
52 75 
52 79 
52 71 
52 15 
52 53 
52 12 
53 32 
53 31 
53 62 
53 49 
53 52 
54 18 
54 57 
54 73 
54 71 
54 0 
54 78 
54 51 
54 7 
55 20 
55 51 
55 75 
55 38 
55 22 
55 48 
56 60 
56 67 
56 68 
57 16 
57 5 
57 61 
57 54 
57 69 
57 50 
57 26 
57 6 
57 2 
57 20 
57 60 
57 25 
57 15 
58 76 
58 21 
58 70 
58 46 
58 40 
59 18 
59 32 
59 5 
59 76 
59 44 
59 42 
59 49 
59 51 
60 23 
60 68 
60 56 
60 35 
60 32 
60 57 
61 57 
61 73 
61 77 
62 53 
62 17 
62 10 
62 25 
62 32 
62 51 
63 42 
63 14 
63 65 
63 10 
63 51 
63 32 
64 6 
64 0 
64 30 
64 80 
64 7 
64 21 
64 12 
65 63 
65 31 
65 47 
65 77 
65 51 
66 20 
66 81 
66 2 
66 72 
66 80 
66 22 
66 0 
66 41 
67 10 
67 12 
67 25 
67 56 
67 36 
67 14 
67 68 
67 38 
68 16 
68 44 
68 60 
68 20 
68 30 
68 14 
68 49 
68 35 
68 27 
68 67 
68 70 
68 56 
69 71 
69 57 
69 42 
69 17 
69 40 
70 19 
70 58 
70 38 
70 8 
70 10 
70 15 
70 4 
70 7 
70 34 
70 68 
71 69 
71 19 
71 72 
71 14 
71 24 
71 0 
71 54 
71 28 
71 32 
71 52 
71 76 
72 28 
72 66 
72 36 
72 71 
72 25 
72 15 
72 1 
73 18 
73 54 
73 61 
73 41 
73 21 
73 39 
73 2 
73 45 
73 30 
73 6 
74 34 
74 1 
74 44 
74 11 
74 14 
74 24 
74 47 
75 55 
75 41 
75 52 
75 0 
75 45 
75 31 
75 28 
75 79 
76 9 
76 58 
76 27 
76 59 
76 7 
76 15 
76 37 
76 71 
77 11 
77 1 
77 65 
77 61 
77 14 
78 46 
78 7 
78 42 
78 10 
78 19 
78 8 
78 30 
78 54 
78 37 
79 27 
79 52 
79 44 
79 21 
79 11 
79 75 
79 40 
80 66 
80 35 
80 19 
80 64 
80 1 
80 3 
80 20 
81 66 
81 4 
81 3 
81 14 
81 48 
81 44 
81 21 
