0 74 
0 57 
0 84 
0 17 
0 53 
0 66 
0 92 
0 30 
0 13 
0 18 
0 46 
0 21 
0 11 
0 38 
0 36 
0 47 
0 68 
0 41 
0 26 
0 80 
0 1 
0 58 
0 87 
0 35 
0 56 
0 32 
0 88 
0 94 
0 91 
0 20 
0 40 
0 14 
0 19 
0 67 
0 69 
0 59 
0 81 
0 76 
0 33 
0 90 
0 15 
0 83 
0 3 
0 16 
0 52 
0 29 
0 75 
0 12 
0 85 
0 28 
0 48 
0 61 
0 65 
0 60 
0 86 
0 93 
0 22 
0 42 
0 50 
0 77 
0 4 
0 39 
0 45 
0 55 
0 70 
0 2 
0 89 
0 72 
0 34 
0 51 
1 75 
1 35 
1 30 
1 81 
1 53 
1 18 
1 56 
1 61 
1 63 
1 39 
1 34 
1 40 
1 91 
1 85 
1 8 
1 50 
1 27 
1 0 
1 71 
1 46 
1 77 
1 66 
1 69 
1 13 
1 47 
1 6 
1 68 
1 20 
1 52 
1 10 
1 86 
1 58 
1 19 
1 22 
1 57 
1 90 
1 42 
1 83 
1 28 
1 38 
1 72 
1 76 
1 7 
1 70 
1 51 
1 84 
1 49 
1 92 
1 41 
1 62 
1 4 
1 73 
1 37 
1 26 
1 44 
1 3 
1 23 
1 32 
1 82 
1 5 
1 43 
1 17 
1 65 
1 64 
1 93 
1 45 
1 24 
1 54 
1 29 
1 2 
1 33 
1 94 
2 43 
2 31 
2 67 
2 33 
2 26 
2 78 
2 7 
2 12 
2 45 
2 11 
2 28 
2 36 
2 35 
2 34 
2 30 
2 3 
2 71 
2 13 
2 69 
2 6 
2 58 
2 72 
2 81 
2 65 
2 16 
2 91 
2 27 
2 21 
2 59 
2 56 
2 42 
2 24 
2 83 
2 62 
2 93 
2 53 
2 22 
2 38 
2 74 
2 87 
2 66 
2 64 
2 20 
2 57 
2 8 
2 84 
2 52 
2 40 
2 51 
2 46 
2 79 
2 70 
2 44 
2 25 
2 76 
2 55 
2 94 
2 32 
2 0 
2 37 
2 18 
2 92 
2 4 
2 73 
2 61 
2 48 
2 1 
3 89 
3 79 
3 7 
3 41 
3 94 
3 57 
3 27 
3 36 
3 52 
3 80 
3 92 
3 84 
3 64 
3 2 
3 68 
3 34 
3 15 
3 86 
3 43 
3 50 
3 93 
3 24 
3 54 
3 56 
3 33 
3 32 
3 90 
3 11 
3 67 
3 63 
3 88 
3 16 
3 62 
3 42 
3 0 
3 76 
3 9 
3 44 
3 72 
3 13 
3 65 
3 83 
3 74 
3 29 
3 70 
3 85 
3 58 
3 25 
3 81 
3 19 
3 91 
3 17 
3 78 
3 1 
3 18 
3 53 
3 31 
3 75 
3 20 
3 55 
3 66 
3 48 
3 8 
3 59 
3 10 
3 22 
3 38 
3 87 
3 46 
3 40 
3 51 
3 5 
3 71 
4 16 
4 17 
4 59 
4 83 
4 41 
4 7 
4 47 
4 55 
4 81 
4 25 
4 73 
4 87 
4 8 
4 66 
4 35 
4 69 
4 43 
4 29 
4 67 
4 71 
4 48 
4 77 
4 49 
4 53 
4 9 
4 60 
4 21 
4 14 
4 93 
4 91 
4 86 
4 84 
4 39 
4 56 
4 51 
4 19 
4 23 
4 76 
4 74 
4 64 
4 70 
4 11 
4 1 
4 22 
4 6 
4 24 
4 28 
4 75 
4 34 
4 61 
4 50 
4 0 
4 20 
4 32 
4 38 
4 72 
4 52 
4 62 
4 31 
4 42 
4 2 
4 57 
4 5 
4 33 
5 92 
5 21 
5 53 
5 81 
5 16 
5 47 
5 89 
5 60 
5 14 
5 86 
5 79 
5 68 
5 64 
5 22 
5 67 
5 51 
5 10 
5 40 
5 37 
5 90 
5 35 
5 19 
5 29 
5 48 
5 80 
5 85 
5 34 
5 74 
5 61 
5 44 
5 65 
5 30 
5 69 
5 78 
5 43 
5 25 
5 17 
5 54 
5 36 
5 32 
5 45 
5 46 
5 77 
5 58 
5 50 
5 94 
5 8 
5 76 
5 12 
5 49 
5 41 
5 56 
5 15 
5 62 
5 24 
5 88 
5 1 
5 26 
5 59 
5 71 
5 72 
5 70 
5 84 
5 55 
5 87 
5 28 
5 83 
5 91 
5 66 
5 4 
5 31 
5 3 
6 74 
6 42 
6 33 
6 43 
6 89 
6 7 
6 45 
6 94 
6 58 
6 32 
6 51 
6 11 
6 22 
6 12 
6 27 
6 83 
6 36 
6 70 
6 69 
6 2 
6 1 
6 23 
6 40 
6 30 
6 25 
6 64 
6 78 
6 82 
6 88 
6 41 
6 72 
6 61 
6 62 
6 50 
6 28 
6 48 
6 80 
6 85 
6 20 
6 71 
6 59 
6 63 
6 16 
6 4 
6 93 
6 67 
6 84 
6 73 
6 19 
6 35 
6 57 
6 39 
6 37 
6 52 
6 53 
6 76 
6 49 
6 54 
6 55 
6 66 
6 56 
6 9 
6 47 
6 60 
6 8 
6 77 
6 26 
6 24 
6 10 
6 87 
6 21 
6 14 
6 81 
7 47 
7 12 
7 44 
7 25 
7 90 
7 54 
7 57 
7 56 
7 80 
7 4 
7 18 
7 2 
7 61 
7 88 
7 15 
7 78 
7 6 
7 3 
7 22 
7 36 
7 30 
7 16 
7 79 
7 69 
7 38 
7 17 
7 9 
7 27 
7 53 
7 46 
7 62 
7 32 
7 70 
7 59 
7 60 
7 87 
7 65 
7 55 
7 40 
7 83 
7 64 
7 10 
7 68 
7 34 
7 35 
7 94 
7 74 
7 39 
7 29 
7 1 
7 19 
7 72 
7 67 
7 85 
7 28 
7 77 
7 50 
7 89 
7 73 
7 58 
7 91 
7 8 
7 84 
7 71 
7 21 
7 41 
7 11 
7 45 
7 37 
7 51 
7 48 
7 49 
8 15 
8 51 
8 73 
8 19 
8 4 
8 1 
8 32 
8 82 
8 37 
8 38 
8 92 
8 63 
8 78 
8 79 
8 31 
8 10 
8 57 
8 77 
8 93 
8 76 
8 23 
8 17 
8 80 
8 81 
8 47 
8 62 
8 91 
8 90 
8 88 
8 71 
8 59 
8 33 
8 67 
8 44 
8 89 
8 29 
8 14 
8 36 
8 58 
8 13 
8 64 
8 61 
8 74 
8 25 
8 5 
8 65 
8 20 
8 2 
8 84 
8 18 
8 45 
8 11 
8 7 
8 83 
8 75 
8 70 
8 34 
8 94 
8 43 
8 68 
8 28 
8 48 
8 54 
8 53 
8 3 
8 6 
8 40 
8 85 
8 41 
8 49 
8 69 
8 86 
8 52 
8 46 
9 63 
9 74 
9 28 
9 87 
9 84 
9 73 
9 39 
9 88 
9 68 
9 7 
9 70 
9 92 
9 25 
9 22 
9 78 
9 12 
9 37 
9 93 
9 18 
9 41 
9 91 
9 30 
9 4 
9 56 
9 48 
9 64 
9 29 
9 77 
9 24 
9 83 
9 53 
9 46 
9 3 
9 32 
9 47 
9 80 
9 16 
9 55 
9 69 
9 23 
9 38 
9 62 
9 81 
9 72 
9 21 
9 40 
9 61 
9 85 
9 42 
9 86 
9 67 
9 75 
9 90 
9 6 
9 79 
9 31 
9 13 
9 17 
9 33 
9 59 
9 49 
9 27 
9 89 
9 60 
9 35 
10 17 
10 78 
10 54 
10 81 
10 92 
10 61 
10 93 
10 66 
10 50 
10 62 
10 5 
10 25 
10 67 
10 90 
10 58 
10 83 
10 80 
10 68 
10 55 
10 73 
10 8 
10 21 
10 18 
10 77 
10 1 
10 16 
10 23 
10 7 
10 43 
10 28 
10 38 
10 70 
10 86 
10 82 
10 72 
10 51 
10 30 
10 84 
10 56 
10 40 
10 75 
10 32 
10 47 
10 42 
10 45 
10 64 
10 11 
10 26 
10 79 
10 41 
10 52 
10 44 
10 69 
10 57 
10 29 
10 53 
10 76 
10 91 
10 39 
10 33 
10 19 
10 3 
10 6 
10 89 
10 20 
10 46 
10 35 
10 87 
11 25 
11 60 
11 41 
11 18 
11 45 
11 38 
11 28 
11 21 
11 74 
11 2 
11 20 
11 0 
11 6 
11 40 
11 47 
11 87 
11 70 
11 29 
11 61 
11 32 
11 71 
11 93 
11 22 
11 14 
11 24 
11 53 
11 86 
11 37 
11 59 
11 46 
11 56 
11 94 
11 88 
11 51 
11 31 
11 15 
11 17 
11 3 
11 36 
11 82 
11 79 
11 26 
11 57 
11 27 
11 4 
11 12 
11 77 
11 55 
11 13 
11 64 
11 10 
11 8 
11 16 
11 67 
11 54 
11 85 
11 23 
11 49 
11 65 
11 30 
11 92 
11 81 
11 91 
11 7 
11 76 
11 43 
11 52 
11 68 
12 7 
12 63 
12 39 
12 83 
12 58 
12 21 
12 84 
12 41 
12 45 
12 2 
12 52 
12 30 
12 94 
12 87 
12 37 
12 6 
12 91 
12 60 
12 25 
12 64 
12 70 
12 78 
12 33 
12 62 
12 75 
12 24 
12 65 
12 18 
12 9 
12 77 
12 71 
12 40 
12 67 
12 93 
12 76 
12 17 
12 49 
12 89 
12 28 
12 36 
12 80 
12 15 
12 68 
12 46 
12 57 
12 31 
12 14 
12 0 
12 11 
12 5 
12 92 
12 42 
12 79 
12 20 
12 48 
12 16 
12 72 
12 34 
12 22 
12 47 
12 29 
12 38 
12 61 
12 35 
12 32 
12 85 
12 81 
12 54 
12 82 
12 53 
12 74 
12 88 
13 37 
13 76 
13 34 
13 69 
13 36 
13 88 
13 74 
13 0 
13 43 
13 89 
13 77 
13 31 
13 80 
13 51 
13 87 
13 85 
13 44 
13 2 
13 22 
13 38 
13 83 
13 79 
13 1 
13 66 
13 39 
13 49 
13 40 
13 55 
13 84 
13 91 
13 27 
13 33 
13 86 
13 47 
13 42 
13 67 
13 72 
13 78 
13 21 
13 75 
13 3 
13 8 
13 46 
13 59 
13 70 
13 90 
13 14 
13 63 
13 24 
13 11 
13 18 
13 53 
13 64 
13 28 
13 50 
13 57 
13 26 
13 35 
13 52 
13 92 
13 81 
13 9 
13 94 
13 62 
13 25 
14 69 
14 79 
14 42 
14 29 
14 46 
14 37 
14 5 
14 16 
14 35 
14 90 
14 23 
14 18 
14 88 
14 21 
14 52 
14 76 
14 81 
14 55 
14 45 
14 74 
14 27 
14 65 
14 56 
14 80 
14 93 
14 73 
14 84 
14 44 
14 92 
14 86 
14 11 
14 83 
14 34 
14 66 
14 28 
14 43 
14 0 
14 72 
14 4 
14 40 
14 49 
14 33 
14 94 
14 8 
14 39 
14 64 
14 36 
14 78 
14 25 
14 12 
14 13 
14 60 
14 82 
14 48 
14 17 
14 53 
14 15 
14 77 
14 47 
14 22 
14 30 
14 89 
14 59 
14 26 
14 68 
14 24 
14 50 
14 67 
14 6 
15 8 
15 92 
15 7 
15 36 
15 70 
15 25 
15 84 
15 37 
15 47 
15 87 
15 57 
15 38 
15 72 
15 64 
15 26 
15 3 
15 33 
15 88 
15 56 
15 73 
15 58 
15 85 
15 46 
15 35 
15 66 
15 11 
15 45 
15 43 
15 0 
15 12 
15 32 
15 81 
15 86 
15 94 
15 24 
15 29 
15 71 
15 65 
15 79 
15 48 
15 83 
15 62 
15 17 
15 34 
15 22 
15 49 
15 42 
15 5 
15 20 
15 14 
15 69 
15 93 
15 55 
15 50 
15 18 
15 67 
15 59 
15 21 
15 78 
15 82 
15 23 
15 54 
15 77 
15 31 
15 52 
15 68 
15 39 
16 4 
16 85 
16 66 
16 81 
16 37 
16 5 
16 30 
16 14 
16 25 
16 57 
16 7 
16 60 
16 41 
16 54 
16 49 
16 28 
16 78 
16 94 
16 23 
16 83 
16 69 
16 93 
16 53 
16 21 
16 48 
16 75 
16 90 
16 52 
16 17 
16 72 
16 10 
16 2 
16 84 
16 61 
16 87 
16 74 
16 71 
16 79 
16 3 
16 73 
16 0 
16 59 
16 19 
16 45 
16 42 
16 63 
16 33 
16 31 
16 9 
16 50 
16 80 
16 6 
16 91 
16 36 
16 12 
16 89 
16 47 
16 11 
16 38 
16 44 
16 62 
16 88 
16 43 
16 86 
16 32 
16 20 
16 24 
16 76 
16 65 
16 18 
17 4 
17 10 
17 0 
17 22 
17 79 
17 45 
17 19 
17 62 
17 46 
17 48 
17 7 
17 59 
17 87 
17 81 
17 42 
17 50 
17 58 
17 75 
17 24 
17 56 
17 72 
17 37 
17 84 
17 89 
17 8 
17 16 
17 32 
17 43 
17 34 
17 27 
17 12 
17 80 
17 94 
17 40 
17 11 
17 93 
17 29 
17 5 
17 61 
17 20 
17 65 
17 70 
17 74 
17 35 
17 77 
17 25 
17 91 
17 83 
17 55 
17 26 
17 92 
17 15 
17 3 
17 90 
17 47 
17 21 
17 53 
17 41 
17 82 
17 28 
17 14 
17 54 
17 36 
17 86 
17 49 
17 67 
17 69 
17 1 
17 57 
17 71 
17 9 
17 63 
17 18 
17 66 
17 76 
18 43 
18 11 
18 1 
18 7 
18 19 
18 77 
18 23 
18 41 
18 63 
18 46 
18 74 
18 79 
18 14 
18 0 
18 91 
18 52 
18 64 
18 31 
18 49 
18 10 
18 48 
18 87 
18 67 
18 12 
18 9 
18 80 
18 28 
18 83 
18 88 
18 76 
18 33 
18 62 
18 25 
18 38 
18 68 
18 85 
18 26 
18 47 
18 84 
18 21 
18 45 
18 39 
18 58 
18 75 
18 78 
18 35 
18 27 
18 8 
18 13 
18 3 
18 70 
18 42 
18 61 
18 54 
18 69 
18 44 
18 15 
18 29 
18 40 
18 30 
18 71 
18 94 
18 2 
18 50 
18 66 
18 53 
18 60 
18 37 
18 17 
18 56 
18 16 
19 54 
19 57 
19 22 
19 27 
19 44 
19 17 
19 64 
19 18 
19 61 
19 8 
19 86 
19 26 
19 85 
19 20 
19 69 
19 23 
19 92 
19 89 
19 5 
19 80 
19 35 
19 58 
19 30 
19 42 
19 24 
19 70 
19 1 
19 50 
19 93 
19 0 
19 60 
19 66 
19 77 
19 4 
19 7 
19 68 
19 16 
19 43 
19 88 
19 59 
19 71 
19 29 
19 3 
19 52 
19 79 
19 41 
19 49 
19 6 
19 76 
19 38 
19 46 
19 83 
19 65 
19 32 
19 94 
19 72 
19 10 
19 78 
19 62 
19 28 
19 47 
20 76 
20 50 
20 45 
20 59 
20 66 
20 31 
20 88 
20 42 
20 34 
20 23 
20 19 
20 11 
20 65 
20 33 
20 77 
20 91 
20 55 
20 49 
20 26 
20 63 
20 82 
20 38 
20 85 
20 67 
20 1 
20 75 
20 0 
20 48 
20 43 
20 74 
20 46 
20 37 
20 94 
20 93 
20 41 
20 60 
20 69 
20 61 
20 17 
20 89 
20 6 
20 68 
20 2 
20 8 
20 12 
20 54 
20 39 
20 70 
20 36 
20 15 
20 58 
20 3 
20 62 
20 4 
20 90 
20 25 
20 79 
20 72 
20 87 
20 84 
20 16 
20 35 
20 21 
20 24 
20 71 
20 73 
20 10 
20 27 
21 37 
21 58 
21 5 
21 79 
21 56 
21 12 
21 11 
21 52 
21 42 
21 72 
21 40 
21 76 
21 31 
21 54 
21 14 
21 0 
21 24 
21 30 
21 27 
21 47 
21 70 
21 32 
21 10 
21 16 
21 53 
21 88 
21 59 
21 80 
21 46 
21 84 
21 2 
21 83 
21 4 
21 77 
21 36 
21 68 
21 90 
21 94 
21 39 
21 48 
21 74 
21 13 
21 73 
21 25 
21 18 
21 49 
21 91 
21 65 
21 60 
21 87 
21 86 
21 75 
21 17 
21 92 
21 9 
21 26 
21 66 
21 44 
21 7 
21 50 
21 55 
21 15 
21 29 
21 38 
21 64 
21 45 
21 62 
21 20 
21 33 
21 85 
21 34 
21 69 
21 6 
21 93 
22 38 
22 54 
22 31 
22 33 
22 19 
22 17 
22 82 
22 60 
22 7 
22 30 
22 50 
22 5 
22 67 
22 94 
22 6 
22 32 
22 61 
22 29 
22 90 
22 51 
22 13 
22 9 
22 44 
22 70 
22 23 
22 79 
22 75 
22 11 
22 24 
22 26 
22 78 
22 86 
22 1 
22 83 
22 36 
22 34 
22 66 
22 59 
22 52 
22 53 
22 40 
22 56 
22 47 
22 57 
22 63 
22 72 
22 37 
22 81 
22 84 
22 2 
22 68 
22 88 
22 55 
22 15 
22 28 
22 4 
22 80 
22 69 
22 76 
22 25 
22 12 
22 0 
22 91 
22 71 
22 42 
22 85 
22 14 
22 45 
22 3 
22 65 
22 92 
22 73 
22 77 
23 71 
23 91 
23 63 
23 41 
23 18 
23 88 
23 14 
23 20 
23 19 
23 43 
23 56 
23 44 
23 16 
23 65 
23 45 
23 79 
23 29 
23 62 
23 72 
23 77 
23 22 
23 51 
23 85 
23 69 
23 8 
23 93 
23 64 
23 6 
23 39 
23 10 
23 73 
23 80 
23 28 
23 81 
23 55 
23 60 
23 53 
23 25 
23 75 
23 4 
23 31 
23 24 
23 9 
23 30 
23 78 
23 90 
23 47 
23 92 
23 1 
23 58 
23 70 
23 46 
23 89 
23 74 
23 87 
23 37 
23 27 
23 94 
23 11 
23 82 
23 84 
23 76 
23 68 
23 50 
23 61 
23 66 
23 15 
23 52 
23 40 
23 57 
23 83 
23 48 
24 46 
24 57 
24 33 
24 30 
24 25 
24 62 
24 81 
24 21 
24 39 
24 51 
24 59 
24 32 
24 79 
24 17 
24 12 
24 70 
24 28 
24 91 
24 19 
24 36 
24 11 
24 73 
24 22 
24 40 
24 88 
24 3 
24 35 
24 38 
24 56 
24 2 
24 41 
24 27 
24 69 
24 84 
24 9 
24 75 
24 86 
24 48 
24 82 
24 92 
24 15 
24 26 
24 74 
24 42 
24 58 
24 54 
24 93 
24 13 
24 23 
24 31 
24 44 
24 4 
24 52 
24 5 
24 61 
24 65 
24 63 
24 78 
24 43 
24 76 
24 72 
24 6 
24 20 
24 16 
24 55 
24 1 
24 14 
24 45 
25 26 
25 7 
25 11 
25 89 
25 80 
25 16 
25 82 
25 15 
25 4 
25 72 
25 93 
25 24 
25 33 
25 10 
25 46 
25 28 
25 81 
25 47 
25 12 
25 39 
25 70 
25 9 
25 86 
25 63 
25 71 
25 30 
25 57 
25 94 
25 34 
25 31 
25 6 
25 59 
25 27 
25 83 
25 5 
25 73 
25 18 
25 40 
25 58 
25 76 
25 21 
25 17 
25 23 
25 50 
25 51 
25 14 
25 3 
25 8 
25 90 
25 65 
25 42 
25 49 
25 64 
25 92 
25 45 
25 22 
25 2 
25 20 
25 69 
25 60 
25 13 
25 62 
25 41 
25 52 
25 54 
26 54 
26 52 
26 50 
26 31 
26 25 
26 55 
26 93 
26 89 
26 2 
26 32 
26 64 
26 51 
26 29 
26 48 
26 19 
26 72 
26 63 
26 41 
26 15 
26 74 
26 0 
26 68 
26 92 
26 20 
26 80 
26 75 
26 22 
26 78 
26 61 
26 34 
26 38 
26 81 
26 58 
26 28 
26 43 
26 39 
26 45 
26 36 
26 83 
26 18 
26 30 
26 11 
26 27 
26 49 
26 24 
26 90 
26 62 
26 60 
26 71 
26 42 
26 76 
26 17 
26 77 
26 1 
26 79 
26 10 
26 85 
26 86 
26 84 
26 53 
26 21 
26 13 
26 5 
26 40 
26 57 
26 56 
26 59 
26 6 
26 14 
26 91 
26 88 
26 35 
26 82 
26 67 
26 94 
26 66 
26 44 
27 52 
27 50 
27 67 
27 19 
27 32 
27 29 
27 63 
27 81 
27 60 
27 3 
27 85 
27 30 
27 7 
27 72 
27 21 
27 68 
27 6 
27 28 
27 1 
27 14 
27 38 
27 66 
27 88 
27 40 
27 44 
27 51 
27 87 
27 71 
27 35 
27 70 
27 17 
27 2 
27 13 
27 25 
27 55 
27 46 
27 69 
27 24 
27 48 
27 80 
27 76 
27 54 
27 57 
27 41 
27 26 
27 83 
27 82 
27 11 
27 42 
27 58 
27 53 
27 92 
27 18 
27 78 
27 77 
27 94 
27 73 
27 74 
27 75 
27 64 
27 23 
27 86 
27 9 
27 93 
27 89 
27 20 
28 35 
28 79 
28 62 
28 76 
28 41 
28 44 
28 33 
28 74 
28 11 
28 9 
28 68 
28 84 
28 58 
28 71 
28 2 
28 36 
28 16 
28 25 
28 45 
28 77 
28 34 
28 27 
28 78 
28 66 
28 24 
28 50 
28 72 
28 82 
28 63 
28 37 
28 14 
28 29 
28 39 
28 10 
28 26 
28 18 
28 12 
28 65 
28 23 
28 6 
28 90 
28 59 
28 86 
28 1 
28 73 
28 43 
28 70 
28 91 
28 7 
28 0 
28 38 
28 22 
28 30 
28 17 
28 4 
28 69 
28 64 
28 13 
28 85 
28 88 
28 8 
28 60 
28 57 
28 93 
28 56 
28 5 
28 61 
28 47 
28 87 
28 19 
28 52 
28 31 
28 83 
28 54 
28 42 
29 14 
29 85 
29 91 
29 72 
29 90 
29 61 
29 87 
29 27 
29 26 
29 93 
29 75 
29 11 
29 22 
29 4 
29 5 
29 23 
29 41 
29 57 
29 94 
29 34 
29 42 
29 51 
29 47 
29 43 
29 84 
29 28 
29 45 
29 36 
29 9 
29 66 
29 17 
29 92 
29 58 
29 8 
29 7 
29 0 
29 15 
29 3 
29 73 
29 65 
29 54 
29 69 
29 78 
29 19 
29 53 
29 63 
29 48 
29 60 
29 59 
29 71 
29 46 
29 55 
29 56 
29 49 
29 10 
29 39 
29 80 
29 12 
29 67 
29 18 
29 50 
29 64 
29 21 
29 82 
29 31 
29 89 
29 77 
29 76 
29 1 
29 88 
29 79 
29 86 
29 33 
29 52 
30 70 
30 94 
30 39 
30 24 
30 1 
30 91 
30 16 
30 0 
30 56 
30 22 
30 7 
30 38 
30 12 
30 75 
30 27 
30 21 
30 47 
30 36 
30 77 
30 2 
30 81 
30 31 
30 19 
30 60 
30 25 
30 9 
30 62 
30 6 
30 67 
30 41 
30 5 
30 43 
30 86 
30 80 
30 10 
30 26 
30 61 
30 50 
30 66 
30 78 
30 42 
30 71 
30 83 
30 53 
30 85 
30 23 
30 46 
30 84 
30 28 
30 88 
30 59 
30 76 
30 55 
30 82 
30 40 
30 51 
30 63 
30 18 
30 64 
30 14 
30 52 
30 11 
30 49 
30 89 
30 45 
30 33 
30 68 
30 92 
30 90 
30 34 
30 93 
31 35 
31 26 
31 22 
31 2 
31 73 
31 59 
31 20 
31 74 
31 72 
31 84 
31 21 
31 91 
31 90 
31 13 
31 66 
31 70 
31 89 
31 38 
31 92 
31 43 
31 64 
31 8 
31 37 
31 18 
31 57 
31 30 
31 83 
31 51 
31 34 
31 25 
31 47 
31 94 
31 87 
31 58 
31 11 
31 88 
31 36 
31 56 
31 32 
31 12 
31 81 
31 16 
31 23 
31 86 
31 48 
31 69 
31 24 
31 77 
31 46 
31 71 
31 3 
31 80 
31 68 
31 52 
31 9 
31 29 
31 76 
31 78 
31 61 
31 4 
31 65 
31 79 
31 15 
31 28 
31 5 
31 50 
32 88 
32 85 
32 67 
32 27 
32 26 
32 63 
32 91 
32 6 
32 44 
32 8 
32 51 
32 22 
32 77 
32 62 
32 71 
32 24 
32 21 
32 7 
32 94 
32 82 
32 37 
32 11 
32 65 
32 78 
32 86 
32 73 
32 34 
32 17 
32 80 
32 48 
32 90 
32 83 
32 0 
32 42 
32 38 
32 61 
32 43 
32 41 
32 40 
32 3 
32 60 
32 56 
32 53 
32 33 
32 15 
32 5 
32 93 
32 9 
32 31 
32 70 
32 87 
32 10 
32 47 
32 76 
32 50 
32 55 
32 79 
32 54 
32 52 
32 1 
32 72 
32 19 
32 4 
32 2 
32 12 
32 16 
32 81 
32 89 
32 59 
32 35 
32 57 
32 68 
33 44 
33 85 
33 24 
33 22 
33 39 
33 6 
33 80 
33 28 
33 2 
33 70 
33 55 
33 52 
33 64 
33 35 
33 77 
33 82 
33 62 
33 60 
33 25 
33 42 
33 93 
33 46 
33 92 
33 12 
33 20 
33 15 
33 69 
33 45 
33 88 
33 66 
33 37 
33 41 
33 13 
33 81 
33 87 
33 3 
33 18 
33 61 
33 68 
33 8 
33 0 
33 14 
33 56 
33 32 
33 72 
33 54 
33 47 
33 76 
33 40 
33 16 
33 48 
33 73 
33 51 
33 84 
33 38 
33 59 
33 43 
33 53 
33 74 
33 63 
33 50 
33 10 
33 90 
33 9 
33 79 
33 21 
33 30 
33 67 
33 29 
33 4 
33 1 
34 78 
34 13 
34 73 
34 59 
34 53 
34 43 
34 37 
34 1 
34 20 
34 75 
34 35 
34 93 
34 2 
34 55 
34 60 
34 44 
34 28 
34 3 
34 70 
34 89 
34 80 
34 5 
34 29 
34 92 
34 47 
34 85 
34 32 
34 79 
34 14 
34 17 
34 25 
34 31 
34 88 
34 26 
34 41 
34 83 
34 22 
34 40 
34 7 
34 61 
34 42 
34 45 
34 72 
34 81 
34 56 
34 69 
34 91 
34 66 
34 15 
34 94 
34 87 
34 4 
34 8 
34 12 
34 76 
34 54 
34 86 
34 74 
34 36 
34 58 
34 77 
34 38 
34 65 
34 0 
34 21 
34 30 
35 74 
35 31 
35 28 
35 1 
35 88 
35 67 
35 38 
35 33 
35 14 
35 71 
35 82 
35 49 
35 34 
35 41 
35 66 
35 69 
35 2 
35 4 
35 5 
35 54 
35 48 
35 78 
35 80 
35 94 
35 72 
35 19 
35 0 
35 27 
35 50 
35 24 
35 15 
35 86 
35 84 
35 64 
35 7 
35 52 
35 47 
35 87 
35 56 
35 39 
35 79 
35 61 
35 17 
35 45 
35 65 
35 37 
35 73 
35 18 
35 62 
35 58 
35 46 
35 81 
35 6 
35 55 
35 83 
35 44 
35 42 
35 13 
35 59 
35 12 
35 63 
35 20 
35 26 
35 32 
35 10 
35 9 
36 75 
36 40 
36 48 
36 13 
36 53 
36 67 
36 15 
36 41 
36 78 
36 77 
36 7 
36 3 
36 90 
36 28 
36 30 
36 2 
36 0 
36 39 
36 50 
36 86 
36 76 
36 6 
36 42 
36 24 
36 88 
36 60 
36 87 
36 54 
36 22 
36 43 
36 71 
36 29 
36 70 
36 12 
36 21 
36 57 
36 31 
36 91 
36 56 
36 5 
36 26 
36 11 
36 83 
36 51 
36 8 
36 14 
36 62 
36 44 
36 73 
36 61 
36 38 
36 55 
36 92 
36 80 
36 82 
36 64 
36 16 
36 74 
36 20 
36 68 
36 46 
36 17 
36 34 
36 58 
36 52 
36 94 
36 59 
36 63 
36 85 
37 21 
37 13 
37 79 
37 86 
37 55 
37 16 
37 91 
37 14 
37 34 
37 63 
37 15 
37 8 
37 12 
37 5 
37 77 
37 38 
37 83 
37 73 
37 31 
37 66 
37 48 
37 44 
37 32 
37 17 
37 62 
37 46 
37 56 
37 89 
37 9 
37 64 
37 75 
37 59 
37 81 
37 11 
37 88 
37 33 
37 72 
37 93 
37 94 
37 28 
37 40 
37 20 
37 60 
37 68 
37 47 
37 22 
37 87 
37 69 
37 82 
37 84 
37 51 
37 78 
37 53 
37 35 
37 1 
37 92 
37 6 
37 23 
37 65 
37 67 
37 49 
37 2 
37 18 
37 57 
37 80 
37 7 
37 90 
38 22 
38 77 
38 63 
38 11 
38 82 
38 46 
38 76 
38 56 
38 35 
38 39 
38 93 
38 30 
38 7 
38 8 
38 0 
38 31 
38 37 
38 15 
38 50 
38 53 
38 52 
38 27 
38 13 
38 49 
38 79 
38 86 
38 43 
38 20 
38 55 
38 26 
38 32 
38 24 
38 67 
38 40 
38 10 
38 51 
38 18 
38 1 
38 54 
38 94 
38 71 
38 47 
38 2 
38 75 
38 41 
38 81 
38 68 
38 36 
38 70 
38 28 
38 66 
38 9 
38 80 
38 33 
38 58 
38 44 
38 19 
38 65 
38 16 
38 72 
38 12 
38 83 
38 4 
38 34 
38 21 
38 69 
38 73 
38 48 
38 85 
38 3 
38 45 
38 62 
39 82 
39 89 
39 12 
39 30 
39 33 
39 42 
39 60 
39 1 
39 90 
39 81 
39 38 
39 91 
39 9 
39 68 
39 24 
39 53 
39 75 
39 54 
39 50 
39 36 
39 65 
39 46 
39 25 
39 55 
39 92 
39 71 
39 87 
39 52 
39 13 
39 59 
39 74 
39 23 
39 73 
39 28 
39 86 
39 76 
39 80 
39 21 
39 4 
39 26 
39 7 
39 35 
39 14 
39 84 
39 72 
39 18 
39 69 
39 20 
39 57 
39 6 
39 64 
39 29 
39 63 
39 0 
39 77 
39 10 
39 79 
39 40 
39 58 
39 51 
39 93 
39 47 
39 15 
40 36 
40 42 
40 46 
40 86 
40 75 
40 63 
40 60 
40 48 
40 21 
40 65 
40 1 
40 85 
40 5 
40 88 
40 53 
40 54 
40 11 
40 73 
40 83 
40 68 
40 27 
40 69 
40 80 
40 81 
40 13 
40 92 
40 7 
40 24 
40 12 
40 62 
40 6 
40 41 
40 64 
40 94 
40 0 
40 38 
40 37 
40 34 
40 59 
40 32 
40 14 
40 44 
40 22 
40 17 
40 84 
40 25 
40 10 
40 50 
40 71 
40 45 
40 78 
40 33 
40 74 
40 66 
40 89 
40 47 
40 2 
40 9 
40 76 
40 70 
40 79 
40 52 
40 30 
40 18 
40 26 
40 8 
40 39 
40 23 
40 72 
40 3 
41 53 
41 54 
41 11 
41 28 
41 4 
41 55 
41 23 
41 71 
41 46 
41 88 
41 36 
41 18 
41 48 
41 3 
41 12 
41 66 
41 16 
41 86 
41 35 
41 90 
41 52 
41 64 
41 26 
41 0 
41 81 
41 29 
41 74 
41 91 
41 49 
41 85 
41 83 
41 63 
41 84 
41 50 
41 79 
41 9 
41 92 
41 43 
41 34 
41 40 
41 70 
41 44 
41 69 
41 6 
41 33 
41 32 
41 30 
41 24 
41 20 
41 27 
41 80 
41 38 
41 67 
41 47 
41 1 
41 62 
41 19 
41 89 
41 5 
41 17 
41 10 
41 75 
41 77 
41 68 
41 72 
41 61 
41 7 
41 93 
41 42 
41 8 
41 25 
41 60 
42 77 
42 40 
42 14 
42 49 
42 6 
42 39 
42 58 
42 63 
42 20 
42 43 
42 21 
42 87 
42 67 
42 33 
42 61 
42 17 
42 82 
42 73 
42 70 
42 78 
42 65 
42 36 
42 47 
42 51 
42 54 
42 19 
42 44 
42 74 
42 29 
42 76 
42 94 
42 46 
42 32 
42 55 
42 92 
42 85 
42 1 
42 2 
42 13 
42 34 
42 86 
42 59 
42 91 
42 3 
42 60 
42 10 
42 24 
42 26 
42 27 
42 53 
42 30 
42 16 
42 90 
42 12 
42 25 
42 15 
42 57 
42 89 
42 45 
42 81 
42 62 
42 0 
42 18 
42 9 
42 35 
42 72 
42 22 
42 93 
42 80 
42 50 
42 41 
42 56 
42 4 
42 64 
42 28 
43 18 
43 2 
43 89 
43 64 
43 69 
43 83 
43 6 
43 34 
43 13 
43 42 
43 68 
43 49 
43 73 
43 23 
43 31 
43 93 
43 50 
43 4 
43 53 
43 38 
43 3 
43 82 
43 75 
43 88 
43 56 
43 91 
43 81 
43 17 
43 55 
43 29 
43 59 
43 41 
43 80 
43 10 
43 51 
43 36 
43 14 
43 20 
43 32 
43 30 
43 26 
43 5 
43 15 
43 65 
43 28 
43 57 
43 63 
43 86 
43 19 
43 94 
43 58 
43 66 
43 70 
43 33 
43 76 
43 8 
43 74 
43 1 
43 62 
43 77 
43 24 
43 16 
43 92 
43 11 
43 44 
44 33 
44 82 
44 7 
44 28 
44 45 
44 56 
44 19 
44 62 
44 84 
44 70 
44 75 
44 32 
44 59 
44 51 
44 23 
44 34 
44 13 
44 37 
44 22 
44 61 
44 85 
44 27 
44 60 
44 14 
44 77 
44 42 
44 87 
44 57 
44 5 
44 41 
44 83 
44 63 
44 40 
44 8 
44 93 
44 80 
44 3 
44 50 
44 55 
44 74 
44 79 
44 36 
44 1 
44 24 
44 38 
44 46 
44 65 
44 67 
44 10 
44 68 
44 21 
44 16 
44 35 
44 58 
44 2 
44 91 
44 78 
44 18 
44 72 
44 71 
44 92 
44 66 
44 48 
44 43 
44 26 
45 59 
45 90 
45 20 
45 48 
45 11 
45 17 
45 44 
45 72 
45 6 
45 12 
45 2 
45 54 
45 28 
45 80 
45 93 
45 62 
45 51 
45 76 
45 14 
45 23 
45 86 
45 61 
45 94 
45 33 
45 52 
45 88 
45 68 
45 29 
45 46 
45 58 
45 15 
45 69 
45 34 
45 47 
45 5 
45 26 
45 92 
45 87 
45 57 
45 75 
45 35 
45 18 
45 40 
45 16 
45 91 
45 50 
45 67 
45 10 
45 66 
45 55 
45 8 
45 65 
45 25 
45 79 
45 42 
45 73 
45 74 
45 0 
45 56 
45 78 
45 21 
45 22 
45 30 
45 1 
45 49 
45 7 
45 38 
45 71 
45 85 
45 24 
46 24 
46 79 
46 81 
46 54 
46 40 
46 82 
46 61 
46 14 
46 38 
46 74 
46 55 
46 65 
46 41 
46 18 
46 17 
46 83 
46 0 
46 33 
46 25 
46 51 
46 39 
46 62 
46 7 
46 72 
46 1 
46 66 
46 67 
46 37 
46 21 
46 73 
46 57 
46 42 
46 11 
46 15 
46 86 
46 49 
46 93 
46 94 
46 53 
46 70 
46 71 
46 58 
46 20 
46 27 
46 45 
46 80 
46 9 
46 5 
46 12 
46 78 
46 13 
46 60 
46 30 
46 52 
46 35 
46 29 
46 89 
46 23 
46 31 
46 44 
46 36 
46 47 
46 2 
46 68 
46 50 
46 19 
46 87 
46 90 
46 77 
46 88 
46 92 
46 63 
46 3 
46 10 
46 8 
47 7 
47 54 
47 61 
47 4 
47 5 
47 76 
47 15 
47 68 
47 30 
47 49 
47 21 
47 11 
47 0 
47 25 
47 48 
47 82 
47 42 
47 1 
47 34 
47 75 
47 79 
47 29 
47 88 
47 8 
47 31 
47 51 
47 50 
47 80 
47 13 
47 92 
47 35 
47 37 
47 22 
47 78 
47 45 
47 53 
47 84 
47 18 
47 38 
47 9 
47 56 
47 32 
47 41 
47 10 
47 33 
47 59 
47 94 
47 86 
47 73 
47 81 
47 65 
47 17 
47 62 
47 63 
47 23 
47 69 
47 70 
47 40 
47 60 
47 46 
47 16 
47 12 
47 66 
47 14 
47 6 
47 72 
47 28 
47 55 
47 71 
47 89 
47 85 
47 19 
47 39 
47 91 
47 52 
48 36 
48 45 
48 59 
48 61 
48 55 
48 86 
48 60 
48 40 
48 94 
48 41 
48 58 
48 26 
48 54 
48 17 
48 79 
48 75 
48 35 
48 47 
48 85 
48 37 
48 49 
48 80 
48 18 
48 5 
48 65 
48 16 
48 82 
48 4 
48 32 
48 89 
48 93 
48 84 
48 20 
48 88 
48 9 
48 92 
48 50 
48 27 
48 64 
48 21 
48 6 
48 24 
48 74 
48 76 
48 66 
48 53 
48 91 
48 90 
48 15 
48 31 
48 77 
48 29 
48 52 
48 33 
48 0 
48 12 
48 14 
48 63 
48 83 
48 81 
48 78 
48 51 
48 67 
48 68 
48 56 
48 8 
48 3 
48 38 
48 44 
48 7 
48 2 
48 23 
49 93 
49 42 
49 79 
49 66 
49 83 
49 65 
49 91 
49 69 
49 85 
49 35 
49 43 
49 58 
49 63 
49 16 
49 64 
49 47 
49 71 
49 86 
49 18 
49 48 
49 20 
49 38 
49 53 
49 41 
49 87 
49 92 
49 13 
49 4 
49 67 
49 46 
49 12 
49 14 
49 26 
49 1 
49 21 
49 76 
49 5 
49 90 
49 19 
49 15 
49 25 
49 80 
49 62 
49 74 
49 51 
49 29 
49 6 
49 75 
49 17 
49 11 
49 78 
49 37 
49 30 
49 82 
49 45 
49 8 
49 9 
49 50 
49 72 
49 81 
49 7 
49 73 
50 26 
50 20 
50 27 
50 65 
50 59 
50 10 
50 22 
50 82 
50 1 
50 17 
50 39 
50 38 
50 43 
50 93 
50 36 
50 70 
50 66 
50 81 
50 54 
50 63 
50 41 
50 3 
50 28 
50 87 
50 83 
50 35 
50 19 
50 88 
50 94 
50 61 
50 47 
50 92 
50 48 
50 79 
50 6 
50 40 
50 51 
50 44 
50 30 
50 25 
50 68 
50 45 
50 5 
50 64 
50 7 
50 57 
50 16 
50 32 
50 56 
50 85 
50 86 
50 53 
50 55 
50 52 
50 77 
50 13 
50 4 
50 74 
50 46 
50 15 
50 0 
50 29 
50 21 
50 23 
50 89 
50 33 
50 18 
50 58 
50 42 
50 84 
50 73 
50 49 
50 14 
50 60 
50 31 
51 72 
51 68 
51 54 
51 8 
51 91 
51 81 
51 58 
51 26 
51 5 
51 32 
51 46 
51 24 
51 6 
51 13 
51 44 
51 78 
51 45 
51 84 
51 64 
51 22 
51 70 
51 77 
51 90 
51 23 
51 27 
51 42 
51 66 
51 80 
51 88 
51 29 
51 82 
51 31 
51 47 
51 60 
51 43 
51 86 
51 59 
51 63 
51 11 
51 38 
51 93 
51 10 
51 71 
51 36 
51 73 
51 4 
51 50 
51 1 
51 89 
51 25 
51 37 
51 53 
51 76 
51 33 
51 2 
51 56 
51 49 
51 48 
51 79 
51 30 
51 55 
51 69 
51 83 
51 7 
51 39 
51 0 
51 3 
52 26 
52 27 
52 55 
52 69 
52 65 
52 79 
52 33 
52 71 
52 21 
52 80 
52 12 
52 3 
52 18 
52 41 
52 14 
52 53 
52 38 
52 39 
52 81 
52 1 
52 16 
52 75 
52 45 
52 93 
52 89 
52 22 
52 35 
52 77 
52 64 
52 73 
52 62 
52 86 
52 0 
52 72 
52 91 
52 63 
52 19 
52 48 
52 46 
52 2 
52 70 
52 50 
52 32 
52 10 
52 82 
52 92 
52 94 
52 24 
52 6 
52 66 
52 58 
52 36 
52 40 
52 13 
52 74 
52 31 
52 4 
52 88 
52 56 
52 85 
52 90 
52 30 
52 23 
52 61 
52 68 
52 60 
52 54 
52 25 
52 28 
52 15 
52 84 
52 11 
52 57 
52 87 
52 8 
52 47 
52 29 
53 41 
53 56 
53 74 
53 84 
53 80 
53 5 
53 81 
53 1 
53 34 
53 0 
53 36 
53 58 
53 54 
53 90 
53 61 
53 86 
53 85 
53 57 
53 39 
53 40 
53 7 
53 38 
53 52 
53 16 
53 43 
53 49 
53 71 
53 21 
53 94 
53 60 
53 55 
53 11 
53 64 
53 62 
53 4 
53 68 
53 46 
53 22 
53 83 
53 73 
53 32 
53 88 
53 9 
53 47 
53 2 
53 23 
53 72 
53 48 
53 79 
53 51 
53 42 
53 37 
53 30 
53 29 
53 27 
53 78 
53 17 
53 50 
53 82 
53 13 
53 14 
53 93 
53 3 
53 26 
53 6 
53 75 
53 33 
53 10 
53 8 
53 18 
53 12 
53 77 
53 89 
54 26 
54 19 
54 22 
54 41 
54 46 
54 55 
54 47 
54 7 
54 51 
54 71 
54 10 
54 83 
54 92 
54 53 
54 48 
54 93 
54 21 
54 16 
54 45 
54 39 
54 40 
54 81 
54 35 
54 65 
54 78 
54 50 
54 42 
54 89 
54 77 
54 80 
54 3 
54 57 
54 60 
54 36 
54 58 
54 56 
54 82 
54 5 
54 38 
54 33 
54 27 
54 90 
54 75 
54 69 
54 63 
54 88 
54 59 
54 24 
54 29 
54 68 
54 70 
54 73 
54 20 
54 32 
54 91 
54 62 
54 17 
54 34 
54 6 
54 11 
54 79 
54 84 
54 8 
54 18 
54 86 
54 66 
54 87 
54 12 
54 52 
54 67 
54 1 
54 15 
54 25 
54 28 
54 74 
55 52 
55 69 
55 54 
55 57 
55 60 
55 26 
55 37 
55 41 
55 48 
55 46 
55 70 
55 33 
55 93 
55 4 
55 79 
55 82 
55 73 
55 61 
55 88 
55 74 
55 34 
55 14 
55 10 
55 64 
55 39 
55 20 
55 63 
55 68 
55 58 
55 38 
55 13 
55 7 
55 53 
55 43 
55 42 
55 62 
55 27 
55 91 
55 59 
55 86 
55 23 
55 71 
55 17 
55 22 
55 44 
55 87 
55 67 
55 84 
55 36 
55 11 
55 9 
55 32 
55 80 
55 56 
55 45 
55 50 
55 29 
55 78 
55 66 
55 35 
55 92 
55 15 
55 6 
55 30 
55 3 
55 0 
55 2 
55 21 
55 51 
55 5 
55 72 
55 81 
55 83 
55 65 
55 47 
55 24 
55 77 
55 94 
56 85 
56 58 
56 62 
56 69 
56 53 
56 92 
56 88 
56 7 
56 21 
56 44 
56 1 
56 38 
56 30 
56 71 
56 67 
56 64 
56 68 
56 23 
56 80 
56 94 
56 72 
56 14 
56 17 
56 78 
56 86 
56 15 
56 37 
56 89 
56 43 
56 73 
56 65 
56 84 
56 0 
56 61 
56 11 
56 54 
56 9 
56 2 
56 3 
56 24 
56 22 
56 35 
56 32 
56 33 
56 36 
56 10 
56 31 
56 4 
56 75 
56 47 
56 74 
56 34 
56 70 
56 50 
56 55 
56 5 
56 57 
56 93 
56 51 
56 91 
56 29 
56 60 
56 48 
56 76 
56 45 
56 6 
56 28 
56 52 
56 26 
56 81 
56 77 
56 42 
56 79 
56 18 
56 90 
57 0 
57 63 
57 19 
57 24 
57 55 
57 7 
57 78 
57 94 
57 62 
57 80 
57 58 
57 59 
57 16 
57 3 
57 85 
57 53 
57 65 
57 15 
57 68 
57 60 
57 79 
57 8 
57 31 
57 76 
57 29 
57 64 
57 75 
57 72 
57 25 
57 46 
57 44 
57 54 
57 1 
57 77 
57 69 
57 92 
57 88 
57 84 
57 36 
57 22 
57 89 
57 71 
57 90 
57 27 
57 45 
57 11 
57 12 
57 43 
57 83 
57 81 
57 50 
57 91 
57 86 
57 2 
57 39 
57 6 
57 42 
57 56 
57 73 
57 10 
57 13 
57 17 
57 28 
57 26 
57 82 
57 37 
57 23 
57 4 
57 32 
57 52 
57 67 
58 56 
58 21 
58 64 
58 12 
58 42 
58 51 
58 53 
58 57 
58 48 
58 79 
58 85 
58 6 
58 49 
58 28 
58 10 
58 17 
58 78 
58 69 
58 0 
58 55 
58 77 
58 19 
58 15 
58 2 
58 1 
58 90 
58 31 
58 54 
58 26 
58 46 
58 73 
58 60 
58 45 
58 29 
58 67 
58 89 
58 25 
58 82 
58 70 
58 65 
58 8 
58 5 
58 81 
58 87 
58 27 
58 94 
58 43 
58 24 
58 59 
58 3 
58 18 
58 62 
58 7 
58 35 
58 63 
58 23 
58 88 
58 38 
58 74 
58 20 
58 61 
58 86 
58 44 
58 66 
58 52 
58 36 
58 34 
58 83 
58 50 
58 39 
58 91 
58 76 
59 88 
59 4 
59 45 
59 20 
59 34 
59 48 
59 74 
59 31 
59 70 
59 75 
59 87 
59 57 
59 50 
59 17 
59 44 
59 24 
59 61 
59 7 
59 65 
59 66 
59 37 
59 21 
59 62 
59 11 
59 39 
59 89 
59 43 
59 2 
59 51 
59 25 
59 73 
59 40 
59 22 
59 42 
59 80 
59 64 
59 69 
59 8 
59 0 
59 55 
59 28 
59 6 
59 16 
59 13 
59 47 
59 54 
59 67 
59 77 
59 58 
59 19 
59 86 
59 29 
59 94 
59 30 
59 33 
59 5 
59 15 
59 35 
59 26 
59 3 
59 14 
59 68 
59 9 
59 32 
59 36 
59 81 
59 78 
59 93 
60 11 
60 55 
60 39 
60 40 
60 84 
60 5 
60 48 
60 22 
60 68 
60 74 
60 27 
60 16 
60 33 
60 88 
60 34 
60 12 
60 57 
60 73 
60 7 
60 44 
60 30 
60 53 
60 64 
60 36 
60 4 
60 54 
60 79 
60 51 
60 71 
60 19 
60 58 
60 85 
60 37 
60 32 
60 72 
60 20 
60 75 
60 23 
60 42 
60 26 
60 66 
60 21 
60 14 
60 29 
60 46 
60 76 
60 70 
60 0 
60 47 
60 63 
60 69 
60 56 
60 28 
60 83 
60 6 
60 67 
60 25 
60 18 
60 52 
60 86 
60 41 
60 89 
60 9 
60 93 
60 50 
60 81 
61 46 
61 93 
61 48 
61 47 
61 1 
61 90 
61 7 
61 91 
61 19 
61 29 
61 82 
61 10 
61 53 
61 55 
61 42 
61 22 
61 59 
61 92 
61 11 
61 44 
61 45 
61 5 
61 56 
61 26 
61 76 
61 32 
61 83 
61 50 
61 16 
61 34 
61 6 
61 69 
61 33 
61 84 
61 80 
61 17 
61 20 
61 35 
61 65 
61 30 
61 8 
61 36 
61 86 
61 71 
61 0 
61 88 
61 79 
61 64 
61 9 
61 58 
61 89 
61 4 
61 24 
61 18 
61 77 
61 12 
61 23 
61 72 
61 41 
61 94 
61 70 
61 31 
61 28 
61 66 
61 52 
61 2 
61 63 
62 56 
62 67 
62 28 
62 79 
62 57 
62 72 
62 81 
62 44 
62 17 
62 75 
62 33 
62 24 
62 10 
62 90 
62 32 
62 45 
62 46 
62 7 
62 69 
62 84 
62 12 
62 23 
62 37 
62 63 
62 77 
62 53 
62 59 
62 30 
62 40 
62 8 
62 55 
62 6 
62 82 
62 66 
62 18 
62 89 
62 2 
62 3 
62 52 
62 73 
62 36 
62 26 
62 74 
62 76 
62 94 
62 58 
62 15 
62 41 
62 1 
62 47 
62 35 
62 9 
62 5 
62 49 
62 54 
62 16 
62 42 
62 83 
62 20 
62 43 
62 4 
62 92 
62 86 
62 78 
62 13 
62 19 
62 21 
62 85 
62 25 
62 38 
62 65 
63 93 
63 57 
63 9 
63 12 
63 38 
63 81 
63 23 
63 1 
63 40 
63 42 
63 18 
63 32 
63 27 
63 37 
63 70 
63 49 
63 88 
63 8 
63 26 
63 77 
63 90 
63 84 
63 55 
63 20 
63 50 
63 80 
63 25 
63 41 
63 62 
63 89 
63 83 
63 74 
63 28 
63 91 
63 51 
63 87 
63 82 
63 44 
63 75 
63 65 
63 3 
63 22 
63 54 
63 76 
63 43 
63 78 
63 52 
63 69 
63 16 
63 67 
63 13 
63 29 
63 6 
63 47 
63 58 
63 48 
63 60 
63 94 
63 85 
63 39 
63 24 
63 30 
63 92 
63 33 
63 35 
63 73 
63 17 
63 86 
63 46 
63 71 
63 36 
63 61 
64 58 
64 43 
64 19 
64 26 
64 33 
64 5 
64 56 
64 80 
64 49 
64 3 
64 18 
64 31 
64 41 
64 12 
64 89 
64 15 
64 55 
64 51 
64 79 
64 57 
64 37 
64 23 
64 53 
64 60 
64 7 
64 40 
64 6 
64 9 
64 76 
64 35 
64 93 
64 59 
64 48 
64 52 
64 92 
64 73 
64 71 
64 66 
64 14 
64 8 
64 78 
64 4 
64 65 
64 50 
64 2 
64 10 
64 11 
64 88 
64 81 
64 36 
64 25 
64 68 
64 72 
64 61 
64 13 
64 28 
64 94 
64 39 
64 27 
64 82 
64 70 
64 74 
64 29 
64 86 
64 30 
64 21 
64 1 
64 90 
64 84 
64 42 
64 77 
64 85 
65 79 
65 52 
65 49 
65 50 
65 46 
65 81 
65 40 
65 57 
65 91 
65 39 
65 20 
65 71 
65 67 
65 54 
65 23 
65 84 
65 14 
65 59 
65 86 
65 48 
65 42 
65 32 
65 12 
65 7 
65 77 
65 74 
65 56 
65 85 
65 2 
65 68 
65 5 
65 63 
65 28 
65 43 
65 17 
65 88 
65 61 
65 58 
65 3 
65 83 
65 15 
65 35 
65 72 
65 29 
65 21 
65 64 
65 25 
65 87 
65 8 
65 75 
65 47 
65 0 
65 66 
65 73 
65 44 
65 45 
65 38 
65 70 
65 19 
65 24 
65 93 
65 37 
65 1 
65 34 
65 11 
65 55 
65 82 
65 31 
65 16 
65 62 
65 22 
66 87 
66 16 
66 49 
66 94 
66 93 
66 20 
66 0 
66 73 
66 79 
66 10 
66 41 
66 89 
66 69 
66 31 
66 4 
66 35 
66 70 
66 68 
66 78 
66 91 
66 37 
66 27 
66 82 
66 50 
66 28 
66 1 
66 46 
66 51 
66 92 
66 13 
66 59 
66 33 
66 88 
66 14 
66 15 
66 22 
66 19 
66 62 
66 29 
66 64 
66 48 
66 30 
66 60 
66 2 
66 84 
66 40 
66 34 
66 45 
66 38 
66 77 
66 43 
66 71 
66 65 
66 67 
66 85 
66 55 
66 21 
66 76 
66 52 
66 58 
66 6 
66 72 
66 54 
66 3 
66 47 
66 23 
66 18 
66 61 
66 83 
66 44 
66 17 
66 5 
66 26 
67 94 
67 93 
67 86 
67 62 
67 2 
67 27 
67 32 
67 35 
67 36 
67 56 
67 5 
67 22 
67 69 
67 42 
67 10 
67 77 
67 65 
67 79 
67 74 
67 4 
67 85 
67 46 
67 18 
67 20 
67 84 
67 49 
67 12 
67 38 
67 30 
67 87 
67 0 
67 13 
67 8 
67 3 
67 82 
67 91 
67 58 
67 68 
67 92 
67 7 
67 41 
67 59 
67 63 
67 45 
67 55 
67 6 
67 71 
67 89 
67 66 
67 44 
67 70 
67 11 
67 90 
67 48 
67 9 
67 17 
67 29 
67 15 
67 37 
67 73 
67 60 
67 81 
67 80 
67 88 
67 54 
67 33 
67 72 
67 26 
67 57 
67 14 
68 51 
68 77 
68 28 
68 60 
68 5 
68 43 
68 85 
68 47 
68 9 
68 79 
68 39 
68 56 
68 57 
68 0 
68 27 
68 10 
68 66 
68 3 
68 26 
68 40 
68 75 
68 55 
68 74 
68 1 
68 83 
68 86 
68 45 
68 53 
68 7 
68 90 
68 65 
68 21 
68 37 
68 33 
68 12 
68 18 
68 67 
68 19 
68 22 
68 50 
68 20 
68 71 
68 38 
68 80 
68 54 
68 89 
68 64 
68 73 
68 36 
68 44 
68 46 
68 8 
68 48 
68 31 
68 41 
68 23 
68 72 
68 91 
68 52 
68 59 
68 30 
68 14 
68 15 
68 32 
68 11 
69 14 
69 56 
69 55 
69 52 
69 91 
69 13 
69 89 
69 43 
69 49 
69 86 
69 79 
69 7 
69 67 
69 66 
69 19 
69 35 
69 4 
69 62 
69 16 
69 58 
69 40 
69 2 
69 6 
69 76 
69 1 
69 33 
69 23 
69 83 
69 41 
69 57 
69 92 
69 71 
69 0 
69 27 
69 61 
69 24 
69 5 
69 59 
69 45 
69 20 
69 37 
69 93 
69 54 
69 74 
69 72 
69 84 
69 39 
69 63 
69 70 
69 29 
69 34 
69 88 
69 9 
69 90 
69 47 
69 31 
69 22 
69 28 
69 15 
69 81 
69 60 
69 10 
69 78 
69 94 
69 17 
69 18 
69 87 
69 38 
69 25 
69 51 
69 8 
69 75 
69 21 
70 30 
70 83 
70 74 
70 33 
70 59 
70 55 
70 15 
70 44 
70 63 
70 82 
70 31 
70 88 
70 9 
70 42 
70 75 
70 11 
70 66 
70 21 
70 12 
70 25 
70 34 
70 50 
70 7 
70 6 
70 22 
70 51 
70 80 
70 24 
70 79 
70 19 
70 85 
70 27 
70 41 
70 46 
70 10 
70 36 
70 17 
70 81 
70 58 
70 28 
70 1 
70 32 
70 71 
70 13 
70 3 
70 56 
70 4 
70 69 
70 38 
70 54 
70 77 
70 43 
70 47 
70 23 
70 60 
70 20 
70 52 
70 8 
70 67 
70 65 
70 18 
70 87 
70 2 
70 84 
70 40 
70 64 
70 78 
70 5 
70 0 
70 61 
70 73 
71 83 
71 23 
71 54 
71 72 
71 41 
71 52 
71 35 
71 56 
71 28 
71 49 
71 32 
71 65 
71 2 
71 1 
71 4 
71 53 
71 39 
71 73 
71 11 
71 25 
71 90 
71 76 
71 77 
71 75 
71 12 
71 27 
71 85 
71 60 
71 46 
71 36 
71 69 
71 86 
71 8 
71 16 
71 57 
71 80 
71 51 
71 64 
71 38 
71 93 
71 79 
71 94 
71 55 
71 40 
71 6 
71 74 
71 70 
71 15 
71 26 
71 68 
71 30 
71 19 
71 89 
71 61 
71 29 
71 67 
71 66 
71 84 
71 31 
71 7 
71 5 
71 22 
71 17 
71 88 
71 18 
71 44 
71 47 
71 82 
71 20 
71 63 
71 45 
71 92 
71 3 
71 91 
71 87 
72 73 
72 51 
72 80 
72 29 
72 93 
72 62 
72 71 
72 45 
72 81 
72 31 
72 21 
72 25 
72 75 
72 91 
72 27 
72 87 
72 78 
72 26 
72 15 
72 56 
72 35 
72 46 
72 17 
72 23 
72 57 
72 28 
72 2 
72 37 
72 16 
72 82 
72 6 
72 85 
72 14 
72 74 
72 10 
72 60 
72 13 
72 22 
72 1 
72 34 
72 33 
72 3 
72 53 
72 52 
72 7 
72 39 
72 69 
72 86 
72 65 
72 89 
72 9 
72 64 
72 12 
72 38 
72 32 
72 79 
72 66 
72 5 
72 77 
72 42 
72 4 
72 20 
72 68 
72 41 
72 61 
72 55 
72 44 
72 19 
72 24 
72 0 
72 47 
72 90 
72 67 
72 40 
72 88 
72 49 
72 92 
73 72 
73 85 
73 86 
73 34 
73 8 
73 31 
73 66 
73 87 
73 4 
73 43 
73 9 
73 55 
73 77 
73 75 
73 88 
73 42 
73 40 
73 10 
73 37 
73 82 
73 60 
73 71 
73 14 
73 93 
73 84 
73 15 
73 32 
73 24 
73 56 
73 46 
73 23 
73 39 
73 80 
73 59 
73 58 
73 53 
73 25 
73 89 
73 52 
73 64 
73 16 
73 28 
73 94 
73 21 
73 51 
73 62 
73 91 
73 29 
73 36 
73 35 
73 1 
73 47 
73 7 
73 78 
73 54 
73 33 
73 68 
73 6 
73 65 
73 27 
73 57 
73 79 
73 45 
73 67 
73 76 
73 63 
73 38 
73 2 
73 50 
73 20 
73 70 
73 49 
73 22 
74 0 
74 35 
74 53 
74 6 
74 13 
74 46 
74 59 
74 70 
74 9 
74 28 
74 31 
74 91 
74 60 
74 83 
74 18 
74 11 
74 85 
74 55 
74 93 
74 77 
74 26 
74 14 
74 67 
74 41 
74 42 
74 68 
74 65 
74 5 
74 63 
74 39 
74 20 
74 72 
74 16 
74 7 
74 21 
74 17 
74 48 
74 69 
74 3 
74 71 
74 56 
74 8 
74 2 
74 62 
74 24 
74 44 
74 4 
74 40 
74 36 
74 27 
74 58 
74 49 
74 87 
74 23 
74 50 
74 34 
74 43 
74 90 
74 45 
74 64 
74 33 
74 52 
74 78 
74 76 
74 54 
74 12 
75 36 
75 1 
75 92 
75 40 
75 93 
75 59 
75 34 
75 44 
75 62 
75 72 
75 30 
75 89 
75 73 
75 48 
75 39 
75 70 
75 29 
75 17 
75 88 
75 12 
75 68 
75 57 
75 16 
75 26 
75 22 
75 43 
75 71 
75 47 
75 85 
75 91 
75 37 
75 52 
75 20 
75 63 
75 77 
75 24 
75 60 
75 10 
75 56 
75 13 
75 54 
75 45 
75 38 
75 23 
75 0 
75 18 
75 21 
75 65 
75 82 
75 4 
75 27 
75 8 
75 41 
75 87 
75 3 
75 53 
75 49 
75 9 
75 81 
75 83 
75 86 
75 78 
75 69 
76 77 
76 20 
76 13 
76 28 
76 83 
76 38 
76 47 
76 21 
76 84 
76 14 
76 78 
76 45 
76 89 
76 36 
76 57 
76 69 
76 8 
76 71 
76 42 
76 61 
76 87 
76 12 
76 93 
76 64 
76 18 
76 39 
76 0 
76 94 
76 3 
76 27 
76 25 
76 1 
76 48 
76 63 
76 33 
76 62 
76 49 
76 4 
76 26 
76 88 
76 32 
76 5 
76 60 
76 51 
76 30 
76 19 
76 22 
76 43 
76 34 
76 66 
76 86 
76 40 
76 6 
76 56 
76 10 
76 2 
76 23 
76 90 
76 73 
76 82 
76 24 
76 31 
76 74 
76 29 
76 11 
76 85 
76 16 
76 91 
76 17 
76 58 
77 38 
77 42 
77 76 
77 68 
77 33 
77 18 
77 85 
77 36 
77 13 
77 87 
77 90 
77 73 
77 78 
77 67 
77 37 
77 30 
77 28 
77 32 
77 74 
77 91 
77 63 
77 84 
77 20 
77 8 
77 51 
77 1 
77 23 
77 58 
77 44 
77 10 
77 71 
77 65 
77 4 
77 54 
77 12 
77 62 
77 57 
77 83 
77 21 
77 52 
77 9 
77 75 
77 5 
77 19 
77 17 
77 93 
77 59 
77 79 
77 7 
77 11 
77 48 
77 26 
77 66 
77 94 
77 86 
77 70 
77 27 
77 31 
77 14 
77 50 
77 41 
77 80 
77 61 
77 0 
77 72 
77 39 
77 34 
77 43 
77 46 
77 6 
77 56 
77 29 
77 64 
77 15 
77 55 
77 53 
77 22 
78 34 
78 10 
78 57 
78 2 
78 7 
78 36 
78 81 
78 77 
78 16 
78 72 
78 8 
78 35 
78 51 
78 76 
78 66 
78 12 
78 28 
78 58 
78 42 
78 54 
78 56 
78 32 
78 9 
78 82 
78 22 
78 26 
78 6 
78 5 
78 47 
78 13 
78 46 
78 14 
78 30 
78 37 
78 63 
78 40 
78 64 
78 93 
78 91 
78 29 
78 79 
78 18 
78 92 
78 53 
78 90 
78 88 
78 80 
78 23 
78 73 
78 27 
78 3 
78 55 
78 94 
78 48 
78 69 
78 44 
78 70 
78 45 
78 49 
78 24 
78 74 
78 85 
78 15 
78 31 
78 62 
78 19 
78 89 
78 75 
78 59 
79 46 
79 14 
79 37 
79 28 
79 65 
79 49 
79 21 
79 62 
79 17 
79 3 
79 52 
79 92 
79 58 
79 66 
79 5 
79 69 
79 55 
79 7 
79 18 
79 81 
79 68 
79 48 
79 8 
79 57 
79 89 
79 67 
79 23 
79 24 
79 64 
79 38 
79 22 
79 13 
79 70 
79 90 
79 41 
79 34 
79 47 
79 60 
79 84 
79 94 
79 50 
79 16 
79 35 
79 11 
79 71 
79 53 
79 44 
79 15 
79 77 
79 93 
79 78 
79 19 
79 80 
79 32 
79 85 
79 88 
79 26 
79 12 
79 10 
79 86 
79 61 
79 2 
79 73 
79 45 
79 51 
79 40 
79 72 
79 54 
79 20 
79 9 
79 39 
79 33 
79 56 
79 31 
79 91 
79 29 
80 72 
80 53 
80 89 
80 7 
80 33 
80 25 
80 57 
80 86 
80 92 
80 52 
80 64 
80 82 
80 3 
80 13 
80 45 
80 56 
80 10 
80 91 
80 19 
80 35 
80 0 
80 48 
80 5 
80 70 
80 14 
80 26 
80 63 
80 34 
80 40 
80 51 
80 8 
80 32 
80 21 
80 54 
80 18 
80 43 
80 73 
80 17 
80 90 
80 47 
80 12 
80 23 
80 46 
80 59 
80 39 
80 30 
80 61 
80 71 
80 27 
80 6 
80 44 
80 81 
80 85 
80 41 
80 9 
80 68 
80 55 
80 16 
80 79 
80 36 
80 78 
80 38 
80 49 
80 22 
80 83 
80 77 
80 29 
80 88 
80 31 
80 84 
80 42 
80 94 
80 37 
80 67 
81 46 
81 5 
81 16 
81 53 
81 63 
81 10 
81 51 
81 1 
81 62 
81 39 
81 72 
81 4 
81 78 
81 65 
81 27 
81 79 
81 87 
81 17 
81 24 
81 25 
81 14 
81 54 
81 30 
81 41 
81 50 
81 82 
81 90 
81 89 
81 52 
81 40 
81 43 
81 8 
81 2 
81 37 
81 26 
81 33 
81 0 
81 23 
81 15 
81 22 
81 83 
81 70 
81 80 
81 34 
81 58 
81 38 
81 31 
81 57 
81 3 
81 47 
81 64 
81 9 
81 35 
81 48 
81 69 
81 42 
81 75 
81 88 
81 13 
81 86 
81 56 
81 55 
81 32 
81 93 
81 11 
81 12 
81 67 
81 91 
81 94 
81 59 
81 85 
81 49 
81 60 
81 6 
82 39 
82 85 
82 46 
82 44 
82 38 
82 22 
82 61 
82 35 
82 25 
82 55 
82 33 
82 50 
82 70 
82 80 
82 8 
82 42 
82 47 
82 73 
82 66 
82 32 
82 81 
82 20 
82 48 
82 43 
82 90 
82 78 
82 28 
82 92 
82 51 
82 72 
82 6 
82 91 
82 63 
82 10 
82 62 
82 54 
82 67 
82 24 
82 11 
82 37 
82 58 
82 27 
82 14 
82 83 
82 36 
82 17 
82 53 
82 75 
82 1 
82 89 
82 52 
82 64 
82 87 
82 88 
82 23 
82 30 
82 57 
82 15 
82 29 
82 76 
82 65 
82 49 
82 71 
82 26 
82 86 
82 12 
83 71 
83 12 
83 4 
83 70 
83 49 
83 76 
83 54 
83 43 
83 91 
83 74 
83 46 
83 10 
83 37 
83 16 
83 40 
83 6 
83 93 
83 13 
83 94 
83 41 
83 14 
83 63 
83 50 
83 68 
83 32 
83 69 
83 7 
83 31 
83 22 
83 21 
83 34 
83 61 
83 77 
83 44 
83 1 
83 18 
83 25 
83 53 
83 88 
83 2 
83 9 
83 0 
83 26 
83 36 
83 81 
83 27 
83 3 
83 65 
83 17 
83 57 
83 30 
83 15 
83 85 
83 82 
83 48 
83 8 
83 87 
83 80 
83 35 
83 90 
83 62 
83 19 
83 60 
83 38 
83 75 
83 55 
83 66 
83 58 
83 92 
83 5 
83 51 
83 23 
83 28 
84 0 
84 53 
84 60 
84 12 
84 44 
84 15 
84 28 
84 31 
84 9 
84 76 
84 3 
84 77 
84 63 
84 51 
84 91 
84 62 
84 65 
84 14 
84 17 
84 73 
84 41 
84 67 
84 86 
84 13 
84 56 
84 21 
84 85 
84 92 
84 48 
84 29 
84 16 
84 79 
84 35 
84 57 
84 24 
84 89 
84 4 
84 61 
84 40 
84 10 
84 22 
84 47 
84 39 
84 37 
84 18 
84 93 
84 1 
84 69 
84 66 
84 55 
84 2 
84 30 
84 8 
84 6 
84 33 
84 26 
84 71 
84 7 
84 70 
84 54 
84 23 
84 5 
84 80 
84 20 
84 64 
84 50 
84 52 
85 16 
85 56 
85 73 
85 82 
85 33 
85 32 
85 29 
85 49 
85 77 
85 58 
85 57 
85 68 
85 27 
85 40 
85 53 
85 1 
85 19 
85 74 
85 13 
85 48 
85 44 
85 41 
85 5 
85 67 
85 23 
85 20 
85 91 
85 75 
85 34 
85 15 
85 89 
85 84 
85 65 
85 70 
85 71 
85 42 
85 72 
85 60 
85 6 
85 18 
85 80 
85 7 
85 3 
85 0 
85 30 
85 83 
85 79 
85 50 
85 90 
85 26 
85 66 
85 28 
85 9 
85 63 
85 11 
85 22 
85 78 
85 52 
85 12 
85 62 
85 8 
85 38 
85 88 
85 76 
85 21 
85 47 
85 45 
85 81 
85 64 
85 36 
86 90 
86 40 
86 67 
86 37 
86 92 
86 73 
86 88 
86 69 
86 48 
86 5 
86 80 
86 19 
86 53 
86 41 
86 87 
86 49 
86 36 
86 25 
86 45 
86 38 
86 65 
86 56 
86 3 
86 32 
86 14 
86 84 
86 1 
86 22 
86 11 
86 68 
86 46 
86 51 
86 35 
86 39 
86 13 
86 42 
86 10 
86 71 
86 30 
86 4 
86 24 
86 28 
86 55 
86 15 
86 52 
86 43 
86 72 
86 94 
86 31 
86 61 
86 21 
86 47 
86 57 
86 59 
86 50 
86 77 
86 79 
86 26 
86 0 
86 58 
86 76 
86 34 
86 9 
86 17 
86 54 
86 93 
86 81 
86 64 
86 75 
86 62 
86 16 
86 27 
86 63 
86 60 
86 82 
86 8 
86 29 
87 66 
87 29 
87 59 
87 73 
87 9 
87 4 
87 42 
87 81 
87 77 
87 17 
87 15 
87 12 
87 72 
87 11 
87 13 
87 86 
87 18 
87 49 
87 39 
87 7 
87 27 
87 0 
87 50 
87 44 
87 36 
87 31 
87 76 
87 93 
87 67 
87 63 
87 16 
87 33 
87 35 
87 37 
87 88 
87 45 
87 32 
87 2 
87 58 
87 55 
87 91 
87 21 
87 65 
87 34 
87 83 
87 90 
87 74 
87 70 
87 75 
87 92 
87 23 
87 46 
87 82 
87 20 
87 69 
87 5 
87 54 
87 28 
87 3 
87 6 
87 52 
87 10 
87 71 
88 59 
88 32 
88 56 
88 13 
88 86 
88 35 
88 7 
88 20 
88 41 
88 23 
88 9 
88 14 
88 63 
88 40 
88 60 
88 55 
88 73 
88 70 
88 75 
88 89 
88 27 
88 15 
88 43 
88 51 
88 33 
88 21 
88 36 
88 24 
88 45 
88 66 
88 37 
88 47 
88 0 
88 34 
88 50 
88 6 
88 11 
88 48 
88 57 
88 8 
88 18 
88 83 
88 31 
88 3 
88 53 
88 94 
88 87 
88 65 
88 54 
88 22 
88 91 
88 76 
88 19 
88 69 
88 93 
88 64 
88 79 
88 78 
88 61 
88 30 
88 58 
88 5 
88 28 
88 80 
88 82 
88 81 
88 71 
88 52 
88 16 
88 46 
88 67 
88 26 
88 85 
88 92 
88 72 
88 29 
88 12 
89 39 
89 3 
89 43 
89 25 
89 80 
89 69 
89 26 
89 6 
89 5 
89 13 
89 66 
89 75 
89 31 
89 19 
89 79 
89 64 
89 76 
89 90 
89 88 
89 34 
89 81 
89 17 
89 54 
89 37 
89 63 
89 56 
89 85 
89 48 
89 92 
89 59 
89 52 
89 12 
89 94 
89 84 
89 62 
89 57 
89 8 
89 73 
89 58 
89 20 
89 91 
89 51 
89 72 
89 40 
89 7 
89 71 
89 41 
89 68 
89 67 
89 46 
89 16 
89 23 
89 82 
89 61 
89 42 
89 50 
89 0 
89 14 
89 30 
89 78 
89 29 
89 32 
89 10 
89 47 
89 9 
89 60 
89 27 
89 53 
90 86 
90 45 
90 7 
90 91 
90 92 
90 61 
90 29 
90 39 
90 53 
90 14 
90 31 
90 77 
90 36 
90 10 
90 41 
90 5 
90 62 
90 63 
90 22 
90 89 
90 51 
90 81 
90 79 
90 82 
90 71 
90 16 
90 32 
90 58 
90 1 
90 80 
90 68 
90 8 
90 94 
90 21 
90 3 
90 0 
90 28 
90 57 
90 54 
90 26 
90 13 
90 48 
90 42 
90 25 
90 17 
90 49 
90 78 
90 85 
90 23 
90 69 
90 87 
90 67 
90 83 
90 74 
90 20 
90 46 
90 9 
90 76 
90 52 
90 72 
90 33 
90 64 
90 30 
90 37 
90 56 
91 90 
91 23 
91 69 
91 29 
91 51 
91 30 
91 61 
91 37 
91 49 
91 83 
91 74 
91 32 
91 94 
91 39 
91 1 
91 31 
91 72 
91 18 
91 65 
91 92 
91 12 
91 77 
91 80 
91 66 
91 84 
91 20 
91 41 
91 24 
91 85 
91 75 
91 43 
91 9 
91 93 
91 0 
91 2 
91 13 
91 63 
91 8 
91 82 
91 4 
91 55 
91 42 
91 36 
91 67 
91 89 
91 17 
91 28 
91 73 
91 52 
91 21 
91 45 
91 48 
91 88 
91 87 
91 78 
91 34 
91 3 
91 57 
91 16 
91 7 
91 54 
91 56 
91 44 
91 10 
91 22 
91 68 
91 11 
91 26 
91 5 
91 79 
91 58 
91 76 
91 81 
91 47 
91 71 
92 5 
92 56 
92 75 
92 86 
92 10 
92 90 
92 15 
92 0 
92 54 
92 79 
92 80 
92 3 
92 8 
92 33 
92 91 
92 31 
92 19 
92 9 
92 61 
92 26 
92 39 
92 49 
92 66 
92 34 
92 14 
92 40 
92 41 
92 89 
92 82 
92 84 
92 57 
92 69 
92 42 
92 50 
92 48 
92 47 
92 29 
92 64 
92 45 
92 24 
92 1 
92 67 
92 94 
92 27 
92 17 
92 36 
92 12 
92 78 
92 37 
92 21 
92 23 
92 25 
92 52 
92 87 
92 55 
92 13 
92 63 
92 62 
92 43 
92 46 
92 11 
92 2 
92 83 
92 44 
92 88 
92 93 
92 30 
92 71 
92 22 
92 72 
93 63 
93 67 
93 49 
93 75 
93 61 
93 66 
93 26 
93 72 
93 55 
93 10 
93 29 
93 38 
93 25 
93 54 
93 34 
93 33 
93 74 
93 43 
93 45 
93 50 
93 83 
93 16 
93 94 
93 14 
93 8 
93 73 
93 11 
93 23 
93 9 
93 3 
93 52 
93 91 
93 37 
93 48 
93 87 
93 12 
93 46 
93 76 
93 19 
93 4 
93 64 
93 51 
93 20 
93 17 
93 44 
93 2 
93 71 
93 32 
93 69 
93 84 
93 77 
93 78 
93 79 
93 88 
93 24 
93 6 
93 56 
93 53 
93 15 
93 0 
93 65 
93 28 
93 86 
93 42 
93 41 
93 81 
93 1 
93 92 
93 39 
93 27 
93 60 
93 59 
93 30 
93 21 
94 67 
94 30 
94 66 
94 57 
94 48 
94 6 
94 91 
94 3 
94 22 
94 12 
94 16 
94 56 
94 35 
94 32 
94 83 
94 93 
94 45 
94 29 
94 53 
94 25 
94 42 
94 0 
94 37 
94 31 
94 11 
94 40 
94 46 
94 50 
94 79 
94 17 
94 90 
94 89 
94 7 
94 21 
94 20 
94 88 
94 14 
94 38 
94 76 
94 15 
94 73 
94 71 
94 92 
94 43 
94 58 
94 62 
94 86 
94 5 
94 47 
94 77 
94 59 
94 34 
94 27 
94 78 
94 64 
94 52 
94 63 
94 8 
94 69 
94 23 
94 19 
94 2 
94 61 
94 18 
94 13 
94 80 
94 36 
94 81 
94 26 
94 1 
94 55 
