0 54 96 69 88 61 7 4 70 9 32 68 62 25 58 13 30 1 64 43 38 
1 61 39 74 16 47 8 12 72 70 26 81 41 0 71 57 
2 86 33 60 20 67 48 82 37 92 47 52 90 10 27 12 62 97 25 32 14 
3 41 79 35 25 62 81 6 20 78 13 73 39 93 86 69 22 40 15 
4 10 61 20 84 78 71 17 37 94 75 43 0 42 72 13 51 31 90 55 29 96 88 59 36 67 6 52 
5 34 25 19 46 97 11 28 48 79 81 9 12 7 52 66 56 75 77 17 
6 92 44 37 3 79 14 56 45 94 4 70 83 
7 35 65 61 48 29 0 31 60 95 82 51 45 37 62 39 91 26 5 55 41 84 67 10 
8 57 40 32 26 50 1 24 58 74 13 76 25 52 95 88 77 37 80 22 
9 91 17 51 76 53 71 68 0 90 79 58 23 92 62 88 96 15 5 47 39 42 26 20 
10 4 69 29 38 95 82 18 11 32 62 2 88 59 48 7 72 
11 24 71 86 5 31 41 36 61 63 10 44 62 74 57 45 39 50 
12 14 13 35 56 69 80 54 75 61 82 51 1 94 33 55 5 2 36 85 95 39 
13 49 12 47 79 74 40 62 4 67 0 81 3 15 36 89 48 8 80 88 85 68 54 33 55 71 63 
14 12 69 60 47 81 66 88 6 86 21 45 29 44 80 2 
15 71 61 95 83 88 48 89 13 32 9 57 29 27 66 3 
16 24 78 42 70 34 1 55 68 33 35 27 60 75 73 
17 68 9 29 18 4 56 19 46 31 86 62 63 52 79 95 64 49 78 23 5 
18 82 56 17 35 46 91 30 85 79 53 74 10 57 25 50 31 39 88 38 92 69 67 68 81 21 95 
19 73 56 5 25 17 97 96 68 37 46 33 71 52 79 38 89 93 32 21 
20 69 4 62 39 79 32 64 26 90 48 88 24 2 3 83 36 25 43 93 34 46 9 
21 35 78 74 38 85 94 43 87 22 59 33 90 62 14 86 81 24 18 19 
22 57 24 61 62 54 34 35 26 90 51 21 55 65 71 72 73 3 33 8 
23 91 56 57 46 42 74 9 30 94 75 59 17 26 69 
24 29 22 63 84 16 68 80 11 47 71 74 25 20 33 8 60 55 58 91 34 96 97 53 49 36 89 62 21 
25 52 5 70 19 36 3 97 44 24 30 86 76 71 0 91 18 20 69 8 79 94 2 33 
26 93 8 49 64 20 31 78 35 50 22 56 74 41 34 28 63 40 82 1 57 7 86 23 9 94 58 
27 56 89 44 72 58 16 80 2 62 93 79 15 83 70 
28 85 58 5 40 90 45 65 26 33 72 50 95 46 48 61 
29 30 24 84 17 89 95 10 38 42 7 86 65 74 61 70 90 4 34 57 63 14 15 76 
30 29 34 52 64 88 49 83 47 77 25 18 38 39 23 79 0 56 
31 60 67 68 45 83 79 11 26 7 52 17 4 70 18 90 48 96 49 33 40 71 97 
32 89 8 86 46 61 20 85 0 71 43 15 10 39 58 50 78 67 94 91 2 19 73 
33 2 67 91 66 71 24 42 16 43 48 28 19 12 21 79 70 13 64 22 31 25 52 62 
34 5 79 30 38 75 22 16 26 89 24 20 29 66 72 87 
35 21 7 12 3 18 22 87 26 67 86 93 16 89 36 51 53 91 58 59 97 69 
36 55 25 96 93 94 97 72 46 11 58 59 20 13 35 12 4 24 48 
37 82 4 93 6 79 7 2 57 19 95 77 56 85 64 97 8 66 
38 61 72 34 29 87 21 93 10 66 30 49 41 43 18 39 45 19 77 0 76 83 40 
39 97 20 1 77 87 30 73 3 7 32 18 38 91 11 12 9 56 
40 8 86 47 13 28 54 43 26 57 51 59 88 83 3 31 38 
41 3 64 26 11 97 74 75 67 89 56 38 71 44 1 82 77 7 94 69 43 51 
42 68 95 58 16 79 29 4 94 23 64 33 88 92 87 86 9 85 73 70 
43 46 95 89 4 83 78 21 91 40 33 32 20 38 68 84 58 62 69 0 41 
44 65 6 48 60 54 25 27 68 70 11 94 41 81 14 50 84 55 
45 59 31 86 83 28 57 84 7 47 54 88 49 85 76 79 38 14 11 6 
46 43 5 89 18 78 67 32 17 94 23 36 59 57 49 63 19 52 96 86 20 28 79 56 54 77 70 93 50 
47 78 80 56 13 89 67 24 40 30 92 1 81 14 2 45 9 97 86 
48 93 83 44 5 7 82 20 2 15 95 33 13 70 61 31 67 88 10 28 85 36 
49 13 73 26 30 68 87 38 46 17 72 45 24 95 31 88 54 
50 75 84 8 59 65 26 60 52 56 53 81 18 79 86 67 28 69 89 32 82 44 46 11 
51 58 80 9 79 69 4 22 7 60 12 95 40 90 59 35 66 85 77 75 41 
52 25 30 70 31 17 50 74 2 84 46 8 63 54 5 19 85 33 4 
53 68 76 9 83 18 50 80 79 24 70 35 78 
54 0 95 22 62 44 12 71 40 63 91 67 87 80 45 96 73 13 84 64 52 79 46 49 
55 68 36 88 76 16 80 24 85 22 77 4 12 89 93 7 13 61 44 
56 69 19 18 23 97 47 12 57 17 27 26 88 50 41 6 37 5 30 46 39 85 
57 22 8 56 62 23 94 45 46 37 92 18 90 63 86 70 40 15 11 26 29 82 73 1 71 
58 51 42 28 78 76 27 81 36 86 9 24 8 0 95 68 32 69 43 35 26 
59 71 94 84 45 50 46 36 21 40 69 51 92 10 85 23 4 63 35 
60 31 14 76 44 2 7 50 24 51 88 84 61 86 16 89 
61 38 4 15 80 1 22 7 92 68 81 32 0 74 63 29 12 11 60 48 55 28 
62 93 22 91 20 3 54 57 13 17 0 7 9 10 11 27 21 2 43 66 24 33 
63 84 88 24 72 61 54 17 85 26 11 46 57 52 29 59 75 13 
64 30 41 74 26 20 80 76 42 84 17 88 87 54 33 37 0 70 
65 7 44 77 50 29 79 28 86 91 22 93 68 74 
66 85 33 38 14 95 69 51 82 5 34 62 87 15 37 86 
67 31 93 47 46 33 35 54 2 13 41 50 48 90 32 7 18 4 
68 42 17 55 53 96 24 31 61 9 49 0 16 19 84 44 78 73 58 43 13 18 65 
69 56 20 10 96 14 12 0 73 71 51 90 25 50 85 59 58 66 18 3 43 84 41 35 23 
70 87 75 25 83 52 16 0 31 74 44 77 29 1 57 81 48 33 53 82 78 27 46 42 90 6 64 
71 59 15 11 4 69 97 24 54 9 92 33 32 25 76 93 41 19 96 85 73 22 90 1 13 31 57 
72 38 63 80 27 4 36 85 1 89 28 49 74 22 73 34 10 96 
73 19 86 49 69 87 39 77 3 68 54 71 93 22 72 57 42 16 32 
74 21 90 64 1 13 24 61 26 29 23 41 52 8 70 18 72 11 94 81 65 96 
75 50 70 34 4 12 41 79 23 16 92 5 63 51 
76 53 60 87 9 64 58 55 25 92 71 8 45 81 93 86 29 38 
77 39 65 30 89 73 79 80 70 55 84 37 41 8 38 46 51 5 97 
78 47 21 16 4 46 58 26 43 3 68 17 32 96 88 53 70 
79 34 3 42 13 20 51 31 37 18 5 9 65 77 17 6 53 75 50 30 33 45 25 27 19 54 92 46 
80 47 61 91 24 51 97 72 12 64 55 77 54 89 53 83 87 13 27 14 8 
81 61 3 47 58 14 5 13 50 70 44 93 1 76 74 21 18 
82 18 37 48 7 10 2 12 26 50 57 41 66 70 86 
83 48 70 15 30 31 45 53 43 85 20 96 80 92 40 84 27 6 38 
84 63 50 29 24 59 4 90 89 45 64 68 52 60 77 43 54 7 69 83 44 
85 28 66 32 21 83 18 72 63 55 87 13 45 69 71 12 51 59 52 37 93 42 48 56 
86 2 93 73 40 11 32 45 29 25 17 58 35 57 50 65 3 60 14 46 26 21 76 42 82 47 66 
87 70 76 38 35 39 21 49 73 54 80 85 64 94 42 34 66 
88 63 30 55 0 15 20 56 14 9 45 64 60 13 18 10 40 42 48 4 78 8 49 
89 32 46 47 29 43 27 77 84 34 15 80 35 13 41 72 55 50 24 19 60 
90 97 74 84 20 28 92 9 22 4 57 69 2 51 29 31 21 67 71 70 
91 9 23 62 80 33 18 54 43 24 25 65 39 7 35 32 92 
92 6 61 96 47 90 71 76 2 9 57 59 18 83 42 75 79 91 
93 26 62 48 86 67 38 37 36 96 35 20 71 3 81 55 73 27 76 85 65 19 46 
94 59 4 95 36 46 42 21 57 12 44 23 74 87 25 32 41 6 26 97 
95 42 54 15 43 29 94 10 7 48 58 17 51 66 28 49 37 8 12 18 
96 68 69 0 92 36 19 93 24 9 83 54 71 46 31 78 4 97 74 72 
97 56 90 5 39 80 25 19 71 36 41 24 47 2 96 37 35 77 31 94 
