0 42 
0 22 
0 87 
0 106 
0 16 
0 13 
0 19 
0 30 
0 62 
0 96 
0 100 
0 70 
0 92 
0 67 
0 108 
0 60 
0 56 
0 72 
0 99 
0 68 
0 79 
0 85 
0 28 
0 2 
0 105 
0 57 
0 107 
0 76 
0 23 
0 102 
0 43 
0 46 
0 78 
0 17 
0 66 
0 37 
0 33 
0 82 
0 53 
0 40 
0 80 
0 47 
0 18 
0 34 
0 44 
0 31 
0 1 
0 90 
0 71 
0 89 
0 104 
0 54 
0 73 
0 4 
0 75 
0 55 
0 24 
0 10 
0 25 
0 97 
0 95 
0 88 
0 52 
0 39 
0 98 
0 65 
0 20 
0 84 
0 93 
0 59 
0 14 
0 94 
0 74 
0 27 
0 8 
0 35 
0 12 
0 5 
0 3 
0 64 
1 58 
1 90 
1 77 
1 78 
1 53 
1 38 
1 13 
1 14 
1 26 
1 19 
1 62 
1 55 
1 36 
1 47 
1 99 
1 69 
1 15 
1 65 
1 25 
1 93 
1 22 
1 97 
1 61 
1 83 
1 103 
1 31 
1 105 
1 44 
1 11 
1 48 
1 72 
1 95 
1 18 
1 106 
1 49 
1 51 
1 56 
1 29 
1 16 
1 46 
1 10 
1 84 
1 92 
1 96 
1 66 
1 67 
1 50 
1 68 
1 94 
1 0 
1 24 
1 70 
1 4 
1 37 
1 12 
1 57 
1 45 
1 9 
1 59 
1 104 
1 52 
1 75 
1 80 
1 54 
1 100 
1 87 
1 40 
1 81 
1 6 
1 28 
1 76 
1 86 
1 108 
1 98 
1 88 
1 42 
1 43 
1 107 
1 64 
1 30 
1 74 
1 3 
1 7 
1 23 
1 82 
1 41 
1 63 
1 8 
1 85 
2 32 
2 95 
2 15 
2 61 
2 44 
2 67 
2 97 
2 53 
2 92 
2 13 
2 42 
2 99 
2 35 
2 100 
2 31 
2 76 
2 87 
2 0 
2 29 
2 65 
2 60 
2 83 
2 3 
2 62 
2 26 
2 33 
2 10 
2 41 
2 101 
2 7 
2 64 
2 28 
2 98 
2 17 
2 25 
2 48 
2 34 
2 86 
2 59 
2 47 
2 88 
2 77 
2 55 
2 71 
2 45 
2 11 
2 105 
2 106 
2 68 
2 18 
2 104 
2 78 
2 19 
2 12 
2 63 
2 23 
2 20 
2 54 
2 5 
2 84 
2 9 
2 38 
2 56 
2 82 
2 21 
2 37 
2 91 
2 16 
2 8 
2 93 
2 75 
2 46 
2 96 
2 43 
2 14 
2 27 
2 79 
2 66 
3 17 
3 49 
3 104 
3 73 
3 89 
3 14 
3 12 
3 24 
3 84 
3 56 
3 81 
3 7 
3 6 
3 61 
3 48 
3 85 
3 76 
3 40 
3 74 
3 88 
3 2 
3 5 
3 100 
3 11 
3 35 
3 95 
3 108 
3 65 
3 58 
3 80 
3 83 
3 60 
3 38 
3 90 
3 21 
3 45 
3 75 
3 64 
3 39 
3 71 
3 63 
3 29 
3 15 
3 98 
3 99 
3 68 
3 28 
3 23 
3 43 
3 10 
3 70 
3 25 
3 77 
3 46 
3 19 
3 20 
3 53 
3 94 
3 107 
3 101 
3 93 
3 59 
3 44 
3 103 
3 36 
3 106 
3 18 
3 92 
3 31 
3 1 
3 78 
3 66 
3 0 
3 34 
3 22 
3 87 
3 86 
4 37 
4 94 
4 48 
4 31 
4 69 
4 13 
4 21 
4 86 
4 58 
4 74 
4 14 
4 57 
4 80 
4 11 
4 60 
4 12 
4 19 
4 43 
4 53 
4 41 
4 46 
4 93 
4 68 
4 83 
4 77 
4 104 
4 108 
4 81 
4 7 
4 20 
4 49 
4 107 
4 75 
4 52 
4 98 
4 54 
4 76 
4 96 
4 22 
4 102 
4 23 
4 67 
4 1 
4 0 
4 55 
4 33 
4 28 
4 71 
4 29 
4 50 
4 56 
4 91 
4 61 
4 34 
4 47 
4 85 
4 100 
4 66 
4 17 
4 72 
4 70 
4 59 
4 32 
4 16 
4 10 
4 36 
4 63 
4 35 
4 92 
4 51 
4 24 
4 105 
4 88 
4 30 
4 79 
4 42 
4 38 
4 97 
4 6 
4 99 
5 74 
5 30 
5 86 
5 32 
5 14 
5 51 
5 10 
5 13 
5 76 
5 48 
5 40 
5 17 
5 7 
5 82 
5 88 
5 41 
5 27 
5 71 
5 94 
5 103 
5 35 
5 55 
5 47 
5 22 
5 104 
5 89 
5 54 
5 29 
5 18 
5 3 
5 9 
5 67 
5 46 
5 25 
5 43 
5 101 
5 68 
5 37 
5 77 
5 80 
5 20 
5 100 
5 33 
5 60 
5 45 
5 34 
5 28 
5 44 
5 23 
5 81 
5 57 
5 38 
5 16 
5 6 
5 53 
5 56 
5 107 
5 95 
5 66 
5 106 
5 52 
5 69 
5 15 
5 58 
5 79 
5 105 
5 2 
5 85 
5 61 
5 83 
5 90 
5 62 
5 75 
5 0 
5 21 
5 42 
5 50 
5 84 
5 92 
5 63 
6 78 
6 31 
6 43 
6 40 
6 83 
6 74 
6 37 
6 84 
6 92 
6 68 
6 75 
6 24 
6 13 
6 87 
6 89 
6 17 
6 3 
6 76 
6 103 
6 56 
6 16 
6 32 
6 48 
6 79 
6 39 
6 29 
6 69 
6 47 
6 21 
6 12 
6 28 
6 30 
6 41 
6 57 
6 53 
6 14 
6 44 
6 71 
6 98 
6 97 
6 46 
6 66 
6 51 
6 55 
6 26 
6 25 
6 105 
6 9 
6 100 
6 102 
6 58 
6 80 
6 33 
6 27 
6 11 
6 88 
6 101 
6 52 
6 15 
6 5 
6 18 
6 72 
6 93 
6 1 
6 77 
6 82 
6 7 
6 106 
6 107 
6 20 
6 50 
6 54 
6 67 
6 63 
6 36 
6 64 
6 34 
6 65 
6 38 
6 19 
6 85 
6 81 
6 4 
6 86 
7 54 
7 61 
7 87 
7 21 
7 107 
7 38 
7 97 
7 47 
7 70 
7 12 
7 102 
7 5 
7 37 
7 67 
7 76 
7 41 
7 98 
7 45 
7 3 
7 59 
7 69 
7 106 
7 49 
7 22 
7 4 
7 48 
7 50 
7 99 
7 83 
7 100 
7 33 
7 55 
7 96 
7 2 
7 14 
7 9 
7 92 
7 19 
7 31 
7 68 
7 29 
7 24 
7 66 
7 35 
7 64 
7 85 
7 73 
7 84 
7 91 
7 27 
7 63 
7 18 
7 30 
7 51 
7 77 
7 93 
7 101 
7 34 
7 23 
7 42 
7 86 
7 53 
7 60 
7 6 
7 43 
7 104 
7 17 
7 80 
7 94 
7 72 
7 44 
7 65 
7 81 
7 62 
7 52 
7 8 
7 95 
7 57 
7 1 
7 15 
7 32 
7 20 
8 80 
8 106 
8 86 
8 95 
8 96 
8 38 
8 66 
8 12 
8 17 
8 29 
8 46 
8 43 
8 97 
8 59 
8 21 
8 72 
8 64 
8 60 
8 70 
8 92 
8 107 
8 74 
8 33 
8 68 
8 77 
8 108 
8 84 
8 105 
8 101 
8 78 
8 25 
8 71 
8 11 
8 19 
8 30 
8 104 
8 56 
8 53 
8 44 
8 14 
8 52 
8 10 
8 61 
8 69 
8 24 
8 102 
8 49 
8 65 
8 103 
8 57 
8 16 
8 26 
8 85 
8 67 
8 79 
8 75 
8 9 
8 50 
8 20 
8 93 
8 35 
8 15 
8 27 
8 23 
8 88 
8 18 
8 7 
8 2 
8 98 
8 45 
8 0 
8 32 
8 55 
8 34 
8 89 
8 1 
9 49 
9 45 
9 40 
9 13 
9 78 
9 107 
9 71 
9 39 
9 82 
9 74 
9 91 
9 42 
9 44 
9 31 
9 90 
9 93 
9 47 
9 25 
9 92 
9 35 
9 58 
9 20 
9 18 
9 87 
9 46 
9 11 
9 55 
9 65 
9 5 
9 64 
9 62 
9 60 
9 85 
9 19 
9 17 
9 30 
9 84 
9 27 
9 7 
9 73 
9 28 
9 108 
9 33 
9 21 
9 53 
9 38 
9 12 
9 79 
9 1 
9 72 
9 6 
9 16 
9 75 
9 52 
9 10 
9 61 
9 29 
9 88 
9 57 
9 86 
9 41 
9 97 
9 102 
9 26 
9 101 
9 8 
9 50 
9 69 
9 103 
9 2 
9 94 
9 23 
9 106 
9 68 
9 51 
10 50 
10 36 
10 30 
10 5 
10 59 
10 32 
10 16 
10 57 
10 22 
10 90 
10 35 
10 31 
10 87 
10 27 
10 15 
10 44 
10 53 
10 26 
10 81 
10 75 
10 24 
10 92 
10 2 
10 19 
10 41 
10 76 
10 1 
10 60 
10 72 
10 66 
10 54 
10 21 
10 84 
10 105 
10 79 
10 96 
10 62 
10 37 
10 100 
10 70 
10 56 
10 93 
10 8 
10 101 
10 14 
10 98 
10 0 
10 106 
10 91 
10 89 
10 55 
10 9 
10 3 
10 43 
10 69 
10 38 
10 40 
10 82 
10 46 
10 51 
10 28 
10 104 
10 4 
10 86 
10 78 
10 63 
10 103 
10 80 
10 77 
10 13 
10 48 
10 71 
10 25 
10 67 
11 71 
11 92 
11 15 
11 57 
11 98 
11 77 
11 52 
11 88 
11 80 
11 87 
11 76 
11 70 
11 69 
11 62 
11 27 
11 59 
11 42 
11 4 
11 36 
11 20 
11 89 
11 81 
11 63 
11 45 
11 1 
11 44 
11 23 
11 100 
11 37 
11 90 
11 104 
11 28 
11 9 
11 3 
11 65 
11 103 
11 96 
11 18 
11 29 
11 66 
11 32 
11 39 
11 8 
11 13 
11 54 
11 55 
11 14 
11 93 
11 106 
11 21 
11 79 
11 108 
11 24 
11 53 
11 85 
11 2 
11 82 
11 41 
11 6 
11 19 
11 35 
11 33 
11 22 
11 97 
11 86 
11 30 
11 72 
11 40 
11 68 
11 16 
11 50 
11 31 
11 75 
11 47 
11 46 
11 49 
11 61 
11 56 
11 73 
11 101 
11 78 
11 102 
11 67 
11 43 
11 51 
11 91 
11 74 
11 48 
12 41 
12 82 
12 45 
12 48 
12 3 
12 7 
12 29 
12 51 
12 8 
12 4 
12 102 
12 31 
12 60 
12 40 
12 97 
12 35 
12 78 
12 23 
12 28 
12 33 
12 24 
12 91 
12 52 
12 99 
12 89 
12 19 
12 37 
12 6 
12 30 
12 42 
12 74 
12 47 
12 26 
12 59 
12 66 
12 65 
12 34 
12 9 
12 90 
12 69 
12 85 
12 1 
12 95 
12 71 
12 80 
12 75 
12 86 
12 50 
12 101 
12 76 
12 81 
12 27 
12 54 
12 16 
12 108 
12 67 
12 98 
12 2 
12 87 
12 70 
12 62 
12 22 
12 38 
12 83 
12 46 
12 96 
12 61 
12 77 
12 25 
12 94 
12 107 
12 15 
12 53 
12 49 
12 0 
12 20 
12 55 
12 93 
12 57 
12 36 
13 61 
13 106 
13 16 
13 9 
13 0 
13 4 
13 1 
13 5 
13 42 
13 23 
13 2 
13 76 
13 6 
13 62 
13 64 
13 101 
13 30 
13 31 
13 58 
13 39 
13 87 
13 25 
13 52 
13 56 
13 32 
13 96 
13 28 
13 63 
13 17 
13 98 
13 43 
13 33 
13 48 
13 93 
13 77 
13 11 
13 82 
13 104 
13 29 
13 45 
13 24 
13 66 
13 18 
13 67 
13 91 
13 72 
13 105 
13 92 
13 14 
13 86 
13 19 
13 40 
13 60 
13 89 
13 47 
13 107 
13 99 
13 74 
13 27 
13 88 
13 78 
13 38 
13 35 
13 95 
13 94 
13 102 
13 69 
13 15 
13 103 
13 73 
13 83 
13 21 
13 41 
13 26 
13 10 
13 51 
13 108 
14 25 
14 5 
14 47 
14 1 
14 102 
14 30 
14 3 
14 35 
14 71 
14 54 
14 18 
14 87 
14 75 
14 4 
14 38 
14 33 
14 92 
14 88 
14 68 
14 20 
14 83 
14 57 
14 56 
14 108 
14 67 
14 64 
14 48 
14 85 
14 34 
14 27 
14 50 
14 24 
14 98 
14 19 
14 6 
14 7 
14 80 
14 36 
14 101 
14 46 
14 40 
14 16 
14 11 
14 39 
14 8 
14 45 
14 94 
14 15 
14 96 
14 13 
14 17 
14 10 
14 55 
14 76 
14 104 
14 95 
14 31 
14 60 
14 23 
14 106 
14 63 
14 74 
14 49 
14 77 
14 26 
14 69 
14 105 
14 66 
14 70 
14 93 
14 22 
14 86 
14 37 
14 72 
14 0 
14 73 
14 59 
14 53 
14 99 
14 2 
14 78 
14 107 
14 41 
14 21 
14 29 
15 89 
15 88 
15 50 
15 87 
15 11 
15 51 
15 29 
15 105 
15 2 
15 16 
15 1 
15 79 
15 84 
15 23 
15 40 
15 108 
15 106 
15 36 
15 10 
15 41 
15 65 
15 72 
15 78 
15 58 
15 69 
15 44 
15 64 
15 91 
15 52 
15 34 
15 43 
15 47 
15 107 
15 3 
15 31 
15 18 
15 56 
15 77 
15 73 
15 33 
15 14 
15 61 
15 75 
15 45 
15 22 
15 92 
15 95 
15 30 
15 24 
15 103 
15 60 
15 93 
15 102 
15 6 
15 46 
15 86 
15 39 
15 35 
15 83 
15 42 
15 5 
15 81 
15 100 
15 8 
15 26 
15 101 
15 62 
15 13 
15 19 
15 12 
15 38 
15 71 
15 90 
15 17 
15 66 
15 25 
15 82 
15 32 
15 7 
15 54 
15 68 
15 63 
16 88 
16 13 
16 0 
16 10 
16 70 
16 15 
16 18 
16 75 
16 84 
16 57 
16 97 
16 39 
16 102 
16 6 
16 64 
16 37 
16 61 
16 43 
16 45 
16 72 
16 79 
16 86 
16 101 
16 17 
16 24 
16 108 
16 21 
16 47 
16 71 
16 1 
16 33 
16 98 
16 49 
16 63 
16 28 
16 42 
16 34 
16 56 
16 14 
16 50 
16 29 
16 23 
16 32 
16 96 
16 44 
16 48 
16 51 
16 20 
16 93 
16 9 
16 38 
16 74 
16 66 
16 69 
16 83 
16 12 
16 19 
16 8 
16 5 
16 27 
16 4 
16 87 
16 65 
16 92 
16 11 
16 106 
16 77 
16 100 
16 55 
16 41 
16 30 
16 94 
16 2 
16 46 
16 68 
16 105 
16 89 
16 90 
16 99 
17 31 
17 3 
17 90 
17 44 
17 78 
17 32 
17 100 
17 74 
17 71 
17 41 
17 18 
17 101 
17 5 
17 29 
17 48 
17 6 
17 64 
17 8 
17 27 
17 26 
17 81 
17 35 
17 85 
17 57 
17 83 
17 22 
17 54 
17 43 
17 65 
17 49 
17 16 
17 33 
17 61 
17 60 
17 93 
17 0 
17 13 
17 9 
17 80 
17 55 
17 2 
17 72 
17 96 
17 30 
17 99 
17 70 
17 106 
17 37 
17 108 
17 86 
17 66 
17 14 
17 20 
17 87 
17 45 
17 58 
17 4 
17 24 
17 104 
17 76 
17 19 
17 75 
17 59 
17 69 
17 82 
17 21 
17 88 
17 7 
17 77 
17 62 
17 73 
17 107 
17 40 
17 94 
17 15 
17 39 
17 56 
17 97 
17 23 
17 105 
17 63 
17 79 
18 19 
18 76 
18 56 
18 81 
18 17 
18 16 
18 14 
18 63 
18 24 
18 99 
18 40 
18 1 
18 52 
18 9 
18 79 
18 36 
18 68 
18 43 
18 31 
18 5 
18 106 
18 66 
18 34 
18 90 
18 80 
18 11 
18 47 
18 85 
18 30 
18 98 
18 67 
18 0 
18 89 
18 22 
18 97 
18 108 
18 29 
18 107 
18 13 
18 15 
18 75 
18 58 
18 71 
18 88 
18 33 
18 20 
18 69 
18 7 
18 94 
18 105 
18 2 
18 46 
18 32 
18 92 
18 74 
18 6 
18 61 
18 59 
18 53 
18 77 
18 78 
18 35 
18 87 
18 38 
18 54 
18 41 
18 3 
18 57 
18 21 
18 42 
18 8 
18 84 
18 25 
18 27 
18 82 
18 101 
18 44 
19 18 
19 28 
19 55 
19 25 
19 68 
19 0 
19 23 
19 104 
19 1 
19 26 
19 77 
19 98 
19 24 
19 66 
19 31 
19 71 
19 100 
19 75 
19 4 
19 36 
19 32 
19 101 
19 44 
19 65 
19 33 
19 99 
19 39 
19 86 
19 12 
19 107 
19 72 
19 52 
19 53 
19 41 
19 69 
19 10 
19 67 
19 79 
19 9 
19 89 
19 14 
19 56 
19 105 
19 57 
19 94 
19 8 
19 40 
19 7 
19 106 
19 78 
19 70 
19 42 
19 96 
19 82 
19 47 
19 85 
19 13 
19 54 
19 76 
19 108 
19 63 
19 59 
19 11 
19 64 
19 45 
19 83 
19 16 
19 17 
19 3 
19 2 
19 29 
19 97 
19 93 
19 34 
19 81 
19 74 
19 15 
19 92 
19 84 
19 61 
19 49 
19 30 
19 37 
19 6 
19 22 
19 20 
19 88 
19 62 
19 50 
20 53 
20 106 
20 104 
20 51 
20 90 
20 33 
20 49 
20 76 
20 81 
20 74 
20 29 
20 14 
20 11 
20 43 
20 22 
20 58 
20 40 
20 97 
20 102 
20 92 
20 79 
20 9 
20 82 
20 4 
20 85 
20 24 
20 99 
20 93 
20 95 
20 28 
20 68 
20 26 
20 96 
20 31 
20 105 
20 72 
20 83 
20 5 
20 78 
20 103 
20 84 
20 37 
20 46 
20 23 
20 32 
20 98 
20 16 
20 17 
20 18 
20 62 
20 107 
20 73 
20 87 
20 71 
20 3 
20 30 
20 36 
20 2 
20 8 
20 65 
20 108 
20 6 
20 0 
20 47 
20 39 
20 91 
20 35 
20 77 
20 57 
20 52 
20 86 
20 19 
20 50 
20 12 
20 66 
20 7 
20 48 
20 101 
20 56 
20 100 
21 67 
21 22 
21 7 
21 42 
21 31 
21 87 
21 104 
21 26 
21 106 
21 4 
21 23 
21 25 
21 30 
21 92 
21 38 
21 108 
21 8 
21 66 
21 103 
21 100 
21 64 
21 82 
21 32 
21 97 
21 74 
21 56 
21 78 
21 70 
21 58 
21 6 
21 16 
21 88 
21 98 
21 28 
21 60 
21 10 
21 41 
21 37 
21 3 
21 65 
21 9 
21 71 
21 57 
21 77 
21 43 
21 39 
21 11 
21 36 
21 51 
21 81 
21 89 
21 75 
21 50 
21 94 
21 83 
21 84 
21 91 
21 34 
21 35 
21 49 
21 63 
21 61 
21 59 
21 72 
21 17 
21 27 
21 48 
21 54 
21 93 
21 76 
21 85 
21 18 
21 101 
21 33 
21 73 
21 2 
21 13 
21 96 
21 29 
21 5 
21 69 
21 14 
22 71 
22 0 
22 86 
22 99 
22 21 
22 60 
22 95 
22 80 
22 48 
22 41 
22 53 
22 103 
22 10 
22 67 
22 104 
22 55 
22 29 
22 1 
22 93 
22 90 
22 20 
22 81 
22 74 
22 100 
22 73 
22 5 
22 17 
22 7 
22 69 
22 54 
22 52 
22 42 
22 23 
22 18 
22 32 
22 57 
22 25 
22 102 
22 4 
22 58 
22 85 
22 31 
22 76 
22 82 
22 15 
22 47 
22 70 
22 49 
22 28 
22 72 
22 64 
22 44 
22 11 
22 37 
22 43 
22 12 
22 14 
22 65 
22 98 
22 89 
22 39 
22 84 
22 34 
22 36 
22 94 
22 59 
22 63 
22 77 
22 66 
22 19 
22 75 
22 91 
22 62 
22 3 
22 46 
22 30 
23 104 
23 78 
23 81 
23 69 
23 29 
23 42 
23 56 
23 19 
23 77 
23 75 
23 21 
23 83 
23 13 
23 34 
23 25 
23 40 
23 54 
23 65 
23 31 
23 70 
23 15 
23 11 
23 12 
23 0 
23 92 
23 32 
23 47 
23 68 
23 39 
23 93 
23 27 
23 51 
23 38 
23 58 
23 101 
23 50 
23 48 
23 100 
23 55 
23 106 
23 22 
23 57 
23 98 
23 43 
23 97 
23 45 
23 49 
23 79 
23 41 
23 4 
23 20 
23 16 
23 76 
23 3 
23 91 
23 89 
23 46 
23 71 
23 86 
23 88 
23 5 
23 14 
23 74 
23 103 
23 107 
23 53 
23 85 
23 59 
23 66 
23 2 
23 105 
23 33 
23 7 
23 64 
23 96 
23 63 
23 72 
23 35 
23 8 
23 73 
23 9 
23 62 
23 60 
23 1 
23 61 
23 17 
23 82 
23 102 
23 108 
24 35 
24 88 
24 27 
24 70 
24 28 
24 107 
24 87 
24 50 
24 86 
24 72 
24 39 
24 62 
24 19 
24 81 
24 3 
24 71 
24 6 
24 18 
24 101 
24 102 
24 45 
24 66 
24 69 
24 31 
24 65 
24 97 
24 12 
24 68 
24 59 
24 10 
24 25 
24 16 
24 14 
24 64 
24 57 
24 108 
24 20 
24 73 
24 42 
24 82 
24 106 
24 40 
24 1 
24 58 
24 13 
24 98 
24 105 
24 30 
24 7 
24 44 
24 41 
24 11 
24 8 
24 75 
24 32 
24 0 
24 83 
24 100 
24 55 
24 56 
24 90 
24 48 
24 15 
24 74 
24 63 
24 17 
24 51 
24 60 
24 38 
24 37 
24 46 
24 4 
24 89 
24 53 
24 36 
24 33 
24 85 
24 93 
24 76 
25 91 
25 14 
25 44 
25 31 
25 19 
25 55 
25 26 
25 33 
25 45 
25 34 
25 42 
25 21 
25 103 
25 89 
25 23 
25 41 
25 38 
25 1 
25 67 
25 61 
25 77 
25 9 
25 49 
25 35 
25 32 
25 53 
25 102 
25 37 
25 13 
25 63 
25 24 
25 71 
25 5 
25 72 
25 39 
25 69 
25 8 
25 70 
25 43 
25 22 
25 50 
25 74 
25 82 
25 2 
25 59 
25 105 
25 6 
25 80 
25 30 
25 58 
25 95 
25 87 
25 46 
25 29 
25 0 
25 27 
25 3 
25 40 
25 54 
25 47 
25 96 
25 101 
25 99 
25 64 
25 93 
25 79 
25 92 
25 60 
25 86 
25 12 
25 98 
25 36 
25 100 
25 73 
25 18 
25 15 
25 97 
25 10 
25 76 
25 62 
25 66 
25 28 
25 94 
25 84 
25 104 
25 56 
26 56 
26 42 
26 95 
26 103 
26 53 
26 98 
26 87 
26 21 
26 25 
26 1 
26 19 
26 76 
26 28 
26 34 
26 90 
26 44 
26 17 
26 58 
26 67 
26 41 
26 10 
26 80 
26 61 
26 46 
26 55 
26 2 
26 102 
26 79 
26 12 
26 20 
26 47 
26 104 
26 54 
26 33 
26 35 
26 70 
26 83 
26 81 
26 60 
26 85 
26 88 
26 6 
26 84 
26 89 
26 77 
26 97 
26 71 
26 78 
26 39 
26 52 
26 69 
26 66 
26 92 
26 8 
26 14 
26 91 
26 43 
26 96 
26 45 
26 38 
26 9 
26 29 
26 27 
26 73 
26 50 
26 59 
26 31 
26 30 
26 15 
26 105 
26 74 
26 72 
26 13 
26 57 
26 86 
26 101 
26 32 
26 64 
26 51 
26 63 
26 82 
27 24 
27 66 
27 96 
27 73 
27 108 
27 68 
27 91 
27 101 
27 11 
27 5 
27 17 
27 94 
27 28 
27 81 
27 104 
27 70 
27 88 
27 10 
27 39 
27 46 
27 23 
27 59 
27 14 
27 87 
27 37 
27 35 
27 102 
27 106 
27 72 
27 45 
27 80 
27 85 
27 9 
27 67 
27 53 
27 93 
27 52 
27 34 
27 41 
27 42 
27 98 
27 56 
27 105 
27 97 
27 51 
27 60 
27 71 
27 90 
27 62 
27 48 
27 79 
27 49 
27 25 
27 6 
27 7 
27 103 
27 50 
27 12 
27 89 
27 13 
27 16 
27 47 
27 78 
27 26 
27 43 
27 74 
27 61 
27 21 
27 8 
27 33 
27 99 
27 29 
27 31 
27 18 
27 0 
27 2 
27 83 
27 64 
27 30 
27 63 
28 58 
28 19 
28 93 
28 36 
28 107 
28 24 
28 62 
28 98 
28 101 
28 99 
28 44 
28 103 
28 73 
28 56 
28 94 
28 26 
28 33 
28 38 
28 96 
28 86 
28 52 
28 49 
28 48 
28 75 
28 27 
28 0 
28 12 
28 71 
28 50 
28 29 
28 40 
28 11 
28 92 
28 102 
28 97 
28 13 
28 21 
28 6 
28 51 
28 2 
28 20 
28 42 
28 68 
28 84 
28 16 
28 9 
28 105 
28 79 
28 106 
28 45 
28 90 
28 89 
28 3 
28 4 
28 37 
28 108 
28 78 
28 5 
28 76 
28 22 
28 65 
28 47 
28 39 
28 10 
28 69 
28 70 
28 72 
28 54 
28 1 
28 30 
28 91 
28 83 
28 74 
28 25 
28 80 
28 100 
29 80 
29 15 
29 23 
29 32 
29 86 
29 69 
29 46 
29 67 
29 63 
29 38 
29 17 
29 85 
29 43 
29 62 
29 40 
29 12 
29 22 
29 105 
29 8 
29 75 
29 20 
29 100 
29 102 
29 2 
29 97 
29 28 
29 49 
29 5 
29 6 
29 76 
29 91 
29 50 
29 1 
29 92 
29 108 
29 83 
29 57 
29 99 
29 11 
29 39 
29 36 
29 98 
29 13 
29 3 
29 16 
29 70 
29 18 
29 7 
29 47 
29 74 
29 78 
29 4 
29 48 
29 68 
29 25 
29 89 
29 51 
29 72 
29 88 
29 93 
29 9 
29 35 
29 77 
29 87 
29 58 
29 59 
29 104 
29 101 
29 26 
29 19 
29 33 
29 30 
29 90 
29 81 
29 79 
29 103 
29 96 
29 31 
29 27 
29 21 
29 61 
29 41 
29 66 
29 95 
29 53 
29 14 
30 107 
30 45 
30 106 
30 43 
30 69 
30 5 
30 37 
30 72 
30 0 
30 10 
30 14 
30 97 
30 51 
30 63 
30 100 
30 21 
30 105 
30 48 
30 13 
30 38 
30 96 
30 76 
30 75 
30 49 
30 60 
30 56 
30 58 
30 89 
30 78 
30 62 
30 12 
30 47 
30 6 
30 66 
30 9 
30 18 
30 33 
30 77 
30 74 
30 8 
30 54 
30 17 
30 99 
30 24 
30 25 
30 92 
30 95 
30 50 
30 65 
30 108 
30 57 
30 15 
30 86 
30 34 
30 70 
30 7 
30 80 
30 52 
30 71 
30 82 
30 67 
30 42 
30 81 
30 20 
30 29 
30 11 
30 85 
30 102 
30 84 
30 73 
30 28 
30 55 
30 26 
30 16 
30 93 
30 1 
30 88 
30 19 
30 4 
30 41 
30 53 
30 27 
30 22 
31 17 
31 64 
31 6 
31 25 
31 4 
31 80 
31 90 
31 21 
31 89 
31 40 
31 61 
31 98 
31 67 
31 56 
31 82 
31 101 
31 41 
31 19 
31 48 
31 2 
31 23 
31 54 
31 12 
31 9 
31 1 
31 10 
31 13 
31 51 
31 44 
31 24 
31 36 
31 18 
31 46 
31 59 
31 85 
31 81 
31 100 
31 34 
31 20 
31 104 
31 0 
31 38 
31 7 
31 62 
31 65 
31 15 
31 60 
31 52 
31 45 
31 22 
31 33 
31 103 
31 84 
31 63 
31 73 
31 75 
31 37 
31 94 
31 86 
31 14 
31 42 
31 105 
31 35 
31 76 
31 50 
31 87 
31 106 
31 77 
31 43 
31 26 
31 11 
31 97 
31 69 
31 99 
31 68 
31 53 
31 29 
31 27 
31 3 
31 79 
31 32 
31 55 
31 47 
32 2 
32 45 
32 75 
32 17 
32 5 
32 29 
32 74 
32 10 
32 106 
32 69 
32 50 
32 98 
32 102 
32 84 
32 60 
32 19 
32 78 
32 25 
32 6 
32 85 
32 21 
32 23 
32 62 
32 52 
32 13 
32 103 
32 46 
32 39 
32 33 
32 107 
32 11 
32 88 
32 43 
32 71 
32 22 
32 90 
32 61 
32 92 
32 104 
32 96 
32 16 
32 20 
32 65 
32 83 
32 24 
32 72 
32 37 
32 64 
32 87 
32 95 
32 44 
32 55 
32 47 
32 41 
32 18 
32 4 
32 99 
32 89 
32 93 
32 91 
32 58 
32 94 
32 101 
32 79 
32 48 
32 15 
32 51 
32 31 
32 26 
32 8 
32 7 
32 35 
32 77 
32 34 
32 40 
33 48 
33 57 
33 96 
33 66 
33 25 
33 68 
33 20 
33 95 
33 100 
33 73 
33 28 
33 53 
33 14 
33 102 
33 56 
33 83 
33 69 
33 46 
33 67 
33 82 
33 71 
33 60 
33 107 
33 12 
33 19 
33 92 
33 62 
33 108 
33 8 
33 17 
33 97 
33 2 
33 86 
33 7 
33 0 
33 13 
33 16 
33 103 
33 32 
33 30 
33 43 
33 9 
33 26 
33 35 
33 42 
33 106 
33 15 
33 5 
33 4 
33 31 
33 84 
33 6 
33 93 
33 104 
33 18 
33 70 
33 99 
33 89 
33 11 
33 34 
33 72 
33 81 
33 23 
33 36 
33 37 
33 29 
33 90 
33 54 
33 44 
33 27 
33 79 
33 52 
33 21 
33 63 
33 76 
33 77 
33 98 
33 39 
33 47 
33 74 
33 24 
33 65 
33 38 
33 94 
33 85 
34 102 
34 65 
34 93 
34 25 
34 55 
34 39 
34 23 
34 26 
34 38 
34 52 
34 105 
34 99 
34 36 
34 82 
34 88 
34 106 
34 45 
34 47 
34 78 
34 76 
34 14 
34 98 
34 18 
34 97 
34 37 
34 79 
34 54 
34 108 
34 42 
34 31 
34 15 
34 0 
34 16 
34 12 
34 27 
34 2 
34 73 
34 62 
34 63 
34 40 
34 103 
34 5 
34 4 
34 56 
34 30 
34 48 
34 100 
34 75 
34 86 
34 46 
34 67 
34 33 
34 74 
34 64 
34 21 
34 7 
34 51 
34 61 
34 89 
34 49 
34 19 
34 70 
34 107 
34 53 
34 90 
34 77 
34 72 
34 41 
34 58 
34 66 
34 22 
34 6 
34 50 
34 68 
34 3 
34 83 
34 43 
34 8 
34 71 
34 92 
34 32 
34 60 
35 24 
35 43 
35 42 
35 69 
35 77 
35 14 
35 50 
35 41 
35 2 
35 79 
35 101 
35 91 
35 10 
35 51 
35 49 
35 12 
35 5 
35 52 
35 44 
35 17 
35 25 
35 9 
35 85 
35 74 
35 27 
35 37 
35 3 
35 78 
35 92 
35 57 
35 53 
35 39 
35 45 
35 46 
35 93 
35 84 
35 73 
35 86 
35 26 
35 55 
35 80 
35 33 
35 81 
35 7 
35 70 
35 54 
35 64 
35 82 
35 89 
35 36 
35 67 
35 11 
35 96 
35 29 
35 31 
35 72 
35 15 
35 75 
35 21 
35 13 
35 94 
35 18 
35 4 
35 48 
35 105 
35 8 
35 63 
35 23 
35 100 
35 99 
35 68 
35 58 
35 108 
35 20 
35 106 
35 0 
35 90 
35 32 
35 66 
35 47 
35 71 
36 95 
36 98 
36 49 
36 28 
36 85 
36 59 
36 10 
36 54 
36 1 
36 103 
36 94 
36 80 
36 61 
36 87 
36 11 
36 34 
36 19 
36 47 
36 50 
36 15 
36 97 
36 45 
36 86 
36 31 
36 43 
36 78 
36 40 
36 18 
36 104 
36 41 
36 89 
36 52 
36 96 
36 46 
36 73 
36 29 
36 57 
36 38 
36 14 
36 65 
36 106 
36 64 
36 66 
36 74 
36 62 
36 68 
36 21 
36 100 
36 63 
36 77 
36 99 
36 108 
36 35 
36 82 
36 83 
36 75 
36 71 
36 4 
36 58 
36 20 
36 33 
36 79 
36 56 
36 101 
36 60 
36 3 
36 6 
36 72 
36 25 
36 22 
36 76 
36 102 
36 24 
36 44 
36 107 
36 12 
36 55 
37 4 
37 81 
37 63 
37 30 
37 55 
37 6 
37 108 
37 105 
37 7 
37 66 
37 57 
37 74 
37 86 
37 83 
37 54 
37 53 
37 69 
37 106 
37 16 
37 92 
37 11 
37 90 
37 80 
37 25 
37 64 
37 42 
37 12 
37 88 
37 27 
37 72 
37 35 
37 34 
37 62 
37 0 
37 49 
37 41 
37 21 
37 5 
37 99 
37 91 
37 76 
37 20 
37 10 
37 95 
37 1 
37 17 
37 73 
37 28 
37 65 
37 32 
37 85 
37 31 
37 102 
37 84 
37 70 
37 47 
37 100 
37 104 
37 78 
37 22 
37 43 
37 67 
37 50 
37 33 
37 56 
37 79 
37 44 
37 24 
37 14 
37 87 
37 75 
37 107 
37 96 
37 103 
37 2 
37 101 
37 93 
37 19 
37 45 
38 53 
38 1 
38 82 
38 7 
38 8 
38 75 
38 29 
38 101 
38 63 
38 104 
38 34 
38 14 
38 25 
38 28 
38 21 
38 43 
38 70 
38 103 
38 45 
38 55 
38 30 
38 48 
38 90 
38 59 
38 50 
38 100 
38 67 
38 95 
38 78 
38 66 
38 54 
38 23 
38 46 
38 108 
38 99 
38 98 
38 81 
38 89 
38 36 
38 51 
38 3 
38 73 
38 102 
38 31 
38 107 
38 106 
38 9 
38 84 
38 52 
38 65 
38 64 
38 76 
38 16 
38 61 
38 62 
38 79 
38 10 
38 87 
38 72 
38 5 
38 26 
38 13 
38 24 
38 12 
38 40 
38 94 
38 69 
38 93 
38 41 
38 97 
38 18 
38 60 
38 2 
38 15 
38 68 
38 4 
38 6 
38 91 
38 96 
38 33 
38 58 
39 49 
39 55 
39 56 
39 81 
39 86 
39 24 
39 9 
39 34 
39 44 
39 16 
39 41 
39 104 
39 76 
39 47 
39 101 
39 27 
39 13 
39 51 
39 19 
39 23 
39 46 
39 6 
39 63 
39 25 
39 32 
39 29 
39 35 
39 67 
39 85 
39 90 
39 11 
39 3 
39 75 
39 61 
39 108 
39 14 
39 89 
39 42 
39 80 
39 21 
39 84 
39 52 
39 62 
39 77 
39 71 
39 48 
39 26 
39 88 
39 95 
39 94 
39 28 
39 15 
39 0 
39 40 
39 68 
39 93 
39 59 
39 65 
39 20 
39 82 
39 22 
39 97 
39 69 
39 83 
39 43 
39 92 
39 17 
39 66 
39 33 
39 70 
39 100 
39 96 
40 43 
40 74 
40 62 
40 55 
40 9 
40 6 
40 72 
40 31 
40 52 
40 88 
40 87 
40 108 
40 5 
40 75 
40 23 
40 57 
40 29 
40 44 
40 12 
40 105 
40 15 
40 63 
40 98 
40 20 
40 18 
40 83 
40 96 
40 3 
40 36 
40 28 
40 70 
40 102 
40 47 
40 85 
40 0 
40 100 
40 19 
40 60 
40 48 
40 24 
40 58 
40 67 
40 14 
40 86 
40 50 
40 69 
40 101 
40 82 
40 90 
40 73 
40 59 
40 34 
40 13 
40 71 
40 91 
40 77 
40 25 
40 89 
40 10 
40 81 
40 1 
40 104 
40 94 
40 95 
40 65 
40 38 
40 93 
40 97 
40 11 
40 39 
40 80 
40 53 
40 66 
40 68 
40 64 
40 107 
40 17 
40 51 
40 99 
40 42 
40 84 
40 32 
40 54 
41 12 
41 91 
41 81 
41 67 
41 65 
41 73 
41 75 
41 22 
41 54 
41 17 
41 35 
41 62 
41 7 
41 25 
41 5 
41 31 
41 97 
41 39 
41 63 
41 4 
41 87 
41 68 
41 94 
41 76 
41 69 
41 26 
41 15 
41 78 
41 95 
41 80 
41 36 
41 19 
41 71 
41 2 
41 10 
41 43 
41 60 
41 37 
41 6 
41 108 
41 21 
41 88 
41 42 
41 23 
41 27 
41 82 
41 53 
41 102 
41 47 
41 48 
41 44 
41 24 
41 96 
41 52 
41 50 
41 59 
41 90 
41 46 
41 11 
41 83 
41 107 
41 32 
41 100 
41 9 
41 103 
41 57 
41 77 
41 93 
41 58 
41 61 
41 38 
41 89 
41 64 
41 45 
41 16 
41 18 
41 49 
41 55 
41 34 
41 99 
41 86 
41 13 
41 70 
41 29 
41 104 
41 30 
41 66 
41 1 
41 14 
42 96 
42 0 
42 52 
42 26 
42 67 
42 35 
42 108 
42 21 
42 47 
42 23 
42 53 
42 82 
42 13 
42 66 
42 25 
42 2 
42 9 
42 11 
42 72 
42 77 
42 58 
42 71 
42 73 
42 92 
42 44 
42 89 
42 37 
42 69 
42 59 
42 61 
42 84 
42 93 
42 34 
42 22 
42 12 
42 78 
42 90 
42 24 
42 51 
42 28 
42 55 
42 88 
42 107 
42 16 
42 19 
42 33 
42 41 
42 27 
42 95 
42 39 
42 48 
42 54 
42 56 
42 65 
42 76 
42 70 
42 80 
42 45 
42 104 
42 60 
42 31 
42 105 
42 30 
42 91 
42 57 
42 74 
42 7 
42 75 
42 98 
42 15 
42 1 
42 62 
42 79 
42 49 
42 46 
42 63 
42 18 
42 102 
42 4 
42 5 
42 40 
42 83 
42 81 
43 40 
43 35 
43 30 
43 49 
43 54 
43 6 
43 98 
43 94 
43 69 
43 65 
43 87 
43 29 
43 108 
43 66 
43 38 
43 64 
43 62 
43 4 
43 8 
43 20 
43 16 
43 89 
43 70 
43 44 
43 101 
43 93 
43 0 
43 36 
43 68 
43 17 
43 63 
43 18 
43 74 
43 92 
43 106 
43 13 
43 81 
43 41 
43 57 
43 50 
43 90 
43 105 
43 32 
43 25 
43 33 
43 5 
43 79 
43 23 
43 72 
43 99 
43 15 
43 52 
43 21 
43 80 
43 3 
43 85 
43 95 
43 10 
43 78 
43 88 
43 97 
43 102 
43 47 
43 86 
43 26 
43 37 
43 22 
43 67 
43 48 
43 27 
43 31 
43 55 
43 7 
43 103 
43 58 
43 1 
43 59 
43 39 
43 56 
43 2 
43 34 
43 11 
43 71 
43 45 
43 46 
44 55 
44 47 
44 17 
44 60 
44 25 
44 65 
44 2 
44 66 
44 92 
44 28 
44 72 
44 75 
44 79 
44 89 
44 39 
44 52 
44 9 
44 40 
44 94 
44 53 
44 26 
44 1 
44 11 
44 35 
44 31 
44 19 
44 78 
44 43 
44 10 
44 58 
44 105 
44 76 
44 42 
44 15 
44 82 
44 56 
44 106 
44 74 
44 45 
44 85 
44 102 
44 54 
44 80 
44 63 
44 6 
44 104 
44 0 
44 69 
44 93 
44 8 
44 77 
44 101 
44 24 
44 41 
44 16 
44 5 
44 46 
44 70 
44 32 
44 22 
44 67 
44 103 
44 50 
44 73 
44 48 
44 95 
44 59 
44 3 
44 84 
44 61 
44 83 
44 107 
44 37 
44 33 
44 100 
44 7 
44 97 
44 62 
44 88 
44 108 
44 36 
44 18 
44 86 
45 100 
45 30 
45 9 
45 71 
45 32 
45 86 
45 12 
45 91 
45 75 
45 25 
45 81 
45 83 
45 97 
45 7 
45 70 
45 24 
45 38 
45 11 
45 34 
45 36 
45 46 
45 16 
45 68 
45 80 
45 82 
45 55 
45 27 
45 52 
45 44 
45 35 
45 85 
45 78 
45 3 
45 23 
45 13 
45 28 
45 89 
45 50 
45 73 
45 61 
45 14 
45 74 
45 1 
45 31 
45 106 
45 64 
45 15 
45 5 
45 53 
45 99 
45 2 
45 67 
45 17 
45 58 
45 42 
45 19 
45 108 
45 26 
45 56 
45 98 
45 59 
45 103 
45 105 
45 101 
45 60 
45 41 
45 92 
45 96 
45 47 
45 93 
45 8 
45 95 
45 37 
45 63 
45 54 
45 43 
45 48 
45 84 
46 97 
46 55 
46 29 
46 64 
46 83 
46 73 
46 108 
46 90 
46 66 
46 59 
46 72 
46 84 
46 8 
46 33 
46 71 
46 4 
46 105 
46 45 
46 74 
46 27 
46 0 
46 26 
46 39 
46 31 
46 9 
46 92 
46 63 
46 76 
46 38 
46 5 
46 32 
46 36 
46 1 
46 91 
46 60 
46 95 
46 88 
46 50 
46 35 
46 94 
46 53 
46 62 
46 14 
46 104 
46 69 
46 107 
46 6 
46 20 
46 98 
46 51 
46 25 
46 81 
46 48 
46 23 
46 41 
46 56 
46 44 
46 3 
46 18 
46 34 
46 15 
46 10 
46 57 
46 52 
46 79 
46 70 
46 85 
46 12 
46 80 
46 61 
46 65 
46 49 
46 68 
46 11 
46 24 
46 42 
46 16 
46 2 
46 54 
46 22 
46 43 
46 96 
46 102 
47 44 
47 72 
47 64 
47 62 
47 103 
47 42 
47 95 
47 14 
47 60 
47 100 
47 58 
47 102 
47 93 
47 50 
47 7 
47 76 
47 1 
47 105 
47 88 
47 80 
47 36 
47 57 
47 34 
47 9 
47 63 
47 39 
47 5 
47 83 
47 66 
47 94 
47 23 
47 81 
47 6 
47 86 
47 16 
47 77 
47 30 
47 12 
47 40 
47 18 
47 0 
47 84 
47 26 
47 85 
47 15 
47 61 
47 19 
47 41 
47 67 
47 2 
47 29 
47 98 
47 104 
47 68 
47 22 
47 101 
47 4 
47 13 
47 32 
47 37 
47 28 
47 43 
47 25 
47 55 
47 99 
47 27 
47 89 
47 51 
47 78 
47 11 
47 71 
47 20 
47 79 
47 69 
47 45 
47 33 
47 70 
47 75 
47 35 
47 31 
47 59 
48 33 
48 96 
48 67 
48 4 
48 5 
48 101 
48 12 
48 22 
48 91 
48 104 
48 50 
48 100 
48 17 
48 68 
48 31 
48 28 
48 30 
48 52 
48 85 
48 53 
48 57 
48 58 
48 1 
48 38 
48 3 
48 108 
48 6 
48 81 
48 14 
48 7 
48 55 
48 98 
48 59 
48 66 
48 56 
48 23 
48 62 
48 13 
48 54 
48 80 
48 105 
48 40 
48 74 
48 84 
48 2 
48 97 
48 42 
48 90 
48 41 
48 16 
48 99 
48 29 
48 65 
48 79 
48 95 
48 27 
48 46 
48 39 
48 24 
48 83 
48 92 
48 34 
48 63 
48 94 
48 71 
48 44 
48 43 
48 69 
48 93 
48 70 
48 35 
48 21 
48 72 
48 86 
48 89 
48 32 
48 51 
48 82 
48 106 
48 10 
48 78 
48 20 
48 76 
48 11 
48 45 
49 9 
49 39 
49 83 
49 43 
49 36 
49 3 
49 70 
49 55 
49 97 
49 106 
49 20 
49 108 
49 78 
49 28 
49 77 
49 84 
49 59 
49 35 
49 80 
49 69 
49 25 
49 29 
49 7 
49 30 
49 88 
49 75 
49 17 
49 100 
49 99 
49 1 
49 54 
49 95 
49 37 
49 4 
49 62 
49 16 
49 86 
49 74 
49 76 
49 23 
49 57 
49 94 
49 61 
49 98 
49 66 
49 27 
49 8 
49 22 
49 14 
49 64 
49 65 
49 67 
49 71 
49 21 
49 107 
49 34 
49 46 
49 60 
49 68 
49 11 
49 42 
49 92 
49 41 
49 81 
49 56 
49 19 
49 12 
49 52 
49 82 
49 104 
49 96 
50 15 
50 80 
50 76 
50 10 
50 75 
50 93 
50 87 
50 24 
50 35 
50 47 
50 48 
50 96 
50 32 
50 89 
50 69 
50 70 
50 36 
50 53 
50 28 
50 73 
50 62 
50 38 
50 7 
50 14 
50 68 
50 29 
50 56 
50 91 
50 23 
50 43 
50 94 
50 1 
50 46 
50 59 
50 25 
50 71 
50 16 
50 82 
50 45 
50 107 
50 103 
50 40 
50 51 
50 57 
50 58 
50 78 
50 41 
50 4 
50 81 
50 30 
50 12 
50 21 
50 84 
50 27 
50 64 
50 54 
50 65 
50 31 
50 79 
50 44 
50 37 
50 67 
50 98 
50 66 
50 9 
50 8 
50 26 
50 95 
50 104 
50 11 
50 105 
50 52 
50 6 
50 108 
50 92 
50 99 
50 60 
50 86 
50 34 
50 63 
50 90 
50 20 
50 5 
50 101 
50 19 
51 92 
51 15 
51 97 
51 5 
51 53 
51 106 
51 20 
51 30 
51 85 
51 82 
51 79 
51 12 
51 58 
51 94 
51 35 
51 64 
51 108 
51 54 
51 31 
51 39 
51 71 
51 23 
51 101 
51 1 
51 72 
51 56 
51 81 
51 62 
51 74 
51 28 
51 42 
51 38 
51 105 
51 75 
51 59 
51 86 
51 6 
51 50 
51 78 
51 67 
51 27 
51 21 
51 16 
51 100 
51 46 
51 93 
51 98 
51 29 
51 7 
51 65 
51 10 
51 76 
51 68 
51 24 
51 69 
51 47 
51 102 
51 84 
51 87 
51 34 
51 83 
51 61 
51 96 
51 80 
51 4 
51 40 
51 91 
51 48 
51 60 
51 32 
51 26 
51 11 
51 13 
51 9 
51 90 
52 88 
52 42 
52 91 
52 99 
52 73 
52 68 
52 61 
52 11 
52 40 
52 86 
52 72 
52 44 
52 34 
52 28 
52 87 
52 48 
52 35 
52 18 
52 59 
52 13 
52 12 
52 94 
52 32 
52 19 
52 53 
52 36 
52 22 
52 45 
52 81 
52 76 
52 80 
52 57 
52 101 
52 15 
52 4 
52 100 
52 79 
52 27 
52 43 
52 105 
52 8 
52 66 
52 31 
52 56 
52 39 
52 38 
52 93 
52 41 
52 1 
52 107 
52 9 
52 26 
52 6 
52 96 
52 54 
52 30 
52 0 
52 46 
52 5 
52 70 
52 78 
52 77 
52 92 
52 50 
52 98 
52 33 
52 64 
52 104 
52 71 
52 7 
52 108 
52 49 
52 20 
52 69 
52 62 
52 106 
52 67 
53 71 
53 90 
53 107 
53 1 
53 20 
53 38 
53 58 
53 77 
53 26 
53 55 
53 97 
53 78 
53 42 
53 51 
53 22 
53 85 
53 2 
53 88 
53 33 
53 65 
53 44 
53 83 
53 81 
53 4 
53 56 
53 37 
53 48 
53 72 
53 66 
53 50 
53 59 
53 10 
53 101 
53 25 
53 84 
53 62 
53 92 
53 19 
53 52 
53 67 
53 0 
53 6 
53 86 
53 73 
53 35 
53 76 
53 46 
53 27 
53 57 
53 9 
53 87 
53 8 
53 100 
53 94 
53 103 
53 41 
53 61 
53 11 
53 45 
53 79 
53 82 
53 64 
53 89 
53 96 
53 108 
53 60 
53 99 
53 5 
53 23 
53 106 
53 3 
53 68 
53 18 
53 91 
53 7 
53 40 
53 105 
53 34 
53 31 
53 63 
53 24 
53 12 
53 14 
53 30 
53 54 
53 29 
53 95 
54 7 
54 83 
54 59 
54 43 
54 67 
54 81 
54 74 
54 41 
54 36 
54 76 
54 14 
54 103 
54 71 
54 23 
54 93 
54 100 
54 31 
54 37 
54 96 
54 88 
54 51 
54 63 
54 90 
54 104 
54 57 
54 61 
54 17 
54 73 
54 5 
54 72 
54 22 
54 38 
54 49 
54 34 
54 84 
54 82 
54 69 
54 44 
54 10 
54 48 
54 86 
54 106 
54 26 
54 4 
54 11 
54 56 
54 30 
54 94 
54 0 
54 42 
54 70 
54 35 
54 79 
54 19 
54 68 
54 1 
54 80 
54 12 
54 52 
54 25 
54 107 
54 50 
54 28 
54 92 
54 33 
54 2 
54 21 
54 65 
54 18 
54 6 
54 98 
54 46 
54 102 
54 55 
54 45 
54 15 
54 53 
54 40 
55 44 
55 39 
55 57 
55 19 
55 40 
55 37 
55 81 
55 76 
55 53 
55 25 
55 80 
55 46 
55 49 
55 1 
55 102 
55 66 
55 34 
55 58 
55 84 
55 22 
55 75 
55 70 
55 65 
55 69 
55 38 
55 71 
55 88 
55 5 
55 99 
55 86 
55 82 
55 100 
55 48 
55 26 
55 45 
55 9 
55 79 
55 107 
55 85 
55 23 
55 7 
55 89 
55 42 
55 11 
55 17 
55 87 
55 56 
55 92 
55 35 
55 97 
55 6 
55 78 
55 64 
55 4 
55 0 
55 74 
55 2 
55 14 
55 73 
55 24 
55 10 
55 32 
55 90 
55 47 
55 77 
55 59 
55 43 
55 106 
55 101 
55 30 
55 16 
55 41 
55 98 
55 95 
55 105 
55 31 
55 12 
55 8 
55 108 
55 54 
55 91 
55 36 
56 64 
56 26 
56 91 
56 39 
56 108 
56 98 
56 18 
56 90 
56 63 
56 100 
56 23 
56 28 
56 31 
56 0 
56 3 
56 33 
56 14 
56 53 
56 6 
56 87 
56 105 
56 101 
56 13 
56 67 
56 21 
56 30 
56 1 
56 50 
56 51 
56 44 
56 106 
56 48 
56 59 
56 19 
56 104 
56 54 
56 66 
56 78 
56 70 
56 16 
56 55 
56 8 
56 27 
56 15 
56 10 
56 52 
56 42 
56 107 
56 85 
56 81 
56 96 
56 62 
56 72 
56 4 
56 77 
56 57 
56 24 
56 46 
56 34 
56 89 
56 94 
56 102 
56 84 
56 5 
56 76 
56 69 
56 45 
56 73 
56 36 
56 37 
56 65 
56 93 
56 71 
56 11 
56 2 
56 80 
56 49 
56 86 
56 75 
56 99 
56 74 
56 83 
56 43 
56 17 
56 82 
56 25 
56 20 
57 33 
57 55 
57 11 
57 100 
57 68 
57 83 
57 10 
57 59 
57 76 
57 93 
57 105 
57 40 
57 4 
57 37 
57 16 
57 86 
57 14 
57 47 
57 48 
57 0 
57 60 
57 17 
57 54 
57 107 
57 91 
57 88 
57 92 
57 82 
57 84 
57 70 
57 24 
57 29 
57 52 
57 43 
57 35 
57 6 
57 23 
57 36 
57 19 
57 22 
57 61 
57 77 
57 69 
57 71 
57 53 
57 90 
57 96 
57 49 
57 21 
57 65 
57 50 
57 1 
57 62 
57 80 
57 56 
57 30 
57 67 
57 78 
57 9 
57 8 
57 5 
57 63 
57 41 
57 89 
57 46 
57 42 
57 104 
57 101 
57 98 
57 85 
57 108 
57 97 
57 18 
57 26 
57 20 
57 7 
57 99 
57 12 
58 28 
58 1 
58 86 
58 82 
58 53 
58 79 
58 67 
58 47 
58 74 
58 95 
58 4 
58 55 
58 107 
58 104 
58 51 
58 68 
58 97 
58 42 
58 48 
58 20 
58 26 
58 63 
58 13 
58 44 
58 9 
58 73 
58 15 
58 30 
58 21 
58 23 
58 102 
58 100 
58 98 
58 85 
58 70 
58 3 
58 91 
58 40 
58 93 
58 89 
58 24 
58 108 
58 106 
58 64 
58 22 
58 18 
58 25 
58 50 
58 84 
58 76 
58 6 
58 99 
58 45 
58 77 
58 17 
58 88 
58 103 
58 90 
58 29 
58 36 
58 32 
58 62 
58 71 
58 41 
58 66 
58 96 
58 5 
58 43 
58 101 
58 34 
58 60 
58 35 
58 80 
58 38 
58 81 
59 99 
59 54 
59 89 
59 36 
59 80 
59 10 
59 64 
59 57 
59 72 
59 79 
59 11 
59 46 
59 7 
59 49 
59 81 
59 8 
59 53 
59 38 
59 105 
59 69 
59 52 
59 86 
59 102 
59 24 
59 42 
59 27 
59 96 
59 31 
59 48 
59 85 
59 56 
59 63 
59 83 
59 90 
59 12 
59 50 
59 60 
59 65 
59 70 
59 68 
59 87 
59 88 
59 51 
59 25 
59 74 
59 1 
59 2 
59 40 
59 41 
59 95 
59 78 
59 19 
59 97 
59 91 
59 61 
59 75 
59 4 
59 29 
59 17 
59 23 
59 18 
59 45 
59 93 
59 26 
59 84 
59 44 
59 21 
59 3 
59 55 
59 103 
59 104 
59 71 
59 39 
59 43 
59 82 
59 98 
59 0 
59 67 
59 22 
59 14 
59 77 
59 76 
59 47 
60 44 
60 108 
60 22 
60 47 
60 98 
60 73 
60 99 
60 0 
60 63 
60 4 
60 64 
60 12 
60 32 
60 107 
60 83 
60 92 
60 57 
60 93 
60 33 
60 8 
60 67 
60 62 
60 101 
60 30 
60 2 
60 17 
60 9 
60 41 
60 46 
60 10 
60 21 
60 85 
60 91 
60 3 
60 40 
60 59 
60 90 
60 82 
60 61 
60 78 
60 86 
60 26 
60 31 
60 89 
60 5 
60 79 
60 27 
60 102 
60 65 
60 13 
60 14 
60 15 
60 42 
60 53 
60 97 
60 24 
60 71 
60 74 
60 70 
60 7 
60 45 
60 36 
60 49 
60 38 
60 25 
60 88 
60 50 
60 58 
60 23 
60 80 
60 51 
60 75 
60 34 
61 13 
61 72 
61 70 
61 7 
61 103 
61 62 
61 78 
61 2 
61 52 
61 31 
61 105 
61 74 
61 88 
61 36 
61 75 
61 91 
61 1 
61 81 
61 102 
61 73 
61 25 
61 96 
61 16 
61 3 
61 86 
61 79 
61 54 
61 26 
61 100 
61 80 
61 83 
61 42 
61 17 
61 92 
61 57 
61 90 
61 32 
61 93 
61 60 
61 39 
61 87 
61 47 
61 45 
61 49 
61 8 
61 108 
61 15 
61 64 
61 53 
61 68 
61 4 
61 38 
61 9 
61 101 
61 59 
61 99 
61 84 
61 67 
61 18 
61 34 
61 104 
61 21 
61 41 
61 27 
61 51 
61 46 
61 77 
61 12 
61 44 
61 11 
61 5 
61 19 
61 82 
61 63 
61 29 
61 106 
61 23 
61 85 
61 95 
62 61 
62 69 
62 47 
62 40 
62 91 
62 28 
62 94 
62 0 
62 1 
62 24 
62 41 
62 11 
62 29 
62 77 
62 13 
62 85 
62 43 
62 76 
62 100 
62 50 
62 60 
62 33 
62 32 
62 53 
62 104 
62 75 
62 2 
62 9 
62 30 
62 86 
62 37 
62 51 
62 84 
62 48 
62 49 
62 99 
62 46 
62 80 
62 83 
62 10 
62 71 
62 103 
62 82 
62 31 
62 74 
62 36 
62 73 
62 57 
62 39 
62 34 
62 63 
62 56 
62 105 
62 27 
62 95 
62 20 
62 38 
62 87 
62 78 
62 93 
62 64 
62 12 
62 58 
62 106 
62 81 
62 42 
62 17 
62 88 
62 102 
62 15 
62 23 
62 97 
62 44 
62 7 
62 66 
62 101 
62 5 
62 70 
62 25 
62 52 
62 22 
62 92 
62 72 
62 19 
63 37 
63 88 
63 56 
63 71 
63 96 
63 30 
63 29 
63 38 
63 60 
63 90 
63 101 
63 18 
63 100 
63 75 
63 94 
63 78 
63 41 
63 40 
63 11 
63 99 
63 47 
63 54 
63 58 
63 98 
63 43 
63 25 
63 64 
63 46 
63 82 
63 39 
63 13 
63 104 
63 83 
63 91 
63 59 
63 44 
63 68 
63 16 
63 3 
63 85 
63 86 
63 97 
63 77 
63 34 
63 62 
63 36 
63 31 
63 19 
63 73 
63 48 
63 7 
63 24 
63 14 
63 89 
63 69 
63 95 
63 57 
63 84 
63 72 
63 2 
63 66 
63 4 
63 21 
63 80 
63 23 
63 65 
63 106 
63 35 
63 108 
63 6 
63 10 
63 42 
63 53 
63 33 
63 22 
63 61 
63 50 
63 76 
63 1 
63 45 
63 26 
63 17 
63 87 
63 15 
63 79 
63 74 
63 5 
63 27 
64 56 
64 31 
64 47 
64 107 
64 71 
64 103 
64 59 
64 46 
64 78 
64 17 
64 13 
64 60 
64 43 
64 51 
64 104 
64 89 
64 100 
64 16 
64 21 
64 8 
64 14 
64 37 
64 63 
64 15 
64 65 
64 85 
64 24 
64 9 
64 69 
64 101 
64 98 
64 96 
64 2 
64 87 
64 3 
64 77 
64 36 
64 86 
64 73 
64 58 
64 76 
64 55 
64 99 
64 61 
64 7 
64 35 
64 45 
64 38 
64 81 
64 90 
64 32 
64 108 
64 53 
64 75 
64 19 
64 70 
64 68 
64 50 
64 93 
64 22 
64 49 
64 62 
64 34 
64 82 
64 79 
64 72 
64 105 
64 25 
64 23 
64 41 
64 91 
64 88 
64 40 
64 52 
64 6 
64 1 
64 106 
64 80 
64 26 
64 27 
64 0 
64 66 
65 79 
65 86 
65 44 
65 34 
65 41 
65 99 
65 105 
65 103 
65 43 
65 83 
65 23 
65 1 
65 85 
65 53 
65 55 
65 90 
65 24 
65 2 
65 19 
65 89 
65 15 
65 78 
65 17 
65 82 
65 9 
65 64 
65 93 
65 67 
65 11 
65 3 
65 81 
65 94 
65 76 
65 71 
65 59 
65 36 
65 21 
65 12 
65 98 
65 31 
65 57 
65 91 
65 32 
65 38 
65 42 
65 48 
65 37 
65 87 
65 30 
65 60 
65 97 
65 96 
65 8 
65 101 
65 28 
65 68 
65 51 
65 16 
65 50 
65 66 
65 70 
65 95 
65 49 
65 0 
65 40 
65 102 
65 22 
65 20 
65 56 
65 46 
65 54 
65 63 
65 88 
65 39 
65 92 
65 100 
65 108 
65 7 
65 104 
65 6 
65 33 
66 96 
66 27 
66 91 
66 106 
66 33 
66 44 
66 42 
66 100 
66 69 
66 8 
66 55 
66 19 
66 86 
66 103 
66 37 
66 43 
66 46 
66 84 
66 72 
66 94 
66 24 
66 77 
66 21 
66 53 
66 75 
66 47 
66 38 
66 70 
66 18 
66 48 
66 0 
66 30 
66 11 
66 10 
66 71 
66 1 
66 12 
66 56 
66 87 
66 36 
66 76 
66 68 
66 6 
66 13 
66 85 
66 52 
66 80 
66 7 
66 78 
66 17 
66 108 
66 49 
66 16 
66 4 
66 26 
66 102 
66 82 
66 65 
66 23 
66 83 
66 14 
66 74 
66 63 
66 50 
66 5 
66 88 
66 104 
66 58 
66 93 
66 40 
66 34 
66 15 
66 39 
66 62 
66 22 
66 3 
66 41 
66 25 
66 29 
66 20 
66 107 
66 35 
66 64 
66 2 
67 21 
67 48 
67 42 
67 41 
67 54 
67 58 
67 103 
67 72 
67 2 
67 31 
67 29 
67 75 
67 105 
67 85 
67 0 
67 22 
67 7 
67 107 
67 25 
67 33 
67 26 
67 101 
67 14 
67 60 
67 38 
67 56 
67 79 
67 65 
67 5 
67 53 
67 19 
67 97 
67 104 
67 39 
67 18 
67 1 
67 27 
67 96 
67 40 
67 68 
67 106 
67 78 
67 92 
67 4 
67 13 
67 51 
67 98 
67 47 
67 90 
67 45 
67 108 
67 82 
67 57 
67 81 
67 35 
67 34 
67 12 
67 8 
67 100 
67 44 
67 30 
67 37 
67 80 
67 61 
67 43 
67 50 
67 49 
67 73 
67 74 
67 84 
67 6 
67 83 
67 76 
67 59 
67 87 
67 11 
67 86 
67 10 
67 91 
67 94 
67 52 
68 90 
68 95 
68 81 
68 19 
68 52 
68 57 
68 27 
68 33 
68 6 
68 72 
68 73 
68 48 
68 14 
68 0 
68 96 
68 58 
68 76 
68 71 
68 41 
68 4 
68 107 
68 45 
68 24 
68 23 
68 43 
68 18 
68 8 
68 50 
68 77 
68 79 
68 63 
68 20 
68 91 
68 98 
68 28 
68 1 
68 5 
68 78 
68 59 
68 67 
68 92 
68 66 
68 7 
68 83 
68 36 
68 3 
68 103 
68 61 
68 29 
68 86 
68 54 
68 47 
68 85 
68 2 
68 64 
68 74 
68 105 
68 65 
68 106 
68 51 
68 53 
68 75 
68 104 
68 11 
68 39 
68 46 
68 87 
68 49 
68 40 
68 31 
68 100 
68 35 
68 38 
68 9 
68 97 
68 16 
68 34 
68 108 
68 89 
68 15 
68 101 
68 82 
69 103 
69 62 
69 30 
69 4 
69 23 
69 35 
69 83 
69 77 
69 85 
69 99 
69 29 
69 43 
69 32 
69 66 
69 11 
69 73 
69 1 
69 80 
69 70 
69 50 
69 55 
69 24 
69 33 
69 37 
69 49 
69 7 
69 97 
69 59 
69 41 
69 42 
69 15 
69 22 
69 88 
69 6 
69 19 
69 64 
69 93 
69 87 
69 25 
69 54 
69 76 
69 57 
69 75 
69 44 
69 46 
69 40 
69 12 
69 8 
69 100 
69 104 
69 18 
69 89 
69 82 
69 91 
69 16 
69 10 
69 26 
69 108 
69 63 
69 14 
69 51 
69 28 
69 17 
69 56 
69 48 
69 38 
69 5 
69 81 
69 9 
69 31 
69 90 
69 13 
69 107 
69 79 
69 39 
69 47 
69 98 
69 84 
69 102 
69 21 
69 106 
69 52 
69 92 
70 92 
70 24 
70 61 
70 100 
70 74 
70 49 
70 11 
70 71 
70 0 
70 16 
70 7 
70 69 
70 108 
70 104 
70 55 
70 23 
70 45 
70 38 
70 50 
70 96 
70 27 
70 43 
70 84 
70 8 
70 107 
70 78 
70 21 
70 94 
70 66 
70 57 
70 40 
70 58 
70 25 
70 59 
70 56 
70 19 
70 26 
70 1 
70 29 
70 106 
70 17 
70 10 
70 54 
70 35 
70 42 
70 91 
70 103 
70 101 
70 33 
70 44 
70 22 
70 90 
70 30 
70 37 
70 97 
70 64 
70 3 
70 77 
70 4 
70 65 
70 28 
70 12 
70 14 
70 89 
70 60 
70 46 
70 52 
70 48 
70 34 
70 87 
70 80 
70 86 
70 41 
70 83 
70 39 
70 62 
70 47 
70 85 
71 11 
71 53 
71 74 
71 22 
71 45 
71 64 
71 17 
71 9 
71 63 
71 88 
71 70 
71 91 
71 14 
71 54 
71 24 
71 19 
71 5 
71 46 
71 68 
71 55 
71 42 
71 99 
71 33 
71 28 
71 77 
71 51 
71 25 
71 78 
71 41 
71 16 
71 95 
71 73 
71 66 
71 8 
71 96 
71 32 
71 65 
71 6 
71 57 
71 3 
71 50 
71 21 
71 0 
71 106 
71 62 
71 12 
71 18 
71 89 
71 75 
71 4 
71 27 
71 2 
71 39 
71 26 
71 23 
71 40 
71 92 
71 30 
71 48 
71 20 
71 98 
71 36 
71 60 
71 97 
71 102 
71 79 
71 72 
71 49 
71 94 
71 58 
71 81 
71 104 
71 59 
71 47 
71 56 
71 103 
71 84 
71 52 
71 100 
71 82 
71 85 
71 15 
71 76 
71 10 
71 43 
71 105 
71 86 
71 107 
71 93 
71 34 
71 35 
72 61 
72 47 
72 90 
72 40 
72 107 
72 30 
72 100 
72 77 
72 67 
72 52 
72 24 
72 44 
72 68 
72 0 
72 59 
72 42 
72 46 
72 66 
72 53 
72 92 
72 8 
72 1 
72 16 
72 102 
72 15 
72 73 
72 81 
72 91 
72 54 
72 19 
72 108 
72 51 
72 37 
72 27 
72 25 
72 10 
72 76 
72 43 
72 85 
72 80 
72 103 
72 20 
72 17 
72 87 
72 82 
72 97 
72 13 
72 9 
72 83 
72 74 
72 56 
72 32 
72 95 
72 78 
72 29 
72 89 
72 101 
72 22 
72 4 
72 75 
72 38 
72 6 
72 35 
72 33 
72 63 
72 28 
72 71 
72 94 
72 64 
72 11 
72 21 
72 99 
72 98 
72 23 
72 48 
72 7 
72 36 
72 34 
72 26 
72 14 
72 104 
72 62 
73 107 
73 52 
73 105 
73 27 
73 3 
73 41 
73 60 
73 101 
73 28 
73 46 
73 84 
73 33 
73 69 
73 68 
73 81 
73 97 
73 61 
73 87 
73 78 
73 42 
73 22 
73 50 
73 58 
73 72 
73 54 
73 103 
73 89 
73 86 
73 75 
73 36 
73 71 
73 24 
73 53 
73 80 
73 106 
73 94 
73 102 
73 9 
73 35 
73 38 
73 108 
73 92 
73 45 
73 0 
73 64 
73 15 
73 62 
73 74 
73 34 
73 37 
73 40 
73 7 
73 83 
73 31 
73 55 
73 63 
73 20 
73 44 
73 67 
73 56 
73 26 
73 30 
73 96 
73 23 
73 100 
73 11 
73 17 
73 13 
73 21 
73 14 
73 25 
73 91 
74 5 
74 71 
74 40 
74 88 
74 102 
74 6 
74 32 
74 70 
74 17 
74 54 
74 58 
74 9 
74 61 
74 95 
74 4 
74 37 
74 20 
74 104 
74 98 
74 83 
74 22 
74 46 
74 75 
74 79 
74 21 
74 3 
74 108 
74 8 
74 35 
74 43 
74 106 
74 44 
74 12 
74 51 
74 91 
74 30 
74 49 
74 86 
74 25 
74 80 
74 48 
74 87 
74 36 
74 62 
74 45 
74 59 
74 100 
74 73 
74 72 
74 29 
74 55 
74 92 
74 16 
74 24 
74 68 
74 14 
74 23 
74 13 
74 34 
74 77 
74 18 
74 66 
74 60 
74 42 
74 78 
74 27 
74 103 
74 67 
74 105 
74 99 
74 19 
74 81 
74 26 
74 89 
74 56 
74 0 
74 1 
74 33 
74 28 
74 107 
74 93 
74 11 
74 63 
75 32 
75 50 
75 41 
75 98 
75 45 
75 23 
75 96 
75 38 
75 67 
75 44 
75 40 
75 6 
75 14 
75 16 
75 55 
75 61 
75 63 
75 19 
75 29 
75 100 
75 28 
75 66 
75 77 
75 74 
75 30 
75 10 
75 104 
75 106 
75 49 
75 93 
75 62 
75 97 
75 73 
75 4 
75 88 
75 3 
75 69 
75 85 
75 103 
75 83 
75 39 
75 51 
75 18 
75 86 
75 0 
75 71 
75 15 
75 102 
75 24 
75 12 
75 31 
75 1 
75 9 
75 21 
75 64 
75 34 
75 72 
75 59 
75 91 
75 36 
75 107 
75 87 
75 8 
75 17 
75 92 
75 35 
75 42 
75 82 
75 68 
75 11 
75 84 
75 81 
75 37 
75 56 
75 99 
75 101 
75 89 
75 2 
75 5 
75 60 
75 22 
75 47 
76 50 
76 18 
76 55 
76 5 
76 11 
76 26 
76 54 
76 47 
76 57 
76 7 
76 13 
76 20 
76 2 
76 6 
76 62 
76 68 
76 96 
76 89 
76 39 
76 86 
76 79 
76 0 
76 41 
76 30 
76 91 
76 3 
76 92 
76 44 
76 34 
76 77 
76 29 
76 46 
76 52 
76 10 
76 72 
76 65 
76 53 
76 105 
76 4 
76 69 
76 49 
76 101 
76 87 
76 66 
76 37 
76 64 
76 23 
76 58 
76 42 
76 38 
76 22 
76 104 
76 14 
76 12 
76 93 
76 19 
76 28 
76 94 
76 17 
76 82 
76 88 
76 31 
76 83 
76 51 
76 56 
76 107 
76 1 
76 103 
76 21 
76 67 
76 33 
76 36 
76 71 
76 25 
76 59 
76 63 
76 108 
76 48 
76 97 
76 24 
77 78 
77 1 
77 86 
77 69 
77 35 
77 53 
77 11 
77 23 
77 72 
77 19 
77 95 
77 62 
77 98 
77 42 
77 49 
77 105 
77 66 
77 25 
77 71 
77 4 
77 75 
77 76 
77 97 
77 8 
77 47 
77 96 
77 68 
77 30 
77 13 
77 107 
77 57 
77 83 
77 92 
77 64 
77 5 
77 85 
77 21 
77 93 
77 44 
77 101 
77 15 
77 63 
77 39 
77 99 
77 2 
77 36 
77 26 
77 56 
77 58 
77 40 
77 7 
77 70 
77 3 
77 14 
77 29 
77 74 
77 89 
77 41 
77 55 
77 6 
77 91 
77 31 
77 18 
77 103 
77 80 
77 16 
77 52 
77 61 
77 81 
77 12 
77 17 
77 88 
77 102 
77 34 
77 33 
77 20 
77 108 
77 10 
77 84 
77 22 
77 87 
77 59 
77 32 
77 106 
77 82 
78 6 
78 23 
78 77 
78 61 
78 83 
78 17 
78 1 
78 9 
78 86 
78 53 
78 79 
78 81 
78 91 
78 64 
78 103 
78 90 
78 88 
78 97 
78 104 
78 92 
78 84 
78 49 
78 63 
78 12 
78 34 
78 32 
78 44 
78 73 
78 65 
78 41 
78 15 
78 38 
78 36 
78 87 
78 70 
78 21 
78 71 
78 0 
78 94 
78 30 
78 35 
78 42 
78 106 
78 8 
78 45 
78 56 
78 19 
78 68 
78 60 
78 67 
78 20 
78 51 
78 55 
78 102 
78 66 
78 50 
78 29 
78 28 
78 59 
78 26 
78 72 
78 62 
78 57 
78 100 
78 43 
78 99 
78 2 
78 37 
78 98 
78 13 
78 27 
78 95 
78 74 
78 47 
78 18 
78 52 
78 10 
78 85 
78 93 
78 3 
78 96 
78 11 
78 14 
78 48 
79 81 
79 65 
79 58 
79 94 
79 78 
79 84 
79 44 
79 51 
79 15 
79 35 
79 59 
79 99 
79 0 
79 76 
79 20 
79 108 
79 61 
79 18 
79 74 
79 67 
79 6 
79 16 
79 55 
79 34 
79 19 
79 26 
79 103 
79 68 
79 87 
79 43 
79 102 
79 90 
79 28 
79 10 
79 97 
79 52 
79 23 
79 96 
79 9 
79 11 
79 93 
79 88 
79 54 
79 60 
79 85 
79 48 
79 27 
79 95 
79 53 
79 38 
79 100 
79 106 
79 8 
79 50 
79 46 
79 107 
79 71 
79 64 
79 36 
79 25 
79 83 
79 37 
79 92 
79 80 
79 29 
79 5 
79 32 
79 42 
79 69 
79 33 
79 47 
79 82 
79 98 
79 101 
79 4 
79 31 
79 17 
79 2 
79 63 
79 105 
80 8 
80 50 
80 31 
80 29 
80 59 
80 86 
80 11 
80 55 
80 22 
80 36 
80 69 
80 4 
80 47 
80 81 
80 49 
80 107 
80 82 
80 37 
80 45 
80 26 
80 105 
80 41 
80 61 
80 88 
80 102 
80 18 
80 27 
80 52 
80 97 
80 101 
80 73 
80 44 
80 0 
80 3 
80 48 
80 14 
80 17 
80 72 
80 62 
80 74 
80 35 
80 5 
80 99 
80 66 
80 39 
80 98 
80 25 
80 12 
80 106 
80 57 
80 43 
80 42 
80 6 
80 1 
80 104 
80 54 
80 30 
80 108 
80 67 
80 100 
80 89 
80 77 
80 46 
80 63 
80 40 
80 84 
80 79 
80 51 
80 7 
80 92 
80 90 
80 56 
80 70 
80 64 
80 85 
80 60 
80 10 
80 87 
80 58 
80 28 
81 79 
81 41 
81 37 
81 23 
81 68 
81 55 
81 18 
81 54 
81 78 
81 39 
81 45 
81 103 
81 24 
81 3 
81 73 
81 20 
81 61 
81 86 
81 53 
81 11 
81 80 
81 27 
81 59 
81 17 
81 22 
81 105 
81 94 
81 90 
81 48 
81 97 
81 10 
81 72 
81 4 
81 47 
81 52 
81 51 
81 43 
81 65 
81 31 
81 38 
81 35 
81 26 
81 21 
81 56 
81 64 
81 46 
81 50 
81 100 
81 12 
81 67 
81 5 
81 40 
81 33 
81 1 
81 30 
81 89 
81 69 
81 71 
81 29 
81 77 
81 62 
81 15 
81 95 
81 106 
81 83 
81 102 
81 19 
81 82 
81 75 
81 49 
81 74 
81 85 
81 7 
81 93 
81 107 
81 101 
81 98 
81 6 
81 87 
81 42 
81 58 
82 84 
82 102 
82 88 
82 58 
82 108 
82 12 
82 38 
82 42 
82 92 
82 9 
82 104 
82 107 
82 5 
82 31 
82 51 
82 34 
82 86 
82 85 
82 80 
82 33 
82 21 
82 97 
82 94 
82 55 
82 45 
82 65 
82 57 
82 20 
82 63 
82 44 
82 0 
82 54 
82 24 
82 103 
82 13 
82 90 
82 60 
82 25 
82 50 
82 62 
82 41 
82 100 
82 40 
82 19 
82 72 
82 35 
82 22 
82 53 
82 11 
82 89 
82 91 
82 67 
82 69 
82 83 
82 36 
82 76 
82 30 
82 10 
82 66 
82 64 
82 98 
82 75 
82 105 
82 6 
82 17 
82 99 
82 81 
82 39 
82 59 
82 2 
82 79 
82 71 
82 61 
82 15 
82 48 
82 18 
82 56 
82 1 
82 23 
82 49 
82 77 
82 26 
82 68 
83 49 
83 54 
83 78 
83 105 
83 69 
83 6 
83 108 
83 57 
83 46 
83 98 
83 45 
83 23 
83 65 
83 90 
83 1 
83 37 
83 14 
83 53 
83 94 
83 88 
83 33 
83 87 
83 60 
83 74 
83 40 
83 4 
83 47 
83 17 
83 61 
83 2 
83 7 
83 86 
83 29 
83 63 
83 103 
83 59 
83 3 
83 77 
83 102 
83 62 
83 75 
83 20 
83 26 
83 68 
83 72 
83 32 
83 92 
83 73 
83 24 
83 41 
83 48 
83 82 
83 19 
83 16 
83 21 
83 36 
83 84 
83 76 
83 99 
83 66 
83 107 
83 12 
83 15 
83 51 
83 79 
83 44 
83 81 
83 67 
83 95 
83 13 
83 39 
83 5 
83 28 
83 56 
83 70 
83 85 
83 89 
83 91 
83 34 
83 27 
83 96 
83 42 
84 82 
84 96 
84 6 
84 79 
84 73 
84 55 
84 3 
84 108 
84 78 
84 16 
84 66 
84 94 
84 32 
84 46 
84 49 
84 15 
84 70 
84 102 
84 53 
84 57 
84 42 
84 54 
84 8 
84 62 
84 1 
84 87 
84 89 
84 9 
84 47 
84 10 
84 35 
84 28 
84 103 
84 97 
84 48 
84 20 
84 38 
84 39 
84 58 
84 26 
84 33 
84 31 
84 7 
84 101 
84 100 
84 37 
84 50 
84 21 
84 104 
84 56 
84 83 
84 63 
84 61 
84 90 
84 51 
84 59 
84 30 
84 92 
84 44 
84 80 
84 75 
84 67 
84 2 
84 71 
84 85 
84 0 
84 22 
84 91 
84 99 
84 19 
84 18 
84 98 
84 77 
84 69 
84 88 
84 5 
84 40 
84 25 
84 45 
85 106 
85 36 
85 99 
85 102 
85 98 
85 69 
85 100 
85 53 
85 67 
85 51 
85 29 
85 87 
85 65 
85 62 
85 0 
85 48 
85 82 
85 17 
85 3 
85 107 
85 32 
85 88 
85 14 
85 35 
85 95 
85 64 
85 31 
85 59 
85 9 
85 55 
85 20 
85 44 
85 58 
85 89 
85 27 
85 40 
85 18 
85 91 
85 60 
85 39 
85 101 
85 97 
85 45 
85 86 
85 47 
85 72 
85 93 
85 75 
85 63 
85 77 
85 26 
85 66 
85 104 
85 12 
85 22 
85 56 
85 7 
85 19 
85 79 
85 11 
85 37 
85 68 
85 43 
85 4 
85 8 
85 96 
85 23 
85 30 
85 105 
85 46 
85 78 
85 57 
85 108 
85 5 
85 84 
85 21 
85 81 
85 90 
85 71 
85 80 
85 83 
85 94 
85 6 
85 24 
85 70 
85 61 
85 1 
85 33 
86 58 
86 45 
86 8 
86 22 
86 65 
86 5 
86 77 
86 29 
86 78 
86 80 
86 4 
86 52 
86 39 
86 24 
86 95 
86 107 
86 90 
86 66 
86 57 
86 28 
86 37 
86 81 
86 82 
86 76 
86 61 
86 94 
86 59 
86 55 
86 36 
86 19 
86 88 
86 16 
86 73 
86 83 
86 47 
86 62 
86 89 
86 33 
86 105 
86 53 
86 49 
86 54 
86 85 
86 35 
86 74 
86 108 
86 40 
86 64 
86 60 
86 51 
86 63 
86 99 
86 17 
86 75 
86 2 
86 12 
86 13 
86 91 
86 68 
86 30 
86 31 
86 23 
86 100 
86 9 
86 34 
86 97 
86 43 
86 15 
86 104 
86 11 
86 7 
86 1 
86 106 
86 10 
86 25 
86 14 
86 48 
86 56 
86 96 
86 41 
86 70 
86 50 
86 26 
86 20 
86 101 
86 98 
86 67 
86 71 
86 93 
86 44 
86 3 
86 6 
87 105 
87 15 
87 7 
87 0 
87 21 
87 26 
87 11 
87 50 
87 24 
87 40 
87 14 
87 43 
87 36 
87 85 
87 96 
87 6 
87 52 
87 2 
87 83 
87 91 
87 10 
87 41 
87 56 
87 102 
87 73 
87 95 
87 13 
87 78 
87 9 
87 27 
87 69 
87 88 
87 84 
87 64 
87 79 
87 76 
87 55 
87 66 
87 59 
87 92 
87 99 
87 74 
87 53 
87 90 
87 61 
87 101 
87 72 
87 103 
87 25 
87 65 
87 17 
87 62 
87 32 
87 1 
87 38 
87 20 
87 29 
87 75 
87 16 
87 12 
87 31 
87 51 
87 106 
87 18 
87 68 
87 108 
87 70 
87 93 
87 37 
87 94 
87 89 
87 77 
87 80 
87 67 
87 3 
87 63 
87 81 
88 52 
88 16 
88 15 
88 24 
88 94 
88 93 
88 82 
88 74 
88 63 
88 11 
88 95 
88 71 
88 40 
88 107 
88 78 
88 5 
88 61 
88 53 
88 14 
88 47 
88 54 
88 34 
88 83 
88 104 
88 91 
88 27 
88 55 
88 100 
88 90 
88 85 
88 108 
88 49 
88 86 
88 57 
88 3 
88 102 
88 69 
88 37 
88 80 
88 21 
88 87 
88 46 
88 32 
88 42 
88 75 
88 41 
88 92 
88 59 
88 26 
88 18 
88 2 
88 79 
88 97 
88 6 
88 29 
88 23 
88 0 
88 39 
88 9 
88 43 
88 103 
88 58 
88 13 
88 76 
88 89 
88 66 
88 1 
88 17 
88 62 
88 64 
88 65 
88 77 
88 106 
88 60 
88 8 
88 30 
88 44 
88 4 
88 98 
88 19 
88 84 
88 101 
89 15 
89 97 
89 59 
89 31 
89 3 
89 25 
89 104 
89 50 
89 44 
89 6 
89 11 
89 102 
89 64 
89 76 
89 43 
89 65 
89 5 
89 12 
89 42 
89 73 
89 30 
89 36 
89 86 
89 85 
89 19 
89 92 
89 84 
89 38 
89 18 
89 55 
89 108 
89 94 
89 58 
89 0 
89 45 
89 28 
89 39 
89 60 
89 71 
89 26 
89 96 
89 23 
89 35 
89 82 
89 21 
89 10 
89 53 
89 29 
89 56 
89 13 
89 72 
89 69 
89 63 
89 40 
89 33 
89 27 
89 103 
89 77 
89 101 
89 57 
89 88 
89 32 
89 47 
89 93 
89 70 
89 81 
89 34 
89 80 
89 41 
89 22 
89 107 
89 48 
89 24 
89 74 
89 87 
89 75 
89 91 
89 83 
89 99 
89 16 
89 68 
89 8 
90 53 
90 17 
90 1 
90 68 
90 72 
90 31 
90 101 
90 56 
90 20 
90 78 
90 86 
90 46 
90 63 
90 83 
90 10 
90 26 
90 22 
90 9 
90 65 
90 54 
90 103 
90 38 
90 88 
90 11 
90 37 
90 81 
90 18 
90 42 
90 39 
90 43 
90 95 
90 59 
90 3 
90 60 
90 82 
90 79 
90 61 
90 57 
90 32 
90 0 
90 28 
90 87 
90 98 
90 91 
90 12 
90 93 
90 94 
90 48 
90 40 
90 67 
90 27 
90 41 
90 64 
90 24 
90 70 
90 58 
90 55 
90 92 
90 84 
90 97 
90 108 
90 33 
90 105 
90 29 
90 69 
90 80 
90 107 
90 34 
90 85 
90 15 
90 5 
90 100 
90 35 
90 50 
90 16 
90 51 
91 52 
91 41 
91 56 
91 25 
91 66 
91 62 
91 95 
91 93 
91 45 
91 102 
91 78 
91 71 
91 27 
91 48 
91 104 
91 9 
91 35 
91 61 
91 101 
91 88 
91 87 
91 107 
91 76 
91 12 
91 72 
91 57 
91 29 
91 106 
91 50 
91 46 
91 15 
91 63 
91 74 
91 85 
91 60 
91 68 
91 58 
91 105 
91 37 
91 90 
91 65 
91 13 
91 86 
91 7 
91 70 
91 23 
91 4 
91 96 
91 10 
91 82 
91 40 
91 69 
91 59 
91 75 
91 21 
91 26 
91 32 
91 42 
91 77 
91 103 
91 53 
91 64 
91 28 
91 84 
91 20 
91 51 
91 2 
91 89 
91 83 
91 108 
91 38 
91 67 
91 22 
91 98 
91 73 
91 11 
91 55 
92 70 
92 11 
92 51 
92 108 
92 44 
92 82 
92 0 
92 6 
92 2 
92 78 
92 21 
92 14 
92 72 
92 60 
92 37 
92 20 
92 102 
92 9 
92 8 
92 23 
92 76 
92 33 
92 42 
92 57 
92 46 
92 28 
92 106 
92 10 
92 53 
92 94 
92 29 
92 43 
92 61 
92 35 
92 100 
92 89 
92 1 
92 7 
92 77 
92 55 
92 87 
92 88 
92 73 
92 68 
92 67 
92 32 
92 30 
92 83 
92 13 
92 74 
92 15 
92 48 
92 26 
92 71 
92 18 
92 101 
92 90 
92 75 
92 105 
92 16 
92 84 
92 54 
92 79 
92 107 
92 25 
92 52 
92 4 
92 80 
92 103 
92 45 
92 50 
92 65 
92 49 
92 3 
92 99 
92 19 
92 39 
92 104 
92 69 
92 5 
92 62 
92 93 
92 34 
92 95 
93 108 
93 88 
93 28 
93 100 
93 99 
93 50 
93 34 
93 91 
93 47 
93 106 
93 57 
93 1 
93 54 
93 22 
93 9 
93 4 
93 60 
93 43 
93 104 
93 23 
93 75 
93 65 
93 17 
93 42 
93 69 
93 20 
93 97 
93 13 
93 35 
93 85 
93 58 
93 44 
93 27 
93 61 
93 11 
93 107 
93 77 
93 90 
93 10 
93 102 
93 79 
93 98 
93 52 
93 51 
93 16 
93 33 
93 94 
93 76 
93 29 
93 15 
93 62 
93 64 
93 96 
93 7 
93 32 
93 6 
93 41 
93 89 
93 14 
93 3 
93 59 
93 40 
93 25 
93 19 
93 38 
93 48 
93 66 
93 56 
93 39 
93 21 
93 8 
93 78 
93 87 
93 30 
93 81 
93 0 
93 45 
93 37 
93 2 
93 74 
93 92 
93 24 
93 86 
93 12 
93 71 
94 88 
94 96 
94 4 
94 62 
94 97 
94 79 
94 43 
94 104 
94 28 
94 102 
94 36 
94 98 
94 84 
94 44 
94 5 
94 51 
94 27 
94 66 
94 63 
94 83 
94 41 
94 81 
94 86 
94 47 
94 82 
94 108 
94 52 
94 70 
94 78 
94 92 
94 65 
94 101 
94 50 
94 73 
94 19 
94 46 
94 89 
94 1 
94 95 
94 49 
94 54 
94 53 
94 90 
94 14 
94 93 
94 99 
94 56 
94 31 
94 21 
94 76 
94 18 
94 48 
94 39 
94 100 
94 107 
94 3 
94 32 
94 40 
94 71 
94 35 
94 72 
94 38 
94 13 
94 16 
94 9 
94 7 
94 12 
94 87 
94 22 
94 17 
94 0 
94 106 
94 85 
94 25 
94 67 
94 33 
95 36 
95 2 
95 26 
95 68 
95 47 
95 91 
95 8 
95 22 
95 88 
95 86 
95 77 
95 58 
95 96 
95 33 
95 74 
95 1 
95 87 
95 41 
95 38 
95 85 
95 49 
95 3 
95 71 
95 46 
95 20 
95 90 
95 100 
95 107 
95 94 
95 42 
95 37 
95 12 
95 101 
95 25 
95 30 
95 59 
95 48 
95 79 
95 97 
95 62 
95 72 
95 15 
95 14 
95 108 
95 43 
95 32 
95 0 
95 39 
95 63 
95 65 
95 78 
95 5 
95 40 
95 13 
95 50 
95 44 
95 81 
95 98 
95 83 
95 104 
95 55 
95 7 
95 45 
95 103 
95 29 
95 92 
95 61 
95 53 
96 42 
96 66 
96 84 
96 48 
96 94 
96 33 
96 27 
96 0 
96 8 
96 63 
96 75 
96 95 
96 50 
96 87 
96 28 
96 54 
96 68 
96 108 
96 70 
96 76 
96 61 
96 30 
96 103 
96 40 
96 13 
96 59 
96 11 
96 36 
96 77 
96 7 
96 64 
96 1 
96 102 
96 71 
96 20 
96 67 
96 57 
96 4 
96 10 
96 107 
96 17 
96 101 
96 79 
96 19 
96 105 
96 97 
96 32 
96 16 
96 41 
96 56 
96 14 
96 89 
96 91 
96 53 
96 65 
96 52 
96 35 
96 85 
96 93 
96 26 
96 98 
96 25 
96 58 
96 23 
96 12 
96 51 
96 73 
96 29 
96 45 
96 86 
96 37 
96 21 
96 2 
96 78 
96 39 
96 38 
96 83 
96 49 
96 46 
97 89 
97 46 
97 94 
97 53 
97 51 
97 7 
97 30 
97 49 
97 2 
97 45 
97 78 
97 73 
97 41 
97 16 
97 1 
97 58 
97 12 
97 8 
97 20 
97 36 
97 69 
97 106 
97 24 
97 29 
97 82 
97 81 
97 21 
97 28 
97 77 
97 33 
97 34 
97 101 
97 75 
97 102 
97 67 
97 80 
97 107 
97 103 
97 93 
97 108 
97 85 
97 18 
97 23 
97 79 
97 55 
97 6 
97 84 
97 48 
97 96 
97 63 
97 72 
97 27 
97 104 
97 26 
97 88 
97 95 
97 65 
97 0 
97 100 
97 59 
97 70 
97 43 
97 9 
97 11 
97 86 
97 60 
97 71 
97 90 
97 19 
97 40 
97 38 
97 31 
97 57 
97 39 
97 98 
97 44 
97 62 
97 68 
97 17 
97 25 
97 4 
97 76 
98 36 
98 56 
98 43 
98 28 
98 85 
98 11 
98 106 
98 75 
98 26 
98 60 
98 105 
98 19 
98 31 
98 83 
98 104 
98 32 
98 101 
98 7 
98 94 
98 77 
98 74 
98 40 
98 63 
98 107 
98 34 
98 48 
98 108 
98 13 
98 21 
98 14 
98 58 
98 38 
98 64 
98 18 
98 23 
98 100 
98 16 
98 29 
98 68 
98 4 
98 2 
98 6 
98 65 
98 90 
98 24 
98 99 
98 27 
98 46 
98 3 
98 80 
98 67 
98 93 
98 20 
98 47 
98 51 
98 10 
98 49 
98 102 
98 12 
98 78 
98 71 
98 0 
98 50 
98 45 
98 96 
98 42 
98 82 
98 1 
98 22 
98 72 
98 95 
98 57 
98 52 
98 25 
98 59 
98 97 
98 54 
98 103 
98 55 
98 69 
98 79 
98 33 
98 84 
98 8 
98 88 
98 81 
98 86 
98 91 
99 59 
99 52 
99 22 
99 85 
99 93 
99 65 
99 69 
99 28 
99 60 
99 1 
99 2 
99 0 
99 79 
99 18 
99 34 
99 63 
99 107 
99 71 
99 19 
99 55 
99 12 
99 7 
99 49 
99 38 
99 29 
99 20 
99 62 
99 43 
99 87 
99 37 
99 17 
99 30 
99 98 
99 80 
99 86 
99 3 
99 64 
99 77 
99 100 
99 48 
99 45 
99 58 
99 36 
99 94 
99 33 
99 105 
99 78 
99 61 
99 13 
99 53 
99 47 
99 32 
99 108 
99 83 
99 25 
99 72 
99 74 
99 27 
99 82 
99 31 
99 50 
99 35 
99 92 
99 102 
99 41 
99 84 
99 75 
99 56 
99 104 
99 40 
99 57 
99 89 
99 14 
99 16 
99 4 
100 45 
100 107 
100 70 
100 93 
100 17 
100 57 
100 56 
100 72 
100 47 
100 85 
100 108 
100 0 
100 66 
100 33 
100 30 
100 48 
100 63 
100 2 
100 54 
100 19 
100 75 
100 29 
100 64 
100 21 
100 62 
100 22 
100 11 
100 88 
100 38 
100 61 
100 55 
100 49 
100 3 
100 7 
100 23 
100 58 
100 92 
100 31 
100 98 
100 95 
100 40 
100 52 
100 53 
100 5 
100 10 
100 103 
100 82 
100 74 
100 36 
100 69 
100 51 
100 6 
100 99 
100 102 
100 24 
100 81 
100 84 
100 97 
100 4 
100 34 
100 86 
100 78 
100 1 
100 41 
100 79 
100 37 
100 94 
100 67 
100 80 
100 15 
100 16 
100 44 
100 35 
100 73 
100 68 
100 65 
100 71 
100 101 
100 25 
100 90 
100 39 
100 104 
100 28 
100 20 
101 90 
101 28 
101 48 
101 73 
101 27 
101 17 
101 38 
101 31 
101 98 
101 63 
101 35 
101 13 
101 24 
101 91 
101 19 
101 39 
101 43 
101 67 
101 53 
101 56 
101 60 
101 16 
101 51 
101 97 
101 23 
101 2 
101 64 
101 52 
101 94 
101 80 
101 8 
101 85 
101 105 
101 5 
101 76 
101 14 
101 96 
101 87 
101 106 
101 40 
101 77 
101 95 
101 104 
101 44 
101 10 
101 84 
101 12 
101 70 
101 47 
101 61 
101 6 
101 72 
101 65 
101 89 
101 92 
101 7 
101 29 
101 3 
101 9 
101 25 
101 103 
101 36 
101 45 
101 57 
101 55 
101 32 
101 15 
101 58 
101 21 
101 100 
101 37 
101 79 
101 62 
101 75 
101 26 
101 11 
101 86 
101 81 
101 18 
101 50 
101 107 
101 20 
101 68 
101 88 
102 82 
102 103 
102 34 
102 74 
102 85 
102 91 
102 14 
102 47 
102 55 
102 7 
102 94 
102 33 
102 32 
102 104 
102 12 
102 61 
102 16 
102 24 
102 89 
102 29 
102 20 
102 87 
102 92 
102 25 
102 0 
102 84 
102 72 
102 106 
102 59 
102 28 
102 88 
102 27 
102 40 
102 58 
102 26 
102 80 
102 97 
102 44 
102 96 
102 73 
102 79 
102 83 
102 38 
102 108 
102 22 
102 4 
102 41 
102 93 
102 78 
102 75 
102 100 
102 6 
102 60 
102 98 
102 37 
102 8 
102 56 
102 66 
102 15 
102 43 
102 9 
102 51 
102 71 
102 30 
102 65 
102 13 
102 81 
102 62 
102 77 
102 99 
102 42 
102 107 
102 36 
102 69 
102 11 
102 54 
102 23 
102 46 
103 102 
103 69 
103 61 
103 47 
103 26 
103 64 
103 67 
103 65 
103 28 
103 22 
103 78 
103 81 
103 54 
103 25 
103 36 
103 66 
103 6 
103 1 
103 5 
103 38 
103 21 
103 90 
103 96 
103 73 
103 32 
103 11 
103 79 
103 33 
103 83 
103 97 
103 82 
103 72 
103 75 
103 62 
103 84 
103 20 
103 50 
103 53 
103 100 
103 68 
103 34 
103 31 
103 87 
103 70 
103 15 
103 27 
103 88 
103 8 
103 41 
103 58 
103 23 
103 89 
103 107 
103 44 
103 91 
103 45 
103 76 
103 74 
103 77 
103 101 
103 43 
103 59 
103 3 
103 9 
103 29 
103 71 
103 92 
103 108 
103 13 
103 10 
103 98 
103 37 
103 104 
103 95 
104 23 
104 3 
104 19 
104 21 
104 20 
104 94 
104 91 
104 48 
104 82 
104 98 
104 89 
104 38 
104 106 
104 78 
104 22 
104 58 
104 70 
104 102 
104 39 
104 74 
104 64 
104 88 
104 27 
104 54 
104 11 
104 4 
104 93 
104 5 
104 75 
104 36 
104 62 
104 63 
104 56 
104 67 
104 26 
104 44 
104 13 
104 31 
104 8 
104 0 
104 46 
104 85 
104 32 
104 101 
104 1 
104 97 
104 47 
104 76 
104 105 
104 33 
104 14 
104 80 
104 42 
104 69 
104 2 
104 17 
104 84 
104 37 
104 107 
104 40 
104 10 
104 29 
104 86 
104 57 
104 61 
104 68 
104 66 
104 50 
104 7 
104 71 
104 59 
104 52 
104 95 
104 65 
104 103 
104 92 
104 99 
104 72 
104 41 
104 100 
104 49 
104 25 
105 108 
105 87 
105 83 
105 73 
105 15 
105 65 
105 98 
105 61 
105 67 
105 37 
105 47 
105 57 
105 30 
105 29 
105 34 
105 77 
105 40 
105 106 
105 1 
105 0 
105 81 
105 59 
105 46 
105 44 
105 56 
105 80 
105 86 
105 8 
105 43 
105 19 
105 76 
105 51 
105 48 
105 101 
105 20 
105 28 
105 10 
105 91 
105 52 
105 24 
105 25 
105 27 
105 96 
105 6 
105 13 
105 62 
105 104 
105 2 
105 31 
105 18 
105 68 
105 99 
105 14 
105 42 
105 92 
105 23 
105 85 
105 90 
105 64 
105 82 
105 45 
105 107 
105 50 
105 35 
105 74 
105 5 
105 26 
105 53 
105 4 
105 55 
105 17 
105 16 
105 71 
105 79 
106 30 
106 13 
106 85 
106 8 
106 0 
106 66 
106 98 
106 21 
106 20 
106 51 
106 32 
106 49 
106 93 
106 104 
106 105 
106 34 
106 15 
106 37 
106 97 
106 1 
106 7 
106 102 
106 75 
106 18 
106 92 
106 74 
106 27 
106 91 
106 43 
106 44 
106 56 
106 23 
106 78 
106 73 
106 24 
106 54 
106 19 
106 28 
106 36 
106 67 
106 71 
106 38 
106 58 
106 101 
106 33 
106 70 
106 17 
106 11 
106 80 
106 45 
106 10 
106 2 
106 14 
106 79 
106 68 
106 53 
106 5 
106 31 
106 87 
106 16 
106 55 
106 86 
106 6 
106 62 
106 81 
106 63 
106 3 
106 88 
106 9 
106 64 
106 35 
106 94 
106 48 
106 107 
106 61 
106 69 
106 52 
106 77 
107 30 
107 73 
107 100 
107 28 
107 53 
107 72 
107 64 
107 7 
107 9 
107 24 
107 86 
107 88 
107 82 
107 58 
107 67 
107 99 
107 60 
107 80 
107 91 
107 0 
107 85 
107 33 
107 98 
107 8 
107 68 
107 70 
107 57 
107 19 
107 108 
107 55 
107 4 
107 32 
107 97 
107 77 
107 42 
107 95 
107 38 
107 96 
107 15 
107 46 
107 93 
107 18 
107 50 
107 56 
107 52 
107 41 
107 20 
107 13 
107 54 
107 103 
107 75 
107 104 
107 23 
107 94 
107 3 
107 79 
107 83 
107 76 
107 5 
107 49 
107 105 
107 92 
107 44 
107 89 
107 6 
107 34 
107 69 
107 90 
107 1 
107 40 
107 12 
107 37 
107 17 
107 81 
107 102 
107 74 
107 106 
107 14 
107 66 
107 101 
107 71 
107 36 
108 105 
108 93 
108 56 
108 60 
108 42 
108 82 
108 83 
108 37 
108 92 
108 27 
108 100 
108 40 
108 0 
108 46 
108 84 
108 43 
108 70 
108 49 
108 21 
108 96 
108 51 
108 15 
108 14 
108 48 
108 79 
108 94 
108 88 
108 4 
108 74 
108 107 
108 33 
108 72 
108 98 
108 38 
108 16 
108 34 
108 29 
108 8 
108 24 
108 3 
108 41 
108 97 
108 89 
108 18 
108 9 
108 102 
108 73 
108 39 
108 86 
108 58 
108 17 
108 61 
108 11 
108 28 
108 66 
108 64 
108 30 
108 36 
108 67 
108 19 
108 95 
108 53 
108 45 
108 12 
108 69 
108 80 
108 99 
108 90 
108 1 
108 20 
108 87 
108 85 
108 57 
108 50 
108 63 
108 103 
108 65 
108 35 
108 77 
108 44 
108 52 
108 91 
108 68 
108 55 
108 76 
108 13 
108 23 
