0 153 106 90 11 4 133 69 29 115 18 97 96 16 78 45 119 
1 30 16 58 124 119 25 98 
2 129 148 137 110 47 111 12 67 88 140 82 61 
3 63 28 18 40 85 153 119 114 59 94 145 44 65 35 20 74 98 82 70 105 
4 51 138 29 117 56 36 41 92 99 0 27 12 100 147 60 45 38 17 53 14 
5 111 96 69 140 75 101 125 99 149 53 61 151 67 14 88 
6 89 24 56 17 107 28 134 76 108 79 16 55 39 34 23 
7 61 124 37 115 52 33 50 73 132 150 29 58 146 60 
8 152 145 28 130 143 125 67 27 25 50 99 149 83 86 123 72 54 97 
9 79 53 125 88 153 65 71 116 60 82 68 109 73 103 119 66 37 
10 70 151 115 44 122 136 17 141 79 93 149 51 134 135 41 34 69 113 103 88 50 28 106 71 105 20 
11 52 91 68 46 0 64 48 60 55 137 94 121 
12 80 19 149 133 84 4 47 153 2 55 30 33 117 120 73 26 37 
13 121 124 85 130 149 126 139 55 113 68 127 142 25 59 19 17 69 80 146 63 
14 80 41 47 77 126 125 139 48 51 117 101 5 21 4 
15 57 45 50 111 59 85 151 56 147 42 107 18 67 133 
16 107 51 140 1 49 153 100 17 55 59 87 0 6 126 82 102 125 
17 125 133 113 10 6 30 97 66 39 80 117 16 27 129 88 29 130 131 4 13 87 146 51 86 
18 3 91 73 129 120 0 36 143 130 103 63 15 137 121 
19 12 53 62 102 134 130 64 70 150 100 127 60 107 51 116 49 109 108 57 13 21 126 141 
20 122 46 62 47 83 129 80 144 3 52 141 10 
21 107 49 103 130 93 60 73 152 72 144 112 29 19 44 41 14 78 131 
22 83 28 76 141 114 48 67 102 84 111 73 123 68 23 
23 76 115 58 105 146 51 24 55 6 145 117 22 124 28 
24 77 6 108 109 113 151 99 23 81 
25 65 140 62 69 13 35 8 118 76 1 105 
26 128 40 29 134 89 31 136 88 142 63 12 79 
27 101 81 4 73 17 93 8 118 33 52 43 105 
28 3 103 95 123 8 86 22 117 54 124 151 6 121 92 85 112 139 10 105 33 36 141 47 42 23 
29 4 54 26 85 60 0 17 122 36 70 21 7 130 114 
30 36 1 140 109 128 17 66 38 105 12 90 103 115 111 61 69 62 58 79 
31 65 124 32 26 63 140 106 60 128 34 
32 47 147 84 93 125 101 128 136 83 31 105 89 
33 63 84 7 139 73 87 126 121 116 12 132 27 28 115 95 93 98 65 
34 38 40 50 91 100 112 10 105 133 42 6 57 31 72 
35 48 140 41 107 3 25 91 85 63 40 84 133 
36 65 30 4 63 48 72 29 120 18 128 28 52 
37 137 116 7 76 70 95 126 52 38 54 64 12 9 
38 34 100 65 93 141 78 30 60 76 56 104 57 130 4 37 72 151 140 112 106 51 52 
39 137 81 17 135 42 113 123 121 6 40 
40 97 34 3 26 127 126 132 75 115 64 121 112 86 39 35 
41 4 74 93 35 14 57 65 116 73 10 130 152 83 70 125 67 21 122 136 
42 85 70 43 39 130 67 97 15 81 151 95 34 72 28 
43 67 42 152 137 105 68 107 103 91 83 126 27 76 84 139 115 
44 10 109 119 85 129 56 144 3 67 79 138 76 84 113 77 21 136 120 
45 15 59 139 109 58 4 71 101 105 48 95 0 137 
46 114 70 51 94 11 20 76 75 53 95 138 112 153 101 
47 86 32 115 108 12 14 2 20 76 53 52 28 131 
48 35 111 135 97 11 116 36 101 139 115 125 68 22 14 86 140 81 45 94 93 53 
49 21 122 97 16 153 78 104 19 109 61 56 121 107 73 
50 128 34 77 153 139 15 7 55 91 51 53 8 10 100 134 150 
51 4 16 46 57 135 107 64 149 10 50 19 83 14 23 17 38 
52 11 125 112 7 119 101 94 37 113 90 62 27 20 36 47 96 105 38 
53 19 106 111 9 46 84 50 89 5 47 4 81 48 
54 29 104 28 114 58 93 37 130 140 132 103 145 64 8 112 136 
55 50 56 76 13 124 16 89 139 12 102 11 150 138 87 115 6 133 23 
56 137 104 4 65 107 6 76 98 55 44 82 15 148 115 64 88 106 38 95 89 49 153 139 
57 15 90 71 60 51 110 74 41 148 38 19 147 34 129 91 
58 67 91 134 138 135 54 85 23 1 45 125 108 65 111 96 7 30 
59 81 15 3 45 109 123 63 130 16 13 135 133 
60 57 145 21 29 38 19 11 9 4 107 149 143 31 7 
61 112 7 64 65 142 91 110 49 93 122 5 30 2 
62 19 131 20 25 79 89 52 118 30 
63 75 3 128 33 108 100 92 36 110 59 65 83 31 13 26 66 109 35 18 112 
64 130 104 19 61 51 11 122 40 56 68 103 71 37 121 81 54 
65 152 31 36 56 38 61 25 143 153 9 41 138 3 63 83 109 58 140 99 106 131 71 33 
66 129 109 108 138 30 17 77 103 118 84 89 63 78 85 9 
67 68 58 137 43 144 138 146 8 78 22 44 42 2 5 41 15 143 150 
68 11 67 144 100 152 132 13 94 48 64 43 127 9 145 135 77 80 72 22 148 
69 5 148 77 113 85 25 0 70 10 125 13 98 128 30 143 
70 10 46 72 19 122 37 42 118 115 76 69 143 94 29 41 3 142 
71 106 104 92 57 9 93 122 89 45 64 142 10 65 85 
72 70 36 141 127 110 137 21 102 109 139 38 126 132 8 68 42 142 95 34 
73 135 7 18 33 106 21 27 41 145 49 9 22 12 133 108 
74 85 92 136 41 137 57 83 86 3 110 82 
75 63 5 139 40 90 46 122 120 77 87 149 106 
76 37 56 23 146 22 55 46 38 70 47 102 6 25 44 43 141 
77 24 50 124 106 69 66 14 107 75 68 44 116 134 
78 38 147 123 49 145 92 67 114 120 139 0 109 21 66 
79 9 90 117 82 10 118 105 62 137 44 109 6 26 127 30 119 
80 12 14 17 146 100 142 20 98 145 13 68 87 151 
81 150 59 27 118 39 87 42 48 24 53 64 143 
82 79 100 106 56 111 86 3 74 9 16 2 119 
83 22 108 150 74 32 51 20 131 65 63 41 107 8 43 97 104 127 
84 33 32 12 152 139 53 22 94 99 66 138 44 43 35 144 
85 3 74 42 13 29 146 44 134 15 124 138 151 69 58 28 35 93 66 71 
86 47 28 136 138 96 82 74 48 91 90 8 17 40 140 
87 93 111 33 88 108 112 95 81 129 140 131 55 16 17 133 75 120 80 
88 106 9 87 17 56 133 96 10 2 26 5 
89 6 111 149 143 103 55 26 53 146 56 123 71 62 109 66 32 
90 79 57 145 132 0 144 75 105 133 30 52 86 147 122 
91 11 108 34 115 58 94 18 137 143 50 61 86 43 35 150 57 
92 71 122 74 4 63 93 28 78 125 147 128 112 
93 87 137 120 38 32 21 41 10 92 54 27 124 71 151 61 104 126 33 85 48 
94 115 46 91 3 145 52 68 123 120 70 84 134 11 48 
95 28 37 126 46 142 87 56 124 33 42 45 72 
96 5 126 114 86 113 88 127 0 58 52 147 
97 40 144 49 48 17 125 42 0 83 145 153 138 8 
98 125 56 109 80 3 100 69 119 116 33 151 1 
99 4 5 149 8 24 65 84 104 102 
100 38 114 68 34 19 63 82 140 120 80 16 4 102 106 143 98 50 139 
101 137 5 27 48 32 52 119 144 45 112 130 14 46 
102 19 100 127 120 76 55 72 22 16 139 99 
103 28 21 149 138 132 66 89 146 64 10 30 43 104 54 18 9 
104 56 64 71 54 49 38 103 93 83 99 114 
105 90 146 79 30 126 34 43 23 45 28 27 32 10 25 3 52 
106 71 145 53 0 77 88 73 82 144 100 139 56 109 130 65 31 10 146 38 75 
107 16 21 138 123 56 51 109 6 118 119 19 35 77 60 83 49 43 15 132 
108 91 83 24 66 63 127 124 47 128 87 110 152 58 148 19 6 119 143 73 
109 66 153 44 30 136 24 59 107 151 144 45 98 49 19 114 72 65 106 79 9 135 89 63 78 
110 57 2 61 108 63 72 74 145 
111 5 53 87 15 48 89 140 146 82 2 58 22 30 
112 52 61 140 34 87 46 101 28 21 130 125 40 92 131 38 54 63 
113 117 17 24 130 69 13 136 10 39 96 52 139 44 
114 46 100 3 96 54 22 109 78 125 29 104 
115 94 10 91 139 7 47 23 133 40 70 136 56 48 153 0 55 127 30 33 43 
116 149 37 137 48 9 41 19 33 123 98 77 142 
117 113 4 126 79 28 17 12 14 23 151 
118 125 81 70 107 136 79 134 126 128 141 66 25 27 62 
119 3 44 52 107 101 146 98 130 142 1 108 82 0 9 79 
120 145 93 18 100 75 102 126 78 94 36 12 87 139 44 
121 13 28 33 39 49 133 40 64 11 18 
122 49 137 92 20 10 70 144 75 64 146 29 71 136 61 145 41 90 
123 28 107 59 94 78 89 39 130 116 8 22 146 
124 7 13 77 31 129 85 108 28 55 93 95 1 139 135 126 23 
125 118 52 17 98 5 9 138 32 147 146 8 14 48 150 69 92 97 58 112 148 41 16 114 
126 132 117 40 96 37 13 95 134 33 14 136 118 105 120 43 72 16 93 19 124 
127 40 139 19 108 13 72 133 151 102 96 68 115 83 79 
128 50 63 26 149 30 32 108 118 134 36 92 69 31 
129 66 2 153 44 124 18 136 17 20 87 132 57 
130 64 19 21 13 113 8 42 41 59 17 38 123 101 106 112 54 119 18 29 148 
131 139 62 144 17 83 87 112 65 149 47 21 
132 126 90 40 68 103 129 33 7 149 143 107 72 54 153 
133 12 141 17 115 0 127 88 90 152 34 121 140 55 87 59 73 137 15 35 
134 137 19 85 58 152 149 126 26 10 118 6 128 94 50 77 
135 73 51 48 58 39 149 10 59 145 109 68 150 124 
136 86 10 109 138 74 137 129 113 118 115 32 126 147 122 26 44 41 54 
137 134 56 37 101 116 93 122 67 91 2 39 136 74 43 138 72 79 11 133 45 143 18 
138 4 107 66 125 136 103 146 58 85 148 142 67 86 46 65 137 44 55 84 97 
139 127 115 50 131 75 33 153 13 84 48 45 106 55 14 72 28 78 113 100 124 120 43 102 56 
140 5 16 30 112 35 25 100 111 87 48 65 133 2 31 38 153 54 86 
141 133 10 38 72 22 118 149 28 20 76 19 
142 61 138 80 95 13 71 26 119 70 72 116 
143 152 89 8 91 65 150 70 100 18 132 60 108 137 69 81 67 
144 97 68 90 122 67 44 131 109 106 101 20 21 84 
145 90 8 106 120 60 94 3 78 80 73 151 135 68 97 110 122 23 54 
146 76 85 138 125 80 111 105 67 103 89 119 122 23 13 17 106 7 123 
147 32 153 125 15 78 136 4 92 90 57 96 
148 69 2 138 56 57 108 125 130 68 
149 12 116 103 128 51 13 89 134 10 135 5 99 132 141 8 60 131 75 
150 81 83 19 125 143 55 7 135 91 50 67 
151 10 15 24 109 28 85 127 93 145 38 42 5 98 80 117 
152 65 143 8 84 68 134 43 108 41 21 133 153 
153 0 50 129 3 109 147 139 16 9 65 49 12 115 152 56 140 46 132 97 
