0 133 110 160 5 134 173 24 84 74 1 70 14 47 96 7 105 91 120 61 79 3 80 43 99 35 93 34 170 22 28 149 143 147 104 78 144 87 26 90 117 48 159 121 169 95 52 98 106 102 125 73 27 25 75 94 152 21 11 58 8 138 146 141 42 45 18 158 150 39 83 140 65 40 89 29 155 20 9 157 148 164 113 139 111 103 33 10 124 166 69 46 156 108 92 161 41 128 85 55 77 129 88 19 132 60 130 131 163 145 86 151 51 100 136 2 162 154 16 66 32 97 12 13 49 137 135 72 37 6 
1 135 157 169 137 68 7 165 108 87 0 70 121 3 36 19 41 172 112 26 48 22 96 35 18 82 17 47 52 103 55 115 134 14 122 170 153 83 100 129 61 12 146 78 110 54 119 147 98 2 123 150 50 53 71 21 91 25 89 138 111 46 158 85 9 166 149 114 57 130 33 28 11 32 27 142 155 79 118 37 152 106 84 63 38 139 30 116 171 31 90 173 56 80 93 64 120 45 66 125 132 159 107 151 6 105 5 20 102 88 162 131 145 69 144 128 24 113 16 67 148 23 126 42 109 77 59 
2 103 96 37 143 166 5 164 112 162 120 27 127 130 135 150 113 34 119 121 52 44 74 147 18 83 87 63 140 109 93 90 152 172 53 69 159 45 20 38 58 168 42 100 78 124 156 29 57 149 1 17 35 144 157 131 71 154 91 104 75 141 30 79 81 170 111 115 107 41 169 102 11 167 132 50 77 88 165 123 82 173 40 151 161 153 155 31 137 51 47 67 28 133 116 128 105 73 26 59 68 76 39 72 55 95 33 66 145 36 129 7 148 65 70 106 134 61 43 9 142 171 0 89 19 13 122 80 97 
3 102 91 138 125 165 95 46 92 153 64 28 24 62 106 5 117 1 127 114 50 154 23 126 22 144 94 0 65 148 100 57 171 32 164 162 38 88 72 68 60 84 155 29 118 160 19 158 97 129 21 7 27 13 134 108 47 73 69 40 139 33 70 159 54 87 85 10 170 150 45 61 20 101 39 157 76 115 120 173 147 6 166 128 103 37 136 167 131 81 8 79 86 172 93 59 135 119 55 96 41 140 113 9 35 121 49 156 71 99 161 67 90 26 18 53 112 17 141 58 82 122 89 63 109 151 145 111 11 80 98 78 105 12 77 31 
4 129 78 77 61 41 53 151 73 150 31 38 126 125 16 100 173 134 158 30 24 18 144 131 153 22 26 122 44 90 117 168 159 97 149 23 55 164 160 118 119 147 6 143 110 63 139 14 33 127 154 71 155 21 171 165 121 84 7 36 82 86 80 99 142 114 35 103 130 64 56 60 75 163 54 45 141 15 102 87 57 34 68 132 111 32 79 48 146 101 28 94 113 140 156 157 138 93 9 105 50 106 124 135 115 133 96 46 83 152 136 62 112 166 92 37 148 162 66 88 29 25 170 161 128 76 107 81 39 13 27 67 69 40 42 72 49 
5 12 93 40 133 68 2 154 0 169 107 117 10 125 3 167 57 6 78 136 73 35 58 148 87 21 11 30 129 55 124 81 111 153 118 36 48 79 151 103 32 85 56 41 71 82 38 47 140 63 65 9 7 144 16 156 128 108 8 116 131 112 67 39 138 14 60 155 88 101 137 77 95 64 145 120 13 33 74 162 44 45 20 141 22 19 119 90 150 97 123 130 53 96 170 146 161 50 31 23 17 134 135 94 121 168 59 102 37 160 84 1 66 99 76 158 98 115 86 52 147 25 172 54 69 28 26 34 106 
6 20 43 77 103 26 155 34 60 160 161 90 91 166 17 150 171 118 117 131 80 168 110 69 5 85 119 145 73 83 116 129 169 19 98 36 154 170 13 46 37 40 4 72 25 149 97 49 87 18 139 133 22 130 50 74 59 123 48 71 120 81 159 45 84 138 157 106 163 56 31 82 99 107 38 23 62 30 75 156 134 94 132 142 167 57 3 173 11 125 29 15 47 33 89 51 112 65 79 122 61 63 44 8 86 128 124 7 12 102 41 9 146 162 28 108 141 68 64 1 92 96 32 165 158 16 42 127 39 137 101 0 
7 110 95 20 92 1 66 71 150 165 22 0 145 107 98 112 143 11 170 50 68 59 38 93 102 49 159 96 84 101 149 127 57 52 142 126 27 156 140 62 3 111 42 47 129 132 4 5 138 74 70 69 135 91 151 28 166 164 152 117 17 120 108 144 167 106 161 83 46 72 169 63 105 173 31 41 81 158 168 141 30 77 136 94 114 147 6 119 155 15 44 80 97 61 163 10 40 2 53 122 115 64 82 34 19 78 86 65 85 130 79 45 58 76 154 54 36 
8 29 24 27 169 41 68 34 65 89 81 66 62 54 148 22 118 127 15 13 100 85 108 106 155 21 44 147 70 138 113 135 53 114 141 67 30 117 145 144 83 156 132 173 134 86 103 76 42 91 84 36 35 136 82 75 105 31 69 116 0 39 5 119 140 149 143 90 52 59 137 18 131 95 128 94 157 160 133 80 172 43 151 74 46 33 3 60 64 58 101 111 6 125 17 87 167 71 49 109 19 97 40 88 14 158 45 47 11 25 120 16 98 162 23 12 32 61 161 165 79 57 159 150 93 51 112 152 146 77 63 72 50 171 163 122 20 
9 155 150 142 113 110 61 29 66 85 115 128 65 156 77 144 103 54 119 172 133 53 102 48 145 126 121 167 47 11 104 79 91 86 72 112 30 82 123 71 136 14 70 108 146 96 94 168 116 51 58 5 171 75 83 28 132 38 59 148 89 78 55 1 44 63 27 131 81 13 24 173 31 141 147 169 0 26 50 19 33 87 23 158 151 106 92 152 18 69 73 163 46 135 4 22 60 36 166 6 41 84 3 37 143 154 42 153 122 17 25 68 120 111 124 45 93 161 165 90 134 80 140 109 2 64 129 127 118 98 130 49 125 16 114 117 35 137 67 62 
10 155 38 62 82 128 5 105 92 118 171 100 121 162 169 13 73 35 123 110 25 127 150 49 75 14 129 32 140 61 48 113 132 154 101 43 65 84 30 103 68 50 39 160 164 83 99 44 151 138 86 81 104 28 126 77 3 37 173 163 170 70 15 59 149 131 29 88 0 158 53 139 136 26 11 71 20 56 96 89 67 95 166 33 64 87 12 143 145 94 133 69 106 122 152 52 78 7 60 79 36 85 161 144 24 55 125 119 117 115 116 22 168 63 135 16 47 146 31 156 21 112 45 102 80 111 
11 75 27 80 78 93 136 23 143 54 125 35 48 122 61 152 168 66 100 89 138 71 67 49 134 41 98 7 109 84 9 39 5 26 139 24 117 151 137 46 28 18 129 38 118 150 20 140 148 161 111 155 120 153 43 126 58 0 145 88 162 16 119 99 32 85 142 69 72 2 159 1 135 103 141 114 6 101 146 76 50 163 25 106 127 121 10 131 116 132 82 74 108 79 97 91 73 19 149 124 144 8 60 68 87 62 15 165 154 107 123 173 167 30 14 128 51 57 170 77 115 96 110 65 3 21 130 157 164 29 156 44 64 
12 56 5 39 18 113 66 99 169 133 131 161 75 101 142 157 112 159 30 20 165 84 108 102 27 54 98 71 170 22 106 19 166 32 47 114 91 80 120 1 95 141 33 168 63 45 69 93 152 140 171 37 23 164 89 77 81 64 61 70 144 28 150 35 72 146 31 115 116 128 65 123 137 111 127 87 62 138 94 17 49 104 155 96 92 119 41 126 34 36 172 153 10 6 86 13 107 16 85 15 130 136 160 118 29 46 78 68 73 40 8 139 173 24 67 57 53 38 42 79 156 148 88 51 74 48 60 135 14 163 0 117 44 55 162 3 
13 16 32 138 52 85 71 137 125 74 108 101 41 8 90 31 95 10 117 102 55 72 167 84 164 15 76 121 133 73 61 44 114 168 6 59 49 22 21 103 64 18 92 169 96 134 130 118 83 23 67 3 142 66 173 75 151 154 165 33 68 139 136 91 106 25 158 152 17 162 172 143 131 42 39 170 166 163 9 5 98 110 129 82 124 43 153 78 57 26 69 89 150 161 65 46 47 146 63 38 160 40 81 50 56 19 28 53 144 128 12 48 29 148 127 107 86 62 111 24 20 145 105 100 27 30 155 34 87 4 79 45 115 2 0 112 54 36 37 122 
14 86 144 150 66 79 119 43 57 123 161 16 0 39 58 28 97 115 98 162 137 27 155 138 92 114 78 101 65 1 75 50 151 10 148 135 103 169 4 51 142 170 32 113 9 102 145 158 171 19 134 83 90 118 93 40 45 73 163 152 5 131 26 49 85 55 35 132 173 128 107 68 77 141 130 112 63 70 95 71 106 42 25 108 60 120 129 37 74 147 8 89 67 59 96 159 140 122 24 167 15 117 104 143 100 127 168 116 54 21 91 11 33 88 133 29 82 41 44 99 47 38 156 81 34 12 110 136 172 154 
15 87 66 31 19 120 106 55 76 65 148 70 101 49 122 150 80 8 116 56 121 160 40 127 83 135 153 97 42 13 115 29 94 74 71 111 152 53 54 158 92 143 62 36 38 89 23 73 67 133 28 140 161 81 168 149 119 109 84 43 47 64 114 68 102 95 4 173 78 82 129 134 96 59 60 22 50 128 10 18 34 6 20 99 93 69 21 91 108 86 167 126 25 88 52 72 145 7 107 12 130 98 27 138 14 48 45 141 157 11 33 166 17 154 79 155 112 16 124 142 136 24 30 39 104 151 162 163 
16 128 13 33 25 41 79 173 83 168 81 129 39 14 4 38 92 46 104 103 67 80 96 68 151 152 26 95 50 171 138 63 60 88 76 71 49 163 126 78 55 147 75 143 28 157 155 93 111 117 132 150 118 5 11 69 32 135 107 127 109 170 58 115 133 160 18 17 53 105 139 36 24 146 134 51 124 23 27 148 100 72 99 40 19 144 114 22 159 12 122 113 61 8 164 156 48 90 54 101 166 59 15 142 149 97 20 84 106 158 6 70 10 65 120 161 102 0 43 9 35 1 141 130 87 140 136 145 
17 149 121 35 97 80 6 69 90 87 109 95 44 1 106 172 167 151 42 139 115 19 133 54 129 68 135 98 73 152 53 99 2 88 74 38 150 173 114 159 45 130 166 7 71 27 24 13 122 169 76 102 37 26 120 46 75 55 126 118 16 96 12 163 108 34 92 28 85 110 107 140 8 116 147 142 64 30 84 160 143 165 105 5 155 22 48 9 59 100 67 66 164 15 51 18 148 162 78 145 32 70 91 138 144 79 141 20 3 170 43 83 153 39 25 31 50 
18 167 12 163 56 92 70 93 137 161 116 29 31 89 164 140 76 127 4 135 83 120 74 72 2 155 30 1 91 22 62 32 130 117 145 104 68 13 84 79 11 160 142 20 59 110 88 152 6 111 96 48 34 165 172 63 156 133 58 147 115 49 39 36 173 112 71 0 94 8 125 69 157 128 16 77 15 87 75 105 78 126 119 90 95 61 23 9 168 146 60 141 73 24 131 129 55 134 107 148 113 64 162 45 106 153 138 109 57 139 17 19 171 101 42 3 66 159 143 121 122 38 35 40 80 154 103 166 67 33 151 118 158 27 
19 139 15 31 125 113 84 38 160 80 159 130 103 46 56 33 133 88 1 145 107 39 95 172 94 144 119 37 69 89 167 54 6 111 74 117 67 61 76 136 63 142 12 99 17 35 101 52 3 90 21 97 48 81 14 173 66 34 156 58 93 158 169 50 109 75 86 42 83 115 134 96 161 141 116 60 151 122 132 25 120 9 129 171 114 121 153 124 23 29 5 162 49 44 102 13 73 98 148 72 16 147 8 87 143 71 77 138 91 40 79 11 154 22 68 82 118 140 0 150 41 137 57 104 36 18 64 51 165 157 55 7 2 27 112 128 70 106 
20 6 159 128 143 7 93 167 75 80 67 147 139 63 149 61 155 56 168 12 140 65 145 27 141 49 131 97 154 58 22 23 2 165 142 88 118 24 115 45 87 73 162 81 18 112 11 70 77 153 84 126 100 74 31 148 138 66 163 68 102 3 157 108 136 129 52 0 173 55 15 30 127 104 32 78 5 116 57 120 21 10 47 109 110 62 90 94 46 34 122 106 25 86 54 83 13 172 158 164 125 107 36 132 150 33 16 79 37 42 1 17 48 59 130 71 92 170 69 40 60 8 76 119 
21 143 158 140 125 111 165 145 31 109 152 42 53 89 77 154 126 99 118 127 41 88 115 61 22 91 141 73 8 135 133 149 46 55 128 68 107 37 5 120 97 157 124 171 13 60 103 129 153 59 51 3 19 74 4 79 117 121 138 0 56 122 123 1 32 39 24 173 160 104 45 163 161 75 69 58 52 27 15 93 105 101 62 144 94 116 20 38 54 108 66 96 36 159 130 43 114 132 102 148 98 44 85 166 139 110 162 86 167 33 90 14 169 137 30 35 26 83 146 170 147 76 11 10 72 
22 99 50 29 126 93 85 34 52 151 161 8 155 48 55 165 31 64 7 66 163 21 42 40 30 1 65 156 164 4 3 60 143 37 133 148 105 18 20 172 146 67 157 0 131 12 154 100 102 13 104 129 117 61 109 56 6 68 139 158 166 33 118 160 103 86 38 46 78 73 24 170 128 72 79 90 51 15 115 82 77 145 36 98 74 71 142 141 5 88 94 135 9 121 137 113 116 106 16 49 17 19 32 25 125 26 153 70 123 120 132 111 53 150 124 80 54 97 96 10 108 35 59 92 62 76 83 95 169 89 167 140 107 87 
23 151 110 149 107 122 11 145 160 55 42 50 54 161 43 82 162 109 140 173 170 70 89 62 3 103 84 134 163 51 117 91 20 36 121 155 52 86 60 78 114 104 4 166 81 77 138 46 58 87 157 33 63 15 164 53 13 38 93 12 83 30 61 6 59 165 26 100 56 65 146 123 135 137 44 57 99 172 9 68 72 47 19 92 130 142 18 98 16 108 156 45 116 96 40 74 147 49 154 105 125 5 139 131 124 8 76 129 126 101 88 90 169 37 80 31 148 1 41 85 
24 8 55 131 0 3 57 66 162 132 77 114 147 119 27 117 118 4 142 100 89 146 93 155 83 96 111 164 104 33 158 127 120 11 109 169 130 20 98 113 157 59 64 151 145 149 39 115 71 121 141 125 28 42 34 73 112 69 110 67 21 17 82 22 65 99 116 44 154 128 74 9 58 37 139 46 108 129 16 107 156 50 94 135 31 51 41 43 87 163 140 40 84 49 173 167 79 160 36 18 159 102 52 45 61 14 126 78 25 62 26 133 137 165 13 144 53 10 134 124 12 81 86 166 168 76 106 15 38 88 90 1 48 75 95 91 143 47 
25 27 172 74 88 117 91 145 68 16 153 33 125 104 148 140 132 50 71 66 78 162 96 90 39 99 107 40 156 67 87 92 129 111 135 56 105 30 45 55 169 103 142 10 116 6 97 44 136 109 119 150 110 0 157 158 121 144 1 13 72 131 93 47 167 81 118 82 89 128 19 77 122 94 11 36 123 14 46 80 15 166 42 141 43 100 31 35 41 134 152 60 8 9 24 22 20 57 114 143 130 4 59 127 173 83 101 69 64 95 164 54 137 79 48 75 5 38 76 146 85 86 17 147 151 
26 29 37 52 146 137 62 113 46 6 170 122 83 56 33 128 32 74 119 78 169 47 76 139 102 147 118 49 114 30 90 171 1 156 63 161 4 101 16 173 88 11 97 131 96 110 31 129 144 86 0 134 42 36 105 64 99 126 157 108 55 38 94 71 135 50 14 23 91 67 107 17 66 27 93 148 109 9 92 159 89 143 127 54 13 41 34 116 162 79 10 136 106 48 152 166 153 2 82 155 140 150 149 154 61 120 39 24 164 123 160 22 44 3 103 40 117 168 21 138 158 69 28 95 5 98 
27 25 11 8 79 2 56 62 24 121 55 34 151 77 146 110 67 163 149 20 92 14 48 12 116 86 53 115 125 84 68 124 154 119 35 160 83 63 32 105 137 37 143 82 134 164 7 142 101 38 3 161 45 73 159 118 0 90 94 93 148 165 111 107 47 135 17 54 123 106 70 58 61 100 41 9 129 132 1 57 26 170 29 113 162 95 157 139 21 85 136 78 33 89 171 69 16 138 36 104 96 112 173 87 60 109 147 75 169 15 141 133 97 128 98 30 40 28 153 13 166 120 168 49 130 4 99 19 126 64 18 
28 110 172 66 122 120 141 94 3 128 75 100 52 14 78 38 144 112 43 87 101 39 168 0 71 62 126 104 11 29 152 116 76 56 50 80 16 164 124 162 15 166 49 24 44 138 107 58 48 131 146 7 142 127 60 77 145 10 151 9 133 35 12 73 132 90 92 117 37 140 134 139 171 1 115 64 118 96 114 68 46 88 4 170 17 111 2 113 13 85 82 121 36 31 149 59 135 167 99 91 103 6 165 84 63 32 108 119 81 173 34 27 163 54 129 67 137 74 143 160 72 106 159 158 169 55 97 26 33 86 5 130 
29 26 8 140 52 59 22 9 70 172 90 109 18 86 162 117 79 107 37 92 15 84 73 155 165 150 51 110 76 93 42 98 146 166 28 111 148 3 69 137 2 112 136 32 160 95 169 89 120 97 49 68 104 99 152 147 40 38 138 36 116 0 46 87 75 27 72 60 6 164 168 158 45 10 122 156 19 113 55 167 41 106 124 151 54 13 135 105 119 153 126 114 64 39 48 12 47 141 91 123 4 139 163 57 132 88 129 34 63 80 142 85 14 65 127 81 78 82 149 144 96 130 11 161 43 
30 85 150 126 125 151 105 60 136 133 137 56 112 163 41 118 164 157 4 26 123 12 22 97 94 116 18 39 25 82 135 54 8 5 96 98 124 140 55 9 77 59 102 67 79 111 152 10 153 48 90 169 32 53 70 141 146 138 148 23 2 46 6 113 61 99 87 81 155 20 88 104 74 78 128 100 1 89 93 40 64 159 37 7 139 144 52 156 115 35 127 162 17 122 57 84 173 42 51 68 47 91 172 149 27 45 44 167 11 13 21 49 33 73 108 170 15 131 92 66 171 107 80 109 130 71 110 154 
31 119 33 15 169 19 21 86 110 4 112 49 156 18 101 98 102 161 90 22 173 144 143 160 57 13 34 62 166 158 123 36 116 59 127 149 128 151 26 129 65 141 74 85 71 78 95 172 77 20 8 50 60 168 103 6 35 165 63 122 96 48 12 76 37 117 124 171 72 9 142 88 7 91 138 2 140 24 106 93 55 68 136 1 46 53 170 154 67 111 134 120 32 145 147 135 39 81 157 28 82 25 92 5 45 75 132 87 163 38 70 66 44 79 146 131 100 109 137 51 148 23 10 125 73 47 56 17 153 97 54 3 
32 47 36 169 13 114 26 58 80 131 83 150 165 51 53 167 151 159 97 161 90 60 127 135 140 86 33 99 73 139 3 46 74 141 18 67 55 40 173 12 10 27 5 98 70 14 166 45 160 152 171 109 107 29 120 156 129 49 63 153 93 30 52 65 96 21 16 133 108 11 155 88 82 157 1 4 172 164 20 102 101 92 111 128 78 106 69 124 91 76 66 136 31 85 35 79 48 95 158 117 145 50 54 75 134 34 28 22 6 147 130 149 8 62 17 138 81 137 41 110 113 170 115 132 142 0 38 125 59 42 100 123 
33 31 16 148 25 26 65 75 152 71 36 171 79 64 54 135 97 88 19 120 32 87 69 84 48 150 24 57 113 165 125 128 129 50 134 4 23 72 12 43 35 45 144 56 22 53 132 153 168 42 34 100 13 66 121 73 3 63 161 131 67 86 111 109 99 1 5 62 49 115 155 9 59 133 160 6 163 0 82 94 173 146 107 114 91 8 55 52 27 10 112 60 77 89 85 40 103 68 2 140 15 123 39 21 157 167 81 14 51 20 130 61 58 149 126 145 30 98 169 119 166 41 156 147 122 105 37 151 18 92 28 124 
34 128 39 71 43 170 8 69 6 51 22 119 168 40 73 27 2 68 31 154 86 56 129 52 133 118 106 61 100 158 0 166 131 76 127 48 46 162 159 161 54 82 144 80 150 83 93 18 41 24 135 90 120 33 102 60 19 160 115 146 84 138 113 139 77 94 79 104 95 143 4 97 112 173 57 125 15 64 108 17 123 111 105 66 26 12 148 38 37 130 63 49 147 165 88 87 149 114 126 32 20 28 153 53 124 151 141 29 99 117 70 145 7 98 13 89 164 14 72 140 92 96 167 136 5 110 
35 63 17 125 167 68 79 157 39 50 60 11 162 116 52 10 1 118 5 47 41 37 155 97 135 0 51 56 38 137 87 149 136 27 74 19 73 54 133 134 111 33 8 170 80 2 46 112 119 123 69 99 75 145 88 140 4 109 101 129 122 31 28 102 124 89 160 139 12 91 152 14 103 82 100 92 104 94 144 48 142 120 36 169 42 147 93 114 98 117 154 130 168 95 159 143 148 45 53 62 32 30 65 141 171 84 25 3 164 55 161 151 173 96 163 146 85 107 153 166 172 113 165 67 21 64 58 18 22 71 86 70 16 9 40 156 43 105 76 
36 163 32 166 107 152 110 153 129 33 112 85 83 1 149 91 37 50 106 43 31 169 44 53 126 23 73 69 141 116 6 40 101 5 76 145 15 135 74 155 125 51 58 161 100 123 26 8 143 48 46 62 154 92 4 136 41 120 170 18 78 97 140 89 42 72 133 94 29 104 173 150 102 118 70 138 158 132 99 22 67 90 124 16 88 35 157 93 168 146 165 52 25 47 128 109 84 12 27 167 21 61 9 28 24 71 81 10 2 103 114 117 59 19 54 151 98 20 87 137 111 122 86 49 171 131 115 160 13 148 108 142 7 159 
37 26 2 107 126 166 121 50 137 51 130 75 157 119 162 112 93 36 111 159 53 29 78 22 125 84 19 83 135 35 21 73 129 171 102 6 60 124 63 27 45 139 104 49 71 109 152 103 89 46 114 41 106 144 12 115 132 128 151 61 118 116 69 95 154 156 98 56 79 10 123 31 28 133 120 17 47 80 160 24 138 54 173 161 62 94 170 172 1 65 3 52 48 167 88 30 164 140 77 34 68 113 134 74 142 14 149 58 9 148 39 146 85 165 163 4 122 147 81 169 92 67 141 59 5 55 153 86 101 20 100 23 33 43 108 13 70 87 0 158 136 
38 89 71 10 132 74 129 4 69 98 19 123 148 118 16 48 102 58 171 78 104 154 167 28 96 156 107 149 138 53 50 99 161 49 7 86 64 121 35 139 3 93 52 136 2 94 11 73 15 79 145 5 27 159 133 62 147 125 72 83 140 84 142 54 17 23 26 67 47 22 92 82 158 170 103 6 29 9 168 106 60 162 45 97 68 88 128 173 109 112 42 141 1 80 101 21 13 34 81 55 91 160 150 59 143 63 95 134 108 110 165 57 169 46 39 166 31 75 85 155 105 12 44 66 65 18 24 146 14 120 127 137 32 25 76 43 
39 92 109 12 103 48 34 119 69 153 158 167 78 35 77 165 16 122 76 14 25 125 61 156 60 144 19 107 47 58 30 66 128 59 11 28 132 83 104 95 171 96 127 44 170 90 117 131 151 142 24 87 108 55 148 85 101 126 114 10 93 71 79 18 53 8 70 154 5 115 21 152 65 0 74 13 3 106 40 168 110 42 105 67 147 82 136 68 139 135 31 162 159 2 138 88 37 89 29 97 150 51 63 26 75 50 38 130 33 81 52 116 72 149 118 102 137 41 141 99 120 133 4 160 43 15 56 64 80 161 6 17 121 
40 168 139 141 5 163 151 142 76 87 41 60 48 83 34 54 106 100 25 53 167 22 15 95 105 121 147 71 125 98 68 97 46 156 112 111 74 45 164 132 122 99 102 66 32 36 6 108 148 89 115 94 82 123 81 86 137 3 140 153 14 56 131 29 57 118 50 49 166 0 138 128 150 152 104 77 93 39 133 67 2 59 144 90 124 149 30 160 13 24 44 23 16 126 8 33 165 19 129 52 55 69 7 70 27 12 65 61 62 134 88 85 135 154 73 26 143 171 43 84 173 18 119 47 130 35 4 20 78 
41 8 99 4 147 16 40 77 85 157 30 59 145 13 134 21 86 144 158 97 1 129 93 164 11 35 107 74 131 106 114 105 52 80 160 154 128 171 64 127 71 44 5 101 100 118 61 120 148 162 125 34 49 67 69 37 109 103 36 166 83 130 58 87 79 66 47 94 135 2 27 70 115 168 62 56 169 137 7 116 26 51 142 139 24 172 12 50 104 29 46 95 78 141 65 89 84 6 45 98 9 165 3 25 63 0 54 149 167 112 138 90 73 75 111 155 19 124 156 136 43 39 32 14 48 143 151 33 123 133 119 122 81 23 92 
42 151 85 74 138 165 94 93 156 21 97 76 134 116 143 23 78 91 77 172 53 70 66 145 121 147 72 152 173 137 135 22 58 71 154 112 15 164 163 129 101 115 166 106 119 92 29 17 118 104 100 144 2 8 63 26 89 52 149 159 67 62 7 111 127 24 95 33 107 131 128 36 0 19 86 43 157 13 54 132 136 153 75 113 167 162 49 102 38 45 39 35 99 14 56 47 25 83 160 148 48 44 105 81 79 65 30 51 9 80 68 126 103 141 130 69 142 18 169 133 122 12 20 88 96 123 125 150 6 84 140 32 60 114 1 55 4 110 
43 6 55 34 133 84 111 160 60 79 90 14 89 23 83 143 150 153 101 45 140 28 36 152 107 116 58 0 117 120 86 155 100 62 168 151 73 88 49 137 123 10 138 53 59 33 68 70 81 125 132 11 113 64 122 164 65 108 93 15 72 61 166 42 91 127 124 141 134 66 110 118 56 74 112 13 47 170 51 119 87 8 105 121 24 128 145 146 48 130 103 104 98 157 99 25 52 154 92 156 21 148 162 106 131 114 46 63 139 169 41 2 78 161 39 76 40 149 94 50 67 16 17 82 37 35 38 54 129 95 29 
44 146 156 77 159 158 128 76 154 127 91 2 116 157 17 8 119 56 36 111 4 122 63 49 13 143 83 142 47 86 39 41 25 101 145 54 28 150 45 132 148 61 10 126 107 139 166 79 74 168 24 124 9 100 170 134 133 87 93 66 84 169 23 106 5 59 62 55 173 147 6 73 162 117 19 40 171 81 103 149 70 105 115 7 42 104 144 67 82 89 71 60 21 167 164 102 120 30 131 118 26 31 165 75 38 14 113 57 80 130 72 12 96 110 11 
45 64 83 96 75 87 72 162 113 114 52 43 147 119 61 121 25 155 2 158 124 40 112 170 135 99 71 133 20 146 89 108 32 37 68 111 132 171 88 54 156 149 12 27 95 33 76 165 160 44 145 163 6 14 17 115 0 48 138 141 67 4 134 84 59 3 63 38 81 21 105 92 80 78 152 42 29 5 164 157 73 127 49 128 118 104 136 23 35 123 131 60 143 41 139 47 8 24 1 31 137 56 53 15 74 18 130 151 9 30 98 126 91 86 117 129 101 13 50 103 150 10 159 7 46 
46 142 133 147 123 94 26 84 135 3 93 104 158 53 72 98 155 57 19 80 47 16 75 139 21 56 122 32 40 105 50 149 121 6 148 145 114 11 68 73 156 63 77 115 23 34 170 109 116 103 76 71 143 36 35 102 69 91 163 37 110 96 112 126 138 99 136 22 66 92 127 134 1 30 67 128 7 161 168 130 90 58 29 64 106 17 165 97 124 151 49 159 24 28 70 55 86 141 131 101 153 8 13 60 31 25 9 41 82 0 95 167 169 166 79 20 4 171 140 48 12 118 85 43 38 157 137 160 62 111 65 113 173 45 
47 32 58 90 119 122 85 26 94 127 115 146 99 0 83 46 163 77 145 126 76 39 35 103 1 9 104 124 82 157 81 44 12 147 138 64 57 74 173 139 5 7 92 168 3 97 56 70 112 38 123 27 171 15 41 95 111 25 102 62 50 37 49 107 113 140 6 43 86 133 129 137 130 128 67 23 68 2 71 13 144 117 75 36 20 42 93 55 167 106 108 160 45 142 8 156 29 48 30 164 73 121 87 69 169 65 60 14 10 158 110 125 98 105 135 141 40 155 31 152 24 
48 39 123 143 69 40 120 22 116 38 11 1 89 9 122 27 140 115 49 33 101 159 150 51 102 139 96 84 52 5 90 34 76 10 117 106 0 135 36 145 157 78 98 18 88 169 85 6 19 136 108 134 154 28 30 130 161 45 31 92 107 147 149 114 4 155 160 35 146 173 37 128 74 71 43 60 26 111 167 32 171 67 13 42 99 112 46 118 29 17 82 47 15 83 127 16 105 97 165 132 94 141 70 93 53 77 81 20 41 124 133 12 142 153 68 25 24 138 151 164 126 63 110 162 
49 125 173 108 146 80 105 86 103 31 106 73 94 113 15 71 26 83 99 162 20 11 51 48 164 38 154 44 142 104 170 7 84 155 161 10 13 16 147 92 150 43 6 144 37 75 56 28 119 41 100 111 32 70 140 134 18 29 112 65 91 63 107 40 124 14 130 98 137 61 59 47 122 60 33 42 129 46 72 128 133 172 12 158 131 126 148 45 19 67 24 34 97 135 8 23 85 22 149 88 3 89 157 141 132 153 76 163 102 101 171 169 30 58 36 27 53 159 110 81 9 52 127 0 118 77 4 
50 107 22 101 164 25 160 37 167 89 87 23 149 166 35 148 125 3 155 150 95 36 140 77 137 124 7 16 142 60 102 168 38 14 46 58 123 78 126 100 88 97 33 144 28 152 76 64 115 99 96 128 61 6 1 54 10 74 85 65 31 138 86 157 19 117 130 26 116 71 151 40 73 69 108 47 59 118 2 169 15 129 135 66 136 9 63 90 106 11 153 24 103 41 143 13 4 94 68 145 163 5 32 57 141 173 122 92 81 39 171 120 75 133 139 147 93 82 131 84 43 45 158 111 8 53 161 51 17 132 80 
51 169 107 89 116 158 34 37 73 166 32 96 173 67 119 86 106 88 87 168 78 157 49 23 162 93 150 77 126 127 142 35 48 136 29 55 82 139 125 140 64 75 131 110 85 14 68 21 36 57 146 159 144 9 145 74 135 108 147 167 118 152 172 54 62 133 134 81 149 90 22 128 123 141 70 105 171 43 2 114 16 6 120 41 137 24 165 163 92 155 122 129 91 52 115 72 95 97 84 42 30 79 39 63 71 17 154 19 100 103 0 33 11 104 8 124 143 31 61 12 164 132 121 50 170 
52 136 26 29 13 162 59 57 152 60 68 95 22 28 45 147 35 116 85 2 84 141 165 120 114 53 34 78 1 41 23 171 38 164 48 81 7 107 79 19 111 42 91 108 130 118 122 63 75 132 0 99 55 61 82 56 143 58 32 158 170 154 72 144 140 8 102 172 124 148 20 110 142 173 21 150 37 96 109 161 36 33 121 155 83 169 92 30 15 51 119 43 105 128 93 97 24 103 40 10 70 117 139 133 113 88 149 129 39 104 159 156 67 125 160 5 163 77 80 101 62 49 100 126 
53 78 141 145 74 144 4 103 46 21 162 42 156 32 92 134 87 40 128 118 37 9 52 8 36 27 2 158 148 38 65 114 133 15 124 122 136 123 23 63 43 155 115 99 132 17 117 112 108 33 75 157 173 149 1 30 39 80 64 142 56 71 160 171 140 137 104 159 90 16 98 167 83 10 105 94 146 31 138 102 35 60 121 13 5 81 88 120 77 67 150 119 125 57 170 45 79 70 66 91 34 7 24 69 130 22 166 48 12 3 62 113 49 68 152 147 127 143 50 168 139 89 85 
54 55 147 151 62 103 79 87 140 8 59 23 153 168 11 40 97 33 73 124 9 71 155 93 121 12 167 30 19 171 127 99 126 162 154 15 122 146 95 116 17 35 102 100 44 34 60 1 45 61 77 78 129 137 109 50 141 38 65 63 149 3 136 4 51 27 86 42 163 134 98 37 107 84 70 104 56 133 26 69 96 58 142 120 138 88 144 21 68 112 114 135 29 172 32 128 72 139 41 152 173 20 28 91 16 111 36 14 169 64 22 83 106 125 101 131 130 25 118 148 165 5 13 43 57 156 7 31 
55 77 118 151 54 168 43 24 162 100 92 82 15 125 23 113 88 127 146 135 22 27 109 129 136 159 63 13 59 21 56 130 1 25 126 5 124 51 32 99 102 4 30 120 16 104 91 123 160 39 98 114 96 156 166 52 26 103 84 101 131 158 64 111 161 9 155 14 121 171 60 20 128 17 61 76 154 44 70 149 97 165 46 112 67 65 81 172 153 31 33 71 29 107 139 79 47 38 93 57 68 147 3 90 119 133 108 35 83 18 2 0 143 40 62 69 169 140 105 142 37 10 145 137 19 163 106 87 134 95 85 86 66 28 150 12 42 
56 12 128 147 63 77 97 18 112 87 84 26 116 27 168 30 146 108 158 98 126 93 154 19 15 20 34 119 44 25 46 55 88 117 163 62 35 96 105 162 127 86 28 5 89 22 129 49 78 68 33 153 85 167 67 21 52 47 134 81 60 40 142 6 4 37 53 101 136 132 23 73 118 125 156 58 43 149 133 148 106 41 115 54 59 139 91 121 151 150 171 169 1 10 80 42 57 66 13 170 95 61 65 64 45 164 74 69 92 160 124 135 131 109 172 137 123 39 104 143 111 165 120 110 114 76 31 
57 61 79 104 83 63 158 52 75 72 24 14 166 150 156 130 46 5 31 103 143 95 120 122 62 93 3 106 128 33 100 162 89 129 88 7 148 116 47 73 169 51 160 145 168 2 138 117 134 64 153 163 113 40 121 91 165 4 1 131 34 66 76 27 68 6 97 69 23 144 13 172 105 125 112 20 86 161 98 56 123 167 137 171 55 96 118 30 154 67 50 99 71 146 53 59 152 38 149 25 119 19 18 29 170 65 78 60 124 8 151 111 12 11 74 70 102 141 94 127 126 80 157 44 54 155 
58 47 161 144 101 102 93 91 80 143 32 156 135 14 66 123 129 95 38 142 42 162 39 152 112 128 43 79 5 155 20 166 117 50 158 132 88 130 23 2 71 36 150 169 110 115 92 105 73 159 122 84 75 9 108 28 18 11 41 52 19 0 121 109 134 59 27 16 64 86 46 24 56 77 124 133 21 68 125 103 62 168 114 54 8 139 148 153 149 140 37 74 137 127 119 173 111 96 97 141 172 170 113 78 118 33 171 49 35 82 83 3 60 76 126 7 107 70 
59 116 87 65 73 29 52 88 89 104 120 140 54 142 71 123 96 41 134 157 101 171 55 97 151 39 7 31 130 13 163 74 106 150 132 118 24 18 21 165 129 30 105 43 83 91 167 6 68 77 148 76 121 146 80 58 124 60 168 9 23 8 107 45 147 113 49 50 15 117 160 135 66 137 92 62 69 138 172 44 33 164 10 56 95 40 133 122 139 170 98 169 38 102 2 100 3 115 28 14 111 131 155 158 128 57 17 112 153 85 109 5 37 36 25 136 16 141 162 72 125 22 20 161 81 32 75 119 1 
60 152 97 115 6 164 82 89 30 52 43 140 98 40 121 35 119 63 158 155 124 136 32 39 85 137 77 134 22 125 50 96 23 131 16 37 112 21 3 109 113 151 157 92 72 73 54 145 75 148 159 100 101 90 118 34 173 31 56 107 94 93 28 83 91 4 5 116 38 59 79 172 168 165 86 55 15 19 126 49 161 29 87 104 8 133 46 110 149 99 67 48 14 117 53 33 9 18 64 130 45 27 156 105 44 25 111 62 11 10 70 154 142 0 114 71 84 139 66 57 171 129 123 128 69 47 76 74 166 146 12 58 68 163 42 20 141 103 
61 127 95 57 110 75 88 9 4 78 130 85 94 147 39 123 169 113 20 21 11 92 120 0 45 84 34 91 133 70 171 13 122 19 172 146 140 10 1 22 76 128 41 54 106 136 150 103 50 161 114 159 52 105 96 44 108 12 37 115 101 131 62 157 43 23 134 30 3 87 27 65 49 79 166 132 165 129 155 97 80 55 117 163 124 107 83 164 18 6 81 121 116 102 125 104 36 66 149 144 112 56 7 99 86 24 139 16 26 142 160 64 93 40 8 2 173 33 148 69 135 162 170 51 156 143 67 
62 136 117 26 54 127 120 10 8 123 3 107 73 27 159 65 31 144 79 23 57 18 68 56 125 43 28 164 99 172 93 121 15 86 78 69 116 108 166 7 74 103 42 38 92 63 36 122 167 90 129 128 100 94 61 98 84 51 154 6 75 47 113 170 147 41 64 12 33 37 151 59 97 44 58 119 21 143 87 71 88 72 67 168 171 35 20 112 81 111 142 109 132 153 161 80 4 156 60 145 138 55 24 13 11 104 146 40 110 32 133 149 46 89 53 134 173 137 118 22 148 52 9 157 130 
63 144 35 56 85 89 73 80 57 166 75 155 130 104 20 60 160 164 111 113 126 115 98 55 26 2 158 92 101 84 44 153 112 170 16 171 19 168 136 46 27 4 143 37 74 96 133 95 23 42 141 131 53 149 117 162 52 67 70 146 12 102 148 62 122 5 18 97 138 72 137 32 150 54 152 127 79 33 121 125 49 31 139 107 71 9 45 7 109 165 99 159 68 87 83 50 1 167 14 76 6 13 100 86 34 93 38 132 118 41 147 78 90 28 51 39 106 77 134 43 108 169 69 29 119 10 142 124 156 135 3 8 48 
64 91 107 45 140 87 165 168 71 145 66 3 156 69 108 115 163 146 22 33 73 153 149 88 130 171 116 173 38 96 122 120 41 111 51 117 13 121 128 24 47 118 133 50 26 166 137 97 99 164 68 43 89 124 150 57 113 78 12 4 138 85 53 55 65 15 84 152 101 58 114 5 46 28 62 141 34 135 98 112 82 67 167 8 30 109 10 93 17 60 131 83 123 154 1 74 142 29 56 160 70 158 127 6 18 61 169 125 102 86 19 7 81 54 25 35 162 136 9 103 77 106 39 144 170 90 27 11 
65 159 59 155 8 117 66 126 15 97 33 77 168 137 9 62 67 128 99 91 124 104 22 141 96 20 149 109 3 103 53 14 140 72 90 94 84 165 98 31 142 122 107 73 70 10 113 133 153 121 5 151 161 50 43 81 89 54 32 120 49 111 101 64 24 114 39 131 0 163 61 23 105 12 88 134 138 37 123 152 55 6 139 13 129 135 164 92 79 41 35 130 82 68 150 42 136 56 71 95 172 80 171 40 2 146 144 125 87 57 154 169 167 100 173 132 47 29 38 145 166 16 108 118 11 7 46 119 110 160 156 
66 172 28 15 150 65 64 12 8 14 9 24 25 7 138 171 42 124 148 58 22 97 100 11 83 125 115 167 39 84 118 149 96 127 40 170 72 173 165 122 121 132 129 153 76 108 106 13 77 119 19 33 147 69 20 89 112 46 166 70 41 103 75 163 117 120 43 94 57 133 26 59 44 50 154 130 144 134 160 34 102 151 128 162 32 56 21 131 61 79 87 158 1 164 116 2 142 4 114 17 73 53 105 95 143 60 99 104 152 31 86 140 18 156 71 5 38 113 85 30 0 78 55 157 136 92 111 
67 114 148 111 105 127 173 129 20 152 65 95 51 99 27 16 125 25 132 11 153 84 8 167 22 135 32 19 143 118 75 104 133 78 15 154 121 63 30 42 88 137 13 81 70 41 107 56 163 166 136 38 68 103 131 24 5 117 33 126 128 165 45 72 122 46 101 160 123 139 26 157 69 71 172 40 102 36 98 161 39 47 146 55 64 155 2 62 170 112 10 31 60 74 49 169 86 158 113 48 109 120 162 44 140 14 91 53 145 57 73 17 171 119 124 149 37 168 89 108 28 3 52 12 35 110 164 151 77 4 43 80 18 1 79 115 61 9 
68 165 85 5 140 8 25 113 1 132 52 35 155 130 111 99 34 76 123 97 16 104 114 80 21 40 62 119 7 108 27 118 70 133 18 98 3 46 164 169 51 17 45 168 115 43 171 22 120 64 56 90 59 10 75 128 13 78 136 67 29 166 20 15 122 4 81 102 83 38 117 57 72 161 167 63 28 162 58 14 23 152 158 170 47 143 31 150 151 137 173 139 160 39 100 54 37 149 156 87 50 55 79 157 65 2 33 124 19 30 147 42 9 11 91 6 163 12 112 141 154 125 53 48 153 60 106 96 84 101 103 
69 155 34 39 73 48 38 64 17 88 83 126 157 87 168 6 104 33 80 19 2 36 128 148 125 131 111 145 110 29 62 109 151 12 81 169 46 35 129 105 41 153 3 101 71 79 7 123 8 137 24 98 66 119 163 160 142 16 37 122 167 72 147 133 11 108 50 130 18 107 67 115 156 59 21 57 15 92 135 120 54 154 13 86 32 140 76 124 9 27 136 91 0 102 106 149 166 10 141 96 40 159 55 77 56 42 74 53 63 99 112 25 60 61 47 172 75 143 1 161 165 116 5 26 20 4 97 150 85 
70 151 171 165 131 18 29 76 170 145 15 42 118 0 1 120 80 92 23 8 162 73 81 147 61 82 68 107 113 132 116 173 155 86 32 137 79 20 9 43 63 65 84 67 167 142 49 7 47 133 30 3 39 119 148 159 111 104 66 12 135 27 153 115 41 99 98 36 10 90 71 51 54 46 136 112 55 143 129 75 14 102 158 168 110 161 106 122 72 44 117 95 166 52 125 124 126 64 130 60 40 78 53 74 140 22 103 2 31 96 160 94 157 34 128 83 17 48 105 16 57 35 109 134 37 163 19 58 
71 38 34 96 101 64 13 120 93 25 127 59 149 7 33 150 152 142 49 164 166 54 143 134 77 155 163 42 11 40 12 73 15 151 28 45 16 123 90 41 113 116 5 9 58 4 72 24 162 37 46 31 122 99 6 76 91 69 126 39 112 2 1 26 171 18 156 17 50 106 153 117 87 63 78 80 53 79 129 82 136 70 67 167 114 22 138 141 14 47 62 165 128 48 55 108 10 8 146 159 132 137 19 85 84 147 124 36 115 44 65 57 140 3 121 51 60 172 144 83 103 135 95 66 107 125 133 35 20 104 102 30 154 111 131 
72 145 82 117 167 45 165 57 155 46 100 164 173 42 156 131 170 152 18 107 99 13 113 104 110 90 120 141 139 3 148 65 66 160 9 6 153 74 157 133 171 60 79 33 118 71 151 137 124 38 93 78 89 63 76 126 111 96 36 43 143 52 25 69 115 142 67 109 22 12 125 7 97 154 11 159 31 144 102 68 29 87 49 23 95 116 62 169 16 15 132 51 70 19 85 88 2 54 92 163 106 84 80 146 39 28 168 59 128 149 34 8 162 44 119 136 4 21 0 83 
73 123 63 59 161 4 69 166 51 93 157 49 62 34 54 169 75 64 108 80 10 21 133 5 6 112 70 132 32 121 36 29 37 13 71 116 173 83 43 46 135 119 131 20 168 38 35 129 98 57 60 15 113 153 148 17 65 27 122 58 150 0 3 106 24 142 33 14 165 22 84 97 134 28 50 101 149 56 155 144 105 147 78 96 128 143 45 159 104 44 9 164 146 158 154 85 139 2 19 18 90 11 107 117 67 140 41 125 110 47 115 12 124 66 89 138 151 120 40 99 87 111 30 160 114 130 31 136 86 77 81 171 172 
74 129 25 150 119 53 42 111 125 116 38 26 13 106 172 141 0 114 112 18 105 2 92 91 155 156 41 15 32 166 19 40 122 86 35 104 72 59 63 36 82 47 95 31 62 21 154 151 153 6 127 17 117 142 50 7 20 89 161 134 159 51 81 120 44 39 158 24 138 115 43 140 167 5 30 165 164 143 22 8 48 88 171 168 67 97 23 37 11 123 163 136 139 14 64 113 58 100 133 118 124 45 85 70 56 107 109 126 101 108 69 28 99 79 90 57 170 98 121 78 60 12 173 152 160 103 162 84 135 
75 11 127 106 61 45 148 154 147 57 20 63 33 28 122 37 12 138 160 89 73 46 86 133 93 83 88 125 139 14 78 10 84 51 67 146 142 97 16 131 49 101 52 60 94 115 120 58 0 13 35 68 8 53 167 96 105 121 76 9 155 79 4 126 19 2 91 168 166 165 104 66 6 62 171 119 42 141 87 17 29 113 124 18 111 21 172 116 123 161 95 70 99 143 112 47 102 80 163 27 173 32 110 31 136 39 108 41 50 107 114 38 137 149 44 103 128 158 69 132 24 25 82 59 100 117 
76 128 157 44 118 77 70 15 102 42 40 82 162 26 148 39 150 167 165 159 18 68 172 47 158 125 13 116 117 156 94 19 109 29 34 16 36 123 134 8 124 48 28 131 50 166 170 142 152 133 46 61 100 103 66 105 45 144 146 129 71 145 110 93 59 72 96 75 106 169 101 149 31 17 135 3 155 120 57 121 122 143 55 11 140 90 153 63 69 98 151 32 79 81 114 115 138 84 108 2 132 127 112 168 161 88 89 49 23 4 92 5 24 60 173 43 99 136 22 58 147 160 21 25 56 38 7 20 35 95 
77 55 172 147 56 6 44 4 76 21 120 41 140 24 65 127 42 39 135 116 94 161 9 27 129 47 153 71 60 80 109 86 50 160 51 100 141 87 90 134 23 46 30 113 88 20 54 159 137 148 66 84 59 31 93 139 12 82 28 143 10 78 162 118 34 95 157 97 117 102 130 5 166 2 40 58 18 25 22 131 14 106 108 144 85 150 7 37 123 167 99 169 165 124 33 111 122 53 155 19 168 0 138 63 132 69 171 48 136 67 11 142 154 170 119 114 64 8 52 73 103 1 3 49 163 
78 53 173 11 92 4 141 86 61 26 124 42 25 111 39 171 130 146 91 28 38 5 51 164 80 37 138 85 52 101 81 14 150 79 100 23 90 75 50 120 16 0 62 82 98 67 1 2 126 95 48 151 162 121 56 54 72 83 31 96 148 68 64 36 94 22 170 77 163 115 9 15 140 71 154 133 155 169 143 45 156 119 112 73 104 87 18 30 20 165 13 147 27 32 41 105 89 145 99 161 128 142 93 159 63 10 24 12 107 70 144 152 108 117 17 57 58 43 7 167 116 137 74 172 29 132 66 160 149 109 3 40 
79 102 57 27 169 161 54 16 113 14 43 99 35 112 130 33 162 80 97 155 159 29 62 148 166 0 92 58 83 122 146 125 160 9 129 78 167 168 109 138 18 5 123 38 131 72 52 70 106 30 135 21 88 172 98 132 151 89 142 39 69 127 81 124 63 41 75 111 2 44 37 95 60 34 126 121 22 61 85 71 4 1 115 119 147 139 173 6 26 3 86 55 94 76 65 32 144 24 11 68 46 66 42 19 96 51 10 53 153 15 154 101 8 31 82 74 20 12 17 136 13 134 158 108 25 107 117 140 7 67 114 105 163 
80 11 103 63 116 86 173 49 58 32 100 119 17 19 20 126 165 79 46 15 145 6 73 16 70 132 78 77 166 0 128 69 68 115 113 108 122 159 134 147 41 110 101 172 148 12 82 144 129 28 34 35 89 84 160 156 4 127 59 151 168 164 104 87 53 88 150 157 163 136 37 142 71 91 45 114 131 61 154 95 135 141 118 8 38 117 109 137 56 25 99 75 1 123 7 146 62 65 42 96 72 158 85 130 169 9 29 170 22 81 23 153 57 52 18 67 125 39 44 30 3 105 2 10 133 50 
81 8 116 90 16 113 96 155 103 124 105 70 110 144 78 47 5 86 95 23 101 109 115 98 52 20 114 119 106 173 129 67 149 69 43 40 161 162 15 19 6 56 112 65 12 79 118 74 10 160 170 2 125 51 25 30 9 68 45 147 89 156 157 100 139 7 128 55 3 61 141 143 121 13 76 38 122 82 44 31 130 53 62 84 123 42 36 127 28 50 37 94 166 39 33 146 164 154 24 64 158 140 32 80 4 48 29 102 167 126 83 14 49 111 171 151 135 59 142 41 73 138 
82 72 132 55 162 60 127 164 10 76 23 86 157 173 145 130 116 1 92 107 30 124 87 94 47 70 51 170 126 9 80 159 27 83 74 78 117 5 34 40 105 100 154 8 144 4 160 52 121 150 104 77 172 38 158 6 129 24 118 156 15 155 32 128 109 25 35 71 22 13 2 90 131 163 123 137 171 64 33 147 39 143 95 46 146 102 81 28 96 153 11 133 141 152 115 65 31 26 44 165 139 134 48 19 149 97 166 98 161 79 142 7 88 14 50 58 85 29 3 106 167 168 103 43 75 111 120 138 
83 45 98 57 26 16 125 32 173 69 40 43 36 47 49 18 15 2 116 75 172 66 24 6 115 101 135 79 37 120 139 122 102 8 163 39 44 156 110 73 103 1 27 123 130 82 117 95 128 13 34 38 59 78 92 137 41 14 129 10 85 23 141 106 9 97 60 158 153 105 154 19 118 0 148 7 100 114 160 89 127 68 144 63 53 119 61 93 138 170 86 94 52 145 155 84 42 64 131 4 55 151 48 109 87 20 162 136 71 25 124 142 70 54 104 21 58 150 81 113 121 22 17 112 90 96 72 
84 103 46 56 43 123 112 171 99 161 0 19 147 87 154 133 113 52 94 23 12 166 114 120 13 135 61 33 37 67 63 11 66 144 29 27 49 108 7 75 104 48 90 65 18 173 169 159 3 95 8 121 139 128 101 20 10 70 86 38 4 58 80 115 77 55 6 34 15 100 73 62 152 130 64 45 134 150 160 44 105 54 1 117 142 116 127 124 91 36 24 125 146 83 172 102 96 143 76 41 89 81 151 17 170 71 9 35 165 30 51 140 28 72 149 93 157 132 60 5 16 153 118 129 85 40 50 119 138 42 111 137 68 74 
85 30 42 156 63 68 108 47 128 162 13 120 22 117 9 160 61 41 122 98 36 8 52 116 124 60 147 6 155 115 93 78 125 86 103 51 107 5 31 138 141 144 39 90 48 150 56 50 163 83 165 88 109 167 173 157 64 3 97 161 102 104 11 1 14 113 79 105 172 95 168 169 136 129 92 119 121 27 77 154 17 153 114 99 89 110 73 32 28 171 72 148 132 33 49 71 12 37 0 142 152 21 166 10 46 74 59 80 35 106 38 87 40 29 66 82 84 55 7 140 25 96 23 69 53 
86 14 148 96 131 80 158 78 31 114 49 168 101 173 150 97 149 29 82 41 111 51 75 95 32 34 163 77 165 116 27 162 43 38 155 23 81 115 139 74 137 9 85 128 70 56 8 62 88 44 118 26 156 104 164 147 84 40 4 110 127 22 94 103 50 10 105 19 33 135 42 92 119 100 123 54 166 58 60 108 93 121 47 133 46 99 145 69 15 167 83 57 3 79 132 125 67 6 87 63 12 151 117 61 161 144 160 13 120 130 20 89 171 64 21 126 122 0 66 90 37 24 45 36 7 5 98 35 55 134 73 107 153 28 25 159 102 
87 59 117 15 64 89 45 56 124 116 54 40 50 137 1 84 17 109 173 53 69 51 143 2 25 147 162 33 28 5 92 82 171 169 167 35 77 146 106 20 23 0 6 39 108 120 172 154 136 170 161 41 160 80 145 112 3 99 105 141 91 148 71 155 126 122 61 30 4 107 29 164 75 110 44 118 12 18 72 78 63 100 9 60 97 43 62 113 24 8 93 144 101 86 10 158 134 68 34 19 27 88 66 152 149 159 166 94 11 138 31 83 151 119 142 65 163 111 104 131 47 125 36 85 114 168 73 55 13 90 16 37 22 156 
88 61 25 138 59 55 69 113 140 136 114 167 33 101 19 21 142 129 51 64 125 170 137 149 117 75 26 89 56 92 3 16 20 58 107 128 50 165 57 126 86 173 162 43 123 18 168 90 77 116 45 67 48 17 79 132 152 161 119 35 156 112 127 104 85 11 130 109 80 5 100 32 153 158 111 38 65 148 2 143 31 30 28 36 102 94 108 10 110 62 37 74 151 122 22 91 54 97 15 139 131 72 53 34 99 96 8 87 146 169 103 49 39 160 0 4 124 76 52 29 14 40 23 145 82 42 1 12 150 147 24 172 93 106 144 
89 38 63 51 97 87 121 8 59 173 60 153 21 50 130 105 43 160 18 115 137 171 75 109 102 48 24 23 11 155 88 98 19 139 144 99 57 90 45 40 15 154 42 56 140 131 108 37 80 100 64 72 147 106 79 74 29 12 146 65 123 66 157 126 133 129 1 118 156 36 9 35 110 142 94 0 113 168 83 25 169 81 26 128 151 6 167 145 104 13 30 27 134 10 85 78 135 41 84 149 33 122 14 44 148 117 39 162 101 95 49 91 86 73 138 67 76 127 159 152 143 170 62 107 34 2 163 120 3 96 93 164 22 124 141 165 114 53 166 103 
90 47 163 132 29 6 81 43 17 156 130 134 25 31 170 95 127 13 26 32 99 164 131 108 141 2 161 4 145 162 98 72 78 107 137 77 96 65 84 71 48 89 143 124 39 147 153 155 157 0 88 19 128 85 159 129 27 135 94 68 168 60 34 14 30 62 110 105 171 148 151 126 140 144 8 28 115 142 46 22 118 51 70 82 53 36 50 18 76 149 40 1 121 111 160 5 117 154 122 173 112 20 123 116 73 55 97 158 91 63 41 165 16 93 109 21 9 146 3 86 23 74 113 92 87 101 172 24 138 64 83 120 
91 64 3 25 120 58 173 169 6 166 42 78 133 92 65 44 36 21 0 74 164 18 159 157 116 111 23 147 61 168 9 138 103 149 12 106 119 134 55 8 52 110 115 151 167 161 59 46 71 100 7 2 1 13 49 60 136 75 87 170 43 57 26 35 124 98 131 146 80 158 122 153 31 15 56 114 33 32 88 113 69 84 171 126 38 51 141 107 11 19 28 67 90 97 165 68 30 29 144 89 53 54 129 143 14 96 108 45 17 118 154 135 99 142 145 24 105 
92 39 128 78 18 55 3 7 125 104 10 148 144 96 136 157 53 166 134 112 16 141 91 94 103 70 74 61 146 27 108 25 79 142 63 82 29 14 87 88 164 156 42 119 114 49 133 15 13 107 123 109 147 60 149 137 95 100 140 58 62 47 36 98 83 93 106 163 111 38 46 102 86 48 28 35 154 45 171 152 59 26 170 85 115 69 17 132 32 12 165 23 9 51 150 65 113 52 162 138 0 43 31 169 110 4 135 72 151 173 159 161 50 167 120 121 6 37 124 56 153 76 90 129 30 22 20 116 34 33 66 41 
93 5 11 98 18 22 58 46 20 42 71 73 102 167 56 125 172 110 121 37 145 54 75 41 127 24 85 140 2 57 51 0 7 148 168 149 38 29 128 142 124 62 163 154 123 157 16 34 12 72 112 117 132 27 92 146 39 23 76 114 77 166 97 32 19 14 60 43 162 116 122 96 25 136 160 86 151 133 120 44 26 144 40 141 15 139 21 105 101 36 83 35 31 103 30 4 138 109 126 108 87 47 3 64 107 55 63 1 134 78 52 119 118 164 137 165 84 61 147 90 9 173 169 48 50 8 130 170 89 88 129 161 143 
94 46 115 96 42 28 134 157 47 49 61 133 169 77 161 146 143 153 162 159 122 92 151 165 30 84 3 19 137 15 76 82 111 97 38 65 164 123 40 75 101 9 27 90 0 107 86 26 60 106 78 62 117 138 112 34 36 139 18 41 89 66 6 8 35 110 95 37 127 25 12 4 105 88 33 102 24 21 136 83 53 129 113 125 22 79 7 50 118 126 10 132 104 145 20 160 99 167 5 87 166 131 170 81 155 147 48 70 140 142 128 57 130 120 150 43 108 152 168 149 
95 61 7 102 168 3 156 144 52 148 125 67 96 90 58 107 163 13 17 57 40 106 50 86 19 172 16 138 121 132 154 39 81 54 100 63 153 84 83 92 12 74 78 0 45 134 42 109 31 173 29 110 141 162 37 77 79 47 15 151 116 34 128 119 152 5 8 101 145 103 85 137 94 80 27 18 143 97 59 124 75 14 72 164 150 82 35 126 10 41 127 46 167 142 112 32 56 51 70 38 2 113 130 65 108 89 118 157 165 66 149 123 71 25 171 169 55 22 155 26 24 43 76 
96 2 45 86 71 97 164 94 111 99 59 92 25 139 51 95 0 167 81 171 16 113 65 1 38 110 161 125 24 115 60 30 64 26 130 143 7 66 48 56 90 39 13 108 63 98 106 116 18 50 9 55 142 147 118 144 120 78 46 146 75 61 76 72 32 145 107 93 31 19 122 15 172 119 28 73 17 112 12 169 151 52 100 163 54 138 10 134 128 124 168 23 21 27 170 82 84 103 57 5 104 157 3 88 4 14 69 79 58 80 35 6 152 70 91 150 105 149 22 153 42 159 135 160 11 162 102 141 89 132 156 68 137 29 34 44 173 155 109 85 83 133 129 
97 103 89 56 165 60 96 118 42 65 17 131 99 86 54 79 33 105 14 167 144 32 66 41 149 101 121 158 68 30 136 141 171 15 20 59 35 116 40 100 26 94 4 108 21 152 123 115 25 50 106 6 75 3 129 111 102 64 19 135 157 63 109 47 29 93 117 36 83 160 73 98 85 132 77 72 161 34 38 119 61 169 46 62 126 57 151 170 173 87 104 166 55 95 163 154 113 127 124 74 88 49 5 142 11 51 114 162 8 7 155 168 52 90 130 110 91 58 27 39 146 82 48 107 16 128 22 0 28 140 133 69 156 2 147 31 145 
98 83 93 38 60 46 85 165 31 110 56 140 14 63 109 7 11 103 116 159 115 146 12 156 89 167 40 128 6 30 90 117 153 29 101 68 81 65 24 32 114 73 113 17 78 150 96 122 1 160 48 55 168 0 164 92 79 155 143 170 152 142 120 69 119 97 37 102 62 121 163 49 91 70 54 13 118 144 64 67 22 53 141 125 35 23 59 76 135 57 43 19 111 41 172 15 21 100 27 171 8 166 45 161 82 149 123 130 99 36 104 107 134 34 5 33 74 131 129 169 9 86 47 147 133 145 3 158 126 105 26 
99 22 41 143 12 170 84 138 79 96 21 97 166 47 25 128 68 156 134 67 65 49 133 136 169 103 90 164 72 32 167 0 38 115 144 54 89 45 40 55 62 19 130 118 112 158 114 171 137 129 26 50 53 102 17 64 35 52 71 113 4 139 165 149 10 46 29 6 87 117 157 106 24 33 116 119 11 30 70 145 162 63 36 124 15 168 23 109 86 75 122 135 153 42 155 108 172 60 85 80 151 78 110 77 16 163 43 101 48 88 28 61 123 94 57 159 3 148 173 105 66 34 74 69 98 126 154 39 5 73 14 76 160 27 91 125 104 100 
100 172 55 153 161 101 80 72 28 113 135 10 109 129 4 40 170 8 24 110 107 66 11 122 123 171 138 132 3 142 34 97 78 43 77 22 57 50 95 1 42 134 54 166 2 36 41 92 165 76 126 20 82 60 89 49 173 33 91 147 103 149 62 151 84 115 154 88 163 86 168 23 155 83 27 44 102 128 120 35 118 158 160 87 81 143 131 30 152 137 96 116 68 63 16 136 159 59 112 25 74 104 162 127 98 17 124 14 13 125 111 51 65 106 31 150 37 164 0 156 140 145 52 32 130 99 75 117 
101 120 163 58 108 71 50 134 100 113 86 31 15 13 164 12 150 88 43 97 151 59 154 26 156 83 107 131 63 78 28 48 146 14 42 81 98 36 7 137 80 160 19 118 141 41 44 10 27 152 158 75 84 39 94 162 60 124 122 69 133 135 109 35 55 149 76 132 61 65 138 125 153 112 5 67 104 140 56 161 73 64 3 119 157 95 139 145 11 165 143 142 4 32 21 93 155 46 38 102 8 87 99 127 103 129 166 89 114 110 106 167 169 170 16 74 79 115 18 23 25 126 37 49 54 45 90 121 159 52 111 116 123 68 6 
102 79 3 127 58 95 76 93 26 31 128 38 122 172 89 105 13 9 113 12 163 141 50 118 83 114 48 7 37 40 22 55 165 144 54 14 173 30 99 63 131 97 0 46 138 119 169 34 149 98 35 92 106 85 15 52 20 77 4 47 170 36 17 2 145 100 143 68 162 171 72 159 140 110 155 133 42 67 135 139 108 32 88 94 129 70 153 66 101 53 61 115 152 69 154 75 82 19 84 59 6 137 24 112 146 21 109 132 158 44 107 64 125 147 5 49 126 39 1 136 81 57 130 16 96 168 151 71 10 160 86 
103 2 84 80 39 97 6 131 54 53 161 49 114 106 166 19 136 9 57 16 143 81 92 99 23 123 138 98 47 154 148 135 65 1 25 117 169 91 13 163 83 21 14 85 8 5 46 173 62 37 61 76 10 130 41 133 22 109 55 160 86 100 159 112 4 67 156 105 127 31 38 151 66 170 120 142 153 124 157 35 95 11 147 162 3 58 0 144 129 110 93 171 108 50 158 43 165 145 172 44 96 113 155 101 88 152 134 33 52 28 42 115 116 36 121 70 51 71 111 26 75 64 126 119 107 137 45 82 18 146 74 68 77 60 140 89 
104 169 150 145 173 57 25 46 59 151 92 126 166 63 120 168 16 119 65 38 68 69 155 47 162 139 24 72 9 49 146 23 39 148 154 18 84 42 22 153 28 74 0 131 67 55 113 86 116 37 170 108 137 165 107 149 88 82 105 80 29 111 147 10 2 70 156 85 34 75 118 101 122 36 21 112 129 144 40 35 160 110 53 54 78 134 30 20 12 97 132 123 60 89 127 73 41 115 45 43 152 61 158 27 157 106 94 96 44 161 100 14 121 62 19 163 66 52 87 98 142 51 171 83 56 15 71 172 99 159 
105 67 30 126 149 49 136 89 10 133 156 123 158 134 97 159 115 0 74 148 40 102 81 155 25 146 22 165 41 173 46 56 27 118 131 116 130 59 26 128 82 157 58 76 69 172 171 8 61 75 132 103 104 90 86 167 83 87 106 137 166 163 114 108 169 65 45 139 85 109 73 7 84 117 51 164 16 18 170 21 93 94 39 43 34 57 125 53 135 4 78 112 142 2 44 111 29 144 42 152 23 52 151 60 17 124 110 1 122 48 55 66 13 154 99 96 168 38 70 161 145 121 33 47 79 35 80 3 91 98 160 
106 75 128 113 15 103 3 49 156 74 135 123 40 168 51 164 110 8 95 122 36 41 17 34 57 108 118 42 163 12 87 59 97 91 48 81 79 129 125 96 61 0 111 66 165 155 73 37 89 134 92 120 76 94 83 158 6 162 117 13 105 71 166 7 99 38 102 146 27 39 151 127 46 150 56 44 172 1 50 173 77 160 31 159 32 11 9 171 107 154 14 167 143 26 4 70 29 104 115 69 170 22 47 10 121 112 43 130 72 20 149 101 63 18 85 133 2 100 136 28 153 54 16 24 55 82 64 68 139 88 157 116 5 19 140 
107 64 124 161 51 168 37 23 50 152 36 5 62 121 25 155 95 141 29 100 7 149 19 72 39 43 38 82 41 101 21 142 70 90 173 88 136 156 92 110 131 159 112 85 52 65 170 147 119 32 133 148 104 28 67 94 42 163 60 145 27 44 6 16 49 96 63 151 59 157 2 135 26 164 48 69 87 47 138 158 14 54 160 61 115 24 122 166 33 17 106 117 55 153 123 137 120 93 127 91 15 12 150 114 125 73 18 13 78 1 109 128 11 102 74 144 172 35 75 97 143 118 139 20 98 4 165 71 89 171 103 79 154 30 86 126 58 22 108 
108 141 101 85 49 155 158 171 144 64 118 1 13 56 150 172 160 73 156 8 92 12 151 162 90 131 80 68 106 97 84 164 137 153 40 45 96 138 165 140 62 87 52 9 39 89 123 104 3 53 66 173 58 48 157 26 167 115 5 112 61 43 51 109 7 128 114 32 113 105 69 116 50 20 86 170 161 122 166 34 24 102 17 77 88 15 117 103 124 71 14 99 23 21 93 139 125 0 11 76 111 47 55 38 6 95 28 130 75 63 67 78 74 147 91 119 168 30 133 22 65 169 94 79 126 129 37 154 36 107 
109 39 153 149 21 144 29 128 132 118 146 125 100 87 55 17 23 89 98 65 77 143 2 11 122 76 24 79 81 148 164 60 124 162 134 92 167 46 25 22 69 130 137 37 32 54 41 95 97 114 103 35 101 152 150 85 15 58 19 116 88 108 165 33 72 161 16 151 82 127 117 105 63 139 155 26 38 121 99 166 52 158 80 64 110 20 36 93 173 168 8 67 120 62 112 119 171 27 131 102 113 107 83 59 74 18 90 159 9 56 31 154 147 136 3 70 78 30 1 96 
110 116 7 28 61 156 0 23 9 150 112 31 36 98 27 93 6 161 100 106 136 138 96 160 81 10 173 72 26 126 128 29 83 80 4 120 51 107 69 146 151 127 18 58 140 1 141 91 25 158 46 144 142 86 76 122 152 95 171 24 90 162 134 135 139 89 43 165 52 87 94 123 13 170 102 104 131 39 143 111 88 119 103 17 113 115 60 70 109 85 20 168 99 130 118 132 137 97 92 75 38 121 163 117 159 101 105 73 172 21 169 157 62 154 67 32 133 149 49 167 11 47 56 65 14 114 48 44 30 42 34 
111 67 74 21 128 161 43 96 130 78 139 135 68 63 86 122 138 37 157 124 145 25 44 132 24 91 113 19 40 94 146 15 5 150 162 141 148 69 64 29 45 52 18 7 35 16 30 97 11 42 106 121 49 134 152 172 72 92 104 27 65 70 33 79 1 47 117 55 2 4 88 12 75 118 0 171 112 158 110 32 34 28 8 90 31 48 77 105 127 62 98 159 133 147 108 156 153 59 166 60 58 9 13 126 41 163 54 164 136 100 87 22 116 57 36 103 165 123 73 46 151 56 81 142 115 3 50 82 84 167 101 140 173 155 66 10 71 
112 138 161 2 56 114 110 84 31 146 79 30 36 92 37 12 74 1 137 7 28 149 147 73 42 58 154 159 115 40 63 45 60 155 9 131 99 107 20 35 29 53 93 156 130 135 169 46 71 88 81 24 158 47 103 108 66 49 87 5 18 144 132 94 166 101 133 148 104 34 124 141 43 78 116 96 160 119 38 70 64 111 55 14 6 57 117 75 67 143 145 105 33 54 90 123 95 62 27 127 164 100 61 102 109 162 153 48 4 106 126 76 41 59 139 128 68 118 15 69 172 163 142 3 8 113 125 134 170 19 150 13 10 83 
113 121 154 137 106 156 9 12 26 68 124 55 79 19 101 131 88 49 100 81 2 158 45 162 166 61 63 171 114 84 96 102 141 8 138 80 145 111 127 72 161 70 33 71 60 24 169 77 116 10 14 172 104 98 146 152 73 134 170 65 117 115 133 43 99 148 147 64 57 129 34 119 108 30 165 153 85 59 123 62 89 42 47 75 27 0 4 150 87 110 29 136 97 94 91 140 28 92 37 132 22 67 103 159 3 167 16 74 120 109 95 142 18 52 35 58 157 144 151 90 160 155 66 112 32 53 130 44 122 83 1 46 149 
114 67 32 112 86 103 167 24 150 88 121 45 74 26 3 113 148 52 68 135 84 168 164 163 8 41 126 118 14 171 124 102 53 132 23 13 92 159 46 12 81 154 98 130 99 160 146 55 145 39 117 169 37 61 109 4 115 93 17 65 15 108 173 105 116 1 83 64 152 139 80 28 11 48 71 147 58 51 151 19 91 33 143 35 85 134 141 7 54 76 127 97 16 107 29 21 34 101 43 66 25 36 157 60 155 136 75 165 129 170 87 77 73 158 119 138 9 56 79 42 110 161 89 
115 157 94 60 132 136 9 47 64 89 105 14 21 63 172 150 164 142 147 85 66 48 83 98 15 27 80 112 96 1 99 42 86 161 97 117 17 20 81 46 125 40 24 68 50 58 171 139 53 75 91 113 84 108 37 114 18 163 156 34 45 61 39 100 78 72 118 19 128 90 2 70 143 12 16 148 146 74 41 28 3 22 69 131 79 56 33 92 107 141 110 159 104 102 138 4 76 51 106 30 169 82 59 44 71 127 173 162 116 158 133 103 154 73 160 149 130 123 124 101 7 119 10 153 5 11 32 13 134 111 36 67 137 155 167 
116 110 59 134 51 135 80 74 124 87 142 81 169 42 128 18 56 77 48 35 52 15 85 44 83 30 82 86 98 27 43 6 31 76 91 97 64 36 73 70 25 54 71 28 57 113 62 104 88 105 46 96 163 9 8 170 158 5 137 146 155 37 109 60 139 50 122 93 120 127 24 99 95 114 29 150 108 168 12 19 167 112 143 75 41 119 20 161 100 26 84 1 72 2 21 61 165 123 17 23 11 22 90 164 149 66 117 162 115 147 103 148 171 152 156 14 138 39 154 111 141 10 172 78 166 126 125 92 69 101 106 140 
117 62 87 25 152 72 65 144 5 85 140 3 6 24 29 13 88 154 4 127 23 76 43 172 139 58 56 8 137 18 19 138 98 103 11 64 115 170 39 48 83 22 82 0 160 63 135 142 16 21 53 113 57 114 93 74 120 129 166 97 106 141 50 67 7 99 118 94 71 111 77 124 159 28 66 162 31 122 164 109 59 68 169 168 105 61 150 132 148 84 108 112 80 47 119 107 35 157 44 90 167 60 155 70 32 123 151 86 125 89 73 52 116 110 14 161 36 78 158 34 10 26 45 130 79 9 163 12 136 100 75 
118 55 97 76 165 124 108 109 10 21 8 38 70 26 30 6 139 24 153 53 172 136 150 35 34 114 102 66 126 171 170 68 146 106 20 42 4 5 99 67 105 11 163 86 59 101 64 3 13 72 129 52 41 160 27 22 96 154 60 16 125 14 156 81 130 37 89 117 51 40 77 83 82 115 104 25 162 56 131 140 36 90 158 50 43 127 28 87 100 167 17 98 1 111 80 173 144 45 149 134 138 145 94 110 147 57 63 168 93 48 12 135 95 74 19 46 137 123 44 112 119 107 148 39 166 58 152 155 91 141 84 62 54 9 65 128 49 18 
119 31 130 74 148 47 39 26 14 80 34 172 24 129 60 2 37 104 51 9 134 6 45 44 56 141 19 127 68 42 92 27 4 73 165 149 154 139 159 91 81 146 173 121 1 25 35 107 49 102 161 166 88 66 125 69 8 15 98 144 70 160 11 113 86 99 158 95 101 167 75 124 96 97 78 85 112 170 18 83 79 43 133 126 62 116 12 110 117 151 5 7 168 52 3 109 55 29 58 93 122 53 28 57 67 132 87 164 118 115 120 10 63 108 153 33 77 103 169 128 157 114 171 140 84 65 40 145 41 72 20 59 
120 101 28 146 91 15 62 2 85 71 136 59 77 122 48 129 70 104 33 18 57 140 61 52 141 0 84 148 83 43 143 21 24 64 72 133 125 78 110 55 12 167 170 153 87 139 41 75 68 32 11 117 155 96 6 34 134 29 98 36 142 106 65 74 161 7 163 116 159 169 172 103 66 37 76 17 100 5 121 151 157 93 3 152 19 160 35 69 51 130 20 54 164 162 31 14 107 147 149 132 109 131 53 67 138 168 1 113 154 8 26 86 124 9 92 44 50 22 158 127 119 27 73 165 39 16 94 89 38 56 82 90 
121 113 149 166 17 37 89 129 151 107 167 60 10 173 27 42 114 1 123 2 165 93 97 15 54 40 45 172 9 156 73 146 13 135 23 144 38 95 46 64 62 164 171 84 67 119 24 0 66 78 148 65 4 21 111 25 59 33 152 75 147 82 142 58 63 133 98 57 168 160 79 55 131 138 161 76 120 86 140 109 85 56 19 127 43 126 61 11 52 141 81 90 145 153 150 22 53 28 137 169 154 122 3 106 110 5 92 103 71 104 130 157 47 18 134 128 74 105 163 101 83 136 51 39 
122 28 47 23 26 144 165 153 120 147 85 75 39 157 15 111 11 102 94 100 106 57 4 48 127 135 44 46 79 173 83 109 80 61 64 74 130 40 1 142 54 170 143 139 132 53 65 66 154 52 98 71 73 63 62 58 101 43 21 110 152 169 35 145 161 69 116 93 17 150 31 171 67 68 104 87 96 131 117 137 49 91 108 162 19 76 166 25 107 140 29 134 59 6 99 156 148 88 51 168 90 81 70 124 141 30 77 16 89 121 159 10 151 119 9 14 20 50 37 126 105 7 86 164 36 42 18 123 113 3 33 2 128 41 13 8 
123 73 46 143 48 162 84 130 159 62 124 38 14 153 59 105 106 161 61 121 58 68 30 142 170 100 10 31 103 140 126 169 171 173 50 97 71 76 92 83 79 9 88 53 94 43 93 36 55 168 129 1 40 108 35 6 131 69 89 163 21 47 139 132 27 125 86 37 67 135 113 134 166 12 23 51 2 110 82 65 75 34 146 104 128 141 25 155 116 136 77 57 107 112 45 5 148 80 74 64 90 81 158 117 99 145 172 152 29 165 11 26 33 22 115 118 98 144 95 150 60 111 56 42 122 41 138 101 32 
124 171 107 87 116 167 152 133 113 129 118 78 123 66 159 132 54 150 65 60 85 162 111 81 169 126 50 114 82 47 27 45 5 55 30 21 93 53 109 37 139 76 90 137 2 72 28 101 64 166 79 156 59 35 49 44 117 91 52 43 103 31 112 119 58 46 75 13 170 99 61 36 134 95 151 0 130 19 149 160 40 32 69 16 97 108 84 173 165 96 4 125 29 6 77 141 122 140 131 71 11 163 68 105 70 120 23 100 74 9 88 128 146 73 67 41 142 115 92 34 56 15 57 24 83 158 22 51 154 147 63 48 89 33 
125 49 30 3 21 168 74 25 13 92 55 19 170 35 141 4 83 5 130 147 109 11 95 39 93 50 67 88 66 96 76 131 60 37 133 85 75 40 79 27 62 69 51 33 120 172 157 115 145 169 36 106 24 38 41 0 43 119 150 118 173 63 129 162 101 123 81 72 18 154 56 34 161 6 144 58 163 146 57 98 105 148 153 126 156 94 142 134 8 61 86 84 124 128 108 164 158 23 117 107 1 140 53 70 73 152 149 22 64 132 102 65 171 100 160 10 68 20 87 136 52 54 71 116 59 112 42 9 47 151 31 155 99 80 32 
126 37 30 22 105 65 150 4 21 80 104 69 56 155 130 63 167 47 129 3 124 9 36 114 123 51 55 149 118 110 54 165 156 142 50 82 147 28 16 88 132 7 154 78 100 26 20 171 144 39 128 71 11 46 72 89 170 44 172 10 75 90 67 136 87 79 134 60 152 17 158 97 131 18 119 121 49 125 12 95 93 151 91 15 94 40 135 29 112 143 34 164 24 70 42 122 146 111 74 86 99 23 102 45 101 162 140 33 168 145 116 103 81 108 57 153 58 48 173 27 1 107 52 98 
127 75 61 102 62 67 164 82 129 55 71 2 77 47 8 21 151 150 90 44 3 18 15 32 139 167 93 122 119 117 113 51 54 165 24 10 66 31 41 56 34 7 39 110 4 143 169 133 149 141 155 163 42 74 137 80 86 138 145 88 79 103 63 28 166 46 116 16 159 43 109 106 83 118 130 12 94 20 158 26 121 84 11 104 45 97 135 95 107 30 114 111 112 101 156 115 58 146 173 100 13 81 76 162 64 142 171 48 14 153 25 89 120 144 29 9 57 148 38 53 128 168 136 49 6 170 
128 76 92 56 106 16 20 34 85 170 44 111 140 26 28 10 116 109 9 102 99 130 146 65 53 58 21 80 134 39 98 69 57 110 41 93 88 129 86 31 33 64 83 167 152 61 84 165 105 90 169 50 139 126 68 163 172 147 5 37 62 132 42 108 67 168 22 115 46 161 24 95 40 82 12 8 154 156 38 100 51 18 15 14 55 25 3 49 73 89 30 81 47 151 32 160 48 123 43 135 71 66 36 45 96 2 125 6 78 142 13 137 153 52 0 54 164 59 133 107 27 124 112 143 173 4 11 70 97 60 75 121 94 72 119 1 118 127 19 122 141 
129 74 4 173 38 121 130 127 67 154 124 36 131 16 100 119 120 142 58 77 161 88 55 41 126 146 25 34 172 6 42 5 37 79 128 10 57 145 22 21 156 11 26 31 33 73 1 17 80 118 59 3 106 163 99 170 123 81 97 56 66 7 90 54 69 76 117 32 83 62 35 89 113 82 125 15 104 27 20 71 61 50 13 49 85 24 47 148 19 158 70 103 102 65 94 149 167 14 51 166 153 134 171 18 40 101 168 138 0 144 165 152 2 136 28 91 52 29 23 114 60 92 9 45 98 84 140 160 93 150 137 108 159 43 96 
130 119 123 129 89 61 142 148 63 90 111 2 125 19 37 68 79 78 57 150 128 126 137 82 64 55 18 96 122 59 24 143 156 58 99 170 173 83 13 134 114 144 105 52 109 6 103 112 41 162 48 4 171 152 118 17 88 158 139 50 84 145 132 77 141 49 46 69 147 1 127 160 151 66 47 14 169 124 161 120 23 131 35 43 34 110 172 138 81 65 5 60 135 21 97 12 15 95 106 70 108 86 153 45 25 42 121 32 80 0 39 115 98 53 33 165 164 93 113 27 149 94 54 102 9 20 73 117 7 40 29 44 30 11 100 16 62 157 28 
131 171 86 103 70 24 168 97 133 154 32 113 129 160 12 164 6 72 4 138 90 20 172 125 41 101 136 108 145 26 22 60 34 69 112 73 51 104 107 173 39 105 79 76 75 89 63 159 102 146 123 162 2 28 5 67 132 42 40 157 61 33 55 25 14 8 65 13 91 121 57 9 118 122 158 115 80 165 150 82 110 77 126 100 148 10 137 170 3 46 49 130 151 11 66 45 64 88 140 18 120 83 124 163 59 109 141 153 43 23 94 155 161 0 44 167 87 56 31 144 54 98 1 30 50 139 142 36 135 143 71 169 
132 90 82 38 68 115 25 24 109 124 80 67 149 144 154 140 73 100 111 138 169 39 40 114 157 95 70 58 122 8 59 126 10 172 45 151 150 52 53 66 7 147 43 16 93 88 33 79 133 44 173 37 105 128 101 131 137 9 112 97 123 168 28 130 56 42 156 27 14 61 4 6 2 153 36 19 117 171 104 141 92 134 161 86 113 11 72 120 94 63 71 85 62 110 21 102 1 165 76 49 143 77 31 0 84 125 119 170 29 48 139 22 163 20 142 162 65 32 75 96 152 78 145 159 51 50 148 
133 143 46 5 0 160 43 155 30 124 131 105 12 94 142 91 19 99 84 75 172 9 73 21 34 22 125 140 173 61 13 53 68 45 120 147 92 171 17 72 163 67 63 64 35 127 76 38 15 6 146 65 107 113 18 103 132 101 154 70 89 169 28 121 32 36 51 69 112 137 37 78 148 16 66 158 44 170 93 156 56 159 40 102 166 8 58 49 33 134 54 47 144 86 119 59 139 153 157 60 2 152 82 4 151 164 10 111 55 27 74 52 115 128 24 168 50 145 106 135 62 14 42 161 39 110 108 71 48 41 98 97 80 96 
134 138 116 151 0 101 94 42 90 168 59 4 41 53 92 105 99 172 71 119 60 23 153 11 163 150 128 1 157 80 167 77 142 166 8 109 76 33 27 13 91 130 26 100 169 164 35 113 3 95 146 48 111 14 106 57 120 144 56 170 74 49 143 58 46 110 137 73 61 45 51 84 19 54 158 28 43 123 15 6 136 44 135 126 162 65 159 104 133 124 66 16 122 132 89 96 118 125 114 31 155 87 37 129 93 103 38 25 32 18 5 82 154 149 63 9 2 24 40 98 121 62 79 145 115 55 139 147 112 148 86 70 
135 1 164 116 46 148 55 106 2 77 100 155 111 154 58 33 42 18 21 32 141 15 145 8 114 25 84 122 83 30 37 103 35 121 67 45 137 73 150 14 36 146 17 161 48 167 117 173 79 149 97 90 34 112 101 7 51 156 138 26 16 27 86 110 70 41 107 158 168 123 76 144 11 134 59 23 147 50 80 64 102 169 69 143 24 99 128 105 65 170 98 9 127 89 22 4 39 54 31 171 151 49 3 130 29 126 28 5 92 118 133 160 56 71 40 61 159 10 139 96 91 63 12 47 81 131 140 157 172 0 74 
136 52 62 11 120 115 30 105 159 92 103 88 140 168 60 99 110 97 55 165 5 118 148 162 131 51 145 19 155 35 107 38 63 53 25 9 143 173 157 61 8 29 87 152 36 48 166 67 68 46 13 163 54 91 126 56 172 93 20 42 80 158 134 154 71 50 85 3 70 137 27 31 94 113 10 26 69 39 123 32 7 45 146 100 160 74 147 169 4 65 12 144 139 75 129 83 114 170 111 41 59 142 106 125 15 64 77 102 79 164 0 76 109 73 127 171 66 121 117 34 72 16 14 37 
137 113 26 13 1 172 165 18 30 37 87 65 89 42 130 158 60 14 171 112 145 88 50 94 117 148 157 135 35 90 108 86 11 143 101 27 43 70 92 29 124 72 109 99 67 64 54 77 127 104 40 83 63 153 69 161 116 132 173 134 105 8 5 133 49 122 12 95 23 150 53 59 41 139 162 82 163 47 2 136 131 100 152 51 142 68 80 138 107 57 22 121 102 71 128 160 110 58 45 156 93 159 24 19 167 118 28 46 75 146 55 21 39 36 32 56 31 78 62 25 38 103 129 9 96 84 6 0 115 
138 134 112 166 3 13 144 42 88 171 161 159 141 99 154 66 75 111 131 155 167 110 11 8 103 113 78 14 100 132 38 150 95 16 117 91 152 79 23 108 47 164 147 85 43 140 57 102 169 21 172 28 63 7 127 20 46 6 50 0 10 135 30 34 5 1 64 151 139 45 29 94 101 146 163 145 74 40 121 142 170 36 107 165 162 37 65 12 59 31 71 83 4 96 54 53 93 118 156 137 27 115 92 130 76 120 19 39 129 157 62 15 77 41 87 149 143 89 18 116 73 32 158 17 26 123 173 114 48 84 82 90 81 
139 40 19 173 26 111 149 96 118 20 153 46 127 32 117 75 83 104 163 155 89 11 38 48 72 51 86 17 122 4 124 119 146 148 37 47 84 6 120 115 22 128 152 3 145 99 13 77 130 44 138 123 116 157 156 34 140 63 151 110 35 94 67 28 114 105 101 24 159 150 171 109 102 81 93 137 0 27 16 56 1 79 133 41 170 59 65 10 30 68 55 144 58 39 108 73 162 88 74 45 82 172 141 54 23 61 136 52 29 21 112 142 43 18 132 60 12 50 107 135 131 134 169 106 147 53 
140 64 29 68 21 171 128 25 60 54 59 170 77 151 117 88 136 157 18 143 98 23 43 20 120 32 50 132 160 48 2 93 123 133 65 30 162 51 168 10 61 108 7 89 110 163 11 138 92 164 5 144 15 153 38 12 150 40 49 35 36 90 8 139 52 169 0 101 155 78 28 118 165 166 148 74 53 102 47 121 173 76 31 4 122 69 158 24 37 17 113 152 131 124 3 58 67 26 14 46 84 125 73 19 71 33 55 156 70 141 94 66 9 81 126 129 119 100 79 34 42 97 111 135 85 22 16 116 103 161 106 
141 40 108 53 78 28 138 125 147 74 92 107 21 65 97 135 52 120 20 113 102 119 90 8 160 32 36 77 72 152 111 167 101 31 63 12 110 127 85 24 142 54 83 30 117 95 168 0 146 150 87 2 45 158 4 130 43 19 75 9 112 51 149 11 93 161 64 80 170 14 115 38 132 162 46 5 71 98 81 22 123 7 121 114 41 145 124 25 18 122 151 82 91 35 69 139 27 131 50 29 58 6 166 49 15 42 37 140 68 34 48 116 39 59 143 171 17 3 159 118 57 96 164 47 148 16 89 60 128 
142 46 9 116 40 158 59 130 166 71 133 129 12 159 24 58 88 123 147 115 92 50 100 51 107 25 168 49 20 122 93 19 126 44 134 65 75 18 14 7 27 39 170 162 76 151 117 141 96 13 38 70 172 74 110 79 4 98 73 161 120 28 121 69 56 53 148 72 90 163 103 11 143 89 138 80 165 169 1 6 31 150 52 101 35 84 137 41 154 23 22 153 54 145 156 164 125 17 105 95 128 97 37 78 62 149 64 146 47 85 113 66 61 127 60 139 124 42 87 55 136 83 82 16 104 29 15 132 94 112 2 77 63 32 48 111 131 91 81 155 36 
143 133 2 155 20 21 153 123 99 58 48 42 11 161 149 94 31 43 166 140 57 71 103 87 170 22 109 146 7 162 160 120 96 44 0 130 122 137 15 67 4 63 151 90 157 27 167 127 16 136 36 46 159 154 98 163 52 134 77 72 148 8 13 34 142 172 115 102 171 88 78 158 76 100 116 101 26 73 70 95 135 110 74 62 68 114 75 147 81 50 82 35 112 106 152 38 84 10 45 19 17 150 9 55 126 132 25 138 14 168 128 91 66 107 28 145 89 18 141 51 40 41 69 56 61 53 144 131 24 93 
144 63 58 14 138 53 172 122 117 161 108 95 109 145 92 31 41 9 97 4 162 62 39 28 146 132 3 19 81 84 121 89 8 99 170 154 0 147 50 102 80 42 26 49 130 34 51 85 140 126 155 82 33 76 96 2 110 37 5 134 25 152 119 7 52 112 90 12 135 104 72 73 93 83 168 35 98 66 125 133 57 77 103 40 21 118 47 166 54 160 30 139 87 163 79 13 16 61 151 105 44 11 153 86 171 136 129 78 91 107 24 65 71 10 123 173 127 149 148 113 17 131 1 29 64 143 159 88 
145 150 72 53 104 25 158 21 64 23 170 171 172 70 144 41 42 80 82 47 7 93 20 19 111 137 147 135 6 149 9 113 131 90 162 8 18 136 151 46 69 36 129 157 125 38 24 44 57 48 60 14 114 76 35 139 45 11 51 127 87 107 28 122 96 154 159 130 155 138 102 5 99 95 101 153 22 164 152 86 89 142 43 83 121 112 118 31 148 103 141 78 10 15 94 50 32 123 67 62 2 169 13 17 133 0 55 143 88 34 33 65 126 167 1 105 134 3 100 132 165 119 98 91 16 97 
146 44 26 120 49 55 112 109 56 47 157 64 94 78 27 128 149 92 24 129 144 172 143 105 98 79 22 101 121 118 148 111 104 87 61 168 54 29 153 45 75 139 110 135 119 1 51 113 163 63 114 151 9 133 131 147 76 134 171 93 96 59 89 28 34 0 30 116 141 167 106 138 12 115 91 23 4 11 159 152 158 48 125 16 123 67 33 36 53 13 43 73 18 84 136 82 162 71 165 80 156 5 6 88 155 142 102 37 127 173 169 57 160 97 126 35 124 166 65 72 62 90 137 81 31 38 8 10 60 21 25 103 150 
147 46 56 54 77 41 171 75 122 24 141 84 61 125 26 42 20 161 173 52 85 142 2 45 8 115 145 112 87 151 158 164 40 70 91 80 153 160 49 126 133 4 0 144 16 47 92 90 165 138 107 1 38 86 132 96 146 89 128 18 100 113 66 121 104 29 51 69 59 130 166 81 62 9 48 103 168 135 73 3 114 39 79 82 78 35 143 44 162 17 31 7 155 120 34 19 23 159 111 55 118 136 14 71 27 63 68 116 37 154 32 93 102 94 108 50 124 172 148 109 33 53 88 157 169 134 98 21 76 5 150 139 25 97 
148 67 86 119 33 75 25 135 130 15 8 92 38 76 95 66 50 171 114 79 105 165 136 120 103 3 22 5 161 53 137 93 146 69 46 104 111 72 14 159 109 80 168 40 29 57 139 150 73 11 60 41 39 63 121 77 107 151 59 155 173 20 78 113 44 27 163 90 30 70 142 143 9 87 83 52 112 115 133 164 88 169 140 26 56 0 167 152 117 131 154 129 125 49 122 157 158 16 34 35 145 58 123 19 85 42 13 43 37 89 21 18 4 99 166 116 2 17 172 118 144 149 61 162 12 147 31 54 127 134 62 23 141 1 36 132 
149 17 121 109 164 23 170 105 50 71 143 139 86 20 36 97 64 146 107 27 65 112 88 132 21 145 160 38 161 126 66 4 46 93 0 35 159 91 31 157 7 162 119 6 92 24 158 163 63 127 42 45 2 81 135 173 150 104 102 99 53 152 101 172 15 100 54 171 8 76 51 73 1 56 48 141 169 10 55 90 124 40 118 60 129 68 168 151 120 44 165 69 61 58 28 89 34 142 37 153 116 49 11 87 41 26 134 106 57 30 84 125 138 67 115 82 32 52 98 95 39 75 16 144 148 33 96 62 130 72 110 43 166 29 154 78 113 94 
150 145 74 104 9 30 162 66 110 14 4 126 6 159 86 32 7 57 114 71 2 76 108 15 101 127 43 130 158 124 50 163 115 118 170 134 48 51 138 33 29 78 111 10 135 11 49 59 148 58 132 98 34 61 153 73 1 25 85 149 44 152 16 140 64 17 125 63 82 109 165 154 141 80 12 0 122 3 116 84 36 169 40 106 139 137 131 142 117 173 52 77 113 56 13 167 68 95 166 92 121 5 38 168 65 107 143 171 53 26 39 19 151 96 123 22 20 8 100 83 94 42 88 129 112 147 55 45 69 146 
151 70 55 42 23 54 134 30 4 159 40 104 140 22 121 154 127 27 32 94 101 172 16 108 147 59 163 71 14 145 17 11 153 43 31 60 143 5 110 162 24 39 132 72 142 69 78 146 74 91 65 79 148 13 7 80 37 10 100 28 90 138 160 103 168 155 50 139 167 95 107 109 106 93 19 120 130 62 46 97 2 96 89 114 128 56 8 124 9 68 66 88 131 119 76 126 165 99 156 149 135 29 133 141 84 144 105 117 86 122 35 92 169 1 83 45 87 150 34 170 36 0 73 57 113 67 111 173 41 125 3 81 48 33 102 15 18 25 
152 60 117 107 36 21 124 52 33 67 71 42 154 11 172 72 43 16 160 58 2 155 97 15 141 138 28 173 50 32 113 18 76 101 17 128 37 30 12 171 157 139 136 88 150 0 111 98 121 110 149 122 109 63 144 161 14 130 7 29 170 13 51 39 84 64 35 95 114 40 169 120 126 92 45 148 146 1 100 145 68 65 137 9 143 102 104 26 133 140 165 82 105 167 4 103 87 123 10 25 54 85 57 129 125 78 96 116 168 66 89 163 118 8 166 153 53 132 74 94 47 159 
153 109 100 143 25 3 89 171 122 39 36 123 54 94 165 139 43 118 64 77 167 4 15 67 134 155 172 63 161 147 98 5 151 108 1 72 146 104 21 90 166 95 120 73 157 20 150 74 65 140 66 56 11 69 30 33 137 32 40 57 83 71 101 103 113 70 170 88 42 156 132 91 145 13 2 76 50 159 19 55 46 85 133 169 142 99 102 125 107 160 121 26 12 82 168 58 128 129 62 149 112 29 111 162 144 154 9 131 130 59 27 49 34 18 79 163 22 35 127 37 92 164 106 115 84 119 96 152 80 48 126 68 158 17 86 31 
154 113 166 5 172 160 75 131 21 129 138 44 151 135 84 56 171 152 3 38 42 167 101 34 132 112 20 117 103 49 157 6 22 54 95 41 27 104 144 164 119 114 10 93 126 4 89 156 67 122 74 87 36 82 143 118 13 48 133 155 2 39 52 150 37 83 145 100 62 24 125 78 72 128 136 92 66 80 55 148 85 69 97 142 106 35 158 31 102 90 73 43 23 64 121 173 165 120 57 9 19 153 26 134 60 115 11 147 161 15 79 105 65 51 170 68 116 99 81 110 40 124 77 109 91 0 149 18 107 108 162 7 14 71 30 
155 9 10 65 143 69 108 6 133 63 72 22 46 68 135 162 126 79 107 60 20 81 50 71 8 138 54 85 104 14 18 24 105 89 74 153 58 164 45 35 29 23 139 86 152 43 49 136 156 112 70 170 3 36 90 4 171 16 53 127 144 11 98 158 120 106 148 154 75 116 163 5 151 165 87 32 145 100 140 55 82 157 78 73 0 76 160 30 61 1 109 102 48 33 12 2 101 67 52 99 123 51 83 134 147 117 7 97 103 77 146 26 59 17 159 167 41 131 114 94 15 169 168 38 13 113 118 166 125 47 95 142 96 115 111 57 
156 85 44 110 113 159 161 95 42 64 31 106 90 58 105 53 57 9 39 99 25 72 108 38 22 26 101 121 74 98 76 40 165 172 8 92 126 83 155 130 46 107 129 86 167 154 7 2 45 166 55 80 32 112 18 88 5 19 118 115 103 135 124 89 71 37 104 139 82 132 6 128 56 153 170 133 171 78 81 69 24 4 29 162 168 122 142 125 23 138 68 151 30 0 146 60 111 43 127 62 47 137 3 16 140 41 116 52 66 12 100 157 14 61 33 63 158 96 10 35 169 97 65 87 54 11 
157 115 1 76 161 94 41 73 35 159 146 92 30 122 69 37 140 59 12 82 111 44 51 91 22 47 137 134 166 154 172 132 21 149 72 125 145 24 143 60 23 171 90 16 153 136 93 48 105 97 152 26 25 108 164 53 165 160 2 89 6 85 50 169 131 99 139 61 80 77 42 107 20 103 3 155 163 101 32 67 8 18 120 0 81 27 36 4 45 133 162 148 117 104 167 43 31 168 173 68 96 138 95 49 15 114 84 121 33 46 110 70 113 19 156 119 147 57 66 106 11 62 135 130 
158 51 173 21 145 44 86 57 108 46 142 39 56 113 105 4 60 168 41 162 137 150 97 31 63 76 147 171 53 34 45 24 58 15 99 149 3 101 14 22 110 155 25 160 112 52 116 19 106 38 83 130 82 13 55 0 141 1 161 74 119 135 163 134 131 136 118 88 91 133 107 36 143 100 126 165 172 29 127 49 146 129 111 68 7 9 10 109 70 103 148 140 154 73 67 104 87 32 166 125 123 8 90 66 159 102 59 115 169 64 164 80 117 20 124 6 120 81 138 167 5 16 75 28 26 47 114 79 50 156 153 98 18 37 
159 65 171 20 44 156 168 151 138 136 166 123 19 150 157 62 124 32 142 94 167 76 105 12 79 37 55 170 91 98 48 2 112 4 80 7 149 114 148 84 107 82 119 34 51 0 38 42 131 60 143 90 27 77 58 61 6 74 103 17 3 70 161 145 120 127 117 165 11 72 139 134 133 102 63 26 53 46 146 153 106 73 30 35 115 163 100 21 113 71 24 111 147 16 39 173 78 122 14 158 1 87 110 92 99 69 155 137 52 89 109 8 18 28 172 141 135 96 49 162 101 132 129 144 45 104 86 152 36 
160 0 133 6 154 23 43 50 164 85 19 131 89 31 63 75 108 15 110 140 152 149 77 171 141 143 79 168 41 147 4 27 72 101 18 32 3 55 57 114 117 118 98 29 80 22 45 82 158 10 157 103 34 69 87 97 119 163 151 167 81 161 35 21 67 121 83 93 173 37 59 53 130 16 104 155 84 8 100 107 48 112 33 120 106 66 128 124 13 40 144 68 90 153 38 24 42 136 137 17 47 94 12 64 88 86 146 61 115 26 165 5 70 56 125 135 28 46 113 39 52 96 73 129 99 78 76 36 65 74 102 105 169 
161 58 107 112 163 156 157 79 111 73 6 103 138 100 144 162 18 84 22 14 143 23 31 94 12 77 123 147 129 110 32 26 96 90 148 149 38 113 153 49 115 34 36 135 27 173 11 91 81 61 15 119 88 65 142 87 74 48 137 152 120 122 33 159 85 160 109 158 55 7 128 46 101 97 19 121 108 60 125 21 37 141 68 2 67 75 52 116 130 172 13 132 57 70 78 167 62 0 5 104 35 86 92 76 165 10 170 168 117 154 98 3 9 131 82 4 8 169 133 43 105 16 59 166 69 50 39 114 171 29 93 140 
162 55 150 2 85 52 123 82 161 24 45 76 53 25 79 113 94 35 155 23 10 158 29 37 14 144 58 124 49 169 70 108 87 136 51 143 104 86 90 145 173 3 54 111 140 56 57 165 149 109 20 88 34 151 142 71 63 28 78 41 101 81 130 131 164 110 11 106 95 93 77 13 125 117 118 38 102 122 138 134 42 5 99 172 27 103 68 137 141 156 26 157 66 147 44 19 120 92 139 146 39 30 97 67 112 6 100 43 153 167 89 115 116 127 4 18 8 83 21 17 166 148 132 126 59 64 61 1 0 96 159 72 15 12 48 154 74 170 
163 36 101 18 161 90 40 30 64 47 95 22 27 71 150 86 23 102 134 114 42 56 139 151 83 106 16 103 59 118 170 133 93 173 146 149 129 140 127 116 46 143 128 67 85 115 45 107 123 92 69 14 6 136 148 57 20 4 155 160 120 78 100 105 98 142 80 138 66 65 158 54 157 171 10 13 21 82 61 17 169 125 137 33 11 164 97 96 51 9 24 159 144 99 74 50 75 131 124 7 110 37 72 35 167 68 31 29 28 111 153 104 0 49 87 132 152 112 55 89 121 52 12 60 117 168 70 15 8 77 79 
164 135 149 2 127 96 60 50 82 160 72 131 101 30 173 71 18 63 106 22 91 99 90 78 115 41 114 147 13 42 24 155 49 3 169 92 40 108 62 4 52 109 154 68 27 94 138 171 86 121 134 23 28 140 98 64 43 157 10 12 162 80 7 107 117 87 148 32 105 29 145 59 0 74 61 163 45 95 120 73 165 37 142 65 168 125 133 112 116 35 128 66 126 93 47 158 16 26 56 44 17 111 119 166 153 20 172 81 167 122 130 67 100 25 136 34 141 51 48 89 11 
165 68 64 97 3 70 21 122 42 72 137 118 1 98 39 22 32 7 80 153 121 76 94 136 12 52 148 86 105 29 127 20 156 126 33 65 162 88 119 102 59 108 147 66 100 128 4 18 106 104 45 157 13 99 85 73 150 27 31 109 67 23 155 75 113 57 60 159 142 110 61 140 138 2 169 63 46 131 101 158 170 74 78 55 172 92 36 51 71 164 116 124 103 151 152 77 149 34 146 41 40 84 82 154 17 37 28 91 132 38 129 93 90 161 11 95 123 24 160 48 9 167 6 8 168 19 114 44 35 107 130 120 111 56 69 54 145 166 89 
166 170 2 121 138 154 36 37 169 73 63 159 6 91 142 57 104 103 51 99 50 92 113 143 71 31 79 80 84 58 74 157 34 167 42 23 12 29 134 32 153 100 62 76 156 64 28 22 55 119 41 136 67 124 93 117 7 17 127 68 66 106 43 105 44 112 75 86 40 1 13 77 61 147 140 123 122 133 108 3 97 107 109 144 150 0 10 26 25 171 158 46 69 9 129 70 4 101 111 87 141 85 94 21 98 15 148 146 82 38 35 164 81 16 162 118 27 168 173 53 24 116 65 155 152 33 60 149 161 18 165 172 89 
167 18 72 124 20 50 35 114 93 39 121 5 88 32 96 76 40 159 97 126 153 38 138 154 127 66 13 54 9 99 169 98 67 19 17 87 166 79 134 141 143 109 156 120 128 135 91 59 70 56 108 75 172 62 85 146 105 51 160 7 69 151 25 119 116 2 42 74 6 118 71 68 148 53 63 3 89 37 64 150 86 106 29 171 57 77 117 129 15 46 36 24 48 157 8 95 161 47 113 152 28 162 41 94 44 14 92 163 101 155 137 11 21 33 165 65 30 164 131 158 78 81 145 110 82 111 34 22 115 
168 40 55 107 64 125 95 159 131 86 16 56 172 34 65 54 134 158 104 136 69 6 106 20 11 51 114 4 50 28 160 142 91 93 79 13 43 146 63 140 148 73 2 88 68 123 57 12 98 9 47 33 90 15 31 80 141 151 38 128 75 59 132 121 44 100 60 46 116 135 89 41 147 144 117 85 39 29 99 58 171 36 7 156 173 18 70 62 35 74 96 122 110 164 149 153 119 109 157 150 97 120 77 129 118 76 133 161 5 67 143 152 14 165 155 166 27 105 24 87 26 10 72 126 108 82 169 127 102 94 53 163 
169 51 104 32 8 31 79 5 166 1 116 91 26 12 94 73 61 10 99 124 36 162 167 6 164 123 25 87 132 103 24 84 13 170 14 113 68 125 57 127 134 58 0 128 48 69 114 138 102 112 29 30 122 76 157 19 173 133 120 17 140 2 105 7 150 89 142 117 50 148 78 9 165 152 97 44 85 41 149 163 135 96 35 130 56 153 172 72 52 67 59 77 115 46 121 136 88 92 27 146 151 158 55 64 37 38 145 101 80 110 43 54 63 161 65 155 42 93 21 49 47 33 23 119 98 28 108 95 147 139 168 22 156 160 131 
170 166 34 26 128 149 145 99 125 70 140 90 100 72 23 123 88 159 143 150 7 0 63 118 12 49 6 45 144 1 82 66 122 117 130 155 169 163 39 14 46 120 142 76 107 129 35 113 104 98 87 134 116 36 52 126 152 38 78 172 81 22 103 91 2 3 16 153 102 13 138 10 108 62 44 156 133 27 110 92 124 37 141 43 97 119 105 165 28 131 68 139 59 83 67 31 135 56 96 106 5 84 53 161 94 101 4 132 57 58 136 154 151 80 114 89 11 61 77 74 17 32 30 93 21 112 20 64 51 127 162 
171 131 124 70 159 138 140 147 145 108 153 84 6 66 10 33 78 148 154 89 38 96 113 26 97 137 100 59 158 64 160 114 3 16 87 54 118 61 123 52 37 63 21 41 39 133 72 157 164 121 45 99 155 32 115 68 126 4 14 152 105 12 146 9 110 130 71 90 149 47 122 75 163 28 31 55 102 143 139 53 92 156 51 132 111 82 168 19 56 1 103 106 27 74 167 91 62 44 57 48 135 85 166 35 129 109 172 150 46 144 98 65 127 67 50 116 86 125 18 77 60 49 58 141 104 2 107 40 95 36 119 81 136 30 8 73 161 
172 100 77 28 25 66 144 154 29 137 145 168 119 42 74 108 93 134 1 102 152 151 9 115 133 76 19 118 83 146 121 129 131 153 95 2 22 117 173 17 157 156 61 62 125 80 113 132 87 79 105 18 142 138 31 128 167 149 111 82 126 51 170 13 120 52 60 143 136 96 85 32 67 162 59 37 158 49 75 106 23 8 165 57 55 161 41 169 99 3 84 12 103 130 98 54 171 139 123 65 30 110 58 107 71 20 35 148 112 164 116 56 159 78 147 69 88 90 104 5 135 166 14 73 
173 78 49 139 158 129 104 0 80 89 16 91 67 86 83 72 121 31 4 164 42 147 87 51 82 23 26 122 172 133 105 110 64 162 123 73 107 32 70 66 84 130 8 88 131 152 47 163 119 81 103 136 102 135 161 149 108 13 95 100 19 148 17 132 53 60 125 18 85 169 137 114 21 15 10 36 34 160 9 38 14 7 20 37 3 6 52 2 150 140 97 106 44 118 48 33 79 168 1 68 124 24 90 109 27 157 159 154 30 75 115 146 127 58 35 92 50 54 28 11 99 128 12 25 93 144 166 61 65 62 151 76 40 74 138 126 111 96 46 
