0 19 30 62 70 142 7 163 132 159 177 170 58 120 75 77 4 143 96 40 27 29 121 175 153 141 36 172 131 39 167 137 102 69 164 165 95 54 59 150 130 17 114 84 
1 40 163 9 127 118 12 108 13 11 171 165 89 103 107 123 50 77 162 81 176 160 134 74 83 129 169 20 18 161 112 16 139 159 
2 136 140 147 126 35 142 161 172 128 166 86 28 65 110 106 38 137 87 16 125 173 24 176 103 133 163 178 57 55 150 52 175 30 41 115 63 48 71 153 113 8 112 37 82 73 
3 84 12 61 82 175 43 79 111 65 11 64 123 132 141 112 19 117 146 137 119 124 22 77 121 140 35 42 133 113 150 26 161 62 40 129 151 67 
4 40 141 96 178 10 114 164 103 49 41 19 93 84 155 51 175 168 24 151 0 11 95 126 21 75 14 149 161 64 127 43 157 16 137 113 76 33 107 
5 151 16 34 116 121 110 129 113 40 7 180 98 27 66 32 179 65 164 10 45 22 29 76 31 173 155 161 74 80 99 46 138 39 13 79 172 12 
6 16 11 123 88 153 84 75 162 8 89 121 71 58 82 110 139 31 128 68 109 167 174 129 28 138 160 60 21 12 102 
7 163 113 19 99 176 169 164 0 167 137 110 85 5 82 17 38 145 118 165 55 25 43 134 154 131 114 87 96 162 161 65 103 40 48 160 173 93 10 119 133 153 
8 71 109 84 88 147 6 32 66 132 174 35 129 106 58 120 158 42 12 117 118 50 149 127 41 44 145 171 2 151 86 38 90 
9 160 1 166 112 27 111 154 118 56 114 75 37 115 97 50 145 48 46 21 29 11 164 19 168 101 81 132 55 39 130 47 122 176 28 59 150 107 14 32 71 158 
10 28 4 64 76 105 81 169 100 150 145 36 118 108 67 47 180 5 161 135 131 77 74 120 176 174 102 16 167 153 38 80 124 157 104 7 
11 160 157 28 177 164 6 113 114 17 88 110 145 24 56 138 53 117 152 1 95 82 36 3 4 9 27 132 58 141 163 180 29 65 103 77 118 111 89 173 66 162 
12 137 38 86 120 3 154 1 179 15 164 69 89 94 70 62 161 126 34 110 8 123 162 57 101 150 72 167 25 160 129 50 5 118 151 6 
13 101 170 79 91 124 111 16 1 129 87 35 146 138 37 108 168 51 103 75 45 33 123 5 88 50 77 72 172 118 
14 167 83 142 147 90 151 108 81 105 56 19 72 131 159 66 93 24 4 82 179 99 168 172 49 149 65 46 18 71 110 43 9 170 
15 65 20 133 106 24 12 174 26 95 172 57 148 17 124 91 38 86 160 29 164 119 111 158 136 163 22 170 45 60 97 37 120 115 159 85 
16 6 5 111 119 40 165 128 124 13 23 32 96 29 154 2 105 133 175 75 156 30 166 158 113 10 136 169 4 180 168 176 25 134 19 1 78 87 
17 148 37 22 158 29 11 132 149 160 36 75 118 137 28 91 98 62 7 172 96 103 42 164 83 19 23 114 15 147 140 150 129 152 31 107 49 73 142 139 111 59 45 64 88 156 0 94 
18 166 175 53 115 126 88 24 119 159 26 158 30 117 134 22 92 131 56 120 152 101 74 37 151 97 68 82 50 54 138 90 167 14 133 1 100 143 162 103 144 58 
19 107 163 0 114 168 7 40 4 135 26 14 154 27 106 105 23 17 3 151 9 36 79 103 57 148 161 76 25 16 152 
20 15 88 46 143 76 132 59 122 79 125 135 144 34 152 107 77 106 95 43 35 178 109 62 114 100 126 65 163 68 113 37 1 55 105 176 94 
21 111 107 126 85 31 67 134 97 45 93 60 75 66 9 30 4 109 161 101 135 105 171 170 25 106 34 103 166 40 58 180 151 62 6 123 
22 175 68 17 132 64 165 121 49 172 18 92 5 102 60 3 88 48 84 71 150 25 15 35 126 80 153 38 
23 31 111 107 67 36 16 126 58 125 155 71 166 19 175 17 73 89 128 133 54 25 57 27 102 41 167 35 66 142 
24 106 169 115 40 110 95 158 15 36 96 18 139 11 132 172 55 174 27 71 4 2 133 58 97 14 62 48 69 126 26 130 31 136 141 137 156 128 116 65 124 
25 74 110 162 73 54 101 57 93 114 55 75 127 32 97 179 81 135 7 117 106 53 137 147 113 131 172 178 171 21 22 99 76 28 161 23 12 19 59 38 105 16 82 
26 86 80 29 76 174 85 18 70 157 19 95 15 142 180 58 104 179 121 153 101 177 24 159 175 3 91 146 59 90 32 
27 171 95 9 35 153 63 32 87 5 24 96 133 19 91 0 125 139 11 149 34 144 129 54 40 46 173 23 174 119 113 
28 97 101 11 35 10 55 31 81 167 176 17 2 87 60 30 109 39 165 100 136 131 75 59 78 170 107 47 68 128 57 125 175 6 161 25 9 129 33 151 83 163 
29 53 26 113 17 152 140 174 115 78 16 57 148 93 131 0 167 9 165 155 87 5 58 157 149 15 129 11 72 125 161 117 120 
30 94 0 93 147 49 143 74 115 18 28 35 89 21 124 2 38 51 145 37 95 16 158 65 123 146 62 140 120 135 96 48 36 69 58 113 45 
31 136 23 28 67 162 37 100 21 178 40 157 90 175 123 140 163 6 174 5 24 54 81 109 125 17 44 114 66 173 35 41 128 134 164 
32 41 55 125 156 45 8 77 120 16 27 25 5 40 126 141 54 59 174 115 102 131 144 36 82 38 26 100 9 119 95 
33 169 65 93 156 97 118 165 154 131 71 136 148 82 176 57 60 80 83 145 47 104 180 75 13 144 76 49 4 28 155 77 163 
34 40 61 65 5 164 167 133 149 70 130 168 90 124 85 138 37 20 162 139 113 156 159 12 27 115 96 176 128 36 21 111 53 146 157 93 109 142 
35 154 28 173 2 75 168 101 27 104 110 8 108 30 118 142 177 96 77 13 57 155 44 20 170 172 3 51 37 66 22 31 39 152 23 68 
36 178 149 69 57 138 154 104 101 116 122 24 72 17 146 23 10 100 48 68 63 11 159 0 151 108 19 61 136 93 34 170 77 59 75 32 133 120 125 30 49 46 39 
37 17 70 128 47 31 111 123 168 125 101 9 34 105 109 173 176 91 13 18 174 100 30 63 76 74 84 35 20 163 159 2 15 86 133 
38 134 12 131 144 83 57 101 126 121 2 50 7 118 179 106 147 30 15 109 162 113 130 10 107 110 84 175 32 92 99 25 8 22 
39 104 160 116 171 59 51 161 119 95 69 99 46 113 72 167 28 163 159 152 66 0 140 115 76 100 58 77 9 70 125 40 5 82 75 52 162 44 35 64 36 
40 4 34 24 1 126 103 16 19 81 31 134 5 64 150 179 94 156 0 32 114 154 146 117 160 53 44 176 110 177 127 27 52 180 39 7 21 129 77 138 3 69 98 174 
41 55 32 144 130 59 4 117 111 119 100 156 102 80 137 84 89 51 133 169 88 147 116 2 78 56 148 110 162 99 8 152 177 146 31 23 123 121 48 98 
42 113 154 161 92 112 176 148 47 163 130 94 17 8 171 179 166 81 126 3 110 105 173 169 153 150 155 116 84 
43 56 3 74 99 144 73 72 7 20 167 88 101 59 134 139 107 75 4 48 103 140 14 165 54 
44 136 46 59 60 64 79 108 180 88 118 139 168 119 131 53 68 35 81 110 94 40 86 85 101 67 31 158 8 155 78 73 177 171 154 147 39 82 99 111 92 77 
45 103 140 141 115 51 165 32 64 21 170 62 162 121 116 73 180 5 130 135 153 96 139 146 74 13 99 178 171 15 17 82 128 30 
46 44 61 179 20 124 120 81 79 54 57 39 48 101 9 52 142 56 50 131 178 140 119 157 14 27 5 49 175 67 108 63 71 36 47 74 
47 118 140 134 51 37 113 174 172 42 161 10 109 87 167 144 156 132 147 48 28 33 9 164 65 146 77 61 46 151 
48 113 130 116 59 180 122 170 121 71 169 165 46 138 109 96 9 36 112 127 110 95 163 77 22 24 47 99 172 92 2 43 52 81 7 106 115 154 30 129 97 41 53 174 61 
49 157 120 30 176 90 162 124 4 66 154 67 50 180 144 81 147 140 127 22 105 64 74 156 84 172 160 169 109 95 91 107 136 17 14 101 46 65 63 33 123 36 126 111 155 78 
50 111 160 167 87 158 157 90 104 49 74 177 9 163 38 178 46 62 82 133 150 1 121 18 125 129 174 8 66 168 136 81 97 13 12 84 76 
51 53 139 104 110 106 99 84 47 141 123 39 57 168 129 45 4 138 121 127 119 128 41 137 162 108 13 132 30 118 144 131 180 35 171 105 149 113 59 153 169 
52 62 164 63 96 99 172 168 46 169 107 102 86 2 121 163 74 159 149 85 40 103 48 39 68 178 56 91 88 
53 123 51 29 18 75 175 144 133 63 89 159 11 169 61 54 44 78 90 156 66 25 60 146 40 127 166 101 76 100 34 102 83 180 48 98 
54 149 129 142 55 70 157 25 46 167 94 98 53 108 66 121 65 97 160 177 159 32 120 18 168 143 135 31 27 179 0 178 85 23 176 125 43 88 
55 78 41 28 32 124 54 167 122 69 101 24 145 149 25 128 106 129 119 108 70 7 127 105 2 148 115 107 93 125 95 67 165 135 100 179 9 99 20 88 87 64 111 
56 169 124 175 73 43 87 11 147 67 77 14 9 104 146 58 152 46 18 61 111 74 102 130 174 41 165 149 141 123 176 116 106 168 52 
57 91 36 157 148 76 67 51 38 105 111 25 46 179 109 29 104 107 172 33 121 35 2 64 125 134 15 132 123 19 28 12 82 23 74 68 145 178 174 
58 123 79 163 148 165 141 0 78 89 174 63 106 23 83 6 56 65 8 82 24 172 29 95 154 26 11 134 144 39 107 110 121 156 112 90 173 21 145 30 159 18 99 
59 44 79 66 48 75 41 137 153 20 39 173 99 85 154 90 159 97 166 81 139 96 100 86 102 43 32 28 134 143 74 117 0 36 17 26 51 25 9 93 
60 125 44 90 92 177 145 122 21 28 124 120 137 99 118 178 22 111 53 115 33 75 176 117 112 130 15 6 116 128 158 
61 46 34 120 65 155 157 3 126 125 166 134 141 101 53 131 93 83 109 56 36 151 123 103 119 66 87 47 92 48 
62 89 52 137 0 134 136 84 135 67 166 45 17 68 78 172 179 50 12 24 79 63 20 178 71 124 72 30 132 3 97 21 
63 169 80 52 135 53 119 106 124 27 94 172 58 125 36 175 95 71 62 37 79 2 133 110 49 90 46 76 88 168 
64 44 22 180 10 117 83 129 112 45 148 124 141 174 40 161 95 171 49 3 115 57 167 152 99 114 149 4 132 155 172 65 102 17 139 39 55 88 118 
65 15 117 33 34 61 149 104 161 173 111 132 163 175 124 108 2 159 133 3 74 99 85 148 58 5 160 54 151 135 137 127 84 20 118 101 67 89 7 14 30 47 11 49 64 24 
66 59 88 138 168 140 124 49 153 102 8 176 5 54 21 91 126 14 39 53 74 174 93 80 50 96 31 35 164 156 61 105 11 23 
67 102 148 31 145 135 123 162 57 21 168 49 131 62 23 56 108 172 10 178 122 71 55 44 113 65 128 46 91 111 3 
68 22 144 152 154 161 116 164 126 105 130 62 108 77 118 36 98 110 157 137 44 159 18 75 129 69 88 175 96 6 91 72 28 20 113 171 138 52 142 57 70 35 158 
69 36 105 113 73 100 78 55 39 156 12 148 168 118 94 109 82 24 68 0 141 160 87 164 179 163 154 97 162 30 40 130 115 
70 37 88 0 158 178 99 145 54 174 96 34 150 123 125 26 165 12 166 55 115 108 129 105 177 173 92 127 86 39 90 72 151 73 141 159 118 68 
71 164 92 8 169 134 138 170 48 33 24 101 6 23 67 165 63 80 22 154 85 105 82 62 83 147 2 136 72 173 14 78 75 46 168 135 9 
72 150 130 169 155 36 179 132 39 80 14 91 118 87 92 43 99 108 103 149 100 68 114 104 29 62 161 12 81 71 145 70 144 13 
73 138 145 56 25 69 106 155 146 161 135 169 45 77 43 94 172 23 175 144 115 17 44 100 153 75 70 156 83 140 118 2 
74 119 25 83 174 155 30 95 50 43 125 169 65 118 146 100 123 75 49 179 175 56 153 66 10 90 18 59 52 101 45 5 1 37 142 57 114 152 143 46 
75 169 35 59 53 130 148 123 17 6 84 120 21 175 25 0 9 74 140 113 101 167 4 16 28 68 60 85 13 166 43 156 110 33 160 152 39 36 177 71 73 129 151 145 158 
76 126 57 20 26 10 122 174 141 129 152 165 124 112 162 159 178 150 99 90 5 164 146 132 93 39 111 53 155 37 143 102 25 92 78 19 4 33 63 50 
77 91 151 132 138 56 32 68 103 0 20 73 35 10 115 48 90 131 156 1 3 39 117 36 148 88 40 85 11 13 47 44 174 80 33 93 139 
78 55 169 82 89 69 138 107 111 58 167 151 99 134 29 62 53 127 160 28 92 163 170 112 41 152 102 44 86 71 155 76 145 49 16 
79 59 163 44 13 120 58 164 172 46 95 20 3 84 171 154 125 109 62 176 19 143 159 146 63 90 169 5 151 162 144 
80 26 172 63 97 142 153 179 178 149 135 41 117 72 95 156 86 100 71 33 66 5 130 127 10 175 115 22 151 166 77 
81 152 159 28 46 10 145 103 176 174 40 14 177 131 136 123 84 49 117 59 25 107 44 42 9 1 31 72 115 171 48 50 
82 78 3 151 176 165 171 7 11 6 174 33 58 95 114 89 50 14 69 18 175 135 163 143 167 133 116 71 169 166 39 57 130 32 44 172 45 139 2 25 154 84 
83 14 88 172 74 177 106 173 98 64 38 84 103 123 155 169 58 93 61 109 17 112 141 33 136 71 1 139 53 73 28 
84 88 8 96 51 3 179 62 6 150 75 79 4 83 81 155 159 176 121 41 49 116 149 65 113 173 22 109 37 142 127 38 140 141 166 50 82 0 42 
85 133 131 21 26 168 7 59 132 34 88 147 119 65 156 150 120 159 101 151 110 135 140 75 44 167 71 52 128 103 112 54 77 163 91 149 127 146 15 
86 26 145 121 12 142 168 108 2 135 88 80 59 163 52 123 115 44 15 70 125 78 136 169 8 37 164 175 
87 118 126 159 151 50 56 28 141 164 165 27 2 47 105 13 72 95 29 94 129 112 172 7 103 142 93 69 160 133 136 55 61 131 128 16 
88 70 83 128 84 20 66 11 18 6 8 127 153 44 136 120 166 85 151 173 86 152 43 22 41 68 102 77 55 13 63 17 52 54 64 
89 62 78 108 102 141 178 92 109 110 149 125 53 166 58 6 30 12 1 41 150 176 82 159 23 113 156 65 173 11 
90 167 60 176 159 49 14 171 94 50 107 92 59 34 146 102 135 99 118 31 108 137 53 174 76 106 74 77 79 18 123 70 26 58 63 178 177 8 
91 121 57 133 77 106 175 142 13 143 173 17 97 109 103 72 66 27 111 37 119 15 179 49 127 157 68 178 171 26 67 116 52 85 176 
92 71 160 171 60 180 89 113 169 129 42 90 165 112 18 159 22 72 70 78 132 131 120 125 48 116 155 76 38 128 44 61 
93 30 124 162 98 115 33 148 133 4 176 21 25 100 105 83 61 95 29 151 14 55 160 139 134 66 76 87 36 7 59 34 77 
94 102 30 90 161 54 63 136 138 106 119 42 40 12 177 69 73 87 160 117 124 44 169 20 17 
95 120 24 155 27 174 116 106 79 39 74 122 158 167 105 64 26 15 11 80 93 110 4 87 107 20 82 48 115 58 63 149 55 159 49 137 30 111 0 132 32 
96 105 4 156 84 126 165 160 24 109 70 150 52 152 145 127 48 120 27 16 59 17 35 0 108 45 68 7 174 180 34 155 66 112 30 
97 28 135 180 80 120 136 33 162 21 126 121 59 145 91 149 9 147 25 170 54 24 140 18 161 128 122 156 69 130 62 50 15 48 
98 93 136 83 144 113 125 17 123 54 149 5 68 161 115 176 145 127 40 41 53 
99 131 137 130 51 7 70 150 59 167 107 52 169 90 78 39 109 65 113 60 118 43 76 173 72 108 119 64 162 14 48 153 55 5 41 25 142 45 156 44 38 174 138 149 135 58 
100 173 149 153 105 69 31 10 118 104 179 41 36 93 74 144 59 174 178 28 72 80 163 20 37 55 39 135 53 116 73 161 111 18 32 180 158 
101 28 13 36 35 55 149 38 25 179 116 141 37 61 111 46 71 164 75 85 43 18 146 21 138 26 108 9 53 153 44 74 65 49 155 12 143 130 
102 94 67 109 89 174 131 130 66 162 90 41 142 52 22 59 56 0 32 10 161 160 88 76 78 159 53 23 64 6 
103 45 150 40 4 129 104 81 115 136 83 178 169 148 77 91 17 2 162 72 1 113 87 173 19 13 21 85 7 52 11 152 163 61 112 110 43 18 
104 51 178 39 36 65 173 103 50 35 100 176 119 144 56 57 160 168 167 26 33 72 133 10 131 140 149 157 
105 177 96 69 115 133 100 10 68 57 95 107 14 37 93 49 131 19 16 129 87 176 55 111 137 70 21 71 51 42 149 166 20 171 25 66 170 
106 24 155 116 137 51 123 163 73 15 91 83 166 132 176 95 63 2 55 58 180 94 19 8 20 130 25 90 38 108 136 158 21 153 48 109 56 165 151 171 152 
107 19 134 108 21 152 158 23 156 90 161 78 176 99 105 20 57 52 95 179 118 55 81 1 49 28 43 164 17 58 157 159 38 9 130 4 133 
108 107 89 86 44 65 14 156 67 35 10 1 90 54 68 55 176 125 70 96 36 99 72 51 101 13 106 118 179 46 160 132 
109 165 102 8 96 89 128 99 57 48 144 123 91 47 37 28 126 83 79 61 69 154 174 20 21 49 132 148 142 38 6 31 84 130 134 177 129 106 34 119 
110 24 25 51 161 121 11 7 89 5 180 35 166 2 154 111 175 68 95 130 6 159 48 134 139 126 147 12 44 85 127 42 120 40 131 58 113 41 75 63 38 14 103 
111 21 50 23 16 65 37 147 41 9 138 13 78 57 137 3 101 110 139 176 91 56 105 60 128 125 118 76 95 15 34 172 129 17 100 11 44 55 67 49 169 
112 9 64 116 150 151 42 113 76 92 48 157 83 3 168 87 169 161 78 60 134 142 58 85 174 96 2 103 1 149 
113 48 42 7 121 29 11 69 47 150 92 98 5 112 122 39 158 99 177 153 170 34 75 160 115 25 103 163 84 89 38 3 67 110 16 20 68 51 2 4 27 30 
114 19 154 135 11 4 151 144 118 165 176 179 25 9 126 180 40 119 125 82 171 17 136 7 64 20 72 130 122 31 143 178 173 74 166 0 
115 24 180 105 147 93 136 18 176 30 139 45 103 29 9 64 70 144 157 145 55 77 86 95 113 135 60 169 154 152 39 124 98 32 2 34 73 174 81 142 48 80 15 69 
116 158 48 126 106 135 5 36 39 68 117 123 95 112 118 171 101 179 45 144 163 141 159 165 84 178 41 82 92 125 100 167 136 175 42 56 24 60 143 91 
117 162 65 124 116 41 64 143 18 128 11 80 81 123 131 3 25 40 94 140 148 8 161 60 168 77 59 130 29 172 
118 87 178 47 140 152 170 114 33 17 100 1 116 44 10 9 124 90 136 74 173 68 35 99 60 7 138 69 72 38 107 159 51 111 8 167 65 108 166 11 70 12 73 64 13 
119 74 122 16 176 18 39 63 150 41 136 104 44 85 55 94 153 114 51 121 174 145 127 130 3 91 99 160 175 15 46 120 171 162 151 61 27 7 109 32 
120 95 61 49 12 79 166 46 153 97 140 127 75 32 88 60 0 96 148 85 8 18 10 54 110 92 119 136 30 36 156 170 15 29 
121 91 86 113 146 110 5 22 178 173 48 97 137 38 51 45 6 54 129 84 0 57 119 141 52 125 26 50 3 174 123 145 58 168 41 171 
122 119 36 76 20 55 48 171 95 135 60 113 67 97 114 9 175 143 
123 53 58 147 106 67 157 6 129 116 51 75 37 166 70 98 81 135 161 83 117 109 74 130 31 3 152 86 174 1 57 127 128 121 12 156 148 163 176 90 30 56 13 149 61 41 49 21 
124 128 178 56 133 93 117 157 46 55 126 49 66 65 13 16 64 60 63 34 118 76 141 176 30 3 15 94 174 115 158 175 151 62 10 173 162 147 155 24 
125 131 179 60 32 61 89 20 98 144 143 70 74 164 37 155 23 63 2 79 27 108 114 57 55 121 136 170 111 50 159 31 140 92 86 28 39 116 29 36 173 165 54 176 149 
126 138 116 87 137 40 21 2 76 96 18 124 61 157 171 68 177 38 97 128 114 23 167 109 66 160 32 4 110 12 24 20 42 162 22 49 151 127 
127 177 1 88 120 173 96 178 136 161 25 49 51 48 55 78 119 53 157 123 65 70 91 110 176 40 130 4 154 8 80 84 98 126 85 
128 124 88 37 137 138 16 2 135 152 109 136 126 55 117 144 141 51 111 6 176 131 123 97 85 28 23 34 67 24 31 92 60 87 45 
129 54 139 154 174 123 103 145 51 64 92 5 76 55 121 8 166 105 13 134 70 87 131 68 165 130 173 27 29 50 17 158 159 6 155 1 109 162 111 40 12 75 48 28 135 3 133 
130 48 72 99 41 75 102 34 136 68 133 42 160 123 110 45 106 139 119 141 56 129 166 24 109 127 9 114 38 80 60 172 97 82 117 149 0 168 107 101 69 
131 125 99 38 85 102 143 67 81 33 61 167 44 105 161 14 29 18 10 117 0 46 129 153 28 7 25 77 128 51 174 92 110 32 171 154 104 87 163 137 149 
132 22 146 163 17 20 106 65 77 0 24 72 85 8 147 155 3 137 177 47 11 57 109 92 9 51 76 64 159 62 95 136 174 178 169 108 144 
133 173 124 15 105 91 85 156 34 169 164 53 170 93 162 65 130 27 16 2 24 41 50 157 3 179 82 158 151 87 63 23 104 36 165 18 107 37 7 129 141 
134 38 172 107 151 62 163 47 166 71 21 165 40 61 180 18 78 160 129 159 110 142 7 57 150 43 59 93 58 112 109 1 147 16 31 
135 97 150 114 152 67 116 62 63 140 128 122 20 163 19 90 123 80 73 154 86 10 45 65 25 115 21 85 82 55 146 144 54 174 100 30 129 71 99 
136 44 31 2 115 62 97 98 160 119 88 103 130 128 167 81 127 94 118 33 141 171 166 173 157 28 178 151 114 125 106 36 49 83 24 87 120 15 71 16 116 86 50 132 
137 12 126 62 99 106 128 59 7 166 17 111 121 2 90 60 41 149 132 65 68 51 105 3 25 171 0 178 95 24 4 176 131 
138 126 73 36 151 66 142 176 141 128 78 71 146 111 77 154 11 51 94 48 34 145 118 13 101 143 18 140 178 5 6 163 68 99 40 
139 155 140 51 129 144 158 149 115 177 24 167 44 148 159 111 59 146 34 27 6 130 110 93 45 43 156 157 17 175 83 82 64 163 1 77 
140 139 151 2 118 47 45 66 169 29 120 135 49 31 75 39 117 46 97 17 180 85 3 138 125 30 149 84 104 146 179 43 73 154 
141 147 4 158 45 51 154 89 138 168 76 58 157 169 87 64 61 101 136 116 143 144 128 124 3 0 166 32 121 83 130 11 69 24 56 84 70 133 
142 54 86 14 138 0 2 80 91 145 157 26 35 102 180 46 134 154 172 87 109 112 84 158 99 74 17 115 166 155 150 68 34 23 
143 20 30 151 131 91 117 125 141 0 180 59 138 79 82 146 54 160 76 144 114 101 165 74 18 116 122 171 
144 149 68 151 139 41 114 53 98 38 164 125 166 49 20 104 116 109 128 100 141 43 155 47 115 148 27 73 58 51 135 143 32 172 72 33 132 18 79 159 
145 86 67 73 70 170 81 173 129 11 146 60 96 10 55 97 142 9 167 138 7 176 119 115 164 157 30 33 121 180 8 72 98 78 57 75 58 
146 132 121 153 163 138 175 36 73 145 90 170 157 74 56 155 139 13 3 40 53 165 101 76 143 135 45 79 30 173 47 26 34 41 158 140 85 
147 141 123 2 30 115 14 149 111 168 8 179 56 49 85 132 97 169 162 110 25 17 38 41 47 153 157 175 71 134 44 124 
148 17 67 156 57 58 75 169 93 64 69 42 154 103 65 139 29 33 120 55 15 151 117 176 144 109 19 123 41 149 77 153 180 
149 54 175 144 36 100 65 147 17 139 34 89 101 80 55 98 97 171 137 27 72 95 159 169 84 29 4 156 64 52 8 56 14 151 148 51 105 130 140 163 123 99 104 85 131 165 125 112 
150 72 135 103 113 10 172 99 96 70 119 84 112 158 40 76 85 89 2 134 50 17 179 3 22 42 12 0 155 142 9 
151 5 140 158 144 138 134 166 114 87 77 143 14 82 112 78 173 88 4 65 93 36 19 148 85 136 18 174 178 124 61 133 149 79 70 119 8 106 21 75 80 12 126 3 28 47 
152 172 81 164 68 135 118 107 29 96 128 76 11 20 153 161 56 39 88 176 123 18 64 154 115 17 177 78 75 163 171 41 103 74 35 19 106 
153 168 100 146 120 6 59 80 66 27 180 88 174 166 113 152 119 0 45 74 131 162 26 164 99 101 147 42 10 106 2 178 148 73 51 22 7 
154 35 114 36 129 68 42 141 49 12 33 59 9 138 79 135 110 19 148 16 167 173 40 109 58 7 142 160 115 152 158 71 161 127 69 131 44 48 180 82 140 
155 139 106 72 178 177 61 95 74 73 4 84 159 125 83 146 23 132 29 144 35 5 64 76 129 92 101 44 96 157 42 78 142 150 171 33 49 124 
156 148 133 96 107 33 32 69 108 41 175 85 49 40 80 53 47 34 77 149 123 16 89 75 58 97 178 139 24 174 99 73 120 66 17 171 
157 11 49 57 124 123 54 61 126 50 141 172 163 26 31 146 142 112 136 179 68 115 29 127 145 133 91 147 46 165 107 4 139 155 10 167 34 104 
158 116 151 17 70 141 107 139 24 173 50 18 95 150 113 160 8 154 124 133 106 129 16 30 15 142 44 146 176 161 60 179 164 100 75 9 68 
159 81 90 87 18 0 59 53 65 155 84 76 139 92 116 39 36 14 110 134 85 54 118 68 34 149 95 89 52 79 26 125 129 107 102 132 70 37 15 58 1 144 
160 11 9 176 92 39 50 96 17 136 162 161 130 165 65 104 158 54 126 134 49 113 169 94 40 93 154 119 78 15 69 143 1 87 102 166 75 12 6 7 171 108 
161 110 68 65 42 2 39 94 107 73 171 64 123 127 160 47 152 131 10 98 12 112 21 117 97 4 7 102 5 154 19 72 3 28 25 100 29 174 158 1 175 
162 117 25 93 67 31 49 97 102 6 133 160 45 76 34 103 147 51 153 99 126 1 7 12 38 178 41 129 119 39 69 79 124 18 11 
163 19 7 1 79 134 132 106 146 58 65 0 172 135 157 42 50 169 116 39 2 31 86 48 52 113 78 100 11 82 20 123 69 15 152 37 178 149 103 138 139 85 131 33 28 
164 71 152 11 52 34 4 7 79 133 68 144 12 87 125 5 101 17 9 76 145 153 15 0 107 69 47 66 158 86 31 
165 109 96 22 114 134 16 33 82 58 45 92 76 48 87 160 70 1 7 28 29 116 71 146 129 55 56 0 157 133 143 106 167 125 43 149 
166 18 151 177 120 9 134 106 137 2 62 61 178 123 110 144 171 89 88 59 153 176 23 129 136 70 141 42 53 130 75 16 21 82 160 105 118 142 114 84 80 
167 14 90 178 34 28 50 7 55 99 54 95 139 136 78 145 131 39 126 154 29 47 104 43 0 75 64 177 118 85 6 82 10 12 18 116 157 165 172 169 23 
168 153 19 66 86 35 141 67 85 51 147 34 37 44 4 69 52 104 112 9 14 13 54 173 117 50 121 175 56 16 130 63 71 
169 75 24 33 63 78 56 72 71 140 7 133 10 148 92 141 99 48 53 74 103 83 73 163 52 147 160 49 112 41 115 94 149 42 79 82 1 16 86 132 167 111 51 
170 13 118 145 133 71 48 45 0 146 97 113 35 78 125 28 21 36 177 15 120 14 105 
171 27 92 39 90 126 82 122 161 116 166 79 149 175 64 1 136 177 42 114 137 21 51 172 25 131 91 119 8 81 152 44 45 68 155 160 105 143 156 106 121 
172 152 83 134 80 79 2 150 163 24 63 157 67 47 52 22 62 17 174 15 57 49 0 58 87 73 142 25 35 177 171 14 64 48 130 111 144 5 82 13 167 117 
173 100 133 35 65 104 83 158 145 59 121 127 91 118 151 88 2 154 37 99 136 70 103 5 129 84 168 42 89 146 27 114 71 31 7 124 58 125 11 
174 129 74 26 102 95 76 70 81 47 29 8 64 15 58 153 24 176 90 82 100 172 119 66 109 123 124 31 32 96 37 10 151 121 56 175 50 135 131 115 6 112 156 161 27 132 99 77 57 40 48 
175 149 22 56 18 53 91 65 146 3 4 75 31 171 156 110 74 16 0 63 23 2 82 68 73 119 174 124 26 28 147 46 116 139 168 122 80 38 161 180 86 
176 90 160 49 119 138 7 115 28 106 82 81 114 107 93 104 66 42 174 84 166 2 111 145 105 33 108 152 89 10 124 37 148 79 128 60 98 1 127 40 34 123 9 54 56 137 158 20 16 125 91 
177 105 11 127 83 166 155 139 126 60 0 81 50 113 35 171 94 54 132 70 167 26 172 152 40 109 170 44 75 41 90 
178 36 124 118 104 167 4 70 155 89 179 121 31 166 80 103 127 76 50 67 60 100 2 136 116 46 20 137 62 25 151 162 138 91 54 156 114 45 153 163 132 90 52 57 
179 125 46 84 178 72 80 147 12 100 114 101 116 57 5 40 74 25 62 107 38 157 42 91 14 26 55 133 69 54 150 108 140 158 
180 115 64 97 92 48 44 153 110 134 5 49 106 114 45 10 142 26 143 140 11 96 51 33 145 40 16 21 53 148 100 175 154 
