0 51 82 24 94 102 37 116 30 55 57 156 113 112 154 205 142 114 140 70 50 90 184 133 96 216 109 128 53 74 65 25 195 182 187 76 40 84 168 206 54 137 21 92 181 219 3 88 91 155 67 44 141 214 32 213 52 19 123 158 33 11 48 73 132 170 149 97 153 22 210 157 39 105 
1 71 22 87 109 57 30 197 157 28 116 113 154 206 114 180 110 54 12 141 94 88 119 140 15 125 118 123 47 59 128 69 126 75 159 67 42 3 84 35 178 215 76 137 51 177 80 21 26 152 205 32 56 52 170 78 145 148 85 92 
2 78 81 170 206 96 5 11 125 72 116 140 8 216 49 175 42 119 14 99 171 138 53 15 121 54 144 167 209 95 13 217 18 56 188 85 9 189 29 148 131 84 64 35 218 139 73 75 158 195 27 197 143 134 162 190 109 174 32 142 93 12 151 7 124 
3 118 33 89 178 72 4 20 51 117 138 155 217 140 143 126 211 84 18 164 197 113 60 161 50 32 152 31 182 90 189 179 196 0 5 1 52 64 44 145 153 119 88 174 29 46 43 17 200 102 47 142 123 121 
4 35 13 83 126 200 41 95 3 159 173 174 219 218 133 91 40 84 122 199 190 23 198 62 102 30 204 64 53 20 202 105 216 149 128 131 192 161 148 108 111 212 46 194 8 22 71 153 72 123 90 103 142 186 137 69 118 61 168 45 34 86 172 93 197 
5 28 190 117 79 34 212 2 118 198 62 215 85 126 147 200 78 10 158 210 8 104 16 133 41 67 97 163 108 209 148 124 177 13 61 127 76 14 185 60 99 131 112 68 47 96 160 3 26 70 144 113 196 204 192 134 182 206 143 161 66 193 216 19 195 119 109 191 64 89 137 154 132 105 40 125 44 176 52 
6 198 157 19 109 165 147 8 196 29 175 24 182 41 18 72 208 110 161 33 115 37 35 159 87 99 211 86 58 150 101 120 210 116 50 49 117 189 154 51 186 171 42 67 155 82 185 60 136 126 195 15 152 183 84 80 62 169 142 199 179 125 70 77 135 202 73 64 219 108 119 200 7 69 88 
7 123 179 137 172 135 84 143 18 87 177 188 214 16 43 45 33 168 171 193 126 54 217 50 102 167 21 201 100 83 105 156 38 153 191 92 80 25 140 212 207 72 132 98 93 88 205 130 121 139 198 69 10 166 158 86 175 67 128 23 209 161 196 32 6 48 208 206 181 52 107 82 71 96 2 
8 189 45 130 164 37 6 132 87 103 2 196 190 149 28 101 5 27 40 204 93 66 214 191 36 215 120 119 124 67 102 168 114 173 155 176 92 95 82 38 175 166 4 86 99 91 100 139 159 182 65 11 161 81 56 183 122 16 108 54 118 160 187 98 
9 151 84 101 178 144 147 132 152 136 193 13 187 55 177 196 141 17 126 175 34 40 169 135 56 81 37 164 46 22 28 66 49 180 189 75 140 173 12 38 212 168 124 2 171 106 36 64 160 158 45 149 157 32 65 131 98 107 51 219 79 15 139 119 184 85 166 20 170 14 217 105 91 123 29 206 113 63 112 197 74 109 
10 125 165 63 96 85 190 20 105 118 199 112 54 5 212 90 157 207 26 62 16 143 135 41 149 73 43 124 196 129 77 51 68 111 208 13 158 55 173 174 197 133 205 40 147 213 192 65 136 115 18 46 113 132 206 7 116 159 36 108 216 86 185 30 128 156 33 27 
11 105 25 170 188 184 2 103 83 40 209 35 75 52 193 88 16 132 86 176 160 72 73 82 74 146 114 201 62 90 104 200 48 166 28 57 60 67 123 106 18 120 31 138 27 140 119 128 101 207 0 8 59 133 100 142 135 22 148 204 81 44 216 
12 118 97 53 43 190 65 28 208 13 49 158 115 166 191 162 215 122 121 218 110 34 78 1 91 95 180 141 134 9 196 120 93 72 153 62 200 150 179 44 26 147 82 152 185 146 198 23 183 182 29 75 192 214 108 69 105 16 19 181 33 2 107 104 135 86 52 125 
13 4 204 140 148 177 112 34 195 144 9 190 74 12 14 20 35 201 186 98 37 106 126 30 137 32 5 165 170 176 205 2 10 168 47 80 196 139 134 16 72 135 58 192 141 94 45 136 122 163 117 161 103 71 38 169 54 182 212 17 132 82 18 15 
14 216 154 143 104 215 52 34 219 86 45 13 107 112 119 2 25 94 65 58 132 88 47 117 5 187 87 212 59 125 168 42 122 167 146 43 93 161 159 148 193 103 51 99 164 37 138 46 22 121 69 49 211 201 9 68 150 44 192 63 
15 183 98 87 198 165 197 170 133 144 43 136 83 193 25 126 112 150 63 22 76 156 54 174 2 166 56 147 65 30 60 42 206 105 203 82 99 73 1 120 72 67 215 131 219 138 31 53 36 6 117 9 100 102 71 173 79 38 210 97 13 
16 187 142 218 181 140 122 132 107 35 7 130 45 87 153 148 173 168 28 195 200 11 5 186 10 79 72 24 52 212 47 48 216 170 188 31 98 115 196 101 40 13 128 39 214 46 33 211 133 160 179 86 112 37 100 34 104 94 213 53 89 158 21 26 121 12 91 59 20 8 105 141 23 111 80 149 144 151 
17 148 217 124 180 127 110 68 39 122 19 57 183 139 131 157 59 9 70 149 178 151 77 128 210 26 84 143 136 71 62 212 150 190 102 18 152 160 154 166 75 111 21 189 129 95 106 108 132 208 115 61 191 55 188 140 90 165 3 13 137 45 206 192 
18 75 209 53 66 7 172 76 192 178 208 42 130 134 94 96 116 212 97 200 6 202 211 129 219 140 145 215 146 151 115 62 174 3 59 108 2 17 63 68 33 83 195 135 81 64 11 90 177 180 82 10 56 79 153 74 110 199 198 216 188 144 139 170 176 125 118 78 163 214 32 149 119 157 162 98 13 67 189 187 121 
19 87 177 33 6 32 41 149 140 144 42 17 22 113 155 52 214 164 30 66 25 65 181 187 216 170 213 157 111 148 185 99 48 178 195 62 190 201 158 105 160 118 76 0 165 5 197 34 184 151 172 210 12 60 124 134 107 167 163 116 84 191 215 
20 133 215 70 61 205 10 219 110 3 127 217 95 157 164 213 150 204 13 112 23 97 144 132 105 4 200 117 72 142 202 186 125 24 31 51 73 55 29 129 169 107 203 87 54 46 198 184 45 85 92 134 103 181 152 138 25 16 9 175 185 74 208 
21 24 142 82 60 66 125 178 179 209 72 40 30 29 57 49 218 173 99 148 143 126 25 200 114 174 208 145 27 180 183 123 53 134 62 7 138 59 37 88 69 0 17 65 205 151 108 81 75 46 204 150 124 140 131 64 1 132 34 16 189 107 56 214 207 175 63 139 161 195 44 120 73 52 
22 38 30 1 116 44 99 32 151 142 75 207 26 192 19 215 148 46 212 15 81 187 9 25 126 60 107 57 94 104 183 29 74 138 105 197 64 133 189 70 157 41 28 4 193 24 191 206 61 14 195 202 27 146 80 106 196 181 11 0 137 95 129 89 87 
23 156 163 171 182 183 69 199 20 197 206 4 108 203 204 212 131 139 202 102 31 98 79 158 213 48 38 103 33 211 83 54 76 94 159 101 62 127 147 12 200 52 194 118 53 126 7 36 45 56 209 180 145 63 123 16 178 81 121 
24 21 207 151 188 86 0 145 71 50 58 168 6 97 190 159 88 35 185 144 169 30 147 83 193 198 139 16 178 181 106 55 206 61 38 189 158 20 183 49 43 128 45 40 119 177 138 136 150 126 22 167 184 69 77 39 52 44 26 
25 120 75 197 11 110 176 116 37 109 157 198 181 76 57 98 180 179 15 45 84 202 136 185 21 112 19 22 54 14 134 149 69 0 49 32 169 160 111 125 68 31 127 141 7 36 100 95 94 130 131 85 209 113 104 88 206 217 71 132 20 34 194 41 48 26 30 56 196 162 58 139 172 
26 112 89 95 182 144 218 64 197 22 32 117 65 29 108 143 50 184 177 98 10 179 171 172 17 28 129 173 42 169 109 178 81 138 57 53 213 191 196 131 43 12 199 180 5 56 49 118 30 125 73 134 35 141 38 127 76 187 99 198 122 1 84 16 139 33 55 104 175 92 146 25 219 78 52 153 166 90 24 
27 117 51 80 58 201 92 52 44 162 152 159 164 48 196 8 178 166 21 43 212 89 209 140 116 167 61 84 149 172 184 96 203 122 148 195 204 134 11 156 66 30 186 157 197 200 191 113 2 115 144 57 219 22 143 211 111 87 79 119 107 10 
28 44 214 5 213 197 141 49 67 74 140 188 118 12 160 128 166 64 218 1 86 108 16 8 26 9 179 122 69 106 60 135 98 70 82 76 127 40 189 11 31 120 130 196 96 30 34 191 22 145 134 116 151 42 157 136 163 126 215 62 217 38 101 68 124 80 161 208 119 153 177 
29 219 185 35 193 133 186 101 21 6 60 176 77 160 40 96 75 26 112 216 191 204 159 66 206 169 115 155 127 144 125 82 126 128 198 22 122 89 208 201 76 110 2 94 20 72 181 58 195 215 167 12 61 98 200 64 30 102 106 3 118 100 52 148 165 9 50 38 166 103 
30 31 22 195 88 185 204 80 21 82 0 1 45 52 150 219 78 48 145 111 206 54 51 92 37 19 148 24 4 131 157 13 102 142 73 104 143 132 193 15 35 126 113 216 70 147 47 65 197 179 149 201 119 49 85 26 124 117 151 28 27 36 172 110 95 130 29 212 207 205 10 101 196 25 202 69 43 86 
31 30 111 81 98 109 157 188 183 171 139 33 104 153 91 49 207 92 182 114 105 112 179 187 176 82 200 23 83 202 56 84 40 96 201 54 149 151 196 193 116 34 16 3 25 174 141 20 28 43 93 194 11 163 15 89 51 115 87 152 69 186 68 44 78 145 75 217 61 198 39 53 192 206 79 120 52 77 
32 140 59 19 182 22 107 103 133 26 185 38 115 155 179 41 165 147 79 13 42 25 39 203 3 195 219 163 190 34 193 177 184 37 144 43 91 206 9 145 33 200 78 175 0 167 158 35 212 46 52 82 68 7 18 1 2 64 74 60 112 187 116 217 122 
33 50 133 19 54 3 31 114 197 162 83 134 216 135 7 115 154 6 206 210 202 160 204 193 106 65 69 81 122 155 79 23 129 128 73 68 18 147 16 158 39 32 111 96 192 37 173 0 146 137 151 26 150 12 10 105 59 124 141 
34 13 105 160 45 74 5 14 164 131 207 211 9 186 125 177 83 104 63 176 12 47 159 124 214 198 53 73 206 31 173 32 196 132 193 202 157 49 113 167 200 28 192 46 92 43 114 65 16 121 197 76 210 19 21 141 25 172 36 4 48 66 
35 119 135 4 114 87 29 113 74 70 182 131 16 142 181 99 13 11 47 174 116 145 76 24 71 6 202 45 207 97 57 117 37 205 30 86 65 104 38 89 118 66 43 183 203 2 94 1 32 26 195 177 200 82 83 178 210 194 185 179 176 175 165 180 79 58 69 41 191 190 
36 205 124 189 121 151 196 177 98 127 206 58 39 97 41 71 51 123 95 86 56 165 42 158 164 83 91 199 8 90 172 150 187 88 25 166 9 37 149 171 15 201 43 100 30 23 10 115 170 183 117 138 133 46 92 78 49 77 132 34 47 
37 48 129 133 216 87 25 94 180 67 0 72 162 209 8 75 80 108 164 176 13 191 6 188 9 30 63 174 147 98 114 122 179 203 57 139 150 86 91 155 189 21 158 138 152 92 194 35 193 54 105 100 184 117 148 125 32 97 43 36 142 77 33 120 173 14 219 46 16 49 70 119 50 208 40 165 56 
38 128 189 188 22 96 94 213 43 75 113 61 127 120 87 63 86 216 32 102 76 175 122 55 110 103 49 187 97 51 23 173 150 9 7 171 24 98 140 35 183 8 70 132 54 26 199 119 44 74 212 157 95 207 104 92 28 152 13 139 170 15 29 163 99 
39 125 62 66 146 151 44 102 176 187 17 36 152 87 85 52 124 49 121 168 59 147 156 89 167 32 100 129 108 149 178 69 76 169 16 93 207 211 195 33 177 77 57 214 183 206 84 166 174 48 116 173 61 201 92 205 144 113 31 0 128 142 165 118 24 140 83 
40 208 107 101 177 106 128 89 21 94 189 44 142 77 11 4 110 29 145 9 114 67 181 92 8 64 194 196 31 138 97 217 176 0 117 140 178 28 76 16 185 10 24 148 93 211 46 171 45 85 167 183 53 79 120 129 204 86 184 37 5 192 193 132 127 135 210 
41 123 176 198 202 69 4 126 19 171 162 158 189 167 75 36 200 203 6 92 98 89 32 147 177 70 197 209 194 5 10 94 174 159 113 48 215 130 149 173 137 53 182 22 91 140 134 150 213 160 141 62 109 191 46 133 25 144 193 73 35 111 
42 53 108 81 134 131 104 158 52 50 150 19 112 59 18 58 183 65 100 184 198 2 36 192 48 155 175 182 26 200 178 32 78 75 15 219 169 82 96 97 171 14 194 170 6 1 162 44 173 57 167 64 60 28 142 190 174 109 123 151 120 43 214 144 208 136 89 
43 197 120 38 154 159 12 88 153 108 15 7 64 59 89 194 133 27 136 163 10 99 26 178 83 24 162 37 31 32 35 208 135 219 14 189 201 97 36 48 152 196 34 211 193 112 215 141 134 206 84 66 3 42 117 186 30 168 149 96 
44 28 132 138 135 52 122 129 170 39 119 22 171 179 162 40 196 27 152 177 133 74 209 87 53 136 172 213 146 76 175 160 12 90 78 165 218 189 42 0 77 47 205 3 216 31 51 66 38 208 70 118 149 102 108 5 180 21 83 219 11 14 24 
45 84 126 119 215 83 8 142 34 112 165 124 30 69 179 16 14 149 175 7 50 199 25 185 81 181 122 46 35 219 157 61 95 107 101 75 57 24 182 130 74 217 198 103 9 62 70 40 129 108 114 64 127 23 20 13 100 163 173 117 80 214 206 113 4 205 218 17 
46 57 91 155 105 209 136 133 96 190 194 127 172 145 94 22 167 166 77 9 78 68 109 45 97 206 71 107 213 81 203 140 199 67 80 16 84 40 168 174 10 146 154 73 219 4 216 129 34 21 132 160 20 58 37 217 195 32 208 41 14 87 163 99 36 125 3 79 47 117 151 86 
47 112 179 133 155 144 73 181 138 51 208 131 166 35 127 104 160 49 60 84 141 193 65 78 189 201 34 14 16 58 80 92 217 118 13 30 117 1 143 183 5 214 154 191 44 129 161 142 195 75 135 158 83 176 91 215 71 50 81 46 68 163 3 36 184 88 
48 37 49 217 129 102 61 209 58 150 160 198 127 146 80 120 207 54 30 96 88 42 27 121 143 68 23 172 16 175 19 41 155 52 11 186 126 157 183 114 136 170 43 74 39 187 81 55 0 90 89 7 25 85 34 64 144 188 
49 180 48 28 188 58 101 209 207 88 136 31 216 21 169 12 2 187 39 70 125 183 47 131 57 94 38 9 87 25 166 198 6 165 146 24 95 97 98 148 106 30 176 108 34 26 162 118 212 37 109 71 195 170 54 215 117 14 36 78 51 114 82 61 137 178 144 199 
50 33 160 120 214 93 146 24 116 114 42 135 163 52 71 62 197 45 0 107 26 143 171 208 138 132 7 127 60 55 192 104 103 99 199 6 3 86 118 76 216 137 79 179 218 203 37 115 164 162 130 123 72 184 159 47 82 75 85 67 29 89 54 161 97 194 
51 0 64 27 100 158 103 203 197 81 3 106 47 154 130 36 74 129 136 142 30 93 208 174 151 156 38 205 155 132 90 72 10 98 177 20 6 125 101 52 66 89 31 192 216 108 133 147 9 14 150 102 176 128 1 44 194 83 115 184 84 61 78 49 202 54 79 
52 125 44 207 54 158 42 105 14 156 103 30 50 27 131 80 11 141 139 87 74 39 19 171 98 130 204 163 174 16 176 111 108 175 164 72 48 169 73 194 183 191 51 208 3 0 23 205 210 32 99 144 166 133 29 1 152 5 7 71 26 21 31 24 12 
53 42 120 18 81 160 12 60 101 75 198 147 140 74 89 102 66 2 82 219 0 21 44 67 129 136 4 26 62 145 34 61 211 105 76 88 174 91 212 175 189 184 118 15 41 40 23 116 54 100 93 194 128 141 183 144 172 16 205 168 155 108 148 126 151 31 115 
54 185 52 128 200 33 156 189 58 174 82 107 10 91 182 48 87 30 15 73 25 7 1 81 2 178 31 89 135 134 23 37 76 0 192 71 184 152 102 186 170 92 146 166 211 96 119 20 53 38 126 49 151 132 198 162 69 117 8 143 194 55 180 195 13 113 51 207 50 193 78 197 147 
55 195 107 219 166 172 175 93 183 101 0 9 138 155 63 61 70 148 92 169 182 188 38 145 115 208 50 57 213 88 143 162 24 205 122 85 153 207 10 179 134 135 91 94 180 20 58 133 60 157 74 86 203 154 95 48 167 77 17 104 26 54 159 194 216 210 144 71 
56 92 107 71 63 184 82 36 85 9 67 96 145 188 196 137 213 178 31 15 62 143 193 211 170 149 78 119 131 218 2 105 148 18 26 130 121 203 136 84 181 169 108 58 214 23 175 122 161 8 21 152 111 1 98 37 135 159 202 25 86 147 195 88 192 
57 80 46 106 136 176 1 219 112 214 161 25 0 21 17 129 180 175 135 207 115 191 153 49 62 37 212 55 26 22 82 189 102 35 200 124 195 58 86 45 133 166 146 139 11 168 79 210 88 181 39 138 42 121 160 150 111 134 144 196 27 208 149 73 202 78 186 169 83 68 130 
58 73 112 49 136 218 63 211 48 27 36 54 24 42 128 168 201 155 143 191 83 82 101 196 123 14 6 84 144 93 67 47 170 158 194 165 107 141 57 207 183 215 118 138 55 29 192 13 94 61 119 46 153 205 59 56 96 150 195 176 122 184 87 214 146 35 105 25 167 
59 144 194 192 114 32 62 177 79 181 42 122 180 179 159 17 43 130 119 39 128 108 18 21 14 1 91 135 201 167 170 182 150 134 58 102 125 124 191 11 162 157 73 197 16 218 116 164 105 118 33 216 
60 85 121 21 53 158 141 29 164 99 138 86 139 47 217 71 162 167 22 214 50 200 112 156 84 100 154 15 28 172 67 181 3 111 94 142 5 11 143 6 127 55 119 175 191 42 169 146 74 93 62 19 32 76 205 177 63 182 
61 100 171 218 20 38 156 146 48 77 179 88 141 92 174 55 125 84 78 209 164 175 104 151 45 147 155 183 76 167 5 115 176 65 24 110 27 213 53 73 201 83 63 212 120 148 70 58 86 152 29 22 17 39 31 130 114 67 51 66 128 101 134 4 170 103 210 49 168 207 97 106 
62 77 39 188 194 218 101 59 67 106 5 90 159 98 183 50 212 115 167 207 149 95 117 10 4 57 216 114 17 156 21 18 56 82 53 150 182 11 12 210 108 204 19 166 86 154 76 23 45 69 146 179 130 89 6 217 41 213 28 83 60 102 211 144 121 118 81 125 
63 100 10 84 133 58 38 214 56 181 55 93 107 215 15 37 34 156 163 197 95 126 203 91 192 94 160 142 18 177 61 195 71 70 141 78 146 96 64 206 219 131 77 162 152 165 110 72 187 132 170 118 21 23 88 60 9 204 190 14 175 
64 103 51 102 132 101 93 90 26 178 28 43 92 81 136 88 148 182 149 65 104 71 40 155 124 121 218 84 4 80 119 117 122 22 130 9 18 78 2 69 42 63 110 3 45 140 113 86 127 21 215 5 29 194 107 6 151 32 141 177 195 157 48 137 82 
65 186 151 12 138 157 26 89 42 141 176 189 108 64 137 156 67 19 33 47 14 106 0 15 179 128 209 61 120 146 35 175 30 154 133 91 111 21 9 10 125 97 177 202 124 34 127 113 172 105 8 178 191 155 88 170 100 164 171 161 94 104 80 
66 39 21 18 159 176 80 167 197 112 72 103 53 19 211 96 29 110 84 128 74 9 109 202 92 8 125 219 73 158 186 198 178 191 143 35 68 181 130 104 51 172 27 183 171 204 5 81 71 133 44 141 132 155 212 70 61 43 34 165 201 208 
67 164 84 186 194 28 104 160 62 37 213 77 142 208 216 210 56 40 191 65 5 53 87 58 76 107 60 162 179 8 211 193 125 183 15 176 11 46 118 124 6 1 203 70 202 0 180 80 7 97 218 121 205 61 219 172 50 94 18 139 
68 108 148 69 131 111 198 17 86 216 161 142 201 46 126 48 152 202 186 204 179 205 10 33 25 169 147 18 134 123 188 66 5 118 91 102 206 156 31 187 213 97 32 217 154 174 189 109 47 28 166 14 180 150 85 57 214 
69 109 41 124 115 68 86 128 23 45 121 209 168 203 218 33 216 28 155 25 148 140 176 119 157 189 134 39 21 197 76 1 151 84 147 62 96 64 195 106 116 214 192 7 102 31 190 152 91 117 122 165 133 166 178 12 54 146 185 14 6 181 204 4 110 180 24 177 30 35 70 130 
70 136 149 101 20 181 202 165 35 139 81 201 215 185 89 17 73 55 0 99 213 123 49 195 41 74 85 159 194 161 115 193 106 196 30 146 28 114 187 93 22 63 90 67 45 5 152 61 158 117 92 38 138 37 140 6 44 66 79 175 118 182 69 174 
71 1 145 88 100 94 163 153 93 56 171 142 24 106 115 112 36 50 132 185 120 194 108 204 35 150 83 135 60 17 64 46 173 156 109 138 136 124 116 85 54 215 63 146 105 117 126 4 219 111 66 49 25 200 78 167 47 178 13 15 129 118 103 52 7 95 55 
72 160 112 203 3 21 37 99 2 183 129 191 6 94 66 118 111 162 155 11 192 16 174 152 51 52 20 107 103 175 12 214 176 125 148 88 158 15 145 168 105 7 135 204 13 29 130 128 171 113 114 180 167 90 4 78 77 182 170 63 117 89 50 132 169 211 153 202 109 133 
73 58 141 219 215 47 145 179 119 152 81 176 138 70 78 109 209 99 85 54 137 11 218 10 30 95 66 34 170 33 15 61 52 20 110 185 134 74 202 83 128 46 96 90 2 199 26 191 151 186 154 97 160 57 190 0 6 59 188 111 187 121 192 21 200 41 144 123 195 
74 89 167 28 112 99 169 91 156 35 34 172 130 215 164 13 186 166 150 216 219 51 52 53 179 125 44 106 84 70 142 66 0 11 93 178 175 188 157 90 80 160 95 207 22 204 198 45 144 165 105 73 18 136 55 124 48 110 210 92 107 38 189 114 101 129 79 60 32 176 78 212 20 183 97 9 
75 204 18 143 25 38 125 53 201 91 127 22 37 186 41 163 79 83 113 11 29 160 175 129 159 124 208 181 187 107 9 42 202 165 45 17 80 172 1 153 162 190 78 179 174 21 2 139 166 12 140 47 213 194 31 121 189 192 50 106 
76 200 147 18 143 25 139 138 88 38 35 119 114 15 152 212 108 217 133 92 178 67 61 177 83 5 216 191 0 44 157 112 23 145 53 54 69 28 29 117 40 39 50 62 195 180 94 19 151 199 1 135 167 78 214 26 172 34 79 176 159 192 218 150 98 60 183 161 
77 142 62 100 109 154 141 67 61 216 40 167 131 168 156 139 197 29 80 178 174 46 17 148 146 137 97 152 10 160 78 110 84 171 132 181 166 102 155 111 130 91 39 44 37 195 203 120 185 82 157 63 72 163 90 115 6 55 94 207 36 105 103 24 176 31 191 144 
78 2 126 165 131 212 210 152 156 218 141 85 5 83 192 30 73 61 46 214 12 120 47 97 183 168 42 77 56 154 174 180 44 64 203 75 204 63 113 32 191 91 207 31 208 114 76 72 87 213 71 173 110 18 164 138 105 100 57 36 51 49 107 1 199 219 26 74 182 54 134 
79 95 205 5 59 183 214 75 187 165 152 32 16 170 23 92 134 117 82 161 86 207 121 200 33 118 133 132 104 112 57 90 128 192 18 50 175 201 109 163 40 9 199 160 144 216 156 126 76 135 151 74 219 146 46 83 70 27 87 15 31 35 167 120 51 
80 57 160 101 142 200 27 139 87 30 129 66 171 115 175 48 215 37 52 77 186 134 117 196 154 151 111 86 185 95 169 116 74 47 121 212 64 213 7 187 13 176 75 46 105 109 153 138 193 67 6 192 163 179 1 217 99 131 184 45 22 202 181 136 157 90 94 28 205 16 152 65 
81 123 2 42 31 53 91 208 184 70 189 153 51 112 190 73 64 203 193 148 83 108 107 9 109 143 119 22 45 218 131 199 87 26 102 160 54 162 33 211 144 181 88 46 129 99 141 90 18 217 163 150 21 111 66 97 176 48 124 197 180 202 8 188 154 113 47 219 114 11 23 209 62 117 
82 21 167 211 0 112 183 162 30 123 54 130 90 56 86 121 197 126 31 58 53 79 11 92 57 178 62 117 29 212 15 104 125 164 42 175 93 28 115 12 210 18 6 95 8 84 192 138 127 188 128 77 32 35 157 120 209 91 142 50 196 49 13 111 7 83 158 119 64 
83 4 45 102 11 33 15 88 158 75 111 78 147 188 81 71 103 34 58 24 140 215 36 31 76 104 7 23 124 43 187 18 92 61 200 208 202 91 162 171 73 198 161 199 212 131 216 143 175 180 174 35 47 51 170 84 160 210 62 79 132 57 44 155 39 82 146 
84 45 67 9 167 7 181 206 143 63 202 204 157 4 61 25 186 121 74 180 98 17 47 66 3 58 60 31 64 141 108 120 109 152 86 27 102 0 216 200 115 77 46 69 207 2 90 82 213 1 56 6 130 39 101 118 149 176 26 144 51 83 170 175 43 103 110 201 135 133 215 19 85 129 
85 60 194 10 185 116 5 204 78 186 137 39 56 218 89 145 160 101 73 70 183 165 143 175 123 120 216 177 203 55 2 71 151 179 109 208 30 105 40 111 25 100 130 86 20 164 114 9 50 48 68 167 1 199 84 
86 111 137 206 174 24 152 69 208 190 116 94 102 107 38 195 68 14 140 28 199 36 82 156 60 11 186 134 6 80 37 79 216 97 84 50 35 210 169 57 171 155 146 62 172 214 106 166 189 16 113 8 7 55 85 64 167 61 176 92 40 136 118 114 95 170 10 185 201 157 163 147 119 4 56 12 30 188 46 
87 15 35 1 19 143 37 80 38 7 212 153 123 156 150 203 8 200 129 102 111 16 208 52 39 90 161 54 104 117 6 81 218 44 49 67 202 160 121 204 101 170 188 14 189 127 201 130 152 142 125 157 31 144 216 20 119 78 194 46 174 95 106 215 124 27 58 138 79 114 22 91 175 
88 71 30 43 201 168 133 49 61 162 154 83 166 76 113 64 24 153 136 11 48 184 144 167 207 210 14 55 1 197 145 81 21 36 112 72 53 178 134 106 7 57 116 0 185 173 215 127 25 164 121 123 3 194 181 65 139 6 63 56 47 
89 26 206 74 3 91 120 103 140 106 40 70 65 130 43 41 117 96 85 53 135 102 98 199 218 39 166 27 138 203 54 171 35 29 165 144 136 133 125 202 51 31 175 186 92 62 185 183 119 5 118 16 72 48 126 182 50 115 42 22 212 94 
90 218 140 113 62 64 93 129 150 82 190 87 10 0 204 202 143 103 126 36 51 97 74 134 168 11 139 183 163 44 81 3 147 216 79 18 70 191 84 73 105 185 114 120 72 195 110 108 166 4 77 162 136 48 17 112 80 145 26 
91 214 46 81 192 89 74 75 160 31 4 108 205 54 126 182 197 181 194 138 154 187 217 186 36 12 135 37 63 158 97 166 59 150 53 55 65 32 83 132 140 68 0 212 77 96 41 78 169 69 8 156 201 191 145 176 47 92 16 82 136 183 152 157 9 99 209 101 87 
92 103 137 56 148 31 64 61 172 27 192 95 109 41 216 125 55 30 179 168 173 161 40 79 217 66 76 193 82 96 37 47 213 93 195 7 130 83 0 114 8 144 54 211 124 218 34 187 89 132 70 182 86 94 74 20 126 39 36 38 91 26 145 112 1 152 117 
93 137 71 107 142 55 50 158 204 209 219 64 109 90 155 212 63 165 168 208 171 98 207 217 195 108 169 51 144 189 180 218 128 100 8 74 58 12 136 203 92 82 116 96 164 99 39 40 31 7 70 14 193 53 162 104 105 200 199 196 60 2 4 160 
94 105 112 38 135 139 71 200 204 0 37 86 40 194 207 18 137 46 72 117 49 130 119 14 188 184 41 146 144 198 1 22 152 190 63 214 60 218 113 143 133 129 55 175 23 29 25 76 160 213 35 58 103 120 193 13 157 145 92 16 178 111 150 77 65 80 67 196 167 89 138 
95 130 178 79 174 26 4 115 20 173 110 102 92 36 219 62 106 172 117 104 63 195 45 169 12 80 73 150 155 2 123 74 193 198 209 49 111 25 118 8 82 163 17 184 55 210 140 30 38 86 186 119 87 142 22 71 
96 38 106 197 10 46 211 169 2 153 145 104 18 127 97 29 134 48 160 202 89 181 56 115 98 0 66 177 219 31 108 175 92 217 114 42 93 27 203 164 142 103 113 209 28 121 5 69 73 33 54 63 91 167 185 204 152 58 178 187 206 129 168 165 198 155 201 7 212 43 
97 101 12 137 208 158 204 205 127 170 36 24 120 18 132 20 96 119 162 131 160 218 77 35 5 78 38 46 40 86 199 90 184 113 42 91 149 193 49 37 173 106 65 43 150 133 67 200 81 168 68 73 191 105 217 0 102 187 61 174 50 186 74 15 
98 15 31 152 145 159 36 149 25 186 195 62 132 13 108 150 41 122 93 52 26 89 169 96 37 84 23 178 214 207 179 204 211 174 166 16 111 38 51 28 49 177 7 148 183 107 9 208 170 102 116 198 126 163 141 29 147 156 153 209 76 56 139 18 120 124 8 
99 130 141 74 170 22 72 150 118 214 35 212 21 70 60 2 129 73 197 166 6 128 104 50 168 205 19 43 15 81 155 135 111 93 207 179 5 140 194 165 154 152 14 8 123 26 52 80 46 178 217 105 91 175 148 38 127 
100 61 63 163 216 193 71 77 51 105 191 201 117 190 42 181 156 180 153 134 120 93 136 171 60 39 7 123 189 37 25 130 126 214 184 119 172 36 85 187 169 147 53 16 8 141 15 152 45 110 11 78 29 162 65 212 202 208 194 146 
101 70 97 9 185 40 80 53 62 118 49 29 64 55 165 173 147 133 203 132 123 150 176 8 85 58 102 105 184 145 6 120 112 201 204 87 156 178 45 217 16 202 137 51 141 146 23 158 152 11 84 218 191 74 159 28 61 121 30 91 
102 130 191 170 140 183 64 48 0 213 39 86 155 169 83 87 95 38 53 89 161 117 4 101 217 23 81 30 7 209 139 57 109 165 84 184 8 17 143 171 54 158 174 77 144 204 68 207 180 98 152 69 166 51 210 167 173 59 15 29 192 129 156 44 150 62 3 97 175 135 
103 64 92 182 89 186 51 32 11 52 118 8 108 119 66 83 90 162 215 144 38 115 50 23 191 187 130 72 210 125 200 154 96 45 124 14 106 94 4 178 137 167 20 175 142 127 13 132 84 177 139 77 61 197 71 29 145 
104 129 213 181 167 67 14 159 42 31 117 149 118 161 110 96 47 144 150 87 5 34 205 170 64 95 212 61 30 99 50 173 138 186 22 83 169 82 11 35 79 148 192 198 140 184 177 207 66 195 199 121 25 154 187 134 93 16 153 109 128 38 55 217 26 119 145 178 65 12 132 130 162 
105 163 11 180 94 46 100 130 34 216 106 10 176 52 162 150 121 198 31 186 191 20 101 212 151 139 126 4 184 136 7 15 53 37 113 144 22 56 72 127 19 187 80 174 74 71 172 85 141 90 204 156 199 93 131 65 138 78 5 12 97 117 16 9 0 77 99 59 33 209 58 132 
106 127 212 194 57 96 184 40 105 89 62 71 143 132 197 51 161 13 124 147 74 210 95 171 33 65 28 166 190 24 168 70 120 134 9 88 176 97 11 49 86 185 175 183 69 174 103 157 17 150 219 215 140 29 22 87 75 61 135 
107 55 40 210 93 56 193 16 129 169 32 86 198 63 127 14 54 163 50 81 194 172 125 214 133 22 201 199 75 202 67 205 195 46 134 45 121 72 58 192 117 164 180 208 174 146 98 143 9 20 215 74 64 137 21 111 118 131 78 19 109 12 7 27 140 
108 42 68 186 214 175 43 91 103 37 120 129 98 28 71 26 124 81 65 155 23 93 137 76 208 5 178 59 84 210 96 52 18 39 172 217 118 62 203 195 4 49 211 21 162 199 207 51 128 113 45 145 114 179 183 90 17 10 136 56 150 151 12 194 202 163 53 6 140 44 152 168 8 138 206 133 
109 69 31 77 1 122 25 137 6 152 115 93 123 158 92 162 73 81 129 169 46 165 195 0 26 66 157 102 84 71 156 147 209 175 204 155 187 85 139 80 153 118 146 166 79 168 49 41 116 5 185 172 104 110 42 2 132 68 138 107 72 9 
110 25 20 17 104 131 209 95 156 40 6 204 12 128 66 38 1 184 168 61 77 167 29 73 164 200 125 18 121 172 64 174 181 90 30 74 214 100 78 63 109 179 160 178 162 69 84 
111 86 31 120 116 68 149 178 158 87 148 83 194 201 30 176 72 204 80 19 146 207 152 156 52 60 25 10 98 99 17 95 180 65 4 154 167 77 33 85 173 165 57 218 168 81 182 132 71 112 169 189 94 141 137 114 107 203 202 56 27 73 82 16 41 
112 47 26 72 94 58 135 13 82 74 57 10 45 200 81 0 42 137 123 71 14 20 66 15 29 31 198 188 214 25 60 114 101 154 113 149 88 76 146 79 205 117 5 162 16 111 143 43 186 189 125 90 197 171 160 174 32 167 9 185 92 172 
113 187 203 167 216 35 38 161 90 210 163 0 19 155 88 75 179 152 194 1 204 116 159 157 3 180 112 125 120 41 218 211 150 30 94 97 105 200 96 10 34 153 191 78 5 72 108 151 173 86 25 212 65 64 27 160 141 175 146 81 39 45 54 174 9 166 171 
114 35 181 209 59 211 212 33 50 197 185 189 0 200 31 169 210 40 76 37 21 1 62 172 138 145 132 115 11 112 204 150 160 96 8 70 92 124 131 154 48 162 205 45 72 90 108 34 178 78 215 86 74 61 111 85 163 120 49 81 87 140 149 
115 161 69 95 180 190 119 71 80 109 146 184 12 62 186 32 33 138 6 57 96 168 141 126 189 55 103 18 114 29 70 169 61 118 171 16 84 136 194 82 167 177 10 31 201 210 130 192 132 36 50 27 17 77 51 182 89 215 53 
116 25 22 111 86 190 50 0 85 2 134 18 179 126 35 197 1 151 192 189 113 160 139 6 186 27 80 147 31 140 170 137 205 71 93 129 117 88 182 69 146 10 98 145 180 28 53 109 39 172 59 213 133 19 211 124 141 32 
117 143 149 27 5 166 126 104 132 100 3 217 26 213 188 210 89 94 62 129 80 87 102 142 95 209 79 20 82 219 14 35 6 125 40 120 218 37 47 64 107 177 76 112 116 190 164 133 30 71 15 151 215 70 208 69 187 162 161 36 122 198 49 153 202 72 45 169 13 54 105 163 140 46 43 145 123 81 92 
118 3 124 175 12 101 174 10 28 5 99 104 131 103 201 180 213 72 155 212 125 133 177 179 135 184 115 127 47 169 79 108 154 163 1 50 157 35 132 171 58 67 95 68 109 149 26 168 53 139 140 49 19 23 86 84 18 89 44 172 160 29 107 63 130 4 194 8 59 71 39 70 62 
119 35 217 45 44 164 166 115 73 103 120 14 138 76 97 188 2 81 59 183 94 210 189 213 69 8 1 56 219 64 186 24 198 30 139 11 100 54 60 177 130 160 58 205 157 37 89 87 38 5 3 145 9 95 175 6 152 104 86 18 156 27 28 82 159 
120 194 25 43 111 53 168 50 89 38 161 167 159 173 97 48 162 119 108 71 193 124 165 131 180 78 100 196 157 217 85 6 84 192 199 8 101 164 12 113 166 65 117 106 15 200 28 210 182 198 61 11 37 138 145 77 90 40 191 94 136 82 201 132 42 114 219 158 121 21 31 98 79 
121 154 60 177 36 201 131 208 153 182 69 174 181 105 82 198 12 84 39 191 48 162 2 64 140 79 169 156 135 165 107 87 168 80 204 178 122 96 202 7 175 57 110 56 189 138 104 151 34 146 129 210 14 67 88 218 75 16 157 101 62 120 73 18 3 23 
122 208 44 16 109 201 205 169 17 170 59 150 123 189 188 194 4 98 12 180 38 45 130 37 174 28 199 164 182 33 142 135 55 147 29 173 14 64 27 128 121 158 172 69 13 127 216 117 26 56 165 58 8 151 200 203 177 32 
123 41 81 175 7 136 215 181 135 87 82 177 112 210 109 122 36 101 164 70 124 127 130 178 163 58 131 21 183 85 100 159 95 203 126 1 68 200 11 208 214 194 142 0 99 4 188 134 50 195 88 42 9 23 117 73 3 
124 118 194 36 69 183 17 45 185 213 196 162 39 108 106 123 214 120 195 75 211 151 64 5 200 10 127 34 8 156 57 9 83 191 193 71 140 217 150 125 114 103 163 67 92 135 30 172 205 65 160 179 74 21 142 158 81 59 169 198 87 19 28 143 116 159 33 98 209 2 189 
125 146 10 52 39 191 21 131 186 75 194 185 2 182 61 166 74 92 164 49 34 107 147 118 66 190 199 196 178 29 113 203 117 14 72 82 67 20 130 103 25 1 37 124 51 165 201 89 209 65 170 26 87 110 135 18 59 6 162 159 46 112 5 215 169 193 184 62 12 
126 213 45 4 78 41 172 117 148 5 133 9 116 91 15 160 199 13 82 209 21 7 90 205 138 3 203 115 22 143 63 153 68 142 105 29 30 183 144 123 167 156 1 216 48 164 168 100 171 140 147 6 181 161 71 98 191 23 162 24 54 79 92 28 169 53 214 89 179 212 202 
127 106 176 38 164 17 46 75 36 20 136 97 48 182 96 107 183 47 123 163 219 206 159 50 124 210 29 151 5 201 118 143 158 218 129 157 132 25 196 156 173 28 105 87 190 23 167 60 166 82 88 65 64 26 161 45 122 138 103 168 133 40 99 
128 38 201 54 132 40 208 148 69 28 58 183 17 110 198 59 136 162 0 66 99 93 177 174 160 65 164 133 33 29 4 1 24 195 191 16 122 151 79 73 11 72 108 211 51 7 172 82 53 157 104 182 156 61 188 10 140 39 206 137 155 
129 104 37 198 44 170 48 176 107 157 148 80 210 87 90 57 172 72 187 108 51 152 202 99 117 75 136 109 18 26 219 150 191 53 194 197 10 39 33 127 81 201 94 116 213 177 20 17 166 183 155 45 46 132 47 209 40 121 74 199 102 96 185 71 149 131 22 168 84 169 
130 102 95 99 163 149 105 8 74 16 18 51 82 157 89 147 59 212 123 52 94 141 122 200 209 206 103 41 136 125 162 217 92 176 64 150 45 28 100 87 207 25 181 77 66 7 72 56 174 119 62 84 85 146 115 210 50 30 61 208 153 170 118 145 104 69 179 57 
131 175 78 125 121 68 42 35 118 214 77 47 17 110 52 34 190 174 97 49 81 23 120 30 123 188 139 56 26 4 136 15 5 2 114 9 25 144 83 198 189 186 63 21 80 105 192 107 172 215 211 129 160 145 
132 44 210 16 170 9 128 64 106 8 117 71 97 98 101 11 141 50 148 20 203 114 212 14 202 30 194 51 172 79 127 184 34 160 77 218 118 7 161 91 201 10 155 137 129 139 46 92 111 38 115 150 17 66 25 133 21 5 0 54 120 109 40 103 63 72 83 136 191 36 13 157 104 214 105 199 154 
133 20 33 37 193 46 47 187 29 63 203 15 88 168 164 4 189 32 126 101 44 148 43 0 5 76 118 190 107 216 144 128 79 94 57 10 176 22 65 173 89 55 117 16 183 51 141 97 66 151 69 132 41 210 36 11 156 201 52 155 116 127 218 174 84 72 108 142 
134 181 214 42 169 170 215 33 18 116 150 136 146 96 198 207 80 86 201 100 79 25 21 189 143 12 54 185 107 69 212 90 55 106 68 88 13 205 193 27 73 145 137 191 41 5 216 57 26 28 156 104 59 123 2 20 43 211 154 171 19 61 186 159 78 175 
135 35 215 159 44 94 7 112 141 123 140 147 50 33 57 156 9 89 216 71 171 170 10 211 91 167 139 118 28 54 121 122 175 55 99 18 59 72 43 188 124 162 13 214 166 201 125 76 197 153 47 163 210 79 6 11 198 172 176 40 56 84 187 12 155 106 102 
136 70 57 123 46 173 58 9 167 215 196 199 127 49 206 15 64 134 211 51 88 164 25 129 145 17 128 43 100 44 53 177 105 93 130 131 71 142 115 192 89 10 137 48 6 74 56 24 108 28 86 13 120 90 174 189 80 91 219 138 132 42 
137 86 92 7 93 219 160 97 164 203 187 109 198 211 169 138 147 112 177 159 94 85 216 65 108 201 77 56 73 13 116 0 182 172 140 101 210 174 196 136 191 139 50 41 186 134 132 193 175 1 163 103 183 144 33 5 107 111 4 22 218 49 157 17 64 128 
138 44 198 192 210 65 137 55 180 47 183 166 195 76 73 119 167 115 60 164 186 176 219 3 172 50 91 126 2 143 26 114 40 159 104 21 89 37 189 71 22 178 58 11 24 80 15 57 185 82 120 191 206 121 70 150 14 145 36 177 78 127 105 20 136 108 87 109 94 181 
139 171 94 166 31 80 70 196 206 157 175 77 17 76 165 202 52 155 174 60 23 131 180 143 37 211 102 24 116 135 105 142 192 90 13 57 109 145 137 119 7 118 2 132 75 18 8 9 26 218 169 88 162 38 103 21 98 195 178 207 25 67 
140 13 102 32 16 170 90 89 28 135 144 171 19 2 53 0 86 185 182 199 3 18 83 156 69 164 208 121 9 27 184 154 1 116 213 166 124 205 38 40 46 7 137 99 104 158 91 126 145 11 159 41 118 64 70 75 21 95 152 215 106 17 176 108 198 183 128 117 39 114 141 107 
141 180 73 99 28 156 191 162 135 152 60 77 78 61 165 9 52 65 200 197 210 150 132 115 130 196 47 164 189 218 1 84 12 202 193 175 58 208 25 31 178 157 212 195 81 219 101 187 63 149 105 148 0 133 13 211 26 41 98 100 53 66 113 159 183 43 34 111 170 16 64 176 116 140 169 33 
142 77 21 16 213 172 80 93 45 71 22 35 40 0 67 185 186 51 68 117 163 74 175 30 157 168 126 210 122 139 20 60 63 136 155 148 96 37 170 176 181 203 87 164 204 47 123 124 205 6 196 42 156 4 11 103 215 144 82 143 173 95 162 2 39 3 214 180 133 
143 117 75 206 87 7 84 14 179 159 106 76 209 153 58 26 210 21 50 81 90 3 138 17 190 10 196 126 48 85 139 134 30 56 199 55 184 127 94 102 194 47 66 60 158 211 197 107 151 169 83 5 112 2 171 27 216 142 54 124 213 
144 59 47 26 9 204 150 13 140 211 15 19 104 24 88 20 93 103 192 58 190 133 94 2 81 29 194 126 105 89 198 32 182 219 102 214 74 92 131 5 168 87 57 79 18 149 27 53 137 52 84 142 187 171 39 146 41 42 173 189 62 55 49 73 77 48 16 
145 71 188 98 24 73 183 216 96 185 46 30 40 35 85 200 56 55 136 204 18 21 179 114 101 151 147 88 53 172 76 161 72 191 190 152 139 140 160 32 134 116 120 28 108 208 3 31 94 150 91 138 119 198 209 178 197 170 189 104 23 1 92 90 117 130 131 103 
146 157 125 173 205 188 39 61 180 50 148 153 149 48 165 115 190 134 77 178 18 213 94 11 111 175 154 44 193 65 70 112 49 57 14 86 194 214 101 156 71 107 54 204 46 109 116 63 12 62 197 130 160 121 33 60 113 22 69 79 217 170 144 26 58 202 83 100 
147 214 76 191 9 135 203 6 53 137 5 101 193 130 83 106 41 32 24 37 125 39 61 15 145 109 122 116 30 68 187 12 164 162 33 155 10 90 69 177 126 23 51 158 153 149 100 190 98 159 194 86 173 56 206 54 
148 198 163 13 17 68 217 129 164 92 146 128 126 16 111 22 207 81 64 55 21 133 77 202 30 132 170 182 5 193 69 19 177 154 72 203 37 142 104 4 27 40 56 2 98 49 61 208 189 178 14 158 141 173 181 218 197 210 183 53 172 29 11 1 186 213 166 99 
149 130 70 117 19 104 164 111 146 98 45 177 171 202 165 217 17 8 62 64 196 213 205 10 25 179 31 162 178 56 39 112 27 4 97 182 30 41 183 9 36 211 118 141 207 152 147 193 184 144 57 173 84 44 198 0 18 201 150 129 158 197 16 114 43 
150 175 165 210 144 48 99 206 42 87 20 105 90 30 74 122 134 98 180 101 15 71 104 141 172 129 198 212 6 37 171 62 36 95 38 17 114 215 113 12 124 91 130 199 81 170 153 214 97 57 51 41 24 21 138 132 106 145 108 59 204 58 156 94 33 102 76 14 149 68 201 181 
151 216 153 171 9 24 39 36 65 190 219 22 159 187 182 17 116 175 166 176 80 61 124 18 51 145 189 165 105 127 31 199 193 85 69 197 128 21 195 143 168 30 170 113 155 117 76 28 121 73 178 164 162 108 133 54 79 33 19 64 53 42 122 198 2 46 208 16 
152 98 78 191 86 141 9 155 109 73 44 39 27 161 160 129 113 79 76 156 177 202 189 77 157 111 68 94 84 210 37 72 212 3 183 17 193 54 145 184 12 87 208 196 70 101 102 6 31 99 149 43 69 213 61 96 63 100 140 215 158 20 119 1 56 91 108 38 52 92 80 
153 214 151 206 186 71 96 87 43 81 146 31 121 16 180 143 88 57 168 100 126 198 7 187 12 55 75 156 205 109 175 80 113 18 150 147 4 191 172 184 58 135 209 3 104 185 117 215 130 98 0 202 26 72 28 218 166 
154 121 180 43 14 189 156 77 191 159 0 88 51 33 174 1 205 178 80 190 91 60 112 140 146 179 148 6 78 118 161 17 103 65 62 184 194 111 114 201 218 46 47 99 168 206 104 55 73 212 167 68 5 81 134 209 132 
155 170 46 166 47 102 152 93 55 113 19 201 139 32 58 108 118 3 42 72 212 64 69 29 61 37 33 51 95 175 48 99 109 8 142 86 179 147 77 6 0 132 219 129 151 186 205 195 66 65 53 188 133 96 196 183 83 135 167 128 
156 159 23 141 61 74 54 154 78 87 52 0 180 186 77 110 173 135 86 187 219 100 15 152 65 63 140 200 39 62 60 51 71 111 168 121 124 163 109 7 101 181 126 127 172 213 153 212 146 211 202 27 68 158 164 91 105 134 79 179 142 150 98 102 175 133 165 128 182 195 119 10 160 
157 146 6 31 181 129 25 20 139 65 1 130 17 204 191 207 84 10 182 180 30 45 19 142 120 184 113 211 152 109 69 210 74 76 195 127 200 141 118 9 48 34 22 87 160 55 27 106 119 77 94 28 82 168 208 38 128 59 172 86 121 80 91 171 0 18 137 132 64 
158 206 51 52 97 60 191 93 174 42 41 111 203 186 83 109 12 5 184 217 172 36 188 169 23 218 91 37 58 66 127 10 24 72 216 102 19 33 9 140 122 143 176 148 101 147 156 2 70 7 213 32 0 124 209 47 189 152 16 168 120 149 195 167 82 
159 170 196 135 156 204 184 43 179 66 120 143 187 98 104 4 151 216 154 137 62 59 24 27 178 172 6 29 75 70 127 113 138 219 41 34 203 123 160 188 205 23 1 14 140 10 8 141 213 147 164 200 125 76 50 101 55 182 217 56 124 134 168 192 212 119 
160 80 72 163 53 50 137 34 178 67 48 28 91 167 212 29 75 96 47 126 152 161 85 11 97 33 81 116 128 194 172 190 87 77 25 159 63 164 74 114 44 201 17 132 195 211 203 9 145 173 5 94 16 19 57 157 177 124 119 46 79 41 146 113 73 191 83 182 110 118 179 187 175 112 218 131 8 204 156 93 162 
161 115 113 208 120 182 187 57 104 170 106 152 87 6 68 174 160 102 214 209 92 70 199 215 79 186 195 172 173 3 178 185 145 154 4 132 83 167 14 126 47 7 5 177 127 117 207 8 56 171 13 219 65 212 21 28 164 50 76 
162 141 218 187 82 37 44 206 105 41 33 88 193 120 109 27 124 12 97 72 166 103 60 128 121 81 55 149 67 211 205 130 43 147 75 112 83 108 42 114 135 216 49 198 126 93 63 192 117 151 50 90 59 196 2 125 54 110 167 100 139 174 142 204 201 18 25 104 160 
163 105 130 100 148 160 71 23 113 50 187 75 167 168 107 212 189 210 127 197 123 142 63 5 43 52 200 175 173 156 32 169 90 218 118 184 181 81 124 31 188 95 79 164 80 98 137 135 170 77 46 45 13 28 18 108 204 86 117 114 47 185 215 19 38 
164 67 181 127 137 119 148 216 8 149 20 133 74 34 37 60 123 138 178 19 61 125 136 27 9 36 141 140 122 210 204 212 3 120 52 197 128 176 160 82 93 96 147 107 110 185 192 126 205 117 142 156 163 14 88 151 193 50 78 159 85 65 207 59 161 177 
165 78 10 206 150 15 70 6 175 167 101 45 210 179 146 141 93 183 139 200 149 36 172 79 32 189 109 120 85 176 211 202 151 185 102 13 121 58 75 49 187 89 44 125 191 74 203 192 201 111 99 205 19 198 69 63 169 188 122 168 156 217 96 215 17 37 29 35 180 39 66 209 214 
166 55 214 170 155 139 182 117 201 187 119 189 28 138 197 74 88 47 12 46 125 99 162 151 27 190 15 89 106 195 49 177 120 191 184 140 98 172 11 17 57 36 91 62 77 86 129 54 109 181 127 8 7 102 135 75 39 90 69 186 52 185 9 68 148 29 113 210 26 153 
167 204 113 82 74 84 215 104 120 165 136 160 212 66 174 77 41 213 190 163 46 138 62 194 178 60 88 7 39 135 2 61 209 27 110 198 195 126 172 14 115 111 161 127 40 34 59 192 42 29 32 96 72 102 76 86 214 154 71 55 103 24 162 168 19 171 85 112 188 79 158 207 94 58 155 
168 120 184 88 133 210 77 24 163 93 69 16 7 58 170 178 214 211 92 115 153 39 197 78 110 142 196 99 156 106 218 90 121 8 9 185 0 14 193 13 72 209 217 57 172 126 46 118 151 144 154 111 192 201 109 97 157 53 165 158 96 127 108 167 4 61 174 199 198 159 43 129 177 205 
169 184 195 74 96 107 134 137 102 122 49 114 9 202 219 192 55 98 24 215 109 93 26 158 29 95 80 121 42 115 25 104 175 207 118 163 86 212 68 52 39 182 20 143 91 100 171 111 60 6 56 176 199 189 165 124 194 117 126 139 57 191 13 125 72 174 141 129 
170 159 155 174 102 166 2 129 11 44 99 132 140 191 15 134 213 97 175 122 202 161 182 168 181 216 104 180 148 135 79 19 203 190 13 58 56 16 87 73 116 197 204 42 211 54 125 142 219 150 48 98 185 151 59 163 18 49 36 72 86 178 83 84 210 0 130 141 65 145 146 9 1 63 176 61 38 194 
171 139 61 151 31 23 44 71 197 187 80 140 41 149 189 7 52 93 2 26 50 135 106 201 196 100 150 115 38 89 77 42 9 102 86 6 118 185 126 83 40 36 72 66 169 183 143 205 161 134 144 157 219 65 112 167 113 
172 55 7 142 126 74 18 46 92 129 195 182 174 165 138 159 107 26 158 95 181 202 114 150 175 44 214 161 48 36 160 216 60 145 132 108 27 166 218 167 156 207 137 75 198 168 86 187 105 201 122 212 124 66 186 100 110 213 194 210 128 153 30 65 209 76 184 109 53 157 19 177 118 148 116 67 135 188 34 131 4 112 25 
173 177 146 136 196 120 4 101 95 175 156 21 16 215 193 92 26 71 104 38 9 161 163 179 34 10 8 122 127 133 97 209 41 160 42 88 111 148 33 113 37 202 102 214 190 78 39 149 45 189 212 142 15 144 147 192 
174 170 199 86 95 118 158 214 180 4 54 167 121 61 35 131 172 77 139 161 154 37 15 21 122 51 52 41 128 18 184 217 72 98 78 215 31 53 10 177 212 102 137 105 46 107 211 197 106 75 130 110 39 83 136 68 42 87 3 207 2 162 213 113 112 133 169 168 97 70 192 
175 131 123 150 192 212 118 55 108 165 80 170 139 181 6 173 211 45 57 185 9 2 38 177 75 61 215 151 42 142 85 172 74 146 96 210 52 163 141 48 72 155 169 44 135 65 82 109 179 94 53 153 106 79 32 8 121 89 60 205 7 137 83 113 56 103 156 84 119 184 35 26 21 160 70 20 102 99 188 134 87 200 63 
176 41 218 127 57 25 129 66 105 39 215 29 73 65 37 111 202 183 101 138 181 11 195 31 182 34 151 214 198 165 207 184 177 69 52 189 13 61 40 164 72 212 80 130 180 67 8 133 106 158 49 142 51 179 86 81 18 91 169 84 47 76 140 58 213 206 35 5 135 170 141 74 191 77 
177 173 212 13 19 195 201 121 40 59 36 7 9 123 137 189 194 149 44 175 186 26 41 34 198 152 197 128 96 176 5 215 118 148 85 76 166 136 209 206 51 32 117 174 98 129 63 217 24 104 115 18 147 65 39 119 180 160 161 1 35 187 138 172 196 103 64 122 60 69 28 168 164 
178 95 205 21 3 9 160 18 64 111 195 196 219 77 17 164 168 159 123 154 167 27 26 146 56 42 180 98 108 76 54 82 24 74 125 149 39 161 101 19 66 43 141 40 88 138 121 203 148 1 151 114 103 96 211 94 35 69 65 170 145 110 99 188 71 104 49 201 23 215 216 139 210 
179 7 47 159 21 143 44 73 61 165 45 59 186 25 198 116 32 113 74 31 26 92 183 37 28 145 149 98 65 118 67 68 173 154 12 55 175 30 211 85 155 99 3 75 215 197 16 212 62 50 176 108 124 192 80 156 184 6 110 35 160 126 187 214 202 130 
180 105 141 49 214 154 146 17 37 174 115 138 156 25 205 59 153 57 150 122 189 118 100 157 84 170 93 21 1 120 178 139 9 12 113 193 206 219 213 197 190 217 176 78 26 55 111 107 211 76 18 102 67 177 116 72 83 81 209 44 54 68 23 165 69 198 35 142 
181 134 114 70 164 123 84 16 104 157 47 25 188 63 59 175 35 121 100 207 96 170 91 176 182 40 45 172 19 75 24 81 60 156 216 0 77 163 210 29 130 66 142 126 191 57 166 195 211 148 110 56 194 217 20 80 88 12 69 22 7 150 138 
182 103 26 166 187 201 32 23 35 161 121 127 125 31 170 6 54 172 91 151 140 64 157 181 55 176 42 210 148 122 192 216 0 62 149 137 3 45 144 120 198 169 217 205 116 41 5 12 92 111 59 213 8 72 218 128 160 190 156 13 115 89 159 78 70 194 60 
183 15 102 31 192 124 211 82 23 55 203 145 79 138 72 17 42 62 165 127 194 128 204 176 49 179 119 85 21 193 78 123 61 22 126 152 200 188 67 215 90 58 24 38 149 213 98 52 47 205 48 35 129 208 195 106 133 66 6 12 40 39 89 108 171 36 53 137 141 218 148 8 91 140 155 76 74 
184 169 106 168 159 11 81 115 56 42 26 0 88 158 217 110 94 101 157 176 174 140 118 105 205 97 102 143 196 166 27 37 132 54 32 163 154 152 104 53 100 95 198 153 203 149 194 20 40 179 19 172 51 80 185 50 175 212 9 58 24 125 186 47 209 
185 188 54 29 101 217 30 125 145 124 85 70 192 114 32 71 175 142 140 198 24 25 45 80 165 19 134 161 168 5 40 164 73 200 214 171 106 195 12 6 88 138 170 90 96 212 77 89 109 153 189 86 10 184 219 35 69 129 166 199 163 20 112 
186 108 67 153 125 65 103 29 196 98 156 75 74 158 179 85 80 13 115 34 142 138 194 177 84 105 86 16 200 91 161 116 68 104 66 20 192 6 54 48 119 208 204 137 89 172 31 27 131 73 112 166 155 95 4 57 148 184 134 218 43 97 
187 113 16 198 133 182 137 162 159 166 171 161 39 9 163 151 79 49 129 209 156 31 217 22 19 91 38 75 103 36 14 0 153 83 165 147 80 202 204 105 70 109 172 141 92 100 212 117 68 104 177 26 48 96 199 189 144 218 63 160 73 179 32 135 97 18 8 
188 38 185 206 145 62 49 31 24 146 209 11 194 28 211 7 181 207 117 122 83 119 112 37 55 56 158 131 94 74 87 16 192 205 2 183 159 202 68 200 135 163 82 213 18 123 17 165 81 155 73 128 178 172 167 175 86 48 193 
189 38 198 8 36 195 154 81 54 166 40 133 219 41 114 177 122 171 65 163 180 206 165 191 93 115 152 141 116 134 47 119 9 151 57 176 37 197 69 138 100 87 6 24 28 205 3 17 2 22 44 148 86 53 43 131 121 212 111 74 169 158 185 173 21 112 187 136 68 75 145 144 18 124 
190 5 10 12 151 46 86 116 115 13 81 167 146 90 24 100 8 131 4 143 154 133 166 198 144 170 202 125 106 94 160 17 32 180 19 145 127 193 75 117 215 208 69 173 42 147 73 182 2 63 35 
191 102 125 152 141 100 147 170 158 154 72 157 12 37 58 57 29 67 189 215 105 121 129 8 103 26 76 198 166 7 124 145 194 66 128 165 52 202 90 113 137 181 78 47 216 60 28 134 138 73 153 126 120 27 91 41 22 5 101 17 59 65 160 97 169 132 176 19 77 35 217 
192 175 183 138 91 59 209 18 185 22 92 78 205 215 42 169 116 204 144 72 50 182 120 211 63 139 107 188 186 4 54 199 136 104 164 10 79 165 58 33 51 82 69 167 13 34 5 168 80 179 195 115 162 12 131 102 40 76 75 31 173 73 56 159 14 174 17 
193 100 133 107 29 198 9 215 162 15 147 81 211 207 120 219 11 7 173 33 24 47 203 183 148 92 30 56 141 180 31 37 146 70 67 124 95 168 152 151 32 97 134 34 190 210 14 80 208 93 137 22 43 94 5 149 216 164 197 40 194 125 41 54 188 
194 120 215 106 124 85 67 59 62 188 125 46 94 177 111 122 183 71 186 43 113 91 107 167 41 70 40 129 160 132 37 58 144 204 191 115 42 52 143 146 154 207 31 197 99 4 123 23 172 53 75 184 51 87 181 213 64 108 169 35 147 88 193 25 219 54 55 118 170 182 100 50 
195 55 30 169 177 189 200 13 86 196 178 138 98 211 172 16 70 176 93 209 124 109 95 215 161 166 107 0 32 57 92 167 157 19 18 141 128 160 217 108 63 27 39 76 185 104 183 151 69 29 6 77 181 216 47 90 35 203 2 46 192 49 5 58 22 123 155 206 199 54 156 204 21 64 139 158 56 73 
196 159 173 36 139 186 136 6 44 195 9 8 178 124 201 149 27 80 58 143 56 141 171 120 40 168 217 213 10 125 12 31 26 184 70 34 127 16 13 28 3 137 198 152 5 208 207 43 57 142 7 200 162 93 219 22 177 155 82 30 94 25 199 
197 43 28 25 96 33 15 51 171 26 114 106 166 1 77 66 50 214 198 116 23 141 91 82 99 163 41 63 177 168 200 3 129 189 88 164 170 180 69 30 10 22 151 194 174 143 179 27 146 148 135 217 2 19 34 193 81 212 205 59 145 112 103 210 54 9 149 4 
198 6 189 148 129 138 215 41 15 187 193 53 5 137 68 25 107 48 179 105 197 42 134 200 121 185 208 112 177 4 128 176 190 24 150 94 153 49 34 191 167 66 95 29 209 144 74 172 104 119 182 45 120 210 83 196 7 199 12 131 98 18 184 162 218 20 165 26 117 149 145 54 140 31 135 124 96 180 204 168 151 
199 174 10 136 23 86 45 4 126 140 81 89 161 122 107 36 50 143 120 125 97 218 207 151 26 46 192 150 83 104 208 108 198 73 18 76 79 204 105 38 6 169 187 129 93 185 195 78 85 168 132 49 205 196 
200 94 54 4 76 80 195 112 87 214 41 114 5 165 141 217 18 198 16 145 31 21 219 42 156 186 60 130 124 20 197 79 163 57 84 12 183 113 11 103 157 120 123 83 185 188 32 110 34 23 201 27 97 71 35 29 196 93 159 210 6 122 3 73 175 
201 128 177 100 121 182 75 88 166 122 70 27 155 13 111 213 58 118 196 134 68 137 171 31 7 107 47 212 203 101 11 127 129 160 29 61 19 87 30 202 125 132 154 59 43 172 36 79 165 115 200 135 168 91 39 120 209 86 133 14 149 150 84 162 178 96 66 
202 41 70 84 170 139 149 176 18 96 169 129 25 148 33 90 213 172 152 23 35 31 66 165 132 190 107 68 4 87 141 206 20 75 101 187 188 83 201 34 156 73 89 67 191 121 209 65 173 22 81 108 6 117 57 80 111 51 30 56 100 153 72 179 146 126 
203 113 72 137 218 51 133 183 147 214 87 158 41 81 101 23 69 126 132 37 193 170 63 201 32 215 89 159 85 125 93 15 46 123 205 148 96 108 27 160 78 165 178 67 35 142 77 20 56 195 55 50 184 111 122 219 
204 75 167 13 159 94 30 144 97 93 84 85 20 157 71 183 110 212 90 113 33 23 29 145 52 192 111 8 207 4 164 98 114 68 101 87 121 219 194 210 109 74 62 187 170 27 72 102 186 78 146 142 105 5 21 96 66 199 40 150 163 69 11 162 195 198 160 63 
205 36 146 20 178 79 97 122 0 180 214 91 192 218 149 154 126 104 51 107 99 55 35 184 13 68 116 203 188 140 162 159 112 10 189 213 134 206 153 21 183 164 7 182 114 44 124 52 175 165 119 142 58 171 67 155 53 197 39 1 30 60 80 45 199 168 
206 188 158 153 89 143 86 165 84 2 36 150 139 162 136 30 23 33 213 189 1 127 29 46 130 202 180 24 15 34 0 177 205 32 68 10 210 154 39 138 63 5 25 22 96 195 212 176 43 45 7 31 108 9 128 147 17 
207 52 24 49 94 22 213 188 31 48 181 34 157 193 148 57 10 62 134 93 35 176 88 111 204 98 79 199 169 55 74 58 172 99 7 84 130 39 194 104 102 108 149 196 212 11 78 161 38 30 174 21 77 164 218 61 54 139 167 
208 40 122 161 81 97 86 121 128 12 18 47 217 67 87 6 93 198 50 51 108 21 55 75 140 10 141 29 83 186 43 218 152 85 107 148 123 183 199 98 52 196 193 190 145 117 78 46 57 157 17 44 37 130 7 42 28 100 151 66 20 
209 18 46 114 188 21 192 48 49 93 37 217 69 110 11 143 187 61 73 126 41 161 195 44 117 5 102 130 27 167 65 2 177 214 95 109 198 168 173 96 125 202 25 129 219 7 172 158 153 180 201 145 82 23 98 91 105 154 81 124 184 165 211 
210 132 107 78 138 150 129 214 113 165 168 123 117 114 143 163 5 67 141 33 106 17 182 119 88 164 6 127 157 108 152 219 142 175 103 86 62 204 120 217 137 181 82 57 198 193 215 206 115 102 172 52 130 74 95 135 148 34 121 133 35 83 170 19 200 0 61 197 40 166 55 15 178 
211 82 96 114 217 183 58 188 137 144 175 195 193 34 136 218 168 18 66 6 3 124 135 165 139 157 81 192 56 98 23 113 53 67 162 179 160 214 16 40 39 170 180 156 108 143 92 174 149 54 128 181 141 43 178 134 14 27 62 131 72 116 209 
212 106 78 177 175 114 87 5 167 160 93 99 18 62 163 130 10 22 204 76 118 23 104 155 17 57 150 132 105 219 164 27 201 16 9 134 82 152 14 80 176 169 141 7 174 53 156 61 4 83 91 172 179 185 217 207 49 113 187 189 32 154 38 197 30 206 66 184 173 161 100 13 215 74 89 126 159 96 
213 28 126 142 38 104 102 67 170 20 207 117 167 124 201 70 206 118 149 202 56 19 146 55 119 23 196 26 44 46 61 180 140 92 80 156 129 205 183 10 94 84 0 188 158 172 41 152 75 62 68 182 78 16 194 159 176 116 174 148 143 
214 28 91 153 134 180 166 147 108 50 174 210 57 63 99 203 79 131 7 200 205 215 197 19 112 168 161 124 78 176 107 60 98 8 172 34 94 72 209 146 16 211 185 144 86 47 100 69 150 0 123 39 135 173 167 76 110 56 12 218 18 45 21 126 42 58 179 142 132 165 68 
215 194 135 20 198 123 45 73 167 14 134 5 136 193 70 176 74 80 22 214 192 12 173 63 175 103 169 191 18 83 161 195 177 8 203 150 41 183 174 71 58 15 210 179 190 29 88 117 1 107 114 64 43 49 152 140 106 28 47 153 142 165 87 125 131 163 115 178 84 212 19 
216 151 100 113 14 37 105 164 145 159 38 77 49 2 33 74 92 67 68 137 29 135 218 170 0 62 69 19 133 85 86 172 16 4 182 76 84 30 158 181 126 90 50 46 51 191 83 162 195 134 44 18 87 5 79 193 122 10 143 55 178 59 11 
217 119 17 48 148 185 211 20 209 117 208 218 200 149 93 158 187 60 3 184 76 102 7 91 92 120 174 40 196 47 96 2 101 108 124 180 130 168 210 195 45 81 177 182 212 62 46 25 80 197 68 31 181 28 97 165 104 146 9 99 219 159 32 191 
218 176 61 90 62 16 162 58 203 26 78 4 28 217 21 205 85 211 12 216 81 97 69 87 93 73 141 89 64 158 199 113 168 94 56 117 127 163 172 132 208 44 154 2 92 111 198 148 50 101 67 121 182 214 183 139 59 187 76 207 137 133 160 186 45 153 
219 55 29 73 137 20 151 57 4 93 14 189 30 74 178 95 193 156 169 138 127 18 200 129 45 53 96 212 159 42 117 66 210 180 32 119 204 141 144 0 43 170 46 15 155 9 37 209 71 63 106 27 6 185 196 67 79 161 136 194 171 81 217 120 78 26 44 203 
