0 58 
0 134 
0 8 
0 73 
0 90 
0 98 
0 89 
0 94 
0 33 
0 103 
0 11 
0 133 
0 20 
0 129 
0 43 
0 17 
0 5 
0 50 
0 54 
0 38 
0 55 
0 1 
0 110 
0 27 
0 84 
0 122 
0 41 
0 31 
0 19 
0 143 
0 138 
0 68 
0 117 
0 26 
0 88 
0 85 
0 52 
0 93 
0 132 
0 47 
0 36 
0 39 
0 123 
0 14 
0 57 
1 117 
1 28 
1 74 
1 110 
1 78 
1 103 
1 54 
1 98 
1 130 
1 15 
1 127 
1 133 
1 27 
1 139 
1 70 
1 64 
1 120 
1 30 
1 14 
1 95 
1 41 
1 0 
1 32 
1 137 
1 121 
1 140 
1 9 
1 66 
1 76 
1 86 
1 38 
1 124 
1 109 
1 69 
1 53 
1 75 
1 60 
1 123 
2 88 
2 69 
2 54 
2 131 
2 124 
2 12 
2 117 
2 26 
2 18 
2 58 
2 82 
2 51 
2 134 
2 6 
2 3 
2 56 
2 130 
2 13 
2 48 
2 25 
2 101 
2 100 
2 116 
2 7 
2 75 
2 72 
2 66 
2 133 
2 19 
2 31 
2 42 
2 50 
2 89 
2 98 
2 5 
2 118 
2 107 
2 111 
2 41 
3 45 
3 11 
3 40 
3 73 
3 62 
3 41 
3 104 
3 72 
3 66 
3 77 
3 60 
3 6 
3 139 
3 2 
3 117 
3 94 
3 90 
3 123 
3 127 
3 129 
3 65 
3 76 
3 24 
3 75 
3 83 
3 37 
3 17 
3 55 
3 110 
3 102 
3 119 
3 52 
3 113 
3 57 
3 5 
3 86 
3 138 
3 103 
3 32 
3 71 
3 135 
4 12 
4 106 
4 31 
4 43 
4 128 
4 18 
4 27 
4 62 
4 44 
4 121 
4 51 
4 20 
4 97 
4 101 
4 73 
4 24 
4 53 
4 116 
4 8 
4 38 
4 64 
4 126 
4 60 
4 100 
4 46 
4 19 
4 14 
4 39 
4 138 
4 36 
4 40 
4 74 
4 78 
4 9 
4 93 
4 142 
4 103 
4 79 
4 89 
4 117 
4 56 
5 82 
5 138 
5 37 
5 40 
5 114 
5 41 
5 80 
5 16 
5 52 
5 77 
5 45 
5 10 
5 60 
5 43 
5 42 
5 102 
5 44 
5 26 
5 23 
5 110 
5 48 
5 118 
5 96 
5 68 
5 105 
5 64 
5 0 
5 130 
5 140 
5 30 
5 116 
5 58 
5 104 
5 81 
5 134 
5 31 
5 106 
5 54 
5 119 
5 75 
5 19 
5 98 
5 3 
5 136 
5 59 
5 2 
5 125 
5 33 
6 81 
6 29 
6 39 
6 85 
6 22 
6 77 
6 70 
6 140 
6 24 
6 112 
6 37 
6 27 
6 130 
6 2 
6 64 
6 62 
6 95 
6 3 
6 75 
6 103 
6 131 
6 33 
6 42 
6 12 
6 139 
6 14 
6 101 
6 125 
6 63 
6 111 
6 69 
6 61 
6 120 
6 73 
6 20 
6 59 
6 80 
6 110 
6 49 
6 15 
6 92 
6 115 
6 56 
6 50 
6 83 
6 129 
6 57 
6 38 
6 126 
7 81 
7 77 
7 131 
7 60 
7 86 
7 67 
7 64 
7 108 
7 75 
7 47 
7 79 
7 85 
7 58 
7 136 
7 130 
7 128 
7 16 
7 133 
7 107 
7 113 
7 91 
7 18 
7 96 
7 105 
7 2 
7 17 
7 15 
7 76 
7 9 
7 115 
7 66 
7 118 
7 63 
7 143 
7 25 
7 65 
7 99 
7 74 
7 127 
7 43 
7 56 
7 26 
8 132 
8 92 
8 0 
8 57 
8 16 
8 106 
8 138 
8 126 
8 141 
8 32 
8 125 
8 128 
8 19 
8 52 
8 4 
8 30 
8 34 
8 29 
8 69 
8 103 
8 82 
8 113 
8 12 
8 58 
8 24 
8 68 
8 111 
8 87 
8 133 
8 77 
8 23 
8 121 
8 46 
8 49 
8 65 
8 80 
8 76 
8 44 
8 15 
8 50 
8 93 
8 56 
8 123 
8 66 
8 17 
9 79 
9 111 
9 88 
9 91 
9 40 
9 90 
9 94 
9 10 
9 104 
9 48 
9 85 
9 93 
9 116 
9 89 
9 53 
9 36 
9 139 
9 141 
9 102 
9 43 
9 70 
9 34 
9 119 
9 68 
9 32 
9 101 
9 80 
9 86 
9 7 
9 21 
9 46 
9 33 
9 4 
9 109 
9 140 
9 1 
9 134 
9 82 
9 126 
9 106 
9 96 
9 95 
9 65 
9 103 
9 97 
9 125 
9 71 
10 51 
10 141 
10 38 
10 30 
10 58 
10 140 
10 27 
10 77 
10 13 
10 9 
10 129 
10 25 
10 97 
10 5 
10 92 
10 41 
10 117 
10 21 
10 143 
10 48 
10 75 
10 138 
10 62 
10 17 
10 43 
10 102 
10 67 
10 29 
10 112 
10 12 
10 113 
10 44 
10 101 
10 78 
10 90 
10 20 
10 73 
10 125 
10 60 
10 23 
10 121 
10 94 
10 111 
10 128 
10 55 
10 26 
10 74 
10 71 
10 114 
10 98 
10 76 
10 52 
10 120 
10 100 
10 110 
10 19 
11 3 
11 120 
11 110 
11 125 
11 48 
11 68 
11 92 
11 24 
11 0 
11 137 
11 41 
11 90 
11 86 
11 130 
11 122 
11 42 
11 65 
11 106 
11 85 
11 103 
11 132 
11 127 
11 113 
11 53 
11 78 
11 99 
11 111 
11 84 
11 43 
11 100 
11 82 
11 94 
11 17 
11 128 
11 91 
11 52 
11 66 
12 4 
12 109 
12 53 
12 28 
12 19 
12 138 
12 133 
12 84 
12 67 
12 105 
12 2 
12 88 
12 127 
12 100 
12 15 
12 44 
12 106 
12 126 
12 74 
12 79 
12 46 
12 6 
12 10 
12 8 
12 89 
12 70 
12 134 
12 61 
12 58 
12 21 
12 102 
12 50 
12 36 
12 39 
12 143 
12 122 
12 29 
12 90 
12 65 
12 77 
12 119 
12 57 
12 78 
12 66 
13 49 
13 75 
13 96 
13 141 
13 16 
13 127 
13 34 
13 60 
13 67 
13 89 
13 17 
13 10 
13 122 
13 137 
13 85 
13 39 
13 45 
13 55 
13 101 
13 50 
13 103 
13 83 
13 116 
13 38 
13 37 
13 19 
13 104 
13 2 
13 108 
13 136 
13 107 
13 128 
13 32 
13 72 
13 29 
13 65 
13 125 
13 68 
13 23 
13 54 
13 94 
13 109 
13 70 
13 26 
13 71 
13 130 
14 98 
14 72 
14 97 
14 106 
14 61 
14 39 
14 108 
14 104 
14 81 
14 31 
14 120 
14 45 
14 69 
14 6 
14 57 
14 1 
14 59 
14 33 
14 100 
14 70 
14 113 
14 4 
14 41 
14 136 
14 27 
14 79 
14 83 
14 135 
14 64 
14 109 
14 50 
14 26 
14 44 
14 115 
14 63 
14 76 
14 28 
14 21 
14 112 
14 0 
14 138 
15 45 
15 113 
15 107 
15 71 
15 64 
15 1 
15 70 
15 130 
15 58 
15 43 
15 116 
15 12 
15 112 
15 42 
15 101 
15 61 
15 100 
15 97 
15 105 
15 90 
15 103 
15 67 
15 119 
15 98 
15 65 
15 82 
15 7 
15 31 
15 78 
15 135 
15 19 
15 51 
15 102 
15 52 
15 39 
15 6 
15 127 
15 21 
15 47 
15 8 
15 69 
15 23 
15 59 
15 79 
15 74 
15 132 
16 59 
16 13 
16 53 
16 49 
16 8 
16 5 
16 141 
16 116 
16 94 
16 72 
16 7 
16 78 
16 124 
16 119 
16 83 
16 33 
16 95 
16 18 
16 127 
16 123 
16 22 
16 86 
16 106 
16 50 
16 66 
16 101 
16 89 
16 51 
16 31 
16 122 
16 128 
16 91 
16 105 
16 111 
16 103 
16 57 
16 93 
17 99 
17 113 
17 30 
17 95 
17 13 
17 59 
17 111 
17 119 
17 115 
17 28 
17 29 
17 132 
17 27 
17 106 
17 22 
17 10 
17 0 
17 103 
17 58 
17 19 
17 141 
17 82 
17 51 
17 18 
17 92 
17 116 
17 126 
17 35 
17 7 
17 120 
17 77 
17 104 
17 3 
17 102 
17 21 
17 109 
17 112 
17 38 
17 134 
17 136 
17 100 
17 90 
17 71 
17 11 
17 20 
17 124 
17 110 
17 62 
17 8 
18 107 
18 35 
18 23 
18 4 
18 141 
18 43 
18 125 
18 52 
18 61 
18 2 
18 131 
18 121 
18 49 
18 134 
18 60 
18 76 
18 27 
18 16 
18 17 
18 7 
18 106 
18 37 
18 93 
18 137 
18 94 
18 51 
18 75 
18 44 
18 59 
18 115 
18 139 
18 33 
18 135 
18 111 
18 29 
18 34 
18 119 
18 22 
18 87 
19 100 
19 115 
19 65 
19 12 
19 64 
19 70 
19 120 
19 37 
19 36 
19 55 
19 8 
19 81 
19 35 
19 79 
19 58 
19 105 
19 13 
19 106 
19 17 
19 111 
19 95 
19 84 
19 46 
19 107 
19 41 
19 34 
19 143 
19 54 
19 113 
19 29 
19 86 
19 4 
19 76 
19 15 
19 0 
19 23 
19 2 
19 50 
19 129 
19 21 
19 68 
19 5 
19 104 
19 20 
19 88 
19 75 
19 130 
19 128 
19 109 
19 10 
19 90 
19 38 
19 112 
20 97 
20 75 
20 109 
20 91 
20 48 
20 139 
20 63 
20 116 
20 111 
20 115 
20 4 
20 29 
20 76 
20 142 
20 99 
20 120 
20 82 
20 126 
20 46 
20 143 
20 50 
20 127 
20 28 
20 0 
20 37 
20 123 
20 83 
20 90 
20 53 
20 118 
20 110 
20 10 
20 35 
20 6 
20 24 
20 136 
20 95 
20 71 
20 19 
20 124 
20 17 
20 40 
20 81 
21 120 
21 125 
21 128 
21 140 
21 44 
21 22 
21 98 
21 10 
21 56 
21 73 
21 100 
21 63 
21 114 
21 65 
21 81 
21 59 
21 64 
21 62 
21 60 
21 28 
21 132 
21 12 
21 9 
21 95 
21 39 
21 50 
21 37 
21 17 
21 136 
21 31 
21 19 
21 89 
21 72 
21 66 
21 15 
21 38 
21 129 
21 106 
21 104 
21 124 
21 119 
21 88 
21 82 
21 14 
21 87 
21 79 
22 43 
22 111 
22 128 
22 54 
22 68 
22 6 
22 55 
22 40 
22 108 
22 104 
22 21 
22 127 
22 17 
22 82 
22 25 
22 37 
22 71 
22 75 
22 142 
22 16 
22 141 
22 83 
22 133 
22 93 
22 76 
22 44 
22 101 
22 79 
22 74 
22 119 
22 18 
22 100 
22 88 
22 67 
23 104 
23 119 
23 60 
23 18 
23 102 
23 110 
23 39 
23 73 
23 125 
23 51 
23 70 
23 118 
23 53 
23 32 
23 5 
23 127 
23 115 
23 26 
23 34 
23 30 
23 31 
23 75 
23 58 
23 8 
23 96 
23 10 
23 84 
23 97 
23 105 
23 52 
23 109 
23 126 
23 103 
23 19 
23 123 
23 13 
23 90 
23 15 
23 27 
23 138 
23 46 
23 35 
24 125 
24 123 
24 97 
24 69 
24 54 
24 103 
24 6 
24 81 
24 143 
24 101 
24 141 
24 127 
24 68 
24 62 
24 4 
24 11 
24 140 
24 40 
24 51 
24 36 
24 8 
24 112 
24 99 
24 87 
24 138 
24 47 
24 3 
24 124 
24 86 
24 20 
24 50 
24 57 
24 44 
24 91 
24 110 
24 120 
24 83 
24 126 
24 27 
24 67 
24 33 
25 111 
25 28 
25 74 
25 42 
25 10 
25 89 
25 102 
25 94 
25 37 
25 123 
25 52 
25 77 
25 41 
25 64 
25 61 
25 127 
25 22 
25 85 
25 2 
25 32 
25 83 
25 44 
25 137 
25 29 
25 133 
25 90 
25 33 
25 7 
25 47 
25 87 
25 30 
25 138 
25 141 
25 119 
25 100 
25 63 
26 60 
26 113 
26 51 
26 64 
26 90 
26 130 
26 43 
26 2 
26 41 
26 137 
26 34 
26 123 
26 5 
26 117 
26 77 
26 106 
26 100 
26 67 
26 23 
26 98 
26 115 
26 138 
26 139 
26 103 
26 101 
26 80 
26 61 
26 27 
26 45 
26 120 
26 42 
26 35 
26 118 
26 54 
26 135 
26 116 
26 58 
26 10 
26 0 
26 14 
26 62 
26 107 
26 143 
26 13 
26 75 
26 7 
27 10 
27 4 
27 99 
27 97 
27 89 
27 62 
27 72 
27 116 
27 6 
27 17 
27 1 
27 106 
27 98 
27 61 
27 131 
27 43 
27 18 
27 119 
27 56 
27 93 
27 26 
27 49 
27 0 
27 118 
27 71 
27 58 
27 14 
27 142 
27 78 
27 85 
27 77 
27 67 
27 137 
27 123 
27 23 
27 112 
27 111 
27 138 
27 94 
27 70 
27 24 
28 12 
28 1 
28 25 
28 99 
28 70 
28 17 
28 112 
28 20 
28 127 
28 44 
28 93 
28 91 
28 133 
28 65 
28 50 
28 115 
28 136 
28 131 
28 37 
28 87 
28 141 
28 21 
28 58 
28 110 
28 35 
28 36 
28 104 
28 94 
28 124 
28 67 
28 120 
28 76 
28 14 
28 57 
28 111 
29 112 
29 6 
29 139 
29 115 
29 69 
29 20 
29 17 
29 39 
29 79 
29 60 
29 138 
29 55 
29 8 
29 10 
29 25 
29 59 
29 124 
29 108 
29 98 
29 118 
29 102 
29 19 
29 92 
29 86 
29 75 
29 116 
29 80 
29 122 
29 74 
29 13 
29 109 
29 100 
29 12 
29 103 
29 65 
29 61 
29 68 
29 47 
29 121 
29 76 
29 18 
29 51 
29 72 
29 45 
29 40 
29 120 
29 123 
29 129 
30 110 
30 105 
30 127 
30 10 
30 101 
30 59 
30 17 
30 69 
30 100 
30 90 
30 107 
30 141 
30 73 
30 95 
30 123 
30 34 
30 8 
30 115 
30 97 
30 5 
30 121 
30 111 
30 1 
30 23 
30 76 
30 61 
30 93 
30 134 
30 63 
30 25 
30 81 
30 126 
30 116 
30 89 
30 133 
30 64 
30 120 
30 129 
30 128 
31 109 
31 4 
31 123 
31 103 
31 33 
31 113 
31 132 
31 54 
31 94 
31 129 
31 120 
31 46 
31 77 
31 76 
31 14 
31 117 
31 104 
31 23 
31 47 
31 15 
31 5 
31 90 
31 0 
31 115 
31 58 
31 73 
31 21 
31 2 
31 114 
31 16 
31 59 
31 50 
31 137 
31 61 
31 45 
32 92 
32 115 
32 76 
32 42 
32 105 
32 35 
32 127 
32 36 
32 131 
32 47 
32 53 
32 55 
32 46 
32 8 
32 23 
32 97 
32 25 
32 51 
32 72 
32 69 
32 143 
32 83 
32 9 
32 60 
32 1 
32 65 
32 13 
32 137 
32 108 
32 95 
32 75 
32 82 
32 73 
32 132 
32 141 
32 112 
32 41 
32 106 
32 123 
32 3 
32 93 
33 89 
33 37 
33 46 
33 31 
33 100 
33 101 
33 116 
33 62 
33 118 
33 0 
33 120 
33 61 
33 43 
33 131 
33 96 
33 6 
33 56 
33 69 
33 16 
33 92 
33 70 
33 106 
33 81 
33 14 
33 25 
33 63 
33 44 
33 71 
33 78 
33 90 
33 79 
33 54 
33 9 
33 18 
33 102 
33 121 
33 41 
33 84 
33 142 
33 140 
33 98 
33 5 
33 104 
33 24 
34 70 
34 63 
34 132 
34 136 
34 59 
34 13 
34 121 
34 109 
34 141 
34 142 
34 71 
34 92 
34 26 
34 131 
34 53 
34 30 
34 76 
34 99 
34 8 
34 137 
34 23 
34 65 
34 43 
34 19 
34 9 
34 41 
34 87 
34 37 
34 139 
34 44 
34 67 
34 133 
34 111 
34 119 
34 64 
34 18 
34 105 
34 69 
34 95 
34 84 
35 18 
35 112 
35 76 
35 99 
35 32 
35 87 
35 19 
35 36 
35 48 
35 54 
35 73 
35 110 
35 69 
35 49 
35 103 
35 70 
35 118 
35 135 
35 67 
35 20 
35 17 
35 123 
35 46 
35 65 
35 78 
35 86 
35 107 
35 134 
35 56 
35 26 
35 28 
35 60 
35 40 
35 131 
35 136 
35 100 
35 109 
35 23 
36 77 
36 116 
36 46 
36 19 
36 138 
36 40 
36 32 
36 132 
36 143 
36 68 
36 35 
36 44 
36 9 
36 88 
36 65 
36 124 
36 122 
36 103 
36 82 
36 24 
36 107 
36 96 
36 139 
36 12 
36 99 
36 91 
36 4 
36 28 
36 105 
36 81 
36 75 
36 54 
36 97 
36 0 
36 114 
36 80 
36 49 
37 33 
37 58 
37 109 
37 5 
37 59 
37 91 
37 66 
37 74 
37 19 
37 106 
37 82 
37 25 
37 44 
37 6 
37 115 
37 95 
37 20 
37 63 
37 13 
37 134 
37 88 
37 22 
37 137 
37 89 
37 93 
37 28 
37 18 
37 61 
37 84 
37 129 
37 34 
37 3 
37 21 
37 99 
37 78 
37 43 
37 75 
37 62 
37 67 
37 107 
37 92 
37 56 
37 98 
37 64 
37 121 
37 135 
38 10 
38 114 
38 62 
38 116 
38 106 
38 99 
38 110 
38 74 
38 63 
38 102 
38 56 
38 54 
38 64 
38 4 
38 13 
38 113 
38 71 
38 130 
38 108 
38 85 
38 0 
38 131 
38 46 
38 138 
38 112 
38 126 
38 117 
38 140 
38 60 
38 92 
38 128 
38 65 
38 59 
38 101 
38 67 
38 17 
38 121 
38 1 
38 21 
38 89 
38 137 
38 6 
38 44 
38 142 
38 69 
38 139 
38 45 
38 19 
39 137 
39 6 
39 23 
39 74 
39 51 
39 13 
39 85 
39 47 
39 29 
39 14 
39 42 
39 40 
39 98 
39 53 
39 123 
39 130 
39 118 
39 87 
39 78 
39 60 
39 61 
39 141 
39 4 
39 120 
39 106 
39 72 
39 44 
39 21 
39 59 
39 136 
39 12 
39 75 
39 142 
39 15 
39 79 
39 86 
39 0 
40 105 
40 3 
40 65 
40 9 
40 114 
40 5 
40 59 
40 138 
40 143 
40 108 
40 36 
40 54 
40 51 
40 22 
40 73 
40 39 
40 72 
40 122 
40 24 
40 142 
40 111 
40 75 
40 132 
40 139 
40 44 
40 109 
40 56 
40 4 
40 85 
40 89 
40 35 
40 133 
40 115 
40 137 
40 45 
40 141 
40 99 
40 20 
40 29 
40 61 
41 55 
41 116 
41 122 
41 50 
41 125 
41 5 
41 3 
41 48 
41 26 
41 75 
41 106 
41 81 
41 10 
41 52 
41 25 
41 54 
41 51 
41 119 
41 74 
41 11 
41 43 
41 71 
41 19 
41 34 
41 93 
41 1 
41 14 
41 0 
41 136 
41 129 
41 80 
41 133 
41 134 
41 58 
41 111 
41 32 
41 33 
41 92 
41 124 
41 109 
41 114 
41 128 
41 86 
41 2 
42 73 
42 126 
42 32 
42 25 
42 59 
42 140 
42 68 
42 5 
42 69 
42 115 
42 15 
42 84 
42 39 
42 64 
42 104 
42 82 
42 6 
42 111 
42 99 
42 128 
42 11 
42 66 
42 98 
42 57 
42 141 
42 70 
42 76 
42 132 
42 95 
42 118 
42 83 
42 26 
42 127 
42 131 
42 92 
42 2 
42 46 
42 125 
42 139 
42 52 
42 138 
42 88 
42 109 
43 66 
43 22 
43 4 
43 97 
43 103 
43 116 
43 95 
43 77 
43 18 
43 55 
43 94 
43 26 
43 15 
43 5 
43 45 
43 117 
43 70 
43 120 
43 0 
43 33 
43 10 
43 41 
43 27 
43 9 
43 34 
43 102 
43 69 
43 51 
43 129 
43 67 
43 85 
43 50 
43 87 
43 37 
43 104 
43 11 
43 96 
43 125 
43 7 
43 92 
43 88 
43 59 
44 70 
44 59 
44 102 
44 81 
44 72 
44 133 
44 4 
44 21 
44 84 
44 76 
44 37 
44 113 
44 12 
44 117 
44 5 
44 74 
44 124 
44 28 
44 36 
44 58 
44 47 
44 25 
44 10 
44 40 
44 122 
44 95 
44 126 
44 33 
44 39 
44 18 
44 34 
44 22 
44 24 
44 137 
44 60 
44 135 
44 8 
44 143 
44 136 
44 78 
44 53 
44 14 
44 62 
44 85 
44 108 
44 38 
44 116 
44 63 
44 79 
45 15 
45 3 
45 138 
45 107 
45 110 
45 143 
45 111 
45 60 
45 5 
45 13 
45 62 
45 43 
45 73 
45 64 
45 140 
45 136 
45 86 
45 14 
45 115 
45 99 
45 69 
45 108 
45 98 
45 113 
45 137 
45 26 
45 51 
45 57 
45 105 
45 103 
45 101 
45 79 
45 58 
45 40 
45 29 
45 31 
45 38 
46 33 
46 85 
46 36 
46 68 
46 61 
46 56 
46 32 
46 125 
46 80 
46 120 
46 20 
46 31 
46 102 
46 86 
46 12 
46 49 
46 119 
46 105 
46 93 
46 143 
46 106 
46 4 
46 19 
46 51 
46 53 
46 38 
46 137 
46 65 
46 35 
46 76 
46 114 
46 50 
46 123 
46 9 
46 91 
46 8 
46 67 
46 73 
46 42 
46 108 
46 96 
46 82 
46 127 
46 74 
46 23 
46 133 
46 104 
46 54 
47 101 
47 83 
47 120 
47 143 
47 74 
47 7 
47 32 
47 63 
47 39 
47 69 
47 129 
47 102 
47 99 
47 121 
47 109 
47 62 
47 123 
47 48 
47 44 
47 60 
47 89 
47 138 
47 91 
47 31 
47 24 
47 94 
47 90 
47 131 
47 133 
47 50 
47 29 
47 97 
47 25 
47 15 
47 79 
47 72 
47 0 
47 92 
48 60 
48 93 
48 20 
48 124 
48 117 
48 59 
48 134 
48 135 
48 104 
48 9 
48 55 
48 41 
48 11 
48 133 
48 137 
48 10 
48 5 
48 35 
48 47 
48 2 
48 58 
48 53 
48 131 
48 54 
48 128 
48 118 
48 85 
48 101 
48 81 
48 83 
48 50 
48 95 
48 71 
48 130 
48 51 
48 98 
48 57 
48 68 
48 67 
48 141 
48 132 
48 143 
49 123 
49 13 
49 132 
49 69 
49 128 
49 80 
49 74 
49 87 
49 52 
49 130 
49 16 
49 99 
49 133 
49 18 
49 106 
49 91 
49 122 
49 53 
49 35 
49 103 
49 46 
49 113 
49 92 
49 27 
49 56 
49 111 
49 97 
49 126 
49 8 
49 6 
49 124 
49 55 
49 76 
49 57 
49 82 
49 36 
50 84 
50 91 
50 82 
50 113 
50 41 
50 57 
50 69 
50 139 
50 133 
50 70 
50 62 
50 110 
50 51 
50 20 
50 67 
50 13 
50 61 
50 97 
50 28 
50 0 
50 74 
50 131 
50 85 
50 12 
50 137 
50 46 
50 43 
50 21 
50 24 
50 48 
50 47 
50 16 
50 98 
50 19 
50 86 
50 77 
50 2 
50 59 
50 78 
50 103 
50 31 
50 8 
50 14 
50 6 
50 88 
50 83 
50 105 
50 130 
51 10 
51 90 
51 103 
51 26 
51 101 
51 79 
51 82 
51 39 
51 23 
51 4 
51 40 
51 121 
51 99 
51 66 
51 50 
51 2 
51 41 
51 125 
51 118 
51 128 
51 141 
51 32 
51 70 
51 132 
51 110 
51 17 
51 46 
51 43 
51 71 
51 24 
51 78 
51 135 
51 116 
51 45 
51 105 
51 123 
51 18 
51 93 
51 52 
51 15 
51 122 
51 96 
51 92 
51 16 
51 76 
51 48 
51 138 
51 98 
51 73 
51 29 
51 77 
52 58 
52 131 
52 81 
52 49 
52 123 
52 18 
52 5 
52 100 
52 25 
52 41 
52 78 
52 8 
52 61 
52 103 
52 74 
52 110 
52 63 
52 133 
52 86 
52 102 
52 70 
52 107 
52 137 
52 85 
52 51 
52 23 
52 77 
52 62 
52 15 
52 99 
52 3 
52 0 
52 105 
52 60 
52 56 
52 10 
52 42 
52 72 
52 134 
52 11 
52 83 
53 66 
53 12 
53 138 
53 101 
53 64 
53 91 
53 75 
53 16 
53 105 
53 81 
53 32 
53 65 
53 4 
53 23 
53 9 
53 109 
53 104 
53 34 
53 39 
53 49 
53 143 
53 86 
53 89 
53 61 
53 20 
53 48 
53 46 
53 72 
53 82 
53 115 
53 132 
53 88 
53 110 
53 129 
53 11 
53 96 
53 141 
53 108 
53 103 
53 44 
53 1 
53 63 
54 2 
54 22 
54 80 
54 130 
54 139 
54 1 
54 99 
54 24 
54 31 
54 72 
54 40 
54 77 
54 83 
54 137 
54 41 
54 136 
54 38 
54 35 
54 76 
54 131 
54 105 
54 65 
54 67 
54 141 
54 0 
54 19 
54 75 
54 48 
54 5 
54 33 
54 26 
54 116 
54 56 
54 13 
54 101 
54 103 
54 102 
54 62 
54 78 
54 36 
54 142 
54 96 
54 64 
54 110 
54 46 
55 83 
55 91 
55 41 
55 88 
55 107 
55 22 
55 69 
55 48 
55 116 
55 43 
55 32 
55 19 
55 104 
55 13 
55 118 
55 142 
55 113 
55 96 
55 127 
55 59 
55 72 
55 29 
55 0 
55 95 
55 140 
55 131 
55 135 
55 60 
55 73 
55 90 
55 70 
55 78 
55 108 
55 3 
55 105 
55 10 
55 136 
55 76 
55 109 
55 63 
55 89 
55 61 
55 49 
55 119 
56 59 
56 74 
56 108 
56 120 
56 70 
56 106 
56 72 
56 143 
56 46 
56 122 
56 136 
56 99 
56 21 
56 115 
56 63 
56 2 
56 38 
56 98 
56 33 
56 93 
56 73 
56 27 
56 81 
56 133 
56 40 
56 126 
56 60 
56 131 
56 49 
56 82 
56 142 
56 75 
56 130 
56 127 
56 35 
56 54 
56 112 
56 86 
56 137 
56 69 
56 104 
56 64 
56 117 
56 76 
56 6 
56 52 
56 83 
56 8 
56 7 
56 4 
56 37 
56 65 
57 100 
57 94 
57 71 
57 132 
57 50 
57 103 
57 8 
57 120 
57 134 
57 119 
57 104 
57 59 
57 110 
57 66 
57 77 
57 14 
57 42 
57 83 
57 122 
57 105 
57 45 
57 93 
57 24 
57 99 
57 143 
57 89 
57 106 
57 3 
57 114 
57 79 
57 12 
57 48 
57 6 
57 84 
57 16 
57 115 
57 28 
57 49 
57 0 
58 103 
58 114 
58 52 
58 37 
58 85 
58 0 
58 10 
58 69 
58 121 
58 95 
58 15 
58 143 
58 136 
58 2 
58 7 
58 73 
58 86 
58 19 
58 124 
58 100 
58 44 
58 17 
58 78 
58 48 
58 8 
58 125 
58 118 
58 5 
58 138 
58 82 
58 12 
58 108 
58 28 
58 23 
58 27 
58 31 
58 26 
58 75 
58 41 
58 90 
58 63 
58 45 
58 93 
58 68 
59 66 
59 16 
59 56 
59 44 
59 102 
59 30 
59 141 
59 127 
59 34 
59 37 
59 48 
59 40 
59 17 
59 42 
59 137 
59 117 
59 126 
59 124 
59 57 
59 55 
59 86 
59 69 
59 134 
59 29 
59 94 
59 21 
59 71 
59 14 
59 122 
59 63 
59 6 
59 130 
59 39 
59 18 
59 38 
59 116 
59 133 
59 115 
59 31 
59 50 
59 5 
59 15 
59 43 
60 26 
60 23 
60 48 
60 13 
60 7 
60 99 
60 45 
60 142 
60 106 
60 5 
60 67 
60 3 
60 18 
60 71 
60 29 
60 4 
60 78 
60 47 
60 100 
60 21 
60 32 
60 39 
60 96 
60 128 
60 56 
60 55 
60 38 
60 68 
60 10 
60 137 
60 129 
60 35 
60 44 
60 125 
60 77 
60 130 
60 52 
60 92 
60 62 
60 84 
60 97 
60 1 
61 133 
61 139 
61 46 
61 14 
61 95 
61 18 
61 106 
61 15 
61 33 
61 25 
61 109 
61 50 
61 84 
61 52 
61 53 
61 27 
61 64 
61 127 
61 39 
61 12 
61 63 
61 26 
61 128 
61 6 
61 37 
61 103 
61 119 
61 30 
61 126 
61 62 
61 129 
61 29 
61 141 
61 55 
61 123 
61 31 
61 40 
62 119 
62 97 
62 38 
62 78 
62 3 
62 67 
62 104 
62 33 
62 27 
62 93 
62 4 
62 50 
62 105 
62 83 
62 45 
62 24 
62 6 
62 74 
62 86 
62 129 
62 47 
62 10 
62 87 
62 120 
62 21 
62 111 
62 109 
62 138 
62 61 
62 82 
62 52 
62 115 
62 81 
62 96 
62 94 
62 70 
62 103 
62 77 
62 76 
62 132 
62 54 
62 66 
62 79 
62 126 
62 60 
62 37 
62 26 
62 143 
62 44 
62 17 
63 123 
63 34 
63 120 
63 121 
63 135 
63 108 
63 20 
63 75 
63 110 
63 137 
63 76 
63 95 
63 82 
63 47 
63 104 
63 90 
63 56 
63 38 
63 37 
63 21 
63 52 
63 6 
63 68 
63 59 
63 61 
63 111 
63 33 
63 65 
63 101 
63 7 
63 30 
63 55 
63 58 
63 114 
63 53 
63 14 
63 25 
63 44 
64 100 
64 117 
64 19 
64 7 
64 15 
64 53 
64 105 
64 26 
64 113 
64 45 
64 6 
64 42 
64 25 
64 38 
64 101 
64 67 
64 4 
64 85 
64 5 
64 61 
64 132 
64 1 
64 104 
64 107 
64 21 
64 139 
64 109 
64 128 
64 110 
64 141 
64 118 
64 56 
64 34 
64 121 
64 14 
64 103 
64 127 
64 30 
64 37 
64 112 
64 54 
64 122 
65 111 
65 79 
65 19 
65 98 
65 40 
65 93 
65 109 
65 134 
65 53 
65 121 
65 74 
65 67 
65 72 
65 107 
65 54 
65 28 
65 135 
65 36 
65 87 
65 21 
65 34 
65 108 
65 3 
65 11 
65 15 
65 101 
65 32 
65 46 
65 82 
65 35 
65 139 
65 114 
65 63 
65 38 
65 13 
65 29 
65 12 
65 70 
65 8 
65 96 
65 7 
65 136 
65 9 
65 78 
65 104 
65 100 
65 56 
66 59 
66 43 
66 53 
66 90 
66 121 
66 37 
66 77 
66 51 
66 3 
66 107 
66 82 
66 96 
66 57 
66 139 
66 138 
66 142 
66 42 
66 83 
66 92 
66 84 
66 137 
66 76 
66 86 
66 117 
66 2 
66 7 
66 120 
66 16 
66 111 
66 127 
66 81 
66 1 
66 21 
66 62 
66 143 
66 105 
66 12 
66 8 
66 11 
66 131 
67 68 
67 138 
67 12 
67 7 
67 13 
67 62 
67 131 
67 73 
67 141 
67 60 
67 99 
67 85 
67 132 
67 50 
67 65 
67 82 
67 103 
67 64 
67 26 
67 54 
67 124 
67 10 
67 122 
67 111 
67 15 
67 88 
67 100 
67 35 
67 125 
67 43 
67 90 
67 133 
67 83 
67 38 
67 136 
67 116 
67 110 
67 46 
67 34 
67 27 
67 28 
67 101 
67 130 
67 48 
67 37 
67 70 
67 22 
67 24 
68 67 
68 87 
68 22 
68 46 
68 89 
68 110 
68 142 
68 11 
68 135 
68 42 
68 120 
68 134 
68 127 
68 24 
68 105 
68 107 
68 92 
68 36 
68 76 
68 5 
68 74 
68 112 
68 138 
68 9 
68 114 
68 63 
68 8 
68 60 
68 99 
68 81 
68 0 
68 29 
68 19 
68 13 
68 121 
68 70 
68 48 
68 113 
68 132 
68 58 
69 139 
69 2 
69 116 
69 131 
69 49 
69 106 
69 126 
69 24 
69 58 
69 30 
69 55 
69 50 
69 80 
69 29 
69 91 
69 134 
69 47 
69 42 
69 35 
69 59 
69 33 
69 8 
69 32 
69 125 
69 14 
69 43 
69 45 
69 132 
69 140 
69 6 
69 119 
69 103 
69 117 
69 124 
69 77 
69 110 
69 128 
69 143 
69 99 
69 127 
69 81 
69 56 
69 115 
69 78 
69 141 
69 1 
69 15 
69 79 
69 34 
69 130 
69 38 
70 34 
70 85 
70 44 
70 142 
70 56 
70 133 
70 19 
70 111 
70 28 
70 6 
70 15 
70 82 
70 50 
70 23 
70 100 
70 87 
70 136 
70 78 
70 43 
70 102 
70 122 
70 1 
70 51 
70 35 
70 33 
70 9 
70 119 
70 12 
70 141 
70 140 
70 91 
70 14 
70 42 
70 106 
70 52 
70 55 
70 137 
70 77 
70 79 
70 117 
70 65 
70 62 
70 68 
70 110 
70 13 
70 27 
70 67 
70 104 
71 74 
71 57 
71 15 
71 123 
71 121 
71 138 
71 34 
71 111 
71 136 
71 60 
71 22 
71 41 
71 38 
71 51 
71 59 
71 130 
71 75 
71 82 
71 113 
71 27 
71 33 
71 96 
71 48 
71 128 
71 10 
71 20 
71 17 
71 97 
71 133 
71 137 
71 3 
71 106 
71 9 
71 13 
71 110 
72 109 
72 14 
72 107 
72 44 
72 56 
72 83 
72 54 
72 27 
72 139 
72 125 
72 16 
72 99 
72 102 
72 3 
72 130 
72 97 
72 40 
72 79 
72 55 
72 65 
72 32 
72 103 
72 114 
72 73 
72 53 
72 2 
72 80 
72 39 
72 82 
72 13 
72 84 
72 76 
72 21 
72 126 
72 93 
72 81 
72 47 
72 29 
72 52 
72 141 
72 131 
73 42 
73 3 
73 132 
73 0 
73 67 
73 23 
73 136 
73 113 
73 40 
73 84 
73 4 
73 127 
73 58 
73 76 
73 75 
73 45 
73 21 
73 118 
73 35 
73 30 
73 120 
73 106 
73 80 
73 56 
73 72 
73 126 
73 123 
73 133 
73 10 
73 55 
73 74 
73 6 
73 108 
73 31 
73 46 
73 99 
73 32 
73 51 
74 132 
74 56 
74 71 
74 1 
74 25 
74 47 
74 39 
74 37 
74 49 
74 100 
74 135 
74 44 
74 38 
74 65 
74 62 
74 41 
74 85 
74 99 
74 138 
74 12 
74 68 
74 93 
74 142 
74 50 
74 82 
74 52 
74 73 
74 116 
74 4 
74 29 
74 98 
74 124 
74 79 
74 22 
74 10 
74 76 
74 7 
74 120 
74 112 
74 46 
74 15 
75 20 
75 143 
75 84 
75 104 
75 76 
75 13 
75 117 
75 88 
75 83 
75 53 
75 63 
75 81 
75 78 
75 7 
75 107 
75 77 
75 128 
75 41 
75 113 
75 73 
75 96 
75 10 
75 6 
75 140 
75 40 
75 87 
75 121 
75 110 
75 22 
75 54 
75 71 
75 23 
75 3 
75 2 
75 56 
75 130 
75 29 
75 126 
75 18 
75 115 
75 39 
75 32 
75 5 
75 86 
75 58 
75 105 
75 36 
75 37 
75 136 
75 19 
75 135 
75 1 
75 26 
76 75 
76 32 
76 35 
76 125 
76 141 
76 63 
76 20 
76 89 
76 44 
76 93 
76 104 
76 73 
76 124 
76 68 
76 110 
76 54 
76 31 
76 34 
76 18 
76 113 
76 105 
76 133 
76 127 
76 109 
76 30 
76 3 
76 108 
76 42 
76 66 
76 7 
76 46 
76 19 
76 22 
76 84 
76 116 
76 85 
76 119 
76 72 
76 8 
76 29 
76 1 
76 55 
76 62 
76 106 
76 51 
76 74 
76 101 
76 94 
76 90 
76 56 
76 28 
76 134 
76 10 
76 138 
76 14 
76 49 
76 139 
76 107 
77 36 
77 79 
77 7 
77 120 
77 10 
77 97 
77 6 
77 43 
77 54 
77 135 
77 5 
77 83 
77 75 
77 66 
77 87 
77 3 
77 25 
77 26 
77 131 
77 31 
77 133 
77 103 
77 81 
77 57 
77 130 
77 8 
77 17 
77 69 
77 52 
77 70 
77 113 
77 142 
77 102 
77 27 
77 12 
77 62 
77 115 
77 91 
77 50 
77 138 
77 60 
77 128 
77 51 
77 96 
78 62 
78 1 
78 99 
78 75 
78 142 
78 131 
78 83 
78 140 
78 91 
78 52 
78 16 
78 70 
78 135 
78 88 
78 80 
78 116 
78 95 
78 60 
78 58 
78 93 
78 121 
78 51 
78 39 
78 10 
78 139 
78 133 
78 15 
78 129 
78 35 
78 55 
78 33 
78 27 
78 37 
78 11 
78 4 
78 114 
78 110 
78 69 
78 101 
78 50 
78 54 
78 44 
78 65 
78 12 
78 102 
78 126 
79 9 
79 65 
79 77 
79 109 
79 51 
79 110 
79 114 
79 127 
79 7 
79 142 
79 132 
79 113 
79 19 
79 29 
79 72 
79 100 
79 98 
79 143 
79 12 
79 141 
79 95 
79 119 
79 124 
79 125 
79 103 
79 111 
79 120 
79 140 
79 14 
79 33 
79 101 
79 70 
79 22 
79 74 
79 4 
79 108 
79 39 
79 57 
79 47 
79 81 
79 62 
79 106 
79 45 
79 69 
79 15 
79 97 
79 21 
79 44 
80 90 
80 104 
80 121 
80 54 
80 49 
80 5 
80 142 
80 107 
80 69 
80 46 
80 117 
80 78 
80 111 
80 93 
80 73 
80 9 
80 26 
80 114 
80 29 
80 72 
80 6 
80 109 
80 41 
80 120 
80 103 
80 125 
80 96 
80 110 
80 126 
80 8 
80 106 
80 98 
80 84 
80 127 
80 36 
80 133 
80 116 
81 7 
81 6 
81 44 
81 52 
81 75 
81 24 
81 53 
81 109 
81 83 
81 116 
81 41 
81 19 
81 106 
81 124 
81 88 
81 136 
81 14 
81 110 
81 104 
81 99 
81 77 
81 21 
81 33 
81 101 
81 105 
81 56 
81 120 
81 123 
81 96 
81 5 
81 48 
81 117 
81 130 
81 62 
81 68 
81 90 
81 66 
81 36 
81 69 
81 129 
81 30 
81 72 
81 79 
81 132 
81 98 
81 20 
82 5 
82 92 
82 50 
82 51 
82 107 
82 70 
82 139 
82 37 
82 94 
82 63 
82 20 
82 2 
82 66 
82 100 
82 67 
82 22 
82 42 
82 101 
82 99 
82 140 
82 105 
82 17 
82 91 
82 8 
82 109 
82 74 
82 133 
82 36 
82 123 
82 142 
82 98 
82 15 
82 58 
82 65 
82 56 
82 71 
82 111 
82 104 
82 53 
82 62 
82 72 
82 114 
82 32 
82 124 
82 9 
82 120 
82 89 
82 11 
82 46 
82 129 
82 21 
82 49 
82 128 
82 132 
83 55 
83 47 
83 123 
83 119 
83 75 
83 72 
83 77 
83 81 
83 62 
83 78 
83 54 
83 117 
83 143 
83 13 
83 126 
83 113 
83 93 
83 20 
83 25 
83 16 
83 32 
83 66 
83 85 
83 57 
83 22 
83 42 
83 105 
83 3 
83 48 
83 67 
83 14 
83 121 
83 115 
83 24 
83 6 
83 56 
83 110 
83 50 
83 52 
84 143 
84 132 
84 50 
84 75 
84 136 
84 12 
84 126 
84 94 
84 44 
84 128 
84 73 
84 42 
84 88 
84 61 
84 19 
84 133 
84 66 
84 89 
84 37 
84 0 
84 23 
84 98 
84 76 
84 108 
84 72 
84 11 
84 103 
84 80 
84 95 
84 60 
84 57 
84 113 
84 33 
84 137 
84 34 
85 70 
85 91 
85 128 
85 58 
85 105 
85 122 
85 46 
85 6 
85 108 
85 9 
85 13 
85 7 
85 39 
85 113 
85 67 
85 131 
85 74 
85 99 
85 25 
85 64 
85 125 
85 38 
85 118 
85 11 
85 83 
85 97 
85 48 
85 50 
85 139 
85 52 
85 40 
85 43 
85 27 
85 76 
85 140 
85 136 
85 0 
85 44 
85 143 
86 119 
86 126 
86 7 
86 128 
86 89 
86 58 
86 62 
86 131 
86 59 
86 53 
86 114 
86 46 
86 11 
86 45 
86 98 
86 141 
86 91 
86 19 
86 52 
86 9 
86 66 
86 24 
86 29 
86 142 
86 35 
86 16 
86 100 
86 117 
86 75 
86 87 
86 56 
86 124 
86 1 
86 50 
86 39 
86 3 
86 123 
86 105 
86 88 
86 90 
86 95 
86 41 
87 143 
87 68 
87 93 
87 114 
87 134 
87 49 
87 139 
87 91 
87 70 
87 135 
87 77 
87 35 
87 133 
87 103 
87 141 
87 99 
87 75 
87 65 
87 39 
87 62 
87 119 
87 137 
87 28 
87 24 
87 88 
87 34 
87 121 
87 89 
87 8 
87 112 
87 111 
87 104 
87 106 
87 43 
87 97 
87 100 
87 86 
87 25 
87 140 
87 18 
87 124 
87 21 
88 104 
88 9 
88 2 
88 133 
88 135 
88 55 
88 75 
88 12 
88 78 
88 84 
88 143 
88 81 
88 37 
88 36 
88 101 
88 134 
88 140 
88 94 
88 117 
88 67 
88 87 
88 53 
88 91 
88 121 
88 103 
88 127 
88 0 
88 113 
88 122 
88 95 
88 123 
88 19 
88 50 
88 43 
88 139 
88 106 
88 21 
88 86 
88 42 
88 22 
88 138 
89 33 
89 143 
89 130 
89 110 
89 13 
89 68 
89 27 
89 121 
89 25 
89 0 
89 100 
89 76 
89 93 
89 129 
89 9 
89 136 
89 86 
89 99 
89 131 
89 141 
89 53 
89 95 
89 125 
89 108 
89 47 
89 37 
89 90 
89 12 
89 84 
89 87 
89 133 
89 128 
89 92 
89 40 
89 57 
89 16 
89 21 
89 55 
89 38 
89 2 
89 30 
89 82 
89 4 
89 122 
90 128 
90 80 
90 138 
90 66 
90 51 
90 9 
90 26 
90 0 
90 119 
90 30 
90 63 
90 137 
90 20 
90 3 
90 11 
90 120 
90 15 
90 100 
90 89 
90 95 
90 25 
90 10 
90 55 
90 67 
90 47 
90 103 
90 31 
90 33 
90 129 
90 12 
90 81 
90 117 
90 58 
90 23 
90 76 
90 17 
90 109 
90 86 
90 126 
90 19 
91 85 
91 9 
91 20 
91 122 
91 50 
91 55 
91 106 
91 37 
91 53 
91 112 
91 87 
91 69 
91 92 
91 78 
91 132 
91 49 
91 102 
91 105 
91 28 
91 82 
91 110 
91 7 
91 96 
91 47 
91 86 
91 107 
91 125 
91 70 
91 36 
91 133 
91 115 
91 46 
91 24 
91 88 
91 77 
91 16 
91 135 
91 11 
92 105 
92 82 
92 32 
92 8 
92 126 
92 11 
92 34 
92 130 
92 91 
92 10 
92 68 
92 104 
92 93 
92 33 
92 49 
92 118 
92 102 
92 17 
92 94 
92 66 
92 29 
92 124 
92 135 
92 38 
92 108 
92 132 
92 127 
92 142 
92 42 
92 89 
92 51 
92 6 
92 106 
92 113 
92 60 
92 41 
92 47 
92 43 
92 103 
92 37 
92 139 
93 123 
93 117 
93 87 
93 48 
93 137 
93 65 
93 62 
93 116 
93 89 
93 9 
93 76 
93 97 
93 135 
93 126 
93 92 
93 105 
93 28 
93 83 
93 74 
93 125 
93 80 
93 46 
93 56 
93 78 
93 124 
93 37 
93 41 
93 18 
93 27 
93 102 
93 106 
93 108 
93 115 
93 110 
93 22 
93 51 
93 57 
93 30 
93 4 
93 141 
93 72 
93 121 
93 0 
93 8 
93 58 
93 16 
93 32 
93 120 
94 57 
94 138 
94 141 
94 115 
94 9 
94 103 
94 84 
94 116 
94 16 
94 43 
94 31 
94 25 
94 82 
94 0 
94 112 
94 3 
94 111 
94 142 
94 88 
94 59 
94 92 
94 133 
94 47 
94 18 
94 10 
94 95 
94 129 
94 62 
94 132 
94 28 
94 76 
94 13 
94 105 
94 125 
94 11 
94 27 
94 96 
95 113 
95 43 
95 17 
95 117 
95 58 
95 96 
95 61 
95 104 
95 63 
95 37 
95 6 
95 30 
95 78 
95 89 
95 103 
95 79 
95 19 
95 16 
95 90 
95 55 
95 1 
95 44 
95 131 
95 42 
95 116 
95 132 
95 124 
95 21 
95 48 
95 32 
95 94 
95 100 
95 20 
95 9 
95 88 
95 115 
95 84 
95 34 
95 110 
95 86 
96 13 
96 119 
96 133 
96 95 
96 126 
96 121 
96 104 
96 75 
96 55 
96 5 
96 66 
96 33 
96 91 
96 101 
96 129 
96 7 
96 60 
96 36 
96 81 
96 23 
96 134 
96 128 
96 124 
96 71 
96 53 
96 80 
96 51 
96 62 
96 9 
96 65 
96 43 
96 46 
96 110 
96 138 
96 94 
96 54 
96 141 
96 77 
97 116 
97 20 
97 62 
97 24 
97 43 
97 14 
97 77 
97 27 
97 107 
97 10 
97 4 
97 93 
97 115 
97 72 
97 32 
97 15 
97 50 
97 30 
97 130 
97 85 
97 114 
97 23 
97 49 
97 87 
97 47 
97 103 
97 71 
97 36 
97 60 
97 100 
97 9 
97 79 
97 98 
98 14 
98 142 
98 138 
98 65 
98 122 
98 1 
98 0 
98 104 
98 21 
98 39 
98 107 
98 56 
98 79 
98 129 
98 27 
98 26 
98 118 
98 86 
98 124 
98 115 
98 15 
98 125 
98 42 
98 29 
98 45 
98 82 
98 103 
98 130 
98 74 
98 84 
98 50 
98 5 
98 80 
98 121 
98 48 
98 10 
98 2 
98 51 
98 81 
98 110 
98 139 
98 33 
98 37 
98 97 
99 123 
99 17 
99 117 
99 27 
99 143 
99 54 
99 28 
99 60 
99 35 
99 78 
99 113 
99 140 
99 49 
99 38 
99 51 
99 107 
99 20 
99 72 
99 67 
99 47 
99 56 
99 89 
99 74 
99 85 
99 87 
99 81 
99 34 
99 82 
99 42 
99 118 
99 133 
99 45 
99 24 
99 36 
99 68 
99 37 
99 11 
99 57 
99 100 
99 52 
99 73 
99 69 
99 7 
99 40 
100 64 
100 57 
100 19 
100 127 
100 141 
100 33 
100 137 
100 74 
100 30 
100 12 
100 70 
100 89 
100 113 
100 52 
100 116 
100 103 
100 21 
100 15 
100 82 
100 143 
100 79 
100 58 
100 26 
100 120 
100 4 
100 60 
100 90 
100 67 
100 2 
100 14 
100 111 
100 86 
100 114 
100 29 
100 99 
100 110 
100 95 
100 87 
100 136 
100 11 
100 17 
100 126 
100 25 
100 10 
100 97 
100 130 
100 65 
100 35 
100 22 
100 133 
101 47 
101 114 
101 30 
101 53 
101 51 
101 33 
101 119 
101 112 
101 120 
101 24 
101 4 
101 117 
101 15 
101 124 
101 13 
101 136 
101 106 
101 64 
101 82 
101 88 
101 81 
101 6 
101 96 
101 10 
101 2 
101 26 
101 9 
101 65 
101 48 
101 135 
101 38 
101 79 
101 141 
101 129 
101 22 
101 63 
101 16 
101 54 
101 78 
101 76 
101 45 
101 67 
101 138 
102 59 
102 139 
102 44 
102 23 
102 118 
102 107 
102 113 
102 25 
102 133 
102 5 
102 112 
102 72 
102 47 
102 109 
102 103 
102 38 
102 91 
102 70 
102 46 
102 134 
102 10 
102 9 
102 129 
102 43 
102 92 
102 119 
102 29 
102 121 
102 93 
102 52 
102 12 
102 140 
102 15 
102 17 
102 33 
102 77 
102 3 
102 137 
102 54 
102 114 
102 78 
103 58 
103 51 
103 124 
103 43 
103 31 
103 1 
103 108 
103 24 
103 94 
103 126 
103 57 
103 119 
103 117 
103 0 
103 100 
103 102 
103 13 
103 87 
103 6 
103 67 
103 52 
103 77 
103 49 
103 35 
103 17 
103 118 
103 95 
103 8 
103 15 
103 72 
103 36 
103 26 
103 79 
103 11 
103 98 
103 69 
103 61 
103 90 
103 125 
103 116 
103 121 
103 23 
103 80 
103 45 
103 29 
103 62 
103 4 
103 122 
103 88 
103 84 
103 97 
103 54 
103 53 
103 50 
103 64 
103 3 
103 113 
103 9 
103 92 
103 16 
104 88 
104 23 
104 106 
104 136 
104 75 
104 132 
104 80 
104 48 
104 127 
104 62 
104 9 
104 143 
104 3 
104 95 
104 98 
104 22 
104 116 
104 76 
104 55 
104 96 
104 63 
104 57 
104 14 
104 92 
104 53 
104 113 
104 42 
104 13 
104 137 
104 81 
104 64 
104 128 
104 124 
104 31 
104 122 
104 131 
104 82 
104 87 
104 5 
104 17 
104 43 
104 121 
104 28 
104 115 
104 56 
104 19 
104 21 
104 65 
104 33 
104 46 
104 70 
105 40 
105 92 
105 30 
105 125 
105 85 
105 12 
105 32 
105 64 
105 53 
105 62 
105 135 
105 132 
105 68 
105 93 
105 91 
105 19 
105 54 
105 5 
105 46 
105 122 
105 15 
105 82 
105 76 
105 81 
105 133 
105 7 
105 57 
105 51 
105 83 
105 45 
105 23 
105 127 
105 134 
105 55 
105 36 
105 114 
105 52 
105 75 
105 94 
105 34 
105 16 
105 110 
105 86 
105 50 
105 66 
106 4 
106 104 
106 112 
106 91 
106 69 
106 56 
106 14 
106 60 
106 38 
106 8 
106 37 
106 124 
106 61 
106 41 
106 81 
106 49 
106 26 
106 12 
106 17 
106 101 
106 27 
106 19 
106 46 
106 134 
106 33 
106 73 
106 18 
106 131 
106 11 
106 70 
106 93 
106 39 
106 87 
106 5 
106 16 
106 57 
106 107 
106 114 
106 76 
106 110 
106 9 
106 80 
106 92 
106 21 
106 79 
106 32 
106 126 
106 88 
106 71 
106 143 
107 45 
107 18 
107 15 
107 72 
107 114 
107 55 
107 97 
107 119 
107 82 
107 80 
107 102 
107 75 
107 126 
107 115 
107 99 
107 30 
107 68 
107 66 
107 7 
107 98 
107 136 
107 109 
107 65 
107 130 
107 19 
107 64 
107 13 
107 124 
107 36 
107 91 
107 52 
107 118 
107 35 
107 113 
107 106 
107 125 
107 26 
107 37 
107 112 
107 2 
107 76 
108 56 
108 103 
108 63 
108 85 
108 109 
108 7 
108 40 
108 22 
108 142 
108 14 
108 130 
108 13 
108 89 
108 38 
108 65 
108 76 
108 29 
108 45 
108 58 
108 55 
108 93 
108 92 
108 32 
108 73 
108 84 
108 138 
108 53 
108 79 
108 46 
108 112 
108 44 
108 131 
109 31 
109 72 
109 12 
109 20 
109 79 
109 37 
109 34 
109 108 
109 81 
109 138 
109 65 
109 102 
109 111 
109 47 
109 122 
109 61 
109 53 
109 107 
109 115 
109 82 
109 76 
109 40 
109 62 
109 64 
109 80 
109 23 
109 29 
109 17 
109 110 
109 9 
109 55 
109 1 
109 13 
109 14 
109 90 
109 19 
109 35 
109 41 
109 42 
110 30 
110 135 
110 89 
110 11 
110 1 
110 23 
110 45 
110 79 
110 68 
110 63 
110 50 
110 38 
110 111 
110 5 
110 76 
110 57 
110 35 
110 81 
110 112 
110 75 
110 91 
110 51 
110 52 
110 20 
110 114 
110 0 
110 141 
110 116 
110 28 
110 53 
110 93 
110 126 
110 123 
110 69 
110 67 
110 64 
110 3 
110 109 
110 6 
110 80 
110 122 
110 78 
110 100 
110 24 
110 106 
110 113 
110 124 
110 70 
110 118 
110 105 
110 98 
110 83 
110 96 
110 95 
110 10 
110 17 
110 71 
110 54 
111 65 
111 9 
111 25 
111 22 
111 138 
111 70 
111 45 
111 17 
111 20 
111 71 
111 117 
111 110 
111 109 
111 40 
111 80 
111 118 
111 94 
111 19 
111 42 
111 136 
111 67 
111 30 
111 62 
111 6 
111 79 
111 8 
111 63 
111 82 
111 140 
111 87 
111 100 
111 49 
111 10 
111 11 
111 66 
111 18 
111 34 
111 122 
111 41 
111 16 
111 130 
111 27 
111 115 
111 28 
111 2 
111 119 
112 29 
112 106 
112 35 
112 121 
112 101 
112 6 
112 91 
112 102 
112 116 
112 15 
112 131 
112 28 
112 135 
112 94 
112 110 
112 68 
112 117 
112 126 
112 119 
112 10 
112 123 
112 24 
112 38 
112 115 
112 87 
112 137 
112 17 
112 56 
112 32 
112 27 
112 74 
112 108 
112 107 
112 113 
112 64 
112 14 
112 19 
113 15 
113 26 
113 95 
113 17 
113 50 
113 120 
113 31 
113 73 
113 99 
113 102 
113 100 
113 85 
113 44 
113 64 
113 123 
113 75 
113 79 
113 55 
113 83 
113 104 
113 7 
113 38 
113 76 
113 49 
113 8 
113 10 
113 141 
113 19 
113 45 
113 14 
113 71 
113 11 
113 124 
113 117 
113 77 
113 107 
113 3 
113 88 
113 110 
113 92 
113 68 
113 84 
113 103 
113 115 
113 129 
113 112 
114 38 
114 58 
114 87 
114 101 
114 107 
114 40 
114 5 
114 79 
114 125 
114 21 
114 86 
114 131 
114 129 
114 68 
114 72 
114 136 
114 134 
114 110 
114 80 
114 97 
114 65 
114 46 
114 140 
114 82 
114 100 
114 78 
114 31 
114 105 
114 106 
114 115 
114 57 
114 10 
114 133 
114 63 
114 102 
114 36 
114 41 
115 118 
115 19 
115 32 
115 94 
115 141 
115 29 
115 20 
115 17 
115 107 
115 37 
115 97 
115 42 
115 135 
115 56 
115 139 
115 136 
115 23 
115 30 
115 26 
115 109 
115 45 
115 28 
115 130 
115 124 
115 98 
115 119 
115 112 
115 53 
115 93 
115 7 
115 75 
115 18 
115 91 
115 120 
115 31 
115 62 
115 104 
115 114 
115 77 
115 69 
115 40 
115 134 
115 59 
115 6 
115 83 
115 95 
115 14 
115 113 
115 111 
115 57 
116 36 
116 97 
116 118 
116 69 
116 38 
116 43 
116 41 
116 33 
116 20 
116 136 
116 94 
116 55 
116 93 
116 16 
116 27 
116 15 
116 9 
116 104 
116 140 
116 112 
116 81 
116 100 
116 131 
116 4 
116 143 
116 13 
116 78 
116 121 
116 5 
116 17 
116 2 
116 110 
116 51 
116 74 
116 95 
116 29 
116 103 
116 120 
116 76 
116 67 
116 59 
116 26 
116 54 
116 30 
116 80 
116 44 
116 129 
117 119 
117 99 
117 1 
117 93 
117 64 
117 141 
117 75 
117 48 
117 95 
117 124 
117 2 
117 137 
117 59 
117 101 
117 44 
117 103 
117 83 
117 80 
117 26 
117 111 
117 10 
117 43 
117 3 
117 112 
117 88 
117 31 
117 136 
117 38 
117 69 
117 66 
117 113 
117 86 
117 81 
117 70 
117 0 
117 90 
117 56 
117 138 
117 4 
117 139 
118 115 
118 116 
118 142 
118 102 
118 131 
118 33 
118 141 
118 23 
118 73 
118 55 
118 5 
118 51 
118 111 
118 39 
118 103 
118 98 
118 92 
118 35 
118 20 
118 99 
118 85 
118 58 
118 29 
118 48 
118 42 
118 135 
118 107 
118 27 
118 26 
118 7 
118 64 
118 122 
118 110 
118 2 
118 136 
119 62 
119 117 
119 86 
119 23 
119 83 
119 96 
119 101 
119 107 
119 17 
119 103 
119 90 
119 57 
119 41 
119 16 
119 46 
119 112 
119 142 
119 79 
119 134 
119 27 
119 70 
119 87 
119 9 
119 102 
119 15 
119 115 
119 138 
119 69 
119 61 
119 131 
119 141 
119 127 
119 5 
119 76 
119 3 
119 34 
119 12 
119 25 
119 18 
119 137 
119 22 
119 21 
119 55 
119 111 
120 63 
120 129 
120 21 
120 11 
120 56 
120 47 
120 77 
120 113 
120 19 
120 133 
120 138 
120 101 
120 57 
120 68 
120 20 
120 135 
120 46 
120 31 
120 33 
120 43 
120 124 
120 100 
120 90 
120 73 
120 14 
120 137 
120 1 
120 62 
120 81 
120 6 
120 79 
120 26 
120 17 
120 39 
120 142 
120 115 
120 116 
120 80 
120 66 
120 24 
120 82 
120 28 
120 74 
120 10 
120 30 
120 29 
120 93 
121 66 
121 63 
121 80 
121 34 
121 126 
121 140 
121 89 
121 112 
121 71 
121 58 
121 4 
121 134 
121 51 
121 96 
121 124 
121 65 
121 47 
121 18 
121 75 
121 30 
121 116 
121 78 
121 102 
121 127 
121 87 
121 122 
121 8 
121 10 
121 103 
121 33 
121 1 
121 88 
121 29 
121 38 
121 104 
121 83 
121 68 
121 93 
121 98 
121 64 
121 131 
121 137 
121 37 
122 91 
122 85 
122 98 
122 41 
122 13 
122 56 
122 141 
122 40 
122 109 
122 49 
122 70 
122 105 
122 36 
122 67 
122 11 
122 104 
122 136 
122 44 
122 59 
122 57 
122 121 
122 0 
122 29 
122 135 
122 51 
122 138 
122 12 
122 110 
122 103 
122 118 
122 88 
122 16 
122 111 
122 131 
122 133 
122 89 
122 64 
123 99 
123 93 
123 49 
123 63 
123 24 
123 31 
123 83 
123 138 
123 52 
123 71 
123 141 
123 25 
123 26 
123 113 
123 47 
123 20 
123 30 
123 140 
123 39 
123 3 
123 112 
123 82 
123 16 
123 81 
123 73 
123 35 
123 135 
123 51 
123 46 
123 110 
123 143 
123 23 
123 27 
123 139 
123 86 
123 88 
123 32 
123 61 
123 0 
123 8 
123 1 
123 29 
124 103 
124 48 
124 2 
124 117 
124 106 
124 121 
124 76 
124 44 
124 59 
124 101 
124 81 
124 120 
124 58 
124 16 
124 67 
124 36 
124 129 
124 93 
124 104 
124 115 
124 79 
124 98 
124 29 
124 107 
124 92 
124 24 
124 69 
124 95 
124 113 
124 96 
124 143 
124 74 
124 86 
124 82 
124 1 
124 49 
124 28 
124 110 
124 21 
124 20 
124 17 
124 41 
124 87 
125 24 
125 141 
125 105 
125 21 
125 76 
125 41 
125 11 
125 23 
125 18 
125 72 
125 139 
125 46 
125 133 
125 114 
125 8 
125 130 
125 51 
125 93 
125 89 
125 69 
125 85 
125 58 
125 98 
125 79 
125 6 
125 67 
125 91 
125 10 
125 103 
125 80 
125 60 
125 13 
125 43 
125 107 
125 94 
125 42 
125 5 
125 9 
125 136 
125 137 
126 86 
126 127 
126 69 
126 42 
126 143 
126 121 
126 84 
126 103 
126 92 
126 96 
126 8 
126 107 
126 20 
126 59 
126 93 
126 12 
126 134 
126 83 
126 131 
126 4 
126 112 
126 130 
126 142 
126 38 
126 56 
126 73 
126 17 
126 44 
126 61 
126 110 
126 75 
126 23 
126 49 
126 80 
126 72 
126 9 
126 30 
126 62 
126 100 
126 106 
126 24 
126 90 
126 78 
126 6 
127 126 
127 30 
127 59 
127 13 
127 100 
127 104 
127 32 
127 1 
127 12 
127 79 
127 68 
127 24 
127 73 
127 20 
127 22 
127 28 
127 25 
127 55 
127 23 
127 3 
127 61 
127 76 
127 133 
127 16 
127 135 
127 121 
127 11 
127 92 
127 56 
127 42 
127 119 
127 105 
127 132 
127 66 
127 130 
127 15 
127 69 
127 88 
127 139 
127 7 
127 80 
127 143 
127 64 
127 46 
128 90 
128 85 
128 22 
128 4 
128 49 
128 21 
128 143 
128 84 
128 86 
128 75 
128 7 
128 8 
128 51 
128 104 
128 42 
128 13 
128 60 
128 48 
128 61 
128 64 
128 96 
128 38 
128 89 
128 71 
128 69 
128 10 
128 131 
128 130 
128 16 
128 77 
128 19 
128 11 
128 82 
128 41 
128 30 
129 120 
129 10 
129 89 
129 47 
129 31 
129 62 
129 0 
129 98 
129 124 
129 102 
129 3 
129 114 
129 96 
129 139 
129 43 
129 78 
129 37 
129 134 
129 53 
129 41 
129 90 
129 101 
129 61 
129 60 
129 94 
129 132 
129 19 
129 81 
129 21 
129 6 
129 113 
129 82 
129 30 
129 116 
129 29 
130 89 
130 54 
130 1 
130 49 
130 15 
130 26 
130 92 
130 7 
130 72 
130 6 
130 108 
130 125 
130 2 
130 39 
130 5 
130 138 
130 107 
130 38 
130 11 
130 126 
130 115 
130 77 
130 71 
130 140 
130 97 
130 75 
130 56 
130 59 
130 98 
130 81 
130 137 
130 128 
130 127 
130 133 
130 48 
130 60 
130 67 
130 111 
130 19 
130 69 
130 100 
130 13 
130 50 
131 2 
131 69 
131 7 
131 133 
131 52 
131 67 
131 118 
131 32 
131 78 
131 18 
131 112 
131 116 
131 86 
131 34 
131 89 
131 85 
131 77 
131 33 
131 54 
131 126 
131 6 
131 142 
131 27 
131 114 
131 28 
131 38 
131 106 
131 48 
131 50 
131 104 
131 55 
131 56 
131 95 
131 47 
131 119 
131 42 
131 128 
131 122 
131 121 
131 35 
131 72 
131 108 
131 66 
132 84 
132 34 
132 74 
132 104 
132 49 
132 73 
132 8 
132 57 
132 136 
132 31 
132 139 
132 36 
132 105 
132 17 
132 67 
132 91 
132 79 
132 40 
132 64 
132 51 
132 69 
132 21 
132 42 
132 11 
132 53 
132 92 
132 95 
132 129 
132 127 
132 32 
132 141 
132 94 
132 62 
132 137 
132 81 
132 0 
132 68 
132 48 
132 15 
132 82 
133 61 
133 88 
133 12 
133 131 
133 70 
133 44 
133 120 
133 50 
133 96 
133 102 
133 48 
133 125 
133 1 
133 49 
133 7 
133 87 
133 0 
133 77 
133 28 
133 76 
133 99 
133 127 
133 140 
133 82 
133 25 
133 84 
133 105 
133 56 
133 94 
133 52 
133 78 
133 73 
133 89 
133 8 
133 22 
133 67 
133 47 
133 91 
133 2 
133 41 
133 34 
133 142 
133 138 
133 40 
133 130 
133 59 
133 114 
133 30 
133 122 
133 71 
133 80 
133 46 
133 100 
134 87 
134 0 
134 139 
134 48 
134 121 
134 68 
134 69 
134 65 
134 57 
134 2 
134 18 
134 143 
134 126 
134 102 
134 37 
134 59 
134 88 
134 106 
134 119 
134 12 
134 114 
134 129 
134 5 
134 96 
134 35 
134 105 
134 30 
134 41 
134 17 
134 9 
134 115 
134 76 
134 52 
134 137 
135 110 
135 88 
135 63 
135 48 
135 68 
135 77 
135 74 
135 105 
135 87 
135 93 
135 120 
135 115 
135 78 
135 112 
135 65 
135 35 
135 51 
135 127 
135 92 
135 55 
135 123 
135 118 
135 101 
135 15 
135 140 
135 26 
135 122 
135 18 
135 44 
135 14 
135 143 
135 75 
135 91 
135 3 
135 37 
136 104 
136 84 
136 34 
136 132 
136 116 
136 73 
136 56 
136 58 
136 70 
136 89 
136 7 
136 71 
136 101 
136 54 
136 137 
136 81 
136 115 
136 107 
136 45 
136 13 
136 111 
136 28 
136 122 
136 114 
136 117 
136 41 
136 14 
136 139 
136 39 
136 67 
136 21 
136 17 
136 55 
136 20 
136 85 
136 100 
136 143 
136 65 
136 44 
136 5 
136 75 
136 35 
136 125 
136 118 
137 39 
137 93 
137 100 
137 63 
137 59 
137 13 
137 117 
137 26 
137 54 
137 48 
137 11 
137 136 
137 139 
137 90 
137 104 
137 34 
137 37 
137 25 
137 120 
137 46 
137 87 
137 66 
137 45 
137 18 
137 112 
137 52 
137 32 
137 50 
137 60 
137 70 
137 1 
137 130 
137 44 
137 102 
137 56 
137 27 
137 132 
137 40 
137 38 
137 31 
137 119 
137 71 
137 84 
137 121 
137 141 
137 125 
137 134 
138 45 
138 5 
138 98 
138 90 
138 67 
138 12 
138 53 
138 94 
138 111 
138 123 
138 40 
138 120 
138 36 
138 71 
138 8 
138 109 
138 10 
138 74 
138 29 
138 68 
138 130 
138 47 
138 66 
138 26 
138 38 
138 24 
138 58 
138 119 
138 4 
138 62 
138 122 
138 0 
138 140 
138 142 
138 139 
138 108 
138 133 
138 77 
138 3 
138 51 
138 25 
138 101 
138 117 
138 27 
138 76 
138 23 
138 42 
138 96 
138 14 
138 88 
139 69 
139 61 
139 143 
139 102 
139 134 
139 20 
139 54 
139 141 
139 29 
139 87 
139 50 
139 82 
139 132 
139 72 
139 125 
139 3 
139 115 
139 137 
139 1 
139 9 
139 66 
139 40 
139 6 
139 26 
139 64 
139 78 
139 129 
139 65 
139 36 
139 85 
139 34 
139 136 
139 18 
139 138 
139 127 
139 123 
139 42 
139 88 
139 98 
139 117 
139 76 
139 92 
139 38 
140 10 
140 121 
140 21 
140 6 
140 142 
140 42 
140 99 
140 116 
140 78 
140 24 
140 75 
140 45 
140 123 
140 82 
140 5 
140 88 
140 133 
140 55 
140 69 
140 130 
140 70 
140 38 
140 111 
140 79 
140 102 
140 114 
140 135 
140 138 
140 1 
140 9 
140 85 
140 87 
140 33 
141 142 
141 125 
141 10 
141 59 
141 13 
141 117 
141 94 
141 18 
141 100 
141 115 
141 139 
141 34 
141 76 
141 118 
141 67 
141 16 
141 122 
141 123 
141 24 
141 8 
141 30 
141 89 
141 87 
141 51 
141 79 
141 9 
141 54 
141 17 
141 113 
141 86 
141 28 
141 70 
141 42 
141 39 
141 110 
141 22 
141 119 
141 101 
141 53 
141 64 
141 93 
141 132 
141 61 
141 32 
141 69 
141 25 
141 72 
141 40 
141 48 
141 137 
141 96 
142 141 
142 70 
142 98 
142 118 
142 34 
142 140 
142 80 
142 68 
142 60 
142 78 
142 20 
142 108 
142 79 
142 55 
142 40 
142 74 
142 131 
142 94 
142 119 
142 66 
142 22 
142 126 
142 82 
142 56 
142 86 
142 92 
142 27 
142 120 
142 77 
142 138 
142 39 
142 133 
142 4 
142 54 
142 33 
142 38 
143 84 
143 87 
143 89 
143 75 
143 139 
143 47 
143 99 
143 126 
143 45 
143 56 
143 40 
143 104 
143 24 
143 128 
143 58 
143 36 
143 20 
143 83 
143 10 
143 116 
143 88 
143 134 
143 100 
143 53 
143 79 
143 46 
143 32 
143 19 
143 123 
143 124 
143 0 
143 12 
143 69 
143 57 
143 7 
143 135 
143 44 
143 136 
143 66 
143 127 
143 62 
143 26 
143 85 
143 106 
143 48 
