0 22 
0 10 
0 76 
0 54 
0 36 
0 89 
0 126 
0 23 
0 45 
0 140 
0 25 
0 66 
0 114 
0 134 
0 110 
0 128 
0 97 
0 100 
0 131 
0 122 
0 29 
0 12 
0 130 
0 51 
0 44 
0 96 
0 46 
0 123 
0 106 
0 24 
0 28 
0 20 
0 4 
0 150 
0 18 
0 90 
0 148 
0 101 
0 37 
0 58 
0 127 
0 74 
0 8 
0 7 
0 149 
0 99 
0 80 
0 121 
0 83 
0 153 
0 1 
0 85 
0 78 
0 79 
0 42 
0 142 
0 57 
0 5 
0 135 
0 84 
0 132 
0 40 
0 41 
0 143 
0 94 
0 43 
0 104 
0 16 
0 52 
0 21 
0 102 
0 139 
0 65 
0 55 
1 73 
1 113 
1 114 
1 29 
1 102 
1 60 
1 111 
1 69 
1 133 
1 26 
1 143 
1 118 
1 112 
1 132 
1 13 
1 87 
1 32 
1 45 
1 99 
1 74 
1 30 
1 125 
1 16 
1 141 
1 2 
1 120 
1 119 
1 75 
1 152 
1 95 
1 122 
1 10 
1 88 
1 109 
1 23 
1 101 
1 80 
1 116 
1 24 
1 150 
1 86 
1 81 
1 145 
1 110 
1 42 
1 149 
1 129 
1 128 
1 35 
1 151 
1 46 
1 47 
1 58 
1 67 
1 4 
1 31 
1 11 
1 8 
1 79 
1 25 
1 0 
1 51 
1 37 
1 20 
1 117 
1 123 
1 70 
1 138 
1 14 
1 57 
1 19 
1 72 
1 78 
1 6 
1 71 
1 50 
2 32 
2 45 
2 122 
2 124 
2 115 
2 47 
2 141 
2 14 
2 34 
2 72 
2 37 
2 121 
2 89 
2 86 
2 105 
2 97 
2 30 
2 96 
2 93 
2 101 
2 119 
2 1 
2 39 
2 9 
2 11 
2 81 
2 31 
2 56 
2 106 
2 114 
2 12 
2 94 
2 59 
2 21 
2 112 
2 67 
2 24 
2 27 
2 100 
2 91 
2 127 
2 111 
2 61 
2 15 
2 19 
2 18 
2 76 
2 98 
2 150 
2 133 
2 17 
2 120 
2 140 
2 152 
2 90 
2 123 
2 41 
2 138 
2 139 
2 29 
2 117 
2 134 
2 26 
2 78 
2 71 
2 118 
2 6 
2 132 
2 33 
3 20 
3 71 
3 19 
3 118 
3 141 
3 48 
3 30 
3 131 
3 94 
3 18 
3 50 
3 57 
3 46 
3 138 
3 84 
3 128 
3 150 
3 137 
3 27 
3 52 
3 76 
3 153 
3 24 
3 45 
3 121 
3 63 
3 78 
3 4 
3 148 
3 77 
3 51 
3 83 
3 47 
3 96 
3 100 
3 38 
3 146 
3 43 
3 65 
3 145 
3 15 
3 103 
3 67 
3 70 
3 55 
3 132 
3 62 
3 16 
3 127 
3 110 
3 93 
3 49 
3 111 
3 139 
3 123 
3 119 
3 11 
3 64 
3 130 
3 82 
3 79 
3 5 
3 35 
3 99 
3 54 
3 66 
3 23 
3 10 
3 53 
3 9 
3 109 
3 149 
3 140 
3 105 
3 89 
3 80 
3 136 
3 44 
3 144 
3 17 
4 142 
4 122 
4 20 
4 56 
4 106 
4 131 
4 116 
4 55 
4 45 
4 145 
4 129 
4 5 
4 25 
4 60 
4 10 
4 9 
4 24 
4 36 
4 53 
4 105 
4 19 
4 92 
4 38 
4 3 
4 35 
4 80 
4 97 
4 104 
4 127 
4 87 
4 110 
4 69 
4 66 
4 15 
4 94 
4 0 
4 29 
4 132 
4 148 
4 100 
4 119 
4 86 
4 48 
4 1 
4 125 
4 59 
4 120 
4 44 
4 18 
4 139 
4 109 
4 81 
4 140 
4 16 
4 144 
4 126 
4 6 
4 37 
4 67 
4 33 
4 11 
4 58 
4 64 
4 46 
4 149 
4 84 
4 51 
4 103 
4 96 
4 136 
4 73 
4 8 
5 76 
5 150 
5 68 
5 18 
5 54 
5 71 
5 109 
5 41 
5 115 
5 148 
5 87 
5 4 
5 73 
5 28 
5 126 
5 39 
5 20 
5 38 
5 69 
5 25 
5 147 
5 66 
5 90 
5 62 
5 83 
5 99 
5 31 
5 113 
5 103 
5 123 
5 23 
5 84 
5 21 
5 67 
5 30 
5 22 
5 77 
5 132 
5 108 
5 81 
5 40 
5 135 
5 52 
5 130 
5 111 
5 42 
5 33 
5 112 
5 51 
5 15 
5 9 
5 7 
5 128 
5 93 
5 3 
5 110 
5 145 
5 46 
5 0 
5 131 
5 78 
5 13 
5 53 
5 152 
5 117 
5 70 
5 36 
5 65 
5 37 
5 10 
5 153 
5 74 
5 8 
5 100 
6 37 
6 130 
6 140 
6 125 
6 33 
6 136 
6 12 
6 123 
6 21 
6 38 
6 77 
6 57 
6 47 
6 96 
6 127 
6 105 
6 62 
6 84 
6 74 
6 101 
6 13 
6 135 
6 121 
6 73 
6 107 
6 42 
6 150 
6 68 
6 106 
6 44 
6 14 
6 72 
6 147 
6 70 
6 66 
6 87 
6 39 
6 28 
6 29 
6 52 
6 118 
6 79 
6 88 
6 122 
6 104 
6 132 
6 153 
6 59 
6 54 
6 126 
6 149 
6 143 
6 97 
6 81 
6 145 
6 50 
6 46 
6 32 
6 24 
6 75 
6 49 
6 4 
6 82 
6 36 
6 110 
6 30 
6 91 
6 138 
6 137 
6 95 
6 112 
6 124 
6 31 
6 99 
6 61 
6 48 
6 119 
6 80 
6 7 
6 141 
6 27 
6 9 
6 2 
6 114 
6 1 
6 11 
7 48 
7 78 
7 110 
7 61 
7 49 
7 146 
7 26 
7 101 
7 56 
7 148 
7 69 
7 105 
7 33 
7 31 
7 11 
7 119 
7 88 
7 126 
7 92 
7 152 
7 150 
7 109 
7 43 
7 106 
7 93 
7 65 
7 138 
7 108 
7 39 
7 86 
7 89 
7 52 
7 103 
7 19 
7 54 
7 53 
7 23 
7 10 
7 27 
7 80 
7 145 
7 0 
7 64 
7 90 
7 70 
7 136 
7 123 
7 132 
7 137 
7 153 
7 14 
7 100 
7 5 
7 102 
7 130 
7 91 
7 58 
7 21 
7 85 
7 112 
7 99 
7 76 
7 124 
7 129 
7 62 
7 96 
7 104 
7 38 
7 13 
7 32 
7 73 
7 41 
7 87 
7 71 
7 6 
7 94 
7 81 
7 131 
8 59 
8 104 
8 112 
8 43 
8 85 
8 94 
8 10 
8 71 
8 80 
8 18 
8 89 
8 105 
8 75 
8 63 
8 123 
8 126 
8 34 
8 88 
8 102 
8 39 
8 97 
8 77 
8 76 
8 125 
8 106 
8 74 
8 20 
8 37 
8 19 
8 147 
8 153 
8 107 
8 84 
8 122 
8 146 
8 99 
8 14 
8 90 
8 118 
8 124 
8 70 
8 62 
8 148 
8 26 
8 24 
8 150 
8 127 
8 66 
8 0 
8 56 
8 21 
8 96 
8 137 
8 133 
8 73 
8 53 
8 1 
8 93 
8 79 
8 68 
8 115 
8 30 
8 13 
8 9 
8 135 
8 47 
8 29 
8 31 
8 114 
8 60 
8 48 
8 23 
8 57 
8 109 
8 5 
8 151 
8 4 
8 86 
8 50 
9 152 
9 35 
9 85 
9 112 
9 74 
9 101 
9 118 
9 14 
9 132 
9 100 
9 21 
9 24 
9 94 
9 84 
9 63 
9 10 
9 52 
9 119 
9 16 
9 4 
9 64 
9 141 
9 125 
9 149 
9 78 
9 153 
9 2 
9 27 
9 40 
9 138 
9 108 
9 107 
9 99 
9 87 
9 30 
9 50 
9 20 
9 59 
9 123 
9 47 
9 83 
9 133 
9 58 
9 105 
9 69 
9 46 
9 90 
9 56 
9 12 
9 121 
9 33 
9 28 
9 72 
9 53 
9 62 
9 93 
9 5 
9 146 
9 140 
9 13 
9 122 
9 91 
9 8 
9 88 
9 39 
9 54 
9 3 
9 22 
9 71 
9 73 
9 6 
9 117 
9 34 
9 103 
9 96 
10 0 
10 134 
10 8 
10 133 
10 85 
10 140 
10 150 
10 9 
10 153 
10 62 
10 114 
10 118 
10 123 
10 132 
10 4 
10 32 
10 148 
10 21 
10 51 
10 81 
10 34 
10 109 
10 40 
10 117 
10 143 
10 55 
10 48 
10 142 
10 31 
10 1 
10 88 
10 27 
10 79 
10 151 
10 113 
10 91 
10 71 
10 60 
10 69 
10 44 
10 75 
10 33 
10 73 
10 106 
10 7 
10 119 
10 127 
10 23 
10 15 
10 56 
10 111 
10 59 
10 141 
10 124 
10 125 
10 38 
10 147 
10 103 
10 37 
10 63 
10 122 
10 146 
10 68 
10 39 
10 90 
10 130 
10 53 
10 3 
10 94 
10 144 
10 72 
10 5 
10 17 
10 86 
10 13 
10 25 
10 112 
10 57 
10 20 
10 77 
10 97 
10 126 
11 143 
11 75 
11 132 
11 120 
11 24 
11 22 
11 146 
11 124 
11 152 
11 149 
11 104 
11 59 
11 70 
11 42 
11 129 
11 66 
11 7 
11 29 
11 28 
11 96 
11 2 
11 130 
11 20 
11 73 
11 134 
11 19 
11 86 
11 118 
11 131 
11 97 
11 21 
11 80 
11 145 
11 112 
11 94 
11 93 
11 138 
11 151 
11 125 
11 39 
11 148 
11 30 
11 18 
11 88 
11 64 
11 68 
11 43 
11 126 
11 127 
11 27 
11 150 
11 79 
11 85 
11 41 
11 49 
11 82 
11 117 
11 1 
11 105 
11 95 
11 139 
11 3 
11 58 
11 15 
11 57 
11 101 
11 100 
11 17 
11 87 
11 60 
11 37 
11 69 
11 4 
11 122 
11 90 
11 121 
11 56 
11 6 
11 123 
12 54 
12 73 
12 32 
12 20 
12 152 
12 6 
12 105 
12 83 
12 114 
12 25 
12 62 
12 28 
12 140 
12 151 
12 90 
12 27 
12 120 
12 61 
12 14 
12 56 
12 67 
12 76 
12 24 
12 135 
12 89 
12 45 
12 133 
12 0 
12 2 
12 69 
12 21 
12 58 
12 88 
12 94 
12 100 
12 99 
12 29 
12 132 
12 106 
12 86 
12 142 
12 124 
12 145 
12 9 
12 146 
12 147 
12 30 
12 42 
12 97 
12 95 
12 127 
12 68 
12 103 
12 153 
12 148 
12 44 
12 74 
12 65 
12 84 
12 23 
12 72 
12 87 
12 98 
12 129 
12 125 
12 113 
12 16 
12 50 
12 59 
12 26 
12 80 
12 112 
12 138 
12 52 
12 57 
12 91 
12 71 
12 43 
12 15 
13 15 
13 18 
13 140 
13 123 
13 141 
13 108 
13 124 
13 32 
13 148 
13 78 
13 120 
13 133 
13 54 
13 1 
13 126 
13 68 
13 57 
13 132 
13 6 
13 26 
13 102 
13 113 
13 92 
13 30 
13 83 
13 134 
13 90 
13 60 
13 94 
13 48 
13 52 
13 71 
13 73 
13 34 
13 143 
13 14 
13 79 
13 152 
13 110 
13 61 
13 137 
13 98 
13 16 
13 151 
13 107 
13 105 
13 99 
13 89 
13 29 
13 63 
13 114 
13 104 
13 121 
13 36 
13 82 
13 39 
13 40 
13 66 
13 49 
13 147 
13 127 
13 31 
13 9 
13 131 
13 33 
13 53 
13 122 
13 22 
13 8 
13 5 
13 7 
13 51 
13 72 
13 56 
13 41 
13 10 
13 87 
14 93 
14 43 
14 47 
14 129 
14 9 
14 50 
14 2 
14 68 
14 59 
14 88 
14 110 
14 42 
14 66 
14 19 
14 82 
14 60 
14 126 
14 29 
14 103 
14 151 
14 12 
14 121 
14 73 
14 55 
14 101 
14 6 
14 139 
14 86 
14 23 
14 117 
14 145 
14 143 
14 115 
14 13 
14 111 
14 138 
14 24 
14 18 
14 95 
14 152 
14 51 
14 8 
14 79 
14 144 
14 36 
14 124 
14 119 
14 135 
14 100 
14 17 
14 84 
14 96 
14 132 
14 89 
14 122 
14 98 
14 131 
14 148 
14 7 
14 52 
14 92 
14 65 
14 113 
14 147 
14 102 
14 136 
14 87 
14 37 
14 45 
14 16 
14 44 
14 1 
14 123 
14 130 
14 27 
15 59 
15 13 
15 64 
15 16 
15 44 
15 105 
15 90 
15 53 
15 42 
15 74 
15 95 
15 46 
15 111 
15 73 
15 56 
15 50 
15 30 
15 144 
15 31 
15 96 
15 152 
15 98 
15 120 
15 83 
15 100 
15 67 
15 40 
15 132 
15 29 
15 149 
15 142 
15 131 
15 36 
15 102 
15 109 
15 4 
15 55 
15 39 
15 72 
15 3 
15 32 
15 63 
15 10 
15 2 
15 61 
15 5 
15 101 
15 99 
15 119 
15 65 
15 68 
15 33 
15 11 
15 77 
15 134 
15 79 
15 126 
15 47 
15 54 
15 107 
15 122 
15 91 
15 125 
15 118 
15 12 
16 107 
16 15 
16 26 
16 50 
16 58 
16 41 
16 148 
16 136 
16 56 
16 18 
16 77 
16 106 
16 117 
16 126 
16 28 
16 98 
16 9 
16 144 
16 124 
16 1 
16 108 
16 139 
16 119 
16 78 
16 87 
16 86 
16 128 
16 47 
16 93 
16 39 
16 69 
16 35 
16 152 
16 138 
16 19 
16 94 
16 53 
16 145 
16 59 
16 79 
16 113 
16 13 
16 143 
16 109 
16 151 
16 3 
16 48 
16 70 
16 40 
16 24 
16 72 
16 84 
16 74 
16 91 
16 76 
16 38 
16 65 
16 96 
16 21 
16 64 
16 34 
16 127 
16 71 
16 4 
16 121 
16 97 
16 20 
16 146 
16 12 
16 14 
16 122 
16 125 
16 62 
16 81 
16 68 
16 0 
17 76 
17 56 
17 34 
17 145 
17 77 
17 36 
17 66 
17 148 
17 153 
17 47 
17 88 
17 51 
17 92 
17 40 
17 123 
17 146 
17 42 
17 57 
17 21 
17 87 
17 130 
17 68 
17 26 
17 149 
17 62 
17 139 
17 25 
17 75 
17 122 
17 53 
17 71 
17 105 
17 98 
17 86 
17 126 
17 117 
17 14 
17 22 
17 131 
17 79 
17 137 
17 2 
17 74 
17 65 
17 80 
17 83 
17 55 
17 129 
17 143 
17 11 
17 96 
17 142 
17 150 
17 127 
17 112 
17 99 
17 54 
17 38 
17 152 
17 97 
17 10 
17 81 
17 48 
17 23 
17 111 
17 61 
17 46 
17 3 
18 102 
18 153 
18 13 
18 112 
18 36 
18 29 
18 50 
18 5 
18 141 
18 16 
18 40 
18 3 
18 71 
18 33 
18 130 
18 31 
18 95 
18 80 
18 8 
18 92 
18 137 
18 128 
18 84 
18 39 
18 109 
18 134 
18 123 
18 110 
18 54 
18 143 
18 38 
18 113 
18 48 
18 135 
18 28 
18 74 
18 142 
18 66 
18 145 
18 27 
18 14 
18 52 
18 116 
18 0 
18 11 
18 79 
18 131 
18 105 
18 97 
18 121 
18 73 
18 30 
18 63 
18 70 
18 150 
18 2 
18 122 
18 119 
18 125 
18 57 
18 133 
18 152 
18 136 
18 4 
18 115 
18 85 
18 22 
18 60 
18 132 
18 25 
18 23 
18 144 
18 49 
18 89 
18 96 
18 117 
18 35 
18 47 
19 25 
19 21 
19 3 
19 121 
19 132 
19 153 
19 77 
19 70 
19 71 
19 100 
19 81 
19 14 
19 145 
19 4 
19 27 
19 11 
19 96 
19 128 
19 8 
19 40 
19 24 
19 22 
19 54 
19 95 
19 16 
19 57 
19 7 
19 85 
19 150 
19 123 
19 61 
19 112 
19 110 
19 73 
19 111 
19 90 
19 75 
19 133 
19 99 
19 56 
19 94 
19 66 
19 26 
19 119 
19 2 
19 98 
19 82 
19 68 
19 91 
19 127 
19 102 
19 114 
19 152 
19 105 
19 76 
19 129 
19 117 
19 86 
19 120 
19 115 
19 141 
19 137 
19 30 
19 48 
19 103 
19 93 
19 23 
19 1 
19 44 
19 144 
19 72 
19 138 
19 67 
19 55 
20 77 
20 3 
20 100 
20 88 
20 12 
20 133 
20 4 
20 122 
20 91 
20 115 
20 36 
20 99 
20 142 
20 148 
20 75 
20 41 
20 54 
20 132 
20 129 
20 103 
20 42 
20 5 
20 147 
20 101 
20 111 
20 23 
20 153 
20 81 
20 44 
20 11 
20 83 
20 116 
20 27 
20 8 
20 112 
20 38 
20 9 
20 37 
20 51 
20 90 
20 79 
20 96 
20 108 
20 114 
20 33 
20 84 
20 125 
20 120 
20 0 
20 141 
20 59 
20 121 
20 68 
20 35 
20 66 
20 128 
20 64 
20 48 
20 50 
20 85 
20 126 
20 58 
20 149 
20 105 
20 49 
20 72 
20 55 
20 117 
20 138 
20 52 
20 1 
20 16 
20 43 
20 62 
20 69 
20 118 
20 46 
20 39 
20 10 
21 19 
21 117 
21 58 
21 54 
21 125 
21 66 
21 103 
21 6 
21 47 
21 68 
21 9 
21 71 
21 70 
21 153 
21 138 
21 10 
21 105 
21 115 
21 87 
21 101 
21 50 
21 77 
21 17 
21 48 
21 90 
21 31 
21 39 
21 102 
21 130 
21 145 
21 11 
21 134 
21 2 
21 62 
21 96 
21 12 
21 98 
21 5 
21 82 
21 45 
21 84 
21 29 
21 122 
21 128 
21 136 
21 149 
21 52 
21 8 
21 32 
21 123 
21 110 
21 111 
21 93 
21 132 
21 97 
21 72 
21 16 
21 112 
21 7 
21 59 
21 147 
21 127 
21 143 
21 38 
21 135 
21 95 
21 120 
21 30 
21 146 
21 144 
21 86 
21 119 
21 0 
21 44 
21 83 
22 92 
22 74 
22 82 
22 102 
22 40 
22 0 
22 32 
22 59 
22 97 
22 106 
22 11 
22 148 
22 121 
22 25 
22 94 
22 46 
22 79 
22 37 
22 120 
22 100 
22 146 
22 96 
22 50 
22 26 
22 56 
22 30 
22 132 
22 133 
22 134 
22 19 
22 101 
22 147 
22 5 
22 114 
22 84 
22 108 
22 53 
22 138 
22 17 
22 44 
22 83 
22 35 
22 77 
22 54 
22 130 
22 129 
22 151 
22 109 
22 144 
22 28 
22 18 
22 145 
22 70 
22 78 
22 73 
22 149 
22 139 
22 75 
22 48 
22 31 
22 13 
22 42 
22 80 
22 9 
22 58 
22 72 
22 61 
22 107 
23 110 
23 60 
23 92 
23 118 
23 26 
23 137 
23 148 
23 40 
23 114 
23 0 
23 53 
23 39 
23 122 
23 108 
23 61 
23 91 
23 51 
23 70 
23 20 
23 30 
23 85 
23 25 
23 43 
23 14 
23 151 
23 147 
23 1 
23 89 
23 49 
23 145 
23 5 
23 149 
23 107 
23 95 
23 29 
23 100 
23 52 
23 7 
23 134 
23 101 
23 88 
23 124 
23 93 
23 120 
23 97 
23 68 
23 104 
23 66 
23 45 
23 10 
23 142 
23 64 
23 63 
23 79 
23 152 
23 74 
23 56 
23 71 
23 103 
23 69 
23 127 
23 87 
23 105 
23 129 
23 34 
23 12 
23 121 
23 77 
23 38 
23 133 
23 37 
23 130 
23 96 
23 3 
23 18 
23 102 
23 55 
23 65 
23 19 
23 98 
23 8 
23 17 
23 99 
23 73 
23 117 
24 102 
24 59 
24 133 
24 119 
24 58 
24 26 
24 11 
24 9 
24 138 
24 126 
24 33 
24 128 
24 153 
24 109 
24 4 
24 40 
24 3 
24 35 
24 78 
24 55 
24 12 
24 147 
24 48 
24 120 
24 99 
24 1 
24 19 
24 150 
24 41 
24 0 
24 114 
24 88 
24 14 
24 105 
24 53 
24 2 
24 71 
24 142 
24 38 
24 44 
24 145 
24 47 
24 146 
24 8 
24 93 
24 127 
24 108 
24 16 
24 75 
24 56 
24 118 
24 98 
24 131 
24 110 
24 148 
24 83 
24 6 
24 49 
24 29 
24 84 
24 144 
24 46 
24 72 
24 130 
24 151 
24 92 
24 79 
24 104 
24 86 
24 135 
24 73 
24 61 
24 136 
24 36 
24 111 
24 107 
24 70 
25 19 
25 126 
25 145 
25 142 
25 122 
25 110 
25 27 
25 12 
25 52 
25 22 
25 92 
25 4 
25 127 
25 0 
25 45 
25 73 
25 69 
25 5 
25 144 
25 89 
25 121 
25 23 
25 55 
25 117 
25 91 
25 38 
25 29 
25 149 
25 111 
25 82 
25 17 
25 112 
25 63 
25 39 
25 61 
25 85 
25 58 
25 101 
25 96 
25 68 
25 80 
25 130 
25 62 
25 118 
25 128 
25 105 
25 44 
25 93 
25 107 
25 147 
25 64 
25 116 
25 109 
25 77 
25 114 
25 1 
25 47 
25 41 
25 78 
25 33 
25 43 
25 70 
25 138 
25 18 
25 49 
25 81 
25 57 
25 76 
25 46 
25 129 
25 42 
25 135 
25 100 
25 10 
25 50 
26 95 
26 75 
26 33 
26 139 
26 140 
26 126 
26 76 
26 16 
26 23 
26 101 
26 100 
26 1 
26 70 
26 24 
26 7 
26 135 
26 79 
26 50 
26 56 
26 51 
26 82 
26 127 
26 13 
26 66 
26 53 
26 78 
26 57 
26 120 
26 22 
26 40 
26 27 
26 64 
26 130 
26 136 
26 17 
26 32 
26 49 
26 96 
26 148 
26 110 
26 107 
26 36 
26 89 
26 83 
26 141 
26 123 
26 112 
26 41 
26 8 
26 132 
26 86 
26 147 
26 68 
26 153 
26 149 
26 19 
26 129 
26 38 
26 44 
26 128 
26 48 
26 121 
26 111 
26 30 
26 144 
26 98 
26 151 
26 80 
26 28 
26 43 
26 31 
26 47 
26 54 
26 52 
26 122 
26 133 
26 131 
26 69 
26 104 
26 77 
26 12 
26 92 
26 146 
26 2 
26 145 
26 93 
26 29 
26 105 
26 37 
26 124 
26 150 
27 137 
27 64 
27 101 
27 62 
27 25 
27 114 
27 35 
27 31 
27 135 
27 104 
27 57 
27 119 
27 3 
27 85 
27 12 
27 30 
27 60 
27 9 
27 151 
27 78 
27 19 
27 26 
27 136 
27 20 
27 10 
27 138 
27 84 
27 126 
27 61 
27 63 
27 153 
27 51 
27 90 
27 117 
27 99 
27 18 
27 122 
27 103 
27 105 
27 81 
27 128 
27 152 
27 2 
27 49 
27 72 
27 89 
27 134 
27 7 
27 11 
27 116 
27 34 
27 39 
27 42 
27 66 
27 102 
27 69 
27 65 
27 52 
27 48 
27 140 
27 146 
27 83 
27 33 
27 79 
27 132 
27 50 
27 120 
27 71 
27 129 
27 40 
27 47 
27 46 
27 94 
27 125 
27 141 
27 6 
27 14 
28 64 
28 69 
28 105 
28 37 
28 141 
28 83 
28 118 
28 90 
28 100 
28 111 
28 140 
28 12 
28 16 
28 128 
28 56 
28 42 
28 5 
28 39 
28 53 
28 86 
28 44 
28 103 
28 11 
28 55 
28 95 
28 149 
28 63 
28 71 
28 6 
28 132 
28 18 
28 82 
28 116 
28 61 
28 51 
28 0 
28 41 
28 91 
28 107 
28 49 
28 85 
28 142 
28 9 
28 152 
28 57 
28 146 
28 34 
28 50 
28 80 
28 29 
28 120 
28 94 
28 65 
28 26 
28 138 
28 22 
28 144 
28 134 
28 88 
28 129 
28 66 
28 114 
28 112 
28 30 
28 52 
28 46 
28 117 
28 77 
28 62 
29 65 
29 38 
29 121 
29 1 
29 18 
29 54 
29 134 
29 146 
29 108 
29 118 
29 128 
29 77 
29 34 
29 14 
29 89 
29 110 
29 98 
29 86 
29 47 
29 71 
29 11 
29 15 
29 69 
29 0 
29 25 
29 145 
29 93 
29 6 
29 122 
29 151 
29 104 
29 138 
29 96 
29 12 
29 23 
29 126 
29 70 
29 72 
29 21 
29 120 
29 4 
29 48 
29 94 
29 75 
29 143 
29 36 
29 13 
29 33 
29 28 
29 127 
29 140 
29 114 
29 37 
29 84 
29 24 
29 32 
29 56 
29 137 
29 91 
29 142 
29 132 
29 59 
29 129 
29 73 
29 58 
29 95 
29 66 
29 60 
29 2 
29 144 
29 123 
29 119 
29 8 
29 49 
29 141 
29 62 
29 42 
29 26 
29 152 
29 103 
29 78 
29 147 
30 31 
30 61 
30 93 
30 3 
30 63 
30 59 
30 79 
30 94 
30 15 
30 70 
30 2 
30 1 
30 27 
30 68 
30 34 
30 100 
30 41 
30 111 
30 13 
30 58 
30 23 
30 22 
30 83 
30 104 
30 114 
30 39 
30 9 
30 143 
30 64 
30 52 
30 142 
30 38 
30 5 
30 96 
30 71 
30 11 
30 97 
30 117 
30 92 
30 102 
30 67 
30 145 
30 18 
30 12 
30 37 
30 62 
30 54 
30 69 
30 56 
30 105 
30 124 
30 112 
30 66 
30 101 
30 26 
30 115 
30 80 
30 78 
30 32 
30 55 
30 42 
30 153 
30 132 
30 6 
30 134 
30 33 
30 133 
30 57 
30 109 
30 8 
30 95 
30 28 
30 119 
30 19 
30 74 
30 146 
30 106 
30 86 
30 21 
30 73 
30 88 
30 40 
31 72 
31 30 
31 62 
31 50 
31 90 
31 49 
31 73 
31 27 
31 18 
31 79 
31 93 
31 127 
31 15 
31 7 
31 86 
31 115 
31 125 
31 128 
31 96 
31 108 
31 118 
31 5 
31 21 
31 2 
31 58 
31 126 
31 10 
31 148 
31 97 
31 77 
31 100 
31 42 
31 110 
31 66 
31 67 
31 132 
31 99 
31 36 
31 40 
31 143 
31 71 
31 37 
31 106 
31 1 
31 129 
31 51 
31 121 
31 26 
31 147 
31 44 
31 111 
31 13 
31 137 
31 135 
31 64 
31 22 
31 6 
31 88 
31 146 
31 116 
31 34 
31 8 
31 112 
31 46 
31 133 
31 82 
31 84 
32 114 
32 2 
32 144 
32 146 
32 12 
32 66 
32 22 
32 115 
32 91 
32 79 
32 13 
32 118 
32 58 
32 104 
32 152 
32 136 
32 81 
32 39 
32 112 
32 124 
32 1 
32 85 
32 38 
32 10 
32 76 
32 134 
32 143 
32 129 
32 65 
32 73 
32 52 
32 137 
32 68 
32 108 
32 102 
32 44 
32 110 
32 26 
32 98 
32 46 
32 83 
32 101 
32 125 
32 67 
32 15 
32 150 
32 119 
32 151 
32 42 
32 127 
32 89 
32 139 
32 72 
32 48 
32 111 
32 92 
32 21 
32 141 
32 54 
32 59 
32 97 
32 6 
32 33 
32 82 
32 29 
32 138 
32 145 
32 116 
32 30 
32 71 
32 93 
32 133 
32 142 
32 51 
32 61 
32 34 
32 63 
32 128 
32 126 
32 7 
32 122 
32 140 
32 121 
32 123 
32 87 
33 110 
33 26 
33 41 
33 84 
33 6 
33 150 
33 130 
33 136 
33 124 
33 55 
33 18 
33 58 
33 67 
33 24 
33 85 
33 57 
33 116 
33 109 
33 7 
33 123 
33 86 
33 122 
33 113 
33 45 
33 49 
33 71 
33 74 
33 134 
33 98 
33 59 
33 101 
33 80 
33 20 
33 64 
33 115 
33 10 
33 147 
33 106 
33 9 
33 56 
33 93 
33 121 
33 69 
33 29 
33 37 
33 82 
33 5 
33 34 
33 32 
33 95 
33 48 
33 132 
33 118 
33 137 
33 15 
33 46 
33 143 
33 60 
33 114 
33 135 
33 72 
33 25 
33 27 
33 4 
33 30 
33 43 
33 13 
33 83 
33 138 
33 76 
33 81 
33 47 
33 66 
33 146 
33 151 
33 144 
33 152 
33 2 
34 82 
34 17 
34 122 
34 139 
34 97 
34 111 
34 2 
34 114 
34 29 
34 133 
34 58 
34 65 
34 30 
34 55 
34 109 
34 10 
34 42 
34 103 
34 8 
34 75 
34 140 
34 102 
34 132 
34 117 
34 13 
34 35 
34 83 
34 93 
34 120 
34 59 
34 46 
34 101 
34 106 
34 28 
34 27 
34 37 
34 91 
34 33 
34 62 
34 95 
34 77 
34 146 
34 52 
34 129 
34 16 
34 54 
34 23 
34 143 
34 134 
34 118 
34 70 
34 123 
34 94 
34 32 
34 130 
34 38 
34 147 
34 31 
34 51 
34 151 
34 73 
34 85 
34 9 
34 48 
34 125 
34 76 
34 135 
35 60 
35 9 
35 65 
35 124 
35 117 
35 106 
35 79 
35 64 
35 27 
35 101 
35 70 
35 153 
35 128 
35 92 
35 72 
35 54 
35 145 
35 51 
35 109 
35 125 
35 130 
35 52 
35 24 
35 58 
35 4 
35 43 
35 63 
35 55 
35 50 
35 48 
35 127 
35 121 
35 34 
35 99 
35 114 
35 16 
35 47 
35 131 
35 62 
35 105 
35 20 
35 1 
35 120 
35 93 
35 112 
35 22 
35 140 
35 135 
35 144 
35 85 
35 100 
35 152 
35 110 
35 89 
35 68 
35 39 
35 138 
35 84 
35 129 
35 3 
35 74 
35 40 
35 46 
35 77 
35 119 
35 91 
35 137 
35 75 
35 78 
35 146 
35 57 
35 147 
35 18 
35 44 
35 88 
35 151 
36 48 
36 55 
36 18 
36 140 
36 141 
36 17 
36 59 
36 81 
36 99 
36 0 
36 20 
36 95 
36 133 
36 38 
36 134 
36 114 
36 83 
36 153 
36 89 
36 4 
36 63 
36 115 
36 106 
36 45 
36 52 
36 75 
36 41 
36 74 
36 108 
36 72 
36 85 
36 65 
36 98 
36 39 
36 103 
36 149 
36 15 
36 26 
36 73 
36 92 
36 76 
36 147 
36 82 
36 14 
36 44 
36 136 
36 31 
36 29 
36 13 
36 145 
36 128 
36 131 
36 58 
36 61 
36 6 
36 51 
36 150 
36 90 
36 56 
36 69 
36 120 
36 49 
36 77 
36 122 
36 5 
36 46 
36 86 
36 24 
37 152 
37 6 
37 135 
37 83 
37 28 
37 82 
37 101 
37 57 
37 100 
37 65 
37 63 
37 64 
37 2 
37 56 
37 105 
37 106 
37 139 
37 128 
37 22 
37 146 
37 97 
37 45 
37 70 
37 8 
37 73 
37 20 
37 141 
37 41 
37 115 
37 66 
37 51 
37 0 
37 116 
37 119 
37 92 
37 44 
37 30 
37 72 
37 148 
37 84 
37 88 
37 78 
37 33 
37 142 
37 144 
37 31 
37 34 
37 94 
37 46 
37 29 
37 117 
37 103 
37 10 
37 4 
37 54 
37 108 
37 1 
37 81 
37 11 
37 145 
37 23 
37 14 
37 90 
37 122 
37 111 
37 49 
37 79 
37 5 
37 68 
37 107 
37 40 
37 132 
37 26 
37 137 
37 58 
37 55 
38 44 
38 29 
38 99 
38 60 
38 83 
38 153 
38 94 
38 45 
38 66 
38 146 
38 86 
38 6 
38 36 
38 131 
38 144 
38 87 
38 32 
38 132 
38 124 
38 117 
38 75 
38 149 
38 55 
38 5 
38 115 
38 4 
38 129 
38 134 
38 152 
38 18 
38 77 
38 123 
38 25 
38 41 
38 63 
38 20 
38 54 
38 59 
38 3 
38 30 
38 107 
38 24 
38 118 
38 72 
38 46 
38 110 
38 73 
38 65 
38 51 
38 26 
38 142 
38 92 
38 71 
38 53 
38 16 
38 130 
38 10 
38 68 
38 113 
38 23 
38 102 
38 58 
38 78 
38 136 
38 49 
38 106 
38 21 
38 64 
38 104 
38 103 
38 34 
38 7 
38 125 
38 17 
38 148 
38 76 
38 62 
38 105 
38 47 
39 151 
39 85 
39 147 
39 69 
39 93 
39 53 
39 78 
39 40 
39 87 
39 143 
39 48 
39 80 
39 119 
39 138 
39 23 
39 32 
39 128 
39 58 
39 76 
39 28 
39 120 
39 18 
39 5 
39 79 
39 2 
39 107 
39 56 
39 98 
39 21 
39 74 
39 8 
39 6 
39 30 
39 68 
39 36 
39 100 
39 7 
39 63 
39 16 
39 145 
39 25 
39 11 
39 15 
39 42 
39 131 
39 83 
39 66 
39 67 
39 104 
39 114 
39 115 
39 70 
39 27 
39 137 
39 99 
39 105 
39 110 
39 13 
39 135 
39 108 
39 103 
39 72 
39 35 
39 45 
39 10 
39 125 
39 84 
39 9 
39 89 
39 111 
39 60 
39 136 
39 20 
39 71 
39 55 
39 91 
40 82 
40 22 
40 127 
40 55 
40 122 
40 87 
40 39 
40 65 
40 18 
40 110 
40 68 
40 23 
40 146 
40 101 
40 17 
40 63 
40 49 
40 153 
40 59 
40 24 
40 10 
40 131 
40 100 
40 15 
40 9 
40 26 
40 67 
40 118 
40 78 
40 19 
40 116 
40 48 
40 56 
40 134 
40 50 
40 119 
40 41 
40 44 
40 76 
40 5 
40 108 
40 106 
40 53 
40 98 
40 51 
40 115 
40 102 
40 147 
40 104 
40 142 
40 31 
40 16 
40 133 
40 75 
40 92 
40 117 
40 148 
40 13 
40 89 
40 64 
40 136 
40 140 
40 70 
40 27 
40 66 
40 35 
40 88 
40 58 
40 0 
40 144 
40 113 
40 37 
40 138 
40 135 
40 72 
40 30 
41 42 
41 98 
41 81 
41 33 
41 16 
41 113 
41 100 
41 5 
41 143 
41 95 
41 20 
41 55 
41 54 
41 58 
41 118 
41 70 
41 30 
41 36 
41 117 
41 121 
41 85 
41 119 
41 59 
41 38 
41 83 
41 50 
41 74 
41 45 
41 46 
41 24 
41 37 
41 67 
41 90 
41 40 
41 140 
41 82 
41 28 
41 116 
41 64 
41 26 
41 123 
41 93 
41 75 
41 115 
41 66 
41 107 
41 11 
41 72 
41 63 
41 97 
41 76 
41 135 
41 89 
41 103 
41 86 
41 141 
41 96 
41 104 
41 152 
41 99 
41 25 
41 138 
41 2 
41 150 
41 127 
41 133 
41 139 
41 51 
41 60 
41 0 
41 7 
41 88 
41 13 
41 73 
41 49 
41 128 
42 41 
42 76 
42 148 
42 128 
42 15 
42 50 
42 72 
42 136 
42 63 
42 14 
42 75 
42 67 
42 28 
42 146 
42 11 
42 71 
42 135 
42 20 
42 17 
42 34 
42 121 
42 51 
42 43 
42 6 
42 147 
42 151 
42 53 
42 112 
42 150 
42 116 
42 31 
42 52 
42 66 
42 87 
42 122 
42 45 
42 111 
42 60 
42 100 
42 69 
42 39 
42 1 
42 54 
42 32 
42 142 
42 102 
42 115 
42 12 
42 48 
42 91 
42 97 
42 5 
42 99 
42 27 
42 109 
42 86 
42 119 
42 90 
42 126 
42 55 
42 30 
42 149 
42 101 
42 93 
42 0 
42 138 
42 125 
42 129 
42 80 
42 77 
42 22 
42 25 
42 29 
42 62 
42 127 
43 14 
43 53 
43 102 
43 8 
43 60 
43 126 
43 64 
43 85 
43 121 
43 68 
43 151 
43 148 
43 143 
43 103 
43 56 
43 42 
43 123 
43 50 
43 57 
43 133 
43 23 
43 76 
43 79 
43 65 
43 49 
43 35 
43 7 
43 109 
43 59 
43 101 
43 118 
43 152 
43 51 
43 120 
43 95 
43 54 
43 3 
43 52 
43 77 
43 72 
43 11 
43 134 
43 81 
43 78 
43 92 
43 125 
43 105 
43 98 
43 100 
43 136 
43 66 
43 104 
43 117 
43 26 
43 84 
43 94 
43 25 
43 61 
43 119 
43 33 
43 144 
43 20 
43 112 
43 80 
43 0 
43 87 
43 110 
43 132 
43 12 
43 130 
44 38 
44 15 
44 138 
44 120 
44 145 
44 139 
44 142 
44 135 
44 87 
44 150 
44 137 
44 111 
44 95 
44 28 
44 49 
44 148 
44 97 
44 6 
44 93 
44 20 
44 144 
44 32 
44 119 
44 0 
44 92 
44 63 
44 127 
44 107 
44 152 
44 105 
44 82 
44 40 
44 10 
44 24 
44 124 
44 36 
44 79 
44 65 
44 55 
44 75 
44 122 
44 133 
44 22 
44 114 
44 46 
44 37 
44 26 
44 131 
44 54 
44 132 
44 25 
44 104 
44 103 
44 4 
44 151 
44 96 
44 70 
44 136 
44 12 
44 89 
44 113 
44 31 
44 110 
44 52 
44 48 
44 100 
44 56 
44 121 
44 50 
44 14 
44 73 
44 125 
44 141 
44 19 
44 112 
44 21 
44 35 
44 3 
44 128 
45 108 
45 2 
45 78 
45 136 
45 80 
45 38 
45 4 
45 128 
45 0 
45 100 
45 79 
45 107 
45 101 
45 102 
45 83 
45 139 
45 1 
45 96 
45 65 
45 25 
45 126 
45 113 
45 3 
45 36 
45 56 
45 127 
45 33 
45 153 
45 117 
45 109 
45 68 
45 37 
45 134 
45 12 
45 152 
45 64 
45 51 
45 86 
45 41 
45 95 
45 52 
45 59 
45 57 
45 141 
45 115 
45 97 
45 42 
45 21 
45 48 
45 121 
45 50 
45 23 
45 150 
45 106 
45 74 
45 60 
45 104 
45 148 
45 66 
45 39 
45 147 
45 91 
45 14 
45 131 
45 61 
45 118 
45 143 
45 135 
45 62 
46 95 
46 151 
46 82 
46 136 
46 15 
46 3 
46 150 
46 22 
46 115 
46 135 
46 153 
46 125 
46 149 
46 74 
46 77 
46 116 
46 48 
46 78 
46 138 
46 68 
46 147 
46 32 
46 41 
46 0 
46 144 
46 56 
46 107 
46 80 
46 121 
46 127 
46 9 
46 38 
46 47 
46 44 
46 49 
46 34 
46 1 
46 132 
46 98 
46 84 
46 52 
46 97 
46 130 
46 88 
46 6 
46 37 
46 90 
46 100 
46 124 
46 93 
46 62 
46 70 
46 114 
46 96 
46 33 
46 126 
46 143 
46 105 
46 146 
46 24 
46 104 
46 54 
46 5 
46 152 
46 35 
46 27 
46 4 
46 25 
46 99 
46 28 
46 50 
46 65 
46 140 
46 36 
46 31 
46 20 
46 55 
46 63 
46 117 
46 92 
46 87 
46 17 
47 147 
47 95 
47 124 
47 120 
47 83 
47 14 
47 121 
47 2 
47 21 
47 134 
47 17 
47 128 
47 6 
47 125 
47 93 
47 87 
47 29 
47 108 
47 73 
47 132 
47 63 
47 88 
47 92 
47 3 
47 139 
47 16 
47 100 
47 72 
47 9 
47 78 
47 59 
47 71 
47 111 
47 143 
47 86 
47 81 
47 105 
47 48 
47 152 
47 24 
47 35 
47 66 
47 131 
47 94 
47 46 
47 141 
47 146 
47 126 
47 56 
47 65 
47 1 
47 98 
47 150 
47 26 
47 25 
47 57 
47 60 
47 104 
47 153 
47 67 
47 122 
47 99 
47 15 
47 27 
47 140 
47 116 
47 8 
47 68 
47 33 
47 136 
47 130 
47 38 
47 18 
48 113 
48 36 
48 7 
48 63 
48 60 
48 151 
48 109 
48 3 
48 96 
48 101 
48 39 
48 127 
48 133 
48 129 
48 116 
48 77 
48 50 
48 108 
48 67 
48 137 
48 91 
48 141 
48 21 
48 75 
48 10 
48 46 
48 115 
48 70 
48 13 
48 148 
48 24 
48 134 
48 53 
48 99 
48 18 
48 89 
48 35 
48 40 
48 51 
48 140 
48 90 
48 47 
48 95 
48 72 
48 118 
48 119 
48 81 
48 68 
48 45 
48 29 
48 146 
48 16 
48 32 
48 128 
48 82 
48 42 
48 4 
48 20 
48 26 
48 71 
48 94 
48 78 
48 153 
48 33 
48 111 
48 64 
48 27 
48 83 
48 121 
48 44 
48 98 
48 22 
48 66 
48 114 
48 142 
48 6 
48 19 
48 86 
48 17 
48 8 
48 117 
48 34 
48 107 
49 84 
49 88 
49 102 
49 31 
49 152 
49 63 
49 7 
49 109 
49 57 
49 110 
49 70 
49 40 
49 68 
49 44 
49 151 
49 33 
49 146 
49 113 
49 43 
49 100 
49 116 
49 54 
49 112 
49 26 
49 101 
49 108 
49 23 
49 111 
49 148 
49 79 
49 121 
49 135 
49 141 
49 27 
49 119 
49 55 
49 28 
49 87 
49 75 
49 46 
49 52 
49 114 
49 89 
49 60 
49 11 
49 3 
49 58 
49 90 
49 130 
49 24 
49 13 
49 20 
49 132 
49 138 
49 6 
49 93 
49 69 
49 74 
49 38 
49 36 
49 25 
49 120 
49 37 
49 137 
49 29 
49 92 
49 18 
49 104 
49 143 
49 117 
49 131 
49 128 
49 41 
49 71 
50 18 
50 16 
50 112 
50 60 
50 31 
50 14 
50 3 
50 42 
50 147 
50 48 
50 15 
50 26 
50 89 
50 98 
50 83 
50 52 
50 21 
50 43 
50 73 
50 104 
50 22 
50 105 
50 114 
50 91 
50 153 
50 35 
50 41 
50 9 
50 142 
50 56 
50 135 
50 66 
50 40 
50 116 
50 123 
50 100 
50 134 
50 57 
50 62 
50 94 
50 88 
50 75 
50 55 
50 106 
50 45 
50 103 
50 72 
50 58 
50 63 
50 137 
50 28 
50 119 
50 6 
50 20 
50 127 
50 102 
50 126 
50 96 
50 139 
50 27 
50 79 
50 144 
50 99 
50 71 
50 12 
50 44 
50 69 
50 136 
50 46 
50 111 
50 25 
50 143 
50 8 
50 1 
51 134 
51 53 
51 96 
51 138 
51 110 
51 120 
51 17 
51 99 
51 112 
51 83 
51 35 
51 26 
51 10 
51 23 
51 94 
51 141 
51 42 
51 129 
51 62 
51 3 
51 71 
51 140 
51 93 
51 66 
51 144 
51 45 
51 0 
51 43 
51 145 
51 82 
51 20 
51 48 
51 27 
51 14 
51 57 
51 28 
51 58 
51 107 
51 37 
51 118 
51 131 
51 40 
51 86 
51 111 
51 100 
51 113 
51 38 
51 90 
51 79 
51 136 
51 89 
51 5 
51 123 
51 74 
51 31 
51 97 
51 98 
51 124 
51 135 
51 126 
51 142 
51 36 
51 67 
51 147 
51 56 
51 1 
51 91 
51 32 
51 114 
51 84 
51 41 
51 13 
51 103 
51 34 
51 4 
51 76 
51 148 
51 127 
51 88 
51 69 
51 125 
51 106 
52 114 
52 119 
52 63 
52 124 
52 136 
52 25 
52 105 
52 64 
52 133 
52 9 
52 99 
52 62 
52 89 
52 137 
52 3 
52 108 
52 145 
52 86 
52 103 
52 50 
52 60 
52 35 
52 36 
52 69 
52 79 
52 111 
52 32 
52 13 
52 65 
52 117 
52 130 
52 6 
52 42 
52 102 
52 45 
52 18 
52 30 
52 80 
52 43 
52 7 
52 81 
52 23 
52 95 
52 85 
52 5 
52 96 
52 142 
52 100 
52 49 
52 21 
52 68 
52 147 
52 46 
52 122 
52 90 
52 77 
52 71 
52 58 
52 27 
52 14 
52 34 
52 144 
52 153 
52 151 
52 61 
52 150 
52 26 
52 44 
52 20 
52 83 
52 93 
52 129 
52 118 
52 28 
52 70 
52 121 
52 123 
52 57 
52 12 
52 0 
53 127 
53 43 
53 146 
53 137 
53 39 
53 15 
53 93 
53 51 
53 126 
53 72 
53 134 
53 120 
53 128 
53 23 
53 89 
53 80 
53 86 
53 92 
53 65 
53 149 
53 104 
53 141 
53 100 
53 62 
53 28 
53 4 
53 112 
53 26 
53 145 
53 121 
53 42 
53 56 
53 48 
53 118 
53 101 
53 147 
53 140 
53 70 
53 106 
53 83 
53 24 
53 17 
53 16 
53 7 
53 66 
53 22 
53 79 
53 40 
53 81 
53 9 
53 67 
53 107 
53 153 
53 61 
53 38 
53 8 
53 143 
53 63 
53 131 
53 77 
53 114 
53 99 
53 95 
53 13 
53 10 
53 3 
53 135 
53 5 
53 60 
53 148 
53 109 
53 68 
53 84 
53 78 
53 116 
53 119 
54 12 
54 21 
54 64 
54 29 
54 0 
54 5 
54 62 
54 106 
54 67 
54 138 
54 13 
54 126 
54 140 
54 142 
54 85 
54 20 
54 35 
54 41 
54 111 
54 75 
54 78 
54 73 
54 58 
54 115 
54 125 
54 112 
54 149 
54 18 
54 101 
54 49 
54 84 
54 38 
54 70 
54 133 
54 19 
54 98 
54 152 
54 104 
54 43 
54 86 
54 94 
54 116 
54 7 
54 42 
54 80 
54 88 
54 122 
54 61 
54 108 
54 69 
54 6 
54 60 
54 121 
54 147 
54 22 
54 30 
54 57 
54 44 
54 55 
54 32 
54 137 
54 81 
54 77 
54 119 
54 139 
54 34 
54 26 
54 114 
54 37 
54 74 
54 93 
54 72 
54 128 
54 141 
54 3 
54 46 
54 100 
54 17 
54 68 
54 129 
54 76 
54 9 
54 145 
54 15 
54 95 
55 101 
55 36 
55 40 
55 141 
55 137 
55 108 
55 100 
55 77 
55 4 
55 33 
55 123 
55 102 
55 124 
55 105 
55 70 
55 41 
55 34 
55 38 
55 61 
55 14 
55 24 
55 28 
55 10 
55 76 
55 113 
55 25 
55 109 
55 115 
55 35 
55 140 
55 151 
55 56 
55 15 
55 57 
55 49 
55 3 
55 44 
55 50 
55 60 
55 143 
55 67 
55 54 
55 117 
55 64 
55 74 
55 131 
55 114 
55 86 
55 121 
55 63 
55 17 
55 139 
55 58 
55 20 
55 42 
55 110 
55 30 
55 145 
55 89 
55 81 
55 65 
55 93 
55 79 
55 87 
55 99 
55 129 
55 73 
55 144 
55 23 
55 119 
55 46 
55 71 
55 39 
55 37 
55 19 
55 0 
56 17 
56 151 
56 4 
56 16 
56 88 
56 63 
56 84 
56 7 
56 15 
56 37 
56 70 
56 28 
56 94 
56 26 
56 76 
56 43 
56 12 
56 152 
56 45 
56 39 
56 81 
56 113 
56 79 
56 122 
56 22 
56 130 
56 120 
56 2 
56 53 
56 75 
56 64 
56 50 
56 46 
56 40 
56 121 
56 62 
56 67 
56 114 
56 55 
56 96 
56 105 
56 93 
56 65 
56 112 
56 58 
56 19 
56 9 
56 80 
56 90 
56 33 
56 129 
56 106 
56 47 
56 8 
56 10 
56 30 
56 24 
56 117 
56 23 
56 95 
56 119 
56 118 
56 98 
56 29 
56 107 
56 82 
56 153 
56 51 
56 78 
56 146 
56 44 
56 83 
56 111 
56 36 
56 131 
56 149 
56 72 
56 13 
56 141 
56 143 
56 11 
56 103 
56 126 
56 139 
56 97 
56 137 
57 148 
57 100 
57 124 
57 81 
57 37 
57 3 
57 118 
57 103 
57 6 
57 49 
57 33 
57 27 
57 13 
57 131 
57 126 
57 17 
57 82 
57 137 
57 26 
57 43 
57 116 
57 151 
57 127 
57 87 
57 144 
57 128 
57 63 
57 150 
57 140 
57 45 
57 104 
57 75 
57 86 
57 84 
57 19 
57 121 
57 51 
57 55 
57 50 
57 129 
57 105 
57 73 
57 94 
57 54 
57 28 
57 114 
57 145 
57 18 
57 113 
57 71 
57 133 
57 110 
57 135 
57 139 
57 11 
57 47 
57 136 
57 58 
57 68 
57 30 
57 0 
57 25 
57 134 
57 1 
57 8 
57 10 
57 52 
57 35 
57 12 
58 68 
58 21 
58 114 
58 143 
58 16 
58 146 
58 63 
58 96 
58 70 
58 24 
58 32 
58 33 
58 105 
58 141 
58 67 
58 34 
58 39 
58 124 
58 41 
58 59 
58 54 
58 103 
58 35 
58 90 
58 30 
58 135 
58 101 
58 31 
58 74 
58 130 
58 84 
58 78 
58 140 
58 112 
58 139 
58 83 
58 81 
58 12 
58 126 
58 153 
58 125 
58 118 
58 76 
58 127 
58 87 
58 9 
58 25 
58 51 
58 109 
58 94 
58 142 
58 56 
58 122 
58 95 
58 92 
58 0 
58 89 
58 104 
58 66 
58 144 
58 91 
58 107 
58 50 
58 1 
58 20 
58 136 
58 52 
58 49 
58 93 
58 131 
58 11 
58 36 
58 64 
58 55 
58 117 
58 7 
58 75 
58 57 
58 38 
58 77 
58 29 
58 113 
58 4 
58 132 
58 40 
58 116 
58 22 
58 69 
58 145 
58 115 
58 85 
58 108 
58 100 
58 37 
59 8 
59 15 
59 136 
59 128 
59 114 
59 24 
59 22 
59 36 
59 139 
59 124 
59 76 
59 30 
59 119 
59 125 
59 79 
59 14 
59 116 
59 69 
59 107 
59 11 
59 81 
59 127 
59 58 
59 40 
59 122 
59 144 
59 120 
59 151 
59 41 
59 83 
59 100 
59 43 
59 33 
59 2 
59 109 
59 9 
59 38 
59 45 
59 47 
59 91 
59 63 
59 104 
59 16 
59 20 
59 34 
59 78 
59 145 
59 6 
59 86 
59 72 
59 10 
59 4 
59 32 
59 94 
59 75 
59 71 
59 88 
59 132 
59 21 
59 29 
59 12 
59 140 
59 148 
59 149 
59 92 
59 102 
60 35 
60 23 
60 48 
60 1 
60 38 
60 43 
60 50 
60 125 
60 113 
60 122 
60 149 
60 76 
60 92 
60 143 
60 14 
60 146 
60 4 
60 108 
60 94 
60 27 
60 52 
60 129 
60 121 
60 65 
60 96 
60 61 
60 139 
60 119 
60 148 
60 74 
60 95 
60 13 
60 109 
60 84 
60 78 
60 86 
60 100 
60 10 
60 117 
60 42 
60 118 
60 124 
60 75 
60 137 
60 77 
60 140 
60 69 
60 54 
60 62 
60 55 
60 102 
60 49 
60 63 
60 45 
60 33 
60 47 
60 120 
60 18 
60 111 
60 11 
60 67 
60 29 
60 115 
60 41 
60 64 
60 81 
60 104 
60 53 
60 144 
60 85 
60 107 
60 8 
60 103 
60 39 
60 106 
60 90 
61 106 
61 107 
61 92 
61 139 
61 138 
61 30 
61 126 
61 105 
61 7 
61 118 
61 84 
61 134 
61 143 
61 23 
61 93 
61 150 
61 133 
61 12 
61 109 
61 95 
61 117 
61 55 
61 83 
61 111 
61 60 
61 152 
61 125 
61 122 
61 98 
61 96 
61 27 
61 121 
61 99 
61 28 
61 149 
61 75 
61 25 
61 13 
61 88 
61 62 
61 73 
61 19 
61 108 
61 54 
61 144 
61 77 
61 101 
61 2 
61 151 
61 15 
61 68 
61 135 
61 53 
61 102 
61 131 
61 90 
61 128 
61 148 
61 36 
61 52 
61 120 
61 81 
61 86 
61 43 
61 115 
61 32 
61 71 
61 6 
61 45 
61 94 
61 110 
61 22 
61 132 
61 24 
61 141 
61 17 
61 65 
62 142 
62 31 
62 27 
62 76 
62 54 
62 88 
62 12 
62 63 
62 127 
62 10 
62 52 
62 152 
62 6 
62 129 
62 53 
62 110 
62 80 
62 132 
62 5 
62 111 
62 51 
62 104 
62 99 
62 73 
62 21 
62 17 
62 56 
62 75 
62 147 
62 119 
62 133 
62 61 
62 8 
62 50 
62 136 
62 97 
62 35 
62 3 
62 60 
62 137 
62 106 
62 25 
62 30 
62 108 
62 101 
62 112 
62 78 
62 85 
62 125 
62 34 
62 122 
62 9 
62 46 
62 134 
62 151 
62 124 
62 143 
62 77 
62 102 
62 91 
62 90 
62 7 
62 113 
62 96 
62 20 
62 79 
62 65 
62 29 
62 38 
62 16 
62 64 
62 45 
62 123 
62 70 
62 131 
62 98 
62 42 
62 28 
63 52 
63 48 
63 77 
63 58 
63 149 
63 30 
63 110 
63 49 
63 90 
63 37 
63 62 
63 145 
63 56 
63 89 
63 9 
63 65 
63 42 
63 94 
63 75 
63 126 
63 40 
63 115 
63 8 
63 112 
63 36 
63 127 
63 3 
63 138 
63 83 
63 151 
63 79 
63 47 
63 28 
63 35 
63 144 
63 38 
63 44 
63 39 
63 57 
63 27 
63 148 
63 118 
63 25 
63 59 
63 119 
63 86 
63 129 
63 18 
63 130 
63 153 
63 15 
63 125 
63 50 
63 13 
63 23 
63 41 
63 121 
63 60 
63 55 
63 53 
63 72 
63 82 
63 10 
63 87 
63 136 
63 147 
63 113 
63 93 
63 32 
63 114 
63 81 
63 132 
63 85 
63 84 
63 107 
63 137 
63 95 
63 73 
63 76 
63 66 
63 46 
64 80 
64 15 
64 27 
64 110 
64 28 
64 128 
64 54 
64 43 
64 149 
64 35 
64 109 
64 78 
64 37 
64 52 
64 76 
64 116 
64 9 
64 85 
64 148 
64 119 
64 86 
64 102 
64 84 
64 26 
64 45 
64 97 
64 152 
64 56 
64 30 
64 123 
64 107 
64 33 
64 140 
64 73 
64 118 
64 130 
64 95 
64 11 
64 41 
64 77 
64 134 
64 139 
64 92 
64 23 
64 115 
64 146 
64 7 
64 20 
64 99 
64 55 
64 90 
64 145 
64 68 
64 136 
64 25 
64 94 
64 96 
64 114 
64 3 
64 16 
64 48 
64 40 
64 58 
64 82 
64 67 
64 91 
64 31 
64 75 
64 135 
64 113 
64 38 
64 125 
64 4 
64 60 
64 71 
64 100 
64 69 
64 105 
64 87 
64 62 
64 101 
64 79 
64 127 
65 78 
65 29 
65 103 
65 35 
65 131 
65 74 
65 40 
65 37 
65 117 
65 63 
65 67 
65 120 
65 53 
65 45 
65 73 
65 34 
65 108 
65 79 
65 60 
65 90 
65 88 
65 32 
65 128 
65 75 
65 43 
65 36 
65 52 
65 101 
65 80 
65 7 
65 150 
65 83 
65 130 
65 85 
65 94 
65 3 
65 99 
65 146 
65 122 
65 56 
65 44 
65 38 
65 69 
65 47 
65 132 
65 112 
65 116 
65 27 
65 16 
65 148 
65 17 
65 84 
65 28 
65 15 
65 12 
65 95 
65 14 
65 82 
65 138 
65 55 
65 109 
65 89 
65 77 
65 121 
65 62 
65 5 
65 125 
65 46 
65 123 
65 134 
65 23 
65 61 
65 0 
66 93 
66 115 
66 32 
66 92 
66 75 
66 21 
66 17 
66 38 
66 126 
66 142 
66 124 
66 105 
66 81 
66 88 
66 14 
66 77 
66 111 
66 147 
66 148 
66 0 
66 95 
66 146 
66 11 
66 5 
66 26 
66 145 
66 117 
66 151 
66 130 
66 6 
66 51 
66 86 
66 94 
66 18 
66 42 
66 31 
66 4 
66 144 
66 150 
66 50 
66 37 
66 39 
66 53 
66 47 
66 107 
66 133 
66 58 
66 89 
66 70 
66 19 
66 20 
66 23 
66 8 
66 41 
66 153 
66 30 
66 27 
66 74 
66 84 
66 43 
66 118 
66 13 
66 90 
66 128 
66 103 
66 45 
66 48 
66 40 
66 3 
66 97 
66 29 
66 78 
66 28 
66 125 
66 33 
66 104 
66 96 
66 63 
66 71 
66 116 
67 128 
67 91 
67 152 
67 149 
67 113 
67 122 
67 127 
67 109 
67 110 
67 140 
67 54 
67 33 
67 58 
67 65 
67 129 
67 144 
67 42 
67 141 
67 48 
67 12 
67 15 
67 40 
67 108 
67 84 
67 75 
67 72 
67 145 
67 101 
67 32 
67 2 
67 56 
67 135 
67 41 
67 5 
67 94 
67 99 
67 86 
67 31 
67 95 
67 3 
67 30 
67 136 
67 39 
67 124 
67 55 
67 96 
67 92 
67 114 
67 130 
67 1 
67 53 
67 146 
67 79 
67 131 
67 83 
67 76 
67 82 
67 51 
67 47 
67 64 
67 4 
67 60 
67 147 
67 98 
67 112 
67 19 
68 58 
68 107 
68 138 
68 5 
68 43 
68 14 
68 40 
68 21 
68 137 
68 139 
68 125 
68 92 
68 13 
68 130 
68 30 
68 132 
68 49 
68 119 
68 6 
68 122 
68 134 
68 32 
68 45 
68 102 
68 76 
68 17 
68 77 
68 46 
68 39 
68 112 
68 104 
68 151 
68 78 
68 73 
68 93 
68 131 
68 144 
68 69 
68 149 
68 11 
68 25 
68 48 
68 20 
68 26 
68 23 
68 71 
68 94 
68 52 
68 80 
68 84 
68 98 
68 12 
68 64 
68 61 
68 141 
68 19 
68 74 
68 15 
68 38 
68 35 
68 142 
68 101 
68 8 
68 10 
68 57 
68 110 
68 106 
68 88 
68 89 
68 105 
68 97 
68 54 
68 81 
68 128 
68 47 
68 37 
68 103 
68 53 
68 16 
68 121 
68 82 
68 120 
68 85 
69 39 
69 104 
69 28 
69 1 
69 153 
69 89 
69 99 
69 133 
69 114 
69 132 
69 59 
69 83 
69 7 
69 148 
69 116 
69 98 
69 25 
69 88 
69 5 
69 149 
69 123 
69 101 
69 52 
69 76 
69 29 
69 84 
69 107 
69 77 
69 119 
69 12 
69 108 
69 151 
69 4 
69 16 
69 10 
69 109 
69 42 
69 126 
69 9 
69 68 
69 131 
69 60 
69 90 
69 54 
69 93 
69 65 
69 112 
69 33 
69 120 
69 30 
69 129 
69 94 
69 150 
69 91 
69 27 
69 23 
69 75 
69 125 
69 92 
69 82 
69 130 
69 106 
69 100 
69 49 
69 152 
69 11 
69 26 
69 36 
69 20 
69 50 
69 64 
69 58 
69 138 
69 111 
69 51 
69 121 
70 129 
70 88 
70 58 
70 19 
70 26 
70 111 
70 35 
70 21 
70 76 
70 56 
70 55 
70 113 
70 49 
70 30 
70 11 
70 112 
70 23 
70 41 
70 132 
70 139 
70 106 
70 96 
70 128 
70 93 
70 48 
70 89 
70 98 
70 6 
70 37 
70 117 
70 142 
70 94 
70 126 
70 130 
70 147 
70 54 
70 149 
70 53 
70 146 
70 78 
70 114 
70 29 
70 8 
70 3 
70 66 
70 95 
70 110 
70 82 
70 16 
70 74 
70 18 
70 39 
70 7 
70 143 
70 86 
70 81 
70 46 
70 92 
70 44 
70 100 
70 108 
70 150 
70 148 
70 107 
70 22 
70 118 
70 34 
70 25 
70 109 
70 40 
70 115 
70 1 
70 103 
70 75 
70 120 
70 52 
70 5 
70 105 
70 62 
70 71 
70 24 
71 134 
71 95 
71 3 
71 119 
71 8 
71 5 
71 19 
71 18 
71 21 
71 116 
71 136 
71 82 
71 42 
71 110 
71 72 
71 29 
71 123 
71 147 
71 135 
71 33 
71 138 
71 51 
71 13 
71 28 
71 132 
71 105 
71 47 
71 10 
71 131 
71 24 
71 17 
71 30 
71 88 
71 143 
71 144 
71 112 
71 68 
71 146 
71 113 
71 75 
71 151 
71 31 
71 141 
71 109 
71 38 
71 48 
71 77 
71 57 
71 52 
71 23 
71 122 
71 97 
71 59 
71 16 
71 32 
71 27 
71 129 
71 50 
71 140 
71 61 
71 126 
71 130 
71 64 
71 9 
71 92 
71 2 
71 7 
71 111 
71 55 
71 117 
71 114 
71 153 
71 66 
71 39 
71 99 
71 12 
71 70 
71 1 
71 49 
72 31 
72 83 
72 94 
72 53 
72 91 
72 42 
72 134 
72 2 
72 117 
72 35 
72 113 
72 82 
72 71 
72 79 
72 129 
72 112 
72 6 
72 36 
72 121 
72 143 
72 128 
72 67 
72 135 
72 100 
72 142 
72 145 
72 139 
72 47 
72 95 
72 115 
72 15 
72 48 
72 38 
72 29 
72 141 
72 114 
72 43 
72 93 
72 96 
72 122 
72 27 
72 119 
72 32 
72 78 
72 37 
72 50 
72 9 
72 16 
72 59 
72 41 
72 86 
72 136 
72 146 
72 76 
72 73 
72 21 
72 138 
72 20 
72 63 
72 102 
72 39 
72 99 
72 12 
72 33 
72 54 
72 24 
72 103 
72 140 
72 108 
72 13 
72 56 
72 10 
72 22 
72 118 
72 1 
72 19 
72 137 
72 40 
72 107 
73 1 
73 114 
73 84 
73 125 
73 12 
73 76 
73 120 
73 31 
73 15 
73 5 
73 151 
73 65 
73 25 
73 54 
73 6 
73 14 
73 127 
73 126 
73 80 
73 50 
73 47 
73 142 
73 32 
73 99 
73 134 
73 11 
73 75 
73 13 
73 132 
73 37 
73 100 
73 122 
73 62 
73 148 
73 116 
73 36 
73 90 
73 152 
73 64 
73 68 
73 150 
73 129 
73 135 
73 61 
73 19 
73 92 
73 10 
73 18 
73 38 
73 57 
73 124 
73 101 
73 146 
73 143 
73 77 
73 8 
73 128 
73 72 
73 147 
73 106 
73 22 
73 91 
73 29 
73 95 
73 139 
73 88 
73 144 
73 110 
73 137 
73 74 
73 93 
73 7 
73 44 
73 34 
73 102 
73 55 
73 9 
73 24 
73 41 
73 30 
73 63 
73 4 
73 138 
73 104 
73 23 
74 22 
74 101 
74 9 
74 107 
74 15 
74 65 
74 77 
74 85 
74 100 
74 135 
74 108 
74 112 
74 91 
74 1 
74 6 
74 106 
74 151 
74 142 
74 46 
74 123 
74 36 
74 89 
74 82 
74 33 
74 60 
74 39 
74 58 
74 8 
74 97 
74 95 
74 41 
74 18 
74 138 
74 153 
74 87 
74 143 
74 134 
74 79 
74 70 
74 125 
74 0 
74 16 
74 86 
74 104 
74 120 
74 84 
74 130 
74 23 
74 55 
74 147 
74 66 
74 17 
74 45 
74 51 
74 12 
74 68 
74 98 
74 132 
74 54 
74 94 
74 116 
74 118 
74 99 
74 121 
74 49 
74 144 
74 35 
74 129 
74 73 
74 30 
74 103 
74 5 
74 96 
75 100 
75 76 
75 84 
75 137 
75 26 
75 120 
75 66 
75 11 
75 91 
75 110 
75 131 
75 105 
75 97 
75 20 
75 95 
75 42 
75 63 
75 147 
75 152 
75 8 
75 149 
75 54 
75 38 
75 143 
75 86 
75 118 
75 36 
75 48 
75 116 
75 1 
75 34 
75 65 
75 96 
75 73 
75 85 
75 122 
75 112 
75 67 
75 104 
75 77 
75 56 
75 142 
75 135 
75 127 
75 17 
75 80 
75 57 
75 83 
75 114 
75 61 
75 62 
75 60 
75 10 
75 78 
75 19 
75 44 
75 50 
75 49 
75 41 
75 29 
75 71 
75 24 
75 136 
75 40 
75 87 
75 88 
75 6 
75 108 
75 69 
75 59 
75 79 
75 58 
75 140 
75 107 
75 113 
75 22 
75 64 
75 125 
75 70 
75 35 
75 132 
75 102 
75 153 
76 75 
76 17 
76 101 
76 42 
76 5 
76 26 
76 84 
76 0 
76 62 
76 73 
76 59 
76 60 
76 81 
76 70 
76 64 
76 79 
76 39 
76 105 
76 3 
76 56 
76 85 
76 129 
76 106 
76 149 
76 32 
76 82 
76 12 
76 114 
76 140 
76 69 
76 55 
76 147 
76 43 
76 92 
76 94 
76 8 
76 68 
76 115 
76 148 
76 112 
76 121 
76 90 
76 58 
76 119 
76 36 
76 116 
76 130 
76 131 
76 40 
76 98 
76 151 
76 91 
76 141 
76 2 
76 136 
76 41 
76 16 
76 77 
76 72 
76 67 
76 108 
76 126 
76 19 
76 111 
76 7 
76 134 
76 153 
76 80 
76 118 
76 54 
76 33 
76 25 
76 38 
76 51 
76 63 
76 117 
76 34 
76 102 
77 147 
77 20 
77 17 
77 63 
77 19 
77 126 
77 153 
77 97 
77 55 
77 74 
77 130 
77 16 
77 132 
77 29 
77 6 
77 48 
77 66 
77 128 
77 110 
77 135 
77 99 
77 103 
77 80 
77 46 
77 21 
77 3 
77 38 
77 8 
77 69 
77 101 
77 68 
77 31 
77 75 
77 136 
77 79 
77 140 
77 119 
77 78 
77 113 
77 43 
77 5 
77 148 
77 142 
77 60 
77 104 
77 64 
77 61 
77 22 
77 108 
77 52 
77 82 
77 73 
77 71 
77 88 
77 76 
77 34 
77 62 
77 141 
77 112 
77 25 
77 54 
77 96 
77 53 
77 23 
77 15 
77 118 
77 95 
77 58 
77 81 
77 87 
77 36 
77 26 
77 35 
77 42 
77 65 
77 125 
77 28 
77 10 
78 140 
78 145 
78 65 
78 100 
78 45 
78 39 
78 123 
78 88 
78 7 
78 64 
78 13 
78 118 
78 116 
78 80 
78 87 
78 111 
78 130 
78 54 
78 3 
78 9 
78 26 
78 24 
78 112 
78 113 
78 93 
78 27 
78 46 
78 16 
78 58 
78 40 
78 144 
78 139 
78 47 
78 60 
78 150 
78 77 
78 70 
78 68 
78 143 
78 151 
78 82 
78 75 
78 149 
78 59 
78 119 
78 122 
78 72 
78 79 
78 43 
78 37 
78 62 
78 81 
78 48 
78 121 
78 30 
78 25 
78 22 
78 0 
78 56 
78 134 
78 38 
78 107 
78 66 
78 5 
78 117 
78 2 
78 131 
78 147 
78 35 
78 29 
78 53 
78 1 
79 96 
79 89 
79 94 
79 35 
79 32 
79 83 
79 30 
79 59 
79 26 
79 45 
79 31 
79 85 
79 76 
79 87 
79 152 
79 22 
79 65 
79 39 
79 72 
79 63 
79 52 
79 43 
79 88 
79 56 
79 10 
79 118 
79 6 
79 111 
79 13 
79 77 
79 141 
79 20 
79 116 
79 49 
79 137 
79 18 
79 14 
79 95 
79 90 
79 143 
79 16 
79 44 
79 53 
79 131 
79 128 
79 17 
79 74 
79 78 
79 11 
79 51 
79 142 
79 23 
79 86 
79 67 
79 132 
79 112 
79 75 
79 122 
79 1 
79 8 
79 3 
79 92 
79 27 
79 15 
79 0 
79 50 
79 24 
79 55 
79 93 
79 62 
79 84 
79 37 
79 151 
79 125 
79 135 
79 100 
79 102 
79 148 
79 64 
79 140 
79 139 
80 136 
80 64 
80 130 
80 45 
80 143 
80 125 
80 8 
80 39 
80 132 
80 53 
80 78 
80 18 
80 134 
80 62 
80 145 
80 77 
80 87 
80 73 
80 82 
80 117 
80 4 
80 85 
80 135 
80 148 
80 97 
80 137 
80 65 
80 1 
80 83 
80 11 
80 127 
80 124 
80 33 
80 75 
80 46 
80 52 
80 54 
80 25 
80 115 
80 56 
80 7 
80 89 
80 110 
80 126 
80 68 
80 28 
80 0 
80 139 
80 30 
80 95 
80 17 
80 26 
80 140 
80 101 
80 90 
80 141 
80 76 
80 42 
80 12 
80 22 
80 93 
80 43 
80 102 
80 6 
80 3 
81 119 
81 138 
81 41 
81 125 
81 57 
81 147 
81 36 
81 135 
81 139 
81 66 
81 32 
81 76 
81 130 
81 19 
81 59 
81 10 
81 116 
81 86 
81 127 
81 56 
81 20 
81 2 
81 128 
81 117 
81 85 
81 144 
81 146 
81 58 
81 1 
81 126 
81 94 
81 47 
81 151 
81 27 
81 98 
81 123 
81 52 
81 48 
81 5 
81 53 
81 97 
81 143 
81 43 
81 104 
81 6 
81 78 
81 70 
81 54 
81 88 
81 4 
81 61 
81 90 
81 55 
81 37 
81 112 
81 77 
81 118 
81 68 
81 25 
81 60 
81 33 
81 63 
81 132 
81 122 
81 114 
81 17 
81 16 
81 7 
81 83 
82 34 
82 22 
82 40 
82 88 
82 132 
82 136 
82 91 
82 46 
82 102 
82 37 
82 131 
82 105 
82 152 
82 86 
82 14 
82 71 
82 72 
82 26 
82 138 
82 57 
82 76 
82 80 
82 112 
82 114 
82 74 
82 85 
82 113 
82 28 
82 25 
82 51 
82 146 
82 44 
82 36 
82 21 
82 109 
82 108 
82 41 
82 78 
82 148 
82 145 
82 70 
82 149 
82 48 
82 33 
82 110 
82 77 
82 19 
82 11 
82 13 
82 32 
82 142 
82 106 
82 69 
82 64 
82 63 
82 56 
82 89 
82 67 
82 3 
82 6 
82 147 
82 65 
82 144 
82 126 
82 135 
82 68 
82 143 
82 31 
82 134 
83 72 
83 99 
83 47 
83 37 
83 38 
83 136 
83 105 
83 79 
83 153 
83 12 
83 28 
83 114 
83 36 
83 132 
83 45 
83 69 
83 145 
83 51 
83 144 
83 118 
83 50 
83 15 
83 111 
83 61 
83 97 
83 146 
83 103 
83 63 
83 96 
83 89 
83 5 
83 131 
83 13 
83 20 
83 84 
83 100 
83 143 
83 138 
83 59 
83 3 
83 90 
83 115 
83 30 
83 41 
83 112 
83 80 
83 32 
83 58 
83 65 
83 147 
83 9 
83 34 
83 53 
83 122 
83 75 
83 26 
83 128 
83 149 
83 39 
83 150 
83 123 
83 116 
83 22 
83 67 
83 24 
83 129 
83 0 
83 109 
83 17 
83 133 
83 104 
83 48 
83 27 
83 52 
83 121 
83 56 
83 33 
83 134 
83 95 
83 81 
83 21 
84 75 
84 49 
84 73 
84 152 
84 76 
84 33 
84 3 
84 61 
84 56 
84 9 
84 6 
84 101 
84 18 
84 151 
84 120 
84 83 
84 64 
84 69 
84 132 
84 67 
84 58 
84 99 
84 100 
84 143 
84 142 
84 111 
84 54 
84 27 
84 147 
84 8 
84 60 
84 5 
84 20 
84 130 
84 136 
84 57 
84 90 
84 139 
84 21 
84 22 
84 14 
84 137 
84 37 
84 107 
84 16 
84 46 
84 68 
84 74 
84 89 
84 93 
84 127 
84 66 
84 29 
84 65 
84 134 
84 24 
84 12 
84 113 
84 43 
84 35 
84 86 
84 125 
84 51 
84 153 
84 39 
84 0 
84 92 
84 129 
84 4 
84 79 
84 133 
84 146 
84 63 
84 105 
84 53 
84 31 
85 120 
85 122 
85 39 
85 9 
85 153 
85 8 
85 128 
85 43 
85 74 
85 10 
85 123 
85 33 
85 79 
85 96 
85 27 
85 54 
85 32 
85 76 
85 93 
85 64 
85 143 
85 90 
85 129 
85 23 
85 80 
85 119 
85 41 
85 99 
85 36 
85 75 
85 148 
85 92 
85 112 
85 81 
85 104 
85 82 
85 87 
85 65 
85 106 
85 117 
85 19 
85 25 
85 151 
85 52 
85 28 
85 145 
85 132 
85 152 
85 11 
85 62 
85 20 
85 35 
85 110 
85 18 
85 7 
85 101 
85 0 
85 109 
85 89 
85 133 
85 114 
85 91 
85 60 
85 63 
85 140 
85 34 
85 58 
85 139 
85 68 
86 118 
86 128 
86 97 
86 38 
86 88 
86 121 
86 53 
86 91 
86 106 
86 141 
86 82 
86 2 
86 147 
86 31 
86 28 
86 140 
86 52 
86 33 
86 75 
86 29 
86 81 
86 64 
86 150 
86 14 
86 94 
86 11 
86 113 
86 66 
86 16 
86 45 
86 126 
86 123 
86 116 
86 1 
86 7 
86 60 
86 57 
86 54 
86 101 
86 47 
86 67 
86 145 
86 17 
86 109 
86 12 
86 105 
86 102 
86 89 
86 124 
86 26 
86 63 
86 120 
86 122 
86 51 
86 4 
86 59 
86 74 
86 72 
86 144 
86 79 
86 146 
86 70 
86 41 
86 42 
86 55 
86 131 
86 153 
86 138 
86 61 
86 84 
86 132 
86 152 
86 19 
86 127 
86 24 
86 125 
86 30 
86 10 
86 48 
86 36 
86 21 
86 151 
86 96 
86 8 
87 134 
87 144 
87 146 
87 99 
87 136 
87 40 
87 39 
87 142 
87 122 
87 5 
87 1 
87 101 
87 44 
87 78 
87 92 
87 79 
87 38 
87 98 
87 21 
87 47 
87 150 
87 124 
87 123 
87 80 
87 112 
87 17 
87 9 
87 97 
87 6 
87 57 
87 16 
87 135 
87 4 
87 143 
87 85 
87 42 
87 111 
87 58 
87 118 
87 74 
87 152 
87 127 
87 141 
87 49 
87 75 
87 129 
87 90 
87 140 
87 23 
87 114 
87 110 
87 94 
87 63 
87 12 
87 126 
87 11 
87 130 
87 14 
87 139 
87 89 
87 55 
87 77 
87 43 
87 7 
87 119 
87 64 
87 13 
87 128 
87 32 
87 46 
88 82 
88 145 
88 49 
88 138 
88 20 
88 70 
88 136 
88 141 
88 78 
88 123 
88 56 
88 115 
88 62 
88 86 
88 14 
88 66 
88 17 
88 124 
88 69 
88 98 
88 65 
88 7 
88 8 
88 79 
88 146 
88 47 
88 1 
88 10 
88 91 
88 114 
88 111 
88 6 
88 101 
88 24 
88 97 
88 12 
88 108 
88 140 
88 61 
88 54 
88 106 
88 11 
88 71 
88 23 
88 125 
88 50 
88 104 
88 151 
88 96 
88 142 
88 116 
88 127 
88 37 
88 105 
88 119 
88 46 
88 75 
88 153 
88 129 
88 77 
88 144 
88 81 
88 133 
88 59 
88 89 
88 131 
88 90 
88 130 
88 68 
88 73 
88 28 
88 40 
88 9 
88 31 
88 99 
88 41 
88 109 
88 102 
88 51 
88 30 
88 35 
89 137 
89 106 
89 111 
89 79 
89 148 
89 135 
89 138 
89 0 
89 69 
89 147 
89 63 
89 53 
89 2 
89 50 
89 36 
89 8 
89 52 
89 29 
89 93 
89 101 
89 25 
89 83 
89 128 
89 74 
89 96 
89 113 
89 12 
89 70 
89 139 
89 23 
89 48 
89 90 
89 114 
89 149 
89 26 
89 126 
89 7 
89 143 
89 86 
89 122 
89 58 
89 27 
89 32 
89 102 
89 104 
89 66 
89 13 
89 80 
89 107 
89 118 
89 112 
89 14 
89 49 
89 84 
89 41 
89 51 
89 146 
89 142 
89 44 
89 40 
89 94 
89 88 
89 35 
89 82 
89 133 
89 55 
89 92 
89 68 
89 85 
89 87 
89 145 
89 65 
89 125 
89 39 
89 18 
89 3 
89 109 
89 108 
89 105 
90 126 
90 15 
90 135 
90 31 
90 63 
90 28 
90 12 
90 129 
90 5 
90 65 
90 58 
90 85 
90 21 
90 124 
90 13 
90 83 
90 120 
90 142 
90 89 
90 115 
90 153 
90 20 
90 102 
90 73 
90 76 
90 27 
90 108 
90 151 
90 48 
90 41 
90 84 
90 117 
90 100 
90 8 
90 0 
90 116 
90 97 
90 79 
90 9 
90 19 
90 107 
90 141 
90 69 
90 56 
90 94 
90 51 
90 7 
90 52 
90 103 
90 64 
90 87 
90 46 
90 138 
90 49 
90 42 
90 131 
90 61 
90 152 
90 147 
90 140 
90 66 
90 2 
90 81 
90 88 
90 80 
90 36 
90 62 
90 118 
90 143 
90 10 
90 91 
90 37 
90 11 
90 130 
90 104 
90 60 
91 75 
91 82 
91 67 
91 72 
91 32 
91 20 
91 108 
91 136 
91 86 
91 74 
91 23 
91 106 
91 48 
91 121 
91 50 
91 138 
91 135 
91 88 
91 25 
91 112 
91 144 
91 10 
91 123 
91 59 
91 96 
91 2 
91 28 
91 76 
91 109 
91 93 
91 103 
91 130 
91 58 
91 99 
91 145 
91 42 
91 124 
91 120 
91 152 
91 142 
91 114 
91 34 
91 16 
91 69 
91 19 
91 92 
91 7 
91 125 
91 29 
91 107 
91 62 
91 73 
91 51 
91 6 
91 64 
91 116 
91 146 
91 45 
91 141 
91 90 
91 9 
91 85 
91 153 
91 35 
91 15 
91 137 
91 12 
91 39 
92 22 
92 140 
92 101 
92 23 
92 61 
92 102 
92 66 
92 117 
92 104 
92 60 
92 35 
92 53 
92 25 
92 68 
92 17 
92 112 
92 87 
92 18 
92 106 
92 4 
92 13 
92 76 
92 7 
92 85 
92 47 
92 44 
92 147 
92 108 
92 115 
92 36 
92 118 
92 30 
92 103 
92 73 
92 58 
92 148 
92 123 
92 132 
92 37 
92 32 
92 120 
92 67 
92 64 
92 43 
92 40 
92 38 
92 125 
92 107 
92 70 
92 14 
92 143 
92 69 
92 109 
92 91 
92 150 
92 131 
92 79 
92 116 
92 133 
92 24 
92 89 
92 84 
92 26 
92 145 
92 49 
92 71 
92 96 
92 59 
92 122 
92 46 
93 14 
93 107 
93 66 
93 100 
93 39 
93 53 
93 30 
93 31 
93 47 
93 61 
93 131 
93 2 
93 85 
93 89 
93 101 
93 109 
93 78 
93 44 
93 144 
93 70 
93 7 
93 51 
93 29 
93 115 
93 16 
93 11 
93 140 
93 127 
93 34 
93 94 
93 112 
93 68 
93 56 
93 72 
93 91 
93 116 
93 41 
93 23 
93 121 
93 24 
93 95 
93 69 
93 35 
93 33 
93 3 
93 138 
93 25 
93 150 
93 84 
93 9 
93 46 
93 21 
93 58 
93 148 
93 151 
93 8 
93 49 
93 32 
93 142 
93 54 
93 137 
93 5 
93 52 
93 42 
93 96 
93 63 
93 55 
93 79 
93 80 
93 73 
93 135 
93 119 
93 128 
93 105 
93 19 
93 143 
93 122 
93 26 
93 103 
93 113 
94 72 
94 8 
94 79 
94 3 
94 38 
94 101 
94 118 
94 142 
94 9 
94 99 
94 30 
94 63 
94 22 
94 56 
94 107 
94 149 
94 130 
94 51 
94 60 
94 13 
94 76 
94 104 
94 86 
94 70 
94 66 
94 2 
94 138 
94 126 
94 11 
94 12 
94 97 
94 65 
94 81 
94 67 
94 16 
94 4 
94 93 
94 54 
94 58 
94 121 
94 50 
94 47 
94 128 
94 19 
94 29 
94 57 
94 90 
94 68 
94 110 
94 37 
94 59 
94 48 
94 69 
94 64 
94 28 
94 89 
94 87 
94 43 
94 74 
94 125 
94 135 
94 34 
94 131 
94 122 
94 10 
94 0 
94 27 
94 108 
94 116 
94 144 
94 61 
94 7 
94 119 
94 137 
95 46 
95 26 
95 47 
95 71 
95 151 
95 107 
95 100 
95 15 
95 140 
95 36 
95 104 
95 75 
95 41 
95 18 
95 133 
95 110 
95 44 
95 61 
95 66 
95 112 
95 103 
95 113 
95 60 
95 149 
95 1 
95 28 
95 74 
95 45 
95 117 
95 143 
95 19 
95 43 
95 14 
95 72 
95 134 
95 123 
95 102 
95 23 
95 48 
95 79 
95 67 
95 64 
95 109 
95 58 
95 52 
95 70 
95 101 
95 93 
95 135 
95 121 
95 12 
95 56 
95 145 
95 34 
95 33 
95 11 
95 80 
95 137 
95 147 
95 65 
95 131 
95 53 
95 77 
95 73 
95 148 
95 153 
95 6 
95 30 
95 29 
95 124 
95 99 
95 21 
95 98 
95 128 
95 63 
95 54 
95 83 
95 116 
96 79 
96 51 
96 48 
96 58 
96 98 
96 141 
96 6 
96 135 
96 85 
96 45 
96 136 
96 116 
96 2 
96 15 
96 129 
96 142 
96 128 
96 83 
96 60 
96 31 
96 11 
96 89 
96 22 
96 144 
96 70 
96 75 
96 97 
96 114 
96 134 
96 19 
96 102 
96 124 
96 61 
96 26 
96 0 
96 146 
96 21 
96 3 
96 107 
96 20 
96 56 
96 29 
96 101 
96 30 
96 91 
96 122 
96 25 
96 72 
96 88 
96 14 
96 52 
96 67 
96 8 
96 105 
96 41 
96 44 
96 16 
96 64 
96 140 
96 149 
96 46 
96 77 
96 103 
96 17 
96 50 
96 151 
96 93 
96 137 
96 153 
96 23 
96 117 
96 62 
96 7 
96 125 
96 126 
96 123 
96 4 
96 92 
96 66 
96 9 
96 18 
96 86 
96 74 
97 106 
97 153 
97 132 
97 34 
97 77 
97 86 
97 22 
97 75 
97 138 
97 129 
97 2 
97 109 
97 101 
97 128 
97 83 
97 152 
97 37 
97 44 
97 0 
97 96 
97 145 
97 8 
97 80 
97 4 
97 31 
97 87 
97 74 
97 11 
97 148 
97 64 
97 146 
97 150 
97 88 
97 119 
97 94 
97 103 
97 45 
97 105 
97 102 
97 130 
97 30 
97 90 
97 18 
97 147 
97 62 
97 81 
97 116 
97 23 
97 140 
97 6 
97 42 
97 12 
97 125 
97 46 
97 139 
97 41 
97 32 
97 71 
97 51 
97 21 
97 141 
97 16 
97 108 
97 66 
97 68 
97 17 
97 56 
97 104 
97 99 
97 10 
98 41 
98 141 
98 96 
98 16 
98 134 
98 118 
98 87 
98 29 
98 50 
98 15 
98 69 
98 88 
98 152 
98 39 
98 147 
98 70 
98 142 
98 36 
98 105 
98 33 
98 32 
98 133 
98 61 
98 125 
98 132 
98 21 
98 115 
98 127 
98 54 
98 81 
98 130 
98 17 
98 13 
98 76 
98 40 
98 46 
98 138 
98 68 
98 24 
98 19 
98 2 
98 121 
98 102 
98 14 
98 145 
98 43 
98 103 
98 104 
98 26 
98 56 
98 101 
98 51 
98 47 
98 74 
98 128 
98 143 
98 12 
98 146 
98 48 
98 107 
98 99 
98 131 
98 67 
98 149 
98 95 
98 139 
98 151 
98 23 
98 117 
98 110 
98 62 
98 135 
99 122 
99 141 
99 83 
99 38 
99 87 
99 140 
99 130 
99 117 
99 36 
99 20 
99 69 
99 123 
99 94 
99 105 
99 151 
99 52 
99 51 
99 1 
99 77 
99 147 
99 138 
99 5 
99 85 
99 73 
99 125 
99 9 
99 84 
99 48 
99 24 
99 62 
99 152 
99 101 
99 116 
99 27 
99 35 
99 61 
99 8 
99 12 
99 119 
99 67 
99 65 
99 128 
99 142 
99 120 
99 19 
99 31 
99 13 
99 153 
99 91 
99 124 
99 64 
99 42 
99 0 
99 39 
99 135 
99 121 
99 15 
99 41 
99 72 
99 7 
99 148 
99 53 
99 74 
99 47 
99 3 
99 50 
99 100 
99 111 
99 17 
99 95 
99 98 
99 55 
99 6 
99 46 
99 88 
99 23 
99 71 
99 97 
99 129 
100 75 
100 135 
100 93 
100 133 
100 20 
100 78 
100 121 
100 26 
100 57 
100 95 
100 55 
100 41 
100 9 
100 37 
100 19 
100 45 
100 74 
100 28 
100 122 
100 145 
100 53 
100 125 
100 116 
100 127 
100 113 
100 22 
100 30 
100 40 
100 126 
100 15 
100 102 
100 0 
100 134 
100 83 
100 49 
100 152 
100 59 
100 84 
100 73 
100 39 
100 72 
100 31 
100 123 
100 47 
100 3 
100 60 
100 12 
100 42 
100 90 
100 108 
100 141 
100 23 
100 50 
100 119 
100 2 
100 110 
100 14 
100 114 
100 120 
100 4 
100 51 
100 52 
100 112 
100 43 
100 46 
100 35 
100 70 
100 140 
100 7 
100 101 
100 131 
100 11 
100 69 
100 118 
100 44 
100 149 
100 99 
100 54 
100 129 
100 153 
100 105 
100 64 
100 148 
100 104 
100 79 
100 25 
100 151 
100 5 
100 58 
101 55 
101 92 
101 76 
101 74 
101 125 
101 27 
101 9 
101 26 
101 123 
101 37 
101 94 
101 48 
101 35 
101 7 
101 45 
101 133 
101 115 
101 40 
101 87 
101 150 
101 97 
101 84 
101 6 
101 2 
101 89 
101 20 
101 93 
101 21 
101 69 
101 151 
101 14 
101 153 
101 58 
101 102 
101 77 
101 65 
101 53 
101 54 
101 43 
101 1 
101 67 
101 116 
101 49 
101 32 
101 33 
101 131 
101 103 
101 88 
101 99 
101 22 
101 86 
101 96 
101 148 
101 25 
101 23 
101 0 
101 95 
101 61 
101 109 
101 73 
101 34 
101 62 
101 30 
101 135 
101 128 
101 15 
101 114 
101 98 
101 136 
101 100 
101 130 
101 80 
101 11 
101 85 
101 68 
101 42 
101 127 
101 110 
101 64 
101 108 
102 18 
102 22 
102 92 
102 24 
102 43 
102 1 
102 130 
102 82 
102 49 
102 112 
102 55 
102 45 
102 128 
102 103 
102 116 
102 124 
102 13 
102 100 
102 64 
102 8 
102 34 
102 21 
102 148 
102 101 
102 147 
102 68 
102 32 
102 120 
102 96 
102 137 
102 15 
102 52 
102 121 
102 152 
102 90 
102 95 
102 97 
102 30 
102 115 
102 86 
102 107 
102 40 
102 89 
102 42 
102 60 
102 142 
102 117 
102 98 
102 27 
102 61 
102 125 
102 7 
102 19 
102 126 
102 149 
102 72 
102 62 
102 122 
102 50 
102 118 
102 143 
102 38 
102 14 
102 146 
102 111 
102 23 
102 73 
102 127 
102 80 
102 145 
102 79 
102 75 
102 88 
102 59 
102 153 
102 0 
102 144 
102 76 
103 104 
103 65 
103 148 
103 106 
103 21 
103 57 
103 102 
103 14 
103 131 
103 77 
103 130 
103 43 
103 20 
103 52 
103 115 
103 153 
103 58 
103 28 
103 34 
103 83 
103 95 
103 117 
103 116 
103 5 
103 36 
103 113 
103 101 
103 125 
103 97 
103 27 
103 120 
103 7 
103 3 
103 92 
103 91 
103 146 
103 50 
103 90 
103 98 
103 114 
103 44 
103 12 
103 41 
103 23 
103 37 
103 39 
103 10 
103 66 
103 96 
103 109 
103 72 
103 70 
103 38 
103 143 
103 51 
103 19 
103 4 
103 56 
103 60 
103 151 
103 68 
103 74 
103 9 
103 29 
103 134 
103 93 
103 141 
104 103 
104 8 
104 69 
104 110 
104 115 
104 135 
104 32 
104 92 
104 137 
104 95 
104 27 
104 53 
104 11 
104 114 
104 132 
104 120 
104 148 
104 50 
104 142 
104 62 
104 94 
104 30 
104 75 
104 149 
104 4 
104 85 
104 29 
104 68 
104 57 
104 54 
104 151 
104 6 
104 152 
104 59 
104 77 
104 88 
104 58 
104 39 
104 144 
104 89 
104 40 
104 23 
104 81 
104 74 
104 13 
104 107 
104 146 
104 44 
104 98 
104 138 
104 43 
104 41 
104 45 
104 143 
104 47 
104 145 
104 83 
104 141 
104 46 
104 130 
104 106 
104 24 
104 38 
104 26 
104 7 
104 60 
104 119 
104 0 
104 140 
104 100 
104 150 
104 49 
104 66 
104 90 
104 131 
104 73 
104 116 
104 128 
104 97 
105 120 
105 137 
105 15 
105 135 
105 149 
105 28 
105 83 
105 61 
105 12 
105 121 
105 82 
105 52 
105 66 
105 109 
105 58 
105 75 
105 116 
105 113 
105 99 
105 55 
105 8 
105 2 
105 6 
105 7 
105 76 
105 37 
105 21 
105 4 
105 106 
105 50 
105 127 
105 129 
105 145 
105 98 
105 142 
105 139 
105 44 
105 71 
105 24 
105 27 
105 107 
105 56 
105 47 
105 97 
105 9 
105 132 
105 17 
105 136 
105 131 
105 86 
105 18 
105 133 
105 112 
105 57 
105 13 
105 35 
105 153 
105 134 
105 88 
105 118 
105 30 
105 25 
105 43 
105 96 
105 141 
105 39 
105 11 
105 152 
105 23 
105 20 
105 115 
105 19 
105 46 
105 147 
105 68 
105 100 
105 64 
105 93 
105 3 
105 70 
105 84 
105 26 
105 38 
105 89 
106 61 
106 152 
106 97 
106 89 
106 35 
106 4 
106 137 
106 103 
106 22 
106 16 
106 127 
106 54 
106 147 
106 107 
106 86 
106 91 
106 92 
106 74 
106 37 
106 134 
106 76 
106 36 
106 70 
106 105 
106 6 
106 110 
106 8 
106 7 
106 132 
106 2 
106 118 
106 129 
106 119 
106 0 
106 53 
106 112 
106 85 
106 136 
106 125 
106 12 
106 88 
106 148 
106 144 
106 40 
106 10 
106 116 
106 50 
106 33 
106 128 
106 124 
106 62 
106 56 
106 34 
106 143 
106 45 
106 31 
106 140 
106 82 
106 149 
106 108 
106 133 
106 117 
106 73 
106 69 
106 153 
106 68 
106 104 
106 38 
106 30 
106 60 
106 120 
106 51 
107 16 
107 93 
107 61 
107 68 
107 121 
107 95 
107 74 
107 139 
107 114 
107 45 
107 126 
107 106 
107 59 
107 132 
107 94 
107 6 
107 129 
107 39 
107 137 
107 69 
107 152 
107 9 
107 141 
107 8 
107 142 
107 26 
107 150 
107 147 
107 44 
107 23 
107 96 
107 46 
107 111 
107 105 
107 64 
107 38 
107 138 
107 51 
107 28 
107 90 
107 102 
107 66 
107 13 
107 128 
107 115 
107 89 
107 130 
107 58 
107 109 
107 84 
107 41 
107 122 
107 25 
107 104 
107 53 
107 143 
107 92 
107 110 
107 135 
107 56 
107 91 
107 75 
107 70 
107 112 
107 117 
107 98 
107 78 
107 118 
107 151 
107 144 
107 60 
107 37 
107 15 
107 22 
107 63 
107 48 
107 72 
107 24 
108 129 
108 45 
108 138 
108 13 
108 55 
108 29 
108 152 
108 91 
108 115 
108 74 
108 48 
108 121 
108 143 
108 23 
108 60 
108 52 
108 65 
108 47 
108 31 
108 36 
108 136 
108 153 
108 16 
108 32 
108 9 
108 67 
108 122 
108 7 
108 49 
108 69 
108 92 
108 20 
108 134 
108 90 
108 111 
108 88 
108 100 
108 142 
108 5 
108 22 
108 82 
108 61 
108 40 
108 54 
108 117 
108 150 
108 148 
108 24 
108 62 
108 77 
108 144 
108 118 
108 75 
108 39 
108 70 
108 76 
108 106 
108 116 
108 37 
108 97 
108 141 
108 72 
108 127 
108 94 
108 145 
108 101 
108 58 
108 89 
108 123 
109 48 
109 64 
109 143 
109 5 
109 67 
109 49 
109 105 
109 24 
109 33 
109 97 
109 131 
109 35 
109 138 
109 34 
109 61 
109 10 
109 18 
109 93 
109 45 
109 7 
109 55 
109 1 
109 43 
109 151 
109 15 
109 60 
109 59 
109 69 
109 147 
109 82 
109 58 
109 95 
109 140 
109 86 
109 153 
109 91 
109 16 
109 121 
109 101 
109 107 
109 71 
109 22 
109 42 
109 111 
109 83 
109 25 
109 92 
109 4 
109 133 
109 152 
109 125 
109 113 
109 70 
109 103 
109 117 
109 85 
109 65 
109 30 
109 134 
109 3 
109 120 
109 88 
109 53 
109 8 
109 112 
109 89 
110 150 
110 23 
110 114 
110 33 
110 64 
110 149 
110 104 
110 124 
110 25 
110 75 
110 7 
110 40 
110 63 
110 135 
110 126 
110 67 
110 14 
110 51 
110 49 
110 77 
110 29 
110 95 
110 62 
110 71 
110 127 
110 18 
110 0 
110 106 
110 32 
110 139 
110 4 
110 26 
110 137 
110 31 
110 153 
110 121 
110 13 
110 1 
110 146 
110 100 
110 19 
110 145 
110 38 
110 122 
110 70 
110 128 
110 80 
110 131 
110 134 
110 141 
110 142 
110 3 
110 82 
110 94 
110 24 
110 130 
110 152 
110 21 
110 39 
110 107 
110 57 
110 85 
110 87 
110 35 
110 55 
110 44 
110 140 
110 6 
110 68 
110 5 
110 73 
110 136 
110 101 
110 43 
110 112 
110 61 
110 98 
111 89 
111 1 
111 121 
111 34 
111 15 
111 119 
111 70 
111 149 
111 28 
111 113 
111 66 
111 78 
111 44 
111 123 
111 54 
111 83 
111 61 
111 148 
111 30 
111 20 
111 145 
111 150 
111 126 
111 52 
111 62 
111 144 
111 84 
111 25 
111 146 
111 88 
111 114 
111 79 
111 120 
111 49 
111 14 
111 107 
111 87 
111 47 
111 108 
111 42 
111 131 
111 147 
111 19 
111 115 
111 51 
111 2 
111 32 
111 122 
111 5 
111 129 
111 10 
111 26 
111 21 
111 3 
111 135 
111 48 
111 109 
111 141 
111 125 
111 31 
111 152 
111 128 
111 76 
111 142 
111 60 
111 134 
111 56 
111 99 
111 102 
111 133 
111 37 
111 124 
111 71 
111 69 
111 39 
111 50 
111 17 
111 24 
112 116 
112 18 
112 9 
112 8 
112 50 
112 102 
112 134 
112 136 
112 32 
112 1 
112 74 
112 92 
112 51 
112 137 
112 63 
112 53 
112 70 
112 128 
112 95 
112 54 
112 78 
112 87 
112 82 
112 72 
112 125 
112 75 
112 20 
112 85 
112 42 
112 91 
112 49 
112 76 
112 83 
112 58 
112 147 
112 2 
112 11 
112 68 
112 140 
112 25 
112 106 
112 93 
112 19 
112 153 
112 56 
112 26 
112 105 
112 132 
112 113 
112 71 
112 100 
112 35 
112 89 
112 69 
112 62 
112 30 
112 65 
112 5 
112 152 
112 79 
112 148 
112 77 
112 21 
112 7 
112 143 
112 124 
112 107 
112 81 
112 17 
112 6 
112 43 
112 28 
112 12 
112 123 
112 67 
112 31 
112 110 
112 10 
112 109 
112 44 
112 146 
113 1 
113 48 
113 116 
113 41 
113 147 
113 67 
113 60 
113 105 
113 111 
113 70 
113 117 
113 145 
113 133 
113 72 
113 148 
113 100 
113 45 
113 125 
113 33 
113 115 
113 132 
113 13 
113 78 
113 120 
113 5 
113 89 
113 95 
113 49 
113 56 
113 55 
113 18 
113 86 
113 137 
113 136 
113 103 
113 10 
113 139 
113 124 
113 82 
113 151 
113 153 
113 146 
113 77 
113 128 
113 16 
113 112 
113 122 
113 127 
113 51 
113 71 
113 129 
113 126 
113 57 
113 44 
113 38 
113 84 
113 109 
113 149 
113 135 
113 14 
113 75 
113 12 
113 63 
113 58 
113 62 
113 64 
113 121 
113 40 
113 93 
114 52 
114 32 
114 73 
114 110 
114 1 
114 148 
114 58 
114 59 
114 137 
114 27 
114 107 
114 12 
114 23 
114 34 
114 123 
114 69 
114 83 
114 36 
114 127 
114 152 
114 10 
114 104 
114 146 
114 126 
114 138 
114 0 
114 76 
114 82 
114 96 
114 50 
114 88 
114 30 
114 117 
114 2 
114 89 
114 111 
114 24 
114 20 
114 150 
114 56 
114 149 
114 35 
114 75 
114 144 
114 70 
114 22 
114 119 
114 124 
114 72 
114 100 
114 44 
114 39 
114 49 
114 67 
114 13 
114 128 
114 91 
114 57 
114 153 
114 103 
114 29 
114 55 
114 136 
114 101 
114 64 
114 46 
114 131 
114 87 
114 25 
114 19 
114 53 
114 54 
114 33 
114 143 
114 133 
114 51 
114 48 
114 85 
114 28 
114 63 
114 122 
114 81 
114 8 
114 71 
114 6 
115 137 
115 66 
115 118 
115 32 
115 2 
115 150 
115 104 
115 20 
115 88 
115 5 
115 108 
115 101 
115 131 
115 63 
115 153 
115 46 
115 21 
115 36 
115 103 
115 31 
115 113 
115 130 
115 54 
115 38 
115 119 
115 48 
115 76 
115 55 
115 83 
115 140 
115 93 
115 14 
115 90 
115 133 
115 92 
115 98 
115 45 
115 151 
115 72 
115 37 
115 33 
115 121 
115 117 
115 102 
115 80 
115 111 
115 40 
115 144 
115 107 
115 42 
115 39 
115 41 
115 64 
115 139 
115 30 
115 18 
115 105 
115 8 
115 70 
115 135 
115 19 
115 61 
115 136 
115 60 
115 125 
115 141 
115 138 
115 152 
115 126 
115 120 
115 58 
116 112 
116 140 
116 113 
116 4 
116 78 
116 105 
116 59 
116 71 
116 48 
116 127 
116 64 
116 33 
116 133 
116 102 
116 96 
116 124 
116 100 
116 69 
116 81 
116 75 
116 122 
116 57 
116 103 
116 46 
116 20 
116 49 
116 130 
116 101 
116 1 
116 42 
116 40 
116 86 
116 73 
116 143 
116 99 
116 79 
116 152 
116 28 
116 76 
116 134 
116 50 
116 18 
116 54 
116 90 
116 41 
116 93 
116 37 
116 106 
116 97 
116 27 
116 83 
116 88 
116 65 
116 25 
116 32 
116 108 
116 141 
116 120 
116 74 
116 147 
116 92 
116 91 
116 117 
116 129 
116 135 
116 126 
116 47 
116 58 
116 31 
116 94 
116 104 
116 53 
116 95 
116 66 
117 21 
117 35 
117 123 
117 92 
117 99 
117 65 
117 16 
117 72 
117 129 
117 150 
117 113 
117 122 
117 127 
117 38 
117 61 
117 10 
117 41 
117 131 
117 45 
117 66 
117 125 
117 80 
117 103 
117 130 
117 34 
117 25 
117 14 
117 70 
117 114 
117 81 
117 146 
117 52 
117 95 
117 147 
117 140 
117 148 
117 27 
117 60 
117 85 
117 90 
117 121 
117 124 
117 30 
117 115 
117 17 
117 108 
117 143 
117 145 
117 56 
117 102 
117 55 
117 40 
117 11 
117 120 
117 37 
117 43 
117 58 
117 106 
117 19 
117 20 
117 107 
117 109 
117 1 
117 116 
117 96 
117 2 
117 78 
117 5 
117 28 
117 48 
117 9 
117 49 
117 152 
117 98 
117 71 
117 18 
117 46 
117 76 
117 23 
118 86 
118 140 
118 23 
118 115 
118 139 
118 9 
118 3 
118 57 
118 32 
118 28 
118 29 
118 61 
118 94 
118 78 
118 127 
118 1 
118 138 
118 98 
118 10 
118 83 
118 41 
118 131 
118 75 
118 147 
118 31 
118 136 
118 123 
118 125 
118 135 
118 40 
118 143 
118 151 
118 120 
118 119 
118 11 
118 53 
118 106 
118 43 
118 6 
118 79 
118 149 
118 133 
118 63 
118 58 
118 92 
118 87 
118 60 
118 8 
118 134 
118 38 
118 48 
118 64 
118 51 
118 89 
118 25 
118 105 
118 24 
118 132 
118 56 
118 108 
118 33 
118 66 
118 148 
118 70 
118 102 
118 100 
118 34 
118 74 
118 150 
118 77 
118 90 
118 126 
118 107 
118 81 
118 121 
118 76 
118 52 
118 45 
118 2 
118 20 
118 72 
118 15 
119 52 
119 81 
119 71 
119 59 
119 24 
119 111 
119 39 
119 123 
119 9 
119 153 
119 27 
119 134 
119 141 
119 125 
119 68 
119 2 
119 152 
119 7 
119 64 
119 1 
119 115 
119 60 
119 85 
119 41 
119 16 
119 118 
119 69 
119 44 
119 106 
119 136 
119 77 
119 97 
119 76 
119 40 
119 99 
119 114 
119 146 
119 62 
119 32 
119 100 
119 147 
119 48 
119 14 
119 49 
119 63 
119 72 
119 78 
119 37 
119 10 
119 4 
119 19 
119 88 
119 50 
119 18 
119 56 
119 42 
119 3 
119 15 
119 54 
119 144 
119 132 
119 135 
119 43 
119 151 
119 30 
119 104 
119 29 
119 35 
119 87 
119 6 
119 93 
119 127 
119 55 
119 94 
119 21 
119 53 
120 85 
120 135 
120 75 
120 105 
120 129 
120 47 
120 44 
120 133 
120 53 
120 73 
120 11 
120 13 
120 146 
120 51 
120 65 
120 39 
120 12 
120 22 
120 141 
120 15 
120 124 
120 104 
120 1 
120 84 
120 113 
120 26 
120 59 
120 143 
120 56 
120 118 
120 102 
120 90 
120 24 
120 111 
120 43 
120 103 
120 130 
120 20 
120 29 
120 142 
120 34 
120 99 
120 86 
120 23 
120 100 
120 35 
120 92 
120 69 
120 74 
120 91 
120 145 
120 28 
120 125 
120 4 
120 2 
120 140 
120 117 
120 144 
120 61 
120 60 
120 116 
120 27 
120 19 
120 36 
120 70 
120 49 
120 21 
120 109 
120 115 
120 68 
120 106 
120 149 
120 139 
121 29 
121 107 
121 19 
121 100 
121 47 
121 135 
121 111 
121 43 
121 105 
121 86 
121 2 
121 22 
121 108 
121 129 
121 146 
121 6 
121 3 
121 14 
121 42 
121 60 
121 25 
121 41 
121 91 
121 141 
121 72 
121 53 
121 35 
121 102 
121 136 
121 126 
121 76 
121 56 
121 61 
121 49 
121 46 
121 57 
121 110 
121 139 
121 117 
121 115 
121 94 
121 20 
121 18 
121 145 
121 45 
121 9 
121 144 
121 93 
121 109 
121 54 
121 33 
121 133 
121 95 
121 134 
121 98 
121 13 
121 63 
121 26 
121 123 
121 0 
121 78 
121 99 
121 55 
121 31 
121 23 
121 16 
121 124 
121 48 
121 140 
121 74 
121 83 
121 118 
121 113 
121 44 
121 52 
121 65 
121 149 
121 11 
121 131 
121 68 
121 32 
121 69 
122 85 
122 134 
122 133 
122 2 
122 99 
122 4 
122 25 
122 34 
122 40 
122 20 
122 67 
122 60 
122 125 
122 87 
122 23 
122 100 
122 123 
122 117 
122 139 
122 59 
122 33 
122 116 
122 68 
122 0 
122 56 
122 1 
122 75 
122 61 
122 108 
122 132 
122 73 
122 29 
122 137 
122 149 
122 135 
122 8 
122 6 
122 17 
122 83 
122 42 
122 27 
122 128 
122 96 
122 65 
122 72 
122 54 
122 58 
122 89 
122 44 
122 21 
122 86 
122 110 
122 113 
122 78 
122 111 
122 150 
122 14 
122 18 
122 52 
122 107 
122 62 
122 71 
122 79 
122 102 
122 127 
122 10 
122 26 
122 47 
122 13 
122 11 
122 9 
122 37 
122 94 
122 126 
122 114 
122 16 
122 36 
122 81 
122 32 
122 15 
122 93 
122 92 
122 141 
123 13 
123 152 
123 117 
123 101 
123 147 
123 78 
123 6 
123 88 
123 114 
123 85 
123 55 
123 99 
123 119 
123 122 
123 153 
123 17 
123 10 
123 33 
123 8 
123 111 
123 87 
123 69 
123 74 
123 43 
123 71 
123 18 
123 148 
123 118 
123 124 
123 38 
123 125 
123 5 
123 100 
123 0 
123 86 
123 9 
123 91 
123 64 
123 95 
123 135 
123 50 
123 81 
123 26 
123 19 
123 41 
123 92 
123 83 
123 21 
123 7 
123 121 
123 51 
123 3 
123 130 
123 2 
123 1 
123 34 
123 29 
123 112 
123 52 
123 96 
123 65 
123 14 
123 62 
123 32 
123 108 
123 11 
124 2 
124 35 
124 47 
124 57 
124 131 
124 142 
124 110 
124 13 
124 59 
124 52 
124 33 
124 143 
124 66 
124 32 
124 55 
124 11 
124 58 
124 88 
124 116 
124 16 
124 38 
124 102 
124 120 
124 87 
124 151 
124 127 
124 147 
124 90 
124 135 
124 138 
124 123 
124 96 
124 113 
124 80 
124 129 
124 149 
124 60 
124 117 
124 114 
124 8 
124 44 
124 128 
124 134 
124 14 
124 86 
124 67 
124 12 
124 23 
124 137 
124 106 
124 73 
124 99 
124 144 
124 30 
124 91 
124 10 
124 46 
124 145 
124 62 
124 51 
124 146 
124 121 
124 112 
124 7 
124 6 
124 95 
124 126 
124 111 
124 26 
125 138 
125 73 
125 101 
125 21 
125 81 
125 6 
125 147 
125 80 
125 60 
125 59 
125 122 
125 136 
125 47 
125 68 
125 100 
125 119 
125 1 
125 146 
125 113 
125 35 
125 46 
125 54 
125 9 
125 31 
125 117 
125 112 
125 99 
125 118 
125 8 
125 61 
125 123 
125 98 
125 128 
125 133 
125 129 
125 32 
125 142 
125 103 
125 58 
125 11 
125 20 
125 137 
125 106 
125 143 
125 88 
125 74 
125 63 
125 43 
125 97 
125 62 
125 4 
125 120 
125 18 
125 92 
125 10 
125 69 
125 102 
125 111 
125 91 
125 109 
125 94 
125 139 
125 39 
125 12 
125 84 
125 42 
125 153 
125 64 
125 140 
125 75 
125 115 
125 38 
125 66 
125 96 
125 86 
125 89 
125 16 
125 65 
125 27 
125 44 
125 79 
125 34 
125 77 
125 15 
125 51 
126 25 
126 90 
126 26 
126 137 
126 43 
126 61 
126 53 
126 77 
126 66 
126 0 
126 110 
126 131 
126 24 
126 107 
126 16 
126 54 
126 63 
126 14 
126 13 
126 153 
126 45 
126 57 
126 141 
126 114 
126 5 
126 134 
126 100 
126 73 
126 8 
126 111 
126 128 
126 7 
126 31 
126 70 
126 86 
126 27 
126 94 
126 121 
126 89 
126 58 
126 144 
126 81 
126 69 
126 29 
126 17 
126 11 
126 6 
126 47 
126 132 
126 80 
126 139 
126 20 
126 113 
126 140 
126 133 
126 42 
126 102 
126 46 
126 148 
126 51 
126 4 
126 76 
126 87 
126 50 
126 118 
126 15 
126 71 
126 116 
126 32 
126 122 
126 96 
126 82 
126 124 
126 115 
126 56 
126 10 
126 138 
127 53 
127 145 
127 40 
127 149 
127 138 
127 67 
127 48 
127 150 
127 106 
127 118 
127 62 
127 116 
127 143 
127 114 
127 25 
127 31 
127 6 
127 100 
127 117 
127 59 
127 63 
127 26 
127 45 
127 73 
127 110 
127 124 
127 133 
127 81 
127 105 
127 57 
127 4 
127 35 
127 44 
127 75 
127 80 
127 98 
127 134 
127 93 
127 58 
127 46 
127 153 
127 32 
127 2 
127 87 
127 11 
127 137 
127 0 
127 8 
127 140 
127 24 
127 113 
127 88 
127 10 
127 3 
127 12 
127 29 
127 50 
127 129 
127 84 
127 23 
127 19 
127 16 
127 146 
127 13 
127 122 
127 152 
127 17 
127 21 
127 41 
127 86 
127 101 
127 108 
127 141 
127 102 
127 144 
127 119 
127 130 
127 51 
127 64 
127 42 
128 64 
128 86 
128 59 
128 152 
128 67 
128 42 
128 85 
128 45 
128 29 
128 53 
128 3 
128 35 
128 39 
128 47 
128 102 
128 149 
128 28 
128 136 
128 24 
128 77 
128 18 
128 96 
128 37 
128 112 
128 97 
128 31 
128 89 
128 126 
128 0 
128 65 
128 70 
128 81 
128 19 
128 72 
128 57 
128 16 
128 125 
128 83 
128 27 
128 122 
128 113 
128 99 
128 124 
128 1 
128 94 
128 146 
128 107 
128 21 
128 106 
128 79 
128 110 
128 48 
128 25 
128 20 
128 26 
128 139 
128 114 
128 101 
128 36 
128 73 
128 61 
128 5 
128 140 
128 66 
128 111 
128 98 
128 54 
128 151 
128 32 
128 68 
128 93 
128 95 
128 87 
128 49 
128 147 
128 104 
128 41 
128 44 
129 108 
129 148 
129 70 
129 120 
129 14 
129 132 
129 150 
129 131 
129 146 
129 48 
129 67 
129 4 
129 117 
129 97 
129 62 
129 121 
129 96 
129 20 
129 76 
129 11 
129 90 
129 60 
129 107 
129 51 
129 32 
129 145 
129 72 
129 85 
129 38 
129 135 
129 105 
129 106 
129 125 
129 124 
129 140 
129 73 
129 1 
129 57 
129 63 
129 56 
129 26 
129 111 
129 113 
129 87 
129 22 
129 69 
129 127 
129 88 
129 31 
129 83 
129 23 
129 34 
129 17 
129 144 
129 19 
129 12 
129 35 
129 29 
129 71 
129 27 
129 7 
129 116 
129 52 
129 42 
129 100 
129 74 
129 28 
129 55 
129 54 
129 84 
129 25 
129 99 
130 141 
130 153 
130 80 
130 6 
130 102 
130 150 
130 99 
130 33 
130 77 
130 18 
130 81 
130 132 
130 68 
130 103 
130 149 
130 78 
130 94 
130 137 
130 35 
130 115 
130 145 
130 11 
130 117 
130 66 
130 135 
130 140 
130 17 
130 21 
130 26 
130 56 
130 58 
130 0 
130 116 
130 52 
130 70 
130 65 
130 84 
130 120 
130 98 
130 97 
130 76 
130 64 
130 25 
130 91 
130 5 
130 107 
130 63 
130 67 
130 22 
130 74 
130 46 
130 110 
130 49 
130 38 
130 3 
130 101 
130 7 
130 123 
130 69 
130 136 
130 87 
130 24 
130 104 
130 88 
130 23 
130 10 
130 34 
130 151 
130 71 
130 138 
130 90 
130 47 
130 127 
130 14 
130 43 
131 124 
131 65 
131 82 
131 3 
131 4 
131 133 
131 129 
131 135 
131 75 
131 126 
131 38 
131 115 
131 109 
131 103 
131 93 
131 57 
131 118 
131 151 
131 40 
131 83 
131 117 
131 0 
131 15 
131 11 
131 101 
131 150 
131 71 
131 111 
131 39 
131 143 
131 68 
131 76 
131 105 
131 47 
131 18 
131 69 
131 51 
131 35 
131 79 
131 17 
131 144 
131 110 
131 147 
131 44 
131 132 
131 24 
131 55 
131 67 
131 14 
131 61 
131 90 
131 86 
131 36 
131 53 
131 114 
131 58 
131 140 
131 100 
131 92 
131 88 
131 95 
131 13 
131 26 
131 94 
131 5 
131 56 
131 149 
131 98 
131 136 
131 45 
131 139 
131 141 
131 121 
131 78 
131 104 
131 49 
131 7 
131 62 
132 82 
132 129 
132 19 
132 97 
132 11 
132 9 
132 69 
132 77 
132 80 
132 1 
132 83 
132 130 
132 20 
132 10 
132 107 
132 38 
132 68 
132 104 
132 13 
132 70 
132 62 
132 113 
132 143 
132 47 
132 15 
132 34 
132 152 
132 84 
132 22 
132 73 
132 106 
132 122 
132 71 
132 28 
132 140 
132 98 
132 6 
132 12 
132 105 
132 141 
132 144 
132 133 
132 5 
132 4 
132 31 
132 26 
132 3 
132 112 
132 92 
132 14 
132 126 
132 148 
132 85 
132 149 
132 46 
132 44 
132 131 
132 65 
132 118 
132 7 
132 137 
132 33 
132 79 
132 21 
132 151 
132 49 
132 59 
132 119 
132 74 
132 29 
132 30 
132 150 
132 27 
132 86 
132 18 
132 153 
132 58 
132 0 
132 63 
132 81 
132 134 
132 75 
132 61 
132 139 
132 37 
132 43 
132 2 
132 146 
133 122 
133 100 
133 146 
133 24 
133 1 
133 20 
133 120 
133 131 
133 10 
133 48 
133 69 
133 36 
133 101 
133 13 
133 52 
133 150 
133 152 
133 34 
133 116 
133 95 
133 113 
133 140 
133 61 
133 151 
133 43 
133 127 
133 139 
133 12 
133 98 
133 22 
133 115 
133 125 
133 54 
133 118 
133 9 
133 62 
133 132 
133 105 
133 19 
133 66 
133 44 
133 121 
133 40 
133 2 
133 8 
133 18 
133 57 
133 126 
133 109 
133 88 
133 106 
133 144 
133 83 
133 89 
133 32 
133 137 
133 23 
133 114 
133 26 
133 92 
133 30 
133 41 
133 147 
133 111 
133 85 
133 84 
133 138 
133 31 
134 87 
134 71 
134 122 
134 51 
134 10 
134 29 
134 53 
134 112 
134 72 
134 47 
134 36 
134 61 
134 98 
134 119 
134 136 
134 106 
134 80 
134 126 
134 18 
134 32 
134 143 
134 0 
134 137 
134 13 
134 38 
134 68 
134 100 
134 73 
134 45 
134 48 
134 11 
134 96 
134 33 
134 21 
134 22 
134 127 
134 108 
134 40 
134 95 
134 116 
134 118 
134 50 
134 23 
134 124 
134 74 
134 27 
134 43 
134 153 
134 105 
134 110 
134 64 
134 121 
134 150 
134 62 
134 151 
134 141 
134 84 
134 34 
134 15 
134 76 
134 30 
134 78 
134 111 
134 28 
134 109 
134 2 
134 57 
134 65 
134 149 
134 132 
134 83 
134 103 
134 82 
135 120 
135 100 
135 105 
135 37 
135 90 
135 121 
135 137 
135 89 
135 104 
135 81 
135 131 
135 110 
135 26 
135 27 
135 151 
135 74 
135 96 
135 44 
135 77 
135 42 
135 46 
135 6 
135 141 
135 71 
135 58 
135 129 
135 149 
135 80 
135 130 
135 124 
135 12 
135 118 
135 91 
135 72 
135 87 
135 18 
135 143 
135 75 
135 122 
135 50 
135 67 
135 49 
135 123 
135 73 
135 14 
135 140 
135 5 
135 95 
135 139 
135 35 
135 41 
135 147 
135 101 
135 61 
135 39 
135 99 
135 111 
135 107 
135 57 
135 51 
135 119 
135 33 
135 113 
135 115 
135 31 
135 94 
135 142 
135 64 
135 0 
135 116 
135 150 
135 21 
135 8 
135 53 
135 82 
135 93 
135 24 
135 79 
135 45 
135 25 
135 146 
135 40 
135 98 
135 34 
136 80 
136 59 
136 82 
136 88 
136 83 
136 6 
136 87 
136 46 
136 45 
136 16 
136 52 
136 33 
136 112 
136 42 
136 125 
136 32 
136 149 
136 91 
136 128 
136 71 
136 134 
136 96 
136 108 
136 118 
136 27 
136 26 
136 113 
136 77 
136 142 
136 119 
136 121 
136 151 
136 153 
136 84 
136 106 
136 105 
136 36 
136 62 
136 67 
136 21 
136 75 
136 72 
136 146 
136 76 
136 51 
136 7 
136 58 
136 64 
136 43 
136 18 
136 44 
136 114 
136 101 
136 138 
136 40 
136 130 
136 57 
136 63 
136 14 
136 38 
136 115 
136 50 
136 131 
136 110 
136 47 
136 4 
136 24 
136 39 
136 3 
137 89 
137 148 
137 75 
137 27 
137 115 
137 105 
137 53 
137 126 
137 23 
137 114 
137 55 
137 135 
137 106 
137 68 
137 104 
137 3 
137 52 
137 112 
137 44 
137 18 
137 48 
137 130 
137 57 
137 134 
137 32 
137 107 
137 80 
137 113 
137 102 
137 122 
137 110 
137 79 
137 125 
137 13 
137 140 
137 60 
137 127 
137 124 
137 84 
137 62 
137 17 
137 50 
137 138 
137 153 
137 39 
137 139 
137 8 
137 132 
137 7 
137 54 
137 95 
137 33 
137 29 
137 133 
137 93 
137 31 
137 96 
137 6 
137 19 
137 73 
137 49 
137 35 
137 91 
137 63 
137 56 
137 72 
137 146 
137 94 
137 37 
138 125 
138 108 
138 68 
138 88 
138 81 
138 61 
138 44 
138 127 
138 51 
138 3 
138 89 
138 24 
138 39 
138 97 
138 54 
138 118 
138 151 
138 21 
138 109 
138 114 
138 82 
138 99 
138 63 
138 139 
138 71 
138 150 
138 124 
138 83 
138 9 
138 91 
138 27 
138 46 
138 94 
138 141 
138 7 
138 74 
138 14 
138 11 
138 29 
138 16 
138 107 
138 142 
138 22 
138 145 
138 98 
138 93 
138 137 
138 90 
138 104 
138 136 
138 32 
138 28 
138 72 
138 49 
138 147 
138 86 
138 148 
138 20 
138 35 
138 41 
138 65 
138 25 
138 6 
138 42 
138 33 
138 2 
138 1 
138 115 
138 130 
138 69 
138 133 
138 12 
138 40 
138 73 
138 19 
138 126 
139 26 
139 61 
139 118 
139 143 
139 107 
139 34 
139 59 
139 81 
139 44 
139 68 
139 141 
139 45 
139 122 
139 37 
139 138 
139 70 
139 60 
139 14 
139 133 
139 16 
139 153 
139 89 
139 110 
139 47 
139 113 
139 58 
139 78 
139 72 
139 17 
139 105 
139 144 
139 152 
139 84 
139 121 
139 151 
139 32 
139 64 
139 135 
139 128 
139 115 
139 126 
139 97 
139 137 
139 80 
139 3 
139 11 
139 145 
139 4 
139 55 
139 54 
139 57 
139 149 
139 50 
139 22 
139 125 
139 73 
139 87 
139 41 
139 2 
139 131 
139 98 
139 56 
139 132 
139 142 
139 85 
139 0 
139 79 
139 120 
140 78 
140 149 
140 92 
140 116 
140 118 
140 13 
140 26 
140 36 
140 6 
140 99 
140 95 
140 67 
140 10 
140 28 
140 54 
140 12 
140 0 
140 86 
140 133 
140 76 
140 34 
140 130 
140 51 
140 115 
140 58 
140 132 
140 55 
140 53 
140 57 
140 48 
140 77 
140 117 
140 112 
140 93 
140 64 
140 41 
140 146 
140 88 
140 129 
140 137 
140 109 
140 135 
140 60 
140 97 
140 127 
140 35 
140 29 
140 120 
140 126 
140 106 
140 87 
140 100 
140 96 
140 142 
140 143 
140 131 
140 90 
140 4 
140 27 
140 9 
140 80 
140 40 
140 128 
140 2 
140 110 
140 75 
140 121 
140 72 
140 153 
140 151 
140 71 
140 147 
140 125 
140 47 
140 59 
140 104 
140 3 
140 46 
140 32 
140 85 
140 79 
141 130 
141 99 
141 13 
141 36 
141 55 
141 18 
141 88 
141 3 
141 28 
141 98 
141 2 
141 58 
141 139 
141 96 
141 86 
141 67 
141 142 
141 53 
141 119 
141 126 
141 120 
141 51 
141 9 
141 1 
141 48 
141 135 
141 147 
141 121 
141 107 
141 138 
141 37 
141 79 
141 45 
141 100 
141 132 
141 26 
141 49 
141 72 
141 20 
141 148 
141 76 
141 152 
141 90 
141 87 
141 47 
141 110 
141 32 
141 71 
141 10 
141 41 
141 68 
141 105 
141 134 
141 111 
141 77 
141 116 
141 97 
141 104 
141 108 
141 54 
141 80 
141 19 
141 91 
141 143 
141 115 
141 127 
141 151 
141 29 
141 56 
141 131 
141 27 
141 145 
141 6 
141 44 
141 61 
141 103 
141 122 
142 4 
142 62 
142 25 
142 124 
142 87 
142 66 
142 94 
142 143 
142 20 
142 151 
142 44 
142 54 
142 141 
142 96 
142 74 
142 73 
142 10 
142 104 
142 15 
142 98 
142 70 
142 84 
142 105 
142 90 
142 72 
142 75 
142 50 
142 107 
142 136 
142 18 
142 125 
142 150 
142 30 
142 146 
142 24 
142 108 
142 152 
142 120 
142 138 
142 77 
142 99 
142 58 
142 12 
142 42 
142 52 
142 88 
142 40 
142 28 
142 23 
142 110 
142 38 
142 79 
142 102 
142 37 
142 91 
142 145 
142 89 
142 82 
142 140 
142 51 
142 29 
142 93 
142 68 
142 111 
142 17 
142 32 
142 0 
142 135 
142 48 
142 149 
142 139 
143 11 
143 58 
143 139 
143 80 
143 109 
143 39 
143 124 
143 41 
143 142 
143 1 
143 127 
143 60 
143 108 
143 61 
143 43 
143 75 
143 32 
143 85 
143 10 
143 134 
143 132 
143 18 
143 83 
143 120 
143 118 
143 72 
143 84 
143 14 
143 13 
143 30 
143 145 
143 87 
143 135 
143 95 
143 116 
143 151 
143 47 
143 89 
143 153 
143 131 
143 78 
143 79 
143 125 
143 74 
143 71 
143 16 
143 117 
143 144 
143 29 
143 147 
143 6 
143 55 
143 81 
143 148 
143 31 
143 106 
143 73 
143 70 
143 107 
143 149 
143 62 
143 53 
143 92 
143 104 
143 140 
143 17 
143 33 
143 34 
143 46 
143 112 
143 98 
143 114 
143 102 
143 90 
143 21 
143 141 
143 0 
143 103 
143 45 
143 93 
143 49 
143 56 
143 82 
143 50 
144 32 
144 87 
144 67 
144 15 
144 38 
144 16 
144 83 
144 153 
144 25 
144 96 
144 111 
144 44 
144 93 
144 59 
144 51 
144 63 
144 57 
144 81 
144 91 
144 78 
144 46 
144 139 
144 66 
144 126 
144 114 
144 132 
144 68 
144 14 
144 106 
144 61 
144 71 
144 104 
144 131 
144 121 
144 115 
144 58 
144 143 
144 151 
144 124 
144 108 
144 37 
144 86 
144 35 
144 26 
144 88 
144 22 
144 52 
144 120 
144 119 
144 133 
144 4 
144 24 
144 129 
144 28 
144 43 
144 50 
144 74 
144 73 
144 18 
144 82 
144 29 
144 107 
144 146 
144 60 
144 10 
144 94 
144 40 
144 127 
144 55 
144 33 
144 21 
144 19 
144 102 
144 3 
145 78 
145 25 
145 17 
145 88 
145 127 
145 44 
145 63 
145 4 
145 100 
145 19 
145 83 
145 113 
145 35 
145 52 
145 80 
145 130 
145 111 
145 66 
145 53 
145 129 
145 97 
145 21 
145 105 
145 29 
145 14 
145 67 
145 150 
145 51 
145 72 
145 143 
145 11 
145 23 
145 18 
145 39 
145 1 
145 86 
145 149 
145 3 
145 16 
145 24 
145 110 
145 121 
145 30 
145 12 
145 59 
145 85 
145 82 
145 138 
145 7 
145 6 
145 117 
145 91 
145 120 
145 98 
145 57 
145 36 
145 64 
145 95 
145 124 
145 142 
145 152 
145 139 
145 32 
145 55 
145 22 
145 104 
145 37 
145 5 
145 89 
145 92 
145 54 
145 58 
145 26 
145 141 
145 102 
145 108 
146 32 
146 53 
146 87 
146 133 
146 58 
146 29 
146 7 
146 38 
146 129 
146 120 
146 11 
146 40 
146 60 
146 147 
146 42 
146 114 
146 125 
146 17 
146 37 
146 121 
146 66 
146 22 
146 83 
146 149 
146 49 
146 88 
146 117 
146 111 
146 96 
146 81 
146 97 
146 82 
146 113 
146 8 
146 142 
146 3 
146 70 
146 140 
146 65 
146 119 
146 24 
146 110 
146 128 
146 103 
146 12 
146 48 
146 47 
146 71 
146 151 
146 28 
146 73 
146 64 
146 136 
146 104 
146 67 
146 86 
146 72 
146 89 
146 34 
146 9 
146 127 
146 124 
146 27 
146 46 
146 10 
146 56 
146 98 
146 150 
146 102 
146 91 
146 16 
146 30 
146 26 
146 144 
146 31 
146 33 
146 84 
146 21 
146 135 
146 35 
146 137 
146 112 
146 132 
147 77 
147 47 
147 39 
147 150 
147 125 
147 123 
147 113 
147 81 
147 152 
147 89 
147 106 
147 50 
147 86 
147 75 
147 66 
147 146 
147 99 
147 20 
147 5 
147 118 
147 71 
147 42 
147 124 
147 76 
147 6 
147 24 
147 102 
147 141 
147 98 
147 23 
147 149 
147 53 
147 112 
147 8 
147 46 
147 92 
147 84 
147 107 
147 70 
147 83 
147 117 
147 22 
147 36 
147 109 
147 62 
147 119 
147 111 
147 97 
147 33 
147 26 
147 40 
147 12 
147 143 
147 54 
147 131 
147 52 
147 25 
147 135 
147 74 
147 95 
147 90 
147 31 
147 13 
147 10 
147 138 
147 21 
147 73 
147 82 
147 51 
147 14 
147 116 
147 105 
147 63 
147 45 
147 133 
147 140 
147 67 
147 34 
147 78 
147 29 
147 128 
147 35 
148 137 
148 57 
148 114 
148 129 
148 42 
148 23 
148 103 
148 16 
148 89 
148 13 
148 17 
148 5 
148 22 
148 20 
148 7 
148 43 
148 66 
148 10 
148 69 
148 113 
148 64 
148 111 
148 104 
148 44 
148 3 
148 153 
148 60 
148 123 
148 102 
148 80 
148 48 
148 31 
148 85 
148 76 
148 97 
148 26 
148 73 
148 49 
148 117 
148 63 
148 11 
148 101 
148 0 
148 77 
148 141 
148 4 
148 8 
148 106 
148 92 
148 82 
148 108 
148 149 
148 132 
148 37 
148 143 
148 24 
148 12 
148 40 
148 14 
148 65 
148 112 
148 61 
148 93 
148 118 
148 126 
148 45 
148 70 
148 99 
148 138 
148 95 
148 59 
148 100 
148 38 
148 53 
148 79 
148 51 
149 140 
149 110 
149 105 
149 67 
149 127 
149 64 
149 63 
149 60 
149 111 
149 136 
149 128 
149 53 
149 11 
149 75 
149 130 
149 38 
149 94 
149 76 
149 69 
149 46 
149 9 
149 54 
149 146 
149 135 
149 15 
149 95 
149 28 
149 147 
149 104 
149 25 
149 36 
149 17 
149 118 
149 89 
149 23 
149 122 
149 152 
149 70 
149 114 
149 61 
149 124 
149 145 
149 83 
149 1 
149 68 
149 78 
149 26 
149 148 
149 153 
149 6 
149 21 
149 82 
149 132 
149 0 
149 143 
149 20 
149 150 
149 96 
149 106 
149 102 
149 113 
149 42 
149 139 
149 22 
149 100 
149 131 
149 4 
149 142 
149 56 
149 98 
149 3 
149 121 
149 59 
149 134 
149 120 
150 110 
150 5 
150 147 
150 130 
150 129 
150 115 
150 33 
150 46 
150 127 
150 10 
150 3 
150 117 
150 133 
150 101 
150 44 
150 61 
150 87 
150 6 
150 111 
150 86 
150 138 
150 7 
150 65 
150 42 
150 145 
150 1 
150 107 
150 57 
150 131 
150 24 
150 97 
150 114 
150 78 
150 142 
150 66 
150 73 
150 0 
150 32 
150 19 
150 83 
150 8 
150 108 
150 11 
150 45 
150 18 
150 122 
150 2 
150 134 
150 93 
150 69 
150 149 
150 70 
150 47 
150 151 
150 92 
150 52 
150 36 
150 17 
150 132 
150 118 
150 41 
150 146 
150 135 
150 152 
150 104 
150 26 
151 56 
151 39 
151 46 
151 95 
151 48 
151 142 
151 135 
151 138 
151 99 
151 12 
151 43 
151 73 
151 14 
151 133 
151 131 
151 74 
151 49 
151 124 
151 101 
151 84 
151 63 
151 66 
151 27 
151 42 
151 23 
151 59 
151 118 
151 57 
151 10 
151 109 
151 113 
151 69 
151 29 
151 55 
151 136 
151 104 
151 90 
151 143 
151 115 
151 11 
151 68 
151 81 
151 32 
151 139 
151 78 
151 76 
151 85 
151 13 
151 16 
151 88 
151 1 
151 71 
151 61 
151 146 
151 144 
151 22 
151 134 
151 44 
151 62 
151 26 
151 132 
151 150 
151 93 
151 52 
151 96 
151 24 
151 128 
151 140 
151 153 
151 119 
151 107 
151 130 
151 141 
151 34 
151 79 
151 98 
151 33 
151 103 
151 100 
151 86 
151 8 
151 35 
152 9 
152 37 
152 106 
152 84 
152 123 
152 128 
152 12 
152 67 
152 147 
152 49 
152 82 
152 32 
152 108 
152 114 
152 11 
152 133 
152 75 
152 62 
152 79 
152 15 
152 56 
152 97 
152 119 
152 98 
152 61 
152 1 
152 38 
152 7 
152 132 
152 100 
152 45 
152 107 
152 43 
152 64 
152 99 
152 102 
152 149 
152 44 
152 54 
152 116 
152 13 
152 14 
152 16 
152 73 
152 139 
152 104 
152 47 
152 142 
152 27 
152 87 
152 141 
152 85 
152 28 
152 91 
152 23 
152 110 
152 145 
152 18 
152 112 
152 105 
152 90 
152 35 
152 41 
152 19 
152 109 
152 111 
152 2 
152 127 
152 69 
152 86 
152 46 
152 150 
152 5 
152 17 
152 115 
152 117 
152 33 
152 29 
153 18 
153 97 
153 130 
153 85 
153 19 
153 77 
153 38 
153 83 
153 69 
153 17 
153 35 
153 10 
153 36 
153 123 
153 119 
153 24 
153 21 
153 115 
153 40 
153 126 
153 3 
153 46 
153 144 
153 103 
153 9 
153 45 
153 20 
153 101 
153 148 
153 108 
153 50 
153 139 
153 8 
153 90 
153 113 
153 136 
153 27 
153 58 
153 110 
153 74 
153 143 
153 127 
153 109 
153 6 
153 112 
153 134 
153 26 
153 105 
153 149 
153 99 
153 63 
153 66 
153 137 
153 114 
153 88 
153 53 
153 12 
153 48 
153 7 
153 86 
153 56 
153 52 
153 0 
153 30 
153 47 
153 106 
153 76 
153 96 
153 140 
153 95 
153 125 
153 151 
153 132 
153 84 
153 100 
153 91 
153 5 
153 75 
153 102 
153 71 
