0 35 99 31 138 1 135 105 22 59 25 81 132 130 150 8 23 129 
1 20 90 0 91 124 14 166 93 89 29 55 56 6 143 117 160 116 57 74 156 54 39 50 
2 153 71 156 44 25 97 98 154 15 135 139 72 140 113 129 34 161 36 51 
3 147 35 25 150 122 51 40 49 
4 106 31 153 22 157 121 61 13 118 7 49 127 41 67 146 161 152 
5 152 11 103 119 58 74 94 21 95 130 125 145 
6 15 62 81 51 161 87 80 99 58 43 159 1 96 55 22 133 10 167 17 104 
7 50 123 85 149 36 82 122 4 93 134 119 66 105 132 15 60 
8 166 134 41 145 168 159 121 74 42 38 32 170 39 135 0 141 
9 13 32 90 42 65 126 49 16 76 154 37 97 157 160 85 109 92 123 168 46 169 106 159 63 141 69 112 163 101 
10 12 37 169 120 90 161 153 127 49 166 65 13 147 108 15 6 143 50 24 94 155 42 
11 167 52 53 63 5 103 73 119 123 59 14 128 17 20 149 165 54 127 40 151 126 
12 10 147 101 133 39 138 139 15 128 79 41 44 29 13 
13 9 62 129 35 33 144 127 143 4 162 107 96 43 50 10 58 77 42 89 83 12 31 
14 159 130 52 77 1 17 70 37 116 11 125 144 166 107 88 157 68 132 61 127 154 
15 64 6 34 153 154 135 144 23 74 2 12 25 87 132 60 125 148 10 7 108 40 97 22 
16 70 85 54 9 162 30 134 57 140 75 
17 136 34 159 146 80 14 168 58 138 83 11 156 26 6 142 122 84 43 
18 53 157 94 139 125 52 104 145 65 106 79 66 128 51 
19 109 166 136 37 69 164 133 128 159 141 130 162 153 108 20 107 38 48 125 88 143 
20 53 1 119 50 45 115 140 11 19 114 87 
21 169 33 75 5 74 27 98 120 61 38 92 135 113 49 
22 136 35 64 99 120 4 135 23 0 43 106 6 125 133 146 159 41 15 122 118 
23 42 15 124 113 22 110 77 127 79 34 25 132 71 0 
24 98 162 131 139 30 62 108 105 64 10 76 143 
25 168 129 2 92 49 3 70 166 33 102 47 94 15 116 51 0 163 31 23 
26 28 41 159 73 48 43 155 37 120 117 17 76 132 85 57 114 30 102 164 
27 75 30 139 38 151 88 21 76 144 124 
28 26 94 168 105 31 46 79 99 36 148 91 167 35 100 69 41 111 63 169 163 87 152 
29 82 111 171 90 1 47 136 164 110 84 12 51 42 
30 51 137 27 87 65 33 74 16 92 133 24 76 91 35 98 111 59 26 80 
31 134 4 76 140 0 28 87 73 122 97 130 72 44 25 131 13 
32 9 135 88 165 82 104 127 146 72 74 98 8 
33 95 76 13 112 21 152 60 30 69 25 113 132 74 169 130 71 65 147 
34 69 17 126 15 128 129 148 141 139 171 92 2 75 23 87 168 
35 0 3 13 85 122 99 22 134 76 47 160 28 119 169 129 92 30 42 68 51 151 157 133 
36 146 75 128 55 28 7 94 153 150 136 125 54 98 120 2 159 57 
37 91 10 168 19 163 104 167 9 14 26 132 74 102 39 154 
38 159 63 60 27 108 155 144 161 39 56 21 162 8 19 150 96 116 
39 131 164 12 85 146 118 105 134 38 129 75 47 37 50 8 143 114 113 104 145 162 1 
40 120 139 112 66 93 117 142 80 119 78 125 154 159 114 3 144 122 11 15 
41 118 26 8 105 50 156 155 150 101 67 4 132 12 22 28 69 116 87 
42 145 133 9 140 152 71 23 168 155 137 150 83 8 147 35 13 73 10 29 
43 147 119 140 48 26 169 6 155 65 13 22 107 125 85 17 
44 125 2 84 130 64 139 73 104 117 46 126 112 171 97 150 12 31 55 168 147 
45 54 88 60 99 133 20 49 100 52 53 169 116 65 92 78 69 64 141 85 131 74 
46 170 126 138 28 71 104 157 44 113 65 58 64 83 9 
47 103 83 72 65 104 25 35 131 134 29 113 110 39 53 63 
48 90 63 69 26 43 129 132 152 50 109 142 86 19 84 125 97 93 
49 82 134 96 100 143 25 9 98 68 133 10 146 45 90 4 163 84 88 159 71 101 61 3 21 
50 148 7 41 48 20 13 103 95 101 39 10 58 104 121 114 1 126 
51 168 30 6 104 153 52 25 3 160 29 35 63 2 18 
52 132 11 168 14 171 92 124 98 45 89 66 51 18 60 56 157 140 120 
53 20 18 11 157 91 108 76 142 122 82 103 72 119 45 134 63 86 156 47 
54 45 93 111 16 79 117 36 11 80 1 63 
55 155 159 36 69 125 97 110 107 1 6 119 63 101 57 44 124 
56 114 121 86 153 72 163 97 1 88 60 38 164 148 52 129 149 
57 119 68 164 132 159 100 58 63 1 118 75 26 55 16 36 147 
58 159 6 5 76 68 17 150 95 135 13 57 46 59 50 136 158 156 
59 166 106 147 103 60 164 165 87 11 125 113 0 58 114 30 65 158 97 
60 89 88 45 59 33 38 135 137 15 56 52 152 136 134 148 7 80 
61 86 93 162 4 159 160 161 142 157 145 153 21 96 83 85 14 113 49 
62 6 13 167 142 134 159 85 165 84 129 24 88 171 83 
63 95 48 38 11 123 161 130 53 55 145 57 138 28 54 9 51 47 
64 15 132 110 80 22 98 44 116 130 24 46 97 95 45 
65 9 117 30 84 47 43 10 98 46 115 129 79 169 45 18 133 163 33 59 125 
66 151 126 83 40 117 142 70 159 155 52 7 125 18 
67 131 116 105 80 160 72 115 137 113 117 41 4 129 151 104 
68 135 90 49 151 57 153 58 141 14 35 75 102 
69 133 34 94 48 55 19 156 84 132 128 33 78 158 28 97 140 72 45 9 115 41 
70 108 144 16 140 166 25 66 14 158 75 88 129 145 87 90 
71 96 109 92 2 42 46 110 162 86 79 95 139 156 33 49 23 
72 170 129 114 116 47 124 56 2 108 67 171 75 53 100 32 76 88 31 69 96 
73 92 102 26 97 74 11 31 162 158 44 156 120 124 42 
74 113 157 163 115 15 150 5 98 73 30 153 21 8 32 33 37 1 162 79 45 131 
75 27 36 87 167 153 83 122 115 21 72 77 164 39 70 147 149 57 34 68 16 
76 134 33 31 53 35 9 77 86 58 122 27 30 72 147 103 26 98 92 24 
77 86 14 76 101 23 75 13 105 91 138 
78 157 89 112 149 169 167 118 117 40 95 69 91 45 98 97 138 124 
79 139 28 114 123 169 71 109 141 54 12 157 65 110 142 23 85 18 74 122 
80 156 136 64 17 67 6 40 140 112 91 132 118 99 54 163 126 30 60 98 
81 6 105 166 87 0 165 157 124 
82 49 29 32 7 53 84 104 142 137 102 131 148 
83 85 111 66 47 75 100 113 155 42 152 132 128 17 123 166 61 46 62 13 131 
84 132 126 44 169 122 146 65 69 123 100 82 62 142 49 29 48 148 89 17 
85 83 119 16 35 7 171 104 139 164 39 146 62 87 154 9 128 43 79 26 61 156 45 106 
86 77 56 61 138 156 133 120 76 71 167 140 48 97 53 103 
87 152 75 90 30 6 136 111 81 31 59 123 85 15 114 70 95 34 106 28 20 41 
88 135 32 60 45 146 117 163 27 154 56 156 62 70 14 49 72 19 153 
89 113 78 165 60 1 123 52 107 98 90 129 171 84 13 117 
90 48 9 147 1 87 135 29 10 68 108 49 89 125 126 132 154 134 70 
91 37 53 164 1 110 114 28 80 78 30 77 137 155 133 124 101 
92 71 115 73 103 25 52 121 100 30 168 34 45 9 35 161 21 76 
93 40 54 61 168 1 150 159 139 7 113 163 133 132 48 
94 102 98 28 69 18 5 36 96 25 133 10 95 111 
95 33 132 63 103 139 105 102 78 58 71 50 5 145 87 64 161 94 
96 71 105 49 98 94 115 123 151 13 6 164 170 61 144 150 121 38 97 72 131 
97 112 131 108 73 2 101 115 159 55 56 9 136 125 31 126 86 44 69 64 15 48 59 96 78 
98 94 24 146 96 64 2 49 74 155 52 147 89 21 65 32 171 36 30 162 76 110 145 127 115 78 159 80 
99 112 0 124 35 138 28 22 6 141 45 105 121 122 80 134 162 
100 49 83 92 84 72 45 140 130 128 57 28 129 170 
101 12 109 97 155 77 50 41 148 55 114 49 91 9 
102 94 109 73 95 25 134 163 128 82 37 68 26 
103 47 92 59 95 11 5 169 53 116 50 118 128 145 76 86 110 125 
104 107 51 85 143 37 46 47 124 32 128 44 82 120 18 163 6 50 39 133 108 67 
105 96 151 28 81 95 67 41 139 142 163 99 0 133 39 129 170 7 24 77 166 134 
106 59 4 163 130 22 140 18 9 139 87 164 85 
107 104 148 121 154 167 55 13 89 43 129 19 14 149 117 155 138 147 
108 70 157 53 97 117 137 38 72 129 119 90 142 10 19 24 125 15 104 155 
109 71 19 101 102 48 79 9 170 135 
110 64 71 91 111 55 23 79 47 29 103 98 171 129 170 146 
111 83 29 128 54 87 154 110 141 30 28 94 
112 78 97 99 40 33 147 80 166 150 44 163 170 137 121 9 
113 74 157 89 131 83 167 23 33 116 118 67 2 46 59 93 125 47 138 39 121 126 160 61 21 
114 56 137 72 79 91 87 116 20 59 40 39 26 101 131 50 152 
115 92 141 74 151 75 97 148 96 171 20 67 65 123 137 142 98 69 135 
116 67 166 147 125 72 113 14 64 25 103 136 114 45 1 123 41 38 
117 108 65 40 66 137 78 88 44 67 1 54 122 26 107 158 89 
118 41 119 78 134 39 113 4 167 80 103 142 57 22 
119 129 85 124 43 118 57 5 20 40 11 53 108 35 55 7 171 137 148 161 
120 40 10 22 86 131 127 163 104 21 26 73 36 52 
121 56 107 4 92 99 170 8 112 113 50 96 
122 35 53 75 128 84 161 76 7 31 99 159 3 117 133 40 17 79 22 
123 169 7 139 79 84 63 89 87 96 11 165 115 83 9 155 116 
124 99 119 149 150 1 72 23 171 52 104 144 164 73 161 141 153 81 27 155 91 55 78 
125 138 44 116 55 59 40 14 18 22 90 15 97 36 113 108 43 103 66 48 19 5 65 
126 46 84 34 66 152 129 9 128 158 154 44 90 97 127 113 11 80 141 50 
127 13 152 10 32 120 4 23 126 11 160 14 149 98 
128 36 111 34 122 171 126 19 69 104 83 11 100 12 102 146 103 85 158 18 
129 119 138 168 72 13 25 126 160 34 140 48 108 105 89 2 62 39 35 65 107 70 100 67 110 56 0 
130 14 44 63 106 100 19 64 0 31 5 33 155 
131 39 144 67 97 24 113 120 47 156 134 147 145 114 45 31 82 74 83 96 
132 84 52 95 64 138 166 48 69 57 83 37 80 15 33 90 7 0 145 14 41 26 134 93 23 
133 69 42 170 12 150 163 86 19 158 49 45 105 159 30 22 6 122 164 93 94 65 104 91 138 35 
134 76 49 31 152 8 62 118 35 53 39 7 47 131 102 149 99 60 90 16 167 132 105 146 165 
135 145 88 32 90 15 68 153 0 60 2 22 154 58 21 8 166 109 115 
136 17 22 80 19 87 97 116 36 60 29 58 
137 155 30 114 108 117 42 67 60 166 119 82 112 115 91 152 164 
138 125 129 46 166 0 132 99 86 12 157 17 113 63 107 77 133 170 78 
139 40 79 160 85 95 27 169 123 141 44 2 105 24 12 167 34 154 93 18 71 106 
140 70 31 153 42 43 129 80 86 2 100 150 20 106 69 16 52 
141 115 139 99 150 34 111 19 68 79 124 45 8 9 126 
142 53 40 62 66 105 48 108 61 84 143 82 118 79 17 115 
143 104 49 13 147 1 142 163 10 39 19 24 
144 131 70 13 15 38 169 124 14 154 96 27 40 
145 42 135 162 155 8 164 61 70 63 132 103 18 95 39 98 131 161 5 
146 150 36 98 17 88 84 39 85 49 32 148 22 128 4 134 110 156 
147 3 12 158 59 116 90 165 43 112 143 98 10 131 42 76 170 75 107 57 33 44 
148 50 163 165 152 107 160 28 115 34 146 15 101 56 84 119 60 82 
149 78 7 124 170 157 134 11 153 75 107 127 56 
150 146 133 124 74 3 42 93 141 140 58 41 112 36 44 38 0 96 
151 66 105 115 68 96 27 170 164 67 11 35 
152 87 134 148 126 5 42 33 164 127 48 83 60 137 4 28 114 
153 2 15 140 75 56 4 135 51 10 68 74 36 61 19 149 124 88 
154 160 15 2 111 107 9 135 126 139 88 85 40 90 144 37 14 
155 137 169 55 145 42 101 43 38 167 26 83 98 66 41 123 107 91 10 124 130 108 
156 80 2 86 69 41 73 131 88 71 17 53 1 85 58 146 
157 78 113 74 108 53 164 4 18 46 149 138 61 9 79 14 81 52 158 35 
158 147 164 133 126 73 70 69 162 117 59 58 128 157 
159 17 58 38 26 55 14 62 97 61 167 19 66 8 6 93 122 133 57 40 49 22 161 9 36 98 
160 139 154 129 148 67 61 35 9 168 165 1 51 169 127 113 
161 169 6 165 122 10 63 38 61 92 124 2 159 95 4 119 163 145 
162 24 145 61 71 165 73 13 16 167 19 38 158 98 74 99 39 
163 148 74 37 106 133 56 88 105 120 49 112 102 143 104 93 25 65 80 28 161 9 
164 39 91 168 152 157 158 19 59 171 85 145 57 96 75 56 151 133 29 124 137 106 26 
165 89 148 147 32 161 59 162 62 123 11 160 81 134 
166 59 8 116 19 138 81 132 70 1 169 25 10 137 112 171 14 168 83 105 135 
167 11 170 75 78 62 159 113 155 107 86 37 162 139 28 118 6 134 
168 51 129 28 37 25 164 52 8 42 93 17 160 92 166 9 44 34 
169 155 123 161 21 78 10 84 139 43 103 166 79 144 45 35 65 33 160 9 28 
170 46 72 167 133 149 121 105 96 151 112 147 171 8 109 110 100 138 
171 29 85 128 52 164 124 72 115 119 166 44 34 98 170 89 62 110 
