0 145 
0 147 
0 47 
0 97 
0 65 
0 74 
0 87 
0 91 
0 108 
0 162 
0 54 
0 167 
0 13 
0 90 
0 191 
0 23 
0 25 
0 133 
0 144 
0 7 
0 83 
0 14 
0 161 
0 131 
0 46 
0 78 
0 24 
0 180 
0 140 
0 124 
0 128 
0 126 
0 110 
0 158 
0 118 
0 39 
0 10 
0 5 
0 45 
1 119 
1 170 
1 124 
1 24 
1 6 
1 187 
1 121 
1 94 
1 128 
1 110 
1 43 
1 65 
1 23 
1 120 
1 191 
1 67 
1 4 
1 146 
1 30 
1 73 
1 81 
1 57 
1 109 
1 42 
1 72 
1 71 
1 83 
1 95 
1 12 
1 118 
1 56 
1 150 
1 178 
1 62 
1 106 
1 112 
1 2 
1 167 
1 82 
1 169 
1 20 
2 175 
2 60 
2 48 
2 103 
2 54 
2 99 
2 11 
2 158 
2 161 
2 5 
2 10 
2 191 
2 59 
2 28 
2 183 
2 120 
2 143 
2 56 
2 52 
2 16 
2 35 
2 153 
2 162 
2 140 
2 20 
2 17 
2 68 
2 63 
2 33 
2 127 
2 73 
2 116 
2 88 
2 124 
2 32 
2 1 
2 83 
2 184 
3 188 
3 136 
3 16 
3 74 
3 183 
3 132 
3 130 
3 71 
3 167 
3 31 
3 164 
3 153 
3 20 
3 124 
3 80 
3 110 
3 79 
3 90 
3 43 
3 86 
3 59 
3 135 
3 18 
3 72 
3 155 
3 134 
3 166 
3 34 
3 131 
3 146 
3 186 
3 75 
3 25 
3 137 
3 67 
3 50 
4 190 
4 56 
4 85 
4 155 
4 161 
4 71 
4 6 
4 51 
4 80 
4 11 
4 46 
4 91 
4 119 
4 141 
4 45 
4 21 
4 1 
4 102 
4 92 
4 82 
4 121 
4 69 
4 60 
4 124 
4 122 
4 33 
4 108 
4 142 
4 26 
4 54 
4 17 
4 86 
4 99 
4 9 
4 79 
4 167 
4 158 
5 72 
5 94 
5 161 
5 165 
5 79 
5 63 
5 166 
5 116 
5 56 
5 36 
5 182 
5 75 
5 119 
5 19 
5 2 
5 143 
5 173 
5 51 
5 155 
5 67 
5 109 
5 96 
5 117 
5 17 
5 6 
5 61 
5 191 
5 134 
5 151 
5 113 
5 142 
5 7 
5 23 
5 22 
5 153 
5 59 
5 189 
5 181 
5 0 
6 184 
6 35 
6 168 
6 81 
6 26 
6 76 
6 1 
6 116 
6 4 
6 45 
6 131 
6 97 
6 166 
6 112 
6 151 
6 155 
6 163 
6 13 
6 99 
6 136 
6 15 
6 100 
6 123 
6 14 
6 90 
6 134 
6 87 
6 56 
6 24 
6 66 
6 65 
6 41 
6 43 
6 67 
6 5 
6 140 
6 37 
6 172 
6 7 
6 181 
6 177 
6 44 
6 159 
6 91 
6 30 
6 183 
6 156 
7 135 
7 145 
7 153 
7 121 
7 111 
7 140 
7 38 
7 97 
7 181 
7 116 
7 26 
7 36 
7 0 
7 189 
7 60 
7 118 
7 32 
7 82 
7 24 
7 176 
7 72 
7 130 
7 106 
7 86 
7 33 
7 62 
7 64 
7 61 
7 6 
7 157 
7 89 
7 91 
7 163 
7 34 
7 5 
7 79 
7 127 
7 112 
7 158 
7 12 
7 96 
7 190 
8 152 
8 62 
8 170 
8 130 
8 125 
8 177 
8 143 
8 23 
8 105 
8 119 
8 89 
8 149 
8 92 
8 67 
8 94 
8 174 
8 169 
8 65 
8 84 
8 176 
8 87 
8 57 
8 159 
8 68 
8 43 
8 56 
8 161 
8 136 
8 37 
8 155 
8 50 
8 45 
8 51 
8 164 
9 115 
9 46 
9 18 
9 15 
9 34 
9 35 
9 183 
9 184 
9 23 
9 89 
9 30 
9 37 
9 142 
9 29 
9 12 
9 74 
9 87 
9 166 
9 81 
9 82 
9 22 
9 64 
9 118 
9 150 
9 102 
9 53 
9 36 
9 120 
9 58 
9 71 
9 4 
9 164 
9 123 
9 14 
9 170 
9 124 
9 130 
9 65 
9 44 
10 92 
10 75 
10 57 
10 93 
10 91 
10 125 
10 151 
10 158 
10 190 
10 166 
10 73 
10 42 
10 108 
10 177 
10 52 
10 127 
10 2 
10 14 
10 120 
10 156 
10 179 
10 70 
10 171 
10 95 
10 107 
10 185 
10 66 
10 155 
10 15 
10 71 
10 46 
10 118 
10 76 
10 49 
10 0 
10 121 
11 186 
11 164 
11 114 
11 122 
11 77 
11 127 
11 139 
11 59 
11 131 
11 183 
11 4 
11 134 
11 95 
11 53 
11 165 
11 2 
11 34 
11 38 
11 170 
11 121 
11 21 
11 12 
11 135 
11 61 
11 137 
11 86 
11 143 
11 155 
11 72 
11 54 
11 33 
11 68 
11 190 
11 115 
11 185 
11 47 
11 173 
11 120 
11 42 
11 87 
11 174 
12 99 
12 125 
12 40 
12 133 
12 166 
12 173 
12 21 
12 175 
12 119 
12 66 
12 177 
12 9 
12 48 
12 53 
12 141 
12 158 
12 11 
12 73 
12 23 
12 37 
12 1 
12 120 
12 31 
12 17 
12 104 
12 122 
12 93 
12 132 
12 147 
12 33 
12 63 
12 111 
12 46 
12 105 
12 84 
12 190 
12 26 
12 7 
12 101 
12 42 
13 62 
13 139 
13 61 
13 171 
13 0 
13 6 
13 89 
13 50 
13 109 
13 142 
13 27 
13 185 
13 51 
13 161 
13 53 
13 36 
13 168 
13 86 
13 184 
13 186 
13 189 
13 101 
13 144 
13 19 
13 37 
13 148 
13 140 
13 121 
13 96 
13 45 
13 68 
13 52 
13 35 
13 40 
13 71 
13 111 
13 149 
14 166 
14 55 
14 39 
14 174 
14 25 
14 112 
14 74 
14 104 
14 90 
14 154 
14 149 
14 10 
14 6 
14 28 
14 129 
14 153 
14 78 
14 119 
14 24 
14 167 
14 42 
14 70 
14 0 
14 99 
14 46 
14 32 
14 122 
14 88 
14 156 
14 155 
14 40 
14 130 
14 89 
14 91 
14 9 
14 92 
14 143 
14 139 
15 93 
15 163 
15 154 
15 115 
15 151 
15 39 
15 9 
15 169 
15 98 
15 72 
15 25 
15 30 
15 152 
15 6 
15 86 
15 158 
15 117 
15 138 
15 161 
15 34 
15 119 
15 85 
15 183 
15 64 
15 97 
15 24 
15 80 
15 10 
15 51 
15 67 
15 95 
15 17 
15 137 
15 177 
16 78 
16 26 
16 3 
16 100 
16 144 
16 94 
16 179 
16 24 
16 49 
16 64 
16 68 
16 28 
16 125 
16 150 
16 17 
16 2 
16 175 
16 91 
16 169 
16 25 
16 77 
16 99 
16 109 
16 146 
16 35 
16 23 
16 188 
16 172 
16 118 
16 170 
16 57 
16 81 
16 110 
16 123 
16 67 
16 66 
16 129 
16 21 
16 167 
16 104 
16 138 
17 177 
17 125 
17 116 
17 134 
17 98 
17 155 
17 96 
17 51 
17 188 
17 170 
17 76 
17 91 
17 74 
17 67 
17 166 
17 22 
17 30 
17 139 
17 87 
17 103 
17 16 
17 185 
17 34 
17 182 
17 119 
17 44 
17 168 
17 32 
17 148 
17 85 
17 5 
17 159 
17 2 
17 121 
17 43 
17 135 
17 12 
17 4 
17 55 
17 89 
17 129 
17 117 
17 140 
17 164 
17 15 
17 187 
18 187 
18 113 
18 131 
18 56 
18 115 
18 62 
18 9 
18 177 
18 42 
18 167 
18 136 
18 36 
18 154 
18 130 
18 23 
18 117 
18 119 
18 100 
18 118 
18 176 
18 38 
18 69 
18 3 
18 158 
18 58 
18 139 
18 170 
18 145 
18 30 
18 134 
18 82 
18 96 
18 110 
18 135 
18 57 
18 77 
18 26 
18 28 
19 70 
19 133 
19 87 
19 177 
19 187 
19 75 
19 134 
19 142 
19 34 
19 78 
19 143 
19 5 
19 127 
19 180 
19 112 
19 164 
19 174 
19 82 
19 156 
19 26 
19 138 
19 54 
19 21 
19 167 
19 152 
19 147 
19 104 
19 100 
19 69 
19 51 
19 13 
19 77 
19 154 
19 176 
19 29 
19 171 
19 148 
19 33 
19 114 
19 124 
20 186 
20 119 
20 182 
20 173 
20 32 
20 36 
20 35 
20 41 
20 118 
20 34 
20 77 
20 84 
20 103 
20 178 
20 3 
20 177 
20 89 
20 65 
20 95 
20 145 
20 151 
20 49 
20 132 
20 2 
20 101 
20 138 
20 120 
20 37 
20 176 
20 60 
20 136 
20 48 
20 161 
20 113 
20 107 
20 30 
20 1 
21 36 
21 32 
21 175 
21 163 
21 71 
21 12 
21 54 
21 80 
21 65 
21 155 
21 4 
21 117 
21 127 
21 129 
21 33 
21 89 
21 60 
21 167 
21 166 
21 11 
21 170 
21 189 
21 22 
21 19 
21 58 
21 23 
21 157 
21 135 
21 35 
21 138 
21 38 
21 107 
21 108 
21 30 
21 56 
21 190 
21 74 
21 16 
21 100 
21 57 
22 155 
22 122 
22 52 
22 55 
22 61 
22 161 
22 116 
22 35 
22 51 
22 17 
22 120 
22 79 
22 171 
22 149 
22 130 
22 50 
22 106 
22 80 
22 36 
22 119 
22 21 
22 82 
22 9 
22 102 
22 48 
22 96 
22 67 
22 177 
22 166 
22 117 
22 189 
22 145 
22 81 
22 180 
22 103 
22 160 
22 46 
22 121 
22 47 
22 64 
22 86 
22 85 
22 32 
22 5 
22 41 
22 27 
22 154 
23 30 
23 88 
23 113 
23 180 
23 178 
23 8 
23 133 
23 118 
23 9 
23 81 
23 107 
23 144 
23 1 
23 31 
23 0 
23 18 
23 145 
23 80 
23 159 
23 140 
23 21 
23 151 
23 12 
23 94 
23 57 
23 56 
23 16 
23 61 
23 146 
23 115 
23 91 
23 158 
23 164 
23 123 
23 44 
23 189 
23 172 
23 5 
23 74 
24 63 
24 1 
24 171 
24 168 
24 163 
24 16 
24 137 
24 36 
24 161 
24 46 
24 74 
24 106 
24 175 
24 71 
24 14 
24 172 
24 139 
24 142 
24 90 
24 6 
24 62 
24 82 
24 189 
24 7 
24 0 
24 127 
24 151 
24 136 
24 15 
24 181 
24 159 
24 107 
24 126 
24 31 
24 35 
24 167 
24 165 
24 95 
24 55 
24 111 
24 183 
24 100 
24 186 
25 66 
25 132 
25 65 
25 35 
25 126 
25 141 
25 174 
25 114 
25 153 
25 111 
25 166 
25 136 
25 14 
25 15 
25 29 
25 119 
25 168 
25 176 
25 0 
25 162 
25 16 
25 134 
25 129 
25 139 
25 42 
25 123 
25 151 
25 158 
25 47 
25 191 
25 77 
25 50 
25 156 
25 3 
25 116 
25 117 
25 98 
25 175 
26 16 
26 125 
26 6 
26 32 
26 130 
26 140 
26 66 
26 179 
26 57 
26 141 
26 112 
26 7 
26 80 
26 76 
26 58 
26 64 
26 104 
26 31 
26 123 
26 19 
26 43 
26 168 
26 190 
26 189 
26 40 
26 90 
26 62 
26 69 
26 163 
26 83 
26 106 
26 4 
26 111 
26 82 
26 152 
26 122 
26 85 
26 78 
26 44 
26 86 
26 147 
26 12 
26 18 
26 182 
26 53 
26 94 
27 91 
27 109 
27 152 
27 101 
27 47 
27 148 
27 46 
27 164 
27 90 
27 39 
27 55 
27 77 
27 191 
27 51 
27 13 
27 40 
27 115 
27 35 
27 124 
27 56 
27 106 
27 159 
27 58 
27 127 
27 94 
27 117 
27 62 
27 151 
27 93 
27 147 
27 100 
27 130 
27 129 
27 158 
27 64 
27 136 
27 186 
27 45 
27 149 
27 133 
27 36 
27 168 
27 22 
27 88 
27 30 
28 32 
28 47 
28 125 
28 129 
28 83 
28 177 
28 105 
28 44 
28 16 
28 152 
28 175 
28 14 
28 2 
28 191 
28 154 
28 133 
28 120 
28 53 
28 59 
28 41 
28 40 
28 189 
28 67 
28 35 
28 71 
28 153 
28 108 
28 18 
29 109 
29 89 
29 92 
29 110 
29 164 
29 55 
29 39 
29 58 
29 25 
29 178 
29 93 
29 43 
29 127 
29 189 
29 41 
29 45 
29 170 
29 9 
29 188 
29 56 
29 191 
29 123 
29 60 
29 167 
29 31 
29 169 
29 112 
29 51 
29 96 
29 100 
29 174 
29 173 
29 102 
29 142 
29 111 
29 143 
29 118 
29 19 
29 176 
29 97 
29 131 
29 32 
30 23 
30 78 
30 92 
30 45 
30 111 
30 132 
30 62 
30 61 
30 15 
30 35 
30 81 
30 151 
30 17 
30 187 
30 9 
30 137 
30 139 
30 96 
30 152 
30 1 
30 75 
30 67 
30 76 
30 178 
30 191 
30 110 
30 18 
30 109 
30 164 
30 65 
30 21 
30 113 
30 87 
30 33 
30 146 
30 116 
30 20 
30 105 
30 6 
30 27 
31 175 
31 82 
31 122 
31 81 
31 42 
31 68 
31 57 
31 65 
31 23 
31 38 
31 3 
31 110 
31 45 
31 129 
31 123 
31 121 
31 117 
31 26 
31 48 
31 99 
31 152 
31 29 
31 33 
31 167 
31 188 
31 177 
31 12 
31 166 
31 171 
31 24 
31 154 
31 43 
32 28 
32 100 
32 103 
32 71 
32 185 
32 26 
32 21 
32 20 
32 139 
32 141 
32 184 
32 98 
32 158 
32 51 
32 69 
32 33 
32 111 
32 7 
32 72 
32 35 
32 17 
32 91 
32 127 
32 57 
32 14 
32 167 
32 157 
32 44 
32 74 
32 47 
32 66 
32 136 
32 85 
32 126 
32 86 
32 2 
32 92 
32 163 
32 22 
32 182 
32 104 
32 144 
32 29 
32 166 
33 72 
33 106 
33 165 
33 81 
33 44 
33 160 
33 132 
33 21 
33 35 
33 40 
33 78 
33 34 
33 32 
33 117 
33 88 
33 4 
33 36 
33 164 
33 59 
33 7 
33 31 
33 64 
33 95 
33 83 
33 2 
33 11 
33 12 
33 136 
33 161 
33 74 
33 73 
33 30 
33 98 
33 143 
33 19 
34 92 
34 50 
34 118 
34 64 
34 173 
34 130 
34 9 
34 19 
34 20 
34 49 
34 11 
34 108 
34 140 
34 169 
34 87 
34 62 
34 17 
34 146 
34 15 
34 181 
34 33 
34 97 
34 3 
34 48 
34 163 
34 153 
34 180 
34 89 
34 191 
34 7 
34 166 
34 68 
34 187 
34 46 
34 78 
34 81 
35 6 
35 25 
35 135 
35 64 
35 20 
35 52 
35 22 
35 9 
35 37 
35 90 
35 30 
35 119 
35 115 
35 127 
35 101 
35 83 
35 179 
35 124 
35 27 
35 178 
35 33 
35 177 
35 154 
35 2 
35 125 
35 133 
35 32 
35 56 
35 63 
35 21 
35 114 
35 16 
35 184 
35 149 
35 60 
35 99 
35 144 
35 58 
35 24 
35 13 
35 28 
35 190 
35 152 
35 185 
35 86 
35 165 
35 93 
36 191 
36 166 
36 62 
36 21 
36 63 
36 20 
36 108 
36 84 
36 134 
36 5 
36 24 
36 69 
36 142 
36 175 
36 70 
36 130 
36 131 
36 18 
36 81 
36 54 
36 7 
36 22 
36 40 
36 153 
36 106 
36 173 
36 33 
36 171 
36 13 
36 58 
36 118 
36 180 
36 85 
36 52 
36 61 
36 189 
36 9 
36 37 
36 27 
36 182 
36 38 
36 152 
36 170 
36 168 
36 87 
36 65 
36 129 
36 150 
36 77 
36 165 
37 124 
37 53 
37 106 
37 159 
37 96 
37 84 
37 170 
37 86 
37 52 
37 35 
37 62 
37 144 
37 9 
37 136 
37 173 
37 128 
37 181 
37 135 
37 105 
37 94 
37 39 
37 12 
37 178 
37 101 
37 134 
37 6 
37 90 
37 95 
37 36 
37 165 
37 13 
37 161 
37 123 
37 20 
37 92 
37 60 
37 129 
37 8 
37 67 
37 57 
37 55 
38 62 
38 56 
38 7 
38 146 
38 143 
38 97 
38 165 
38 81 
38 133 
38 121 
38 63 
38 31 
38 154 
38 11 
38 191 
38 132 
38 18 
38 180 
38 68 
38 48 
38 123 
38 21 
38 67 
38 153 
38 36 
38 93 
38 187 
38 127 
38 137 
38 98 
38 158 
38 125 
38 60 
38 135 
39 187 
39 75 
39 170 
39 124 
39 15 
39 14 
39 27 
39 29 
39 96 
39 113 
39 63 
39 62 
39 81 
39 48 
39 98 
39 95 
39 87 
39 119 
39 58 
39 188 
39 72 
39 70 
39 37 
39 59 
39 158 
39 183 
39 60 
39 0 
40 12 
40 144 
40 80 
40 160 
40 72 
40 99 
40 134 
40 101 
40 58 
40 96 
40 102 
40 45 
40 69 
40 87 
40 27 
40 135 
40 33 
40 36 
40 179 
40 164 
40 120 
40 130 
40 26 
40 155 
40 57 
40 132 
40 56 
40 14 
40 183 
40 115 
40 47 
40 159 
40 28 
40 168 
40 97 
40 13 
40 86 
40 150 
41 104 
41 191 
41 120 
41 72 
41 20 
41 108 
41 183 
41 136 
41 164 
41 188 
41 159 
41 29 
41 70 
41 180 
41 152 
41 186 
41 97 
41 149 
41 100 
41 57 
41 163 
41 123 
41 90 
41 176 
41 76 
41 6 
41 127 
41 160 
41 83 
41 158 
41 82 
41 162 
41 187 
41 28 
41 93 
41 157 
41 96 
41 43 
41 22 
41 133 
41 87 
41 109 
42 158 
42 57 
42 31 
42 50 
42 178 
42 128 
42 136 
42 123 
42 65 
42 98 
42 103 
42 119 
42 10 
42 18 
42 108 
42 163 
42 137 
42 139 
42 188 
42 14 
42 172 
42 171 
42 77 
42 25 
42 1 
42 167 
42 81 
42 161 
42 173 
42 105 
42 152 
42 82 
42 58 
42 11 
42 86 
42 94 
42 151 
42 12 
43 185 
43 164 
43 129 
43 62 
43 101 
43 125 
43 115 
43 92 
43 94 
43 172 
43 1 
43 75 
43 29 
43 143 
43 178 
43 139 
43 70 
43 138 
43 76 
43 55 
43 3 
43 141 
43 26 
43 89 
43 188 
43 6 
43 156 
43 162 
43 17 
43 170 
43 137 
43 8 
43 127 
43 86 
43 46 
43 41 
43 31 
44 81 
44 190 
44 71 
44 106 
44 94 
44 105 
44 28 
44 67 
44 120 
44 126 
44 140 
44 154 
44 33 
44 161 
44 152 
44 112 
44 135 
44 64 
44 166 
44 17 
44 47 
44 73 
44 100 
44 128 
44 45 
44 104 
44 97 
44 32 
44 141 
44 170 
44 149 
44 6 
44 26 
44 23 
44 50 
44 89 
44 9 
45 184 
45 30 
45 128 
45 155 
45 85 
45 55 
45 191 
45 6 
45 57 
45 115 
45 165 
45 113 
45 29 
45 173 
45 40 
45 4 
45 110 
45 108 
45 126 
45 31 
45 148 
45 188 
45 84 
45 70 
45 68 
45 58 
45 52 
45 168 
45 132 
45 63 
45 44 
45 142 
45 75 
45 189 
45 92 
45 27 
45 171 
45 96 
45 177 
45 101 
45 167 
45 90 
45 13 
45 109 
45 111 
45 119 
45 8 
45 0 
46 133 
46 175 
46 9 
46 100 
46 27 
46 83 
46 131 
46 99 
46 95 
46 123 
46 68 
46 4 
46 92 
46 24 
46 139 
46 76 
46 183 
46 135 
46 66 
46 81 
46 63 
46 0 
46 140 
46 191 
46 89 
46 14 
46 190 
46 142 
46 138 
46 22 
46 10 
46 12 
46 105 
46 34 
46 111 
46 43 
47 87 
47 113 
47 28 
47 174 
47 158 
47 27 
47 0 
47 114 
47 126 
47 168 
47 72 
47 132 
47 139 
47 44 
47 188 
47 49 
47 128 
47 77 
47 118 
47 120 
47 25 
47 32 
47 80 
47 106 
47 100 
47 22 
47 40 
47 11 
47 159 
47 89 
47 129 
48 107 
48 74 
48 2 
48 72 
48 181 
48 143 
48 151 
48 145 
48 133 
48 153 
48 90 
48 119 
48 180 
48 131 
48 39 
48 61 
48 170 
48 185 
48 166 
48 68 
48 147 
48 82 
48 31 
48 12 
48 76 
48 158 
48 38 
48 22 
48 63 
48 73 
48 56 
48 34 
48 49 
48 53 
48 106 
48 121 
48 124 
48 97 
48 116 
48 138 
48 168 
48 20 
48 176 
48 109 
48 65 
48 187 
48 165 
48 179 
48 159 
49 101 
49 112 
49 16 
49 50 
49 174 
49 162 
49 34 
49 68 
49 76 
49 140 
49 129 
49 157 
49 65 
49 20 
49 47 
49 158 
49 137 
49 48 
49 123 
49 51 
49 72 
49 93 
49 105 
49 103 
49 141 
49 133 
49 88 
49 185 
49 10 
49 132 
49 180 
50 152 
50 89 
50 42 
50 34 
50 141 
50 157 
50 110 
50 49 
50 117 
50 158 
50 13 
50 122 
50 22 
50 185 
50 101 
50 167 
50 53 
50 156 
50 105 
50 72 
50 182 
50 59 
50 94 
50 137 
50 119 
50 25 
50 171 
50 64 
50 104 
50 98 
50 44 
50 169 
50 8 
50 3 
50 138 
50 118 
51 180 
51 136 
51 155 
51 127 
51 130 
51 125 
51 4 
51 82 
51 17 
51 62 
51 106 
51 22 
51 60 
51 27 
51 98 
51 85 
51 32 
51 5 
51 13 
51 181 
51 63 
51 97 
51 104 
51 91 
51 182 
51 116 
51 64 
51 29 
51 49 
51 19 
51 152 
51 54 
51 151 
51 92 
51 188 
51 15 
51 168 
51 174 
51 76 
51 8 
51 80 
52 22 
52 137 
52 141 
52 73 
52 115 
52 124 
52 35 
52 186 
52 37 
52 166 
52 65 
52 10 
52 112 
52 191 
52 2 
52 162 
52 45 
52 72 
52 178 
52 67 
52 56 
52 71 
52 84 
52 170 
52 36 
52 101 
52 179 
52 174 
52 144 
52 132 
52 102 
52 110 
52 13 
52 171 
53 106 
53 68 
53 37 
53 141 
53 190 
53 157 
53 93 
53 101 
53 111 
53 11 
53 107 
53 62 
53 94 
53 182 
53 76 
53 133 
53 63 
53 73 
53 50 
53 189 
53 69 
53 12 
53 130 
53 13 
53 124 
53 71 
53 108 
53 9 
53 173 
53 162 
53 48 
53 103 
53 136 
53 161 
53 140 
53 158 
53 28 
53 90 
53 186 
53 152 
53 92 
53 60 
53 26 
53 138 
54 116 
54 92 
54 157 
54 155 
54 87 
54 106 
54 84 
54 95 
54 2 
54 58 
54 128 
54 185 
54 104 
54 0 
54 191 
54 21 
54 70 
54 110 
54 123 
54 117 
54 122 
54 182 
54 129 
54 36 
54 120 
54 172 
54 135 
54 132 
54 189 
54 67 
54 181 
54 19 
54 11 
54 4 
54 51 
54 66 
54 144 
54 65 
54 153 
54 76 
54 146 
54 113 
54 169 
54 72 
54 61 
55 146 
55 181 
55 22 
55 45 
55 164 
55 14 
55 29 
55 176 
55 27 
55 160 
55 81 
55 102 
55 77 
55 100 
55 101 
55 43 
55 121 
55 187 
55 71 
55 167 
55 155 
55 104 
55 177 
55 116 
55 184 
55 17 
55 179 
55 108 
55 74 
55 161 
55 130 
55 59 
55 24 
55 79 
55 37 
55 174 
55 73 
56 4 
56 38 
56 18 
56 178 
56 169 
56 5 
56 133 
56 141 
56 186 
56 175 
56 29 
56 104 
56 2 
56 27 
56 6 
56 156 
56 183 
56 109 
56 52 
56 64 
56 35 
56 48 
56 23 
56 147 
56 166 
56 89 
56 40 
56 77 
56 96 
56 120 
56 1 
56 21 
56 171 
56 90 
56 81 
56 102 
56 146 
56 142 
56 8 
56 151 
56 187 
56 127 
56 124 
56 86 
56 69 
57 147 
57 186 
57 42 
57 112 
57 10 
57 81 
57 139 
57 68 
57 31 
57 45 
57 136 
57 80 
57 165 
57 26 
57 67 
57 89 
57 138 
57 64 
57 96 
57 111 
57 41 
57 107 
57 133 
57 97 
57 1 
57 93 
57 32 
57 23 
57 40 
57 118 
57 164 
57 16 
57 99 
57 8 
57 106 
57 18 
57 183 
57 191 
57 78 
57 155 
57 37 
57 101 
57 75 
57 21 
58 157 
58 82 
58 97 
58 54 
58 40 
58 29 
58 101 
58 122 
58 111 
58 26 
58 86 
58 176 
58 27 
58 45 
58 149 
58 39 
58 18 
58 21 
58 36 
58 105 
58 124 
58 135 
58 185 
58 182 
58 9 
58 35 
58 109 
58 90 
58 74 
58 123 
58 96 
58 113 
58 42 
58 79 
58 128 
58 140 
59 176 
59 115 
59 77 
59 127 
59 141 
59 11 
59 125 
59 173 
59 128 
59 182 
59 93 
59 105 
59 2 
59 104 
59 139 
59 76 
59 70 
59 174 
59 3 
59 159 
59 50 
59 33 
59 188 
59 80 
59 74 
59 75 
59 83 
59 79 
59 110 
59 120 
59 39 
59 62 
59 28 
59 112 
59 55 
59 108 
59 82 
59 5 
59 90 
59 119 
60 124 
60 2 
60 154 
60 132 
60 86 
60 158 
60 90 
60 102 
60 77 
60 51 
60 119 
60 172 
60 136 
60 174 
60 173 
60 21 
60 122 
60 7 
60 189 
60 100 
60 4 
60 29 
60 68 
60 169 
60 35 
60 182 
60 20 
60 73 
60 39 
60 190 
60 93 
60 61 
60 37 
60 140 
60 53 
60 38 
61 93 
61 22 
61 88 
61 158 
61 154 
61 172 
61 13 
61 30 
61 189 
61 155 
61 153 
61 142 
61 182 
61 152 
61 99 
61 184 
61 83 
61 48 
61 119 
61 98 
61 11 
61 124 
61 36 
61 23 
61 80 
61 5 
61 7 
61 75 
61 144 
61 90 
61 60 
61 120 
61 168 
61 171 
61 147 
61 54 
62 38 
62 76 
62 13 
62 163 
62 121 
62 8 
62 111 
62 36 
62 126 
62 170 
62 43 
62 30 
62 18 
62 51 
62 112 
62 70 
62 37 
62 39 
62 119 
62 53 
62 181 
62 127 
62 114 
62 34 
62 134 
62 155 
62 180 
62 96 
62 27 
62 24 
62 125 
62 26 
62 7 
62 66 
62 123 
62 120 
62 88 
62 113 
62 59 
62 1 
62 102 
62 65 
62 104 
62 108 
63 86 
63 125 
63 24 
63 36 
63 152 
63 73 
63 5 
63 87 
63 113 
63 156 
63 147 
63 140 
63 145 
63 127 
63 39 
63 72 
63 38 
63 88 
63 122 
63 162 
63 117 
63 160 
63 53 
63 51 
63 190 
63 46 
63 45 
63 48 
63 35 
63 175 
63 120 
63 174 
63 2 
63 100 
63 95 
63 12 
63 104 
63 114 
64 108 
64 132 
64 120 
64 35 
64 168 
64 153 
64 34 
64 16 
64 173 
64 177 
64 57 
64 26 
64 44 
64 150 
64 188 
64 160 
64 72 
64 102 
64 56 
64 99 
64 15 
64 7 
64 9 
64 27 
64 127 
64 33 
64 51 
64 182 
64 66 
64 114 
64 115 
64 179 
64 22 
64 50 
64 118 
64 70 
64 178 
64 80 
65 143 
65 25 
65 0 
65 148 
65 186 
65 91 
65 160 
65 42 
65 172 
65 52 
65 21 
65 177 
65 102 
65 1 
65 31 
65 118 
65 170 
65 182 
65 183 
65 20 
65 128 
65 8 
65 49 
65 150 
65 174 
65 6 
65 164 
65 54 
65 30 
65 131 
65 93 
65 178 
65 48 
65 114 
65 36 
65 62 
65 72 
65 9 
65 86 
66 25 
66 188 
66 95 
66 146 
66 129 
66 168 
66 26 
66 81 
66 90 
66 12 
66 160 
66 162 
66 46 
66 72 
66 6 
66 91 
66 142 
66 10 
66 164 
66 98 
66 62 
66 64 
66 32 
66 54 
66 115 
66 16 
66 74 
66 107 
66 97 
66 173 
67 105 
67 68 
67 129 
67 17 
67 115 
67 167 
67 108 
67 70 
67 164 
67 84 
67 44 
67 57 
67 187 
67 1 
67 81 
67 8 
67 182 
67 5 
67 54 
67 170 
67 72 
67 103 
67 75 
67 52 
67 157 
67 30 
67 183 
67 22 
67 6 
67 121 
67 38 
67 181 
67 179 
67 69 
67 16 
67 3 
67 15 
67 28 
67 37 
67 158 
67 80 
68 53 
68 149 
68 31 
68 150 
68 67 
68 57 
68 118 
68 46 
68 16 
68 158 
68 174 
68 49 
68 96 
68 85 
68 120 
68 48 
68 145 
68 186 
68 45 
68 113 
68 140 
68 38 
68 83 
68 183 
68 176 
68 154 
68 128 
68 60 
68 181 
68 2 
68 108 
68 76 
68 11 
68 8 
68 122 
68 104 
68 13 
68 34 
69 87 
69 177 
69 99 
69 36 
69 159 
69 146 
69 73 
69 77 
69 72 
69 144 
69 40 
69 130 
69 156 
69 135 
69 4 
69 172 
69 85 
69 32 
69 107 
69 53 
69 80 
69 18 
69 26 
69 117 
69 19 
69 76 
69 127 
69 112 
69 67 
69 186 
69 173 
69 104 
69 182 
69 157 
69 115 
69 56 
70 19 
70 178 
70 171 
70 77 
70 172 
70 79 
70 188 
70 73 
70 136 
70 81 
70 173 
70 54 
70 62 
70 67 
70 36 
70 41 
70 122 
70 43 
70 157 
70 108 
70 141 
70 185 
70 45 
70 10 
70 59 
70 14 
70 92 
70 90 
70 39 
70 155 
70 85 
70 190 
70 143 
70 123 
70 153 
70 64 
70 156 
70 116 
70 107 
70 99 
71 135 
71 32 
71 98 
71 179 
71 4 
71 44 
71 134 
71 21 
71 97 
71 163 
71 3 
71 75 
71 188 
71 182 
71 173 
71 139 
71 24 
71 156 
71 123 
71 189 
71 142 
71 174 
71 55 
71 52 
71 138 
71 53 
71 185 
71 1 
71 88 
71 91 
71 9 
71 10 
71 124 
71 133 
71 28 
71 13 
71 78 
71 162 
71 129 
72 5 
72 176 
72 121 
72 33 
72 48 
72 124 
72 41 
72 157 
72 40 
72 79 
72 15 
72 98 
72 63 
72 82 
72 69 
72 103 
72 47 
72 186 
72 135 
72 91 
72 161 
72 66 
72 52 
72 67 
72 3 
72 50 
72 32 
72 185 
72 39 
72 64 
72 7 
72 120 
72 1 
72 11 
72 49 
72 137 
72 158 
72 143 
72 174 
72 165 
72 77 
72 151 
72 140 
72 118 
72 65 
72 54 
72 150 
73 52 
73 63 
73 183 
73 70 
73 165 
73 172 
73 100 
73 118 
73 10 
73 152 
73 142 
73 69 
73 129 
73 102 
73 53 
73 136 
73 1 
73 154 
73 44 
73 178 
73 190 
73 104 
73 12 
73 48 
73 88 
73 75 
73 79 
73 138 
73 2 
73 124 
73 33 
73 60 
73 189 
73 158 
73 87 
73 55 
73 144 
73 191 
74 134 
74 48 
74 108 
74 169 
74 170 
74 3 
74 0 
74 176 
74 144 
74 115 
74 17 
74 179 
74 14 
74 85 
74 187 
74 83 
74 24 
74 109 
74 114 
74 172 
74 135 
74 182 
74 9 
74 96 
74 166 
74 77 
74 59 
74 102 
74 32 
74 93 
74 186 
74 184 
74 149 
74 128 
74 58 
74 33 
74 117 
74 178 
74 55 
74 21 
74 66 
74 23 
75 180 
75 10 
75 39 
75 98 
75 186 
75 115 
75 171 
75 19 
75 71 
75 5 
75 43 
75 83 
75 105 
75 30 
75 67 
75 45 
75 59 
75 73 
75 183 
75 77 
75 96 
75 144 
75 3 
75 61 
75 153 
75 152 
75 57 
76 62 
76 78 
76 6 
76 180 
76 17 
76 176 
76 148 
76 159 
76 46 
76 49 
76 167 
76 171 
76 90 
76 26 
76 165 
76 53 
76 106 
76 128 
76 43 
76 59 
76 164 
76 48 
76 172 
76 94 
76 109 
76 41 
76 30 
76 110 
76 88 
76 69 
76 68 
76 80 
76 157 
76 54 
76 154 
76 147 
76 144 
76 51 
76 142 
76 10 
76 177 
77 140 
77 70 
77 11 
77 123 
77 133 
77 99 
77 59 
77 95 
77 168 
77 27 
77 20 
77 92 
77 60 
77 174 
77 166 
77 69 
77 146 
77 55 
77 158 
77 85 
77 42 
77 187 
77 16 
77 161 
77 74 
77 111 
77 80 
77 113 
77 47 
77 110 
77 103 
77 188 
77 56 
77 120 
77 25 
77 75 
77 19 
77 186 
77 72 
77 129 
77 18 
77 36 
77 151 
78 30 
78 16 
78 76 
78 183 
78 115 
78 83 
78 97 
78 178 
78 161 
78 19 
78 165 
78 126 
78 14 
78 144 
78 33 
78 160 
78 0 
78 135 
78 112 
78 179 
78 149 
78 82 
78 114 
78 84 
78 103 
78 26 
78 86 
78 138 
78 91 
78 98 
78 150 
78 101 
78 57 
78 104 
78 34 
78 71 
79 127 
79 70 
79 5 
79 132 
79 169 
79 139 
79 72 
79 173 
79 104 
79 100 
79 22 
79 151 
79 148 
79 165 
79 124 
79 3 
79 174 
79 176 
79 187 
79 147 
79 59 
79 73 
79 185 
79 168 
79 4 
79 7 
79 112 
79 58 
79 55 
79 143 
80 139 
80 187 
80 171 
80 40 
80 103 
80 158 
80 4 
80 165 
80 21 
80 57 
80 185 
80 26 
80 153 
80 144 
80 107 
80 3 
80 22 
80 125 
80 23 
80 167 
80 69 
80 159 
80 77 
80 59 
80 140 
80 131 
80 155 
80 61 
80 15 
80 89 
80 47 
80 76 
80 170 
80 154 
80 67 
80 51 
80 64 
81 44 
81 6 
81 57 
81 31 
81 156 
81 70 
81 92 
81 55 
81 30 
81 38 
81 23 
81 66 
81 39 
81 152 
81 36 
81 109 
81 33 
81 67 
81 93 
81 84 
81 46 
81 125 
81 1 
81 9 
81 87 
81 188 
81 151 
81 22 
81 100 
81 42 
81 16 
81 161 
81 56 
81 173 
81 34 
81 167 
81 119 
82 31 
82 161 
82 93 
82 51 
82 58 
82 169 
82 89 
82 88 
82 170 
82 72 
82 4 
82 48 
82 19 
82 7 
82 24 
82 123 
82 9 
82 22 
82 178 
82 150 
82 102 
82 78 
82 18 
82 181 
82 124 
82 26 
82 179 
82 41 
82 42 
82 131 
82 59 
82 1 
82 106 
83 46 
83 78 
83 28 
83 141 
83 130 
83 137 
83 175 
83 113 
83 178 
83 184 
83 93 
83 74 
83 35 
83 125 
83 61 
83 122 
83 158 
83 75 
83 0 
83 68 
83 89 
83 157 
83 167 
83 1 
83 59 
83 176 
83 26 
83 106 
83 33 
83 41 
83 153 
83 165 
83 2 
84 106 
84 54 
84 37 
84 36 
84 164 
84 130 
84 124 
84 20 
84 91 
84 190 
84 117 
84 67 
84 102 
84 112 
84 161 
84 159 
84 81 
84 45 
84 148 
84 180 
84 115 
84 186 
84 52 
84 8 
84 85 
84 78 
84 176 
84 105 
84 137 
84 12 
84 162 
85 4 
85 45 
85 93 
85 166 
85 165 
85 74 
85 178 
85 129 
85 68 
85 108 
85 155 
85 51 
85 103 
85 132 
85 157 
85 77 
85 175 
85 69 
85 123 
85 111 
85 114 
85 163 
85 15 
85 135 
85 164 
85 138 
85 17 
85 94 
85 125 
85 70 
85 127 
85 36 
85 84 
85 109 
85 190 
85 32 
85 26 
85 136 
85 22 
85 180 
85 90 
85 167 
86 63 
86 60 
86 178 
86 92 
86 37 
86 115 
86 116 
86 156 
86 15 
86 181 
86 58 
86 102 
86 158 
86 3 
86 130 
86 114 
86 13 
86 7 
86 11 
86 136 
86 4 
86 101 
86 78 
86 126 
86 22 
86 26 
86 88 
86 142 
86 32 
86 188 
86 131 
86 43 
86 183 
86 110 
86 56 
86 35 
86 40 
86 42 
86 65 
87 47 
87 54 
87 69 
87 189 
87 19 
87 63 
87 117 
87 0 
87 144 
87 131 
87 17 
87 112 
87 40 
87 34 
87 148 
87 9 
87 6 
87 39 
87 187 
87 167 
87 161 
87 126 
87 81 
87 154 
87 8 
87 162 
87 159 
87 128 
87 155 
87 100 
87 30 
87 36 
87 127 
87 134 
87 73 
87 124 
87 11 
87 41 
88 23 
88 114 
88 61 
88 175 
88 153 
88 82 
88 145 
88 123 
88 116 
88 63 
88 141 
88 143 
88 33 
88 154 
88 99 
88 73 
88 178 
88 122 
88 95 
88 14 
88 76 
88 150 
88 162 
88 101 
88 71 
88 62 
88 160 
88 2 
88 86 
88 49 
88 117 
88 27 
88 148 
89 103 
89 123 
89 92 
89 29 
89 50 
89 95 
89 185 
89 118 
89 82 
89 163 
89 179 
89 9 
89 90 
89 13 
89 8 
89 131 
89 57 
89 21 
89 20 
89 153 
89 43 
89 151 
89 83 
89 46 
89 147 
89 124 
89 56 
89 80 
89 188 
89 17 
89 7 
89 132 
89 34 
89 14 
89 167 
89 47 
89 171 
89 44 
90 177 
90 174 
90 60 
90 141 
90 139 
90 117 
90 122 
90 27 
90 161 
90 48 
90 35 
90 118 
90 14 
90 114 
90 105 
90 0 
90 89 
90 142 
90 66 
90 76 
90 6 
90 112 
90 3 
90 24 
90 108 
90 111 
90 154 
90 104 
90 70 
90 41 
90 26 
90 101 
90 191 
90 155 
90 148 
90 115 
90 37 
90 45 
90 58 
90 56 
90 125 
90 134 
90 109 
90 178 
90 61 
90 53 
90 147 
90 172 
90 158 
90 85 
90 59 
91 130 
91 27 
91 146 
91 10 
91 160 
91 163 
91 105 
91 65 
91 17 
91 0 
91 171 
91 188 
91 4 
91 84 
91 97 
91 102 
91 16 
91 72 
91 103 
91 181 
91 66 
91 144 
91 51 
91 32 
91 179 
91 23 
91 71 
91 7 
91 116 
91 78 
91 14 
91 166 
91 6 
91 111 
91 104 
91 186 
91 128 
92 10 
92 30 
92 54 
92 89 
92 113 
92 34 
92 29 
92 132 
92 86 
92 185 
92 43 
92 81 
92 105 
92 77 
92 46 
92 165 
92 8 
92 177 
92 4 
92 137 
92 182 
92 157 
92 70 
92 101 
92 45 
92 51 
92 134 
92 37 
92 32 
92 14 
92 53 
92 121 
92 159 
93 182 
93 15 
93 10 
93 61 
93 122 
93 140 
93 82 
93 85 
93 53 
93 169 
93 129 
93 141 
93 29 
93 59 
93 83 
93 119 
93 81 
93 136 
93 97 
93 185 
93 27 
93 143 
93 57 
93 74 
93 12 
93 38 
93 65 
93 49 
93 187 
93 107 
93 171 
93 60 
93 191 
93 41 
93 145 
93 139 
93 35 
93 109 
94 5 
94 44 
94 16 
94 1 
94 43 
94 189 
94 53 
94 109 
94 8 
94 190 
94 137 
94 127 
94 96 
94 27 
94 182 
94 76 
94 141 
94 37 
94 85 
94 23 
94 50 
94 185 
94 135 
94 121 
94 42 
94 26 
94 95 
95 148 
95 120 
95 182 
95 116 
95 66 
95 89 
95 135 
95 183 
95 145 
95 77 
95 46 
95 151 
95 176 
95 54 
95 159 
95 11 
95 100 
95 190 
95 161 
95 141 
95 125 
95 39 
95 96 
95 115 
95 20 
95 10 
95 137 
95 33 
95 1 
95 140 
95 88 
95 138 
95 37 
95 63 
95 179 
95 108 
95 15 
95 24 
95 150 
95 94 
96 185 
96 157 
96 37 
96 17 
96 112 
96 39 
96 40 
96 189 
96 128 
96 68 
96 118 
96 136 
96 143 
96 100 
96 30 
96 174 
96 141 
96 169 
96 104 
96 57 
96 113 
96 74 
96 95 
96 94 
96 5 
96 62 
96 147 
96 22 
96 165 
96 156 
96 99 
96 56 
96 29 
96 75 
96 18 
96 45 
96 188 
96 13 
96 130 
96 58 
96 140 
96 186 
96 116 
96 41 
96 170 
96 117 
96 7 
97 0 
97 143 
97 6 
97 7 
97 173 
97 58 
97 71 
97 169 
97 78 
97 91 
97 38 
97 132 
97 177 
97 41 
97 128 
97 176 
97 51 
97 93 
97 57 
97 121 
97 133 
97 34 
97 44 
97 172 
97 15 
97 120 
97 48 
97 29 
97 40 
97 66 
97 148 
97 137 
97 179 
98 103 
98 75 
98 71 
98 17 
98 160 
98 154 
98 15 
98 162 
98 42 
98 159 
98 72 
98 51 
98 157 
98 184 
98 39 
98 32 
98 170 
98 147 
98 171 
98 169 
98 61 
98 172 
98 175 
98 66 
98 158 
98 114 
98 78 
98 123 
98 50 
98 25 
98 38 
98 33 
99 116 
99 12 
99 187 
99 77 
99 137 
99 46 
99 69 
99 40 
99 2 
99 114 
99 184 
99 172 
99 6 
99 61 
99 173 
99 107 
99 16 
99 31 
99 14 
99 64 
99 163 
99 88 
99 135 
99 121 
99 186 
99 96 
99 118 
99 57 
99 35 
99 110 
99 132 
99 145 
99 4 
99 152 
99 141 
99 70 
99 176 
99 129 
99 130 
100 107 
100 32 
100 172 
100 190 
100 162 
100 16 
100 46 
100 125 
100 146 
100 183 
100 73 
100 95 
100 79 
100 6 
100 96 
100 152 
100 147 
100 109 
100 161 
100 55 
100 18 
100 154 
100 41 
100 165 
100 60 
100 44 
100 27 
100 19 
100 63 
100 81 
100 29 
100 87 
100 47 
100 174 
100 21 
100 24 
100 106 
101 145 
101 49 
101 27 
101 43 
101 132 
101 40 
101 128 
101 53 
101 58 
101 35 
101 179 
101 50 
101 55 
101 120 
101 143 
101 186 
101 92 
101 138 
101 52 
101 37 
101 90 
101 162 
101 13 
101 20 
101 152 
101 156 
101 45 
101 88 
101 122 
101 117 
101 86 
101 78 
101 12 
101 57 
101 136 
102 120 
102 155 
102 117 
102 183 
102 140 
102 158 
102 60 
102 65 
102 143 
102 40 
102 189 
102 84 
102 55 
102 134 
102 135 
102 150 
102 73 
102 191 
102 4 
102 149 
102 86 
102 104 
102 173 
102 180 
102 91 
102 142 
102 22 
102 64 
102 123 
102 74 
102 82 
102 9 
102 156 
102 52 
102 187 
102 56 
102 29 
102 62 
102 177 
102 110 
103 98 
103 89 
103 32 
103 174 
103 168 
103 118 
103 80 
103 2 
103 166 
103 42 
103 157 
103 159 
103 20 
103 17 
103 85 
103 72 
103 181 
103 91 
103 152 
103 67 
103 128 
103 110 
103 77 
103 53 
103 22 
103 78 
103 49 
103 117 
103 116 
103 139 
104 147 
104 41 
104 141 
104 126 
104 159 
104 175 
104 79 
104 54 
104 14 
104 138 
104 188 
104 59 
104 56 
104 96 
104 185 
104 102 
104 26 
104 51 
104 167 
104 155 
104 132 
104 90 
104 73 
104 44 
104 19 
104 55 
104 161 
104 12 
104 63 
104 134 
104 68 
104 50 
104 69 
104 78 
104 179 
104 62 
104 32 
104 91 
104 16 
105 132 
105 67 
105 91 
105 44 
105 170 
105 139 
105 171 
105 92 
105 8 
105 28 
105 90 
105 121 
105 179 
105 59 
105 112 
105 75 
105 113 
105 50 
105 153 
105 37 
105 167 
105 58 
105 151 
105 42 
105 142 
105 84 
105 49 
105 46 
105 12 
105 136 
105 126 
105 30 
106 184 
106 53 
106 136 
106 84 
106 166 
106 54 
106 172 
106 33 
106 37 
106 44 
106 173 
106 51 
106 191 
106 164 
106 142 
106 125 
106 24 
106 76 
106 22 
106 118 
106 27 
106 174 
106 178 
106 115 
106 129 
106 36 
106 119 
106 7 
106 83 
106 171 
106 26 
106 48 
106 57 
106 182 
106 47 
106 1 
106 120 
106 170 
106 163 
106 138 
106 82 
106 100 
107 124 
107 48 
107 100 
107 167 
107 144 
107 121 
107 115 
107 53 
107 23 
107 80 
107 99 
107 165 
107 136 
107 69 
107 57 
107 186 
107 125 
107 10 
107 170 
107 135 
107 128 
107 21 
107 154 
107 24 
107 120 
107 176 
107 139 
107 93 
107 156 
107 113 
107 70 
107 66 
107 20 
107 171 
108 64 
108 115 
108 74 
108 36 
108 41 
108 166 
108 0 
108 67 
108 42 
108 10 
108 34 
108 85 
108 45 
108 70 
108 170 
108 90 
108 116 
108 127 
108 158 
108 186 
108 135 
108 160 
108 53 
108 4 
108 68 
108 21 
108 55 
108 95 
108 122 
108 112 
108 161 
108 59 
108 28 
108 62 
108 145 
108 183 
109 29 
109 27 
109 189 
109 159 
109 171 
109 114 
109 139 
109 74 
109 13 
109 81 
109 151 
109 100 
109 175 
109 94 
109 164 
109 166 
109 5 
109 56 
109 165 
109 76 
109 141 
109 1 
109 16 
109 188 
109 85 
109 30 
109 129 
109 58 
109 90 
109 45 
109 48 
109 138 
109 176 
109 162 
109 131 
109 41 
109 93 
110 127 
110 29 
110 177 
110 149 
110 50 
110 125 
110 189 
110 156 
110 128 
110 1 
110 123 
110 54 
110 191 
110 139 
110 145 
110 45 
110 31 
110 180 
110 3 
110 153 
110 179 
110 103 
110 157 
110 77 
110 30 
110 133 
110 59 
110 136 
110 76 
110 114 
110 99 
110 18 
110 16 
110 52 
110 163 
110 158 
110 0 
110 86 
110 135 
110 102 
111 189 
111 30 
111 62 
111 148 
111 7 
111 116 
111 25 
111 150 
111 53 
111 135 
111 122 
111 184 
111 115 
111 58 
111 159 
111 57 
111 90 
111 119 
111 85 
111 181 
111 32 
111 156 
111 77 
111 127 
111 169 
111 165 
111 26 
111 191 
111 174 
111 12 
111 29 
111 45 
111 46 
111 24 
111 91 
111 13 
111 158 
112 57 
112 187 
112 49 
112 170 
112 96 
112 14 
112 6 
112 62 
112 127 
112 26 
112 84 
112 119 
112 151 
112 19 
112 52 
112 87 
112 105 
112 173 
112 90 
112 44 
112 154 
112 180 
112 162 
112 142 
112 169 
112 164 
112 138 
112 78 
112 115 
112 191 
112 150 
112 29 
112 131 
112 69 
112 1 
112 79 
112 59 
112 108 
112 7 
113 47 
113 18 
113 92 
113 134 
113 132 
113 23 
113 63 
113 152 
113 169 
113 119 
113 83 
113 39 
113 182 
113 45 
113 179 
113 172 
113 148 
113 150 
113 105 
113 96 
113 189 
113 190 
113 68 
113 77 
113 170 
113 131 
113 139 
113 121 
113 5 
113 62 
113 30 
113 54 
113 107 
113 58 
113 20 
113 168 
114 11 
114 88 
114 25 
114 47 
114 99 
114 109 
114 90 
114 135 
114 138 
114 74 
114 144 
114 62 
114 131 
114 169 
114 172 
114 86 
114 85 
114 179 
114 132 
114 180 
114 35 
114 175 
114 110 
114 78 
114 64 
114 115 
114 189 
114 98 
114 134 
114 153 
114 65 
114 63 
114 127 
114 19 
115 108 
115 9 
115 159 
115 182 
115 75 
115 160 
115 59 
115 18 
115 52 
115 155 
115 15 
115 78 
115 43 
115 173 
115 132 
115 178 
115 74 
115 169 
115 170 
115 67 
115 45 
115 177 
115 136 
115 181 
115 35 
115 174 
115 86 
115 107 
115 111 
115 127 
115 27 
115 95 
115 124 
115 165 
115 106 
115 140 
115 84 
115 112 
115 147 
115 128 
115 90 
115 163 
115 116 
115 23 
115 64 
115 114 
115 66 
115 11 
115 40 
115 191 
115 69 
116 132 
116 54 
116 99 
116 140 
116 17 
116 6 
116 95 
116 111 
116 5 
116 164 
116 170 
116 22 
116 155 
116 86 
116 7 
116 88 
116 173 
116 172 
116 160 
116 108 
116 144 
116 51 
116 145 
116 55 
116 167 
116 115 
116 48 
116 176 
116 91 
116 120 
116 25 
116 2 
116 70 
116 96 
116 124 
116 103 
116 30 
117 134 
117 191 
117 147 
117 128 
117 102 
117 179 
117 87 
117 90 
117 178 
117 150 
117 176 
117 50 
117 84 
117 54 
117 21 
117 15 
117 18 
117 63 
117 31 
117 123 
117 33 
117 153 
117 27 
117 145 
117 5 
117 22 
117 69 
117 141 
117 17 
117 101 
117 74 
117 25 
117 182 
117 103 
117 88 
117 96 
118 154 
118 142 
118 120 
118 131 
118 173 
118 103 
118 20 
118 34 
118 89 
118 133 
118 68 
118 73 
118 90 
118 23 
118 157 
118 96 
118 124 
118 176 
118 65 
118 106 
118 18 
118 153 
118 7 
118 146 
118 36 
118 47 
118 16 
118 57 
118 9 
118 99 
118 151 
118 1 
118 64 
118 29 
118 10 
118 130 
118 72 
118 0 
118 134 
118 50 
119 1 
119 20 
119 131 
119 149 
119 113 
119 42 
119 48 
119 35 
119 158 
119 60 
119 5 
119 12 
119 62 
119 8 
119 4 
119 25 
119 112 
119 152 
119 124 
119 150 
119 143 
119 93 
119 14 
119 18 
119 39 
119 111 
119 147 
119 17 
119 15 
119 22 
119 138 
119 61 
119 106 
119 156 
119 184 
119 180 
119 50 
119 136 
119 165 
119 188 
119 171 
119 45 
119 181 
119 168 
119 81 
119 59 
120 102 
120 95 
120 64 
120 118 
120 41 
120 158 
120 149 
120 168 
120 22 
120 146 
120 1 
120 154 
120 44 
120 10 
120 68 
120 157 
120 2 
120 148 
120 54 
120 101 
120 122 
120 127 
120 40 
120 72 
120 47 
120 63 
120 97 
120 59 
120 12 
120 77 
120 107 
120 56 
120 9 
120 62 
120 20 
120 28 
120 116 
120 106 
120 61 
120 11 
120 141 
121 62 
121 72 
121 7 
121 1 
121 107 
121 184 
121 105 
121 140 
121 38 
121 134 
121 175 
121 141 
121 31 
121 4 
121 55 
121 185 
121 11 
121 136 
121 97 
121 169 
121 122 
121 99 
121 67 
121 139 
121 17 
121 48 
121 165 
121 22 
121 13 
121 113 
121 155 
121 131 
121 94 
121 167 
121 92 
121 10 
121 123 
122 22 
122 31 
122 140 
122 93 
122 11 
122 127 
122 90 
122 111 
122 163 
122 176 
122 58 
122 54 
122 50 
122 164 
122 70 
122 63 
122 83 
122 125 
122 120 
122 60 
122 134 
122 4 
122 121 
122 14 
122 88 
122 12 
122 101 
122 147 
122 26 
122 68 
122 174 
122 142 
122 108 
122 132 
123 89 
123 141 
123 77 
123 136 
123 154 
123 46 
123 42 
123 183 
123 139 
123 187 
123 146 
123 110 
123 54 
123 88 
123 6 
123 71 
123 31 
123 117 
123 26 
123 85 
123 41 
123 29 
123 162 
123 82 
123 153 
123 38 
123 25 
123 102 
123 49 
123 62 
123 171 
123 70 
123 16 
123 58 
123 37 
123 23 
123 180 
123 98 
123 140 
123 184 
123 9 
123 179 
123 130 
123 121 
124 107 
124 60 
124 37 
124 1 
124 72 
124 52 
124 39 
124 173 
124 166 
124 84 
124 174 
124 160 
124 129 
124 171 
124 118 
124 119 
124 126 
124 35 
124 3 
124 27 
124 79 
124 142 
124 186 
124 115 
124 189 
124 4 
124 53 
124 61 
124 58 
124 169 
124 89 
124 0 
124 48 
124 82 
124 71 
124 73 
124 2 
124 116 
124 87 
124 145 
124 9 
124 56 
124 19 
125 63 
125 17 
125 12 
125 26 
125 51 
125 100 
125 149 
125 43 
125 8 
125 10 
125 186 
125 28 
125 156 
125 59 
125 110 
125 184 
125 135 
125 130 
125 106 
125 16 
125 83 
125 183 
125 122 
125 95 
125 80 
125 35 
125 81 
125 189 
125 143 
125 62 
125 107 
125 150 
125 85 
125 90 
125 141 
125 138 
125 38 
126 160 
126 62 
126 25 
126 104 
126 134 
126 149 
126 47 
126 78 
126 177 
126 129 
126 176 
126 44 
126 185 
126 158 
126 124 
126 45 
126 144 
126 145 
126 87 
126 164 
126 0 
126 24 
126 138 
126 32 
126 131 
126 86 
126 155 
126 105 
127 79 
127 51 
127 110 
127 135 
127 11 
127 122 
127 59 
127 159 
127 146 
127 147 
127 112 
127 35 
127 63 
127 29 
127 131 
127 19 
127 149 
127 162 
127 62 
127 10 
127 143 
127 152 
127 115 
127 191 
127 144 
127 21 
127 188 
127 94 
127 27 
127 166 
127 120 
127 129 
127 111 
127 174 
127 108 
127 32 
127 41 
127 24 
127 85 
127 64 
127 148 
127 177 
127 189 
127 2 
127 69 
127 169 
127 43 
127 7 
127 87 
127 38 
127 56 
127 114 
128 45 
128 117 
128 139 
128 42 
128 134 
128 101 
128 59 
128 110 
128 1 
128 54 
128 96 
128 168 
128 153 
128 131 
128 180 
128 37 
128 97 
128 76 
128 65 
128 44 
128 172 
128 103 
128 47 
128 68 
128 141 
128 115 
128 107 
128 0 
128 87 
128 74 
128 58 
128 91 
129 138 
129 151 
129 183 
129 140 
129 142 
129 43 
129 28 
129 66 
129 93 
129 67 
129 85 
129 145 
129 124 
129 126 
129 73 
129 14 
129 54 
129 31 
129 21 
129 163 
129 49 
129 167 
129 25 
129 106 
129 127 
129 187 
129 152 
129 27 
129 131 
129 190 
129 109 
129 17 
129 141 
129 133 
129 130 
129 77 
129 37 
129 16 
129 36 
129 147 
129 172 
129 47 
129 71 
129 154 
129 99 
130 91 
130 133 
130 51 
130 8 
130 152 
130 155 
130 190 
130 3 
130 187 
130 83 
130 34 
130 84 
130 26 
130 125 
130 22 
130 36 
130 172 
130 18 
130 69 
130 145 
130 191 
130 86 
130 53 
130 40 
130 170 
130 7 
130 27 
130 173 
130 169 
130 183 
130 151 
130 171 
130 165 
130 14 
130 96 
130 129 
130 55 
130 118 
130 9 
130 123 
130 99 
131 18 
131 119 
131 46 
131 118 
131 6 
131 11 
131 178 
131 140 
131 151 
131 48 
131 155 
131 127 
131 36 
131 87 
131 89 
131 128 
131 162 
131 148 
131 175 
131 114 
131 0 
131 161 
131 129 
131 146 
131 3 
131 80 
131 112 
131 113 
131 65 
131 180 
131 153 
131 126 
131 135 
131 187 
131 185 
131 86 
131 164 
131 158 
131 121 
131 82 
131 29 
131 109 
131 191 
132 105 
132 116 
132 25 
132 64 
132 92 
132 142 
132 101 
132 60 
132 113 
132 30 
132 3 
132 79 
132 115 
132 156 
132 160 
132 166 
132 97 
132 85 
132 176 
132 33 
132 38 
132 54 
132 47 
132 45 
132 137 
132 104 
132 155 
132 168 
132 114 
132 20 
132 144 
132 40 
132 52 
132 12 
132 89 
132 99 
132 177 
132 151 
132 189 
132 122 
132 49 
133 46 
133 176 
133 19 
133 130 
133 190 
133 12 
133 77 
133 56 
133 118 
133 48 
133 23 
133 140 
133 38 
133 137 
133 0 
133 53 
133 181 
133 134 
133 35 
133 57 
133 97 
133 110 
133 27 
133 165 
133 146 
133 153 
133 28 
133 162 
133 129 
133 71 
133 49 
133 41 
134 117 
134 74 
134 180 
134 17 
134 113 
134 71 
134 126 
134 36 
134 128 
134 19 
134 40 
134 11 
134 148 
134 121 
134 102 
134 186 
134 6 
134 62 
134 133 
134 122 
134 25 
134 165 
134 3 
134 37 
134 138 
134 18 
134 171 
134 5 
134 191 
134 90 
134 104 
134 92 
134 114 
134 87 
134 118 
135 71 
135 7 
135 155 
135 35 
135 127 
135 95 
135 157 
135 111 
135 125 
135 114 
135 102 
135 74 
135 46 
135 44 
135 40 
135 69 
135 37 
135 54 
135 72 
135 3 
135 154 
135 167 
135 85 
135 11 
135 78 
135 21 
135 107 
135 161 
135 99 
135 108 
135 58 
135 17 
135 18 
135 131 
135 94 
135 110 
135 136 
135 185 
135 38 
136 149 
136 51 
136 106 
136 3 
136 42 
136 123 
136 70 
136 25 
136 137 
136 41 
136 144 
136 115 
136 57 
136 18 
136 6 
136 151 
136 96 
136 37 
136 60 
136 93 
136 73 
136 107 
136 121 
136 150 
136 24 
136 86 
136 27 
136 110 
136 119 
136 53 
136 33 
136 32 
136 20 
136 85 
136 146 
136 158 
136 105 
136 8 
136 101 
136 135 
136 172 
137 52 
137 180 
137 99 
137 24 
137 83 
137 136 
137 189 
137 187 
137 42 
137 30 
137 157 
137 133 
137 149 
137 92 
137 94 
137 190 
137 175 
137 132 
137 140 
137 49 
137 11 
137 50 
137 95 
137 72 
137 43 
137 3 
137 84 
137 38 
137 15 
137 97 
137 147 
138 129 
138 182 
138 104 
138 114 
138 144 
138 43 
138 57 
138 15 
138 176 
138 191 
138 119 
138 19 
138 71 
138 85 
138 165 
138 112 
138 101 
138 185 
138 166 
138 134 
138 21 
138 173 
138 141 
138 95 
138 73 
138 126 
138 46 
138 48 
138 20 
138 186 
138 78 
138 109 
138 106 
138 50 
138 125 
138 16 
138 53 
139 176 
139 80 
139 13 
139 128 
139 57 
139 185 
139 164 
139 32 
139 11 
139 79 
139 90 
139 175 
139 105 
139 123 
139 46 
139 153 
139 43 
139 109 
139 17 
139 42 
139 110 
139 30 
139 71 
139 59 
139 24 
139 47 
139 169 
139 157 
139 177 
139 186 
139 18 
139 189 
139 25 
139 121 
139 113 
139 142 
139 107 
139 168 
139 171 
139 103 
139 14 
139 93 
140 77 
140 129 
140 122 
140 116 
140 174 
140 93 
140 102 
140 7 
140 169 
140 131 
140 63 
140 26 
140 148 
140 34 
140 133 
140 121 
140 49 
140 44 
140 164 
140 183 
140 188 
140 68 
140 177 
140 46 
140 23 
140 152 
140 149 
140 115 
140 137 
140 171 
140 147 
140 2 
140 6 
140 80 
140 170 
140 0 
140 95 
140 13 
140 53 
140 17 
140 123 
140 96 
140 60 
140 72 
140 58 
141 104 
141 52 
141 25 
141 149 
141 123 
141 53 
141 50 
141 90 
141 176 
141 59 
141 83 
141 164 
141 56 
141 171 
141 93 
141 32 
141 189 
141 159 
141 26 
141 4 
141 95 
141 121 
141 96 
141 150 
141 88 
141 70 
141 43 
141 12 
141 154 
141 94 
141 180 
141 109 
141 128 
141 173 
141 138 
141 186 
141 44 
141 129 
141 117 
141 125 
141 49 
141 99 
141 120 
142 129 
142 191 
142 118 
142 132 
142 19 
142 61 
142 36 
142 73 
142 106 
142 90 
142 9 
142 13 
142 124 
142 155 
142 24 
142 102 
142 112 
142 185 
142 71 
142 66 
142 45 
142 172 
142 184 
142 46 
142 4 
142 139 
142 169 
142 145 
142 105 
142 5 
142 56 
142 29 
142 122 
142 189 
142 86 
142 76 
142 153 
143 65 
143 97 
143 48 
143 8 
143 179 
143 19 
143 38 
143 102 
143 43 
143 127 
143 5 
143 96 
143 119 
143 88 
143 2 
143 101 
143 153 
143 188 
143 191 
143 149 
143 125 
143 93 
143 11 
143 171 
143 177 
143 70 
143 174 
143 72 
143 29 
143 14 
143 79 
143 33 
144 163 
144 164 
144 107 
144 40 
144 16 
144 166 
144 74 
144 136 
144 87 
144 23 
144 138 
144 37 
144 159 
144 69 
144 149 
144 80 
144 114 
144 127 
144 168 
144 126 
144 0 
144 78 
144 148 
144 91 
144 116 
144 173 
144 132 
144 52 
144 150 
144 190 
144 13 
144 54 
144 35 
144 75 
144 61 
144 169 
144 175 
144 76 
144 172 
144 32 
144 157 
144 73 
145 0 
145 101 
145 7 
145 183 
145 190 
145 175 
145 95 
145 48 
145 63 
145 88 
145 129 
145 174 
145 110 
145 130 
145 23 
145 68 
145 185 
145 162 
145 126 
145 117 
145 20 
145 164 
145 18 
145 22 
145 116 
145 163 
145 99 
145 142 
145 187 
145 168 
145 93 
145 124 
145 149 
145 108 
146 55 
146 149 
146 91 
146 186 
146 66 
146 100 
146 161 
146 158 
146 38 
146 174 
146 127 
146 123 
146 120 
146 69 
146 77 
146 187 
146 1 
146 34 
146 118 
146 131 
146 16 
146 3 
146 155 
146 23 
146 133 
146 54 
146 56 
146 163 
146 152 
146 136 
146 30 
147 57 
147 0 
147 104 
147 117 
147 169 
147 149 
147 63 
147 154 
147 127 
147 100 
147 48 
147 98 
147 119 
147 96 
147 27 
147 19 
147 140 
147 115 
147 150 
147 89 
147 79 
147 56 
147 179 
147 12 
147 122 
147 90 
147 76 
147 26 
147 129 
147 61 
147 137 
148 95 
148 27 
148 111 
148 65 
148 161 
148 157 
148 162 
148 134 
148 140 
148 76 
148 79 
148 166 
148 87 
148 45 
148 113 
148 120 
148 131 
148 84 
148 144 
148 174 
148 189 
148 17 
148 160 
148 90 
148 127 
148 13 
148 182 
148 172 
148 19 
148 97 
148 88 
149 146 
149 136 
149 68 
149 141 
149 125 
149 110 
149 126 
149 147 
149 119 
149 183 
149 120 
149 174 
149 14 
149 22 
149 127 
149 8 
149 144 
149 41 
149 137 
149 165 
149 102 
149 58 
149 143 
149 140 
149 164 
149 78 
149 35 
149 74 
149 27 
149 155 
149 169 
149 44 
149 152 
149 186 
149 145 
149 13 
150 182 
150 188 
150 68 
150 154 
150 111 
150 166 
150 117 
150 16 
150 102 
150 119 
150 141 
150 113 
150 64 
150 153 
150 159 
150 65 
150 125 
150 157 
150 136 
150 147 
150 112 
150 82 
150 163 
150 9 
150 144 
150 88 
150 1 
150 78 
150 36 
150 40 
150 95 
150 72 
150 161 
151 129 
151 154 
151 159 
151 48 
151 15 
151 10 
151 95 
151 6 
151 131 
151 30 
151 79 
151 136 
151 112 
151 109 
151 177 
151 89 
151 20 
151 27 
151 25 
151 23 
151 175 
151 24 
151 81 
151 118 
151 152 
151 130 
151 105 
151 161 
151 5 
151 51 
151 185 
151 182 
151 56 
151 72 
151 132 
151 77 
151 42 
151 169 
152 8 
152 50 
152 27 
152 63 
152 130 
152 113 
152 190 
152 168 
152 172 
152 15 
152 61 
152 73 
152 181 
152 28 
152 81 
152 41 
152 127 
152 163 
152 119 
152 100 
152 44 
152 30 
152 103 
152 31 
152 140 
152 19 
152 167 
152 129 
152 51 
152 151 
152 101 
152 26 
152 36 
152 160 
152 42 
152 99 
152 146 
152 166 
152 149 
152 53 
152 35 
152 75 
153 7 
153 64 
153 25 
153 88 
153 48 
153 61 
153 179 
153 128 
153 139 
153 80 
153 14 
153 3 
153 156 
153 118 
153 150 
153 143 
153 162 
153 117 
153 2 
153 168 
153 89 
153 105 
153 36 
153 110 
153 123 
153 34 
153 157 
153 38 
153 54 
153 133 
153 131 
153 70 
153 75 
153 83 
153 174 
153 114 
153 28 
153 5 
153 142 
153 159 
154 118 
154 151 
154 168 
154 182 
154 60 
154 174 
154 61 
154 15 
154 150 
154 123 
154 98 
154 147 
154 14 
154 120 
154 18 
154 38 
154 44 
154 112 
154 35 
154 100 
154 90 
154 73 
154 88 
154 135 
154 141 
154 185 
154 68 
154 87 
154 188 
154 163 
154 107 
154 19 
154 28 
154 76 
154 179 
154 80 
154 160 
154 31 
154 22 
154 129 
155 22 
155 45 
155 135 
155 4 
155 51 
155 54 
155 102 
155 181 
155 115 
155 17 
155 130 
155 164 
155 116 
155 61 
155 6 
155 131 
155 176 
155 85 
155 185 
155 21 
155 160 
155 5 
155 62 
155 142 
155 170 
155 173 
155 104 
155 132 
155 3 
155 40 
155 55 
155 11 
155 70 
155 10 
155 90 
155 80 
155 146 
155 14 
155 149 
155 87 
155 167 
155 121 
155 57 
155 126 
155 8 
155 158 
156 183 
156 63 
156 81 
156 125 
156 132 
156 110 
156 86 
156 172 
156 69 
156 10 
156 153 
156 71 
156 50 
156 56 
156 19 
156 111 
156 43 
156 96 
156 119 
156 186 
156 14 
156 102 
156 166 
156 191 
156 101 
156 25 
156 107 
156 185 
156 70 
156 161 
156 167 
156 6 
157 96 
157 54 
157 188 
157 58 
157 72 
157 53 
157 50 
157 148 
157 135 
157 187 
157 103 
157 118 
157 98 
157 137 
157 70 
157 85 
157 120 
157 92 
157 160 
157 139 
157 49 
157 172 
157 67 
157 185 
157 150 
157 21 
157 83 
157 110 
157 32 
157 178 
157 153 
157 191 
157 170 
157 7 
157 76 
157 171 
157 41 
157 69 
157 144 
158 42 
158 47 
158 61 
158 60 
158 102 
158 10 
158 80 
158 174 
158 146 
158 120 
158 68 
158 119 
158 2 
158 50 
158 77 
158 83 
158 126 
158 15 
158 32 
158 86 
158 48 
158 12 
158 18 
158 49 
158 108 
158 25 
158 27 
158 179 
158 185 
158 98 
158 172 
158 39 
158 72 
158 23 
158 41 
158 53 
158 110 
158 4 
158 136 
158 73 
158 131 
158 90 
158 7 
158 0 
158 38 
158 67 
158 111 
158 155 
159 115 
159 187 
159 151 
159 37 
159 109 
159 104 
159 95 
159 127 
159 98 
159 183 
159 179 
159 41 
159 69 
159 141 
159 76 
159 103 
159 144 
159 111 
159 84 
159 27 
159 23 
159 166 
159 59 
159 150 
159 80 
159 177 
159 17 
159 24 
159 87 
159 8 
159 40 
159 47 
159 6 
159 171 
159 48 
159 153 
159 92 
160 190 
160 126 
160 115 
160 91 
160 98 
160 40 
160 65 
160 132 
160 188 
160 175 
160 55 
160 124 
160 187 
160 66 
160 33 
160 63 
160 155 
160 157 
160 116 
160 78 
160 64 
160 148 
160 108 
160 41 
160 22 
160 152 
160 88 
160 183 
160 154 
161 188 
161 5 
161 4 
161 184 
161 82 
161 22 
161 148 
161 146 
161 90 
161 24 
161 78 
161 2 
161 95 
161 84 
161 100 
161 44 
161 15 
161 13 
161 72 
161 0 
161 77 
161 171 
161 87 
161 135 
161 131 
161 180 
161 104 
161 42 
161 151 
161 81 
161 53 
161 37 
161 33 
161 55 
161 20 
161 8 
161 108 
161 156 
161 183 
161 150 
162 190 
162 100 
162 188 
162 191 
162 98 
162 148 
162 0 
162 49 
162 127 
162 172 
162 131 
162 63 
162 25 
162 66 
162 153 
162 112 
162 145 
162 178 
162 52 
162 2 
162 123 
162 168 
162 43 
162 101 
162 87 
162 53 
162 165 
162 88 
162 133 
162 41 
162 84 
162 71 
162 109 
163 144 
163 62 
163 15 
163 91 
163 24 
163 21 
163 71 
163 89 
163 122 
163 6 
163 42 
163 152 
163 180 
163 129 
163 41 
163 85 
163 175 
163 99 
163 154 
163 34 
163 26 
163 150 
163 145 
163 115 
163 7 
163 182 
163 110 
163 146 
163 32 
163 106 
164 11 
164 144 
164 43 
164 55 
164 29 
164 139 
164 27 
164 155 
164 116 
164 84 
164 141 
164 41 
164 67 
164 106 
164 171 
164 122 
164 140 
164 3 
164 109 
164 19 
164 76 
164 189 
164 191 
164 40 
164 145 
164 112 
164 85 
164 33 
164 126 
164 149 
164 66 
164 57 
164 30 
164 65 
164 23 
164 17 
164 9 
164 131 
164 8 
165 5 
165 33 
165 85 
165 73 
165 11 
165 78 
165 80 
165 57 
165 45 
165 38 
165 174 
165 92 
165 76 
165 79 
165 149 
165 168 
165 107 
165 100 
165 115 
165 177 
165 134 
165 109 
165 138 
165 96 
165 111 
165 119 
165 162 
165 37 
165 130 
165 121 
165 133 
165 72 
165 24 
165 83 
165 48 
165 35 
165 36 
166 36 
166 106 
166 14 
166 85 
166 12 
166 144 
166 5 
166 6 
166 174 
166 25 
166 124 
166 108 
166 10 
166 150 
166 103 
166 17 
166 52 
166 132 
166 77 
166 148 
166 48 
166 9 
166 44 
166 21 
166 109 
166 74 
166 127 
166 159 
166 3 
166 22 
166 138 
166 56 
166 156 
166 31 
166 180 
166 34 
166 152 
166 91 
166 32 
167 187 
167 107 
167 67 
167 0 
167 18 
167 76 
167 3 
167 50 
167 14 
167 21 
167 129 
167 80 
167 104 
167 135 
167 87 
167 29 
167 19 
167 105 
167 152 
167 55 
167 42 
167 83 
167 191 
167 188 
167 32 
167 31 
167 116 
167 45 
167 155 
167 24 
167 4 
167 89 
167 85 
167 121 
167 1 
167 81 
167 16 
167 156 
168 180 
168 6 
168 154 
168 24 
168 191 
168 64 
168 103 
168 186 
168 187 
168 77 
168 152 
168 170 
168 66 
168 120 
168 128 
168 25 
168 47 
168 165 
168 144 
168 45 
168 153 
168 17 
168 26 
168 132 
168 13 
168 162 
168 177 
168 27 
168 139 
168 79 
168 145 
168 48 
168 51 
168 40 
168 36 
168 61 
168 113 
168 119 
169 74 
169 147 
169 56 
169 79 
169 93 
169 15 
169 115 
169 113 
169 82 
169 97 
169 140 
169 34 
169 189 
169 96 
169 16 
169 139 
169 114 
169 8 
169 98 
169 112 
169 121 
169 29 
169 60 
169 190 
169 124 
169 130 
169 111 
169 149 
169 142 
169 127 
169 144 
169 54 
169 50 
169 1 
169 151 
170 1 
170 74 
170 8 
170 39 
170 62 
170 37 
170 17 
170 116 
170 175 
170 112 
170 105 
170 115 
170 173 
170 168 
170 82 
170 187 
170 48 
170 29 
170 11 
170 108 
170 98 
170 65 
170 155 
170 67 
170 21 
170 130 
170 18 
170 113 
170 107 
170 52 
170 140 
170 16 
170 43 
170 157 
170 44 
170 80 
170 36 
170 106 
170 9 
170 96 
171 80 
171 191 
171 24 
171 70 
171 109 
171 13 
171 75 
171 105 
171 91 
171 141 
171 22 
171 164 
171 124 
171 76 
171 174 
171 172 
171 10 
171 42 
171 98 
171 36 
171 161 
171 140 
171 176 
171 143 
171 106 
171 189 
171 134 
171 123 
171 45 
171 185 
171 130 
171 139 
171 31 
171 50 
171 56 
171 119 
171 93 
171 157 
171 19 
171 52 
171 89 
171 159 
171 61 
171 107 
172 100 
172 70 
172 106 
172 188 
172 61 
172 152 
172 73 
172 65 
172 43 
172 99 
172 162 
172 130 
172 74 
172 60 
172 156 
172 113 
172 171 
172 54 
172 69 
172 24 
172 116 
172 42 
172 114 
172 76 
172 128 
172 157 
172 98 
172 97 
172 173 
172 16 
172 142 
172 158 
172 6 
172 189 
172 148 
172 23 
172 90 
172 144 
172 129 
172 136 
173 20 
173 118 
173 115 
173 178 
173 12 
173 97 
173 124 
173 34 
173 106 
173 59 
173 170 
173 79 
173 70 
173 64 
173 45 
173 37 
173 5 
173 112 
173 71 
173 99 
173 60 
173 116 
173 102 
173 155 
173 36 
173 141 
173 144 
173 130 
173 172 
173 138 
173 53 
173 185 
173 42 
173 29 
173 81 
173 69 
173 11 
173 66 
174 47 
174 140 
174 25 
174 103 
174 154 
174 90 
174 14 
174 158 
174 166 
174 146 
174 124 
174 49 
174 68 
174 149 
174 190 
174 115 
174 77 
174 183 
174 165 
174 145 
174 60 
174 96 
174 171 
174 19 
174 106 
174 59 
174 8 
174 148 
174 176 
174 71 
174 65 
174 127 
174 79 
174 52 
174 63 
174 191 
174 29 
174 143 
174 111 
174 72 
174 122 
174 100 
174 51 
174 153 
174 55 
174 11 
175 31 
175 2 
175 178 
175 46 
175 88 
175 21 
175 145 
175 170 
175 139 
175 104 
175 83 
175 12 
175 160 
175 36 
175 28 
175 121 
175 24 
175 109 
175 56 
175 85 
175 16 
175 131 
175 186 
175 137 
175 163 
175 151 
175 63 
175 188 
175 98 
175 114 
175 183 
175 144 
175 25 
176 59 
176 139 
176 133 
176 72 
176 74 
176 55 
176 141 
176 95 
176 76 
176 117 
176 122 
176 188 
176 155 
176 126 
176 187 
176 25 
176 132 
176 118 
176 184 
176 58 
176 138 
176 97 
176 18 
176 68 
176 174 
176 7 
176 41 
176 79 
176 171 
176 177 
176 8 
176 83 
176 107 
176 116 
176 84 
176 20 
176 19 
176 29 
176 48 
176 109 
176 99 
177 17 
177 186 
177 90 
177 19 
177 110 
177 69 
177 18 
177 8 
177 28 
177 115 
177 183 
177 65 
177 126 
177 10 
177 64 
177 97 
177 12 
177 20 
177 92 
177 179 
177 151 
177 35 
177 165 
177 139 
177 140 
177 159 
177 22 
177 55 
177 168 
177 176 
177 31 
177 143 
177 127 
177 45 
177 6 
177 132 
177 190 
177 76 
177 15 
177 102 
178 175 
178 70 
178 56 
178 86 
178 42 
178 23 
178 173 
178 115 
178 117 
178 131 
178 83 
178 78 
178 85 
178 29 
178 43 
178 20 
178 35 
178 106 
178 162 
178 52 
178 73 
178 30 
178 37 
178 88 
178 82 
178 157 
178 187 
178 1 
178 90 
178 65 
178 74 
178 64 
179 71 
179 117 
179 16 
179 74 
179 143 
179 89 
179 153 
179 159 
179 26 
179 105 
179 101 
179 113 
179 35 
179 177 
179 10 
179 40 
179 114 
179 110 
179 158 
179 52 
179 78 
179 91 
179 95 
179 147 
179 55 
179 67 
179 191 
179 64 
179 82 
179 187 
179 154 
179 123 
179 104 
179 48 
179 97 
180 51 
180 168 
180 75 
180 134 
180 23 
180 137 
180 76 
180 48 
180 41 
180 19 
180 128 
180 110 
180 163 
180 102 
180 183 
180 112 
180 62 
180 38 
180 84 
180 141 
180 161 
180 114 
180 36 
180 0 
180 119 
180 22 
180 34 
180 190 
180 131 
180 166 
180 123 
180 85 
180 49 
181 55 
181 48 
181 155 
181 115 
181 7 
181 152 
181 62 
181 86 
181 51 
181 37 
181 189 
181 103 
181 34 
181 133 
181 111 
181 91 
181 54 
181 68 
181 24 
181 67 
181 82 
181 6 
181 119 
181 5 
182 93 
182 115 
182 20 
182 154 
182 150 
182 95 
182 138 
182 5 
182 59 
182 61 
182 113 
182 71 
182 53 
182 54 
182 74 
182 92 
182 67 
182 65 
182 17 
182 94 
182 50 
182 51 
182 64 
182 60 
182 58 
182 36 
182 106 
182 163 
182 148 
182 69 
182 117 
182 151 
182 191 
182 32 
182 26 
183 129 
183 156 
183 73 
183 102 
183 78 
183 3 
183 145 
183 100 
183 95 
183 149 
183 123 
183 41 
183 9 
183 11 
183 159 
183 177 
183 174 
183 46 
183 125 
183 2 
183 180 
183 140 
183 65 
183 68 
183 56 
183 15 
183 67 
183 75 
183 130 
183 39 
183 40 
183 57 
183 175 
183 160 
183 86 
183 161 
183 24 
183 108 
183 6 
184 45 
184 6 
184 106 
184 161 
184 9 
184 99 
184 125 
184 121 
184 111 
184 83 
184 186 
184 32 
184 61 
184 98 
184 190 
184 176 
184 191 
184 187 
184 13 
184 119 
184 35 
184 142 
184 74 
184 55 
184 123 
184 2 
185 96 
185 43 
185 32 
185 139 
185 89 
185 92 
185 54 
185 155 
185 80 
185 126 
185 48 
185 13 
185 50 
185 104 
185 17 
185 70 
185 145 
185 121 
185 93 
185 142 
185 72 
185 154 
185 157 
185 10 
185 71 
185 138 
185 158 
185 173 
185 171 
185 58 
185 79 
185 131 
185 151 
185 94 
185 11 
185 156 
185 49 
185 35 
185 135 
186 57 
186 11 
186 20 
186 177 
186 75 
186 146 
186 125 
186 65 
186 52 
186 168 
186 184 
186 134 
186 41 
186 56 
186 72 
186 124 
186 68 
186 175 
186 107 
186 139 
186 101 
186 84 
186 108 
186 13 
186 99 
186 156 
186 141 
186 27 
186 74 
186 3 
186 138 
186 69 
186 191 
186 77 
186 53 
186 96 
186 149 
186 24 
186 91 
187 18 
187 167 
187 39 
187 80 
187 99 
187 159 
187 112 
187 1 
187 19 
187 168 
187 130 
187 157 
187 123 
187 74 
187 160 
187 170 
187 137 
187 30 
187 176 
187 67 
187 146 
187 184 
187 87 
187 77 
187 55 
187 129 
187 79 
187 178 
187 102 
187 131 
187 93 
187 145 
187 179 
187 41 
187 34 
187 38 
187 56 
187 17 
187 48 
188 3 
188 161 
188 66 
188 162 
188 157 
188 150 
188 172 
188 70 
188 17 
188 160 
188 91 
188 41 
188 71 
188 176 
188 104 
188 29 
188 42 
188 45 
188 127 
188 143 
188 140 
188 64 
188 47 
188 39 
188 43 
188 59 
188 167 
188 154 
188 81 
188 175 
188 109 
188 31 
188 16 
188 77 
188 89 
188 119 
188 96 
188 51 
188 86 
189 111 
189 109 
189 87 
189 61 
189 110 
189 137 
189 96 
189 29 
189 141 
189 102 
189 94 
189 169 
189 181 
189 54 
189 7 
189 124 
189 113 
189 53 
189 164 
189 71 
189 60 
189 21 
189 125 
189 148 
189 24 
189 26 
189 139 
189 45 
189 13 
189 22 
189 36 
189 171 
189 127 
189 172 
189 114 
189 73 
189 142 
189 23 
189 28 
189 5 
189 132 
190 4 
190 100 
190 160 
190 162 
190 44 
190 53 
190 133 
190 145 
190 130 
190 10 
190 152 
190 84 
190 174 
190 95 
190 184 
190 94 
190 137 
190 113 
190 63 
190 73 
190 26 
190 129 
190 169 
190 46 
190 85 
190 70 
190 144 
190 180 
190 11 
190 177 
190 60 
190 21 
190 35 
190 12 
190 7 
191 117 
191 36 
191 171 
191 41 
191 142 
191 45 
191 168 
191 162 
191 27 
191 54 
191 106 
191 0 
191 110 
191 1 
191 127 
191 2 
191 102 
191 29 
191 38 
191 52 
191 184 
191 143 
191 130 
191 138 
191 28 
191 164 
191 46 
191 167 
191 112 
191 30 
191 25 
191 90 
191 5 
191 157 
191 156 
191 174 
191 34 
191 134 
191 111 
191 179 
191 186 
191 57 
191 93 
191 182 
191 115 
191 131 
191 73 
