0 111 
0 163 
0 211 
0 133 
0 45 
0 241 
0 238 
0 107 
0 170 
0 77 
0 169 
0 220 
0 166 
0 105 
0 122 
0 165 
0 106 
0 230 
0 197 
0 187 
0 9 
0 52 
0 10 
0 237 
0 174 
0 212 
1 55 
1 193 
1 131 
1 3 
1 141 
1 210 
1 43 
1 148 
1 112 
1 8 
1 195 
1 223 
1 52 
1 190 
1 214 
1 138 
1 84 
1 106 
1 232 
1 64 
1 188 
1 216 
1 30 
1 24 
1 54 
1 218 
1 23 
1 10 
1 139 
2 135 
2 208 
2 7 
2 35 
2 3 
2 14 
2 141 
2 29 
2 183 
2 230 
2 240 
2 199 
2 175 
3 118 
3 119 
3 1 
3 121 
3 140 
3 79 
3 220 
3 109 
3 101 
3 217 
3 2 
3 214 
3 166 
3 139 
3 60 
3 20 
3 156 
3 146 
3 201 
3 106 
3 62 
3 130 
4 88 
4 166 
4 107 
4 52 
4 5 
4 93 
4 99 
4 172 
4 228 
4 199 
4 185 
4 79 
4 19 
4 83 
4 9 
4 120 
4 177 
4 152 
4 234 
5 53 
5 185 
5 156 
5 39 
5 132 
5 74 
5 4 
5 190 
5 225 
5 43 
5 237 
5 67 
5 102 
5 121 
5 223 
5 143 
5 126 
5 210 
5 123 
5 71 
5 165 
5 48 
5 224 
5 44 
5 32 
6 225 
6 223 
6 217 
6 17 
6 41 
6 166 
6 49 
6 37 
6 78 
6 63 
6 11 
6 195 
6 124 
6 142 
6 10 
6 75 
6 51 
6 191 
6 227 
6 16 
6 209 
6 104 
6 211 
6 14 
7 158 
7 145 
7 82 
7 225 
7 2 
7 238 
7 109 
7 240 
7 160 
7 12 
7 146 
7 123 
7 28 
7 35 
7 41 
7 95 
7 165 
7 50 
7 18 
7 179 
7 131 
7 78 
7 134 
7 46 
8 109 
8 104 
8 115 
8 71 
8 91 
8 179 
8 231 
8 10 
8 172 
8 174 
8 137 
8 216 
8 19 
8 1 
8 49 
8 144 
8 183 
8 56 
8 62 
8 110 
8 36 
8 236 
8 107 
8 114 
8 165 
8 141 
8 158 
8 198 
8 64 
8 101 
8 153 
8 45 
9 121 
9 158 
9 237 
9 238 
9 211 
9 101 
9 198 
9 100 
9 81 
9 42 
9 182 
9 232 
9 84 
9 226 
9 21 
9 152 
9 90 
9 4 
9 106 
9 192 
9 29 
9 164 
9 80 
9 134 
9 0 
9 39 
9 234 
9 135 
9 117 
10 168 
10 42 
10 19 
10 104 
10 8 
10 202 
10 185 
10 126 
10 129 
10 84 
10 232 
10 169 
10 6 
10 115 
10 214 
10 50 
10 235 
10 1 
10 184 
10 48 
10 0 
10 221 
11 141 
11 96 
11 214 
11 48 
11 125 
11 6 
11 228 
11 61 
11 66 
11 237 
11 20 
11 37 
11 133 
11 119 
11 88 
11 64 
12 240 
12 193 
12 23 
12 150 
12 229 
12 165 
12 21 
12 141 
12 144 
12 7 
12 164 
12 142 
12 19 
12 241 
12 233 
12 168 
12 227 
12 161 
12 181 
12 116 
12 30 
12 38 
12 137 
13 76 
13 159 
13 163 
13 240 
13 86 
13 62 
13 189 
13 53 
13 41 
13 103 
13 155 
13 138 
13 68 
13 135 
13 177 
13 173 
13 227 
13 59 
13 219 
13 116 
14 204 
14 118 
14 125 
14 83 
14 86 
14 66 
14 196 
14 119 
14 2 
14 232 
14 25 
14 171 
14 111 
14 174 
14 168 
14 150 
14 79 
14 59 
14 163 
14 237 
14 82 
14 71 
14 6 
15 236 
15 190 
15 123 
15 107 
15 132 
15 22 
15 126 
15 64 
15 159 
15 182 
15 69 
15 239 
15 93 
15 44 
15 115 
15 168 
15 227 
16 97 
16 226 
16 203 
16 46 
16 214 
16 232 
16 90 
16 147 
16 210 
16 141 
16 112 
16 144 
16 45 
16 240 
16 23 
16 120 
16 202 
16 172 
16 181 
16 6 
16 196 
16 82 
16 170 
16 134 
16 105 
17 175 
17 168 
17 78 
17 125 
17 6 
17 74 
17 141 
17 188 
17 135 
17 108 
17 232 
17 180 
17 103 
17 120 
17 51 
17 133 
17 143 
17 181 
17 213 
17 189 
18 168 
18 102 
18 74 
18 214 
18 165 
18 38 
18 178 
18 181 
18 123 
18 154 
18 50 
18 196 
18 7 
18 148 
18 137 
18 21 
19 10 
19 104 
19 122 
19 65 
19 201 
19 133 
19 80 
19 103 
19 32 
19 8 
19 99 
19 119 
19 159 
19 232 
19 12 
19 4 
19 105 
19 120 
19 151 
19 73 
19 48 
19 72 
19 137 
20 153 
20 219 
20 53 
20 66 
20 227 
20 129 
20 42 
20 234 
20 122 
20 220 
20 223 
20 209 
20 73 
20 115 
20 205 
20 23 
20 64 
20 3 
20 222 
20 59 
20 11 
20 103 
20 139 
20 120 
20 164 
20 141 
20 119 
21 198 
21 83 
21 239 
21 132 
21 50 
21 183 
21 12 
21 114 
21 33 
21 59 
21 155 
21 35 
21 9 
21 213 
21 187 
21 37 
21 139 
21 26 
21 212 
21 123 
21 71 
21 80 
21 22 
21 190 
21 18 
22 206 
22 218 
22 179 
22 109 
22 143 
22 118 
22 122 
22 104 
22 214 
22 209 
22 219 
22 15 
22 54 
22 215 
22 25 
22 187 
22 167 
22 107 
22 137 
22 56 
22 185 
22 105 
22 60 
22 59 
22 21 
22 31 
23 112 
23 12 
23 37 
23 199 
23 118 
23 67 
23 184 
23 223 
23 146 
23 97 
23 135 
23 116 
23 234 
23 185 
23 181 
23 16 
23 95 
23 115 
23 188 
23 191 
23 159 
23 169 
23 94 
23 98 
23 218 
23 20 
23 228 
23 1 
23 84 
23 34 
24 174 
24 212 
24 60 
24 89 
24 138 
24 161 
24 102 
24 52 
24 95 
24 154 
24 126 
24 50 
24 135 
24 1 
24 61 
24 84 
25 108 
25 230 
25 213 
25 84 
25 29 
25 79 
25 89 
25 22 
25 14 
25 169 
25 113 
26 94 
26 204 
26 64 
26 50 
26 61 
26 211 
26 152 
26 56 
26 81 
26 65 
26 107 
26 21 
26 102 
26 119 
26 88 
26 123 
26 74 
27 147 
27 32 
27 162 
27 183 
27 208 
27 107 
27 197 
27 225 
27 64 
27 101 
27 91 
27 235 
27 152 
27 30 
27 95 
27 103 
27 238 
27 230 
27 239 
27 218 
27 111 
27 137 
27 177 
27 74 
27 198 
27 62 
28 235 
28 148 
28 152 
28 166 
28 40 
28 62 
28 128 
28 141 
28 76 
28 203 
28 234 
28 86 
28 7 
28 196 
28 172 
28 36 
28 179 
28 139 
28 161 
28 239 
28 117 
28 65 
28 85 
28 121 
28 116 
28 68 
28 229 
29 129 
29 211 
29 152 
29 141 
29 25 
29 89 
29 46 
29 231 
29 34 
29 142 
29 222 
29 197 
29 75 
29 218 
29 199 
29 127 
29 33 
29 209 
29 106 
29 48 
29 128 
29 125 
29 88 
29 156 
29 72 
29 2 
29 9 
29 150 
29 66 
29 64 
29 154 
29 118 
30 138 
30 119 
30 106 
30 183 
30 27 
30 97 
30 145 
30 156 
30 90 
30 12 
30 46 
30 1 
30 171 
30 203 
30 54 
30 44 
31 194 
31 172 
31 232 
31 147 
31 181 
31 153 
31 149 
31 211 
31 150 
31 79 
31 132 
31 75 
31 41 
31 83 
31 117 
31 188 
31 190 
31 43 
31 63 
31 76 
31 218 
31 51 
31 187 
31 159 
31 85 
31 208 
31 221 
31 131 
31 67 
31 102 
31 89 
31 38 
31 146 
31 47 
31 22 
31 185 
32 147 
32 62 
32 131 
32 27 
32 69 
32 221 
32 93 
32 56 
32 19 
32 159 
32 212 
32 183 
32 143 
32 198 
32 148 
32 60 
32 133 
32 115 
32 144 
32 46 
32 177 
32 76 
32 222 
32 120 
32 139 
32 233 
32 53 
32 74 
32 173 
32 5 
33 136 
33 166 
33 141 
33 56 
33 230 
33 46 
33 21 
33 156 
33 167 
33 169 
33 29 
33 189 
33 213 
33 209 
33 67 
33 158 
33 57 
33 104 
33 160 
33 97 
33 143 
33 187 
33 204 
34 234 
34 98 
34 163 
34 92 
34 29 
34 134 
34 143 
34 137 
34 126 
34 82 
34 133 
34 147 
34 93 
34 144 
34 36 
34 68 
34 158 
34 23 
34 55 
34 45 
35 125 
35 198 
35 139 
35 73 
35 2 
35 169 
35 65 
35 21 
35 42 
35 86 
35 126 
35 103 
35 78 
35 7 
35 90 
35 155 
35 96 
35 192 
35 54 
35 231 
35 158 
35 51 
35 239 
35 214 
35 105 
36 114 
36 68 
36 163 
36 105 
36 57 
36 193 
36 223 
36 180 
36 53 
36 102 
36 183 
36 157 
36 112 
36 28 
36 8 
36 202 
36 151 
36 181 
36 132 
36 34 
36 135 
36 188 
36 196 
36 241 
37 106 
37 55 
37 23 
37 138 
37 220 
37 135 
37 166 
37 6 
37 151 
37 227 
37 96 
37 21 
37 112 
37 59 
37 225 
37 62 
37 11 
37 41 
37 152 
37 149 
37 69 
37 162 
37 74 
38 238 
38 80 
38 18 
38 56 
38 162 
38 218 
38 92 
38 179 
38 184 
38 241 
38 125 
38 122 
38 212 
38 66 
38 192 
38 195 
38 185 
38 189 
38 86 
38 12 
38 103 
38 225 
38 222 
38 130 
38 124 
38 118 
38 31 
38 78 
39 109 
39 226 
39 106 
39 112 
39 5 
39 170 
39 76 
39 211 
39 143 
39 160 
39 114 
39 78 
39 229 
39 71 
39 98 
39 198 
39 49 
39 102 
39 200 
39 162 
39 213 
39 119 
39 84 
39 167 
39 147 
39 181 
39 9 
40 189 
40 181 
40 28 
40 53 
40 161 
40 185 
40 47 
40 125 
40 70 
40 106 
40 182 
40 199 
40 188 
40 164 
40 155 
40 169 
40 156 
40 203 
40 60 
41 202 
41 194 
41 71 
41 6 
41 130 
41 31 
41 78 
41 13 
41 7 
41 178 
41 108 
41 96 
41 68 
41 37 
41 137 
41 167 
41 125 
41 171 
41 152 
42 65 
42 222 
42 134 
42 191 
42 162 
42 212 
42 105 
42 10 
42 128 
42 238 
42 20 
42 186 
42 124 
42 59 
42 9 
42 44 
42 35 
42 45 
42 136 
42 190 
42 112 
42 189 
42 82 
42 168 
42 211 
42 127 
42 205 
42 170 
43 50 
43 203 
43 1 
43 127 
43 186 
43 170 
43 181 
43 212 
43 5 
43 200 
43 31 
43 52 
43 122 
43 139 
43 151 
43 97 
43 171 
43 157 
44 201 
44 176 
44 222 
44 174 
44 42 
44 227 
44 212 
44 232 
44 65 
44 56 
44 159 
44 156 
44 64 
44 155 
44 70 
44 202 
44 168 
44 15 
44 137 
44 103 
44 240 
44 5 
44 30 
45 232 
45 0 
45 229 
45 231 
45 136 
45 133 
45 155 
45 202 
45 16 
45 151 
45 118 
45 57 
45 42 
45 182 
45 150 
45 219 
45 144 
45 197 
45 62 
45 137 
45 90 
45 135 
45 160 
45 8 
45 129 
45 34 
46 16 
46 170 
46 217 
46 193 
46 239 
46 119 
46 29 
46 33 
46 165 
46 79 
46 125 
46 93 
46 169 
46 89 
46 115 
46 220 
46 92 
46 32 
46 47 
46 30 
46 139 
46 7 
46 75 
46 116 
47 68 
47 222 
47 138 
47 170 
47 184 
47 54 
47 167 
47 40 
47 207 
47 90 
47 202 
47 205 
47 91 
47 193 
47 228 
47 135 
47 233 
47 232 
47 136 
47 46 
47 201 
47 126 
47 174 
47 162 
47 31 
48 210 
48 199 
48 239 
48 66 
48 191 
48 94 
48 11 
48 175 
48 230 
48 124 
48 236 
48 29 
48 78 
48 181 
48 103 
48 241 
48 19 
48 5 
48 159 
48 205 
48 235 
48 10 
49 157 
49 6 
49 178 
49 228 
49 51 
49 101 
49 8 
49 159 
49 39 
49 82 
49 227 
49 236 
49 113 
49 162 
49 170 
49 114 
49 204 
49 233 
50 43 
50 139 
50 157 
50 62 
50 65 
50 26 
50 130 
50 219 
50 21 
50 196 
50 210 
50 179 
50 63 
50 82 
50 87 
50 195 
50 185 
50 18 
50 7 
50 24 
50 240 
50 10 
50 83 
50 164 
50 147 
50 72 
50 51 
51 171 
51 61 
51 56 
51 169 
51 54 
51 216 
51 167 
51 153 
51 78 
51 174 
51 49 
51 145 
51 198 
51 102 
51 196 
51 31 
51 139 
51 6 
51 17 
51 215 
51 115 
51 201 
51 35 
51 58 
51 50 
51 191 
52 68 
52 188 
52 187 
52 138 
52 4 
52 172 
52 184 
52 111 
52 192 
52 162 
52 1 
52 88 
52 24 
52 43 
52 80 
52 148 
52 205 
52 221 
52 55 
52 214 
52 210 
52 195 
52 229 
52 157 
52 82 
52 0 
52 63 
53 185 
53 193 
53 5 
53 20 
53 115 
53 62 
53 129 
53 134 
53 40 
53 80 
53 183 
53 233 
53 13 
53 141 
53 133 
53 173 
53 36 
53 107 
53 150 
53 109 
53 83 
53 32 
53 235 
54 193 
54 108 
54 51 
54 163 
54 71 
54 210 
54 144 
54 223 
54 76 
54 47 
54 234 
54 183 
54 22 
54 58 
54 80 
54 107 
54 220 
54 35 
54 87 
54 182 
54 1 
54 30 
54 101 
54 146 
54 124 
55 1 
55 37 
55 143 
55 237 
55 109 
55 182 
55 216 
55 101 
55 212 
55 111 
55 128 
55 203 
55 52 
55 105 
55 66 
55 187 
55 142 
55 214 
55 34 
56 95 
56 51 
56 38 
56 33 
56 209 
56 219 
56 32 
56 80 
56 202 
56 26 
56 119 
56 8 
56 189 
56 44 
56 97 
56 123 
56 77 
56 184 
56 63 
56 143 
56 22 
56 144 
56 131 
56 241 
56 140 
56 159 
56 213 
56 186 
56 237 
56 71 
57 71 
57 142 
57 132 
57 66 
57 111 
57 121 
57 163 
57 137 
57 180 
57 79 
57 145 
57 36 
57 45 
57 148 
57 76 
57 138 
57 210 
57 105 
57 215 
57 33 
57 178 
57 117 
57 222 
58 135 
58 222 
58 204 
58 88 
58 183 
58 203 
58 148 
58 69 
58 111 
58 208 
58 241 
58 197 
58 54 
58 142 
58 211 
58 61 
58 97 
58 121 
58 212 
58 51 
59 102 
59 143 
59 108 
59 206 
59 139 
59 174 
59 81 
59 167 
59 21 
59 42 
59 239 
59 184 
59 186 
59 110 
59 140 
59 37 
59 149 
59 220 
59 112 
59 20 
59 78 
59 197 
59 14 
59 159 
59 13 
59 65 
59 22 
59 222 
60 119 
60 141 
60 24 
60 233 
60 219 
60 196 
60 158 
60 65 
60 156 
60 229 
60 32 
60 3 
60 118 
60 154 
60 201 
60 22 
60 121 
60 174 
60 212 
60 176 
60 40 
61 51 
61 26 
61 217 
61 153 
61 205 
61 93 
61 77 
61 156 
61 218 
61 230 
61 206 
61 11 
61 58 
61 95 
61 80 
61 220 
61 63 
61 113 
61 118 
61 169 
61 24 
61 88 
62 32 
62 50 
62 241 
62 201 
62 53 
62 138 
62 87 
62 239 
62 119 
62 13 
62 28 
62 83 
62 75 
62 175 
62 109 
62 8 
62 233 
62 140 
62 184 
62 230 
62 45 
62 91 
62 37 
62 226 
62 124 
62 96 
62 3 
62 27 
63 143 
63 118 
63 93 
63 100 
63 216 
63 124 
63 123 
63 220 
63 106 
63 186 
63 140 
63 97 
63 221 
63 113 
63 50 
63 6 
63 31 
63 107 
63 56 
63 61 
63 79 
63 128 
63 52 
64 26 
64 68 
64 206 
64 105 
64 103 
64 211 
64 140 
64 27 
64 216 
64 130 
64 81 
64 15 
64 147 
64 205 
64 149 
64 20 
64 44 
64 178 
64 195 
64 202 
64 168 
64 1 
64 29 
64 100 
64 143 
64 8 
64 11 
65 42 
65 50 
65 88 
65 204 
65 19 
65 226 
65 35 
65 156 
65 130 
65 213 
65 144 
65 60 
65 44 
65 70 
65 26 
65 89 
65 160 
65 28 
65 97 
65 118 
65 176 
65 59 
65 172 
66 228 
66 20 
66 57 
66 152 
66 139 
66 151 
66 48 
66 106 
66 219 
66 14 
66 173 
66 240 
66 38 
66 135 
66 241 
66 221 
66 11 
66 122 
66 88 
66 29 
66 55 
66 86 
66 235 
66 147 
66 72 
66 155 
66 187 
67 151 
67 113 
67 112 
67 72 
67 221 
67 167 
67 108 
67 23 
67 147 
67 237 
67 80 
67 170 
67 236 
67 5 
67 233 
67 33 
67 31 
67 144 
67 83 
68 52 
68 233 
68 47 
68 36 
68 64 
68 71 
68 196 
68 180 
68 218 
68 124 
68 144 
68 107 
68 110 
68 109 
68 206 
68 13 
68 34 
68 41 
68 120 
68 171 
68 239 
68 28 
69 88 
69 218 
69 32 
69 172 
69 73 
69 113 
69 188 
69 139 
69 162 
69 186 
69 71 
69 58 
69 194 
69 124 
69 187 
69 106 
69 224 
69 100 
69 182 
69 208 
69 15 
69 155 
69 191 
69 217 
69 192 
69 206 
69 37 
69 140 
70 135 
70 84 
70 166 
70 170 
70 152 
70 171 
70 193 
70 109 
70 40 
70 73 
70 150 
70 183 
70 102 
70 225 
70 126 
70 65 
70 207 
70 89 
70 156 
70 44 
70 88 
70 106 
71 209 
71 57 
71 116 
71 41 
71 68 
71 214 
71 154 
71 8 
71 54 
71 182 
71 69 
71 134 
71 187 
71 88 
71 117 
71 121 
71 39 
71 163 
71 76 
71 106 
71 177 
71 105 
71 160 
71 219 
71 145 
71 149 
71 110 
71 151 
71 93 
71 21 
71 5 
71 114 
71 101 
71 56 
71 189 
71 14 
72 67 
72 85 
72 90 
72 228 
72 89 
72 142 
72 100 
72 207 
72 134 
72 115 
72 92 
72 29 
72 162 
72 84 
72 226 
72 213 
72 227 
72 19 
72 66 
72 50 
72 119 
73 116 
73 179 
73 35 
73 69 
73 97 
73 118 
73 95 
73 147 
73 70 
73 90 
73 151 
73 158 
73 163 
73 125 
73 148 
73 20 
73 115 
73 83 
73 206 
73 107 
73 19 
73 102 
73 172 
73 79 
73 113 
74 189 
74 18 
74 184 
74 5 
74 17 
74 128 
74 124 
74 110 
74 108 
74 168 
74 144 
74 138 
74 157 
74 210 
74 234 
74 79 
74 32 
74 181 
74 170 
74 37 
74 27 
74 26 
75 142 
75 228 
75 152 
75 92 
75 144 
75 239 
75 31 
75 29 
75 62 
75 194 
75 159 
75 232 
75 195 
75 93 
75 6 
75 183 
75 46 
75 165 
75 235 
75 230 
76 210 
76 13 
76 39 
76 133 
76 167 
76 54 
76 28 
76 209 
76 151 
76 71 
76 198 
76 57 
76 31 
76 171 
76 223 
76 80 
76 175 
76 235 
76 32 
76 98 
76 228 
76 142 
76 105 
76 216 
77 170 
77 237 
77 157 
77 0 
77 61 
77 198 
77 147 
77 79 
77 173 
77 153 
77 56 
77 123 
77 81 
77 191 
77 124 
77 141 
77 118 
77 185 
77 158 
77 88 
78 145 
78 153 
78 17 
78 204 
78 51 
78 95 
78 168 
78 110 
78 39 
78 225 
78 140 
78 207 
78 35 
78 139 
78 41 
78 6 
78 118 
78 96 
78 146 
78 48 
78 192 
78 161 
78 226 
78 59 
78 7 
78 171 
78 200 
78 211 
78 38 
78 179 
79 95 
79 3 
79 92 
79 184 
79 31 
79 25 
79 57 
79 196 
79 216 
79 46 
79 167 
79 77 
79 172 
79 214 
79 189 
79 93 
79 211 
79 4 
79 82 
79 146 
79 101 
79 91 
79 14 
79 74 
79 73 
79 220 
79 113 
79 63 
79 207 
79 200 
80 38 
80 198 
80 120 
80 97 
80 146 
80 19 
80 56 
80 53 
80 199 
80 178 
80 96 
80 67 
80 85 
80 54 
80 125 
80 52 
80 215 
80 76 
80 61 
80 241 
80 223 
80 236 
80 132 
80 21 
80 230 
80 9 
80 177 
80 112 
81 119 
81 95 
81 59 
81 174 
81 128 
81 9 
81 129 
81 123 
81 132 
81 226 
81 64 
81 204 
81 26 
81 88 
81 180 
81 171 
81 125 
81 199 
81 77 
81 232 
81 155 
82 7 
82 240 
82 192 
82 126 
82 214 
82 50 
82 198 
82 215 
82 193 
82 34 
82 79 
82 165 
82 49 
82 228 
82 90 
82 42 
82 16 
82 234 
82 225 
82 122 
82 52 
82 121 
82 200 
82 116 
82 14 
83 21 
83 151 
83 177 
83 142 
83 222 
83 14 
83 168 
83 136 
83 62 
83 128 
83 206 
83 209 
83 31 
83 215 
83 87 
83 205 
83 73 
83 4 
83 148 
83 50 
83 53 
83 198 
83 89 
83 105 
83 156 
83 132 
83 67 
83 84 
84 70 
84 212 
84 25 
84 240 
84 187 
84 207 
84 89 
84 9 
84 129 
84 10 
84 1 
84 117 
84 72 
84 39 
84 24 
84 179 
84 204 
84 23 
84 162 
84 225 
84 83 
85 196 
85 143 
85 72 
85 98 
85 80 
85 234 
85 226 
85 177 
85 208 
85 88 
85 31 
85 94 
85 241 
85 180 
85 217 
85 28 
86 173 
86 240 
86 123 
86 14 
86 13 
86 177 
86 106 
86 159 
86 136 
86 220 
86 35 
86 120 
86 160 
86 28 
86 148 
86 155 
86 38 
86 87 
86 66 
86 154 
86 139 
87 179 
87 185 
87 197 
87 230 
87 62 
87 94 
87 200 
87 123 
87 132 
87 220 
87 221 
87 171 
87 83 
87 50 
87 153 
87 240 
87 90 
87 105 
87 183 
87 54 
87 86 
87 239 
88 69 
88 4 
88 118 
88 58 
88 140 
88 65 
88 160 
88 154 
88 95 
88 176 
88 71 
88 171 
88 206 
88 157 
88 52 
88 81 
88 235 
88 85 
88 29 
88 138 
88 70 
88 105 
88 66 
88 26 
88 220 
88 61 
88 198 
88 77 
88 11 
89 237 
89 228 
89 157 
89 146 
89 29 
89 24 
89 239 
89 72 
89 141 
89 168 
89 84 
89 25 
89 209 
89 222 
89 154 
89 70 
89 65 
89 46 
89 126 
89 139 
89 152 
89 112 
89 83 
89 31 
90 113 
90 16 
90 72 
90 152 
90 233 
90 73 
90 47 
90 170 
90 154 
90 181 
90 35 
90 9 
90 211 
90 87 
90 30 
90 179 
90 82 
90 134 
90 237 
90 45 
90 223 
90 238 
91 233 
91 160 
91 194 
91 8 
91 102 
91 204 
91 154 
91 119 
91 159 
91 27 
91 133 
91 180 
91 155 
91 47 
91 195 
91 62 
91 79 
91 181 
91 106 
91 192 
91 143 
91 225 
91 98 
91 178 
91 162 
92 104 
92 157 
92 220 
92 79 
92 75 
92 38 
92 165 
92 34 
92 140 
92 96 
92 179 
92 171 
92 111 
92 124 
92 145 
92 46 
92 72 
92 115 
92 146 
92 119 
92 102 
92 122 
92 126 
92 150 
92 183 
92 159 
93 207 
93 63 
93 32 
93 157 
93 4 
93 182 
93 61 
93 219 
93 98 
93 221 
93 46 
93 79 
93 75 
93 34 
93 203 
93 165 
93 71 
93 123 
93 212 
93 15 
93 118 
93 227 
93 110 
94 26 
94 228 
94 217 
94 87 
94 212 
94 98 
94 219 
94 48 
94 197 
94 23 
94 179 
94 85 
94 205 
94 231 
94 202 
94 107 
94 147 
94 173 
95 56 
95 152 
95 163 
95 79 
95 81 
95 97 
95 112 
95 73 
95 78 
95 193 
95 161 
95 88 
95 27 
95 23 
95 177 
95 222 
95 24 
95 61 
95 7 
95 150 
95 213 
95 171 
95 156 
96 181 
96 11 
96 224 
96 218 
96 191 
96 238 
96 80 
96 204 
96 190 
96 198 
96 147 
96 146 
96 122 
96 92 
96 37 
96 78 
96 151 
96 173 
96 106 
96 35 
96 41 
96 178 
96 107 
96 62 
96 112 
96 213 
96 188 
97 16 
97 122 
97 187 
97 80 
97 73 
97 195 
97 95 
97 144 
97 237 
97 23 
97 175 
97 63 
97 136 
97 103 
97 30 
97 227 
97 184 
97 58 
97 56 
97 164 
97 43 
97 65 
97 190 
97 33 
97 99 
97 127 
97 137 
97 215 
98 153 
98 215 
98 34 
98 183 
98 94 
98 228 
98 93 
98 85 
98 222 
98 39 
98 23 
98 126 
98 107 
98 140 
98 76 
98 91 
99 232 
99 111 
99 229 
99 4 
99 218 
99 106 
99 19 
99 109 
99 104 
99 194 
99 148 
99 125 
99 205 
99 193 
99 174 
99 134 
99 97 
99 239 
99 190 
100 199 
100 174 
100 220 
100 207 
100 110 
100 63 
100 115 
100 145 
100 9 
100 138 
100 72 
100 127 
100 231 
100 69 
100 210 
100 102 
100 64 
100 114 
100 144 
101 161 
101 9 
101 226 
101 3 
101 27 
101 143 
101 55 
101 49 
101 179 
101 194 
101 237 
101 79 
101 205 
101 71 
101 8 
101 54 
101 198 
102 59 
102 18 
102 186 
102 123 
102 91 
102 214 
102 198 
102 238 
102 215 
102 161 
102 191 
102 236 
102 195 
102 24 
102 51 
102 147 
102 136 
102 36 
102 5 
102 70 
102 203 
102 39 
102 113 
102 201 
102 220 
102 105 
102 26 
102 73 
102 92 
102 145 
102 31 
102 100 
102 173 
103 171 
103 136 
103 176 
103 128 
103 123 
103 64 
103 190 
103 19 
103 97 
103 120 
103 35 
103 27 
103 13 
103 194 
103 241 
103 17 
103 20 
103 38 
103 48 
103 130 
103 44 
103 234 
103 240 
104 92 
104 8 
104 120 
104 10 
104 19 
104 22 
104 228 
104 158 
104 99 
104 114 
104 191 
104 184 
104 33 
104 6 
104 168 
104 155 
104 118 
105 129 
105 117 
105 42 
105 222 
105 64 
105 36 
105 201 
105 0 
105 131 
105 204 
105 156 
105 57 
105 71 
105 87 
105 102 
105 19 
105 55 
105 88 
105 83 
105 194 
105 22 
105 16 
105 76 
105 35 
106 37 
106 193 
106 39 
106 117 
106 63 
106 238 
106 186 
106 66 
106 86 
106 168 
106 99 
106 115 
106 30 
106 236 
106 154 
106 111 
106 40 
106 69 
106 208 
106 71 
106 0 
106 29 
106 96 
106 112 
106 181 
106 195 
106 1 
106 9 
106 114 
106 91 
106 120 
106 70 
106 3 
106 137 
106 123 
106 149 
107 149 
107 181 
107 4 
107 15 
107 0 
107 203 
107 27 
107 161 
107 146 
107 206 
107 185 
107 68 
107 63 
107 54 
107 22 
107 8 
107 26 
107 53 
107 138 
107 98 
107 184 
107 73 
107 202 
107 96 
107 94 
107 119 
107 144 
107 188 
108 187 
108 54 
108 25 
108 59 
108 67 
108 161 
108 138 
108 214 
108 74 
108 136 
108 241 
108 119 
108 17 
108 233 
108 124 
108 117 
108 41 
108 203 
108 149 
108 225 
108 158 
109 137 
109 207 
109 8 
109 39 
109 149 
109 132 
109 22 
109 148 
109 226 
109 181 
109 55 
109 223 
109 7 
109 3 
109 70 
109 99 
109 180 
109 62 
109 201 
109 119 
109 68 
109 182 
109 53 
109 239 
109 205 
110 169 
110 100 
110 182 
110 74 
110 136 
110 236 
110 129 
110 78 
110 216 
110 59 
110 68 
110 8 
110 151 
110 219 
110 71 
110 180 
110 93 
111 0 
111 153 
111 180 
111 168 
111 57 
111 99 
111 179 
111 124 
111 52 
111 58 
111 112 
111 106 
111 189 
111 221 
111 197 
111 138 
111 135 
111 205 
111 55 
111 185 
111 126 
111 14 
111 92 
111 154 
111 114 
111 27 
111 240 
112 23 
112 67 
112 220 
112 39 
112 174 
112 16 
112 1 
112 135 
112 95 
112 136 
112 111 
112 142 
112 36 
112 193 
112 238 
112 106 
112 37 
112 42 
112 169 
112 59 
112 195 
112 89 
112 117 
112 239 
112 96 
112 80 
112 216 
112 227 
113 90 
113 241 
113 67 
113 198 
113 134 
113 202 
113 233 
113 143 
113 200 
113 118 
113 69 
113 124 
113 204 
113 155 
113 154 
113 63 
113 226 
113 227 
113 238 
113 208 
113 102 
113 131 
113 228 
113 144 
113 186 
113 121 
113 61 
113 211 
113 199 
113 49 
113 119 
113 166 
113 79 
113 25 
113 185 
113 73 
114 36 
114 185 
114 177 
114 156 
114 21 
114 39 
114 163 
114 117 
114 192 
114 144 
114 205 
114 233 
114 104 
114 106 
114 8 
114 111 
114 71 
114 195 
114 49 
114 100 
115 239 
115 189 
115 8 
115 185 
115 53 
115 100 
115 234 
115 206 
115 190 
115 196 
115 120 
115 119 
115 106 
115 23 
115 73 
115 20 
115 72 
115 32 
115 171 
115 208 
115 46 
115 178 
115 229 
115 10 
115 92 
115 129 
115 151 
115 51 
115 15 
116 71 
116 73 
116 201 
116 167 
116 188 
116 23 
116 183 
116 173 
116 233 
116 184 
116 155 
116 180 
116 12 
116 195 
116 121 
116 123 
116 82 
116 28 
116 46 
116 218 
116 13 
117 128 
117 205 
117 105 
117 145 
117 106 
117 131 
117 71 
117 114 
117 31 
117 189 
117 143 
117 235 
117 223 
117 84 
117 108 
117 28 
117 112 
117 180 
117 57 
117 171 
117 9 
117 186 
118 3 
118 14 
118 88 
118 148 
118 63 
118 154 
118 210 
118 113 
118 186 
118 22 
118 23 
118 73 
118 241 
118 207 
118 119 
118 45 
118 213 
118 78 
118 60 
118 183 
118 130 
118 179 
118 61 
118 65 
118 93 
118 77 
118 38 
118 104 
118 29 
119 81 
119 3 
119 178 
119 140 
119 60 
119 180 
119 46 
119 30 
119 62 
119 210 
119 115 
119 91 
119 118 
119 19 
119 108 
119 227 
119 56 
119 14 
119 223 
119 109 
119 186 
119 233 
119 26 
119 139 
119 39 
119 92 
119 113 
119 190 
119 20 
119 107 
119 11 
119 172 
119 72 
120 121 
120 146 
120 136 
120 104 
120 187 
120 163 
120 231 
120 176 
120 80 
120 142 
120 165 
120 230 
120 115 
120 189 
120 103 
120 158 
120 86 
120 226 
120 16 
120 228 
120 17 
120 4 
120 19 
120 169 
120 174 
120 106 
120 68 
120 20 
120 183 
120 194 
120 190 
120 32 
120 170 
121 9 
121 120 
121 130 
121 194 
121 179 
121 3 
121 159 
121 57 
121 222 
121 240 
121 131 
121 71 
121 124 
121 5 
121 58 
121 192 
121 113 
121 134 
121 116 
121 82 
121 28 
121 139 
121 60 
122 152 
122 97 
122 154 
122 19 
122 22 
122 38 
122 20 
122 184 
122 0 
122 175 
122 210 
122 96 
122 43 
122 199 
122 66 
122 82 
122 163 
122 92 
122 182 
122 217 
122 195 
122 161 
122 160 
123 15 
123 102 
123 187 
123 103 
123 86 
123 18 
123 63 
123 161 
123 237 
123 87 
123 81 
123 220 
123 7 
123 227 
123 216 
123 189 
123 56 
123 77 
123 149 
123 21 
123 5 
123 93 
123 116 
123 106 
123 26 
123 182 
124 168 
124 214 
124 63 
124 150 
124 74 
124 164 
124 113 
124 42 
124 111 
124 69 
124 121 
124 210 
124 68 
124 48 
124 108 
124 197 
124 135 
124 6 
124 142 
124 92 
124 62 
124 231 
124 178 
124 170 
124 77 
124 38 
124 140 
124 54 
125 151 
125 14 
125 138 
125 35 
125 169 
125 17 
125 161 
125 38 
125 188 
125 225 
125 40 
125 11 
125 46 
125 80 
125 73 
125 206 
125 194 
125 99 
125 241 
125 233 
125 29 
125 81 
125 41 
125 178 
126 231 
126 141 
126 82 
126 238 
126 10 
126 15 
126 35 
126 70 
126 34 
126 202 
126 111 
126 98 
126 24 
126 89 
126 229 
126 5 
126 224 
126 92 
126 47 
127 184 
127 190 
127 43 
127 161 
127 224 
127 150 
127 186 
127 145 
127 100 
127 29 
127 199 
127 238 
127 42 
127 160 
127 182 
127 97 
127 228 
128 154 
128 167 
128 117 
128 168 
128 103 
128 74 
128 42 
128 28 
128 222 
128 81 
128 83 
128 190 
128 55 
128 152 
128 29 
128 239 
128 229 
128 157 
128 207 
128 63 
128 134 
129 172 
129 105 
129 29 
129 53 
129 20 
129 223 
129 186 
129 81 
129 110 
129 10 
129 84 
129 155 
129 200 
129 205 
129 115 
129 132 
129 238 
129 178 
129 185 
129 45 
130 176 
130 121 
130 239 
130 50 
130 163 
130 132 
130 165 
130 41 
130 187 
130 232 
130 200 
130 65 
130 64 
130 171 
130 118 
130 221 
130 38 
130 103 
130 3 
130 145 
130 177 
131 150 
131 209 
131 32 
131 1 
131 193 
131 158 
131 117 
131 227 
131 121 
131 230 
131 169 
131 105 
131 140 
131 232 
131 113 
131 56 
131 31 
131 7 
131 224 
132 193 
132 133 
132 57 
132 109 
132 21 
132 5 
132 15 
132 130 
132 31 
132 229 
132 81 
132 87 
132 187 
132 36 
132 183 
132 223 
132 129 
132 80 
132 83 
132 139 
132 145 
132 189 
132 220 
133 132 
133 0 
133 229 
133 76 
133 149 
133 19 
133 45 
133 142 
133 53 
133 230 
133 147 
133 91 
133 32 
133 171 
133 136 
133 189 
133 141 
133 34 
133 17 
133 11 
133 227 
134 202 
134 42 
134 235 
134 113 
134 166 
134 183 
134 53 
134 71 
134 34 
134 210 
134 187 
134 72 
134 139 
134 214 
134 121 
134 90 
134 16 
134 99 
134 9 
134 162 
134 7 
134 128 
135 58 
135 196 
135 70 
135 2 
135 112 
135 37 
135 23 
135 164 
135 17 
135 66 
135 111 
135 158 
135 124 
135 197 
135 185 
135 47 
135 13 
135 36 
135 146 
135 24 
135 148 
135 45 
135 166 
135 205 
135 9 
136 33 
136 120 
136 142 
136 103 
136 201 
136 235 
136 216 
136 181 
136 45 
136 110 
136 83 
136 112 
136 97 
136 86 
136 229 
136 108 
136 102 
136 42 
136 133 
136 170 
136 227 
136 47 
136 233 
136 194 
136 191 
137 109 
137 232 
137 219 
137 8 
137 57 
137 230 
137 196 
137 34 
137 197 
137 173 
137 139 
137 22 
137 169 
137 45 
137 41 
137 44 
137 18 
137 12 
137 27 
137 199 
137 106 
137 19 
137 97 
138 125 
138 47 
138 52 
138 62 
138 30 
138 198 
138 108 
138 37 
138 24 
138 151 
138 216 
138 100 
138 224 
138 234 
138 111 
138 74 
138 1 
138 202 
138 57 
138 13 
138 238 
138 107 
138 88 
138 188 
138 181 
138 200 
138 171 
138 240 
139 50 
139 176 
139 206 
139 35 
139 59 
139 66 
139 69 
139 192 
139 213 
139 78 
139 239 
139 188 
139 3 
139 21 
139 43 
139 134 
139 51 
139 137 
139 218 
139 28 
139 119 
139 144 
139 89 
139 20 
139 132 
139 46 
139 1 
139 121 
139 32 
139 184 
139 86 
140 186 
140 201 
140 157 
140 3 
140 119 
140 185 
140 88 
140 170 
140 142 
140 229 
140 227 
140 64 
140 63 
140 183 
140 92 
140 78 
140 59 
140 131 
140 62 
140 195 
140 154 
140 218 
140 208 
140 98 
140 241 
140 56 
140 124 
140 69 
141 33 
141 126 
141 1 
141 11 
141 186 
141 29 
141 16 
141 60 
141 184 
141 12 
141 17 
141 28 
141 89 
141 229 
141 221 
141 53 
141 175 
141 154 
141 133 
141 2 
141 190 
141 162 
141 158 
141 8 
141 148 
141 20 
141 77 
141 189 
141 240 
142 75 
142 136 
142 57 
142 155 
142 83 
142 120 
142 140 
142 234 
142 237 
142 217 
142 133 
142 72 
142 29 
142 151 
142 163 
142 12 
142 227 
142 112 
142 58 
142 154 
142 149 
142 6 
142 200 
142 124 
142 226 
142 193 
142 219 
142 229 
142 55 
142 76 
143 63 
143 59 
143 85 
143 55 
143 113 
143 22 
143 185 
143 190 
143 39 
143 198 
143 231 
143 101 
143 34 
143 201 
143 32 
143 117 
143 159 
143 149 
143 218 
143 144 
143 5 
143 56 
143 17 
143 91 
143 205 
143 174 
143 64 
143 33 
144 201 
144 54 
144 157 
144 75 
144 97 
144 16 
144 184 
144 74 
144 199 
144 12 
144 114 
144 203 
144 65 
144 8 
144 68 
144 32 
144 45 
144 143 
144 34 
144 113 
144 139 
144 164 
144 56 
144 67 
144 171 
144 205 
144 107 
144 100 
145 78 
145 7 
145 117 
145 241 
145 100 
145 216 
145 51 
145 57 
145 30 
145 127 
145 92 
145 173 
145 191 
145 71 
145 207 
145 102 
145 175 
145 180 
145 130 
145 132 
146 120 
146 171 
146 236 
146 238 
146 89 
146 80 
146 107 
146 23 
146 220 
146 160 
146 163 
146 7 
146 150 
146 96 
146 78 
146 79 
146 196 
146 154 
146 223 
146 92 
146 216 
146 135 
146 3 
146 155 
146 206 
146 54 
146 31 
147 32 
147 199 
147 213 
147 229 
147 27 
147 31 
147 16 
147 203 
147 67 
147 175 
147 233 
147 73 
147 77 
147 96 
147 102 
147 173 
147 133 
147 64 
147 238 
147 34 
147 162 
147 185 
147 39 
147 50 
147 66 
147 94 
147 190 
148 118 
148 28 
148 177 
148 109 
148 190 
148 231 
148 1 
148 158 
148 218 
148 58 
148 229 
148 57 
148 86 
148 32 
148 199 
148 73 
148 52 
148 83 
148 99 
148 152 
148 197 
148 235 
148 141 
148 18 
148 135 
148 196 
149 107 
149 217 
149 191 
149 109 
149 229 
149 31 
149 133 
149 160 
149 240 
149 193 
149 142 
149 143 
149 64 
149 123 
149 59 
149 71 
149 37 
149 164 
149 108 
149 106 
149 235 
149 214 
150 131 
150 208 
150 226 
150 12 
150 124 
150 31 
150 127 
150 157 
150 70 
150 146 
150 45 
150 175 
150 53 
150 223 
150 95 
150 14 
150 159 
150 29 
150 152 
150 92 
150 180 
151 67 
151 125 
151 186 
151 83 
151 191 
151 160 
151 228 
151 66 
151 138 
151 45 
151 187 
151 142 
151 229 
151 76 
151 37 
151 73 
151 183 
151 225 
151 96 
151 110 
151 173 
151 198 
151 36 
151 178 
151 43 
151 71 
151 19 
151 115 
151 165 
152 193 
152 122 
152 209 
152 95 
152 177 
152 29 
152 28 
152 70 
152 75 
152 213 
152 66 
152 198 
152 90 
152 26 
152 154 
152 27 
152 128 
152 9 
152 148 
152 89 
152 205 
152 150 
152 37 
152 4 
152 41 
153 20 
153 231 
153 111 
153 78 
153 98 
153 233 
153 31 
153 61 
153 51 
153 235 
153 87 
153 207 
153 77 
153 240 
153 8 
153 187 
154 128 
154 224 
154 161 
154 164 
154 230 
154 202 
154 71 
154 118 
154 122 
154 177 
154 231 
154 91 
154 88 
154 162 
154 166 
154 152 
154 113 
154 106 
154 193 
154 176 
154 90 
154 18 
154 142 
154 89 
154 24 
154 140 
154 141 
154 146 
154 60 
154 111 
154 86 
154 29 
155 142 
155 45 
155 21 
155 113 
155 222 
155 238 
155 129 
155 233 
155 225 
155 116 
155 91 
155 13 
155 187 
155 235 
155 35 
155 86 
155 40 
155 44 
155 69 
155 81 
155 200 
155 146 
155 104 
155 66 
156 177 
156 5 
156 164 
156 235 
156 202 
156 211 
156 114 
156 61 
156 191 
156 33 
156 65 
156 60 
156 105 
156 44 
156 30 
156 70 
156 3 
156 29 
156 40 
156 83 
156 95 
157 50 
157 140 
157 92 
157 93 
157 185 
157 49 
157 89 
157 77 
157 144 
157 150 
157 192 
157 212 
157 88 
157 74 
157 213 
157 36 
157 188 
157 217 
157 205 
157 52 
157 191 
157 241 
157 221 
157 128 
157 182 
157 166 
157 232 
157 43 
158 7 
158 131 
158 9 
158 148 
158 120 
158 166 
158 104 
158 60 
158 135 
158 73 
158 196 
158 33 
158 141 
158 8 
158 35 
158 34 
158 77 
158 201 
158 215 
158 108 
159 195 
159 180 
159 13 
159 121 
159 194 
159 86 
159 32 
159 91 
159 19 
159 49 
159 189 
159 75 
159 23 
159 15 
159 166 
159 143 
159 44 
159 211 
159 31 
159 150 
159 238 
159 182 
159 48 
159 59 
159 56 
159 92 
160 180 
160 165 
160 230 
160 91 
160 151 
160 149 
160 203 
160 204 
160 39 
160 88 
160 198 
160 7 
160 146 
160 86 
160 178 
160 181 
160 221 
160 71 
160 65 
160 201 
160 33 
160 127 
160 236 
160 211 
160 45 
160 122 
160 218 
161 154 
161 101 
161 108 
161 107 
161 123 
161 102 
161 40 
161 127 
161 125 
161 95 
161 24 
161 206 
161 173 
161 12 
161 28 
161 78 
161 215 
161 174 
161 122 
161 170 
162 42 
162 27 
162 213 
162 38 
162 69 
162 195 
162 154 
162 194 
162 181 
162 52 
162 174 
162 39 
162 141 
162 147 
162 72 
162 49 
162 202 
162 134 
162 203 
162 91 
162 84 
162 165 
162 47 
162 37 
163 95 
163 173 
163 0 
163 196 
163 13 
163 54 
163 120 
163 234 
163 130 
163 36 
163 223 
163 57 
163 34 
163 114 
163 142 
163 146 
163 71 
163 73 
163 187 
163 122 
163 14 
164 154 
164 156 
164 190 
164 226 
164 124 
164 240 
164 203 
164 135 
164 12 
164 171 
164 40 
164 222 
164 97 
164 144 
164 9 
164 50 
164 20 
164 149 
165 160 
165 18 
165 12 
165 197 
165 170 
165 199 
165 130 
165 212 
165 120 
165 92 
165 46 
165 168 
165 216 
165 0 
165 82 
165 233 
165 7 
165 93 
165 219 
165 8 
165 5 
165 151 
165 187 
165 240 
165 162 
165 75 
165 213 
166 33 
166 215 
166 4 
166 70 
166 134 
166 28 
166 6 
166 208 
166 178 
166 173 
166 37 
166 154 
166 0 
166 158 
166 170 
166 238 
166 3 
166 159 
166 227 
166 232 
166 113 
166 135 
166 157 
167 128 
167 67 
167 51 
167 214 
167 228 
167 76 
167 116 
167 59 
167 47 
167 33 
167 79 
167 221 
167 22 
167 187 
167 223 
167 168 
167 39 
167 41 
167 238 
168 239 
168 18 
168 124 
168 10 
168 111 
168 186 
168 17 
168 128 
168 83 
168 74 
168 106 
168 165 
168 89 
168 78 
168 12 
168 199 
168 14 
168 64 
168 42 
168 167 
168 44 
168 104 
168 15 
169 211 
169 51 
169 110 
169 125 
169 35 
169 0 
169 227 
169 131 
169 237 
169 33 
169 23 
169 46 
169 10 
169 112 
169 120 
169 40 
169 25 
169 137 
169 61 
170 46 
170 77 
170 70 
170 47 
170 165 
170 39 
170 140 
170 0 
170 43 
170 67 
170 166 
170 90 
170 201 
170 241 
170 185 
170 183 
170 136 
170 230 
170 16 
170 49 
170 222 
170 124 
170 216 
170 120 
170 161 
170 42 
170 229 
170 74 
171 175 
171 219 
171 51 
171 103 
171 146 
171 213 
171 197 
171 174 
171 199 
171 70 
171 238 
171 88 
171 225 
171 237 
171 87 
171 164 
171 76 
171 14 
171 133 
171 92 
171 115 
171 81 
171 130 
171 95 
171 30 
171 43 
171 144 
171 117 
171 224 
171 41 
171 68 
171 78 
171 138 
171 206 
172 129 
172 31 
172 69 
172 182 
172 8 
172 52 
172 227 
172 4 
172 79 
172 28 
172 207 
172 16 
172 190 
172 73 
172 176 
172 65 
172 119 
173 86 
173 163 
173 175 
173 213 
173 66 
173 166 
173 194 
173 215 
173 232 
173 147 
173 53 
173 116 
173 201 
173 77 
173 161 
173 96 
173 151 
173 137 
173 221 
173 184 
173 145 
173 224 
173 13 
173 216 
173 235 
173 102 
173 32 
173 94 
174 100 
174 24 
174 112 
174 171 
174 229 
174 59 
174 81 
174 8 
174 51 
174 178 
174 44 
174 199 
174 162 
174 176 
174 14 
174 186 
174 183 
174 120 
174 184 
174 99 
174 234 
174 226 
174 237 
174 143 
174 161 
174 47 
174 60 
174 0 
175 171 
175 17 
175 147 
175 173 
175 97 
175 48 
175 62 
175 122 
175 141 
175 150 
175 215 
175 76 
175 200 
175 145 
175 2 
175 186 
175 237 
175 192 
176 130 
176 103 
176 139 
176 219 
176 120 
176 44 
176 197 
176 184 
176 88 
176 232 
176 174 
176 154 
176 226 
176 214 
176 241 
176 236 
176 172 
176 190 
176 65 
176 60 
177 156 
177 152 
177 83 
177 148 
177 114 
177 154 
177 86 
177 236 
177 224 
177 227 
177 95 
177 71 
177 85 
177 32 
177 13 
177 219 
177 4 
177 80 
177 190 
177 27 
177 130 
178 239 
178 119 
178 18 
178 166 
178 49 
178 174 
178 213 
178 80 
178 199 
178 160 
178 201 
178 41 
178 64 
178 115 
178 195 
178 151 
178 96 
178 179 
178 129 
178 124 
178 57 
178 91 
178 125 
178 225 
179 87 
179 121 
179 22 
179 73 
179 8 
179 38 
179 111 
179 50 
179 101 
179 92 
179 28 
179 94 
179 90 
179 220 
179 118 
179 178 
179 7 
179 207 
179 84 
179 78 
180 160 
180 159 
180 111 
180 201 
180 119 
180 68 
180 57 
180 205 
180 188 
180 109 
180 240 
180 214 
180 36 
180 91 
180 17 
180 116 
180 81 
180 234 
180 85 
180 110 
180 232 
180 206 
180 117 
180 145 
180 150 
181 107 
181 40 
181 96 
181 136 
181 31 
181 109 
181 18 
181 43 
181 192 
181 198 
181 23 
181 162 
181 196 
181 160 
181 90 
181 237 
181 210 
181 106 
181 188 
181 12 
181 36 
181 16 
181 235 
181 91 
181 48 
181 138 
181 39 
181 17 
181 74 
181 222 
182 172 
182 110 
182 71 
182 184 
182 93 
182 205 
182 55 
182 9 
182 40 
182 45 
182 69 
182 15 
182 109 
182 159 
182 54 
182 213 
182 122 
182 157 
182 127 
182 123 
183 203 
183 27 
183 134 
183 218 
183 58 
183 98 
183 21 
183 140 
183 53 
183 32 
183 189 
183 30 
183 54 
183 116 
183 70 
183 151 
183 8 
183 36 
183 118 
183 170 
183 87 
183 174 
183 2 
183 132 
183 75 
183 120 
183 202 
183 210 
183 190 
183 92 
184 127 
184 203 
184 74 
184 79 
184 182 
184 141 
184 38 
184 52 
184 23 
184 47 
184 144 
184 176 
184 59 
184 122 
184 235 
184 116 
184 97 
184 62 
184 56 
184 173 
184 107 
184 174 
184 104 
184 213 
184 10 
184 139 
184 200 
185 53 
185 222 
185 5 
185 87 
185 115 
185 114 
185 140 
185 157 
185 143 
185 40 
185 10 
185 23 
185 107 
185 4 
185 38 
185 111 
185 50 
185 206 
185 170 
185 135 
185 147 
185 22 
185 77 
185 129 
185 113 
185 31 
186 151 
186 140 
186 102 
186 168 
186 141 
186 118 
186 43 
186 63 
186 106 
186 69 
186 129 
186 42 
186 59 
186 206 
186 127 
186 119 
186 174 
186 113 
186 188 
186 56 
186 175 
186 117 
187 108 
187 120 
187 52 
187 230 
187 123 
187 97 
187 84 
187 71 
187 130 
187 151 
187 134 
187 69 
187 21 
187 22 
187 155 
187 31 
187 167 
187 132 
187 214 
187 0 
187 163 
187 55 
187 165 
187 239 
187 153 
187 33 
187 66 
188 207 
188 52 
188 190 
188 69 
188 222 
188 116 
188 125 
188 180 
188 17 
188 40 
188 31 
188 139 
188 23 
188 196 
188 157 
188 233 
188 181 
188 1 
188 138 
188 212 
188 240 
188 36 
188 186 
188 96 
188 107 
189 226 
189 40 
189 74 
189 115 
189 120 
189 183 
189 13 
189 111 
189 159 
189 117 
189 79 
189 56 
189 123 
189 133 
189 33 
189 240 
189 38 
189 42 
189 224 
189 194 
189 141 
189 204 
189 71 
189 132 
189 17 
190 232 
190 15 
190 127 
190 224 
190 188 
190 148 
190 164 
190 115 
190 103 
190 143 
190 5 
190 96 
190 235 
190 1 
190 31 
190 203 
190 128 
190 42 
190 206 
190 202 
190 141 
190 172 
190 231 
190 97 
190 120 
190 223 
190 119 
190 183 
190 176 
190 177 
190 21 
190 99 
190 147 
191 222 
191 42 
191 149 
191 151 
191 102 
191 96 
191 48 
191 156 
191 219 
191 23 
191 238 
191 6 
191 145 
191 104 
191 69 
191 77 
191 157 
191 136 
191 51 
192 82 
192 139 
192 235 
192 181 
192 206 
192 157 
192 52 
192 114 
192 38 
192 202 
192 229 
192 201 
192 121 
192 78 
192 9 
192 35 
192 91 
192 226 
192 69 
192 221 
192 209 
192 175 
193 54 
193 1 
193 152 
193 216 
193 106 
193 53 
193 132 
193 12 
193 236 
193 131 
193 237 
193 46 
193 95 
193 210 
193 149 
193 70 
193 36 
193 154 
193 82 
193 112 
193 196 
193 47 
193 99 
193 142 
193 220 
194 31 
194 41 
194 121 
194 91 
194 223 
194 159 
194 69 
194 173 
194 218 
194 162 
194 219 
194 75 
194 201 
194 99 
194 103 
194 101 
194 125 
194 220 
194 136 
194 120 
194 105 
194 189 
195 159 
195 199 
195 97 
195 162 
195 102 
195 1 
195 196 
195 50 
195 38 
195 6 
195 140 
195 91 
195 106 
195 75 
195 64 
195 178 
195 232 
195 112 
195 116 
195 52 
195 218 
195 122 
195 220 
195 114 
196 135 
196 85 
196 163 
196 68 
196 226 
196 50 
196 115 
196 79 
196 198 
196 60 
196 229 
196 181 
196 195 
196 14 
196 137 
196 241 
196 28 
196 188 
196 51 
196 158 
196 193 
196 146 
196 18 
196 215 
196 16 
196 148 
196 36 
196 200 
197 87 
197 165 
197 171 
197 27 
197 221 
197 215 
197 176 
197 206 
197 216 
197 94 
197 29 
197 58 
197 111 
197 124 
197 137 
197 135 
197 0 
197 199 
197 227 
197 45 
197 148 
197 59 
198 21 
198 202 
198 212 
198 113 
198 35 
198 80 
198 102 
198 138 
198 9 
198 152 
198 160 
198 143 
198 77 
198 51 
198 196 
198 235 
198 181 
198 96 
198 82 
198 76 
198 32 
198 205 
198 39 
198 151 
198 8 
198 83 
198 88 
198 211 
198 101 
198 27 
199 100 
199 147 
199 195 
199 48 
199 165 
199 23 
199 171 
199 80 
199 144 
199 174 
199 178 
199 238 
199 40 
199 29 
199 127 
199 4 
199 148 
199 197 
199 168 
199 122 
199 81 
199 233 
199 113 
199 228 
199 2 
199 137 
199 223 
200 113 
200 87 
200 213 
200 130 
200 43 
200 39 
200 129 
200 142 
200 206 
200 214 
200 155 
200 82 
200 138 
200 175 
200 240 
200 196 
200 78 
200 184 
200 79 
201 216 
201 144 
201 140 
201 136 
201 180 
201 62 
201 44 
201 19 
201 116 
201 209 
201 211 
201 105 
201 143 
201 194 
201 229 
201 170 
201 173 
201 109 
201 208 
201 178 
201 192 
201 102 
201 160 
201 47 
201 3 
201 51 
201 60 
201 158 
202 41 
202 134 
202 198 
202 154 
202 113 
202 156 
202 10 
202 45 
202 56 
202 215 
202 192 
202 138 
202 47 
202 36 
202 16 
202 126 
202 190 
202 64 
202 213 
202 208 
202 203 
202 44 
202 94 
202 107 
202 240 
202 162 
202 183 
203 184 
203 16 
203 225 
203 183 
203 43 
203 107 
203 147 
203 58 
203 160 
203 164 
203 224 
203 28 
203 144 
203 190 
203 102 
203 236 
203 55 
203 93 
203 108 
203 202 
203 30 
203 162 
203 40 
204 14 
204 26 
204 58 
204 226 
204 65 
204 91 
204 78 
204 160 
204 96 
204 113 
204 81 
204 231 
204 105 
204 232 
204 84 
204 222 
204 189 
204 33 
204 49 
205 117 
205 61 
205 182 
205 180 
205 210 
205 114 
205 198 
205 111 
205 83 
205 47 
205 20 
205 64 
205 52 
205 99 
205 129 
205 94 
205 152 
205 157 
205 218 
205 101 
205 143 
205 48 
205 42 
205 144 
205 135 
205 109 
206 22 
206 59 
206 139 
206 64 
206 115 
206 233 
206 210 
206 107 
206 220 
206 197 
206 83 
206 192 
206 238 
206 61 
206 186 
206 88 
206 226 
206 240 
206 161 
206 125 
206 190 
206 185 
206 68 
206 200 
206 217 
206 73 
206 180 
206 235 
206 69 
206 146 
206 171 
206 207 
207 188 
207 93 
207 109 
207 211 
207 100 
207 118 
207 227 
207 47 
207 84 
207 78 
207 72 
207 172 
207 153 
207 70 
207 145 
207 179 
207 128 
207 208 
207 79 
207 206 
208 230 
208 150 
208 2 
208 27 
208 211 
208 166 
208 209 
208 58 
208 235 
208 106 
208 201 
208 113 
208 85 
208 69 
208 115 
208 140 
208 202 
208 31 
208 210 
208 207 
208 237 
208 221 
209 131 
209 71 
209 152 
209 56 
209 201 
209 22 
209 83 
209 208 
209 76 
209 89 
209 20 
209 29 
209 33 
209 6 
209 192 
210 76 
210 48 
210 1 
210 118 
210 222 
210 16 
210 241 
210 54 
210 206 
210 119 
210 193 
210 50 
210 205 
210 134 
210 233 
210 124 
210 214 
210 234 
210 122 
210 230 
210 181 
210 57 
210 74 
210 100 
210 52 
210 5 
210 208 
210 183 
211 207 
211 0 
211 169 
211 29 
211 26 
211 208 
211 9 
211 39 
211 31 
211 156 
211 64 
211 201 
211 239 
211 218 
211 220 
211 79 
211 58 
211 90 
211 159 
211 113 
211 42 
211 6 
211 160 
211 198 
211 78 
212 198 
212 42 
212 84 
212 24 
212 165 
212 94 
212 32 
212 38 
212 43 
212 157 
212 44 
212 55 
212 235 
212 21 
212 188 
212 93 
212 58 
212 237 
212 231 
212 60 
212 0 
213 147 
213 25 
213 171 
213 152 
213 162 
213 200 
213 173 
213 178 
213 139 
213 222 
213 65 
213 118 
213 157 
213 21 
213 33 
213 202 
213 95 
213 39 
213 184 
213 182 
213 96 
213 72 
213 56 
213 165 
213 17 
214 239 
214 223 
214 16 
214 71 
214 18 
214 124 
214 167 
214 102 
214 22 
214 108 
214 11 
214 231 
214 82 
214 210 
214 180 
214 1 
214 79 
214 3 
214 176 
214 222 
214 187 
214 200 
214 134 
214 10 
214 52 
214 55 
214 35 
214 149 
215 166 
215 231 
215 98 
215 230 
215 102 
215 197 
215 228 
215 173 
215 83 
215 22 
215 202 
215 82 
215 223 
215 175 
215 80 
215 161 
215 196 
215 57 
215 51 
215 158 
215 97 
216 201 
216 193 
216 218 
216 51 
216 136 
216 63 
216 221 
216 64 
216 8 
216 197 
216 145 
216 79 
216 138 
216 55 
216 110 
216 165 
216 123 
216 231 
216 1 
216 146 
216 173 
216 170 
216 112 
216 76 
217 149 
217 6 
217 46 
217 61 
217 94 
217 142 
217 219 
217 3 
217 233 
217 157 
217 206 
217 69 
217 85 
217 122 
217 240 
218 216 
218 69 
218 231 
218 22 
218 183 
218 38 
218 148 
218 96 
218 99 
218 61 
218 194 
218 68 
218 29 
218 227 
218 211 
218 31 
218 23 
218 143 
218 139 
218 140 
218 233 
218 27 
218 1 
218 195 
218 205 
218 116 
218 160 
219 171 
219 20 
219 176 
219 50 
219 56 
219 137 
219 66 
219 94 
219 22 
219 93 
219 60 
219 217 
219 194 
219 191 
219 45 
219 110 
219 71 
219 165 
219 177 
219 142 
219 13 
220 100 
220 92 
220 112 
220 63 
220 3 
220 37 
220 206 
220 0 
220 146 
220 86 
220 123 
220 87 
220 20 
220 211 
220 102 
220 194 
220 46 
220 61 
220 54 
220 59 
220 179 
220 88 
220 79 
220 193 
220 195 
220 132 
221 32 
221 67 
221 197 
221 216 
221 63 
221 226 
221 93 
221 87 
221 111 
221 141 
221 167 
221 228 
221 160 
221 173 
221 66 
221 52 
221 31 
221 130 
221 157 
221 192 
221 231 
221 10 
221 208 
222 42 
222 191 
222 185 
222 58 
222 47 
222 105 
222 83 
222 210 
222 44 
222 121 
222 128 
222 188 
222 29 
222 155 
222 98 
222 213 
222 95 
222 89 
222 164 
222 214 
222 20 
222 32 
222 232 
222 225 
222 170 
222 38 
222 57 
222 230 
222 181 
222 204 
222 59 
223 6 
223 214 
223 194 
223 129 
223 163 
223 109 
223 54 
223 23 
223 1 
223 20 
223 215 
223 36 
223 76 
223 119 
223 5 
223 117 
223 80 
223 150 
223 146 
223 167 
223 132 
223 190 
223 90 
223 199 
224 233 
224 154 
224 190 
224 127 
224 96 
224 203 
224 177 
224 235 
224 138 
224 69 
224 232 
224 189 
224 173 
224 126 
224 5 
224 171 
224 131 
225 6 
225 203 
225 7 
225 27 
225 125 
225 5 
225 78 
225 171 
225 151 
225 70 
225 155 
225 37 
225 82 
225 222 
225 91 
225 38 
225 108 
225 178 
225 84 
226 189 
226 16 
226 39 
226 150 
226 204 
226 109 
226 196 
226 164 
226 240 
226 101 
226 65 
226 113 
226 221 
226 81 
226 9 
226 206 
226 120 
226 176 
226 85 
226 227 
226 62 
226 78 
226 142 
226 174 
226 72 
226 238 
226 192 
227 20 
227 140 
227 238 
227 131 
227 172 
227 207 
227 169 
227 218 
227 44 
227 177 
227 119 
227 37 
227 142 
227 97 
227 113 
227 123 
227 12 
227 197 
227 49 
227 166 
227 136 
227 6 
227 226 
227 13 
227 93 
227 72 
227 133 
227 112 
227 15 
228 94 
228 66 
228 75 
228 89 
228 167 
228 151 
228 49 
228 72 
228 98 
228 215 
228 104 
228 221 
228 4 
228 11 
228 120 
228 230 
228 47 
228 113 
228 82 
228 23 
228 199 
228 76 
228 127 
229 147 
229 45 
229 12 
229 133 
229 149 
229 174 
229 99 
229 140 
229 132 
229 136 
229 141 
229 151 
229 196 
229 39 
229 148 
229 234 
229 237 
229 192 
229 201 
229 60 
229 115 
229 126 
229 128 
229 52 
229 142 
229 170 
229 28 
230 25 
230 208 
230 154 
230 160 
230 87 
230 187 
230 215 
230 33 
230 120 
230 61 
230 137 
230 131 
230 48 
230 133 
230 210 
230 0 
230 62 
230 228 
230 170 
230 27 
230 2 
230 80 
230 222 
230 75 
231 126 
231 153 
231 215 
231 218 
231 45 
231 120 
231 148 
231 8 
231 154 
231 29 
231 143 
231 214 
231 204 
231 100 
231 216 
231 94 
231 124 
231 190 
231 35 
231 235 
231 212 
231 221 
232 190 
232 137 
232 45 
232 99 
232 16 
232 31 
232 238 
232 239 
232 130 
232 9 
232 173 
232 19 
232 176 
232 44 
232 14 
232 131 
232 10 
232 17 
232 204 
232 75 
232 1 
232 47 
232 195 
232 224 
232 81 
232 166 
232 222 
232 180 
232 157 
233 224 
233 68 
233 91 
233 113 
233 153 
233 206 
233 60 
233 240 
233 147 
233 53 
233 210 
233 90 
233 108 
233 114 
233 12 
233 217 
233 116 
233 155 
233 62 
233 67 
233 188 
233 165 
233 119 
233 125 
233 218 
233 47 
233 199 
233 136 
233 237 
233 32 
233 49 
234 34 
234 239 
234 163 
234 115 
234 142 
234 20 
234 54 
234 28 
234 23 
234 138 
234 229 
234 210 
234 85 
234 236 
234 74 
234 180 
234 82 
234 174 
234 4 
234 103 
234 9 
235 134 
235 136 
235 28 
235 156 
235 192 
235 184 
235 27 
235 224 
235 198 
235 190 
235 208 
235 153 
235 117 
235 212 
235 88 
235 155 
235 181 
235 76 
235 148 
235 10 
235 206 
235 231 
235 48 
235 173 
235 66 
235 149 
235 53 
235 75 
236 15 
236 193 
236 146 
236 110 
236 177 
236 102 
236 106 
236 67 
236 48 
236 203 
236 8 
236 234 
236 176 
236 80 
236 49 
236 160 
236 237 
237 89 
237 77 
237 193 
237 9 
237 55 
237 142 
237 123 
237 67 
237 97 
237 171 
237 169 
237 5 
237 229 
237 181 
237 101 
237 239 
237 11 
237 90 
237 233 
237 174 
237 212 
237 14 
237 236 
237 208 
237 0 
237 56 
237 175 
238 38 
238 0 
238 232 
238 9 
238 146 
238 102 
238 7 
238 106 
238 42 
238 171 
238 227 
238 96 
238 206 
238 126 
238 155 
238 199 
238 166 
238 27 
238 113 
238 147 
238 112 
238 191 
238 138 
238 159 
238 129 
238 127 
238 167 
238 226 
238 90 
239 234 
239 168 
239 115 
239 214 
239 178 
239 21 
239 130 
239 46 
239 48 
239 62 
239 232 
239 89 
239 75 
239 59 
239 211 
239 139 
239 28 
239 237 
239 15 
239 27 
239 128 
239 109 
239 112 
239 99 
239 187 
239 68 
239 35 
239 87 
240 12 
240 86 
240 84 
240 13 
240 82 
240 149 
240 226 
240 233 
240 164 
240 121 
240 66 
240 7 
240 16 
240 180 
240 206 
240 87 
240 189 
240 50 
240 188 
240 2 
240 202 
240 111 
240 153 
240 200 
240 44 
240 165 
240 141 
240 217 
240 138 
240 103 
241 113 
241 62 
241 0 
241 145 
241 210 
241 118 
241 38 
241 58 
241 108 
241 12 
241 66 
241 196 
241 170 
241 103 
241 176 
241 80 
241 125 
241 85 
241 140 
241 48 
241 56 
241 157 
241 36 
