0 58 
0 164 
0 16 
0 96 
0 62 
0 63 
0 47 
0 48 
0 52 
0 89 
0 143 
0 91 
0 15 
0 155 
0 49 
0 153 
0 18 
0 160 
0 59 
0 7 
0 73 
0 78 
0 102 
0 167 
0 36 
0 152 
0 137 
0 145 
0 42 
0 106 
0 141 
0 159 
0 165 
0 64 
0 84 
0 110 
0 134 
0 41 
0 117 
0 114 
0 66 
0 148 
0 32 
0 67 
0 30 
0 38 
0 126 
1 131 
1 39 
1 142 
1 104 
1 137 
1 16 
1 49 
1 29 
1 27 
1 69 
1 54 
1 59 
1 115 
1 74 
1 2 
1 166 
1 88 
1 90 
1 139 
1 116 
1 64 
1 15 
1 130 
1 129 
1 110 
1 96 
1 136 
1 128 
1 93 
1 5 
1 84 
1 113 
1 106 
1 168 
1 11 
1 86 
1 167 
1 72 
1 97 
1 109 
1 44 
1 114 
1 23 
1 42 
1 126 
1 155 
1 3 
1 151 
1 94 
1 82 
1 103 
1 50 
1 78 
1 14 
1 8 
1 161 
1 13 
1 108 
1 95 
1 18 
2 143 
2 111 
2 135 
2 65 
2 86 
2 126 
2 1 
2 119 
2 127 
2 75 
2 29 
2 69 
2 59 
2 8 
2 58 
2 39 
2 66 
2 166 
2 60 
2 22 
2 150 
2 26 
2 158 
2 134 
2 141 
2 130 
2 84 
2 14 
2 87 
2 62 
2 94 
2 116 
2 155 
2 82 
2 161 
2 98 
2 136 
2 20 
2 25 
2 83 
2 168 
2 79 
2 55 
2 32 
2 117 
2 109 
3 93 
3 33 
3 66 
3 72 
3 129 
3 115 
3 71 
3 39 
3 52 
3 56 
3 26 
3 88 
3 123 
3 130 
3 6 
3 153 
3 142 
3 14 
3 9 
3 150 
3 13 
3 38 
3 53 
3 68 
3 168 
3 21 
3 125 
3 17 
3 86 
3 111 
3 99 
3 109 
3 74 
3 1 
3 118 
3 63 
3 136 
3 41 
3 97 
3 114 
3 87 
3 131 
3 140 
3 107 
4 103 
4 22 
4 67 
4 30 
4 133 
4 127 
4 130 
4 87 
4 143 
4 157 
4 17 
4 11 
4 38 
4 165 
4 145 
4 146 
4 159 
4 42 
4 28 
4 158 
4 54 
4 51 
4 101 
4 98 
4 167 
4 136 
4 80 
4 108 
4 47 
4 119 
4 6 
4 39 
4 58 
4 49 
4 59 
4 111 
4 148 
4 82 
4 5 
4 102 
4 13 
4 24 
4 99 
4 66 
4 69 
4 126 
4 110 
4 73 
4 23 
4 139 
4 84 
4 105 
4 12 
4 155 
5 133 
5 56 
5 91 
5 165 
5 85 
5 29 
5 140 
5 16 
5 94 
5 37 
5 129 
5 158 
5 53 
5 163 
5 87 
5 10 
5 90 
5 13 
5 107 
5 70 
5 57 
5 11 
5 142 
5 18 
5 141 
5 1 
5 145 
5 160 
5 20 
5 26 
5 12 
5 154 
5 41 
5 166 
5 151 
5 112 
5 116 
5 6 
5 59 
5 114 
5 4 
5 96 
5 43 
5 88 
5 137 
5 86 
5 19 
5 84 
5 67 
5 52 
5 95 
5 168 
6 130 
6 74 
6 15 
6 109 
6 17 
6 72 
6 3 
6 148 
6 164 
6 85 
6 149 
6 71 
6 142 
6 44 
6 125 
6 131 
6 4 
6 14 
6 123 
6 75 
6 5 
6 32 
6 103 
6 146 
6 127 
6 47 
6 81 
6 154 
6 152 
6 110 
6 11 
6 91 
6 113 
6 167 
6 88 
6 165 
6 112 
6 80 
6 60 
6 129 
6 126 
6 138 
6 82 
6 94 
6 143 
6 151 
6 159 
6 29 
6 92 
7 84 
7 135 
7 13 
7 67 
7 80 
7 136 
7 15 
7 120 
7 21 
7 62 
7 42 
7 86 
7 122 
7 124 
7 59 
7 168 
7 68 
7 110 
7 9 
7 145 
7 134 
7 165 
7 0 
7 126 
7 117 
7 18 
7 152 
7 114 
7 161 
7 157 
7 38 
7 53 
7 27 
7 156 
7 144 
7 36 
7 35 
7 112 
7 69 
7 70 
7 78 
7 155 
7 132 
7 104 
7 91 
7 109 
7 61 
7 121 
7 98 
7 54 
7 55 
7 99 
8 108 
8 81 
8 138 
8 148 
8 107 
8 58 
8 65 
8 137 
8 82 
8 67 
8 2 
8 164 
8 126 
8 160 
8 106 
8 52 
8 33 
8 71 
8 20 
8 32 
8 74 
8 158 
8 161 
8 111 
8 14 
8 109 
8 40 
8 125 
8 70 
8 156 
8 149 
8 54 
8 96 
8 155 
8 34 
8 122 
8 136 
8 168 
8 141 
8 103 
8 38 
8 101 
8 41 
8 119 
8 10 
8 143 
8 1 
8 127 
8 22 
8 99 
8 17 
8 75 
8 135 
9 148 
9 91 
9 130 
9 63 
9 10 
9 71 
9 119 
9 113 
9 142 
9 101 
9 157 
9 54 
9 39 
9 34 
9 3 
9 139 
9 105 
9 117 
9 7 
9 60 
9 156 
9 47 
9 64 
9 77 
9 158 
9 14 
9 25 
9 162 
9 32 
9 18 
9 149 
9 51 
9 154 
9 55 
9 168 
9 66 
9 72 
9 31 
9 37 
9 61 
9 35 
9 95 
9 16 
9 70 
10 95 
10 125 
10 20 
10 27 
10 9 
10 151 
10 92 
10 146 
10 124 
10 89 
10 130 
10 123 
10 104 
10 161 
10 68 
10 94 
10 133 
10 40 
10 5 
10 18 
10 34 
10 22 
10 138 
10 134 
10 131 
10 115 
10 158 
10 54 
10 85 
10 12 
10 32 
10 139 
10 122 
10 23 
10 116 
10 145 
10 147 
10 55 
10 154 
10 156 
10 143 
10 164 
10 149 
10 150 
10 74 
10 132 
10 8 
10 167 
10 168 
10 83 
11 56 
11 84 
11 78 
11 58 
11 98 
11 71 
11 77 
11 164 
11 4 
11 154 
11 135 
11 99 
11 157 
11 126 
11 83 
11 27 
11 26 
11 5 
11 44 
11 43 
11 102 
11 101 
11 148 
11 72 
11 149 
11 47 
11 1 
11 22 
11 153 
11 29 
11 107 
11 13 
11 63 
11 90 
11 130 
11 88 
11 6 
11 35 
11 115 
11 119 
11 131 
11 39 
11 145 
11 32 
11 123 
11 137 
11 132 
11 93 
11 144 
11 114 
11 121 
12 38 
12 67 
12 119 
12 130 
12 90 
12 152 
12 120 
12 57 
12 76 
12 61 
12 81 
12 54 
12 124 
12 114 
12 40 
12 58 
12 84 
12 91 
12 5 
12 145 
12 10 
12 138 
12 159 
12 82 
12 77 
12 123 
12 88 
12 52 
12 139 
12 117 
12 24 
12 111 
12 129 
12 83 
12 78 
12 144 
12 99 
12 98 
12 108 
12 51 
12 150 
12 133 
12 135 
12 16 
12 64 
12 112 
12 87 
12 32 
12 101 
12 156 
12 147 
12 4 
12 15 
13 138 
13 7 
13 120 
13 161 
13 20 
13 155 
13 54 
13 129 
13 31 
13 154 
13 52 
13 110 
13 57 
13 19 
13 5 
13 3 
13 66 
13 56 
13 99 
13 63 
13 91 
13 80 
13 164 
13 128 
13 50 
13 11 
13 74 
13 15 
13 108 
13 4 
13 35 
13 121 
13 89 
13 106 
13 92 
13 152 
13 159 
13 118 
13 81 
13 17 
13 143 
13 67 
13 1 
13 100 
13 90 
14 54 
14 15 
14 48 
14 60 
14 16 
14 161 
14 19 
14 148 
14 96 
14 90 
14 52 
14 56 
14 34 
14 164 
14 27 
14 149 
14 32 
14 142 
14 3 
14 31 
14 122 
14 115 
14 67 
14 147 
14 79 
14 116 
14 24 
14 121 
14 6 
14 23 
14 49 
14 163 
14 50 
14 77 
14 167 
14 87 
14 8 
14 71 
14 2 
14 18 
14 20 
14 9 
14 61 
14 65 
14 141 
14 166 
14 162 
14 51 
14 68 
14 66 
14 1 
14 118 
14 156 
14 105 
14 112 
14 86 
15 14 
15 160 
15 36 
15 6 
15 7 
15 102 
15 65 
15 24 
15 98 
15 115 
15 129 
15 121 
15 112 
15 73 
15 123 
15 1 
15 0 
15 124 
15 38 
15 16 
15 130 
15 100 
15 34 
15 161 
15 154 
15 13 
15 86 
15 142 
15 58 
15 107 
15 50 
15 83 
15 60 
15 54 
15 53 
15 89 
15 19 
15 110 
15 12 
16 90 
16 158 
16 93 
16 1 
16 102 
16 136 
16 14 
16 0 
16 85 
16 162 
16 80 
16 72 
16 52 
16 5 
16 68 
16 26 
16 101 
16 64 
16 43 
16 98 
16 30 
16 65 
16 141 
16 121 
16 57 
16 112 
16 40 
16 63 
16 15 
16 46 
16 99 
16 124 
16 20 
16 37 
16 119 
16 156 
16 77 
16 23 
16 74 
16 128 
16 84 
16 131 
16 18 
16 115 
16 47 
16 79 
16 167 
16 118 
16 12 
16 53 
16 140 
16 154 
16 132 
16 50 
16 116 
16 67 
16 89 
16 9 
16 123 
16 70 
17 126 
17 33 
17 99 
17 137 
17 115 
17 124 
17 161 
17 18 
17 4 
17 113 
17 6 
17 32 
17 78 
17 106 
17 25 
17 38 
17 167 
17 43 
17 140 
17 94 
17 128 
17 136 
17 163 
17 166 
17 168 
17 121 
17 156 
17 98 
17 123 
17 160 
17 42 
17 3 
17 133 
17 153 
17 110 
17 157 
17 49 
17 143 
17 28 
17 104 
17 66 
17 46 
17 108 
17 21 
17 76 
17 116 
17 62 
17 102 
17 114 
17 37 
17 13 
17 58 
17 70 
17 147 
17 8 
17 95 
17 96 
17 112 
18 52 
18 135 
18 140 
18 27 
18 17 
18 147 
18 51 
18 137 
18 123 
18 77 
18 128 
18 10 
18 50 
18 96 
18 5 
18 49 
18 53 
18 0 
18 89 
18 108 
18 7 
18 46 
18 102 
18 30 
18 162 
18 82 
18 148 
18 48 
18 139 
18 26 
18 109 
18 14 
18 88 
18 154 
18 141 
18 16 
18 29 
18 144 
18 9 
18 44 
18 23 
18 69 
18 126 
18 124 
18 73 
18 119 
18 64 
18 95 
18 56 
18 54 
18 32 
18 94 
18 1 
18 121 
19 93 
19 113 
19 138 
19 95 
19 108 
19 70 
19 156 
19 14 
19 126 
19 25 
19 133 
19 152 
19 49 
19 13 
19 82 
19 134 
19 36 
19 75 
19 48 
19 153 
19 31 
19 109 
19 45 
19 28 
19 157 
19 26 
19 163 
19 105 
19 51 
19 130 
19 23 
19 87 
19 73 
19 79 
19 66 
19 136 
19 5 
19 72 
19 117 
19 54 
19 52 
19 15 
19 43 
19 154 
19 104 
19 97 
20 106 
20 85 
20 129 
20 164 
20 13 
20 10 
20 24 
20 66 
20 75 
20 58 
20 155 
20 158 
20 130 
20 81 
20 134 
20 97 
20 162 
20 143 
20 32 
20 77 
20 42 
20 25 
20 5 
20 16 
20 59 
20 40 
20 121 
20 165 
20 8 
20 69 
20 146 
20 128 
20 71 
20 148 
20 14 
20 122 
20 62 
20 64 
20 54 
20 38 
20 46 
20 2 
20 63 
20 33 
20 156 
20 47 
20 127 
20 36 
21 56 
21 108 
21 160 
21 47 
21 128 
21 167 
21 41 
21 68 
21 45 
21 7 
21 32 
21 74 
21 70 
21 50 
21 87 
21 75 
21 157 
21 107 
21 27 
21 72 
21 115 
21 3 
21 58 
21 161 
21 63 
21 24 
21 136 
21 122 
21 102 
21 97 
21 119 
21 98 
21 146 
21 147 
21 111 
21 165 
21 168 
21 17 
21 158 
21 123 
21 116 
21 78 
21 103 
21 120 
21 88 
21 44 
21 67 
21 162 
21 90 
21 130 
21 59 
22 116 
22 4 
22 86 
22 146 
22 118 
22 94 
22 85 
22 92 
22 165 
22 135 
22 164 
22 142 
22 43 
22 119 
22 102 
22 80 
22 101 
22 40 
22 30 
22 10 
22 41 
22 37 
22 148 
22 141 
22 62 
22 99 
22 2 
22 111 
22 51 
22 11 
22 159 
22 79 
22 88 
22 77 
22 55 
22 87 
22 107 
22 72 
22 167 
22 114 
22 56 
22 117 
22 25 
22 75 
22 29 
22 24 
22 52 
22 42 
22 162 
22 45 
22 112 
22 8 
22 149 
23 70 
23 103 
23 140 
23 42 
23 146 
23 113 
23 120 
23 163 
23 55 
23 88 
23 145 
23 74 
23 60 
23 121 
23 66 
23 123 
23 102 
23 154 
23 122 
23 159 
23 44 
23 57 
23 36 
23 14 
23 97 
23 59 
23 106 
23 10 
23 94 
23 41 
23 45 
23 72 
23 56 
23 104 
23 100 
23 1 
23 16 
23 114 
23 53 
23 134 
23 68 
23 81 
23 19 
23 165 
23 139 
23 18 
23 161 
23 151 
23 83 
23 4 
23 33 
23 76 
23 105 
23 30 
23 35 
24 29 
24 132 
24 137 
24 20 
24 69 
24 38 
24 122 
24 48 
24 36 
24 144 
24 163 
24 155 
24 15 
24 35 
24 159 
24 157 
24 140 
24 88 
24 133 
24 86 
24 67 
24 41 
24 100 
24 83 
24 57 
24 150 
24 14 
24 61 
24 92 
24 21 
24 112 
24 102 
24 119 
24 115 
24 12 
24 34 
24 30 
24 139 
24 4 
24 147 
24 22 
24 76 
24 143 
24 95 
24 46 
24 64 
24 54 
24 51 
24 81 
24 151 
24 33 
24 71 
24 58 
24 118 
24 98 
24 164 
25 35 
25 47 
25 164 
25 19 
25 26 
25 32 
25 17 
25 162 
25 113 
25 166 
25 27 
25 56 
25 168 
25 69 
25 114 
25 73 
25 28 
25 79 
25 20 
25 55 
25 77 
25 41 
25 98 
25 159 
25 95 
25 125 
25 90 
25 84 
25 153 
25 97 
25 70 
25 136 
25 22 
25 104 
25 9 
25 2 
25 82 
25 94 
25 152 
25 119 
25 93 
25 110 
25 34 
26 41 
26 140 
26 82 
26 145 
26 160 
26 149 
26 123 
26 129 
26 54 
26 25 
26 88 
26 16 
26 3 
26 99 
26 45 
26 125 
26 29 
26 103 
26 122 
26 11 
26 143 
26 121 
26 42 
26 120 
26 164 
26 90 
26 72 
26 5 
26 2 
26 56 
26 105 
26 141 
26 168 
26 28 
26 19 
26 85 
26 18 
26 159 
26 66 
26 158 
26 157 
26 128 
26 59 
26 109 
26 134 
26 150 
26 39 
26 64 
26 74 
27 59 
27 87 
27 34 
27 10 
27 1 
27 78 
27 18 
27 60 
27 74 
27 155 
27 110 
27 168 
27 14 
27 25 
27 156 
27 63 
27 123 
27 164 
27 11 
27 93 
27 86 
27 95 
27 150 
27 52 
27 137 
27 30 
27 21 
27 158 
27 148 
27 80 
27 151 
27 45 
27 82 
27 51 
27 97 
27 115 
27 90 
27 7 
27 61 
27 57 
27 83 
27 167 
27 94 
27 33 
27 166 
27 36 
27 31 
27 37 
28 111 
28 75 
28 67 
28 81 
28 4 
28 48 
28 34 
28 166 
28 114 
28 125 
28 131 
28 156 
28 168 
28 33 
28 164 
28 32 
28 25 
28 45 
28 70 
28 19 
28 103 
28 72 
28 26 
28 37 
28 17 
28 40 
28 136 
28 65 
28 145 
28 133 
28 59 
28 29 
28 61 
28 100 
28 104 
28 121 
28 55 
28 161 
28 89 
28 94 
28 101 
28 149 
29 113 
29 53 
29 151 
29 24 
29 145 
29 5 
29 1 
29 117 
29 65 
29 153 
29 79 
29 163 
29 149 
29 69 
29 30 
29 146 
29 2 
29 26 
29 166 
29 42 
29 126 
29 107 
29 63 
29 44 
29 106 
29 77 
29 40 
29 99 
29 123 
29 130 
29 143 
29 111 
29 147 
29 11 
29 78 
29 49 
29 32 
29 134 
29 70 
29 162 
29 22 
29 37 
29 18 
29 75 
29 28 
29 158 
29 135 
29 131 
29 137 
29 93 
29 45 
29 6 
29 154 
29 104 
29 144 
30 4 
30 119 
30 134 
30 113 
30 48 
30 141 
30 37 
30 88 
30 164 
30 42 
30 70 
30 29 
30 16 
30 162 
30 131 
30 103 
30 22 
30 110 
30 142 
30 55 
30 122 
30 167 
30 27 
30 69 
30 128 
30 71 
30 35 
30 18 
30 152 
30 106 
30 64 
30 51 
30 98 
30 24 
30 121 
30 125 
30 52 
30 38 
30 79 
30 43 
30 109 
30 53 
30 65 
30 59 
30 148 
30 0 
30 86 
30 99 
30 23 
30 149 
31 149 
31 13 
31 133 
31 122 
31 35 
31 108 
31 103 
31 46 
31 85 
31 147 
31 119 
31 138 
31 151 
31 113 
31 123 
31 134 
31 14 
31 121 
31 86 
31 155 
31 159 
31 112 
31 19 
31 52 
31 92 
31 120 
31 37 
31 118 
31 154 
31 156 
31 63 
31 168 
31 127 
31 146 
31 152 
31 32 
31 110 
31 144 
31 109 
31 99 
31 39 
31 78 
31 125 
31 9 
31 145 
31 74 
31 81 
31 27 
31 69 
31 73 
32 142 
32 60 
32 156 
32 33 
32 96 
32 107 
32 17 
32 21 
32 25 
32 88 
32 159 
32 131 
32 84 
32 161 
32 143 
32 35 
32 14 
32 69 
32 65 
32 122 
32 42 
32 80 
32 28 
32 20 
32 77 
32 113 
32 83 
32 53 
32 10 
32 130 
32 8 
32 147 
32 145 
32 140 
32 149 
32 144 
32 103 
32 6 
32 54 
32 165 
32 79 
32 135 
32 31 
32 29 
32 66 
32 158 
32 9 
32 57 
32 110 
32 125 
32 78 
32 102 
32 11 
32 101 
32 12 
32 133 
32 2 
32 0 
32 50 
32 18 
32 67 
32 55 
33 89 
33 17 
33 3 
33 32 
33 38 
33 77 
33 128 
33 78 
33 53 
33 154 
33 64 
33 163 
33 138 
33 124 
33 145 
33 65 
33 155 
33 103 
33 73 
33 69 
33 28 
33 160 
33 57 
33 8 
33 109 
33 66 
33 143 
33 156 
33 43 
33 123 
33 41 
33 90 
33 104 
33 101 
33 42 
33 165 
33 151 
33 158 
33 82 
33 164 
33 126 
33 59 
33 137 
33 23 
33 24 
33 27 
33 20 
33 116 
34 123 
34 27 
34 71 
34 61 
34 139 
34 117 
34 129 
34 35 
34 159 
34 108 
34 14 
34 80 
34 134 
34 78 
34 148 
34 28 
34 63 
34 150 
34 162 
34 48 
34 9 
34 10 
34 68 
34 50 
34 101 
34 155 
34 136 
34 15 
34 133 
34 53 
34 140 
34 127 
34 145 
34 60 
34 100 
34 168 
34 81 
34 99 
34 143 
34 74 
34 24 
34 105 
34 8 
34 103 
34 111 
34 119 
34 158 
34 104 
34 66 
34 98 
34 84 
34 65 
34 45 
34 102 
34 47 
34 55 
34 52 
34 114 
34 36 
34 46 
34 110 
34 25 
34 163 
35 86 
35 156 
35 25 
35 166 
35 36 
35 131 
35 34 
35 106 
35 38 
35 31 
35 103 
35 32 
35 24 
35 89 
35 116 
35 139 
35 145 
35 101 
35 162 
35 134 
35 67 
35 105 
35 144 
35 30 
35 90 
35 47 
35 125 
35 44 
35 148 
35 153 
35 112 
35 55 
35 13 
35 7 
35 42 
35 11 
35 65 
35 76 
35 87 
35 122 
35 164 
35 52 
35 147 
35 75 
35 9 
35 43 
35 23 
36 43 
36 156 
36 98 
36 15 
36 82 
36 35 
36 122 
36 111 
36 24 
36 80 
36 146 
36 163 
36 148 
36 154 
36 139 
36 151 
36 105 
36 144 
36 39 
36 103 
36 143 
36 19 
36 129 
36 136 
36 118 
36 23 
36 106 
36 84 
36 92 
36 152 
36 128 
36 90 
36 132 
36 0 
36 147 
36 87 
36 138 
36 41 
36 7 
36 130 
36 97 
36 38 
36 85 
36 95 
36 96 
36 142 
36 81 
36 158 
36 34 
36 27 
36 20 
37 48 
37 54 
37 166 
37 107 
37 117 
37 30 
37 127 
37 5 
37 132 
37 120 
37 51 
37 130 
37 161 
37 49 
37 22 
37 138 
37 87 
37 16 
37 31 
37 92 
37 106 
37 163 
37 113 
37 154 
37 42 
37 65 
37 28 
37 91 
37 131 
37 29 
37 152 
37 136 
37 90 
37 103 
37 17 
37 9 
37 59 
37 143 
37 142 
37 55 
37 27 
37 124 
38 12 
38 57 
38 121 
38 33 
38 83 
38 39 
38 65 
38 24 
38 35 
38 132 
38 4 
38 152 
38 17 
38 70 
38 161 
38 88 
38 75 
38 165 
38 157 
38 3 
38 15 
38 102 
38 55 
38 98 
38 113 
38 64 
38 128 
38 7 
38 154 
38 112 
38 134 
38 123 
38 80 
38 136 
38 30 
38 107 
38 20 
38 105 
38 8 
38 135 
38 49 
38 143 
38 127 
38 59 
38 36 
38 43 
38 60 
38 116 
38 47 
38 145 
38 162 
38 155 
38 0 
39 1 
39 70 
39 144 
39 167 
39 38 
39 75 
39 79 
39 116 
39 122 
39 52 
39 85 
39 44 
39 50 
39 146 
39 3 
39 87 
39 9 
39 91 
39 109 
39 77 
39 36 
39 2 
39 168 
39 94 
39 59 
39 67 
39 4 
39 89 
39 49 
39 86 
39 133 
39 131 
39 154 
39 92 
39 101 
39 98 
39 153 
39 93 
39 162 
39 31 
39 121 
39 125 
39 11 
39 64 
39 26 
39 163 
39 114 
39 118 
40 118 
40 90 
40 126 
40 62 
40 109 
40 125 
40 82 
40 85 
40 81 
40 153 
40 112 
40 10 
40 22 
40 152 
40 166 
40 16 
40 73 
40 12 
40 61 
40 29 
40 69 
40 140 
40 132 
40 20 
40 87 
40 8 
40 164 
40 139 
40 154 
40 71 
40 55 
40 127 
40 28 
40 88 
40 48 
40 59 
40 121 
40 158 
40 79 
40 105 
40 136 
40 60 
40 144 
41 99 
41 110 
41 47 
41 65 
41 26 
41 115 
41 21 
41 103 
41 134 
41 107 
41 75 
41 142 
41 100 
41 83 
41 105 
41 101 
41 153 
41 24 
41 154 
41 22 
41 145 
41 55 
41 165 
41 51 
41 84 
41 25 
41 5 
41 44 
41 33 
41 23 
41 73 
41 82 
41 91 
41 53 
41 36 
41 48 
41 160 
41 96 
41 69 
41 50 
41 159 
41 94 
41 49 
41 116 
41 81 
41 161 
41 8 
41 139 
41 0 
41 3 
41 158 
41 148 
41 62 
41 59 
41 133 
41 157 
41 90 
41 164 
42 71 
42 148 
42 120 
42 165 
42 139 
42 127 
42 113 
42 48 
42 167 
42 96 
42 93 
42 23 
42 7 
42 4 
42 99 
42 30 
42 100 
42 64 
42 44 
42 29 
42 137 
42 52 
42 138 
42 89 
42 77 
42 32 
42 149 
42 20 
42 143 
42 26 
42 109 
42 162 
42 80 
42 17 
42 103 
42 88 
42 108 
42 125 
42 132 
42 33 
42 45 
42 1 
42 37 
42 105 
42 136 
42 94 
42 117 
42 0 
42 166 
42 112 
42 79 
42 164 
42 35 
42 63 
42 163 
42 142 
42 22 
42 95 
42 157 
42 141 
42 106 
42 133 
42 153 
43 81 
43 82 
43 36 
43 126 
43 137 
43 135 
43 147 
43 67 
43 134 
43 121 
43 95 
43 84 
43 133 
43 17 
43 22 
43 16 
43 144 
43 165 
43 166 
43 131 
43 102 
43 90 
43 145 
43 11 
43 53 
43 83 
43 117 
43 80 
43 33 
43 51 
43 160 
43 72 
43 94 
43 5 
43 62 
43 112 
43 96 
43 88 
43 60 
43 68 
43 103 
43 30 
43 65 
43 38 
43 124 
43 56 
43 59 
43 35 
43 19 
43 86 
44 83 
44 166 
44 155 
44 154 
44 89 
44 111 
44 39 
44 119 
44 53 
44 72 
44 114 
44 64 
44 90 
44 124 
44 42 
44 70 
44 113 
44 11 
44 6 
44 29 
44 103 
44 45 
44 57 
44 23 
44 105 
44 41 
44 147 
44 35 
44 125 
44 153 
44 80 
44 1 
44 67 
44 138 
44 73 
44 134 
44 116 
44 18 
44 131 
44 46 
44 168 
44 126 
44 78 
44 21 
44 110 
44 144 
44 149 
45 130 
45 164 
45 53 
45 138 
45 101 
45 136 
45 127 
45 145 
45 94 
45 21 
45 102 
45 55 
45 161 
45 100 
45 128 
45 26 
45 111 
45 141 
45 28 
45 44 
45 60 
45 158 
45 115 
45 92 
45 50 
45 70 
45 19 
45 152 
45 155 
45 75 
45 146 
45 134 
45 27 
45 23 
45 121 
45 76 
45 48 
45 113 
45 71 
45 149 
45 42 
45 135 
45 151 
45 165 
45 95 
45 57 
45 64 
45 105 
45 46 
45 129 
45 34 
45 22 
45 84 
45 88 
45 80 
45 29 
45 123 
46 61 
46 63 
46 101 
46 159 
46 107 
46 132 
46 156 
46 31 
46 143 
46 120 
46 92 
46 125 
46 50 
46 16 
46 90 
46 164 
46 18 
46 158 
46 52 
46 162 
46 67 
46 17 
46 20 
46 89 
46 137 
46 24 
46 44 
46 71 
46 80 
46 161 
46 104 
46 45 
46 136 
46 153 
46 88 
46 105 
46 122 
46 34 
46 78 
47 75 
47 133 
47 21 
47 41 
47 25 
47 83 
47 88 
47 90 
47 52 
47 98 
47 167 
47 0 
47 163 
47 109 
47 168 
47 151 
47 130 
47 9 
47 92 
47 134 
47 79 
47 4 
47 48 
47 129 
47 11 
47 159 
47 35 
47 70 
47 111 
47 51 
47 65 
47 156 
47 154 
47 62 
47 6 
47 105 
47 16 
47 140 
47 102 
47 58 
47 68 
47 162 
47 34 
47 72 
47 117 
47 38 
47 96 
47 160 
47 84 
47 138 
47 20 
48 37 
48 162 
48 65 
48 137 
48 14 
48 154 
48 64 
48 30 
48 42 
48 108 
48 24 
48 136 
48 152 
48 63 
48 28 
48 166 
48 0 
48 107 
48 34 
48 122 
48 135 
48 70 
48 72 
48 19 
48 87 
48 110 
48 52 
48 47 
48 141 
48 51 
48 167 
48 45 
48 104 
48 71 
48 18 
48 41 
48 75 
48 118 
48 148 
48 40 
48 56 
48 126 
48 97 
48 53 
48 57 
48 49 
48 129 
48 105 
48 139 
49 136 
49 118 
49 166 
49 1 
49 144 
49 83 
49 65 
49 154 
49 160 
49 89 
49 54 
49 168 
49 167 
49 146 
49 19 
49 120 
49 91 
49 145 
49 75 
49 80 
49 56 
49 119 
49 151 
49 140 
49 0 
49 18 
49 37 
49 137 
49 143 
49 148 
49 59 
49 162 
49 14 
49 79 
49 39 
49 4 
49 130 
49 96 
49 105 
49 17 
49 29 
49 157 
49 78 
49 41 
49 129 
49 38 
49 67 
49 103 
49 156 
49 102 
49 48 
49 117 
49 142 
49 158 
49 138 
50 96 
50 165 
50 124 
50 52 
50 68 
50 97 
50 103 
50 39 
50 65 
50 88 
50 120 
50 157 
50 21 
50 102 
50 79 
50 18 
50 51 
50 34 
50 141 
50 136 
50 83 
50 46 
50 164 
50 45 
50 63 
50 14 
50 108 
50 84 
50 13 
50 167 
50 61 
50 155 
50 131 
50 158 
50 41 
50 126 
50 110 
50 15 
50 135 
50 138 
50 1 
50 16 
50 85 
50 32 
50 72 
50 123 
51 91 
51 147 
51 158 
51 100 
51 140 
51 157 
51 18 
51 118 
51 132 
51 165 
51 56 
51 117 
51 94 
51 37 
51 113 
51 4 
51 97 
51 50 
51 156 
51 105 
51 110 
51 41 
51 142 
51 22 
51 54 
51 154 
51 48 
51 43 
51 107 
51 30 
51 27 
51 47 
51 19 
51 87 
51 119 
51 121 
51 14 
51 12 
51 9 
51 139 
51 71 
51 98 
51 24 
51 76 
51 78 
51 73 
51 58 
51 68 
52 18 
52 163 
52 50 
52 165 
52 141 
52 143 
52 71 
52 147 
52 39 
52 88 
52 16 
52 73 
52 47 
52 159 
52 14 
52 3 
52 13 
52 0 
52 162 
52 42 
52 149 
52 27 
52 8 
52 126 
52 117 
52 56 
52 48 
52 31 
52 93 
52 120 
52 87 
52 118 
52 85 
52 144 
52 72 
52 129 
52 12 
52 46 
52 57 
52 136 
52 70 
52 30 
52 158 
52 116 
52 164 
52 146 
52 22 
52 35 
52 61 
52 166 
52 111 
52 79 
52 19 
52 34 
52 5 
53 109 
53 29 
53 156 
53 45 
53 167 
53 67 
53 120 
53 33 
53 57 
53 44 
53 152 
53 106 
53 102 
53 55 
53 142 
53 161 
53 90 
53 147 
53 5 
53 159 
53 157 
53 3 
53 130 
53 64 
53 113 
53 18 
53 32 
53 43 
53 135 
53 83 
53 34 
53 123 
53 89 
53 96 
53 94 
53 7 
53 41 
53 23 
53 148 
53 59 
53 151 
53 58 
53 60 
53 16 
53 30 
53 95 
53 164 
53 48 
53 15 
53 93 
53 153 
53 81 
53 69 
53 101 
53 168 
54 95 
54 14 
54 154 
54 161 
54 94 
54 37 
54 13 
54 119 
54 1 
54 72 
54 62 
54 83 
54 122 
54 26 
54 81 
54 159 
54 49 
54 124 
54 9 
54 4 
54 103 
54 59 
54 12 
54 80 
54 99 
54 10 
54 61 
54 68 
54 129 
54 96 
54 51 
54 137 
54 157 
54 32 
54 74 
54 108 
54 148 
54 8 
54 20 
54 71 
54 56 
54 92 
54 24 
54 15 
54 19 
54 114 
54 18 
54 7 
54 87 
54 104 
55 132 
55 138 
55 110 
55 82 
55 79 
55 155 
55 119 
55 45 
55 95 
55 115 
55 97 
55 53 
55 68 
55 63 
55 23 
55 128 
55 161 
55 76 
55 30 
55 114 
55 38 
55 77 
55 108 
55 41 
55 111 
55 25 
55 125 
55 141 
55 22 
55 147 
55 104 
55 40 
55 134 
55 152 
55 146 
55 150 
55 10 
55 120 
55 35 
55 86 
55 116 
55 66 
55 126 
55 112 
55 9 
55 28 
55 144 
55 135 
55 2 
55 34 
55 81 
55 7 
55 37 
55 32 
55 65 
56 11 
56 5 
56 21 
56 81 
56 67 
56 147 
56 14 
56 93 
56 3 
56 120 
56 150 
56 164 
56 122 
56 51 
56 25 
56 125 
56 126 
56 49 
56 65 
56 64 
56 97 
56 13 
56 99 
56 162 
56 124 
56 112 
56 139 
56 52 
56 145 
56 110 
56 26 
56 137 
56 151 
56 111 
56 23 
56 22 
56 132 
56 152 
56 76 
56 100 
56 98 
56 48 
56 54 
56 18 
56 43 
56 155 
56 71 
56 159 
56 88 
56 69 
57 125 
57 38 
57 75 
57 63 
57 53 
57 74 
57 149 
57 94 
57 114 
57 131 
57 144 
57 12 
57 145 
57 13 
57 98 
57 107 
57 16 
57 5 
57 81 
57 151 
57 33 
57 44 
57 24 
57 62 
57 166 
57 23 
57 99 
57 73 
57 117 
57 139 
57 161 
57 95 
57 52 
57 27 
57 136 
57 45 
57 154 
57 32 
57 106 
57 48 
57 159 
57 87 
57 93 
57 96 
57 58 
57 132 
57 140 
57 70 
58 60 
58 0 
58 168 
58 11 
58 149 
58 120 
58 73 
58 20 
58 118 
58 151 
58 92 
58 122 
58 8 
58 140 
58 81 
58 157 
58 84 
58 64 
58 110 
58 148 
58 99 
58 143 
58 158 
58 2 
58 147 
58 145 
58 12 
58 98 
58 4 
58 74 
58 21 
58 113 
58 89 
58 165 
58 150 
58 67 
58 121 
58 107 
58 135 
58 91 
58 71 
58 95 
58 100 
58 136 
58 15 
58 117 
58 53 
58 47 
58 125 
58 17 
58 134 
58 161 
58 82 
58 24 
58 59 
58 57 
58 104 
58 51 
58 111 
59 27 
59 151 
59 90 
59 148 
59 73 
59 65 
59 70 
59 92 
59 82 
59 153 
59 83 
59 1 
59 104 
59 120 
59 149 
59 89 
59 113 
59 141 
59 134 
59 7 
59 123 
59 54 
59 2 
59 85 
59 39 
59 20 
59 100 
59 0 
59 49 
59 23 
59 126 
59 159 
59 67 
59 101 
59 154 
59 118 
59 4 
59 130 
59 71 
59 5 
59 76 
59 165 
59 109 
59 103 
59 28 
59 72 
59 53 
59 26 
59 40 
59 38 
59 166 
59 33 
59 108 
59 30 
59 163 
59 43 
59 41 
59 66 
59 37 
59 58 
59 84 
59 21 
60 58 
60 107 
60 32 
60 14 
60 150 
60 27 
60 106 
60 126 
60 84 
60 23 
60 135 
60 155 
60 9 
60 153 
60 82 
60 156 
60 45 
60 72 
60 2 
60 99 
60 34 
60 110 
60 130 
60 158 
60 154 
60 142 
60 102 
60 88 
60 61 
60 108 
60 43 
60 141 
60 62 
60 53 
60 15 
60 6 
60 104 
60 38 
60 65 
60 143 
60 97 
60 168 
60 74 
60 75 
60 40 
61 85 
61 110 
61 46 
61 34 
61 129 
61 63 
61 77 
61 12 
61 116 
61 149 
61 133 
61 40 
61 156 
61 64 
61 54 
61 24 
61 84 
61 152 
61 135 
61 92 
61 131 
61 79 
61 123 
61 60 
61 27 
61 50 
61 14 
61 160 
61 28 
61 52 
61 127 
61 7 
61 9 
61 70 
61 161 
62 122 
62 40 
62 54 
62 7 
62 85 
62 0 
62 72 
62 91 
62 165 
62 76 
62 148 
62 84 
62 98 
62 65 
62 160 
62 22 
62 106 
62 57 
62 152 
62 112 
62 81 
62 123 
62 69 
62 136 
62 130 
62 167 
62 2 
62 43 
62 159 
62 47 
62 133 
62 162 
62 20 
62 154 
62 17 
62 164 
62 73 
62 60 
62 74 
62 99 
62 41 
62 140 
62 105 
62 163 
62 131 
62 147 
62 107 
63 73 
63 118 
63 129 
63 9 
63 46 
63 57 
63 137 
63 135 
63 123 
63 154 
63 48 
63 99 
63 61 
63 144 
63 0 
63 55 
63 34 
63 136 
63 27 
63 157 
63 29 
63 16 
63 124 
63 13 
63 164 
63 83 
63 156 
63 50 
63 89 
63 21 
63 152 
63 108 
63 64 
63 168 
63 31 
63 11 
63 3 
63 67 
63 158 
63 149 
63 77 
63 42 
63 131 
63 65 
63 100 
63 20 
63 150 
63 68 
63 90 
63 106 
63 79 
63 142 
63 134 
64 124 
64 136 
64 48 
64 33 
64 82 
64 116 
64 44 
64 16 
64 58 
64 139 
64 42 
64 65 
64 1 
64 80 
64 87 
64 53 
64 56 
64 168 
64 105 
64 97 
64 61 
64 9 
64 127 
64 38 
64 81 
64 30 
64 63 
64 145 
64 110 
64 146 
64 85 
64 141 
64 20 
64 45 
64 107 
64 157 
64 0 
64 160 
64 24 
64 12 
64 18 
64 39 
64 126 
64 123 
64 26 
64 163 
64 118 
64 66 
65 93 
65 48 
65 102 
65 41 
65 59 
65 95 
65 29 
65 152 
65 38 
65 153 
65 68 
65 2 
65 108 
65 49 
65 50 
65 8 
65 15 
65 33 
65 91 
65 87 
65 16 
65 168 
65 64 
65 32 
65 56 
65 135 
65 147 
65 62 
65 74 
65 151 
65 145 
65 146 
65 114 
65 86 
65 139 
65 162 
65 47 
65 37 
65 123 
65 28 
65 14 
65 133 
65 35 
65 156 
65 63 
65 43 
65 164 
65 70 
65 97 
65 30 
65 34 
65 72 
65 60 
65 92 
65 154 
65 143 
65 115 
65 99 
65 130 
65 55 
66 151 
66 3 
66 20 
66 95 
66 81 
66 122 
66 98 
66 109 
66 91 
66 139 
66 147 
66 13 
66 120 
66 2 
66 143 
66 23 
66 71 
66 33 
66 75 
66 85 
66 144 
66 106 
66 76 
66 32 
66 26 
66 17 
66 161 
66 4 
66 160 
66 55 
66 34 
66 19 
66 14 
66 9 
66 0 
66 59 
66 72 
66 64 
66 114 
67 4 
67 12 
67 7 
67 53 
67 117 
67 56 
67 109 
67 28 
67 160 
67 43 
67 110 
67 146 
67 104 
67 148 
67 101 
67 8 
67 24 
67 79 
67 108 
67 14 
67 105 
67 119 
67 156 
67 35 
67 39 
67 85 
67 59 
67 95 
67 142 
67 134 
67 58 
67 158 
67 115 
67 93 
67 44 
67 46 
67 63 
67 121 
67 161 
67 49 
67 120 
67 150 
67 88 
67 147 
67 125 
67 107 
67 21 
67 5 
67 98 
67 13 
67 135 
67 82 
67 155 
67 16 
67 0 
67 136 
67 32 
67 164 
67 133 
68 112 
68 50 
68 132 
68 100 
68 65 
68 21 
68 141 
68 16 
68 137 
68 55 
68 10 
68 168 
68 106 
68 158 
68 7 
68 98 
68 34 
68 3 
68 130 
68 165 
68 126 
68 162 
68 54 
68 96 
68 148 
68 23 
68 122 
68 93 
68 77 
68 43 
68 14 
68 155 
68 129 
68 108 
68 134 
68 47 
68 72 
68 90 
68 63 
68 133 
68 51 
69 113 
69 150 
69 83 
69 74 
69 90 
69 133 
69 1 
69 157 
69 24 
69 120 
69 81 
69 78 
69 97 
69 86 
69 29 
69 147 
69 101 
69 117 
69 32 
69 2 
69 33 
69 91 
69 145 
69 104 
69 25 
69 111 
69 121 
69 30 
69 40 
69 20 
69 62 
69 165 
69 164 
69 84 
69 82 
69 41 
69 4 
69 159 
69 7 
69 79 
69 139 
69 18 
69 143 
69 95 
69 53 
69 31 
69 92 
69 119 
69 56 
70 39 
70 132 
70 122 
70 146 
70 97 
70 59 
70 19 
70 23 
70 156 
70 76 
70 21 
70 30 
70 38 
70 112 
70 94 
70 5 
70 44 
70 48 
70 80 
70 137 
70 134 
70 154 
70 77 
70 87 
70 83 
70 28 
70 45 
70 143 
70 161 
70 124 
70 127 
70 130 
70 47 
70 117 
70 25 
70 8 
70 152 
70 115 
70 29 
70 52 
70 96 
70 140 
70 138 
70 149 
70 7 
70 65 
70 89 
70 105 
70 90 
70 159 
70 72 
70 141 
70 91 
70 17 
70 61 
70 86 
70 16 
70 9 
70 129 
70 57 
71 42 
71 34 
71 89 
71 11 
71 9 
71 102 
71 156 
71 152 
71 52 
71 135 
71 87 
71 126 
71 3 
71 75 
71 116 
71 167 
71 74 
71 94 
71 6 
71 146 
71 128 
71 157 
71 122 
71 66 
71 8 
71 30 
71 139 
71 77 
71 80 
71 117 
71 14 
71 59 
71 45 
71 20 
71 40 
71 58 
71 48 
71 103 
71 137 
71 154 
71 85 
71 151 
71 99 
71 107 
71 73 
71 54 
71 46 
71 158 
71 51 
71 113 
71 56 
71 24 
71 131 
72 77 
72 165 
72 124 
72 3 
72 54 
72 120 
72 95 
72 73 
72 116 
72 130 
72 6 
72 16 
72 44 
72 140 
72 91 
72 161 
72 78 
72 62 
72 145 
72 93 
72 87 
72 144 
72 157 
72 48 
72 80 
72 168 
72 60 
72 26 
72 167 
72 21 
72 154 
72 11 
72 86 
72 110 
72 143 
72 136 
72 151 
72 127 
72 52 
72 23 
72 125 
72 28 
72 99 
72 1 
72 22 
72 43 
72 133 
72 121 
72 166 
72 164 
72 79 
72 135 
72 126 
72 59 
72 109 
72 88 
72 19 
72 9 
72 84 
72 68 
72 70 
72 65 
72 101 
72 90 
72 98 
72 47 
72 50 
72 142 
72 66 
73 63 
73 145 
73 133 
73 76 
73 88 
73 109 
73 163 
73 59 
73 157 
73 58 
73 99 
73 128 
73 124 
73 72 
73 75 
73 161 
73 121 
73 52 
73 164 
73 110 
73 150 
73 15 
73 33 
73 40 
73 152 
73 25 
73 120 
73 94 
73 132 
73 57 
73 0 
73 41 
73 91 
73 153 
73 87 
73 101 
73 141 
73 162 
73 129 
73 44 
73 114 
73 139 
73 71 
73 62 
73 19 
73 156 
73 130 
73 18 
73 131 
73 4 
73 100 
73 147 
73 143 
73 51 
73 31 
73 123 
74 107 
74 6 
74 69 
74 109 
74 89 
74 57 
74 27 
74 1 
74 21 
74 141 
74 71 
74 151 
74 23 
74 112 
74 122 
74 65 
74 168 
74 85 
74 140 
74 58 
74 123 
74 125 
74 8 
74 34 
74 13 
74 92 
74 16 
74 87 
74 98 
74 54 
74 3 
74 110 
74 114 
74 155 
74 10 
74 159 
74 116 
74 62 
74 164 
74 31 
74 152 
74 60 
74 26 
75 47 
75 131 
75 92 
75 158 
75 57 
75 105 
75 39 
75 143 
75 144 
75 28 
75 20 
75 71 
75 73 
75 87 
75 135 
75 76 
75 151 
75 2 
75 49 
75 41 
75 116 
75 38 
75 90 
75 81 
75 21 
75 126 
75 91 
75 19 
75 132 
75 66 
75 89 
75 110 
75 45 
75 101 
75 6 
75 154 
75 128 
75 161 
75 124 
75 22 
75 48 
75 83 
75 29 
75 84 
75 86 
75 35 
75 153 
75 60 
75 130 
75 8 
75 150 
75 107 
76 73 
76 113 
76 110 
76 141 
76 88 
76 105 
76 136 
76 70 
76 75 
76 12 
76 149 
76 77 
76 62 
76 168 
76 55 
76 112 
76 115 
76 157 
76 92 
76 155 
76 45 
76 165 
76 59 
76 66 
76 116 
76 56 
76 127 
76 24 
76 108 
76 17 
76 140 
76 35 
76 51 
76 23 
76 94 
77 72 
77 33 
77 88 
77 11 
77 89 
77 160 
77 155 
77 61 
77 134 
77 18 
77 76 
77 111 
77 131 
77 39 
77 42 
77 32 
77 20 
77 55 
77 70 
77 29 
77 71 
77 9 
77 25 
77 79 
77 12 
77 99 
77 14 
77 126 
77 149 
77 124 
77 22 
77 97 
77 16 
77 130 
77 161 
77 115 
77 68 
77 102 
77 123 
77 63 
77 142 
77 118 
77 78 
77 82 
77 137 
78 94 
78 11 
78 33 
78 27 
78 115 
78 122 
78 96 
78 69 
78 136 
78 17 
78 86 
78 147 
78 34 
78 87 
78 72 
78 152 
78 135 
78 131 
78 88 
78 128 
78 93 
78 80 
78 105 
78 0 
78 149 
78 111 
78 127 
78 29 
78 137 
78 167 
78 98 
78 12 
78 119 
78 49 
78 21 
78 108 
78 7 
78 77 
78 44 
78 31 
78 142 
78 1 
78 100 
78 126 
78 83 
78 32 
78 134 
78 157 
78 113 
78 143 
78 51 
78 46 
78 112 
79 92 
79 119 
79 55 
79 39 
79 156 
79 29 
79 106 
79 108 
79 127 
79 151 
79 145 
79 118 
79 50 
79 80 
79 113 
79 129 
79 67 
79 25 
79 90 
79 14 
79 84 
79 47 
79 158 
79 104 
79 49 
79 77 
79 101 
79 116 
79 117 
79 22 
79 139 
79 121 
79 61 
79 160 
79 32 
79 120 
79 72 
79 30 
79 42 
79 16 
79 69 
79 19 
79 52 
79 2 
79 40 
79 63 
80 96 
80 7 
80 154 
80 16 
80 36 
80 118 
80 85 
80 34 
80 79 
80 22 
80 119 
80 49 
80 147 
80 113 
80 54 
80 64 
80 70 
80 4 
80 108 
80 32 
80 72 
80 160 
80 78 
80 156 
80 122 
80 164 
80 13 
80 83 
80 43 
80 42 
80 27 
80 71 
80 168 
80 148 
80 44 
80 38 
80 131 
80 105 
80 112 
80 144 
80 121 
80 103 
80 129 
80 46 
80 6 
80 161 
80 135 
80 45 
81 43 
81 56 
81 134 
81 135 
81 85 
81 8 
81 168 
81 161 
81 69 
81 66 
81 28 
81 40 
81 54 
81 58 
81 20 
81 12 
81 75 
81 57 
81 165 
81 154 
81 116 
81 146 
81 125 
81 132 
81 99 
81 62 
81 107 
81 147 
81 136 
81 133 
81 34 
81 162 
81 142 
81 64 
81 155 
81 139 
81 128 
81 6 
81 23 
81 96 
81 149 
81 41 
81 95 
81 164 
81 13 
81 24 
81 36 
81 31 
81 53 
81 55 
81 86 
82 129 
82 114 
82 43 
82 83 
82 155 
82 55 
82 36 
82 40 
82 59 
82 26 
82 146 
82 64 
82 110 
82 158 
82 100 
82 105 
82 166 
82 127 
82 117 
82 138 
82 19 
82 8 
82 107 
82 60 
82 12 
82 27 
82 86 
82 18 
82 41 
82 4 
82 2 
82 69 
82 115 
82 85 
82 137 
82 96 
82 25 
82 33 
82 1 
82 95 
82 67 
82 6 
82 88 
82 58 
82 77 
82 89 
82 148 
82 111 
82 168 
83 44 
83 82 
83 69 
83 106 
83 38 
83 92 
83 161 
83 146 
83 47 
83 59 
83 155 
83 86 
83 116 
83 49 
83 54 
83 145 
83 87 
83 11 
83 162 
83 112 
83 41 
83 160 
83 50 
83 32 
83 107 
83 70 
83 43 
83 24 
83 91 
83 152 
83 63 
83 80 
83 53 
83 12 
83 84 
83 88 
83 148 
83 75 
83 27 
83 15 
83 166 
83 149 
83 2 
83 23 
83 78 
83 124 
83 99 
83 154 
83 10 
84 7 
84 11 
84 104 
84 100 
84 150 
84 156 
84 96 
84 159 
84 139 
84 43 
84 131 
84 128 
84 32 
84 58 
84 97 
84 60 
84 141 
84 62 
84 98 
84 138 
84 107 
84 1 
84 158 
84 12 
84 79 
84 41 
84 135 
84 92 
84 61 
84 114 
84 36 
84 50 
84 2 
84 154 
84 25 
84 69 
84 168 
84 83 
84 16 
84 75 
84 0 
84 113 
84 149 
84 34 
84 5 
84 72 
84 102 
84 129 
84 45 
84 103 
84 87 
84 4 
84 132 
84 47 
84 59 
85 20 
85 61 
85 5 
85 81 
85 127 
85 22 
85 16 
85 39 
85 87 
85 40 
85 100 
85 158 
85 80 
85 62 
85 123 
85 31 
85 99 
85 129 
85 6 
85 59 
85 93 
85 91 
85 144 
85 74 
85 10 
85 66 
85 159 
85 52 
85 67 
85 167 
85 132 
85 166 
85 136 
85 134 
85 26 
85 162 
85 71 
85 64 
85 165 
85 164 
85 82 
85 111 
85 36 
85 113 
85 90 
85 108 
85 89 
85 130 
85 50 
85 128 
86 35 
86 144 
86 22 
86 163 
86 83 
86 152 
86 2 
86 78 
86 69 
86 161 
86 102 
86 7 
86 27 
86 104 
86 24 
86 31 
86 159 
86 128 
86 142 
86 134 
86 72 
86 1 
86 88 
86 39 
86 65 
86 114 
86 82 
86 133 
86 3 
86 137 
86 124 
86 155 
86 103 
86 146 
86 15 
86 166 
86 148 
86 55 
86 127 
86 5 
86 147 
86 75 
86 90 
86 30 
86 70 
86 43 
86 81 
86 14 
87 116 
87 27 
87 166 
87 161 
87 4 
87 128 
87 71 
87 109 
87 85 
87 139 
87 75 
87 123 
87 164 
87 132 
87 78 
87 65 
87 83 
87 89 
87 39 
87 112 
87 103 
87 5 
87 21 
87 148 
87 111 
87 64 
87 72 
87 150 
87 48 
87 70 
87 99 
87 90 
87 146 
87 145 
87 37 
87 52 
87 156 
87 14 
87 40 
87 22 
87 2 
87 144 
87 95 
87 73 
87 36 
87 74 
87 51 
87 97 
87 19 
87 35 
87 117 
87 108 
87 102 
87 165 
87 12 
87 3 
87 57 
87 84 
87 54 
88 89 
88 73 
88 77 
88 76 
88 143 
88 47 
88 103 
88 52 
88 50 
88 30 
88 32 
88 26 
88 3 
88 1 
88 134 
88 23 
88 150 
88 159 
88 38 
88 149 
88 24 
88 78 
88 112 
88 99 
88 128 
88 86 
88 42 
88 12 
88 22 
88 113 
88 60 
88 83 
88 5 
88 43 
88 18 
88 11 
88 95 
88 40 
88 162 
88 131 
88 161 
88 6 
88 72 
88 67 
88 21 
88 105 
88 46 
88 82 
88 45 
88 139 
88 153 
88 56 
88 152 
89 88 
89 33 
89 99 
89 44 
89 71 
89 139 
89 114 
89 158 
89 126 
89 10 
89 77 
89 74 
89 120 
89 59 
89 49 
89 108 
89 87 
89 35 
89 0 
89 131 
89 142 
89 165 
89 42 
89 18 
89 75 
89 39 
89 58 
89 63 
89 98 
89 53 
89 122 
89 138 
89 141 
89 101 
89 13 
89 46 
89 117 
89 107 
89 147 
89 70 
89 28 
89 85 
89 15 
89 153 
89 149 
89 16 
89 82 
89 100 
89 168 
90 141 
90 16 
90 59 
90 40 
90 69 
90 159 
90 12 
90 47 
90 154 
90 14 
90 137 
90 44 
90 53 
90 102 
90 165 
90 5 
90 1 
90 109 
90 75 
90 94 
90 43 
90 163 
90 105 
90 107 
90 120 
90 79 
90 135 
90 26 
90 87 
90 46 
90 35 
90 164 
90 33 
90 146 
90 36 
90 25 
90 27 
90 11 
90 134 
90 111 
90 112 
90 37 
90 168 
90 70 
90 85 
90 147 
90 68 
90 63 
90 86 
90 72 
90 156 
90 21 
90 106 
90 160 
90 122 
90 149 
90 155 
90 13 
90 41 
90 153 
91 5 
91 9 
91 51 
91 115 
91 133 
91 72 
91 65 
91 97 
91 62 
91 49 
91 108 
91 149 
91 138 
91 118 
91 39 
91 66 
91 0 
91 69 
91 75 
91 85 
91 139 
91 12 
91 13 
91 83 
91 137 
91 96 
91 123 
91 103 
91 58 
91 94 
91 41 
91 73 
91 37 
91 6 
91 156 
91 129 
91 150 
91 95 
91 135 
91 7 
91 153 
91 70 
91 134 
91 141 
91 100 
91 161 
92 79 
92 75 
92 145 
92 59 
92 83 
92 10 
92 140 
92 22 
92 58 
92 95 
92 113 
92 119 
92 46 
92 127 
92 161 
92 153 
92 168 
92 47 
92 45 
92 76 
92 109 
92 31 
92 150 
92 84 
92 24 
92 36 
92 37 
92 94 
92 114 
92 61 
92 166 
92 74 
92 133 
92 39 
92 102 
92 13 
92 54 
92 163 
92 126 
92 148 
92 65 
92 159 
92 164 
92 112 
92 137 
92 69 
92 6 
93 65 
93 159 
93 105 
93 16 
93 3 
93 19 
93 151 
93 129 
93 120 
93 42 
93 152 
93 56 
93 162 
93 103 
93 107 
93 139 
93 72 
93 27 
93 150 
93 154 
93 113 
93 85 
93 124 
93 161 
93 118 
93 1 
93 78 
93 52 
93 147 
93 146 
93 114 
93 67 
93 123 
93 68 
93 122 
93 164 
93 39 
93 97 
93 140 
93 53 
93 57 
93 25 
93 29 
93 11 
93 133 
94 78 
94 116 
94 54 
94 133 
94 22 
94 143 
94 45 
94 57 
94 121 
94 5 
94 17 
94 10 
94 51 
94 70 
94 114 
94 71 
94 90 
94 117 
94 102 
94 137 
94 39 
94 106 
94 105 
94 73 
94 119 
94 100 
94 167 
94 23 
94 92 
94 112 
94 53 
94 91 
94 2 
94 43 
94 110 
94 142 
94 42 
94 98 
94 104 
94 41 
94 1 
94 95 
94 27 
94 25 
94 28 
94 6 
94 131 
94 76 
94 18 
94 129 
94 162 
95 54 
95 149 
95 10 
95 116 
95 19 
95 65 
95 66 
95 72 
95 43 
95 55 
95 92 
95 120 
95 166 
95 27 
95 129 
95 118 
95 106 
95 122 
95 143 
95 67 
95 25 
95 123 
95 57 
95 58 
95 98 
95 112 
95 87 
95 131 
95 45 
95 146 
95 88 
95 167 
95 24 
95 96 
95 94 
95 81 
95 108 
95 36 
95 42 
95 91 
95 18 
95 53 
95 82 
95 113 
95 69 
95 9 
95 5 
95 1 
95 17 
96 50 
96 125 
96 115 
96 32 
96 80 
96 78 
96 84 
96 129 
96 0 
96 14 
96 42 
96 102 
96 123 
96 163 
96 158 
96 104 
96 18 
96 145 
96 1 
96 122 
96 54 
96 91 
96 68 
96 49 
96 53 
96 149 
96 157 
96 160 
96 5 
96 43 
96 138 
96 8 
96 98 
96 41 
96 81 
96 70 
96 95 
96 82 
96 99 
96 112 
96 148 
96 36 
96 146 
96 100 
96 47 
96 57 
96 17 
96 143 
96 105 
97 106 
97 161 
97 70 
97 130 
97 153 
97 50 
97 146 
97 131 
97 69 
97 158 
97 55 
97 84 
97 91 
97 150 
97 121 
97 152 
97 51 
97 145 
97 20 
97 56 
97 129 
97 117 
97 64 
97 138 
97 137 
97 113 
97 23 
97 159 
97 21 
97 1 
97 27 
97 77 
97 25 
97 133 
97 110 
97 132 
97 87 
97 123 
97 99 
97 48 
97 93 
97 36 
97 65 
97 3 
97 60 
97 155 
97 140 
97 19 
98 158 
98 11 
98 36 
98 160 
98 157 
98 151 
98 121 
98 66 
98 47 
98 15 
98 102 
98 16 
98 4 
98 57 
98 68 
98 138 
98 84 
98 116 
98 62 
98 58 
98 38 
98 17 
98 25 
98 89 
98 95 
98 30 
98 78 
98 21 
98 139 
98 74 
98 105 
98 2 
98 96 
98 94 
98 12 
98 137 
98 56 
98 39 
98 34 
98 67 
98 51 
98 132 
98 72 
98 7 
98 24 
98 113 
99 41 
99 89 
99 17 
99 73 
99 63 
99 11 
99 42 
99 26 
99 128 
99 58 
99 85 
99 127 
99 159 
99 13 
99 56 
99 54 
99 88 
99 160 
99 87 
99 16 
99 107 
99 81 
99 29 
99 22 
99 57 
99 60 
99 77 
99 34 
99 140 
99 104 
99 72 
99 121 
99 157 
99 129 
99 3 
99 122 
99 71 
99 4 
99 12 
99 155 
99 139 
99 97 
99 96 
99 31 
99 62 
99 132 
99 109 
99 8 
99 65 
99 83 
99 30 
99 167 
99 7 
100 143 
100 164 
100 84 
100 51 
100 68 
100 161 
100 82 
100 85 
100 112 
100 110 
100 45 
100 42 
100 123 
100 41 
100 153 
100 160 
100 15 
100 24 
100 105 
100 114 
100 59 
100 94 
100 34 
100 159 
100 23 
100 58 
100 101 
100 104 
100 168 
100 113 
100 56 
100 28 
100 111 
100 78 
100 63 
100 73 
100 96 
100 116 
100 134 
100 89 
100 13 
100 91 
100 154 
101 138 
101 45 
101 46 
101 127 
101 9 
101 16 
101 129 
101 69 
101 22 
101 4 
101 156 
101 67 
101 41 
101 159 
101 34 
101 157 
101 166 
101 35 
101 147 
101 11 
101 164 
101 75 
101 146 
101 59 
101 142 
101 79 
101 145 
101 133 
101 33 
101 100 
101 73 
101 89 
101 39 
101 8 
101 111 
101 32 
101 72 
101 28 
101 120 
101 12 
101 112 
101 143 
101 53 
102 116 
102 65 
102 125 
102 142 
102 134 
102 71 
102 16 
102 138 
102 45 
102 154 
102 149 
102 15 
102 96 
102 53 
102 140 
102 98 
102 86 
102 50 
102 22 
102 90 
102 43 
102 159 
102 168 
102 94 
102 38 
102 165 
102 23 
102 11 
102 18 
102 0 
102 24 
102 21 
102 161 
102 60 
102 123 
102 104 
102 4 
102 133 
102 77 
102 92 
102 136 
102 127 
102 164 
102 17 
102 49 
102 47 
102 87 
102 111 
102 84 
102 32 
102 34 
102 120 
103 155 
103 4 
103 154 
103 138 
103 130 
103 50 
103 88 
103 23 
103 41 
103 31 
103 33 
103 93 
103 35 
103 159 
103 146 
103 153 
103 87 
103 156 
103 126 
103 54 
103 26 
103 30 
103 36 
103 157 
103 44 
103 141 
103 133 
103 112 
103 28 
103 42 
103 164 
103 91 
103 32 
103 71 
103 6 
103 59 
103 86 
103 34 
103 8 
103 119 
103 121 
103 43 
103 49 
103 21 
103 80 
103 104 
103 37 
103 1 
103 84 
103 162 
103 107 
103 142 
104 84 
104 142 
104 1 
104 152 
104 59 
104 137 
104 124 
104 125 
104 123 
104 10 
104 67 
104 96 
104 86 
104 69 
104 154 
104 145 
104 162 
104 79 
104 138 
104 120 
104 99 
104 33 
104 23 
104 127 
104 109 
104 48 
104 55 
104 166 
104 122 
104 102 
104 163 
104 100 
104 149 
104 25 
104 17 
104 94 
104 146 
104 34 
104 159 
104 7 
104 103 
104 28 
104 46 
104 60 
104 129 
104 108 
104 54 
104 58 
104 19 
104 29 
104 150 
105 93 
105 126 
105 160 
105 121 
105 75 
105 141 
105 133 
105 154 
105 76 
105 116 
105 134 
105 118 
105 82 
105 137 
105 115 
105 9 
105 36 
105 41 
105 90 
105 51 
105 67 
105 64 
105 94 
105 100 
105 164 
105 138 
105 35 
105 114 
105 78 
105 26 
105 44 
105 167 
105 127 
105 49 
105 19 
105 80 
105 34 
105 42 
105 98 
105 47 
105 147 
105 38 
105 45 
105 153 
105 157 
105 88 
105 70 
105 46 
105 62 
105 40 
105 23 
105 148 
105 14 
105 48 
105 4 
105 125 
105 96 
106 20 
106 97 
106 83 
106 35 
106 152 
106 79 
106 60 
106 17 
106 53 
106 122 
106 130 
106 157 
106 68 
106 147 
106 95 
106 8 
106 29 
106 164 
106 153 
106 94 
106 138 
106 62 
106 107 
106 1 
106 126 
106 36 
106 23 
106 151 
106 30 
106 37 
106 66 
106 165 
106 0 
106 110 
106 149 
106 13 
106 134 
106 57 
106 42 
106 63 
106 90 
106 158 
107 74 
107 60 
107 37 
107 146 
107 46 
107 8 
107 32 
107 141 
107 166 
107 140 
107 93 
107 48 
107 41 
107 57 
107 5 
107 82 
107 21 
107 29 
107 90 
107 149 
107 83 
107 84 
107 99 
107 142 
107 106 
107 81 
107 134 
107 11 
107 58 
107 159 
107 51 
107 22 
107 130 
107 38 
107 156 
107 64 
107 15 
107 71 
107 89 
107 67 
107 132 
107 103 
107 75 
107 3 
107 62 
108 138 
108 8 
108 21 
108 165 
108 19 
108 114 
108 34 
108 65 
108 48 
108 162 
108 79 
108 149 
108 31 
108 150 
108 89 
108 91 
108 126 
108 67 
108 80 
108 140 
108 139 
108 4 
108 55 
108 136 
108 18 
108 50 
108 42 
108 124 
108 63 
108 157 
108 13 
108 54 
108 60 
108 17 
108 76 
108 12 
108 78 
108 95 
108 87 
108 160 
108 68 
108 156 
108 85 
108 59 
108 132 
108 117 
108 104 
108 112 
108 1 
108 133 
108 148 
109 53 
109 127 
109 151 
109 73 
109 40 
109 74 
109 67 
109 120 
109 6 
109 157 
109 87 
109 113 
109 136 
109 122 
109 66 
109 47 
109 90 
109 39 
109 125 
109 165 
109 42 
109 33 
109 19 
109 166 
109 92 
109 119 
109 126 
109 142 
109 138 
109 8 
109 1 
109 153 
109 104 
109 18 
109 59 
109 3 
109 72 
109 31 
109 112 
109 121 
109 26 
109 30 
109 7 
109 168 
109 99 
109 2 
110 117 
110 41 
110 61 
110 76 
110 55 
110 128 
110 126 
110 82 
110 67 
110 115 
110 27 
110 100 
110 73 
110 58 
110 13 
110 131 
110 7 
110 112 
110 168 
110 1 
110 30 
110 48 
110 140 
110 51 
110 124 
110 56 
110 75 
110 150 
110 72 
110 119 
110 60 
110 125 
110 17 
110 162 
110 64 
110 94 
110 31 
110 97 
110 74 
110 6 
110 121 
110 148 
110 156 
110 50 
110 106 
110 118 
110 0 
110 4 
110 32 
110 44 
110 25 
110 15 
110 34 
111 28 
111 2 
111 44 
111 36 
111 167 
111 151 
111 77 
111 87 
111 45 
111 164 
111 69 
111 163 
111 55 
111 22 
111 117 
111 29 
111 4 
111 158 
111 8 
111 157 
111 78 
111 56 
111 47 
111 124 
111 12 
111 3 
111 34 
111 21 
111 90 
111 112 
111 85 
111 131 
111 159 
111 100 
111 101 
111 102 
111 52 
111 127 
111 146 
111 121 
111 82 
111 120 
111 165 
111 58 
112 68 
112 143 
112 100 
112 70 
112 40 
112 15 
112 87 
112 83 
112 74 
112 16 
112 110 
112 76 
112 88 
112 150 
112 31 
112 166 
112 56 
112 132 
112 62 
112 103 
112 162 
112 146 
112 154 
112 5 
112 24 
112 38 
112 167 
112 94 
112 155 
112 130 
112 134 
112 95 
112 43 
112 35 
112 80 
112 144 
112 42 
112 140 
112 111 
112 90 
112 7 
112 109 
112 96 
112 6 
112 160 
112 55 
112 147 
112 12 
112 22 
112 101 
112 108 
112 92 
112 14 
112 17 
112 78 
113 69 
113 29 
113 145 
113 76 
113 19 
113 30 
113 150 
113 9 
113 144 
113 42 
113 17 
113 109 
113 131 
113 23 
113 59 
113 92 
113 119 
113 25 
113 163 
113 79 
113 51 
113 156 
113 121 
113 115 
113 166 
113 31 
113 80 
113 120 
113 44 
113 53 
113 93 
113 32 
113 155 
113 1 
113 97 
113 38 
113 58 
113 146 
113 153 
113 45 
113 37 
113 88 
113 100 
113 6 
113 84 
113 85 
113 95 
113 71 
113 125 
113 142 
113 78 
113 98 
114 122 
114 82 
114 117 
114 154 
114 89 
114 108 
114 147 
114 165 
114 138 
114 57 
114 44 
114 127 
114 94 
114 28 
114 153 
114 12 
114 25 
114 55 
114 166 
114 100 
114 105 
114 84 
114 65 
114 7 
114 167 
114 86 
114 161 
114 115 
114 93 
114 131 
114 92 
114 139 
114 1 
114 168 
114 5 
114 22 
114 23 
114 162 
114 130 
114 74 
114 73 
114 136 
114 17 
114 0 
114 54 
114 3 
114 164 
114 123 
114 34 
114 116 
114 39 
114 11 
114 66 
115 162 
115 144 
115 125 
115 17 
115 96 
115 127 
115 41 
115 78 
115 3 
115 110 
115 138 
115 129 
115 91 
115 1 
115 55 
115 15 
115 105 
115 160 
115 113 
115 121 
115 139 
115 168 
115 147 
115 14 
115 152 
115 161 
115 76 
115 45 
115 10 
115 21 
115 114 
115 24 
115 67 
115 27 
115 70 
115 77 
115 149 
115 82 
115 16 
115 140 
115 130 
115 11 
115 120 
115 123 
115 159 
115 65 
115 143 
116 123 
116 87 
116 102 
116 22 
116 94 
116 141 
116 95 
116 133 
116 39 
116 83 
116 105 
116 64 
116 72 
116 166 
116 71 
116 75 
116 135 
116 1 
116 35 
116 61 
116 98 
116 81 
116 118 
116 154 
116 14 
116 138 
116 165 
116 152 
116 79 
116 10 
116 5 
116 2 
116 76 
116 161 
116 55 
116 52 
116 44 
116 17 
116 21 
116 41 
116 74 
116 150 
116 38 
116 100 
116 16 
116 114 
116 134 
116 33 
117 125 
117 110 
117 114 
117 150 
117 129 
117 67 
117 34 
117 29 
117 37 
117 136 
117 145 
117 135 
117 51 
117 69 
117 82 
117 9 
117 94 
117 97 
117 123 
117 134 
117 52 
117 165 
117 7 
117 43 
117 139 
117 111 
117 167 
117 79 
117 57 
117 71 
117 132 
117 12 
117 70 
117 133 
117 22 
117 42 
117 89 
117 58 
117 87 
117 19 
117 0 
117 121 
117 108 
117 47 
117 2 
117 49 
118 152 
118 40 
118 63 
118 49 
118 22 
118 58 
118 140 
118 51 
118 105 
118 80 
118 79 
118 142 
118 162 
118 91 
118 161 
118 95 
118 156 
118 116 
118 93 
118 120 
118 36 
118 52 
118 129 
118 148 
118 59 
118 31 
118 150 
118 165 
118 48 
118 3 
118 155 
118 16 
118 130 
118 110 
118 77 
118 127 
118 13 
118 14 
118 141 
118 24 
118 64 
118 39 
119 157 
119 30 
119 79 
119 54 
119 12 
119 120 
119 55 
119 9 
119 132 
119 44 
119 2 
119 92 
119 137 
119 22 
119 113 
119 31 
119 80 
119 49 
119 122 
119 67 
119 161 
119 141 
119 94 
119 4 
119 143 
119 109 
119 110 
119 152 
119 16 
119 24 
119 147 
119 21 
119 136 
119 145 
119 78 
119 166 
119 129 
119 51 
119 34 
119 130 
119 103 
119 162 
119 154 
119 142 
119 131 
119 11 
119 8 
119 18 
119 25 
119 165 
119 146 
119 126 
119 69 
120 13 
120 58 
120 42 
120 93 
120 53 
120 119 
120 69 
120 133 
120 109 
120 72 
120 89 
120 7 
120 59 
120 50 
120 23 
120 12 
120 37 
120 56 
120 95 
120 49 
120 46 
120 113 
120 66 
120 90 
120 73 
120 118 
120 26 
120 136 
120 52 
120 155 
120 31 
120 167 
120 104 
120 134 
120 160 
120 132 
120 55 
120 124 
120 79 
120 115 
120 137 
120 67 
120 163 
120 154 
120 21 
120 122 
120 135 
120 101 
120 139 
120 111 
120 102 
121 38 
121 105 
121 43 
121 73 
121 98 
121 94 
121 126 
121 165 
121 15 
121 113 
121 115 
121 97 
121 16 
121 151 
121 167 
121 31 
121 26 
121 23 
121 69 
121 125 
121 17 
121 143 
121 14 
121 152 
121 20 
121 155 
121 45 
121 58 
121 79 
121 99 
121 72 
121 157 
121 30 
121 110 
121 13 
121 67 
121 51 
121 103 
121 80 
121 159 
121 40 
121 109 
121 28 
121 39 
121 144 
121 117 
121 7 
121 111 
121 11 
121 18 
122 114 
122 62 
122 70 
122 78 
122 137 
122 39 
122 24 
122 31 
122 36 
122 54 
122 125 
122 66 
122 58 
122 143 
122 109 
122 106 
122 7 
122 56 
122 48 
122 26 
122 162 
122 32 
122 14 
122 74 
122 165 
122 96 
122 119 
122 30 
122 71 
122 144 
122 23 
122 95 
122 80 
122 10 
122 21 
122 89 
122 130 
122 150 
122 104 
122 99 
122 68 
122 20 
122 8 
122 128 
122 93 
122 123 
122 168 
122 35 
122 120 
122 126 
122 90 
122 46 
123 34 
123 116 
123 147 
123 153 
123 26 
123 155 
123 141 
123 63 
123 129 
123 10 
123 87 
123 96 
123 104 
123 160 
123 18 
123 3 
123 85 
123 59 
123 27 
123 100 
123 15 
123 31 
123 117 
123 23 
123 145 
123 131 
123 29 
123 62 
123 17 
123 74 
123 33 
123 12 
123 53 
123 6 
123 91 
123 95 
123 38 
123 61 
123 102 
123 161 
123 93 
123 139 
123 150 
123 65 
123 77 
123 122 
123 21 
123 164 
123 142 
123 97 
123 115 
123 128 
123 125 
123 114 
123 11 
123 64 
123 50 
123 16 
123 45 
123 73 
124 154 
124 131 
124 50 
124 64 
124 17 
124 72 
124 10 
124 149 
124 73 
124 104 
124 33 
124 54 
124 7 
124 44 
124 12 
124 160 
124 15 
124 139 
124 150 
124 93 
124 167 
124 56 
124 63 
124 16 
124 110 
124 70 
124 77 
124 108 
124 127 
124 125 
124 111 
124 86 
124 75 
124 120 
124 162 
124 18 
124 128 
124 43 
124 147 
124 83 
124 148 
124 134 
124 37 
125 117 
125 147 
125 150 
125 102 
125 115 
125 10 
125 57 
125 96 
125 40 
125 122 
125 131 
125 155 
125 104 
125 56 
125 26 
125 28 
125 46 
125 109 
125 164 
125 81 
125 121 
125 6 
125 74 
125 156 
125 55 
125 162 
125 135 
125 3 
125 72 
125 35 
125 42 
125 110 
125 44 
125 25 
125 124 
125 8 
125 149 
125 30 
125 127 
125 128 
125 161 
125 140 
125 31 
125 39 
125 67 
125 32 
125 123 
125 58 
125 113 
125 105 
126 17 
126 105 
126 43 
126 40 
126 160 
126 110 
126 89 
126 71 
126 19 
126 2 
126 140 
126 60 
126 121 
126 11 
126 129 
126 103 
126 56 
126 108 
126 75 
126 8 
126 29 
126 52 
126 134 
126 7 
126 68 
126 106 
126 59 
126 148 
126 77 
126 109 
126 137 
126 139 
126 1 
126 162 
126 50 
126 72 
126 4 
126 48 
126 166 
126 18 
126 55 
126 161 
126 44 
126 92 
126 78 
126 33 
126 6 
126 64 
126 122 
126 0 
126 119 
127 109 
127 168 
127 4 
127 85 
127 115 
127 45 
127 42 
127 37 
127 101 
127 158 
127 79 
127 114 
127 163 
127 2 
127 82 
127 99 
127 92 
127 137 
127 166 
127 64 
127 34 
127 70 
127 72 
127 105 
127 78 
127 124 
127 153 
127 104 
127 31 
127 40 
127 148 
127 6 
127 132 
127 76 
127 102 
127 125 
127 38 
127 86 
127 61 
127 118 
127 111 
127 130 
127 8 
127 150 
127 138 
127 20 
128 168 
128 139 
128 21 
128 33 
128 110 
128 130 
128 87 
128 159 
128 73 
128 84 
128 99 
128 45 
128 18 
128 55 
128 145 
128 17 
128 71 
128 86 
128 165 
128 1 
128 136 
128 78 
128 30 
128 135 
128 88 
128 13 
128 38 
128 36 
128 20 
128 75 
128 81 
128 16 
128 122 
128 26 
128 125 
128 164 
128 123 
128 124 
128 131 
128 129 
128 138 
128 85 
129 82 
129 63 
129 20 
129 117 
129 13 
129 93 
129 158 
129 3 
129 34 
129 61 
129 96 
129 26 
129 155 
129 123 
129 115 
129 136 
129 152 
129 101 
129 15 
129 5 
129 126 
129 79 
129 142 
129 85 
129 95 
129 1 
129 97 
129 36 
129 167 
129 165 
129 47 
129 118 
129 54 
129 151 
129 52 
129 12 
129 99 
129 73 
129 119 
129 149 
129 159 
129 49 
129 68 
129 91 
129 80 
129 45 
129 104 
129 6 
129 84 
129 128 
129 48 
129 160 
129 70 
129 94 
130 6 
130 131 
130 9 
130 153 
130 45 
130 133 
130 97 
130 155 
130 4 
130 103 
130 128 
130 161 
130 12 
130 10 
130 72 
130 149 
130 134 
130 20 
130 106 
130 3 
130 37 
130 160 
130 1 
130 53 
130 15 
130 47 
130 135 
130 140 
130 68 
130 29 
130 32 
130 60 
130 49 
130 2 
130 62 
130 70 
130 59 
130 166 
130 112 
130 122 
130 11 
130 77 
130 19 
130 144 
130 107 
130 114 
130 137 
130 119 
130 115 
130 36 
130 118 
130 73 
130 165 
130 127 
130 156 
130 85 
130 21 
130 65 
130 75 
130 147 
131 140 
131 1 
131 130 
131 75 
131 124 
131 139 
131 35 
131 148 
131 97 
131 113 
131 125 
131 84 
131 57 
131 32 
131 161 
131 43 
131 30 
131 110 
131 28 
131 77 
131 89 
131 78 
131 138 
131 10 
131 158 
131 123 
131 6 
131 149 
131 150 
131 114 
131 166 
131 61 
131 39 
131 80 
131 95 
131 37 
131 50 
131 16 
131 88 
131 63 
131 119 
131 111 
131 44 
131 73 
131 11 
131 29 
131 151 
131 128 
131 3 
131 94 
131 62 
131 71 
131 136 
132 55 
132 24 
132 70 
132 163 
132 68 
132 155 
132 119 
132 38 
132 165 
132 157 
132 46 
132 51 
132 37 
132 87 
132 149 
132 136 
132 164 
132 159 
132 75 
132 81 
132 150 
132 112 
132 40 
132 73 
132 143 
132 85 
132 117 
132 42 
132 36 
132 120 
132 56 
132 127 
132 168 
132 139 
132 97 
132 10 
132 7 
132 16 
132 98 
132 107 
132 108 
132 99 
132 144 
132 11 
132 84 
132 57 
133 5 
133 47 
133 73 
133 4 
133 138 
133 94 
133 130 
133 69 
133 31 
133 116 
133 105 
133 120 
133 19 
133 91 
133 43 
133 142 
133 10 
133 24 
133 156 
133 61 
133 145 
133 103 
133 34 
133 81 
133 101 
133 39 
133 168 
133 86 
133 17 
133 152 
133 72 
133 117 
133 92 
133 97 
133 102 
133 62 
133 28 
133 65 
133 12 
133 42 
133 68 
133 32 
133 41 
133 93 
133 67 
133 108 
134 154 
134 30 
134 81 
134 102 
134 43 
134 105 
134 164 
134 130 
134 34 
134 41 
134 59 
134 77 
134 20 
134 88 
134 137 
134 19 
134 31 
134 7 
134 117 
134 10 
134 70 
134 47 
134 126 
134 35 
134 86 
134 2 
134 45 
134 107 
134 67 
134 155 
134 38 
134 85 
134 139 
134 166 
134 159 
134 120 
134 55 
134 112 
134 23 
134 29 
134 90 
134 144 
134 44 
134 0 
134 106 
134 68 
134 136 
134 26 
134 78 
134 58 
134 91 
134 100 
134 124 
134 116 
134 138 
134 63 
135 162 
135 7 
135 18 
135 2 
135 43 
135 81 
135 140 
135 71 
135 63 
135 22 
135 11 
135 144 
135 75 
135 117 
135 116 
135 78 
135 48 
135 60 
135 65 
135 143 
135 130 
135 146 
135 90 
135 149 
135 128 
135 84 
135 53 
135 161 
135 125 
135 61 
135 58 
135 150 
135 45 
135 32 
135 136 
135 72 
135 151 
135 38 
135 12 
135 50 
135 120 
135 91 
135 29 
135 67 
135 55 
135 80 
135 8 
136 144 
136 49 
136 45 
136 157 
136 64 
136 16 
136 117 
136 7 
136 76 
136 129 
136 78 
136 48 
136 109 
136 63 
136 153 
136 132 
136 17 
136 4 
136 50 
136 1 
136 36 
136 128 
136 34 
136 143 
136 120 
136 108 
136 72 
136 158 
136 81 
136 62 
136 21 
136 85 
136 38 
136 140 
136 25 
136 42 
136 119 
136 52 
136 58 
136 28 
136 2 
136 135 
136 57 
136 102 
136 8 
136 37 
136 3 
136 19 
136 114 
136 134 
136 46 
136 40 
136 67 
136 148 
136 131 
137 43 
137 17 
137 48 
137 24 
137 1 
137 63 
137 122 
137 104 
137 18 
137 90 
137 68 
137 105 
137 139 
137 119 
137 8 
137 134 
137 42 
137 163 
137 70 
137 49 
137 94 
137 27 
137 127 
137 154 
137 97 
137 145 
137 158 
137 91 
137 54 
137 56 
137 153 
137 86 
137 78 
137 71 
137 126 
137 0 
137 5 
137 130 
137 98 
137 82 
137 120 
137 46 
137 33 
137 29 
137 11 
137 92 
137 159 
137 77 
137 140 
138 108 
138 13 
138 101 
138 55 
138 133 
138 45 
138 19 
138 103 
138 102 
138 8 
138 152 
138 33 
138 115 
138 114 
138 160 
138 31 
138 82 
138 91 
138 98 
138 42 
138 84 
138 131 
138 10 
138 37 
138 97 
138 106 
138 105 
138 116 
138 12 
138 104 
138 109 
138 150 
138 36 
138 89 
138 96 
138 44 
138 70 
138 50 
138 6 
138 158 
138 144 
138 128 
138 134 
138 47 
138 127 
138 49 
139 128 
139 153 
139 89 
139 131 
139 34 
139 42 
139 87 
139 84 
139 137 
139 167 
139 36 
139 93 
139 64 
139 141 
139 115 
139 1 
139 145 
139 9 
139 66 
139 166 
139 124 
139 108 
139 35 
139 56 
139 91 
139 148 
139 71 
139 146 
139 117 
139 10 
139 79 
139 40 
139 57 
139 140 
139 147 
139 134 
139 149 
139 12 
139 65 
139 114 
139 81 
139 18 
139 98 
139 126 
139 123 
139 24 
139 159 
139 132 
139 152 
139 73 
139 23 
139 99 
139 69 
139 51 
139 41 
139 144 
139 88 
139 120 
139 4 
139 48 
140 131 
140 165 
140 26 
140 92 
140 135 
140 18 
140 5 
140 51 
140 118 
140 23 
140 126 
140 152 
140 72 
140 58 
140 102 
140 17 
140 107 
140 24 
140 148 
140 49 
140 147 
140 108 
140 130 
140 155 
140 110 
140 40 
140 74 
140 34 
140 156 
140 162 
140 99 
140 32 
140 139 
140 150 
140 136 
140 115 
140 70 
140 112 
140 47 
140 76 
140 125 
140 93 
140 160 
140 16 
140 62 
140 97 
140 3 
140 57 
140 137 
141 90 
141 116 
141 163 
141 52 
141 105 
141 76 
141 30 
141 123 
141 68 
141 107 
141 74 
141 59 
141 165 
141 16 
141 139 
141 84 
141 50 
141 5 
141 45 
141 22 
141 119 
141 103 
141 48 
141 26 
141 2 
141 55 
141 159 
141 154 
141 73 
141 89 
141 18 
141 64 
141 8 
141 14 
141 0 
141 60 
141 151 
141 42 
141 145 
141 70 
141 118 
141 166 
141 91 
142 32 
142 1 
142 102 
142 104 
142 9 
142 22 
142 133 
142 53 
142 118 
142 14 
142 129 
142 41 
142 3 
142 89 
142 5 
142 6 
142 30 
142 86 
142 107 
142 51 
142 101 
142 109 
142 67 
142 81 
142 167 
142 60 
142 94 
142 147 
142 15 
142 144 
142 119 
142 123 
142 42 
142 77 
142 145 
142 78 
142 113 
142 154 
142 63 
142 36 
142 72 
142 37 
142 49 
142 103 
143 2 
143 100 
143 52 
143 145 
143 75 
143 4 
143 88 
143 160 
143 94 
143 122 
143 112 
143 46 
143 154 
143 32 
143 58 
143 0 
143 26 
143 36 
143 66 
143 20 
143 135 
143 42 
143 49 
143 136 
143 33 
143 121 
143 70 
143 119 
143 95 
143 150 
143 29 
143 72 
143 159 
143 132 
143 34 
143 152 
143 147 
143 17 
143 10 
143 24 
143 38 
143 8 
143 69 
143 13 
143 60 
143 6 
143 65 
143 73 
143 78 
143 37 
143 115 
143 101 
143 96 
144 136 
144 86 
144 115 
144 39 
144 49 
144 75 
144 113 
144 154 
144 135 
144 24 
144 57 
144 63 
144 147 
144 43 
144 36 
144 72 
144 122 
144 156 
144 85 
144 35 
144 66 
144 52 
144 32 
144 149 
144 87 
144 7 
144 130 
144 12 
144 142 
144 134 
144 80 
144 112 
144 18 
144 31 
144 164 
144 139 
144 121 
144 55 
144 165 
144 159 
144 138 
144 132 
144 44 
144 40 
144 11 
144 29 
145 113 
145 73 
145 29 
145 152 
145 155 
145 92 
145 45 
145 143 
145 26 
145 154 
145 83 
145 4 
145 117 
145 79 
145 33 
145 57 
145 72 
145 49 
145 128 
145 23 
145 139 
145 97 
145 69 
145 7 
145 96 
145 43 
145 58 
145 5 
145 123 
145 35 
145 133 
145 41 
145 56 
145 104 
145 87 
145 65 
145 12 
145 137 
145 34 
145 101 
145 32 
145 10 
145 64 
145 167 
145 119 
145 0 
145 28 
145 164 
145 149 
145 156 
145 142 
145 11 
145 31 
145 141 
145 161 
145 38 
146 70 
146 22 
146 97 
146 10 
146 83 
146 107 
146 82 
146 39 
146 67 
146 36 
146 23 
146 4 
146 49 
146 103 
146 29 
146 71 
146 81 
146 135 
146 164 
146 87 
146 139 
146 65 
146 167 
146 45 
146 101 
146 112 
146 90 
146 20 
146 113 
146 93 
146 154 
146 64 
146 55 
146 31 
146 6 
146 86 
146 21 
146 95 
146 104 
146 52 
146 96 
146 119 
146 111 
147 125 
147 123 
147 51 
147 152 
147 162 
147 52 
147 43 
147 114 
147 168 
147 167 
147 18 
147 56 
147 78 
147 69 
147 144 
147 53 
147 31 
147 106 
147 80 
147 66 
147 115 
147 65 
147 140 
147 58 
147 155 
147 157 
147 14 
147 101 
147 93 
147 81 
147 29 
147 32 
147 44 
147 139 
147 119 
147 10 
147 55 
147 143 
147 36 
147 142 
147 21 
147 24 
147 105 
147 89 
147 112 
147 86 
147 67 
147 90 
147 35 
147 73 
147 124 
147 17 
147 130 
147 12 
147 62 
148 163 
148 9 
148 59 
148 42 
148 131 
148 8 
148 14 
148 36 
148 34 
148 149 
148 58 
148 6 
148 67 
148 140 
148 87 
148 62 
148 150 
148 159 
148 22 
148 49 
148 11 
148 139 
148 27 
148 118 
148 126 
148 4 
148 18 
148 35 
148 68 
148 80 
148 20 
148 166 
148 83 
148 54 
148 127 
148 48 
148 86 
148 110 
148 53 
148 155 
148 96 
148 41 
148 92 
148 0 
148 30 
148 124 
148 105 
148 82 
148 136 
148 158 
148 108 
149 95 
149 31 
149 58 
149 26 
149 124 
149 130 
149 57 
149 102 
149 59 
149 108 
149 29 
149 132 
149 148 
149 14 
149 76 
149 91 
149 88 
149 6 
149 52 
149 61 
149 42 
149 107 
149 135 
149 155 
149 131 
149 11 
149 77 
149 78 
149 32 
149 139 
149 96 
149 144 
149 45 
149 125 
149 8 
149 104 
149 162 
149 115 
149 129 
149 10 
149 63 
149 81 
149 70 
149 9 
149 145 
149 106 
149 83 
149 84 
149 22 
149 89 
149 28 
149 44 
149 90 
149 150 
149 30 
150 69 
150 125 
150 117 
150 84 
150 60 
150 113 
150 56 
150 108 
150 34 
150 73 
150 158 
150 97 
150 88 
150 160 
150 93 
150 3 
150 148 
150 27 
150 112 
150 124 
150 87 
150 132 
150 24 
150 2 
150 143 
150 92 
150 110 
150 131 
150 58 
150 138 
150 135 
150 162 
150 140 
150 161 
150 122 
150 55 
150 152 
150 118 
150 123 
150 10 
150 12 
150 67 
150 91 
150 116 
150 63 
150 127 
150 26 
150 149 
150 75 
150 104 
151 29 
151 59 
151 66 
151 109 
151 93 
151 10 
151 58 
151 161 
151 98 
151 79 
151 75 
151 74 
151 36 
151 31 
151 111 
151 121 
151 49 
151 47 
151 57 
151 65 
151 27 
151 72 
151 106 
151 5 
151 129 
151 56 
151 154 
151 45 
151 71 
151 165 
151 1 
151 135 
151 33 
151 53 
151 23 
151 141 
151 163 
151 131 
151 24 
151 6 
152 118 
152 145 
152 147 
152 71 
152 104 
152 65 
152 138 
152 106 
152 86 
152 140 
152 48 
152 12 
152 93 
152 129 
152 53 
152 38 
152 19 
152 78 
152 97 
152 40 
152 73 
152 115 
152 62 
152 83 
152 45 
152 121 
152 7 
152 61 
152 119 
152 30 
152 155 
152 116 
152 36 
152 63 
152 143 
152 133 
152 156 
152 55 
152 0 
152 31 
152 70 
152 150 
152 56 
152 6 
152 139 
152 37 
152 13 
152 25 
152 74 
152 88 
153 139 
153 130 
153 97 
153 123 
153 162 
153 59 
153 65 
153 29 
153 40 
153 103 
153 136 
153 3 
153 114 
153 100 
153 41 
153 92 
153 0 
153 19 
153 106 
153 60 
153 11 
153 113 
153 137 
153 166 
153 127 
153 17 
153 44 
153 25 
153 109 
153 73 
153 35 
153 39 
153 105 
153 46 
153 91 
153 89 
153 53 
153 75 
153 88 
153 42 
153 90 
154 54 
154 134 
154 124 
154 44 
154 103 
154 114 
154 48 
154 105 
154 33 
154 13 
154 80 
154 145 
154 63 
154 90 
154 102 
154 49 
154 11 
154 144 
154 143 
154 36 
154 158 
154 93 
154 81 
154 41 
154 116 
154 70 
154 23 
154 104 
154 137 
154 72 
154 5 
154 59 
154 51 
154 112 
154 38 
154 75 
154 84 
154 168 
154 15 
154 31 
154 40 
154 60 
154 151 
154 146 
154 37 
154 39 
154 141 
154 47 
154 10 
154 18 
154 71 
154 6 
154 160 
154 165 
154 62 
154 119 
154 155 
154 120 
154 9 
154 57 
154 16 
154 65 
154 142 
154 29 
154 19 
154 83 
154 100 
155 103 
155 44 
155 82 
155 13 
155 145 
155 130 
155 55 
155 132 
155 123 
155 83 
155 129 
155 20 
155 27 
155 77 
155 125 
155 24 
155 33 
155 34 
155 0 
155 60 
155 31 
155 147 
155 140 
155 113 
155 149 
155 45 
155 120 
155 76 
155 121 
155 152 
155 134 
155 112 
155 81 
155 166 
155 86 
155 2 
155 8 
155 50 
155 1 
155 99 
155 118 
155 74 
155 154 
155 148 
155 68 
155 7 
155 56 
155 67 
155 97 
155 38 
155 90 
155 4 
156 35 
156 53 
156 32 
156 36 
156 71 
156 84 
156 19 
156 79 
156 158 
156 70 
156 46 
156 27 
156 113 
156 101 
156 103 
156 28 
156 168 
156 118 
156 157 
156 51 
156 133 
156 9 
156 144 
156 60 
156 61 
156 80 
156 67 
156 17 
156 33 
156 163 
156 63 
156 125 
156 87 
156 140 
156 16 
156 31 
156 152 
156 8 
156 47 
156 7 
156 10 
156 107 
156 166 
156 110 
156 91 
156 73 
156 65 
156 145 
156 49 
156 108 
156 130 
156 90 
156 14 
156 12 
156 20 
157 119 
157 136 
157 69 
157 73 
157 4 
157 51 
157 109 
157 98 
157 167 
157 132 
157 50 
157 9 
157 58 
157 106 
157 11 
157 24 
157 53 
157 63 
157 21 
157 38 
157 163 
157 101 
157 156 
157 72 
157 103 
157 147 
157 71 
157 76 
157 19 
157 166 
157 7 
157 111 
157 17 
157 99 
157 108 
157 54 
157 96 
157 121 
157 49 
157 26 
157 64 
157 165 
157 105 
157 42 
157 78 
157 41 
158 16 
158 98 
158 75 
158 51 
158 129 
158 89 
158 156 
158 82 
158 127 
158 85 
158 97 
158 20 
158 96 
158 4 
158 150 
158 5 
158 154 
158 68 
158 58 
158 84 
158 131 
158 45 
158 27 
158 10 
158 79 
158 2 
158 137 
158 136 
158 9 
158 111 
158 8 
158 67 
158 60 
158 46 
158 160 
158 26 
158 50 
158 32 
158 34 
158 52 
158 63 
158 21 
158 33 
158 29 
158 41 
158 71 
158 40 
158 138 
158 36 
158 106 
158 148 
158 49 
159 93 
159 90 
159 34 
159 46 
159 128 
159 84 
159 52 
159 4 
159 54 
159 32 
159 103 
159 24 
159 53 
159 102 
159 88 
159 101 
159 86 
159 132 
159 99 
159 148 
159 31 
159 23 
159 85 
159 59 
159 12 
159 167 
159 47 
159 22 
159 97 
159 143 
159 25 
159 107 
159 161 
159 134 
159 100 
159 141 
159 26 
159 62 
159 41 
159 139 
159 129 
159 69 
159 0 
159 121 
159 111 
159 104 
159 13 
159 74 
159 70 
159 144 
159 115 
159 57 
159 6 
159 92 
159 56 
159 137 
160 21 
160 15 
160 105 
160 126 
160 26 
160 143 
160 98 
160 67 
160 77 
160 49 
160 166 
160 123 
160 138 
160 115 
160 150 
160 130 
160 124 
160 33 
160 100 
160 8 
160 83 
160 5 
160 99 
160 0 
160 62 
160 80 
160 17 
160 43 
160 96 
160 79 
160 158 
160 120 
160 41 
160 154 
160 61 
160 66 
160 162 
160 64 
160 112 
160 140 
160 108 
160 47 
160 90 
160 129 
161 54 
161 87 
161 13 
161 97 
161 83 
161 17 
161 130 
161 14 
161 81 
161 100 
161 73 
161 45 
161 151 
161 72 
161 86 
161 162 
161 32 
161 10 
161 53 
161 38 
161 131 
161 55 
161 168 
161 118 
161 92 
161 37 
161 93 
161 119 
161 115 
161 70 
161 21 
161 7 
161 135 
161 8 
161 114 
161 159 
161 15 
161 57 
161 102 
161 75 
161 150 
161 2 
161 116 
161 123 
161 77 
161 66 
161 88 
161 67 
161 41 
161 164 
161 125 
161 23 
161 126 
161 46 
161 80 
161 28 
161 1 
161 58 
161 145 
161 91 
161 61 
162 135 
162 48 
162 115 
162 153 
162 147 
162 16 
162 108 
162 93 
162 25 
162 161 
162 34 
162 118 
162 30 
162 83 
162 52 
162 122 
162 20 
162 56 
162 35 
162 168 
162 42 
162 104 
162 68 
162 112 
162 49 
162 140 
162 125 
162 81 
162 18 
162 150 
162 65 
162 110 
162 46 
162 85 
162 114 
162 73 
162 149 
162 62 
162 29 
162 9 
162 126 
162 88 
162 124 
162 119 
162 160 
162 14 
162 39 
162 22 
162 21 
162 47 
162 103 
162 38 
162 94 
163 148 
163 52 
163 73 
163 141 
163 132 
163 86 
163 33 
163 29 
163 36 
163 96 
163 24 
163 127 
163 23 
163 47 
163 113 
163 5 
163 168 
163 137 
163 157 
163 90 
163 17 
163 111 
163 156 
163 14 
163 37 
163 19 
163 104 
163 42 
163 120 
163 92 
163 151 
163 166 
163 62 
163 59 
163 39 
163 64 
163 34 
164 45 
164 20 
164 100 
164 0 
164 11 
164 25 
164 134 
164 22 
164 30 
164 87 
164 14 
164 56 
164 73 
164 27 
164 6 
164 8 
164 132 
164 125 
164 28 
164 111 
164 106 
164 26 
164 146 
164 105 
164 63 
164 50 
164 80 
164 101 
164 13 
164 46 
164 90 
164 103 
164 168 
164 40 
164 167 
164 69 
164 72 
164 85 
164 10 
164 42 
164 123 
164 93 
164 52 
164 145 
164 62 
164 102 
164 35 
164 161 
164 128 
164 81 
164 65 
164 144 
164 33 
164 53 
164 74 
164 114 
164 92 
164 67 
164 24 
164 41 
165 72 
165 50 
165 5 
165 108 
165 140 
165 52 
165 42 
165 22 
165 114 
165 132 
165 4 
165 51 
165 121 
165 141 
165 90 
165 43 
165 38 
165 62 
165 81 
165 89 
165 128 
165 122 
165 102 
165 109 
165 129 
165 41 
165 7 
165 68 
165 117 
165 116 
165 20 
165 58 
165 76 
165 69 
165 59 
165 33 
165 45 
165 32 
165 151 
165 106 
165 85 
165 118 
165 21 
165 154 
165 23 
165 0 
165 157 
165 6 
165 87 
165 130 
165 144 
165 119 
165 111 
166 44 
166 87 
166 49 
166 37 
166 35 
166 116 
166 160 
166 1 
166 107 
166 48 
166 28 
166 82 
166 95 
166 25 
166 43 
166 40 
166 113 
166 29 
166 139 
166 101 
166 114 
166 112 
166 2 
166 17 
166 127 
166 57 
166 109 
166 5 
166 157 
166 85 
166 153 
166 131 
166 134 
166 130 
166 92 
166 155 
166 104 
166 72 
166 148 
166 119 
166 86 
166 156 
166 42 
166 14 
166 126 
166 83 
166 52 
166 59 
166 163 
166 141 
166 27 
167 39 
167 53 
167 21 
167 147 
167 157 
167 42 
167 17 
167 47 
167 111 
167 139 
167 71 
167 49 
167 168 
167 121 
167 4 
167 129 
167 124 
167 30 
167 72 
167 146 
167 120 
167 105 
167 94 
167 159 
167 117 
167 1 
167 114 
167 14 
167 0 
167 142 
167 48 
167 85 
167 62 
167 112 
167 164 
167 22 
167 78 
167 50 
167 145 
167 95 
167 16 
167 6 
167 27 
167 10 
167 99 
168 128 
168 58 
168 127 
168 81 
168 147 
168 49 
168 27 
168 68 
168 65 
168 7 
168 167 
168 163 
168 25 
168 102 
168 161 
168 156 
168 28 
168 115 
168 47 
168 76 
168 110 
168 92 
168 39 
168 64 
168 72 
168 3 
168 17 
168 74 
168 162 
168 1 
168 34 
168 26 
168 80 
168 164 
168 133 
168 154 
168 63 
168 31 
168 84 
168 114 
168 100 
168 132 
168 8 
168 21 
168 122 
168 44 
168 90 
168 9 
168 2 
168 109 
168 60 
168 10 
168 89 
168 82 
168 53 
168 5 
