0 26 
0 205 
0 224 
0 210 
0 41 
0 44 
0 97 
0 13 
0 164 
0 42 
0 5 
0 136 
0 21 
0 52 
0 161 
0 3 
0 34 
0 40 
0 68 
0 32 
0 54 
0 121 
0 194 
0 203 
0 69 
0 173 
0 88 
1 61 
1 120 
1 79 
1 9 
1 208 
1 158 
1 89 
1 215 
1 186 
1 151 
1 145 
1 178 
1 148 
1 43 
1 57 
1 116 
1 195 
2 174 
2 138 
2 163 
2 82 
2 13 
2 26 
2 80 
2 135 
2 67 
2 37 
2 165 
2 36 
2 100 
2 160 
2 206 
2 44 
2 208 
3 12 
3 214 
3 190 
3 123 
3 127 
3 78 
3 206 
3 84 
3 32 
3 42 
3 151 
3 215 
3 37 
3 39 
3 167 
3 133 
3 34 
3 5 
3 148 
3 132 
3 200 
3 0 
3 221 
3 181 
3 188 
3 143 
3 158 
3 174 
3 20 
3 161 
3 183 
4 48 
4 18 
4 28 
4 143 
4 186 
4 80 
4 154 
4 116 
4 79 
4 172 
4 174 
4 35 
4 90 
4 88 
4 16 
4 148 
4 126 
4 219 
4 10 
4 73 
4 199 
4 30 
4 57 
4 58 
5 28 
5 211 
5 201 
5 74 
5 17 
5 101 
5 0 
5 86 
5 3 
5 166 
5 15 
5 142 
5 208 
5 199 
5 113 
5 39 
5 206 
5 200 
6 118 
6 206 
6 116 
6 105 
6 80 
6 162 
6 195 
6 69 
6 20 
6 202 
6 128 
6 157 
6 171 
6 216 
6 220 
6 209 
6 175 
6 34 
6 40 
6 81 
6 87 
6 181 
6 17 
6 115 
7 106 
7 39 
7 179 
7 204 
7 138 
7 72 
7 152 
7 83 
7 199 
7 145 
7 166 
7 70 
7 121 
7 104 
7 63 
7 163 
7 99 
7 139 
7 147 
7 111 
7 42 
7 98 
7 159 
7 88 
8 99 
8 175 
8 143 
8 63 
8 9 
8 59 
8 159 
8 61 
8 150 
8 117 
8 163 
8 26 
8 25 
8 18 
8 27 
8 55 
8 223 
8 114 
8 146 
9 129 
9 131 
9 171 
9 114 
9 176 
9 213 
9 8 
9 167 
9 1 
9 199 
9 71 
9 128 
9 161 
9 138 
9 15 
9 81 
9 93 
9 17 
9 49 
9 142 
9 172 
9 164 
9 28 
9 54 
9 30 
9 220 
10 149 
10 168 
10 43 
10 36 
10 203 
10 55 
10 70 
10 24 
10 138 
10 224 
10 111 
10 60 
10 15 
10 135 
10 128 
10 200 
10 56 
10 211 
10 164 
10 165 
10 59 
10 170 
10 4 
10 133 
10 220 
10 14 
11 39 
11 154 
11 30 
11 118 
11 170 
11 176 
11 31 
11 107 
11 116 
11 173 
11 193 
11 160 
11 59 
11 123 
11 122 
11 204 
11 214 
11 41 
11 33 
11 57 
11 139 
11 223 
12 3 
12 149 
12 215 
12 152 
12 156 
12 217 
12 52 
12 157 
12 110 
12 49 
12 165 
12 116 
12 154 
12 161 
13 178 
13 68 
13 189 
13 176 
13 216 
13 32 
13 2 
13 107 
13 0 
13 100 
13 34 
13 21 
13 201 
13 217 
13 42 
13 135 
13 184 
13 92 
13 74 
13 19 
13 162 
13 158 
13 199 
13 102 
13 142 
14 95 
14 164 
14 185 
14 35 
14 117 
14 66 
14 202 
14 145 
14 148 
14 197 
14 94 
14 93 
14 24 
14 31 
14 198 
14 89 
14 101 
14 125 
14 157 
14 107 
14 21 
14 53 
14 168 
14 181 
14 156 
14 154 
14 36 
14 160 
14 124 
14 182 
14 175 
14 112 
14 41 
14 38 
14 108 
14 10 
15 113 
15 69 
15 97 
15 175 
15 111 
15 154 
15 119 
15 9 
15 212 
15 10 
15 76 
15 5 
15 61 
15 185 
15 150 
15 200 
15 93 
15 211 
15 219 
15 24 
15 218 
16 168 
16 200 
16 105 
16 22 
16 149 
16 18 
16 220 
16 126 
16 97 
16 222 
16 155 
16 179 
16 24 
16 129 
16 4 
16 167 
16 56 
16 173 
16 38 
16 39 
16 35 
16 86 
16 162 
17 123 
17 148 
17 139 
17 102 
17 55 
17 131 
17 5 
17 61 
17 23 
17 185 
17 107 
17 95 
17 92 
17 9 
17 177 
17 142 
17 156 
17 85 
17 52 
17 199 
17 46 
17 6 
17 149 
18 159 
18 25 
18 67 
18 199 
18 4 
18 116 
18 87 
18 89 
18 16 
18 120 
18 134 
18 172 
18 216 
18 142 
18 222 
18 26 
18 188 
18 213 
18 8 
18 162 
18 211 
18 219 
18 106 
18 50 
18 154 
19 222 
19 74 
19 164 
19 185 
19 89 
19 180 
19 98 
19 70 
19 122 
19 91 
19 44 
19 30 
19 86 
19 144 
19 217 
19 116 
19 53 
19 50 
19 56 
19 169 
19 105 
19 43 
19 13 
19 31 
19 103 
19 200 
19 158 
20 32 
20 141 
20 29 
20 87 
20 6 
20 170 
20 162 
20 187 
20 200 
20 211 
20 191 
20 165 
20 210 
20 220 
20 101 
20 84 
20 146 
20 113 
20 145 
20 78 
20 77 
20 110 
20 157 
20 123 
20 183 
20 35 
20 112 
20 3 
20 194 
20 132 
20 137 
20 185 
21 123 
21 92 
21 107 
21 148 
21 176 
21 155 
21 14 
21 39 
21 13 
21 0 
21 163 
21 106 
21 127 
21 174 
21 58 
22 125 
22 168 
22 139 
22 162 
22 166 
22 114 
22 16 
22 178 
22 144 
22 32 
22 122 
22 91 
22 95 
22 96 
22 28 
22 80 
22 116 
22 193 
23 102 
23 77 
23 158 
23 113 
23 157 
23 27 
23 193 
23 45 
23 17 
23 222 
23 159 
23 146 
23 128 
23 218 
23 164 
23 86 
23 32 
23 84 
23 134 
23 140 
23 187 
23 80 
23 94 
24 132 
24 157 
24 51 
24 60 
24 133 
24 42 
24 121 
24 104 
24 83 
24 139 
24 10 
24 59 
24 190 
24 14 
24 34 
24 28 
24 16 
24 55 
24 150 
24 208 
24 204 
24 32 
24 183 
24 123 
24 169 
24 151 
24 114 
24 44 
24 86 
24 155 
24 15 
25 37 
25 18 
25 130 
25 121 
25 99 
25 187 
25 74 
25 50 
25 213 
25 47 
25 61 
25 85 
25 211 
25 28 
25 8 
25 68 
25 214 
25 157 
25 53 
25 64 
25 115 
25 119 
25 67 
26 118 
26 179 
26 61 
26 183 
26 0 
26 206 
26 2 
26 33 
26 220 
26 142 
26 18 
26 44 
26 199 
26 8 
26 150 
26 46 
26 90 
26 157 
26 209 
27 194 
27 169 
27 106 
27 136 
27 23 
27 153 
27 58 
27 65 
27 176 
27 78 
27 73 
27 154 
27 148 
27 110 
27 41 
27 44 
27 8 
27 133 
27 189 
27 193 
27 100 
28 150 
28 148 
28 5 
28 4 
28 81 
28 69 
28 120 
28 71 
28 121 
28 24 
28 109 
28 101 
28 155 
28 97 
28 124 
28 209 
28 29 
28 25 
28 113 
28 22 
28 111 
28 9 
29 54 
29 78 
29 160 
29 20 
29 127 
29 67 
29 59 
29 74 
29 84 
29 189 
29 28 
29 110 
29 69 
29 178 
29 203 
29 179 
29 202 
29 92 
29 38 
30 42 
30 39 
30 116 
30 11 
30 215 
30 185 
30 94 
30 221 
30 19 
30 107 
30 57 
30 163 
30 212 
30 95 
30 164 
30 48 
30 134 
30 190 
30 204 
30 73 
30 115 
30 103 
30 86 
30 191 
30 63 
30 9 
30 4 
30 79 
31 71 
31 43 
31 223 
31 213 
31 135 
31 14 
31 11 
31 152 
31 219 
31 114 
31 173 
31 72 
31 154 
31 134 
31 86 
31 162 
31 133 
31 32 
31 105 
31 19 
31 194 
31 146 
31 67 
31 104 
32 144 
32 108 
32 13 
32 96 
32 20 
32 189 
32 97 
32 166 
32 3 
32 92 
32 221 
32 210 
32 47 
32 58 
32 22 
32 128 
32 191 
32 216 
32 24 
32 52 
32 208 
32 31 
32 53 
32 93 
32 55 
32 23 
32 139 
32 36 
32 129 
32 0 
32 49 
32 35 
33 155 
33 50 
33 26 
33 199 
33 42 
33 144 
33 183 
33 164 
33 106 
33 86 
33 57 
33 11 
33 49 
33 104 
33 166 
33 149 
34 66 
34 204 
34 24 
34 13 
34 104 
34 112 
34 3 
34 172 
34 91 
34 157 
34 51 
34 0 
34 197 
34 58 
34 122 
34 55 
34 87 
34 190 
34 6 
34 70 
35 146 
35 177 
35 14 
35 86 
35 60 
35 220 
35 82 
35 150 
35 168 
35 178 
35 4 
35 112 
35 97 
35 85 
35 129 
35 43 
35 99 
35 46 
35 198 
35 70 
35 171 
35 16 
35 20 
35 218 
35 67 
35 32 
35 219 
35 205 
35 169 
36 190 
36 223 
36 10 
36 184 
36 70 
36 97 
36 222 
36 87 
36 185 
36 155 
36 2 
36 183 
36 14 
36 194 
36 32 
36 62 
36 154 
36 78 
37 25 
37 48 
37 66 
37 101 
37 214 
37 118 
37 121 
37 114 
37 220 
37 3 
37 157 
37 2 
37 60 
37 87 
37 153 
37 162 
37 143 
37 171 
37 97 
37 221 
38 181 
38 202 
38 206 
38 140 
38 138 
38 141 
38 135 
38 199 
38 116 
38 208 
38 16 
38 126 
38 178 
38 223 
38 14 
38 29 
39 11 
39 133 
39 123 
39 219 
39 178 
39 7 
39 45 
39 30 
39 56 
39 76 
39 157 
39 3 
39 135 
39 86 
39 108 
39 155 
39 21 
39 93 
39 106 
39 112 
39 198 
39 100 
39 89 
39 79 
39 220 
39 186 
39 16 
39 66 
39 5 
39 102 
39 96 
39 166 
39 202 
39 170 
40 127 
40 80 
40 124 
40 149 
40 49 
40 198 
40 146 
40 56 
40 116 
40 213 
40 64 
40 134 
40 45 
40 71 
40 54 
40 214 
40 42 
40 60 
40 0 
40 210 
40 152 
40 55 
40 184 
40 6 
40 218 
41 125 
41 142 
41 0 
41 85 
41 179 
41 192 
41 97 
41 117 
41 223 
41 59 
41 191 
41 167 
41 147 
41 123 
41 11 
41 27 
41 74 
41 127 
41 75 
41 207 
41 14 
41 108 
41 213 
41 44 
41 182 
42 30 
42 24 
42 79 
42 189 
42 61 
42 3 
42 77 
42 0 
42 117 
42 192 
42 33 
42 45 
42 210 
42 124 
42 200 
42 90 
42 128 
42 40 
42 13 
42 216 
42 93 
42 109 
42 205 
42 7 
42 113 
42 99 
42 58 
43 217 
43 31 
43 85 
43 10 
43 84 
43 140 
43 184 
43 88 
43 74 
43 90 
43 162 
43 157 
43 107 
43 213 
43 35 
43 1 
43 78 
43 209 
43 214 
43 19 
43 123 
43 73 
43 125 
43 150 
43 163 
44 213 
44 196 
44 94 
44 101 
44 223 
44 107 
44 187 
44 0 
44 192 
44 19 
44 215 
44 181 
44 26 
44 57 
44 161 
44 102 
44 105 
44 27 
44 174 
44 24 
44 154 
44 208 
44 55 
44 41 
44 160 
44 2 
44 45 
44 179 
45 213 
45 39 
45 224 
45 59 
45 123 
45 54 
45 23 
45 42 
45 125 
45 40 
45 79 
45 160 
45 131 
45 195 
45 101 
45 60 
45 197 
45 82 
45 186 
45 75 
45 201 
45 44 
46 65 
46 116 
46 55 
46 184 
46 181 
46 204 
46 165 
46 224 
46 26 
46 151 
46 88 
46 35 
46 210 
46 115 
46 17 
46 103 
46 47 
47 212 
47 108 
47 54 
47 199 
47 76 
47 191 
47 216 
47 73 
47 79 
47 164 
47 25 
47 65 
47 151 
47 32 
47 99 
47 207 
47 104 
47 173 
47 97 
47 188 
47 75 
47 182 
47 197 
47 157 
47 170 
47 211 
47 46 
48 179 
48 192 
48 129 
48 37 
48 186 
48 4 
48 205 
48 158 
48 130 
48 102 
48 128 
48 53 
48 86 
48 57 
48 30 
48 141 
48 116 
48 145 
48 142 
48 87 
49 97 
49 206 
49 51 
49 65 
49 40 
49 88 
49 165 
49 96 
49 220 
49 78 
49 129 
49 135 
49 210 
49 120 
49 9 
49 166 
49 192 
49 33 
49 52 
49 12 
49 32 
49 204 
50 185 
50 69 
50 136 
50 33 
50 25 
50 129 
50 134 
50 223 
50 131 
50 96 
50 19 
50 117 
50 198 
50 55 
50 184 
50 207 
50 213 
50 18 
50 90 
51 24 
51 49 
51 132 
51 190 
51 175 
51 150 
51 74 
51 129 
51 73 
51 34 
51 177 
51 133 
51 167 
51 77 
51 166 
52 111 
52 216 
52 96 
52 146 
52 175 
52 199 
52 179 
52 70 
52 101 
52 0 
52 135 
52 78 
52 142 
52 158 
52 32 
52 12 
52 82 
52 49 
52 103 
52 110 
52 177 
52 222 
52 211 
52 17 
52 203 
52 190 
52 98 
53 95 
53 127 
53 152 
53 131 
53 48 
53 88 
53 136 
53 14 
53 98 
53 19 
53 160 
53 216 
53 32 
53 119 
53 120 
53 85 
53 195 
53 176 
53 25 
53 55 
53 211 
54 168 
54 29 
54 47 
54 70 
54 45 
54 172 
54 167 
54 88 
54 145 
54 126 
54 141 
54 40 
54 222 
54 0 
54 164 
54 9 
54 119 
55 17 
55 10 
55 46 
55 151 
55 186 
55 197 
55 89 
55 24 
55 193 
55 145 
55 32 
55 50 
55 91 
55 76 
55 34 
55 87 
55 8 
55 40 
55 106 
55 53 
55 44 
56 75 
56 156 
56 76 
56 217 
56 167 
56 39 
56 146 
56 127 
56 40 
56 152 
56 147 
56 78 
56 112 
56 184 
56 163 
56 66 
56 16 
56 10 
56 19 
56 168 
56 99 
56 81 
56 119 
57 81 
57 86 
57 155 
57 105 
57 206 
57 203 
57 212 
57 108 
57 77 
57 30 
57 48 
57 44 
57 133 
57 115 
57 222 
57 138 
57 120 
57 33 
57 11 
57 204 
57 1 
57 121 
57 219 
57 192 
57 4 
58 127 
58 207 
58 73 
58 27 
58 116 
58 215 
58 32 
58 61 
58 162 
58 34 
58 96 
58 128 
58 217 
58 191 
58 165 
58 42 
58 148 
58 4 
58 85 
58 21 
59 186 
59 83 
59 177 
59 24 
59 77 
59 8 
59 66 
59 45 
59 116 
59 155 
59 41 
59 88 
59 29 
59 197 
59 137 
59 11 
59 183 
59 80 
59 10 
59 95 
59 102 
60 24 
60 188 
60 133 
60 145 
60 35 
60 221 
60 197 
60 144 
60 206 
60 186 
60 182 
60 138 
60 37 
60 10 
60 40 
60 116 
60 200 
60 86 
60 45 
60 220 
60 75 
60 95 
60 164 
61 26 
61 121 
61 1 
61 215 
61 42 
61 220 
61 195 
61 184 
61 17 
61 92 
61 150 
61 86 
61 8 
61 25 
61 145 
61 63 
61 58 
61 105 
61 192 
61 166 
61 15 
61 126 
61 205 
61 89 
61 177 
61 202 
61 212 
61 216 
62 165 
62 173 
62 119 
62 78 
62 214 
62 213 
62 196 
62 141 
62 95 
62 116 
62 130 
62 190 
62 135 
62 63 
62 206 
62 223 
62 79 
62 36 
62 164 
62 221 
62 110 
62 215 
62 97 
63 212 
63 199 
63 136 
63 115 
63 170 
63 8 
63 177 
63 70 
63 192 
63 159 
63 198 
63 174 
63 123 
63 175 
63 61 
63 202 
63 143 
63 62 
63 73 
63 7 
63 190 
63 158 
63 30 
63 208 
64 212 
64 161 
64 210 
64 104 
64 119 
64 166 
64 93 
64 141 
64 40 
64 170 
64 120 
64 117 
64 193 
64 194 
64 25 
65 112 
65 46 
65 67 
65 49 
65 179 
65 115 
65 121 
65 222 
65 156 
65 109 
65 94 
65 90 
65 27 
65 47 
65 163 
65 119 
65 87 
65 217 
65 69 
65 202 
65 77 
65 212 
65 173 
65 211 
66 215 
66 137 
66 37 
66 112 
66 14 
66 34 
66 184 
66 73 
66 59 
66 90 
66 77 
66 113 
66 120 
66 56 
66 81 
66 140 
66 111 
66 117 
66 39 
66 205 
66 212 
66 158 
66 82 
67 149 
67 18 
67 71 
67 65 
67 155 
67 92 
67 183 
67 113 
67 29 
67 2 
67 83 
67 78 
67 73 
67 125 
67 152 
67 35 
67 31 
67 202 
67 25 
68 13 
68 77 
68 164 
68 143 
68 145 
68 181 
68 80 
68 153 
68 89 
68 111 
68 147 
68 138 
68 75 
68 93 
68 25 
68 174 
68 0 
68 162 
69 99 
69 139 
69 15 
69 173 
69 50 
69 171 
69 220 
69 28 
69 125 
69 88 
69 6 
69 109 
69 98 
69 198 
69 192 
69 193 
69 212 
69 65 
69 29 
69 168 
69 86 
69 0 
69 197 
70 124 
70 178 
70 92 
70 102 
70 10 
70 88 
70 101 
70 19 
70 54 
70 182 
70 36 
70 63 
70 160 
70 224 
70 184 
70 223 
70 52 
70 98 
70 7 
70 104 
70 145 
70 111 
70 113 
70 35 
70 149 
70 106 
70 183 
70 179 
70 34 
71 67 
71 85 
71 31 
71 142 
71 28 
71 9 
71 157 
71 139 
71 198 
71 168 
71 40 
71 154 
71 140 
71 73 
71 155 
71 119 
72 135 
72 196 
72 153 
72 162 
72 7 
72 96 
72 123 
72 139 
72 31 
72 216 
72 171 
72 106 
72 118 
72 82 
72 129 
72 178 
72 89 
73 158 
73 100 
73 207 
73 120 
73 58 
73 177 
73 142 
73 183 
73 80 
73 47 
73 66 
73 102 
73 27 
73 51 
73 193 
73 63 
73 71 
73 67 
73 113 
73 162 
73 30 
73 43 
73 4 
74 136 
74 19 
74 142 
74 161 
74 178 
74 5 
74 25 
74 51 
74 43 
74 201 
74 150 
74 127 
74 77 
74 29 
74 41 
74 166 
74 13 
74 169 
74 196 
74 93 
74 92 
74 180 
74 116 
74 129 
74 91 
75 56 
75 159 
75 200 
75 156 
75 201 
75 138 
75 96 
75 68 
75 41 
75 184 
75 60 
75 47 
75 106 
75 45 
76 149 
76 56 
76 148 
76 47 
76 171 
76 39 
76 217 
76 88 
76 183 
76 178 
76 15 
76 205 
76 55 
76 186 
76 127 
76 108 
76 128 
76 135 
77 68 
77 23 
77 59 
77 57 
77 42 
77 78 
77 74 
77 66 
77 86 
77 51 
77 20 
77 168 
77 220 
77 179 
77 65 
77 162 
77 209 
77 172 
78 158 
78 171 
78 94 
78 81 
78 165 
78 3 
78 164 
78 209 
78 62 
78 29 
78 77 
78 27 
78 56 
78 49 
78 150 
78 52 
78 100 
78 67 
78 104 
78 43 
78 20 
78 220 
78 36 
78 80 
78 153 
78 106 
78 184 
78 155 
79 42 
79 192 
79 110 
79 121 
79 107 
79 131 
79 1 
79 126 
79 219 
79 223 
79 47 
79 4 
79 165 
79 118 
79 222 
79 164 
79 90 
79 45 
79 207 
79 157 
79 136 
79 148 
79 39 
79 62 
79 145 
79 176 
79 220 
79 203 
79 30 
80 133 
80 155 
80 40 
80 128 
80 6 
80 4 
80 2 
80 73 
80 95 
80 177 
80 209 
80 68 
80 187 
80 195 
80 59 
80 111 
80 173 
80 153 
80 124 
80 175 
80 22 
80 78 
80 186 
80 23 
81 57 
81 181 
81 170 
81 78 
81 88 
81 28 
81 106 
81 147 
81 121 
81 162 
81 174 
81 9 
81 178 
81 107 
81 66 
81 211 
81 6 
81 56 
82 113 
82 115 
82 2 
82 135 
82 35 
82 174 
82 209 
82 222 
82 224 
82 130 
82 153 
82 116 
82 200 
82 93 
82 52 
82 179 
82 201 
82 134 
82 45 
82 89 
82 72 
82 139 
82 114 
82 66 
82 202 
82 176 
83 127 
83 107 
83 221 
83 219 
83 211 
83 59 
83 24 
83 7 
83 152 
83 216 
83 190 
83 177 
83 98 
83 67 
83 159 
83 111 
83 135 
84 181 
84 188 
84 144 
84 191 
84 122 
84 43 
84 3 
84 155 
84 166 
84 113 
84 152 
84 205 
84 96 
84 29 
84 174 
84 126 
84 20 
84 23 
84 202 
84 119 
84 165 
85 71 
85 43 
85 93 
85 131 
85 41 
85 171 
85 188 
85 130 
85 142 
85 35 
85 25 
85 95 
85 105 
85 17 
85 167 
85 53 
85 117 
85 209 
85 125 
85 58 
86 57 
86 35 
86 102 
86 139 
86 145 
86 130 
86 151 
86 48 
86 5 
86 39 
86 61 
86 19 
86 147 
86 223 
86 221 
86 33 
86 77 
86 31 
86 218 
86 216 
86 23 
86 60 
86 138 
86 178 
86 16 
86 69 
86 24 
86 30 
87 112 
87 211 
87 176 
87 200 
87 150 
87 158 
87 18 
87 208 
87 216 
87 198 
87 36 
87 195 
87 20 
87 181 
87 202 
87 89 
87 65 
87 37 
87 185 
87 163 
87 126 
87 92 
87 204 
87 119 
87 55 
87 34 
87 108 
87 189 
87 48 
87 6 
88 214 
88 81 
88 158 
88 70 
88 43 
88 171 
88 216 
88 49 
88 119 
88 53 
88 76 
88 69 
88 59 
88 95 
88 103 
88 141 
88 164 
88 54 
88 4 
88 129 
88 46 
88 143 
88 124 
88 196 
88 123 
88 173 
88 167 
88 188 
88 185 
88 93 
88 0 
88 7 
89 140 
89 19 
89 18 
89 93 
89 164 
89 97 
89 14 
89 1 
89 112 
89 55 
89 87 
89 135 
89 68 
89 200 
89 104 
89 214 
89 39 
89 213 
89 116 
89 114 
89 132 
89 61 
89 82 
89 177 
89 72 
90 179 
90 181 
90 97 
90 91 
90 190 
90 161 
90 65 
90 43 
90 107 
90 202 
90 66 
90 115 
90 113 
90 4 
90 79 
90 42 
90 160 
90 194 
90 167 
90 104 
90 162 
90 26 
90 50 
91 90 
91 180 
91 136 
91 19 
91 199 
91 184 
91 34 
91 22 
91 144 
91 98 
91 55 
91 204 
91 115 
91 210 
91 133 
91 74 
92 107 
92 165 
92 21 
92 203 
92 70 
92 67 
92 182 
92 152 
92 185 
92 198 
92 61 
92 32 
92 17 
92 163 
92 222 
92 13 
92 87 
92 74 
92 199 
92 29 
93 187 
93 85 
93 157 
93 89 
93 207 
93 131 
93 14 
93 64 
93 95 
93 39 
93 9 
93 181 
93 82 
93 68 
93 117 
93 32 
93 183 
93 180 
93 74 
93 42 
93 15 
93 88 
94 153 
94 78 
94 154 
94 186 
94 44 
94 156 
94 190 
94 65 
94 30 
94 14 
94 194 
94 160 
94 111 
94 195 
94 198 
94 102 
94 191 
94 100 
94 23 
94 129 
95 14 
95 173 
95 53 
95 80 
95 62 
95 30 
95 93 
95 17 
95 88 
95 107 
95 85 
95 216 
95 22 
95 219 
95 197 
95 143 
95 139 
95 59 
95 60 
95 183 
95 102 
96 154 
96 171 
96 32 
96 52 
96 72 
96 49 
96 190 
96 137 
96 84 
96 75 
96 50 
96 98 
96 22 
96 58 
96 39 
96 131 
97 197 
97 49 
97 90 
97 199 
97 204 
97 185 
97 15 
97 32 
97 0 
97 89 
97 16 
97 36 
97 41 
97 155 
97 163 
97 212 
97 222 
97 28 
97 177 
97 207 
97 35 
97 119 
97 47 
97 195 
97 169 
97 200 
97 37 
97 62 
97 129 
98 208 
98 149 
98 112 
98 125 
98 19 
98 173 
98 223 
98 166 
98 194 
98 53 
98 70 
98 69 
98 83 
98 96 
98 217 
98 122 
98 91 
98 130 
98 117 
98 141 
98 7 
98 192 
98 52 
99 8 
99 69 
99 25 
99 166 
99 185 
99 107 
99 139 
99 199 
99 122 
99 204 
99 47 
99 196 
99 7 
99 56 
99 35 
99 216 
99 125 
99 42 
99 179 
100 165 
100 73 
100 185 
100 147 
100 102 
100 101 
100 145 
100 13 
100 210 
100 174 
100 198 
100 39 
100 78 
100 215 
100 114 
100 191 
100 2 
100 205 
100 94 
100 27 
100 128 
100 172 
101 44 
101 179 
101 37 
101 70 
101 100 
101 188 
101 5 
101 14 
101 28 
101 52 
101 135 
101 142 
101 141 
101 20 
101 132 
101 159 
101 45 
101 205 
101 166 
101 170 
102 23 
102 86 
102 160 
102 17 
102 70 
102 188 
102 48 
102 100 
102 204 
102 73 
102 181 
102 123 
102 127 
102 209 
102 44 
102 178 
102 130 
102 94 
102 13 
102 133 
102 39 
102 223 
102 59 
102 95 
102 214 
103 201 
103 141 
103 133 
103 88 
103 183 
103 143 
103 156 
103 52 
103 132 
103 19 
103 30 
103 46 
104 209 
104 221 
104 130 
104 122 
104 133 
104 24 
104 140 
104 64 
104 108 
104 34 
104 136 
104 89 
104 146 
104 70 
104 116 
104 47 
104 78 
104 7 
104 181 
104 33 
104 90 
104 166 
104 124 
104 31 
104 162 
104 121 
105 57 
105 214 
105 215 
105 197 
105 6 
105 16 
105 168 
105 110 
105 117 
105 113 
105 61 
105 85 
105 44 
105 31 
105 19 
105 206 
105 212 
105 192 
105 166 
106 7 
106 161 
106 108 
106 27 
106 81 
106 174 
106 210 
106 39 
106 154 
106 33 
106 21 
106 142 
106 172 
106 72 
106 55 
106 70 
106 193 
106 18 
106 130 
106 75 
106 220 
106 78 
106 202 
107 92 
107 83 
107 152 
107 123 
107 21 
107 139 
107 79 
107 44 
107 220 
107 109 
107 184 
107 13 
107 90 
107 30 
107 134 
107 147 
107 99 
107 14 
107 113 
107 17 
107 11 
107 125 
107 116 
107 43 
107 145 
107 179 
107 95 
107 160 
107 214 
107 81 
107 148 
108 121 
108 47 
108 172 
108 32 
108 106 
108 210 
108 104 
108 57 
108 39 
108 122 
108 209 
108 188 
108 167 
108 207 
108 198 
108 162 
108 87 
108 14 
108 76 
108 41 
108 206 
109 117 
109 65 
109 107 
109 217 
109 127 
109 28 
109 164 
109 69 
109 114 
109 216 
109 187 
109 149 
109 42 
109 126 
109 213 
110 79 
110 105 
110 220 
110 118 
110 164 
110 222 
110 178 
110 27 
110 166 
110 29 
110 12 
110 52 
110 20 
110 172 
110 145 
110 195 
110 123 
110 62 
111 52 
111 213 
111 219 
111 15 
111 171 
111 133 
111 189 
111 94 
111 155 
111 68 
111 10 
111 80 
111 70 
111 66 
111 156 
111 186 
111 7 
111 214 
111 28 
111 224 
111 83 
111 176 
111 223 
111 120 
112 65 
112 87 
112 98 
112 66 
112 207 
112 181 
112 186 
112 218 
112 221 
112 34 
112 89 
112 219 
112 35 
112 56 
112 173 
112 39 
112 202 
112 172 
112 154 
112 14 
112 20 
112 215 
112 192 
112 168 
113 168 
113 82 
113 15 
113 23 
113 171 
113 196 
113 202 
113 114 
113 67 
113 84 
113 107 
113 166 
113 105 
113 90 
113 201 
113 119 
113 200 
113 66 
113 28 
113 118 
113 73 
113 143 
113 5 
113 20 
113 126 
113 70 
113 122 
113 42 
113 175 
114 139 
114 220 
114 185 
114 9 
114 22 
114 121 
114 37 
114 113 
114 214 
114 177 
114 31 
114 109 
114 150 
114 171 
114 100 
114 89 
114 143 
114 24 
114 8 
114 125 
114 82 
114 197 
115 82 
115 179 
115 65 
115 167 
115 176 
115 63 
115 90 
115 131 
115 57 
115 216 
115 151 
115 201 
115 210 
115 223 
115 30 
115 91 
115 150 
115 46 
115 25 
115 6 
116 167 
116 6 
116 30 
116 148 
116 18 
116 46 
116 4 
116 223 
116 62 
116 59 
116 40 
116 58 
116 172 
116 141 
116 11 
116 107 
116 19 
116 220 
116 104 
116 82 
116 38 
116 60 
116 48 
116 89 
116 1 
116 74 
116 22 
116 12 
117 109 
117 212 
117 14 
117 210 
117 203 
117 41 
117 105 
117 42 
117 8 
117 64 
117 50 
117 93 
117 130 
117 98 
117 66 
117 188 
117 85 
117 213 
117 207 
118 169 
118 6 
118 26 
118 11 
118 212 
118 185 
118 37 
118 161 
118 184 
118 110 
118 200 
118 79 
118 193 
118 214 
118 218 
118 113 
118 208 
118 171 
118 142 
118 72 
118 152 
118 131 
118 222 
118 174 
119 201 
119 62 
119 203 
119 151 
119 88 
119 15 
119 64 
119 124 
119 130 
119 65 
119 113 
119 97 
119 53 
119 205 
119 87 
119 84 
119 223 
119 190 
119 54 
119 56 
119 25 
119 71 
119 195 
120 123 
120 137 
120 1 
120 206 
120 135 
120 73 
120 18 
120 28 
120 168 
120 209 
120 64 
120 49 
120 66 
120 221 
120 57 
120 53 
120 149 
120 129 
120 203 
120 124 
120 111 
121 108 
121 61 
121 25 
121 79 
121 65 
121 24 
121 114 
121 37 
121 81 
121 28 
121 172 
121 193 
121 7 
121 211 
121 123 
121 204 
121 178 
121 57 
121 0 
121 104 
121 205 
122 159 
122 84 
122 223 
122 104 
122 155 
122 19 
122 169 
122 215 
122 108 
122 99 
122 127 
122 11 
122 172 
122 22 
122 139 
122 190 
122 98 
122 164 
122 148 
122 34 
122 144 
122 113 
123 17 
123 120 
123 161 
123 39 
123 21 
123 3 
123 107 
123 145 
123 160 
123 130 
123 185 
123 45 
123 102 
123 217 
123 72 
123 63 
123 151 
123 11 
123 193 
123 41 
123 24 
123 121 
123 167 
123 20 
123 88 
123 147 
123 43 
123 110 
123 209 
123 180 
124 40 
124 70 
124 119 
124 208 
124 133 
124 172 
124 42 
124 183 
124 28 
124 14 
124 132 
124 88 
124 80 
124 190 
124 142 
124 104 
124 198 
124 120 
125 41 
125 139 
125 219 
125 22 
125 176 
125 169 
125 98 
125 216 
125 150 
125 189 
125 69 
125 14 
125 146 
125 107 
125 45 
125 158 
125 165 
125 127 
125 182 
125 130 
125 67 
125 99 
125 154 
125 114 
125 170 
125 192 
125 43 
125 85 
126 160 
126 191 
126 142 
126 223 
126 222 
126 128 
126 169 
126 16 
126 79 
126 194 
126 184 
126 54 
126 84 
126 143 
126 87 
126 188 
126 113 
126 61 
126 38 
126 4 
126 210 
126 141 
126 109 
127 58 
127 83 
127 137 
127 40 
127 139 
127 53 
127 217 
127 3 
127 134 
127 147 
127 193 
127 203 
127 56 
127 160 
127 153 
127 29 
127 74 
127 109 
127 157 
127 135 
127 222 
127 122 
127 102 
127 125 
127 21 
127 158 
127 180 
127 41 
127 223 
127 219 
127 76 
128 80 
128 147 
128 189 
128 177 
128 155 
128 126 
128 223 
128 48 
128 221 
128 210 
128 9 
128 130 
128 6 
128 150 
128 23 
128 196 
128 32 
128 42 
128 10 
128 208 
128 58 
128 184 
128 218 
128 222 
128 174 
128 76 
128 100 
129 9 
129 48 
129 148 
129 131 
129 138 
129 140 
129 201 
129 142 
129 192 
129 16 
129 51 
129 49 
129 154 
129 50 
129 172 
129 88 
129 35 
129 133 
129 206 
129 166 
129 178 
129 152 
129 185 
129 222 
129 32 
129 213 
129 120 
129 72 
129 74 
129 94 
129 97 
130 104 
130 25 
130 48 
130 180 
130 86 
130 123 
130 82 
130 128 
130 62 
130 181 
130 119 
130 137 
130 85 
130 135 
130 177 
130 117 
130 98 
130 125 
130 102 
130 106 
130 158 
131 212 
131 9 
131 129 
131 85 
131 79 
131 146 
131 218 
131 53 
131 17 
131 93 
131 115 
131 50 
131 178 
131 204 
131 45 
131 143 
131 151 
131 135 
131 118 
131 96 
131 140 
132 24 
132 207 
132 51 
132 201 
132 222 
132 143 
132 178 
132 3 
132 217 
132 182 
132 101 
132 103 
132 124 
132 89 
132 162 
132 152 
132 20 
132 160 
132 135 
133 39 
133 80 
133 138 
133 24 
133 169 
133 218 
133 60 
133 104 
133 177 
133 111 
133 3 
133 124 
133 103 
133 150 
133 57 
133 174 
133 51 
133 129 
133 31 
133 27 
133 102 
133 10 
133 136 
133 91 
133 180 
133 147 
134 194 
134 187 
134 182 
134 170 
134 127 
134 18 
134 178 
134 162 
134 107 
134 159 
134 40 
134 30 
134 50 
134 31 
134 157 
134 82 
134 195 
134 23 
134 152 
134 206 
135 138 
135 160 
135 72 
135 82 
135 120 
135 2 
135 31 
135 39 
135 127 
135 62 
135 101 
135 49 
135 89 
135 52 
135 170 
135 130 
135 38 
135 141 
135 10 
135 13 
135 186 
135 131 
135 154 
135 76 
135 83 
135 132 
136 74 
136 142 
136 63 
136 91 
136 27 
136 50 
136 156 
136 191 
136 0 
136 144 
136 104 
136 53 
136 170 
136 224 
136 79 
136 155 
136 150 
136 203 
136 133 
137 127 
137 66 
137 120 
137 224 
137 130 
137 96 
137 59 
137 152 
137 217 
137 210 
137 188 
137 186 
137 20 
138 204 
138 133 
138 2 
138 135 
138 129 
138 182 
138 7 
138 38 
138 172 
138 10 
138 169 
138 166 
138 153 
138 194 
138 145 
138 205 
138 75 
138 9 
138 60 
138 188 
138 68 
138 57 
138 190 
138 149 
138 86 
138 178 
139 125 
139 114 
139 127 
139 22 
139 107 
139 69 
139 86 
139 17 
139 24 
139 186 
139 99 
139 72 
139 71 
139 205 
139 122 
139 7 
139 32 
139 11 
139 95 
139 146 
139 82 
139 214 
139 197 
140 163 
140 89 
140 43 
140 104 
140 129 
140 38 
140 205 
140 223 
140 165 
140 143 
140 71 
140 66 
140 23 
140 212 
140 179 
140 131 
140 152 
141 218 
141 163 
141 149 
141 20 
141 62 
141 103 
141 38 
141 193 
141 116 
141 64 
141 101 
141 48 
141 88 
141 135 
141 160 
141 54 
141 201 
141 98 
141 222 
141 126 
141 159 
141 146 
142 41 
142 126 
142 204 
142 136 
142 74 
142 73 
142 71 
142 129 
142 192 
142 195 
142 26 
142 18 
142 85 
142 101 
142 52 
142 9 
142 106 
142 5 
142 17 
142 118 
142 189 
142 124 
142 190 
142 48 
142 13 
143 196 
143 68 
143 175 
143 4 
143 8 
143 191 
143 132 
143 215 
143 176 
143 63 
143 103 
143 140 
143 126 
143 131 
143 205 
143 3 
143 198 
143 113 
143 88 
143 213 
143 151 
143 114 
143 95 
143 37 
144 224 
144 84 
144 32 
144 162 
144 182 
144 60 
144 178 
144 136 
144 22 
144 33 
144 19 
144 152 
144 190 
144 174 
144 91 
144 122 
144 206 
144 201 
145 167 
145 205 
145 123 
145 60 
145 68 
145 14 
145 86 
145 158 
145 100 
145 7 
145 138 
145 164 
145 61 
145 107 
145 1 
145 55 
145 54 
145 175 
145 207 
145 70 
145 20 
145 110 
145 48 
145 163 
145 79 
145 169 
145 157 
146 184 
146 35 
146 188 
146 56 
146 131 
146 171 
146 40 
146 52 
146 125 
146 23 
146 180 
146 104 
146 20 
146 31 
146 8 
146 139 
146 141 
147 128 
147 149 
147 100 
147 127 
147 81 
147 197 
147 169 
147 153 
147 107 
147 56 
147 167 
147 86 
147 213 
147 41 
147 68 
147 208 
147 7 
147 123 
147 133 
147 151 
148 192 
148 129 
148 76 
148 28 
148 17 
148 21 
148 116 
148 14 
148 221 
148 222 
148 3 
148 213 
148 27 
148 1 
148 182 
148 79 
148 122 
148 4 
148 165 
148 174 
148 58 
148 107 
149 67 
149 98 
149 10 
149 76 
149 216 
149 147 
149 12 
149 40 
149 141 
149 156 
149 215 
149 16 
149 222 
149 160 
149 174 
149 218 
149 179 
149 208 
149 166 
149 138 
149 221 
149 109 
149 70 
149 120 
149 33 
149 17 
150 28 
150 87 
150 35 
150 51 
150 179 
150 125 
150 74 
150 61 
150 128 
150 78 
150 133 
150 8 
150 24 
150 178 
150 114 
150 26 
150 208 
150 15 
150 136 
150 115 
150 43 
150 221 
151 222 
151 195 
151 162 
151 119 
151 189 
151 86 
151 55 
151 3 
151 47 
151 123 
151 181 
151 1 
151 115 
151 182 
151 46 
151 219 
151 217 
151 131 
151 24 
151 143 
151 147 
152 224 
152 107 
152 198 
152 53 
152 184 
152 92 
152 56 
152 7 
152 31 
152 12 
152 83 
152 84 
152 189 
152 144 
152 137 
152 203 
152 161 
152 129 
152 159 
152 40 
152 67 
152 134 
152 118 
152 132 
152 140 
153 161 
153 94 
153 72 
153 206 
153 202 
153 185 
153 27 
153 160 
153 210 
153 127 
153 147 
153 174 
153 184 
153 138 
153 82 
153 68 
153 188 
153 37 
153 80 
153 78 
153 178 
154 96 
154 94 
154 11 
154 199 
154 219 
154 15 
154 4 
154 192 
154 129 
154 27 
154 31 
154 106 
154 171 
154 71 
154 14 
154 135 
154 112 
154 44 
154 125 
154 36 
154 18 
154 12 
155 33 
155 57 
155 80 
155 122 
155 67 
155 173 
155 217 
155 128 
155 84 
155 16 
155 36 
155 59 
155 97 
155 21 
155 214 
155 39 
155 28 
155 111 
155 136 
155 71 
155 197 
155 24 
155 218 
155 167 
155 78 
155 210 
156 56 
156 206 
156 94 
156 65 
156 75 
156 149 
156 136 
156 172 
156 176 
156 12 
156 14 
156 161 
156 103 
156 17 
156 111 
156 164 
157 24 
157 195 
157 93 
157 23 
157 39 
157 185 
157 71 
157 127 
157 14 
157 37 
157 43 
157 222 
157 203 
157 6 
157 34 
157 223 
157 207 
157 79 
157 188 
157 134 
157 12 
157 214 
157 25 
157 20 
157 193 
157 26 
157 47 
157 145 
158 78 
158 183 
158 73 
158 48 
158 23 
158 88 
158 87 
158 180 
158 145 
158 1 
158 186 
158 165 
158 169 
158 125 
158 52 
158 127 
158 3 
158 13 
158 214 
158 63 
158 19 
158 66 
158 130 
159 18 
159 122 
159 75 
159 162 
159 63 
159 189 
159 23 
159 8 
159 134 
159 101 
159 83 
159 152 
159 173 
159 7 
159 141 
160 179 
160 126 
160 135 
160 102 
160 173 
160 123 
160 29 
160 149 
160 153 
160 127 
160 94 
160 70 
160 11 
160 141 
160 107 
160 45 
160 53 
160 90 
160 205 
160 14 
160 2 
160 44 
160 132 
161 153 
161 164 
161 123 
161 64 
161 204 
161 106 
161 90 
161 174 
161 74 
161 118 
161 196 
161 9 
161 0 
161 156 
161 44 
161 152 
161 223 
161 3 
161 12 
161 192 
162 221 
162 144 
162 159 
162 72 
162 22 
162 6 
162 151 
162 134 
162 43 
162 81 
162 20 
162 58 
162 177 
162 31 
162 108 
162 37 
162 73 
162 13 
162 18 
162 77 
162 90 
162 132 
162 104 
162 68 
162 16 
163 140 
163 2 
163 173 
163 141 
163 187 
163 30 
163 97 
163 65 
163 8 
163 92 
163 186 
163 21 
163 221 
163 56 
163 87 
163 174 
163 7 
163 145 
163 43 
164 161 
164 14 
164 68 
164 19 
164 78 
164 89 
164 0 
164 47 
164 206 
164 109 
164 110 
164 145 
164 30 
164 79 
164 33 
164 88 
164 174 
164 122 
164 23 
164 10 
164 9 
164 175 
164 156 
164 54 
164 62 
164 188 
164 60 
165 100 
165 62 
165 92 
165 222 
165 78 
165 214 
165 49 
165 158 
165 79 
165 2 
165 125 
165 20 
165 189 
165 140 
165 46 
165 148 
165 10 
165 58 
165 224 
165 84 
165 12 
166 180 
166 190 
166 22 
166 32 
166 99 
166 84 
166 64 
166 138 
166 98 
166 5 
166 113 
166 7 
166 49 
166 61 
166 149 
166 74 
166 129 
166 110 
166 221 
166 104 
166 33 
166 101 
166 39 
166 51 
166 105 
167 145 
167 116 
167 56 
167 115 
167 9 
167 217 
167 3 
167 205 
167 147 
167 41 
167 54 
167 51 
167 108 
167 16 
167 213 
167 123 
167 85 
167 90 
167 178 
167 88 
167 155 
168 113 
168 16 
168 54 
168 22 
168 10 
168 105 
168 35 
168 120 
168 224 
168 180 
168 14 
168 71 
168 56 
168 77 
168 183 
168 69 
168 190 
168 112 
169 118 
169 133 
169 27 
169 125 
169 126 
169 122 
169 147 
169 138 
169 158 
169 206 
169 24 
169 97 
169 19 
169 74 
169 145 
169 212 
169 35 
170 81 
170 134 
170 198 
170 63 
170 204 
170 11 
170 203 
170 20 
170 211 
170 136 
170 207 
170 64 
170 135 
170 215 
170 214 
170 10 
170 125 
170 39 
170 47 
170 101 
171 78 
171 96 
171 190 
171 9 
171 113 
171 69 
171 76 
171 88 
171 146 
171 85 
171 111 
171 218 
171 182 
171 6 
171 154 
171 183 
171 114 
171 118 
171 215 
171 72 
171 213 
171 35 
171 37 
171 198 
172 190 
172 108 
172 138 
172 18 
172 156 
172 121 
172 177 
172 116 
172 4 
172 34 
172 54 
172 124 
172 129 
172 208 
172 122 
172 9 
172 106 
172 204 
172 110 
172 112 
172 209 
172 77 
172 100 
173 163 
173 95 
173 217 
173 160 
173 155 
173 62 
173 69 
173 98 
173 221 
173 193 
173 179 
173 11 
173 199 
173 31 
173 112 
173 203 
173 187 
173 47 
173 16 
173 80 
173 159 
173 88 
173 65 
173 0 
174 212 
174 2 
174 161 
174 203 
174 82 
174 106 
174 153 
174 63 
174 149 
174 195 
174 4 
174 81 
174 100 
174 133 
174 164 
174 84 
174 204 
174 144 
174 209 
174 163 
174 68 
174 3 
174 44 
174 21 
174 148 
174 128 
174 190 
174 194 
174 118 
175 8 
175 143 
175 15 
175 51 
175 178 
175 52 
175 223 
175 63 
175 207 
175 145 
175 209 
175 6 
175 80 
175 14 
175 164 
175 113 
176 178 
176 13 
176 87 
176 115 
176 9 
176 125 
176 21 
176 11 
176 188 
176 27 
176 156 
176 224 
176 198 
176 143 
176 210 
176 53 
176 111 
176 79 
176 82 
177 35 
177 224 
177 128 
177 59 
177 73 
177 63 
177 80 
177 133 
177 114 
177 172 
177 97 
177 83 
177 51 
177 17 
177 162 
177 130 
177 52 
177 204 
177 61 
177 89 
178 13 
178 176 
178 39 
178 70 
178 219 
178 74 
178 22 
178 134 
178 175 
178 144 
178 132 
178 35 
178 150 
178 131 
178 81 
178 110 
178 76 
178 1 
178 102 
178 200 
178 209 
178 129 
178 201 
178 38 
178 167 
178 86 
178 29 
178 121 
178 179 
178 72 
178 220 
178 138 
178 153 
179 48 
179 90 
179 160 
179 26 
179 115 
179 65 
179 214 
179 185 
179 7 
179 101 
179 150 
179 41 
179 173 
179 16 
179 206 
179 52 
179 149 
179 107 
179 191 
179 82 
179 223 
179 77 
179 29 
179 186 
179 99 
179 178 
179 70 
179 140 
179 44 
180 166 
180 130 
180 158 
180 201 
180 19 
180 220 
180 91 
180 186 
180 216 
180 168 
180 146 
180 127 
180 93 
180 74 
180 133 
180 123 
180 207 
181 38 
181 84 
181 90 
181 81 
181 112 
181 102 
181 44 
181 46 
181 87 
181 68 
181 130 
181 151 
181 14 
181 211 
181 93 
181 3 
181 104 
181 6 
182 134 
182 198 
182 144 
182 138 
182 92 
182 70 
182 188 
182 60 
182 171 
182 196 
182 132 
182 151 
182 148 
182 125 
182 14 
182 215 
182 212 
182 47 
182 41 
183 26 
183 158 
183 67 
183 73 
183 76 
183 189 
183 33 
183 124 
183 210 
183 59 
183 103 
183 171 
183 24 
183 36 
183 93 
183 20 
183 168 
183 203 
183 195 
183 70 
183 3 
183 95 
184 146 
184 218 
184 43 
184 36 
184 107 
184 66 
184 152 
184 191 
184 61 
184 46 
184 118 
184 153 
184 91 
184 126 
184 70 
184 56 
184 224 
184 13 
184 75 
184 128 
184 50 
184 40 
184 78 
185 14 
185 50 
185 19 
185 114 
185 100 
185 97 
185 179 
185 206 
185 216 
185 30 
185 118 
185 153 
185 92 
185 123 
185 36 
185 99 
185 157 
185 17 
185 219 
185 221 
185 87 
185 15 
185 129 
185 88 
185 20 
186 48 
186 59 
186 94 
186 112 
186 4 
186 180 
186 55 
186 139 
186 158 
186 60 
186 211 
186 1 
186 163 
186 217 
186 135 
186 39 
186 111 
186 76 
186 137 
186 179 
186 45 
186 80 
187 196 
187 134 
187 211 
187 93 
187 25 
187 44 
187 222 
187 163 
187 20 
187 80 
187 109 
187 173 
187 198 
187 23 
188 84 
188 60 
188 195 
188 146 
188 102 
188 101 
188 182 
188 176 
188 202 
188 85 
188 213 
188 18 
188 153 
188 138 
188 223 
188 108 
188 3 
188 157 
188 137 
188 126 
188 47 
188 117 
188 164 
188 189 
188 88 
189 13 
189 42 
189 128 
189 32 
189 151 
189 125 
189 111 
189 183 
189 159 
189 152 
189 194 
189 29 
189 165 
189 142 
189 27 
189 188 
189 87 
190 210 
190 172 
190 3 
190 90 
190 36 
190 171 
190 166 
190 94 
190 214 
190 51 
190 24 
190 96 
190 62 
190 199 
190 83 
190 144 
190 122 
190 30 
190 138 
190 198 
190 63 
190 124 
190 224 
190 34 
190 221 
190 142 
190 119 
190 52 
190 174 
190 168 
191 126 
191 84 
191 47 
191 184 
191 194 
191 143 
191 204 
191 136 
191 200 
191 41 
191 20 
191 32 
191 179 
191 224 
191 100 
191 94 
191 58 
191 30 
192 48 
192 148 
192 216 
192 213 
192 79 
192 44 
192 41 
192 154 
192 63 
192 142 
192 42 
192 129 
192 220 
192 69 
192 61 
192 49 
192 57 
192 125 
192 98 
192 105 
192 161 
192 112 
193 215 
193 127 
193 200 
193 23 
193 173 
193 141 
193 121 
193 11 
193 212 
193 118 
193 55 
193 73 
193 123 
193 69 
193 64 
193 106 
193 194 
193 27 
193 157 
193 22 
194 134 
194 27 
194 191 
194 94 
194 126 
194 138 
194 98 
194 189 
194 210 
194 90 
194 36 
194 64 
194 31 
194 193 
194 0 
194 20 
194 174 
195 151 
195 188 
195 157 
195 213 
195 61 
195 87 
195 6 
195 142 
195 174 
195 80 
195 94 
195 211 
195 97 
195 45 
195 134 
195 208 
195 110 
195 183 
195 53 
195 1 
195 119 
196 187 
196 143 
196 72 
196 44 
196 113 
196 62 
196 128 
196 161 
196 182 
196 99 
196 224 
196 74 
196 88 
197 97 
197 105 
197 14 
197 147 
197 60 
197 55 
197 59 
197 34 
197 45 
197 222 
197 95 
197 155 
197 47 
197 114 
197 139 
197 205 
197 69 
198 152 
198 182 
198 170 
198 40 
198 87 
198 14 
198 92 
198 63 
198 210 
198 100 
198 176 
198 71 
198 69 
198 39 
198 50 
198 94 
198 108 
198 143 
198 190 
198 35 
198 124 
198 205 
198 187 
198 171 
199 63 
199 18 
199 97 
199 47 
199 154 
199 9 
199 91 
199 7 
199 52 
199 33 
199 99 
199 190 
199 173 
199 26 
199 38 
199 5 
199 92 
199 13 
199 17 
199 4 
200 16 
200 87 
200 75 
200 216 
200 193 
200 191 
200 118 
200 20 
200 3 
200 89 
200 42 
200 113 
200 82 
200 10 
200 60 
200 178 
200 97 
200 15 
200 19 
200 5 
200 224 
201 119 
201 103 
201 132 
201 5 
201 180 
201 75 
201 129 
201 74 
201 220 
201 222 
201 207 
201 113 
201 13 
201 115 
201 82 
201 178 
201 141 
201 144 
201 45 
202 38 
202 14 
202 153 
202 113 
202 90 
202 188 
202 6 
202 219 
202 87 
202 63 
202 112 
202 209 
202 65 
202 84 
202 61 
202 29 
202 67 
202 39 
202 82 
202 106 
203 92 
203 10 
203 117 
203 119 
203 174 
203 57 
203 127 
203 170 
203 157 
203 152 
203 173 
203 183 
203 29 
203 120 
203 52 
203 218 
203 0 
203 136 
203 79 
204 138 
204 161 
204 142 
204 97 
204 34 
204 7 
204 218 
204 170 
204 191 
204 102 
204 99 
204 11 
204 131 
204 46 
204 174 
204 24 
204 219 
204 30 
204 121 
204 172 
204 87 
204 57 
204 91 
204 212 
204 177 
204 49 
205 48 
205 145 
205 0 
205 140 
205 167 
205 138 
205 84 
205 217 
205 139 
205 143 
205 160 
205 119 
205 76 
205 61 
205 42 
205 100 
205 66 
205 101 
205 198 
205 35 
205 121 
205 197 
206 223 
206 156 
206 49 
206 6 
206 57 
206 185 
206 120 
206 38 
206 153 
206 26 
206 3 
206 60 
206 164 
206 179 
206 62 
206 129 
206 169 
206 105 
206 144 
206 2 
206 5 
206 134 
206 108 
207 58 
207 132 
207 112 
207 73 
207 93 
207 201 
207 212 
207 175 
207 97 
207 47 
207 170 
207 79 
207 157 
207 145 
207 108 
207 224 
207 41 
207 50 
207 117 
207 180 
207 217 
208 98 
208 87 
208 1 
208 124 
208 24 
208 219 
208 149 
208 172 
208 218 
208 150 
208 118 
208 5 
208 32 
208 147 
208 38 
208 128 
208 195 
208 44 
208 63 
208 2 
209 104 
209 78 
209 82 
209 80 
209 120 
209 102 
209 108 
209 28 
209 174 
209 43 
209 6 
209 178 
209 202 
209 175 
209 77 
209 123 
209 172 
209 219 
209 26 
209 85 
210 190 
210 0 
210 117 
210 220 
210 108 
210 64 
210 153 
210 128 
210 106 
210 198 
210 100 
210 32 
210 42 
210 183 
210 49 
210 20 
210 194 
210 137 
210 115 
210 176 
210 40 
210 46 
210 126 
210 91 
210 155 
211 187 
211 87 
211 218 
211 83 
211 5 
211 186 
211 170 
211 20 
211 25 
211 181 
211 195 
211 215 
211 121 
211 10 
211 18 
211 52 
211 53 
211 81 
211 15 
211 65 
211 47 
212 47 
212 63 
212 174 
212 64 
212 117 
212 131 
212 118 
212 57 
212 30 
212 97 
212 207 
212 193 
212 15 
212 69 
212 204 
212 182 
212 65 
212 61 
212 66 
212 105 
212 140 
212 169 
213 44 
213 111 
213 192 
213 45 
213 9 
213 62 
213 195 
213 31 
213 25 
213 40 
213 148 
213 147 
213 188 
213 43 
213 167 
213 89 
213 18 
213 171 
213 143 
213 129 
213 50 
213 41 
213 109 
213 117 
214 3 
214 105 
214 88 
214 179 
214 165 
214 190 
214 62 
214 37 
214 114 
214 155 
214 118 
214 89 
214 40 
214 11 
214 107 
214 43 
214 222 
214 157 
214 25 
214 111 
214 170 
214 158 
214 139 
214 102 
215 66 
215 105 
215 30 
215 193 
215 61 
215 149 
215 44 
215 12 
215 122 
215 3 
215 1 
215 58 
215 143 
215 170 
215 100 
215 211 
215 171 
215 182 
215 112 
215 62 
216 192 
216 149 
216 13 
216 52 
216 185 
216 218 
216 47 
216 200 
216 125 
216 88 
216 87 
216 18 
216 180 
216 83 
216 115 
216 6 
216 109 
216 32 
216 95 
216 42 
216 53 
216 86 
216 72 
216 99 
216 61 
217 173 
217 43 
217 127 
217 56 
217 155 
217 109 
217 76 
217 167 
217 123 
217 19 
217 205 
217 132 
217 13 
217 12 
217 98 
217 65 
217 137 
217 186 
217 151 
217 58 
217 207 
218 184 
218 211 
218 223 
218 133 
218 141 
218 216 
218 131 
218 204 
218 112 
218 224 
218 171 
218 149 
218 23 
218 118 
218 208 
218 86 
218 35 
218 128 
218 203 
218 155 
218 40 
218 15 
219 125 
219 39 
219 83 
219 178 
219 111 
219 223 
219 154 
219 79 
219 31 
219 112 
219 202 
219 185 
219 208 
219 151 
219 204 
219 127 
219 95 
219 4 
219 18 
219 220 
219 57 
219 209 
219 15 
219 35 
220 114 
220 210 
220 35 
220 107 
220 61 
220 180 
220 69 
220 16 
220 37 
220 110 
220 26 
220 201 
220 49 
220 192 
220 116 
220 20 
220 6 
220 39 
220 77 
220 78 
220 60 
220 219 
220 10 
220 178 
220 106 
220 79 
220 9 
221 162 
221 104 
221 83 
221 60 
221 173 
221 148 
221 30 
221 128 
221 112 
221 32 
221 86 
221 163 
221 3 
221 185 
221 120 
221 149 
221 166 
221 190 
221 62 
221 37 
221 150 
222 151 
222 19 
222 165 
222 126 
222 65 
222 132 
222 187 
222 82 
222 149 
222 16 
222 36 
222 23 
222 201 
222 18 
222 97 
222 148 
222 127 
222 79 
222 157 
222 110 
222 92 
222 57 
222 214 
222 197 
222 129 
222 54 
222 52 
222 128 
222 141 
222 118 
223 206 
223 126 
223 122 
223 36 
223 218 
223 44 
223 128 
223 31 
223 98 
223 219 
223 79 
223 116 
223 175 
223 41 
223 70 
223 140 
223 50 
223 157 
223 86 
223 188 
223 62 
223 127 
223 224 
223 179 
223 115 
223 161 
223 38 
223 8 
223 11 
223 119 
223 102 
223 111 
224 144 
224 177 
224 152 
224 0 
224 45 
224 10 
224 168 
224 218 
224 82 
224 70 
224 137 
224 176 
224 136 
224 184 
224 191 
224 46 
224 196 
224 207 
224 223 
224 190 
224 111 
224 165 
224 200 
