0 28 181 125 76 147 162 115 102 51 208 178 219 170 269 131 86 207 23 257 132 228 9 98 45 119 179 200 154 185 24 35 241 59 256 204 66 112 190 118 151 236 250 36 65 259 56 20 53 218 129 161 167 108 149 90 60 104 141 105 184 270 52 93 84 30 22 211 57 165 142 182 220 128 92 6 5 14 244 240 261 140 109 163 157 70 135 
1 91 102 174 217 156 259 89 197 120 10 150 48 73 173 140 6 138 84 258 110 30 75 177 182 232 238 37 114 171 186 142 27 115 24 58 212 124 28 13 165 119 205 184 21 86 203 216 22 61 180 226 31 267 109 42 16 235 139 68 181 94 245 231 8 230 179 93 35 261 264 172 108 146 15 175 158 151 253 67 5 255 193 112 74 249 210 79 77 99 137 80 145 183 54 237 239 189 272 52 
2 119 212 92 76 32 234 261 132 224 151 100 196 58 117 5 122 44 57 161 232 269 53 3 64 20 129 118 29 51 162 198 21 72 208 120 205 48 80 83 248 22 222 140 107 114 105 87 271 238 168 249 243 70 170 186 123 13 241 245 14 244 142 27 30 77 111 125 97 145 211 240 61 210 55 108 148 176 150 183 60 
3 218 210 30 226 228 234 132 202 24 136 214 235 29 121 185 254 246 200 42 189 152 2 270 217 13 187 14 199 269 144 178 255 151 232 237 230 157 81 250 122 125 268 64 149 166 224 5 242 23 110 73 115 21 45 48 249 177 181 194 76 271 204 183 231 150 65 25 238 43 27 109 216 54 7 213 104 211 205 162 28 173 106 
4 129 122 198 28 223 105 15 92 17 166 180 115 67 52 141 226 259 30 107 249 204 143 150 91 112 117 178 8 83 51 144 254 185 158 262 268 9 162 235 11 205 95 130 135 103 132 137 5 114 177 61 206 216 171 197 214 94 55 40 139 86 261 243 10 232 62 142 234 47 56 252 123 202 80 201 
5 208 270 22 153 145 241 253 235 250 114 2 272 158 125 81 92 196 219 246 67 229 206 198 57 84 30 113 62 28 100 182 268 157 254 96 260 221 160 3 24 178 41 7 141 167 224 35 32 98 143 108 162 109 53 173 4 168 271 118 183 207 83 55 144 94 124 249 236 134 1 0 142 175 91 29 262 199 33 19 73 
6 73 197 115 70 96 193 1 167 109 170 87 26 98 218 144 175 194 224 157 21 150 243 266 151 60 267 125 222 88 208 234 207 15 90 146 80 41 95 191 63 44 174 159 123 241 155 25 154 122 249 188 261 168 11 189 221 265 127 147 101 163 8 57 200 229 105 186 242 37 7 166 24 230 74 211 148 209 86 245 263 0 65 94 81 253 91 114 103 110 30 71 
7 21 148 134 133 260 259 202 181 46 203 31 227 115 211 43 35 131 169 155 73 272 130 221 188 89 248 55 98 86 121 116 223 52 38 143 32 11 18 217 172 83 224 173 19 5 101 263 72 201 213 209 57 190 222 231 44 6 63 191 150 74 3 128 79 197 236 123 24 205 96 
8 121 154 204 30 51 259 185 229 178 75 135 113 35 182 224 133 99 139 263 164 24 85 114 264 205 180 187 14 125 39 104 219 4 32 233 160 123 107 153 162 155 71 72 157 226 211 220 19 169 254 143 57 245 84 68 1 48 267 207 234 159 65 62 115 6 175 132 191 102 94 56 82 69 110 38 192 248 236 16 47 45 237 203 129 106 98 199 179 
9 78 155 232 71 110 238 145 106 105 32 70 39 172 159 264 128 136 21 104 0 34 267 93 208 180 102 242 219 241 28 11 130 257 25 124 215 163 4 66 213 210 19 188 183 144 150 272 212 146 87 233 222 18 74 122 49 100 206 101 200 157 135 88 36 197 42 166 236 
10 17 123 92 90 111 119 216 1 115 38 161 70 241 191 193 200 141 192 23 95 190 208 80 146 138 101 249 268 71 155 198 55 151 264 243 72 124 89 254 220 104 46 150 13 253 31 144 121 22 43 223 127 67 107 49 15 61 156 167 66 258 84 270 32 125 54 53 260 113 169 36 217 129 163 4 12 239 189 244 27 100 162 267 94 242 247 
11 211 236 143 100 67 188 187 243 114 228 223 238 75 109 197 226 26 219 252 80 30 268 85 119 18 245 260 130 9 74 7 49 267 164 35 162 97 45 207 177 41 176 66 136 4 227 6 140 83 246 158 31 108 112 215 257 137 76 105 221 170 168 225 263 27 63 186 65 58 165 161 91 79 171 25 
12 16 95 178 64 124 109 40 200 115 224 84 165 22 212 223 92 54 219 85 175 20 53 24 74 172 116 19 107 197 157 171 150 133 233 262 25 162 221 69 226 267 129 127 15 160 141 195 196 271 167 125 142 189 108 65 49 21 88 111 201 31 10 194 66 149 234 79 229 122 203 48 
13 156 50 113 238 95 99 249 266 246 67 82 52 122 177 256 158 75 191 105 179 3 28 247 24 210 143 117 223 181 169 1 166 165 258 71 188 146 107 112 98 162 10 17 171 239 261 42 194 41 267 2 93 124 260 175 233 257 110 32 131 89 51 81 76 178 30 101 197 109 49 134 18 94 204 225 205 262 
14 244 253 194 249 47 90 24 130 64 36 197 18 20 256 148 237 51 213 166 174 168 143 232 159 94 3 39 31 193 105 8 34 128 40 226 195 260 56 54 211 113 201 227 29 222 155 127 169 60 133 134 2 150 48 200 124 42 265 255 154 66 170 235 104 165 164 15 121 144 182 96 63 0 146 110 243 70 126 
15 163 264 185 265 129 253 116 40 4 219 248 93 108 154 170 206 243 50 153 41 188 222 25 27 224 270 183 196 160 83 223 90 187 126 235 194 134 271 97 117 239 6 100 120 255 70 55 77 99 123 61 80 177 119 209 156 12 145 262 57 107 10 140 44 257 1 211 14 111 178 254 82 246 46 138 64 210 23 233 167 229 179 
16 271 12 154 267 63 18 187 186 252 79 256 126 220 141 188 127 245 234 83 55 210 233 239 159 207 235 241 213 139 222 171 158 100 152 155 125 69 198 35 119 248 163 24 102 47 261 71 130 101 133 1 268 190 39 183 189 134 21 225 38 147 244 215 209 93 153 236 68 118 37 117 8 140 226 131 258 146 193 165 78 82 
17 25 195 10 269 244 196 118 62 225 84 194 122 50 233 193 109 100 4 188 150 128 245 229 171 65 192 86 266 180 54 139 138 156 22 49 132 95 152 13 111 144 190 202 96 105 210 206 157 168 92 207 200 134 35 88 69 203 268 215 170 133 226 36 264 99 174 104 227 184 254 151 24 124 64 219 271 
18 228 16 139 272 104 207 14 181 43 144 66 195 216 52 134 138 114 83 103 88 125 117 247 11 262 231 70 220 215 213 19 159 219 61 49 165 172 211 149 7 258 245 27 73 50 120 248 222 55 150 58 109 236 146 192 132 94 178 35 122 242 9 173 186 13 229 87 271 107 261 169 237 57 253 166 102 154 59 260 
19 182 129 237 186 45 189 49 219 245 142 31 54 22 104 145 12 30 212 214 151 217 18 268 228 234 105 139 39 216 57 211 64 161 230 147 202 246 218 187 7 88 184 8 193 247 109 9 71 103 108 242 37 42 167 125 206 80 173 144 255 69 188 257 196 24 179 119 127 35 128 183 82 166 5 
20 59 269 129 181 263 160 14 256 219 236 109 90 45 2 12 77 128 246 174 188 58 125 141 208 53 67 133 26 51 131 114 158 121 255 46 49 185 176 191 135 232 115 260 0 264 104 78 254 206 225 22 66 117 189 103 47 61 84 96 149 31 192 205 253 203 186 79 222 197 261 252 108 44 119 155 
21 85 7 135 177 260 71 197 60 26 258 164 29 144 178 265 84 189 111 101 9 88 2 161 63 6 22 270 245 242 102 216 1 175 149 206 213 67 267 153 116 148 72 172 45 3 23 181 195 165 248 37 223 192 16 220 203 34 77 255 12 42 185 112 163 205 105 160 113 54 30 82 128 68 236 194 124 180 222 
22 51 71 5 103 216 217 161 32 249 23 269 101 12 134 33 115 231 267 136 73 199 208 35 117 19 253 259 165 160 55 193 68 61 21 104 2 173 242 187 241 31 184 40 174 149 192 209 17 190 140 56 248 120 1 64 207 129 185 86 204 108 10 28 145 255 20 268 227 105 76 132 224 98 260 74 77 89 222 66 75 188 53 176 128 226 0 110 179 221 141 261 126 235 212 167 122 44 247 157 232 54 181 
23 269 56 149 24 270 121 22 262 266 105 252 203 184 81 87 116 70 180 146 10 256 0 253 178 196 173 73 45 259 41 223 143 189 127 85 122 119 220 68 265 77 199 233 33 218 246 120 209 43 3 213 263 112 154 100 153 21 234 36 164 104 72 39 75 98 80 26 65 191 157 136 177 254 109 158 15 219 35 27 113 83 255 
24 220 168 159 184 41 211 3 131 14 259 57 166 23 55 79 230 271 223 180 266 119 33 8 243 12 127 204 97 82 35 94 13 147 249 169 64 1 232 77 96 260 233 263 0 60 81 123 234 176 256 110 190 228 257 16 5 113 31 186 52 196 160 76 59 194 135 101 75 148 149 269 151 181 78 179 74 245 268 188 83 143 67 6 53 19 70 247 37 49 17 105 7 146 106 73 
25 174 17 28 150 149 191 246 181 47 251 164 56 214 15 257 55 118 71 158 267 141 62 160 70 247 162 60 219 12 88 34 233 146 190 9 225 89 194 263 6 143 215 61 250 51 205 207 77 53 241 232 262 27 173 93 73 87 178 26 183 260 259 133 113 81 69 42 131 3 79 75 187 120 236 66 90 167 238 188 48 30 72 11 45 49 234 
26 149 108 21 29 266 237 6 140 203 42 11 115 118 112 191 246 38 79 229 20 92 166 239 57 180 103 162 43 168 113 81 32 217 151 73 51 188 46 226 93 154 80 124 187 110 178 59 253 172 39 195 85 88 122 23 129 100 25 31 91 40 155 64 242 125 204 107 170 117 220 
27 111 155 193 236 271 264 272 259 84 80 186 245 164 254 180 15 51 109 117 251 209 1 252 233 267 32 76 228 242 58 253 59 101 106 49 18 173 260 37 255 213 182 138 57 2 25 140 239 175 114 34 192 226 11 145 257 244 212 3 163 30 196 167 265 10 112 23 207 158 269 38 73 181 201 
28 0 25 226 29 30 35 146 230 4 264 163 91 117 193 113 221 194 55 65 255 270 197 13 46 224 239 267 181 79 266 131 165 5 78 1 63 262 9 111 218 32 66 260 58 43 83 257 152 22 75 167 145 73 184 98 31 137 192 140 96 168 154 265 38 99 148 250 176 128 191 71 172 159 263 82 104 3 241 258 84 135 
29 272 249 28 56 186 171 93 155 83 213 3 26 59 198 21 268 128 121 216 269 90 159 63 2 220 252 30 151 152 174 134 183 158 86 37 44 178 260 129 193 82 271 227 160 191 113 50 53 88 199 150 232 14 32 54 237 46 154 137 65 185 254 81 92 255 132 146 180 48 100 52 43 84 195 207 109 179 99 248 245 66 192 170 266 212 126 253 105 164 130 239 161 176 194 57 168 224 110 189 69 5 40 267 200 205 197 
30 140 68 240 28 3 92 125 47 233 8 177 52 50 214 165 213 254 40 263 258 231 1 181 44 267 191 206 194 117 198 272 268 11 4 5 29 251 55 19 235 256 110 53 216 248 116 95 207 80 131 67 161 137 41 145 142 126 45 118 129 173 221 234 87 220 154 245 259 184 90 176 247 244 2 237 113 77 13 72 54 249 0 209 61 160 250 27 132 21 135 94 25 6 189 89 253 168 
31 144 147 155 55 262 186 7 194 33 139 84 226 196 252 205 266 134 19 142 54 261 78 14 168 241 115 95 245 81 157 141 97 239 159 22 135 149 182 214 126 185 260 189 10 206 92 62 229 24 1 258 98 207 169 28 52 40 201 263 152 11 71 119 193 191 76 101 65 26 20 215 109 93 38 265 12 221 202 82 233 70 51 236 137 240 124 256 86 174 
32 186 47 116 2 253 98 9 201 231 35 113 235 166 22 183 138 135 126 188 130 160 104 101 100 258 127 194 73 197 115 172 256 200 158 8 193 7 149 220 34 97 27 94 83 150 110 26 28 238 64 214 29 153 111 169 134 5 217 265 38 174 68 42 13 144 180 261 51 198 10 62 39 102 108 137 170 58 245 93 103 84 89 114 140 
33 146 179 37 43 206 168 116 129 107 76 261 31 169 67 217 22 199 197 72 24 36 188 103 215 119 78 239 149 62 185 209 157 237 264 122 203 92 192 23 68 64 162 130 198 96 112 101 222 158 176 136 190 140 117 47 196 95 35 159 102 244 93 271 46 234 113 118 213 151 55 221 208 135 123 5 224 240 175 
34 146 56 86 114 239 184 100 211 207 140 141 266 74 112 252 102 155 229 53 14 9 250 187 52 240 129 259 103 137 55 173 32 149 121 233 255 241 225 25 120 185 48 75 209 104 84 144 262 106 176 69 154 78 142 65 117 67 90 193 231 238 228 201 21 186 216 27 212 93 199 258 234 158 62 39 246 170 109 99 192 116 111 
35 74 28 114 165 62 32 199 233 263 177 170 109 168 8 7 127 242 22 222 24 122 253 175 249 169 80 49 247 0 271 157 69 204 90 16 116 254 266 11 65 269 119 162 5 255 174 186 206 1 158 183 17 18 132 171 33 37 262 135 203 160 198 118 143 38 139 256 19 23 224 140 173 
36 100 46 212 106 187 269 159 239 45 192 14 112 64 59 197 259 75 272 33 191 190 49 151 67 148 211 166 200 118 47 42 121 101 188 174 140 88 204 138 0 58 256 142 125 113 237 144 23 84 132 249 93 82 165 264 73 143 10 248 214 267 17 164 219 216 56 9 207 
37 58 238 207 33 121 151 42 213 138 137 92 196 101 49 148 204 134 90 115 261 160 55 47 1 66 236 60 72 50 200 139 233 29 51 241 246 225 61 27 174 212 147 91 149 146 65 228 198 128 126 237 194 143 74 103 152 21 129 73 164 19 124 249 69 6 71 173 114 210 102 220 35 145 64 16 153 82 125 54 240 250 24 131 89 53 100 95 177 259 
38 92 184 88 239 73 96 183 142 97 10 58 195 221 110 72 271 198 165 235 39 100 238 190 164 140 232 267 71 26 114 268 233 7 101 138 197 108 179 68 64 201 261 217 155 124 44 199 51 150 167 228 32 104 16 185 270 131 28 77 177 99 130 31 84 8 215 192 262 125 107 117 220 35 80 174 162 163 85 212 146 27 126 
39 231 156 157 85 241 171 140 110 9 165 143 173 84 232 181 227 204 205 265 254 79 179 89 38 76 14 176 217 8 136 155 153 168 119 230 19 107 219 216 111 96 78 88 270 56 228 113 97 106 162 82 83 178 112 158 61 212 109 16 218 246 236 26 195 23 46 177 71 271 101 102 32 57 175 159 80 210 53 34 167 122 133 64 225 145 58 127 81 
40 192 50 71 270 214 15 12 186 44 239 30 217 235 55 141 148 231 53 212 244 125 77 243 232 145 149 14 199 163 101 22 119 104 108 113 41 193 190 54 59 248 216 127 267 75 165 195 67 250 31 220 130 264 94 210 164 247 4 223 160 26 70 205 95 128 251 194 29 162 84 260 129 230 
41 204 51 95 83 24 121 68 247 267 179 259 194 130 237 146 164 217 78 42 57 15 109 248 118 128 141 91 59 103 23 255 181 72 227 55 64 219 113 40 6 265 120 30 52 185 5 125 242 11 13 133 239 112 58 153 71 252 165 129 236 127 241 97 70 178 159 166 138 100 222 187 184 101 93 131 124 272 82 228 157 162 226 253 111 
42 211 95 37 138 139 105 57 149 226 100 148 254 41 118 3 111 145 113 26 117 153 80 262 43 223 257 68 202 36 161 122 219 85 205 77 110 222 13 225 121 1 107 237 101 131 193 229 221 243 177 32 63 14 48 120 54 19 84 21 194 25 174 235 241 203 109 261 186 144 129 96 263 269 9 106 73 
43 74 103 33 232 227 49 268 224 134 238 146 123 55 18 7 260 136 247 198 46 244 201 57 113 245 211 229 264 174 42 183 250 122 121 173 93 120 147 235 139 241 124 162 126 161 125 196 26 186 97 66 223 28 60 79 23 259 10 206 242 81 127 182 225 164 29 168 3 258 220 249 210 256 199 141 
44 161 215 257 230 40 85 187 53 122 45 249 106 264 88 170 2 237 30 246 80 103 263 266 192 70 59 111 235 199 159 29 183 160 255 269 67 6 126 253 147 218 68 38 221 132 101 51 176 265 89 153 243 195 15 82 245 83 108 184 96 254 193 231 7 211 244 179 178 138 272 171 207 142 197 60 22 72 148 143 144 20 219 129 
45 108 241 151 46 57 51 259 36 181 19 44 204 90 156 186 67 190 20 172 129 97 168 215 238 229 269 235 103 23 0 102 231 112 256 105 130 30 11 48 66 177 122 21 65 82 120 260 3 171 254 101 237 165 264 60 152 218 213 62 226 8 124 126 77 239 59 25 257 
46 36 125 216 54 213 244 109 7 45 171 247 123 250 266 119 43 169 185 28 68 99 118 138 47 105 63 60 210 193 253 128 255 64 153 20 178 189 186 182 212 77 228 10 158 190 107 200 67 26 29 262 268 122 135 139 98 238 176 229 39 207 160 167 202 173 232 175 267 59 243 51 112 180 33 204 95 192 83 103 15 80 149 269 205 132 76 61 72 
47 250 110 32 138 161 181 14 30 82 108 184 25 70 90 168 240 136 170 116 249 219 253 192 71 254 266 128 96 55 247 37 172 46 114 174 124 36 203 73 60 180 100 154 272 120 227 208 16 193 74 101 224 177 199 187 112 261 207 146 66 107 20 243 157 33 196 125 111 206 182 121 87 54 205 234 8 218 268 4 117 127 252 197 
48 237 247 113 243 1 150 125 214 97 60 213 133 117 132 159 138 2 160 165 147 70 168 75 191 34 265 235 55 270 128 129 216 126 45 236 92 116 242 72 238 8 78 234 84 14 3 29 83 42 228 252 164 89 223 77 197 196 222 217 153 207 82 95 170 142 25 68 208 249 98 248 12 
49 127 257 201 188 209 60 95 118 238 43 202 68 92 37 132 66 183 19 54 139 51 134 203 36 105 216 193 70 119 251 172 256 135 35 214 104 266 85 191 18 143 11 20 141 17 129 27 263 123 269 99 142 217 10 81 178 220 69 264 255 145 144 252 249 221 96 91 267 248 57 226 12 101 160 65 196 162 13 9 88 232 75 223 52 157 199 198 230 247 211 200 24 187 241 270 146 25 
50 13 40 109 147 154 69 30 74 17 263 66 70 203 239 230 15 165 172 253 123 268 223 205 85 148 96 242 174 64 37 227 83 210 152 117 130 184 126 104 29 249 18 63 234 78 259 115 99 153 103 262 116 114 90 164 173 150 98 190 171 168 270 260 68 
51 103 201 22 189 207 57 41 8 45 248 0 179 55 167 264 212 14 257 253 68 191 155 120 236 27 49 198 2 71 157 140 121 73 20 93 153 142 91 4 119 54 137 269 37 268 106 135 219 102 177 26 242 85 75 38 87 100 44 192 25 174 183 66 270 224 84 32 122 249 13 46 92 150 78 237 226 267 114 271 143 169 72 209 31 67 262 234 138 197 
52 61 203 230 202 30 253 139 160 222 238 13 90 119 167 112 4 135 113 18 70 75 120 131 232 34 104 181 142 138 166 7 86 143 188 107 224 63 165 41 235 109 100 24 187 31 173 106 29 189 257 161 84 0 216 194 205 256 156 83 49 141 182 265 236 212 103 92 1 
53 133 103 237 102 44 132 130 116 244 176 231 207 78 246 2 194 142 40 12 252 271 139 90 88 34 264 235 20 203 266 210 135 192 30 260 217 242 140 117 216 29 188 0 214 56 105 197 25 249 152 5 101 164 272 81 22 95 245 155 225 211 114 10 259 199 106 39 205 24 110 137 37 136 126 
54 221 66 168 46 230 263 183 152 197 266 178 68 136 49 87 154 226 12 114 212 31 19 124 151 90 218 126 118 208 158 188 260 271 128 140 62 182 14 17 51 157 105 258 236 101 232 215 163 40 205 29 170 89 196 129 113 174 97 234 233 137 257 130 94 42 240 95 135 204 164 10 30 47 249 235 195 213 267 3 131 37 21 272 63 1 176 116 81 238 161 22 
55 79 57 90 77 74 257 31 107 234 85 191 40 51 24 43 189 93 170 28 187 16 154 222 86 25 47 37 94 22 102 243 147 30 7 195 192 146 10 41 198 34 240 71 246 194 229 59 153 169 214 15 203 221 48 218 271 248 184 101 264 256 196 238 108 18 202 119 179 127 145 112 4 231 159 144 5 91 211 253 81 157 68 166 239 247 241 2 267 33 245 268 230 263 150 
56 34 81 29 159 97 220 23 255 25 63 102 178 80 180 87 92 108 222 153 201 131 154 185 272 216 76 14 127 112 79 116 22 234 263 39 227 241 132 271 70 0 188 122 161 215 151 133 103 53 96 251 195 109 236 86 174 191 95 8 141 196 152 239 98 67 214 166 198 36 4 261 
57 235 247 55 60 139 51 136 270 45 215 24 127 42 78 2 41 231 263 43 85 198 187 5 195 193 120 199 228 258 176 234 173 75 90 138 256 160 26 222 245 220 157 259 108 174 19 202 252 246 143 186 8 148 15 189 77 27 236 126 105 158 242 6 7 65 49 111 239 135 165 92 0 269 39 156 134 91 181 240 68 29 18 152 179 86 
58 37 197 141 140 216 156 73 2 266 137 259 206 97 254 94 234 201 219 155 38 95 121 224 149 110 236 20 112 91 177 62 187 1 116 171 174 27 228 120 124 204 249 183 74 28 68 199 36 82 244 125 261 66 41 182 231 18 252 189 131 239 192 258 88 67 184 114 269 117 138 175 75 246 32 250 11 172 200 237 90 262 268 106 65 214 39 248 92 272 173 
59 20 239 173 29 153 104 36 185 178 122 41 223 151 126 241 257 64 44 261 196 271 210 96 0 158 236 27 55 66 177 98 235 40 76 169 266 136 24 219 199 231 216 26 137 242 258 253 128 67 74 190 205 46 202 161 213 260 159 147 272 267 252 45 268 70 18 95 115 61 
60 254 93 178 239 57 160 21 49 258 215 174 243 259 245 229 85 146 48 114 255 253 177 214 120 107 46 37 64 145 6 185 25 99 24 187 47 75 131 144 100 209 113 240 248 125 118 43 211 262 162 199 156 190 217 246 14 158 87 251 129 0 260 63 65 91 89 176 45 257 200 192 123 222 198 68 44 103 216 195 2 97 72 168 219 157 
61 52 196 170 248 160 214 263 187 139 74 127 195 188 222 97 131 245 157 168 22 230 133 246 173 18 136 73 198 178 271 185 269 223 1 37 193 15 255 110 164 62 25 39 94 10 76 174 145 121 85 129 122 209 4 20 179 217 243 109 30 232 81 177 239 2 141 244 134 142 154 180 46 80 66 138 59 
62 271 203 184 103 116 17 91 229 254 35 151 144 237 125 68 107 92 70 159 208 87 67 235 64 195 143 25 155 172 33 268 5 58 166 180 88 54 272 264 191 224 169 250 31 260 61 220 138 170 131 122 109 149 8 141 179 147 163 244 206 104 156 266 185 32 45 182 126 154 4 105 34 66 198 221 174 204 215 
63 16 260 94 75 89 56 237 112 265 174 257 108 187 29 121 192 157 21 235 248 233 46 81 213 73 222 115 28 251 105 194 96 65 6 52 50 86 203 138 82 66 158 80 90 269 173 197 232 64 42 184 60 236 106 219 83 147 225 11 69 7 231 262 14 208 149 76 54 254 130 218 
64 269 12 117 177 71 97 271 175 123 76 181 68 251 129 14 213 198 99 180 36 262 2 62 187 107 70 126 211 138 114 50 24 60 236 272 115 59 153 106 234 65 46 233 161 41 168 146 157 3 38 19 254 22 32 33 172 202 239 217 230 95 63 200 119 260 245 121 170 131 189 259 133 26 116 37 229 147 235 182 101 154 15 39 218 17 263 
65 137 161 226 111 272 79 256 208 228 68 125 253 248 164 151 28 206 135 176 229 120 205 85 261 74 143 17 98 252 165 260 140 265 113 64 214 66 185 177 188 237 257 91 63 263 191 154 35 0 119 238 255 37 29 97 134 45 87 34 144 160 117 8 182 222 217 158 244 223 57 60 133 23 80 12 178 31 145 70 49 197 121 3 149 270 241 88 6 11 210 221 58 247 250 
66 54 158 234 112 106 127 50 69 272 207 261 49 228 246 18 250 178 147 222 85 104 37 154 144 130 121 257 150 107 243 0 134 65 192 237 59 219 109 28 43 169 87 45 9 171 11 63 225 58 20 47 10 51 269 71 211 115 83 14 256 270 22 136 180 90 29 120 151 262 113 188 77 173 62 25 12 96 101 259 196 190 61 172 126 226 152 145 189 216 
67 272 226 143 11 76 243 129 158 146 13 211 33 154 187 45 5 233 4 62 110 89 152 117 78 105 36 175 177 20 153 271 242 30 44 21 46 139 149 121 132 10 189 40 186 34 124 257 228 256 198 59 109 163 136 58 24 267 141 173 253 205 180 222 1 56 230 174 238 79 51 
68 96 30 179 248 144 125 41 166 225 64 65 49 150 62 54 192 264 262 171 51 115 247 161 83 263 211 46 122 258 22 251 204 69 42 70 134 182 191 187 202 157 139 203 23 254 212 38 93 152 173 33 58 186 141 44 82 223 1 8 85 165 268 250 199 220 32 148 257 208 249 270 100 16 210 55 167 238 149 57 108 272 21 118 60 103 48 97 50 193 252 243 
69 100 116 196 70 109 229 50 202 264 266 153 180 66 124 104 253 71 199 157 115 225 206 211 158 173 150 216 68 93 246 177 265 166 35 92 107 168 16 236 79 12 257 234 187 125 34 213 237 88 137 231 49 73 155 212 82 17 136 106 37 151 184 8 85 25 63 19 162 171 118 208 29 224 270 188 
70 137 257 176 228 69 9 47 213 150 6 50 244 147 114 62 209 10 129 23 250 224 139 52 91 178 64 96 162 49 199 25 165 226 68 18 111 44 252 82 236 89 146 225 153 221 123 48 159 105 15 155 56 239 2 217 227 193 207 266 265 140 175 249 41 130 97 211 65 122 269 237 90 240 256 71 74 40 118 216 31 24 194 185 59 204 0 14 
71 83 9 250 40 21 22 140 240 64 134 235 217 186 110 92 155 203 69 256 115 212 47 231 251 205 225 167 258 25 262 51 228 185 38 96 10 153 116 132 163 55 255 13 189 264 175 249 216 8 268 188 234 136 16 152 146 118 151 41 119 19 164 101 31 94 66 150 86 39 181 37 131 106 89 246 91 125 95 79 70 28 156 98 137 103 207 257 218 6 206 
72 120 235 167 247 204 241 99 133 173 168 94 263 179 33 38 228 196 74 105 115 252 206 232 148 147 142 2 236 37 41 187 272 136 212 256 109 10 205 269 97 181 75 159 129 132 146 8 230 248 134 245 21 48 238 7 149 23 160 80 140 208 199 30 150 177 262 101 145 123 156 79 221 51 155 261 234 210 44 46 114 25 231 60 164 117 
73 185 6 164 260 96 110 212 148 180 58 38 271 1 140 166 22 7 23 32 190 51 209 122 257 216 124 63 133 47 199 61 155 220 89 150 135 26 18 129 83 136 28 115 3 95 158 69 37 217 236 25 154 111 36 200 179 187 215 168 130 211 42 246 24 27 5 
74 151 35 226 43 259 188 55 221 113 179 50 112 82 34 235 261 93 61 107 160 248 72 194 154 133 12 246 96 65 114 172 258 149 205 167 202 166 232 214 108 211 127 11 251 118 240 178 132 58 47 239 89 142 263 37 153 229 77 155 244 22 140 150 24 59 117 271 9 6 129 267 7 138 70 104 237 1 207 209 94 174 161 187 128 
75 164 166 241 63 250 260 196 8 88 156 158 262 36 11 13 82 1 255 216 175 89 52 117 161 120 265 76 77 57 149 101 72 60 180 48 34 236 128 170 197 112 133 51 28 219 79 90 173 24 40 152 268 186 254 23 160 240 185 218 270 22 177 162 58 235 49 215 25 238 211 80 122 
76 0 135 2 241 97 146 169 67 64 149 33 262 269 154 132 196 172 127 39 98 170 249 198 167 216 157 261 233 156 75 263 222 214 56 27 87 258 80 193 84 168 59 230 103 24 108 82 144 171 61 271 22 195 131 192 179 11 3 31 194 13 123 93 110 205 206 197 238 174 225 63 176 243 46 
77 114 196 55 227 173 86 252 268 20 160 253 177 159 120 140 188 40 216 194 24 242 132 75 93 105 249 168 23 87 46 174 15 228 42 237 246 208 269 164 126 57 220 25 244 206 74 229 2 22 155 129 21 38 124 125 30 48 109 94 66 204 191 1 178 45 261 136 
78 9 163 229 136 267 203 255 210 197 41 209 57 159 53 218 206 248 109 82 31 129 67 92 33 200 168 95 86 28 222 216 87 269 219 195 176 132 39 191 100 243 20 236 50 101 126 34 127 245 48 257 24 252 107 51 158 121 205 214 128 149 166 153 142 145 16 89 
79 55 16 173 65 102 24 239 241 266 39 108 176 262 206 28 149 111 26 161 265 131 126 261 129 208 139 185 92 165 238 56 109 69 237 43 140 175 156 75 254 216 91 157 187 96 252 207 154 120 218 83 236 71 25 72 150 260 255 7 20 67 134 1 12 212 235 248 202 106 11 200 
80 194 233 149 206 136 209 217 27 267 242 191 114 56 178 104 44 10 11 42 35 246 2 83 159 269 170 169 30 164 6 183 76 15 132 95 92 256 148 182 162 199 254 216 26 189 63 135 98 23 72 19 65 224 211 144 137 232 117 39 150 156 196 46 38 1 81 61 75 244 227 4 
81 224 56 228 176 133 147 238 163 222 5 23 156 185 129 164 101 155 200 191 187 31 219 180 132 206 63 181 189 123 109 268 188 24 92 3 249 264 26 182 184 93 43 174 29 49 270 102 265 105 111 198 186 53 13 201 150 25 55 89 192 61 115 140 267 235 6 208 80 167 54 39 
82 111 198 137 47 260 131 74 13 152 94 153 106 245 75 148 78 24 91 169 180 250 104 173 154 181 244 70 109 116 133 241 203 246 224 29 165 186 130 172 39 68 218 58 207 63 167 76 146 188 208 45 171 128 163 151 44 206 240 36 147 69 184 189 8 187 247 228 123 161 48 15 204 31 41 37 259 175 113 233 21 100 112 28 191 16 19 197 
83 92 71 246 223 41 234 29 187 208 150 137 93 151 148 216 198 122 16 144 235 86 256 95 178 259 68 18 157 247 267 169 15 217 239 80 264 231 2 173 209 50 4 161 175 266 32 121 165 7 116 271 115 39 28 73 145 142 107 153 174 11 213 193 48 113 242 44 66 154 159 84 149 24 63 233 5 192 79 114 203 225 52 227 232 181 111 205 46 226 124 252 23 207 182 
84 85 136 227 209 169 17 27 129 188 158 39 12 137 31 186 130 1 21 234 167 246 212 189 138 5 203 256 192 173 171 135 134 198 101 97 123 233 34 267 125 76 191 179 243 197 181 143 126 213 8 48 36 29 51 10 96 42 20 268 52 83 259 148 0 120 265 38 152 216 94 32 95 40 28 219 117 
85 21 84 257 223 39 145 157 161 55 44 148 253 91 98 162 235 232 60 12 8 172 141 57 50 65 66 226 209 11 214 132 246 49 138 167 23 258 259 180 42 87 93 117 262 163 184 51 238 198 86 260 244 68 265 102 174 215 122 189 264 61 164 26 256 221 140 94 192 69 106 270 213 101 202 99 206 129 38 188 116 
86 100 154 34 208 145 235 229 96 90 98 135 77 104 118 187 0 83 254 123 55 271 171 102 156 110 78 7 17 196 29 52 134 172 107 215 1 258 241 255 22 173 233 119 63 223 85 182 231 170 222 56 151 71 89 256 264 141 217 238 236 232 164 192 240 189 265 4 226 262 108 6 209 101 193 272 161 94 126 190 138 31 57 
87 128 251 176 201 267 110 124 257 173 245 158 177 164 123 203 256 54 162 6 62 23 259 56 231 132 183 271 156 102 120 142 78 76 95 109 2 77 262 85 222 66 88 155 30 224 165 202 214 244 51 93 208 238 65 134 60 151 119 140 171 111 182 149 250 9 25 178 172 226 148 210 47 99 190 204 18 270 216 131 269 117 96 118 
88 133 177 182 38 171 248 75 44 106 156 146 147 163 104 138 242 18 232 21 206 53 98 62 105 269 6 97 255 210 25 164 227 119 36 39 29 267 229 95 19 87 175 192 134 69 165 148 191 110 130 231 26 58 243 17 194 158 213 180 12 102 160 49 260 186 124 65 137 113 9 136 155 190 103 166 
89 144 106 261 197 229 1 206 63 173 109 174 105 190 232 67 243 39 152 142 104 153 246 75 180 7 157 116 97 251 189 70 224 225 161 172 10 269 185 73 135 187 111 25 193 233 262 74 54 169 253 146 103 117 44 245 183 140 254 113 242 13 22 86 48 60 226 266 71 236 221 216 210 81 208 32 186 37 196 120 78 30 
90 230 252 55 233 256 235 14 47 269 170 10 225 86 185 111 223 229 45 52 127 129 155 118 130 20 37 91 190 29 54 53 241 255 242 15 110 112 148 216 189 57 267 247 35 6 191 203 138 146 154 239 141 262 115 178 163 75 151 202 63 30 179 34 132 0 187 228 134 96 66 135 157 50 168 70 254 217 156 222 143 160 246 261 25 58 180 194 196 226 161 
91 126 1 171 186 62 199 140 252 268 196 28 85 190 134 90 216 168 118 184 82 232 70 272 239 202 41 146 145 58 119 4 133 99 130 176 256 259 266 110 51 205 183 65 132 172 260 197 154 95 37 215 219 200 247 222 269 182 93 138 210 238 258 248 49 79 148 206 185 214 60 151 96 113 218 55 71 149 26 243 57 233 6 237 5 124 102 106 209 234 155 11 264 246 
92 83 2 212 247 30 122 253 38 10 214 71 4 172 140 49 37 243 62 5 184 12 124 100 103 78 234 121 195 56 101 162 267 227 26 173 157 81 69 244 79 203 155 33 250 31 80 48 206 221 204 133 127 110 29 17 192 163 177 220 171 179 102 239 57 51 169 0 156 114 238 170 58 125 52 
93 60 149 170 29 271 154 209 151 168 123 83 140 15 55 74 249 143 117 110 263 9 43 69 130 167 51 104 77 226 225 219 221 68 97 179 158 85 186 96 81 217 196 206 26 13 181 91 87 116 145 36 1 157 194 244 258 25 16 0 114 76 150 34 161 112 264 41 31 33 102 113 115 229 253 32 255 222 268 
94 256 173 130 206 258 221 63 177 148 123 156 58 82 72 134 106 229 251 103 182 102 188 14 24 260 270 55 137 109 143 254 193 154 211 99 141 197 127 228 32 131 110 150 210 176 252 272 220 257 212 194 1 61 142 71 54 126 40 18 181 128 117 4 8 85 98 5 77 157 84 216 13 169 266 6 236 201 30 86 147 239 192 259 74 113 237 10 136 219 
95 265 133 123 42 12 200 41 203 236 13 49 256 155 189 246 232 58 110 83 150 10 271 241 31 78 242 97 156 233 229 204 30 100 87 248 6 17 163 105 197 80 180 88 106 91 266 258 154 101 264 4 73 268 187 182 151 64 54 125 129 56 219 33 53 223 137 71 221 48 192 46 40 147 111 164 84 172 59 37 146 
96 68 122 168 152 209 73 165 116 86 221 38 6 243 202 138 109 170 147 47 74 50 70 242 71 262 211 24 156 108 59 192 63 99 200 215 5 259 247 159 39 175 17 110 93 146 197 33 214 229 56 220 196 28 161 235 106 140 195 49 84 164 44 97 145 79 239 90 20 91 190 181 127 14 66 42 87 219 7 133 184 178 191 
97 214 241 225 56 64 76 231 245 58 38 239 266 253 141 207 116 48 101 130 24 45 210 272 61 115 188 223 95 158 89 121 176 110 260 15 31 161 32 72 88 194 84 165 93 43 180 39 11 263 109 230 65 54 268 261 246 129 264 41 96 70 209 235 2 136 183 108 123 178 111 195 68 60 257 226 
98 192 206 240 110 263 32 125 253 221 224 86 85 249 237 254 149 214 238 6 76 105 264 169 0 124 180 65 219 7 88 117 112 194 175 183 127 233 232 177 207 159 144 13 113 268 114 59 271 262 31 28 5 46 172 154 80 167 129 134 22 248 23 204 94 143 230 56 108 50 215 225 8 71 156 216 48 
99 270 237 13 106 239 161 158 145 64 148 72 194 244 206 8 202 187 171 195 118 167 138 235 46 218 155 240 125 232 108 114 173 94 249 91 223 233 209 60 151 164 96 119 178 15 105 104 140 159 49 246 271 258 229 179 225 242 50 265 121 29 182 238 191 28 248 38 133 251 87 149 124 17 1 85 102 34 156 165 212 109 
100 36 86 196 69 244 128 256 11 198 187 34 2 17 111 202 184 146 42 250 172 254 145 92 190 102 38 214 112 206 32 271 152 248 150 218 159 200 131 5 230 267 118 95 16 15 129 236 47 60 171 191 78 247 235 215 185 109 52 104 23 51 114 220 29 246 229 161 26 133 41 182 123 68 255 199 163 115 165 193 192 239 9 221 107 170 82 10 37 204 127 174 
101 124 252 122 114 156 178 191 187 225 243 177 37 22 220 21 147 97 269 32 240 81 92 211 10 197 250 199 163 251 247 133 224 38 132 135 227 262 154 36 40 75 84 27 242 217 54 230 110 47 144 16 109 55 95 7 42 123 78 44 233 24 33 256 71 188 268 181 6 45 205 53 31 257 246 49 241 39 152 237 115 72 41 13 125 265 103 136 249 215 107 141 9 85 86 64 66 216 111 140 179 244 192 186 196 
102 152 1 131 114 227 226 0 144 180 200 243 79 53 260 56 194 34 252 100 246 94 217 86 212 173 177 55 195 269 9 169 87 45 234 21 262 156 239 270 51 232 16 118 204 199 105 141 109 219 81 85 192 223 143 189 113 159 139 8 145 92 88 39 33 37 93 32 244 230 148 241 104 91 193 266 99 18 166 164 
103 155 51 138 62 43 250 126 22 253 53 148 231 260 157 218 247 229 92 199 94 33 127 18 44 153 174 45 41 212 207 162 34 249 26 243 210 105 180 208 196 134 76 56 159 89 170 37 195 19 123 4 222 20 246 206 50 167 242 188 118 101 183 141 237 186 251 46 32 240 68 6 143 60 244 71 52 88 
104 121 133 213 18 134 234 156 69 86 231 59 206 221 80 176 88 89 32 184 19 135 152 66 9 82 52 22 8 245 49 172 93 170 177 162 40 10 50 159 244 99 34 137 272 126 161 20 189 100 257 129 269 192 237 187 136 23 38 258 138 149 0 114 62 14 225 246 143 247 263 228 74 178 242 102 212 17 3 28 
105 160 230 131 130 9 241 4 42 188 252 23 89 266 220 118 182 143 167 222 265 13 72 228 248 242 190 128 135 98 67 14 49 184 46 146 193 268 88 111 261 63 2 19 77 54 202 178 200 70 251 45 103 123 99 175 117 95 107 102 17 156 260 189 126 112 119 109 53 115 116 243 81 22 57 161 110 0 11 6 151 147 207 173 214 29 235 171 21 62 164 149 24 238 
106 89 110 36 9 66 124 99 244 198 258 44 231 88 94 82 220 254 125 219 137 248 161 192 209 114 267 154 135 152 64 260 117 142 109 158 123 27 179 107 190 51 256 39 95 191 34 178 151 208 115 52 96 233 120 224 63 122 199 69 121 71 85 131 163 53 251 249 153 186 145 180 91 250 8 42 217 58 24 79 232 3 264 194 
107 242 115 157 123 55 261 33 231 62 148 204 136 223 224 74 162 64 4 238 125 60 12 121 109 225 2 66 219 212 208 169 126 86 39 69 8 124 161 13 106 46 52 139 255 105 42 142 222 201 10 15 83 262 47 178 196 172 249 78 236 203 266 101 227 38 193 18 248 100 135 108 26 132 120 241 182 198 
108 45 145 177 186 142 47 26 227 243 166 256 258 263 140 15 209 261 134 63 79 229 136 205 226 116 148 56 99 118 207 157 143 74 96 146 40 38 215 57 147 217 167 150 22 249 267 223 76 55 272 5 236 0 198 11 19 163 219 113 44 12 130 109 1 132 97 268 242 233 32 168 269 86 178 114 98 199 197 251 68 107 2 203 220 20 265 
109 121 50 230 69 221 163 131 46 258 12 189 139 196 17 157 35 96 89 20 6 134 41 78 222 11 27 94 187 249 165 107 172 81 82 72 111 106 87 246 183 136 206 207 79 66 160 236 119 127 101 225 260 97 1 52 100 19 159 219 102 105 144 62 268 39 18 188 56 5 264 215 29 190 202 67 108 197 234 77 137 61 158 31 13 140 204 174 3 42 23 34 270 0 227 169 141 99 
110 9 47 98 106 263 73 39 253 185 71 87 124 191 166 268 134 129 38 1 183 266 95 67 255 93 58 249 257 86 171 220 211 90 30 97 113 138 265 200 214 91 233 94 206 24 32 231 239 101 61 42 96 130 3 127 92 26 238 132 215 204 168 223 13 167 88 180 105 230 143 117 162 76 8 22 241 176 53 260 29 164 237 14 6 218 248 156 
111 82 203 27 206 256 265 242 65 142 10 90 226 100 170 149 42 184 21 229 197 79 243 135 189 182 181 70 191 128 105 44 146 163 109 171 207 28 190 198 221 39 89 17 246 139 32 215 252 156 81 120 179 87 239 2 263 162 57 145 47 160 236 73 222 271 12 15 124 148 83 230 123 251 260 95 101 97 115 167 261 161 34 41 
112 66 172 200 74 249 34 36 265 63 119 224 121 251 52 113 137 173 100 233 58 26 247 267 162 98 138 90 4 188 237 184 122 118 114 0 201 45 147 258 221 56 13 234 187 263 126 191 47 140 75 23 39 105 41 243 33 177 11 230 193 209 55 213 212 46 21 93 259 141 268 1 151 27 82 178 
113 13 258 161 220 176 240 74 48 32 271 28 228 8 178 179 42 141 112 217 215 52 243 43 136 177 180 254 118 143 267 5 246 241 137 157 171 224 150 110 195 139 65 14 239 40 41 155 272 156 26 60 98 29 236 255 24 39 122 185 174 193 54 36 126 128 213 256 83 89 124 108 190 117 261 199 102 223 30 247 91 10 25 160 194 151 168 182 93 33 66 21 88 82 205 94 23 216 235 
114 77 101 102 35 34 268 133 129 119 11 5 70 210 80 195 54 158 141 8 156 18 209 60 244 1 74 234 64 99 38 47 106 155 205 250 176 2 225 112 20 266 221 200 98 125 204 123 162 270 197 175 265 249 100 190 194 4 121 164 104 255 219 154 213 27 58 53 37 93 50 83 202 138 51 108 159 224 6 32 92 72 187 259 
115 107 0 6 194 177 12 226 179 136 10 7 200 71 69 240 22 4 37 174 68 72 26 145 97 31 150 1 32 183 212 128 170 255 161 64 211 261 63 248 220 229 140 213 253 236 116 221 20 262 90 83 151 141 250 181 122 185 73 206 3 193 210 105 106 263 50 269 268 257 8 233 66 171 119 189 101 266 234 125 100 93 81 231 118 259 111 160 59 222 
116 224 62 69 32 155 15 96 245 33 203 125 217 47 53 167 172 97 201 23 108 12 89 194 148 7 58 71 30 82 246 258 237 35 56 83 269 115 169 48 21 161 192 93 266 105 126 165 214 131 50 130 239 127 183 220 227 141 156 241 64 149 219 153 257 182 193 143 140 175 197 170 34 54 124 85 
117 64 118 238 193 2 28 121 151 219 254 185 137 232 148 93 22 42 267 162 67 30 27 150 48 13 191 157 18 75 242 98 256 4 198 120 152 15 203 269 184 235 106 206 260 255 50 179 53 173 202 187 155 181 85 105 220 253 175 248 143 197 145 205 89 20 247 34 136 200 177 125 65 252 129 113 33 94 74 168 262 110 266 58 264 271 221 126 80 166 16 234 188 38 87 218 47 26 159 196 211 84 72 
118 253 227 117 17 129 197 49 142 258 86 223 42 169 90 270 105 199 249 135 220 91 2 163 157 206 99 113 25 41 54 151 181 46 184 26 143 158 266 168 108 261 36 162 100 112 144 212 74 260 228 0 30 102 60 213 71 191 267 167 194 271 255 183 123 5 103 215 231 16 35 33 189 69 115 211 70 127 203 166 68 87 269 
119 2 142 125 195 252 10 167 144 114 163 112 132 52 138 135 24 46 202 231 257 207 33 126 49 91 11 0 130 184 121 1 39 166 51 250 40 23 245 99 236 16 88 109 65 86 15 35 165 243 105 143 191 71 206 227 215 31 55 212 64 233 87 216 115 131 251 154 128 137 217 264 170 256 19 160 259 153 20 
120 72 182 187 201 1 231 241 226 169 218 247 217 268 51 154 220 65 233 52 272 132 77 57 219 60 2 179 125 75 152 117 43 87 172 124 238 250 58 148 15 34 41 47 22 141 127 23 167 18 237 266 140 252 45 147 126 121 111 223 139 106 42 222 157 184 79 66 84 259 178 261 168 138 25 150 229 89 107 236 149 
121 263 109 239 196 8 104 197 37 175 174 141 41 3 117 23 132 159 112 29 164 58 138 63 156 193 92 126 153 218 107 258 51 66 266 43 97 7 119 36 34 20 262 148 83 172 10 147 248 42 183 154 190 67 122 211 160 61 120 99 114 236 123 64 143 106 243 180 47 65 78 14 150 220 201 234 198 203 140 165 134 
122 182 101 96 4 186 92 240 17 192 44 2 83 13 258 35 261 68 168 126 248 59 242 177 239 207 43 73 159 136 208 112 23 42 231 3 33 113 272 228 140 45 6 56 115 221 121 62 46 237 85 138 152 61 137 51 222 166 26 266 106 155 70 18 9 225 129 264 125 160 131 268 39 180 22 12 75 164 
123 95 107 10 204 156 141 164 64 94 93 46 43 159 87 147 224 171 86 253 211 50 146 184 81 192 24 252 218 8 70 176 84 212 106 105 127 15 6 221 254 49 203 264 114 134 260 2 101 213 161 172 247 103 168 158 118 121 270 214 190 185 174 194 167 76 97 175 100 153 154 60 72 238 82 148 124 155 135 216 151 111 140 243 7 271 177 4 33 268 
124 101 12 132 106 87 198 188 69 110 145 162 224 92 169 259 270 153 192 54 258 248 193 98 252 167 267 47 73 1 120 10 150 43 185 211 58 209 155 107 203 9 262 232 38 220 26 13 195 67 14 113 37 133 260 240 77 233 171 172 180 123 111 41 5 186 88 99 45 247 219 83 17 91 31 142 214 250 21 210 116 146 
125 189 230 153 0 46 228 30 98 68 119 206 177 144 62 116 65 244 5 201 197 213 48 202 161 106 146 257 18 20 99 40 107 120 8 178 183 210 6 214 218 151 43 3 16 136 235 152 60 84 41 114 69 271 266 58 204 36 142 163 117 186 12 247 95 19 47 173 268 2 77 154 10 242 71 101 115 195 258 122 162 26 38 267 37 243 172 128 143 92 
126 91 103 141 16 137 32 217 185 144 175 240 129 54 255 122 222 205 212 119 121 64 166 59 145 236 15 190 170 79 263 107 174 242 43 184 232 31 50 44 30 221 199 244 182 207 48 112 104 176 105 156 78 84 77 37 113 116 270 194 155 57 120 94 138 29 117 62 134 22 45 86 204 151 193 66 53 38 14 
127 49 212 167 179 164 242 225 165 240 66 177 57 16 221 192 90 76 35 24 103 61 270 205 32 216 23 153 94 249 151 253 74 195 98 56 269 123 120 245 136 109 110 40 211 14 271 12 10 92 146 251 43 228 78 41 6 265 231 55 129 261 230 116 199 208 145 206 139 96 118 223 239 128 134 260 19 47 39 100 131 190 
128 87 271 212 218 171 100 221 242 152 199 9 29 248 17 176 47 105 20 220 140 249 41 173 115 54 111 267 14 186 46 197 188 234 172 132 266 75 217 48 262 231 258 153 37 151 82 113 59 187 228 225 235 192 94 194 144 22 119 149 200 245 28 246 0 208 247 219 7 191 78 40 21 127 163 233 131 19 125 74 
129 161 20 15 4 118 184 67 203 114 33 19 142 84 64 90 179 110 70 260 219 2 126 45 81 78 178 193 34 168 204 79 149 100 72 157 29 159 272 220 49 22 261 156 176 48 252 30 73 12 230 165 265 104 54 217 224 0 253 41 97 37 242 117 164 262 98 61 60 244 95 127 77 271 205 236 26 134 189 200 74 10 243 122 201 257 141 8 42 145 186 85 44 246 40 131 
130 251 210 94 105 191 240 161 184 248 180 41 201 14 53 84 90 212 32 97 179 223 250 7 190 231 119 66 255 131 198 93 176 91 194 11 9 50 227 236 268 172 45 272 82 16 110 206 33 4 258 40 218 54 256 88 70 157 116 108 163 38 29 73 63 260 
131 102 105 134 263 109 175 24 82 204 0 260 271 7 216 262 147 264 61 142 240 52 168 28 56 258 130 79 253 218 100 20 157 247 94 30 60 254 186 143 201 203 256 62 42 135 58 76 13 116 195 234 38 64 246 71 270 119 185 25 190 41 106 139 164 177 199 122 156 54 87 196 187 176 16 249 37 128 162 200 127 165 197 129 
132 163 3 2 124 53 152 253 144 121 49 76 226 119 171 231 246 224 0 87 147 48 137 120 212 81 178 85 241 77 266 71 101 159 188 263 72 91 128 17 78 181 74 190 80 138 56 236 161 67 164 208 44 29 110 225 22 203 172 90 36 4 198 18 186 8 35 222 206 108 154 136 140 227 256 232 211 219 210 197 30 46 242 195 107 189 
133 177 95 88 53 7 81 104 114 203 190 174 152 223 72 233 8 139 157 74 217 209 48 206 167 140 189 225 61 156 20 91 257 12 101 73 259 82 236 162 135 176 16 92 75 183 41 185 56 14 204 219 146 200 207 256 159 153 124 65 211 169 260 100 25 194 99 17 258 64 171 238 39 134 144 214 264 166 239 96 201 
134 231 7 160 131 71 217 104 43 248 169 22 144 110 94 31 37 197 91 108 235 109 191 18 228 49 237 29 68 257 242 15 84 140 86 66 215 138 72 226 123 32 103 88 259 203 65 247 14 152 87 16 98 253 205 17 196 149 222 234 225 129 90 173 224 13 126 5 57 238 194 79 133 232 61 127 168 121 250 
135 21 169 76 158 244 146 86 256 250 237 8 143 32 190 167 119 150 236 118 52 65 263 105 104 230 111 248 49 220 173 53 182 106 181 101 266 31 84 228 245 89 179 223 51 73 20 133 142 139 216 213 261 24 131 4 46 80 172 177 151 207 147 222 54 57 253 90 196 136 35 123 191 152 145 208 107 9 30 33 28 0 
136 84 253 57 255 224 187 78 199 3 80 47 115 137 271 107 54 9 43 141 22 108 113 266 179 122 72 39 246 151 247 61 109 125 259 157 127 174 71 226 73 153 223 59 201 11 241 213 104 176 117 185 183 227 33 204 69 67 167 66 97 235 240 23 135 234 132 194 230 163 192 101 215 166 140 268 88 225 53 94 77 
137 70 224 241 229 65 82 177 207 254 37 58 126 83 136 84 117 144 211 265 155 112 164 94 106 132 186 113 192 172 34 231 271 159 210 51 30 248 104 202 268 158 154 29 69 28 213 54 170 59 4 122 11 236 109 205 95 80 119 256 32 88 226 191 261 1 31 53 190 201 71 270 
138 103 47 242 166 42 145 37 245 96 32 253 187 1 205 142 119 238 162 18 121 88 84 182 99 169 249 204 46 10 64 48 224 139 112 52 262 110 271 57 85 38 17 264 210 212 216 203 272 36 134 90 132 256 197 163 63 233 62 222 91 27 122 258 104 221 268 194 126 183 251 41 58 200 44 202 114 74 161 120 15 227 232 215 234 61 86 51 195 
139 201 254 57 194 18 109 52 42 235 166 31 160 202 61 8 133 227 260 144 49 53 70 193 208 138 172 16 268 189 248 162 113 37 43 17 19 68 79 190 168 206 107 155 238 148 67 232 135 111 1 181 240 167 46 262 120 229 141 102 173 156 180 4 213 131 256 225 127 154 261 247 267 176 35 236 242 251 
140 30 247 188 58 71 91 39 92 221 34 108 185 148 224 1 93 195 73 163 26 264 227 168 128 38 192 169 271 253 77 51 133 159 223 54 2 65 180 157 134 203 171 149 205 53 268 22 115 36 255 178 233 193 99 79 112 122 120 209 190 230 11 15 142 175 28 96 211 197 70 89 250 74 87 27 33 72 239 219 85 152 179 270 225 222 109 132 158 260 261 16 81 136 123 177 236 196 116 121 32 101 0 35 
141 58 222 172 121 126 123 191 187 16 189 169 34 202 40 97 136 198 113 164 10 4 227 114 85 204 142 41 155 25 256 262 20 94 31 247 49 120 90 68 115 5 178 102 152 194 12 218 181 62 139 0 86 268 166 67 56 272 116 171 206 103 22 209 112 220 101 61 52 129 183 109 43 
142 108 163 220 119 203 194 118 111 210 218 129 38 201 231 138 19 153 225 53 31 89 164 240 152 141 131 72 1 52 260 87 214 176 51 151 106 145 207 269 30 262 264 184 247 197 135 36 107 49 74 213 241 83 272 34 125 140 94 2 12 248 252 259 0 216 4 217 5 157 44 155 162 61 48 198 78 124 144 
143 67 11 144 237 39 210 214 213 265 135 93 180 204 256 105 198 14 263 113 182 62 65 94 246 177 13 171 249 118 4 191 23 108 152 7 221 255 49 52 166 201 131 155 57 232 25 117 84 8 200 119 5 37 231 170 163 102 110 121 222 24 257 240 36 98 104 195 179 35 51 90 188 184 252 116 242 248 103 44 271 125 145 268 
144 31 245 187 89 272 68 102 205 143 145 125 119 62 21 132 217 223 137 18 134 249 83 251 126 139 6 147 246 153 234 163 3 66 150 232 168 261 257 4 118 185 60 250 98 10 17 268 34 101 175 176 155 244 76 264 109 189 65 9 36 49 32 237 209 270 128 55 19 80 5 213 14 42 206 154 133 243 173 44 142 236 151 
145 108 9 264 86 85 5 138 144 271 172 237 99 201 245 124 42 100 153 262 249 154 227 115 157 217 19 91 161 126 60 40 158 212 142 228 232 30 239 231 151 22 28 83 15 146 117 93 61 49 236 149 179 55 96 111 65 102 2 150 72 27 216 37 168 127 219 178 106 135 170 208 129 39 1 78 66 240 143 
146 34 33 149 199 263 28 220 260 265 76 135 195 100 67 43 41 159 88 269 60 23 125 123 173 10 169 187 91 152 243 105 176 245 55 252 219 251 111 70 182 257 108 64 6 13 25 171 72 226 90 193 71 96 37 242 238 47 127 145 82 89 202 178 168 18 174 29 133 150 9 222 1 246 148 203 244 261 227 223 14 230 16 262 24 49 38 95 124 
147 181 31 219 0 50 81 157 214 70 192 213 209 160 208 180 123 88 96 256 101 158 144 66 131 24 194 226 132 72 55 189 260 243 168 229 43 48 261 112 253 108 199 19 44 37 121 262 241 202 224 120 6 268 16 62 135 82 179 105 267 63 225 227 150 203 211 201 172 64 59 95 94 233 
148 162 7 212 272 169 94 103 179 73 216 85 99 140 107 167 42 83 215 40 14 37 117 265 82 251 231 244 50 72 190 108 36 116 263 90 120 121 194 257 227 255 139 243 188 80 21 149 88 57 184 193 24 176 68 91 220 204 256 84 28 87 164 123 6 246 111 146 102 2 238 44 163 245 191 
149 93 146 25 26 269 186 80 241 76 176 23 261 42 111 253 98 194 189 58 264 79 33 74 248 239 270 257 40 167 32 31 34 207 75 129 22 140 183 18 21 243 3 168 67 37 224 266 148 232 24 72 0 62 235 272 145 104 134 87 156 256 83 236 20 171 219 91 128 154 180 65 161 116 68 99 172 46 78 63 12 105 268 247 120 
150 192 25 210 189 261 169 83 70 153 68 1 180 183 48 204 17 135 95 272 117 201 167 69 115 4 144 6 244 222 100 12 113 66 258 254 213 170 124 94 32 73 252 10 156 29 108 235 207 18 38 14 9 146 71 74 223 243 72 81 147 145 93 3 51 50 7 249 121 80 79 173 120 262 232 2 55 160 
151 74 238 259 37 45 241 247 177 2 93 191 242 62 117 83 268 172 153 205 192 65 252 54 248 166 182 118 36 29 261 59 3 187 19 6 10 136 201 267 200 99 127 142 125 176 0 262 26 237 233 115 157 145 228 179 164 219 56 71 90 106 128 190 95 24 82 87 272 186 135 86 174 250 105 217 258 211 214 69 91 218 66 113 1 234 123 33 112 185 17 230 254 126 144 
152 102 210 164 96 54 256 128 224 240 133 132 172 82 3 241 233 221 222 185 245 89 67 142 198 104 250 146 100 263 29 207 120 117 143 213 106 16 50 168 211 170 125 17 68 71 202 28 178 237 141 268 253 75 134 215 169 37 31 238 122 53 252 209 140 45 219 101 270 56 84 255 264 212 236 135 57 66 
153 125 181 5 239 69 227 161 255 194 150 59 224 151 82 145 15 241 142 124 210 42 199 206 89 144 190 103 176 121 56 186 67 71 248 240 39 51 127 268 64 249 46 70 8 55 259 21 237 32 128 136 257 165 225 23 41 83 172 74 44 50 223 133 173 16 158 123 48 174 216 171 106 116 37 212 192 271 78 233 207 119 154 
154 16 8 86 234 50 93 168 173 162 169 76 67 15 249 54 55 145 74 175 120 185 66 160 94 191 56 82 221 0 252 106 201 209 268 253 101 174 47 238 90 65 91 178 121 261 137 195 6 95 23 29 260 26 30 180 34 170 172 98 28 192 14 83 255 114 125 132 79 73 123 119 149 62 264 144 139 64 179 211 61 181 18 176 153 
155 103 9 188 239 31 27 116 29 192 157 71 95 162 176 215 58 90 178 161 137 245 51 177 206 34 179 7 141 81 99 62 189 10 240 114 39 16 210 73 113 124 92 117 8 139 143 196 70 269 6 14 38 87 144 246 237 126 200 266 261 251 69 74 218 77 122 53 258 232 223 26 123 236 180 72 142 220 244 91 88 20 
156 13 39 173 58 101 1 123 213 250 104 165 172 199 176 94 228 75 45 88 170 200 81 114 216 121 245 177 242 185 86 133 201 87 214 76 95 230 96 244 17 102 272 113 129 150 233 221 179 164 60 105 79 169 15 236 126 10 111 195 251 269 149 218 62 139 52 72 116 226 57 231 90 183 80 131 210 71 92 208 98 99 110 
157 39 107 181 147 85 155 262 177 249 103 182 109 69 201 133 208 252 161 118 251 203 162 195 76 145 83 51 6 63 61 89 117 113 31 12 194 235 248 108 179 33 92 259 3 140 131 35 5 54 68 57 225 129 234 64 236 136 8 151 242 171 237 175 17 184 93 218 202 47 79 120 186 130 173 269 90 23 55 187 94 49 41 199 230 142 9 222 212 164 22 60 0 
158 221 66 135 222 67 99 239 84 196 87 183 5 213 75 190 13 227 114 147 223 245 69 229 25 270 54 214 247 118 97 172 145 32 29 185 231 179 16 20 59 106 257 46 93 241 4 272 137 184 63 204 242 39 11 73 33 60 57 35 123 65 230 237 88 218 109 153 246 140 1 78 263 34 259 254 236 23 27 197 210 
159 163 227 24 56 188 240 36 9 186 257 203 146 123 62 78 121 247 250 181 254 224 29 14 189 234 48 77 16 258 233 140 80 122 255 100 18 214 31 132 44 165 137 72 251 70 98 129 104 230 96 6 99 173 183 271 171 223 269 217 109 103 8 41 133 102 83 185 33 55 178 59 39 204 272 238 114 28 235 117 
160 105 134 60 224 271 52 61 210 20 139 230 191 147 220 74 37 164 213 32 77 22 272 188 270 15 154 195 25 186 161 261 204 48 217 57 197 8 44 240 5 254 29 253 109 202 222 245 24 233 176 12 65 121 177 262 214 46 75 205 72 241 212 184 215 189 111 49 235 163 113 30 263 88 40 255 35 21 122 192 90 119 115 150 
161 213 216 129 47 113 44 65 261 217 130 85 99 153 187 178 22 10 2 223 155 258 125 157 68 21 106 75 175 145 79 160 115 83 89 42 97 222 250 64 43 237 30 107 196 248 19 104 132 56 242 116 123 256 0 96 235 105 100 52 192 262 59 232 93 82 195 203 149 29 260 138 241 165 86 181 11 111 172 180 74 90 189 54 
162 148 207 0 227 264 169 155 154 85 176 165 257 124 87 138 107 117 157 198 2 70 92 112 25 181 103 139 189 118 104 185 205 43 26 12 8 256 13 184 133 11 60 39 114 35 4 251 33 212 80 177 202 232 164 173 5 195 226 111 110 271 49 75 209 196 225 69 252 125 246 223 41 142 253 38 255 10 204 171 40 230 3 131 244 
163 159 78 15 132 142 109 28 81 205 263 252 243 119 173 164 140 269 182 118 181 88 229 223 144 248 166 101 214 176 71 40 111 238 235 215 54 16 95 85 9 90 239 138 172 203 125 92 82 199 143 108 6 220 62 67 266 160 179 130 183 100 21 136 10 106 27 206 246 170 247 38 128 212 148 0 222 180 178 
164 75 127 73 152 269 123 177 259 25 21 41 87 165 240 188 163 27 65 238 121 141 160 8 142 38 229 81 137 203 210 174 99 168 256 226 80 88 218 11 156 231 61 151 186 214 132 77 200 71 23 162 245 43 129 37 85 114 48 40 96 173 53 170 54 86 148 211 14 50 131 255 29 36 105 221 95 197 110 171 157 102 122 72 
165 191 127 96 35 30 39 156 164 162 12 220 208 196 50 38 22 70 109 28 65 214 260 1 240 48 13 18 264 159 83 79 97 82 52 119 129 87 212 88 153 40 68 21 41 249 116 45 259 239 36 244 262 169 57 14 190 0 100 271 11 253 161 16 121 131 99 
166 208 75 224 138 229 108 68 24 32 199 139 110 253 4 204 14 73 212 244 241 151 249 163 126 36 236 176 62 182 74 260 26 52 185 69 13 119 186 143 205 272 3 177 191 175 200 122 41 187 190 214 141 257 6 251 117 55 136 56 18 78 118 133 227 9 102 243 225 19 88 
167 261 127 264 168 72 201 259 119 238 269 191 148 51 178 6 116 84 52 135 105 213 99 76 71 133 150 74 124 93 228 233 149 85 253 209 250 199 267 258 260 120 108 254 5 28 179 82 118 224 208 139 38 10 0 12 98 110 46 19 103 205 245 136 123 220 211 68 170 198 39 27 218 193 25 22 111 81 181 215 15 
168 171 24 54 96 167 200 244 33 269 47 154 93 182 219 241 35 72 14 91 140 45 31 122 78 131 61 118 129 263 147 188 39 144 164 77 64 220 152 69 178 26 48 139 2 223 240 246 212 149 253 206 76 221 239 6 17 146 110 28 123 43 169 185 5 11 173 117 90 108 145 113 120 247 257 261 183 184 215 29 186 252 196 50 73 134 60 207 30 
169 135 230 268 84 269 148 150 76 199 225 162 255 134 141 33 154 120 173 118 124 46 7 253 140 82 146 98 83 138 35 24 196 212 102 13 216 107 227 62 80 55 188 272 66 239 116 32 156 8 219 59 14 192 89 31 245 152 258 168 224 183 241 246 207 133 165 261 10 229 92 236 51 94 18 270 222 242 190 109 238 
170 93 90 61 226 227 47 35 111 0 55 44 15 96 6 156 76 259 272 188 115 126 191 104 150 178 253 80 186 222 152 197 261 75 194 2 54 243 267 257 62 233 103 86 154 137 143 14 11 64 164 216 181 172 29 17 182 183 167 32 171 212 119 145 48 34 163 100 221 26 116 187 92 
171 168 91 29 187 128 238 39 268 46 204 88 225 132 123 68 237 99 86 207 1 17 143 110 12 113 196 264 16 58 186 84 269 111 140 100 146 13 159 157 211 252 66 230 76 179 82 45 259 173 183 221 87 115 197 4 35 92 124 149 236 141 208 257 105 133 69 170 153 44 189 50 235 162 164 216 250 11 
172 234 173 141 186 249 112 261 9 92 156 145 197 100 152 151 239 50 231 76 116 230 85 45 12 206 47 74 62 248 223 49 263 109 202 32 139 158 120 104 137 89 18 86 267 128 7 121 91 184 130 82 64 163 21 123 222 153 272 98 154 26 135 132 107 227 1 187 237 170 178 87 124 182 232 251 147 201 149 189 58 125 28 245 66 218 95 161 190 228 
173 156 172 94 59 214 79 154 89 77 87 39 1 163 72 169 243 249 260 112 69 146 102 128 23 192 195 265 82 99 43 135 83 194 216 57 92 22 84 262 61 238 34 268 198 237 117 27 68 207 86 159 7 30 271 206 225 75 212 52 184 63 204 162 203 209 5 171 46 25 164 153 168 157 125 139 37 105 231 19 134 175 244 67 18 50 222 66 150 190 176 144 219 3 58 35 
174 25 180 217 1 121 187 182 133 60 261 243 241 89 63 14 244 115 228 20 266 43 272 103 50 29 209 47 164 58 270 154 126 22 248 57 77 36 254 136 6 37 256 194 113 35 81 83 51 54 61 85 267 146 32 56 151 202 123 235 258 109 42 153 76 186 67 17 38 62 218 74 31 100 178 
175 186 203 222 214 121 131 265 64 202 126 12 204 154 6 184 237 75 35 208 266 67 256 161 252 98 83 260 21 71 194 96 105 254 88 239 157 79 144 117 248 114 13 140 166 70 245 213 8 46 27 188 198 123 1 58 173 210 39 191 82 5 261 116 33 
176 70 243 87 81 214 239 113 271 196 252 149 155 156 162 221 53 185 212 128 79 65 104 253 216 248 39 153 146 166 218 97 130 57 91 163 190 114 254 142 228 217 24 123 20 78 151 94 220 129 133 250 208 11 126 144 34 160 44 148 256 136 46 30 33 60 22 28 240 222 242 110 268 29 173 131 139 76 183 229 2 154 272 54 249 
177 133 21 108 64 137 88 30 191 223 215 115 94 164 151 190 125 127 35 87 157 238 101 240 187 13 155 113 249 1 156 77 102 60 143 67 122 58 272 256 263 221 69 252 211 104 213 206 65 208 98 59 51 166 15 201 193 11 47 45 228 207 162 230 222 198 112 232 237 42 117 160 92 39 251 3 4 135 185 242 38 72 75 23 131 61 255 140 216 123 260 37 
178 12 210 60 266 257 101 0 161 8 54 191 192 190 246 167 21 56 113 155 200 59 80 83 184 258 66 23 70 129 3 132 125 4 272 170 204 263 29 105 46 168 267 61 74 99 140 5 90 154 39 243 141 152 106 183 49 146 195 26 107 248 221 41 18 186 65 251 25 87 13 172 212 97 159 120 15 228 44 108 193 262 145 104 205 211 77 265 112 194 163 96 174 
179 68 33 127 242 74 41 148 115 51 72 113 254 129 39 13 130 155 224 252 136 120 0 186 200 157 158 193 38 259 117 135 229 106 211 93 261 156 151 253 167 84 256 238 171 222 1 99 90 237 248 55 111 145 24 260 62 76 29 147 61 92 258 163 140 73 270 44 22 143 19 202 154 57 101 199 8 15 
180 174 241 189 102 69 73 130 239 219 150 64 187 184 216 4 24 147 188 143 27 23 56 261 113 197 8 89 82 98 81 9 237 62 17 236 207 140 26 47 75 248 85 234 1 97 191 103 95 222 235 271 154 185 270 29 32 110 269 221 244 66 88 139 121 124 46 149 67 155 203 229 253 106 122 61 90 161 21 163 196 
181 214 0 147 153 195 157 47 20 25 7 64 45 18 263 39 182 222 159 30 271 163 207 221 211 118 28 192 41 52 81 255 82 162 111 13 135 231 72 132 117 184 115 227 84 93 139 1 21 232 101 141 24 3 228 238 94 237 71 170 198 243 186 96 185 83 57 240 154 161 167 27 22 
182 122 229 88 120 174 19 260 168 227 259 157 181 184 8 105 163 226 262 94 224 151 1 143 138 241 183 111 166 68 188 135 5 54 146 197 31 235 210 243 216 46 266 126 81 203 80 252 213 91 58 86 27 205 95 43 190 198 253 65 223 199 87 99 185 100 172 248 47 62 170 232 0 113 212 200 14 116 52 64 270 107 83 
183 272 54 38 215 150 32 158 266 49 110 205 197 200 15 191 182 43 218 232 87 253 115 264 125 29 262 210 206 98 44 91 186 149 109 261 80 58 270 159 250 121 133 237 178 268 245 213 238 9 16 51 89 118 136 171 35 138 169 3 5 269 233 116 97 25 228 163 231 103 239 208 170 267 156 168 141 246 176 265 1 2 19 
184 240 62 228 264 47 38 24 129 34 130 188 212 100 241 256 180 182 23 92 111 260 178 91 233 104 175 118 123 105 234 119 112 117 1 22 126 222 50 172 181 162 142 85 217 81 158 19 55 28 148 238 173 30 157 201 63 120 0 160 44 82 192 69 58 197 41 168 255 261 17 143 272 237 96 202 
185 73 229 15 249 110 8 216 90 264 140 3 231 117 59 208 176 126 81 152 46 189 242 214 156 154 71 33 56 255 60 0 166 158 204 263 162 251 89 65 79 124 20 31 144 224 34 226 199 61 22 4 41 113 100 133 29 115 239 180 136 260 168 266 75 91 177 38 213 123 159 21 182 197 62 131 181 218 203 235 217 151 70 207 
186 246 32 175 108 29 209 192 91 122 16 172 149 250 236 71 40 31 159 19 27 84 45 252 1 137 153 179 160 128 171 233 166 170 183 194 46 43 131 193 82 241 93 68 57 24 223 164 196 2 35 67 198 218 125 239 75 151 81 132 157 6 178 34 213 181 269 18 124 174 11 88 20 42 106 103 212 168 244 89 129 101 240 
187 256 144 234 171 16 223 36 136 11 101 100 83 174 120 141 161 224 44 226 180 212 231 61 138 67 86 177 55 63 247 99 210 3 57 64 8 146 109 34 81 254 58 72 151 15 22 68 60 236 198 89 227 117 267 262 112 19 69 47 52 26 196 104 95 188 260 128 79 172 90 166 82 41 73 193 157 25 244 131 49 114 170 199 74 
188 155 190 210 140 74 49 159 224 11 184 244 84 124 16 105 17 164 220 262 180 198 15 32 33 94 170 20 61 97 160 7 54 77 202 112 182 81 168 128 215 209 264 132 65 36 13 52 250 252 71 211 53 169 26 148 56 248 227 6 82 9 221 101 109 258 245 187 24 259 200 265 22 103 175 266 207 19 66 228 192 117 143 234 25 69 85 
189 125 51 248 180 198 150 109 272 141 204 95 233 55 19 3 21 149 185 258 159 84 147 155 133 111 81 210 268 250 23 139 90 89 162 239 271 212 71 46 31 267 236 104 105 246 67 209 80 244 57 144 58 229 208 6 20 16 85 221 102 52 269 12 160 115 129 82 196 86 238 64 264 171 242 118 10 261 270 256 172 241 228 29 1 215 66 225 30 161 132 
190 188 224 201 263 177 258 133 213 91 251 178 243 158 135 45 89 100 90 105 38 10 36 268 153 148 260 130 73 126 176 255 0 111 269 215 24 22 139 25 106 46 132 17 40 214 223 208 60 209 121 250 140 16 210 151 207 114 182 33 109 7 113 59 194 123 166 165 247 96 131 87 191 173 50 236 228 244 86 137 66 169 88 212 172 127 
191 165 25 130 214 177 101 141 151 110 230 55 178 167 234 80 160 10 260 51 13 36 134 30 216 266 81 183 117 26 154 143 170 111 68 270 62 49 48 90 197 6 29 20 65 180 100 78 166 112 84 106 118 196 88 194 119 241 192 31 209 246 56 8 99 23 226 229 7 190 135 259 175 206 28 137 128 77 250 245 82 257 231 148 96 
192 40 98 150 186 155 247 122 36 178 199 147 127 68 47 210 216 151 217 10 211 124 251 140 63 173 181 17 55 84 137 106 270 44 253 53 123 96 218 238 261 246 22 66 33 233 88 169 104 116 207 92 28 51 257 267 213 258 102 191 21 154 18 58 76 194 161 128 220 184 27 29 85 83 86 60 20 260 8 136 100 38 81 95 197 245 188 46 160 263 256 153 201 94 101 34 
193 245 239 27 117 17 216 28 6 220 206 272 223 10 202 14 124 22 121 49 57 139 94 129 266 105 269 46 243 201 209 32 254 179 263 264 29 217 40 61 140 186 89 47 76 146 177 267 228 19 113 70 148 42 115 83 34 31 112 213 44 241 227 100 187 178 1 107 195 200 224 86 116 167 16 102 126 68 
194 234 80 14 231 139 217 115 142 17 41 263 31 153 99 28 102 229 53 74 149 221 30 6 147 224 206 241 32 116 77 157 259 98 173 130 15 63 55 97 148 186 175 246 25 208 209 170 13 174 94 24 191 118 240 37 141 126 114 93 138 3 192 190 76 128 123 88 256 133 52 255 42 136 113 12 134 29 70 40 238 90 21 213 178 225 228 106 
195 17 201 206 181 119 146 140 38 114 18 234 255 235 99 157 61 62 92 173 57 221 160 102 55 225 216 268 113 14 127 260 246 223 78 154 244 245 259 124 40 178 21 103 12 210 156 56 96 39 44 26 76 162 233 29 131 267 125 161 143 54 193 232 229 132 97 60 138 214 
196 100 121 77 229 69 17 61 176 91 109 2 243 218 75 158 228 37 5 263 31 165 76 203 72 242 271 23 15 219 169 171 86 59 248 265 198 259 230 43 232 255 246 161 155 103 93 186 191 24 54 200 55 187 96 12 215 107 239 134 33 47 254 48 49 189 135 56 162 266 80 220 19 131 168 27 267 66 140 89 90 101 180 117 
197 58 211 6 121 21 118 89 54 1 172 14 248 78 255 36 125 134 216 33 28 11 180 183 263 111 219 101 32 12 94 160 128 182 38 271 191 170 142 91 95 223 138 75 96 114 241 84 117 53 236 63 140 171 4 109 48 184 65 185 13 76 265 270 266 192 108 7 132 44 164 20 228 247 233 9 116 29 51 158 82 131 47 
198 213 82 4 189 100 124 106 64 29 265 83 232 230 256 141 188 43 38 259 143 5 152 76 162 57 30 51 262 2 252 228 10 221 199 130 117 55 84 196 212 258 173 61 111 187 16 237 206 268 33 177 85 37 210 186 108 182 81 132 234 67 32 272 181 224 200 175 35 167 201 60 62 49 263 142 121 56 271 219 251 241 107 248 254 
199 222 146 236 136 91 169 35 156 166 234 128 192 69 256 244 33 118 22 103 200 153 3 241 70 57 101 198 265 40 44 73 167 258 23 185 266 147 223 202 126 201 29 58 102 47 60 247 217 80 38 59 245 68 163 182 113 106 72 100 127 53 34 131 207 49 108 233 157 43 5 179 8 187 
200 260 95 217 168 112 102 12 238 115 240 202 3 156 178 10 199 183 243 268 78 81 235 242 232 0 36 250 179 32 244 100 205 110 151 37 96 105 272 114 46 247 211 91 246 196 143 237 164 117 201 14 155 236 270 64 133 17 166 218 6 188 214 198 203 229 73 60 129 128 138 220 182 193 9 58 49 271 29 131 79 
201 51 139 195 87 49 167 32 190 120 130 145 142 241 58 157 125 260 116 43 228 229 150 248 156 56 193 230 151 154 261 112 143 14 217 131 38 199 213 177 107 251 238 136 270 243 31 200 7 184 227 34 208 218 81 268 12 209 236 147 215 198 129 121 172 94 219 192 137 133 27 4 
202 216 52 69 7 3 175 49 100 141 96 237 200 240 139 125 99 119 193 220 91 222 74 172 188 253 42 225 223 68 105 249 219 57 117 199 19 160 17 137 152 234 64 147 162 87 206 55 205 146 90 260 259 157 46 109 245 246 174 59 203 208 230 114 138 31 258 85 179 218 79 4 184 212 
203 62 175 246 111 52 95 142 218 269 129 7 133 78 267 50 159 71 116 87 247 272 219 220 23 196 256 233 26 157 229 49 228 84 232 242 216 53 164 117 47 140 82 68 209 33 92 138 254 1 90 124 55 123 182 131 212 63 257 134 163 237 222 132 173 245 21 17 200 202 107 147 83 35 161 42 180 185 20 146 8 236 118 241 121 108 12 
204 41 8 248 123 244 250 171 72 45 107 189 131 150 37 166 39 143 175 222 219 217 24 141 138 235 4 68 238 129 160 95 185 239 178 0 267 35 58 36 22 102 230 92 114 158 266 125 133 110 173 227 136 3 148 246 54 245 98 109 211 236 46 87 82 159 77 26 162 126 13 269 62 70 100 249 
205 214 228 144 163 271 249 151 138 31 39 247 71 108 253 242 8 50 183 65 126 206 261 127 2 74 266 114 200 72 1 91 162 140 166 255 42 220 222 215 267 54 4 202 252 117 25 182 225 101 134 160 232 129 167 241 59 137 76 52 217 219 21 47 20 67 78 83 40 53 46 113 178 3 259 235 7 29 234 13 
206 195 98 231 111 94 258 33 80 125 89 58 193 269 208 15 215 99 104 234 78 65 69 238 254 5 155 221 118 222 272 30 153 79 72 172 88 100 194 205 133 270 81 249 256 117 183 227 177 224 110 21 109 139 246 31 92 130 173 168 93 198 43 17 229 20 202 115 119 35 77 245 82 91 103 19 4 62 244 47 132 271 233 141 76 207 163 127 9 191 144 85 266 240 71 
207 162 37 51 137 34 254 18 66 259 53 212 97 0 181 171 119 236 272 16 122 152 103 108 210 180 149 6 111 30 268 98 142 109 22 173 126 11 47 82 177 31 70 221 150 192 234 17 25 8 190 222 46 133 29 135 257 169 79 5 105 214 48 188 206 271 199 266 44 243 256 74 185 153 36 27 71 83 168 
208 5 231 86 166 263 0 83 65 246 255 261 206 165 62 185 147 22 157 10 54 175 2 233 139 20 9 239 122 215 107 226 6 79 177 213 251 265 47 194 103 190 176 241 77 132 258 228 256 264 82 106 87 167 189 247 72 201 68 212 202 268 183 171 259 127 245 128 69 89 135 63 81 145 238 216 48 33 156 
209 186 84 49 96 217 93 239 80 249 265 260 241 235 223 147 108 70 78 252 224 114 133 85 27 251 248 257 33 73 174 106 99 193 83 154 255 188 167 203 22 124 60 34 23 194 15 190 140 210 189 254 225 247 173 7 256 61 191 144 112 231 97 242 152 16 30 162 201 141 6 86 232 229 51 74 219 91 226 
210 178 3 152 188 130 150 230 248 142 78 143 160 229 114 252 192 16 256 153 187 97 224 13 189 46 164 125 53 207 183 50 59 238 265 182 155 137 88 138 227 228 94 260 103 17 251 209 221 190 91 266 9 198 115 270 195 264 40 226 255 234 37 258 218 87 89 175 243 68 247 39 2 132 1 156 65 15 72 43 261 124 158 
211 11 42 197 250 272 24 34 67 7 137 69 123 192 43 68 181 101 36 64 94 271 110 96 233 224 115 270 177 267 74 14 18 124 152 19 266 179 8 188 258 60 200 171 217 127 212 121 219 140 254 66 133 70 151 80 53 0 55 44 2 15 164 6 147 204 167 118 132 236 49 225 154 244 3 178 75 73 117 
212 127 2 148 128 92 252 36 257 73 184 265 187 71 51 12 207 130 237 176 225 166 54 84 102 40 126 249 132 169 103 115 19 72 1 233 145 266 107 198 189 248 138 68 118 46 123 218 168 37 94 203 238 162 165 39 173 211 119 9 160 69 112 232 208 178 29 34 27 182 170 152 261 186 22 104 153 157 163 79 52 38 221 250 190 99 202 
213 161 198 37 46 104 156 29 70 253 190 30 234 64 143 147 158 14 262 125 160 167 48 267 233 18 16 63 248 150 152 177 243 21 261 208 115 201 118 232 23 9 135 69 123 142 182 136 27 84 219 137 183 192 83 113 254 272 7 175 268 255 185 112 221 114 193 186 88 45 59 139 54 85 241 144 33 3 194 237 
214 181 224 97 205 176 175 191 173 40 30 147 3 92 61 249 143 25 98 48 100 185 158 60 251 85 238 156 19 49 163 265 165 125 142 159 74 76 110 65 31 230 55 32 190 234 164 255 87 53 96 215 160 116 91 245 225 123 4 200 151 248 166 246 227 207 105 36 217 56 78 262 258 133 124 58 195 
215 44 177 233 269 57 60 183 242 218 155 148 206 113 33 268 45 241 224 18 208 188 86 96 108 190 134 245 163 54 9 228 205 239 91 100 257 253 56 25 111 237 255 110 152 214 85 119 196 219 252 109 11 227 244 16 160 260 17 31 271 118 220 73 38 101 136 75 201 236 168 238 98 138 248 62 167 189 
216 257 161 228 202 46 58 245 22 185 148 10 193 83 192 180 197 29 18 91 176 75 221 156 131 76 49 191 251 69 203 77 195 73 30 173 90 127 56 218 264 78 169 234 21 182 138 19 39 71 1 53 48 267 135 40 271 254 80 79 59 249 266 270 4 119 170 34 265 258 52 89 241 145 142 153 84 3 123 94 87 70 101 36 269 208 177 60 171 98 113 66 
217 174 200 1 194 134 161 209 71 22 258 80 40 239 240 116 41 229 33 144 120 126 192 113 204 3 102 133 145 272 83 39 19 160 53 176 7 193 201 101 26 108 128 184 38 211 93 70 60 49 199 159 64 129 32 271 220 65 73 236 151 61 86 219 244 48 269 119 205 10 90 230 214 253 142 185 106 
218 3 243 128 203 142 231 196 215 103 120 228 78 6 54 99 220 183 240 121 176 100 131 216 262 125 192 123 164 255 28 23 212 44 19 244 82 55 259 0 233 39 186 130 141 157 155 75 251 200 201 156 79 151 158 91 45 210 250 246 227 185 271 47 265 167 117 248 264 202 64 110 229 174 172 71 63 
219 244 147 15 180 168 117 20 0 58 47 5 203 19 264 12 129 204 267 106 11 197 120 81 196 98 253 146 8 107 18 9 25 93 42 41 78 256 39 202 66 51 272 271 232 91 151 75 169 109 102 213 59 133 211 215 108 114 63 95 140 152 217 149 205 224 116 145 128 132 222 124 36 201 235 209 96 198 23 173 44 94 60 84 17 
220 24 250 238 113 142 261 146 56 16 193 165 203 105 188 160 106 101 118 258 128 257 29 120 202 232 218 254 255 110 135 18 32 57 23 168 73 115 10 230 237 129 227 94 205 176 117 8 62 30 124 49 260 96 77 40 217 68 100 163 21 235 148 92 192 116 37 167 221 215 247 200 0 121 141 196 38 43 155 271 108 26 
221 54 158 94 109 74 128 98 96 230 140 127 176 28 38 254 104 152 206 194 241 216 181 7 195 198 154 177 143 93 70 111 5 112 114 12 126 55 123 115 224 156 92 30 168 44 210 207 122 226 42 188 6 49 178 138 171 189 11 85 180 213 243 238 246 89 220 117 232 22 95 72 31 100 164 62 270 170 65 33 212 
222 199 250 175 141 158 235 52 231 81 245 233 181 15 55 152 204 105 35 109 206 61 66 126 202 227 263 56 150 253 16 2 63 76 232 78 6 161 57 170 184 265 87 160 205 42 14 180 107 91 177 18 138 234 172 179 33 86 203 207 103 244 229 65 120 237 122 22 135 134 143 132 255 228 146 7 9 111 41 140 48 254 67 173 176 60 90 157 219 226 20 169 93 270 163 115 21 
223 85 83 187 4 177 243 90 133 209 107 144 249 118 11 12 24 193 161 230 263 158 50 163 130 244 97 59 172 23 42 15 140 13 99 258 7 202 195 135 61 168 199 43 197 190 159 68 186 10 136 86 108 231 110 21 102 120 153 182 245 65 113 150 48 268 232 95 155 264 40 49 227 259 162 127 146 255 
224 81 137 116 214 136 160 166 190 188 2 43 98 187 152 12 140 153 107 124 112 8 123 269 159 58 182 209 15 70 132 210 179 28 194 6 215 138 265 113 211 101 89 62 255 206 82 185 258 3 7 52 47 221 5 234 149 259 147 87 129 266 167 263 22 239 169 51 106 270 80 198 134 219 193 29 114 256 69 35 33 235 
225 97 127 17 90 169 101 68 245 171 69 271 230 212 238 142 71 251 133 195 107 114 202 89 93 34 70 157 37 25 42 109 244 173 66 20 242 153 132 99 209 205 43 16 128 11 214 134 270 147 104 53 140 63 83 162 234 122 250 139 235 76 98 211 136 39 255 252 166 237 13 194 269 189 
226 74 28 67 3 65 102 115 170 111 187 42 120 132 31 54 233 182 4 11 108 85 147 263 70 265 14 208 93 164 185 146 245 8 12 1 136 134 234 26 270 221 255 244 162 210 49 89 191 27 22 235 87 86 156 45 243 51 17 251 237 16 137 83 222 41 271 254 253 259 267 90 66 97 209 
227 159 118 272 102 84 77 43 162 108 265 153 266 170 182 7 39 139 158 141 140 145 222 253 244 92 41 50 268 101 206 169 210 267 29 130 187 88 231 220 254 148 47 56 14 70 188 181 11 22 119 247 204 249 136 215 172 201 147 214 116 132 193 83 271 218 248 246 223 259 107 138 232 17 146 166 80 109 
228 184 216 81 125 70 18 3 205 65 196 156 246 113 11 66 218 72 256 105 201 174 134 0 203 71 198 57 167 19 260 176 27 94 58 135 145 247 210 46 118 24 234 77 236 39 257 215 151 122 238 177 193 37 208 127 38 48 67 181 128 34 90 254 222 183 82 178 230 233 104 231 188 41 189 190 263 197 255 241 194 172 
229 137 185 196 250 78 182 86 69 62 166 89 242 8 90 210 217 103 194 60 94 231 5 108 65 163 43 203 164 111 34 201 158 17 45 263 239 26 147 95 235 55 115 179 266 31 88 265 206 253 96 42 99 189 46 74 139 222 77 100 6 256 200 191 169 264 64 18 93 209 180 195 176 120 12 218 234 233 15 
230 90 125 105 246 169 52 54 237 109 28 210 44 221 191 241 50 268 160 24 198 225 223 172 245 135 252 61 156 201 3 100 39 196 220 214 159 101 19 72 266 255 204 129 76 171 177 97 64 140 1 271 264 112 158 127 110 6 136 202 228 217 98 102 67 111 157 49 231 146 151 55 162 40 
231 39 208 134 245 206 194 32 103 240 218 97 120 107 222 104 185 233 187 30 241 106 142 53 40 22 172 132 71 229 57 119 148 87 253 130 18 83 158 137 181 45 122 110 227 145 128 164 268 242 257 1 69 58 86 59 223 143 127 34 88 209 55 173 3 7 44 258 183 63 118 156 228 115 230 72 191 254 
232 9 43 264 39 198 95 85 2 117 89 260 14 38 91 88 1 72 220 238 258 203 52 183 99 24 271 200 40 3 74 222 239 144 126 98 256 196 145 54 233 102 20 139 29 242 213 219 236 143 124 162 254 177 149 63 181 25 46 205 272 212 223 86 161 155 172 182 61 132 221 80 49 83 4 209 255 195 227 134 138 150 106 22 
233 90 245 30 263 80 215 17 272 35 231 189 222 133 67 152 226 203 16 184 120 112 159 208 63 76 213 27 271 211 99 38 24 212 95 167 12 186 34 37 8 110 64 98 25 23 249 232 192 140 84 89 156 151 86 138 170 218 160 101 13 54 255 106 195 119 115 260 183 124 83 9 265 206 108 228 31 199 91 82 153 197 128 15 229 147 
234 172 194 187 66 154 2 3 83 104 55 243 199 213 191 58 16 84 206 195 144 92 114 159 238 184 57 19 244 24 102 216 64 6 128 157 56 180 228 112 71 50 69 226 202 224 214 30 222 207 23 48 54 8 198 131 269 134 210 109 264 136 115 225 242 34 33 151 117 47 4 188 241 72 121 12 51 138 91 229 205 25 
235 57 239 86 90 72 250 71 5 3 32 222 139 255 40 209 74 242 85 83 195 134 62 38 237 264 99 245 261 200 45 204 53 63 16 30 157 15 44 229 43 117 236 182 163 125 59 48 266 52 100 150 259 180 4 243 1 96 161 149 220 128 97 14 174 136 160 226 54 75 105 42 258 225 81 64 22 185 159 219 171 79 205 113 224 
236 263 11 199 27 95 268 186 266 20 135 247 248 51 207 37 58 72 166 64 126 180 70 235 269 100 59 187 157 119 130 54 0 69 113 252 75 133 115 228 189 109 243 48 132 78 232 156 108 18 197 41 57 39 200 56 145 270 121 63 137 73 217 129 149 86 107 111 16 171 89 79 201 5 155 8 215 204 152 169 190 94 211 203 25 7 158 31 52 140 139 21 144 9 120 
237 99 230 48 268 267 53 143 241 19 145 62 41 259 135 202 63 14 26 98 212 266 171 44 235 175 134 272 180 112 3 33 65 161 173 116 220 66 79 198 151 120 260 77 153 250 157 29 42 183 69 152 215 200 104 177 37 36 155 122 203 179 255 45 222 144 30 181 158 101 172 70 103 51 74 226 8 18 91 58 110 94 1 225 184 213 
238 37 220 9 151 13 171 117 81 49 200 167 250 43 52 177 241 11 138 164 206 225 98 38 253 1 232 45 107 234 214 204 173 266 210 163 120 192 2 79 154 271 139 32 249 65 228 212 146 201 85 55 179 48 72 87 110 184 183 91 152 46 34 181 272 99 86 221 189 123 3 76 134 68 215 133 159 67 25 194 208 75 148 105 260 92 261 54 169 
239 121 235 193 155 60 176 59 246 34 153 36 99 40 38 180 209 158 50 217 97 79 241 268 172 262 91 28 33 16 83 149 122 229 249 208 232 31 26 15 204 189 113 250 102 110 90 145 13 70 169 175 215 163 74 41 266 168 64 253 185 245 58 186 224 196 111 165 27 116 140 57 96 92 183 247 243 56 29 100 10 61 55 127 94 248 133 45 1 
240 184 98 30 71 130 159 243 122 127 113 47 231 152 217 200 202 164 177 115 126 142 101 99 131 34 218 155 251 153 55 165 266 160 74 60 168 270 267 139 194 75 54 250 262 82 124 136 143 86 70 2 176 57 242 37 181 103 31 0 186 271 145 206 33 272 241 
241 137 45 97 180 39 76 75 151 105 5 149 237 261 184 209 230 120 72 238 231 201 168 174 239 10 79 152 272 153 166 221 265 95 199 31 215 90 113 182 194 132 16 59 22 260 0 82 43 9 34 86 37 186 158 6 56 242 208 147 197 136 2 142 191 41 25 160 255 169 205 193 101 216 116 42 213 110 65 161 102 189 55 203 234 49 198 228 107 28 240 
242 107 138 127 262 111 179 229 128 151 215 80 235 35 196 105 205 88 185 156 90 96 95 50 203 122 117 200 21 134 77 22 9 27 53 126 67 101 260 3 232 41 157 241 51 146 48 43 158 225 231 161 99 267 129 19 59 57 83 89 177 6 209 103 125 18 108 234 26 176 189 240 104 132 265 169 143 253 139 10 
243 218 176 240 67 108 102 48 11 223 196 234 101 92 96 60 163 174 190 173 15 247 89 24 113 261 200 55 146 265 111 40 6 193 147 10 66 103 213 182 266 149 248 2 260 236 148 249 78 178 119 235 84 170 112 201 105 42 44 47 88 221 121 150 181 61 46 268 210 4 129 91 226 239 259 207 125 144 123 76 14 166 262 68 
244 14 219 17 100 168 204 46 248 259 135 188 106 70 265 125 53 99 199 174 43 166 267 114 223 148 40 150 253 227 269 82 200 234 156 92 263 247 104 126 218 252 58 195 225 87 258 144 189 85 2 77 266 222 30 74 65 93 129 226 249 16 215 271 62 206 180 165 217 173 33 256 44 27 102 187 146 61 10 190 186 155 211 103 0 101 80 162 
245 144 193 255 231 233 216 116 138 97 87 225 145 16 222 27 60 19 82 230 155 152 17 43 158 246 156 235 31 61 146 21 104 11 135 57 119 18 269 215 127 226 160 72 195 1 8 169 2 78 30 183 199 239 206 89 188 164 223 259 44 175 24 64 214 203 202 167 29 53 267 204 261 128 208 6 32 192 55 172 191 262 148 
246 186 203 83 230 239 25 13 208 228 178 3 95 5 66 53 84 258 269 44 102 257 132 74 20 144 245 89 251 143 113 80 26 69 266 85 136 61 55 82 192 116 109 195 196 37 206 194 23 57 168 111 19 77 200 60 189 99 155 11 39 97 100 103 191 264 202 131 204 169 101 214 71 221 158 104 265 58 148 218 146 260 227 128 163 162 34 15 90 183 252 129 73 91 
247 140 57 92 41 48 151 192 46 72 203 103 159 120 43 243 205 187 68 236 47 249 13 252 83 112 158 25 18 101 35 141 136 131 228 90 96 262 244 142 100 200 199 91 250 19 134 123 117 208 227 209 125 30 40 264 266 263 113 82 190 239 210 104 220 254 168 256 128 55 49 124 24 139 163 197 149 22 65 10 
248 189 68 204 210 244 51 130 134 61 88 15 251 197 65 128 74 78 105 236 176 151 41 124 122 106 163 201 7 172 209 149 63 100 135 260 2 153 157 213 30 139 196 115 212 95 174 180 243 22 16 161 137 60 262 72 40 121 55 188 18 117 175 21 178 257 259 91 179 98 49 142 261 29 214 99 182 36 8 227 107 218 239 143 215 79 58 48 198 110 
249 29 185 14 172 260 13 112 209 44 98 22 157 47 214 205 223 93 154 144 173 272 145 118 76 247 177 128 166 110 35 24 4 138 109 143 10 212 99 206 239 103 127 153 81 77 202 71 233 2 58 50 243 238 108 6 114 165 53 3 49 227 216 36 70 107 244 51 37 68 270 30 54 101 5 150 106 265 271 1 131 43 48 204 176 
250 222 220 47 71 229 103 211 235 75 186 204 5 156 265 238 100 135 159 46 264 70 66 152 130 34 43 82 101 200 114 189 260 252 161 3 119 120 251 239 62 167 253 144 188 92 0 183 115 176 269 237 247 190 25 40 68 270 140 240 151 261 87 267 28 218 258 256 225 58 30 37 191 106 134 124 171 212 65 
251 87 130 25 64 190 248 258 265 144 257 112 71 94 157 148 225 192 246 27 30 49 209 68 214 216 240 101 267 146 89 63 185 256 250 74 253 159 105 208 162 210 201 262 127 56 155 60 177 156 218 138 178 270 119 99 166 172 106 226 103 108 111 40 198 139 
252 101 90 212 16 265 91 119 176 163 105 210 23 31 77 271 151 34 209 186 102 268 157 53 72 247 11 230 179 29 198 27 146 124 65 253 175 70 154 177 255 250 123 150 94 57 188 236 129 244 171 182 120 205 41 58 264 111 49 117 215 48 152 259 78 79 142 162 254 168 143 83 59 246 20 4 225 47 263 68 
253 14 118 136 255 32 92 103 15 5 110 213 98 52 260 270 85 69 65 132 166 138 47 97 149 50 51 123 176 205 169 23 22 35 238 140 77 60 227 231 183 219 244 252 222 262 192 46 202 131 170 154 127 167 251 27 250 147 160 115 10 44 168 117 179 215 89 229 152 239 129 26 182 134 59 135 55 271 29 67 256 20 1 93 217 165 6 18 162 180 226 242 41 30 
254 60 139 62 137 207 30 58 3 117 100 42 98 179 39 221 159 86 27 206 47 106 271 113 94 220 187 269 150 176 193 10 5 68 203 160 131 35 64 174 227 4 175 123 268 266 167 216 20 8 80 232 29 209 79 213 270 45 211 261 75 89 257 44 196 228 90 222 15 247 23 252 158 17 226 151 63 198 231 263 
255 245 253 136 153 169 78 56 235 208 197 195 28 110 75 126 60 3 90 220 264 41 271 130 181 115 185 159 252 209 143 224 34 46 71 88 190 20 44 117 205 15 196 140 218 86 148 61 113 107 230 65 35 214 22 27 29 215 49 226 233 237 118 14 268 259 114 213 241 154 260 222 21 210 256 19 258 194 100 160 164 152 1 184 177 79 267 232 93 162 223 228 225 23 
256 94 187 90 111 100 16 95 152 65 108 135 71 14 20 184 199 87 198 13 203 83 143 210 228 147 23 141 84 175 49 117 177 32 30 91 72 57 269 206 0 270 164 251 262 219 232 24 45 162 106 36 138 80 174 55 179 131 258 208 161 101 176 113 130 85 209 67 133 66 86 229 264 149 148 194 255 244 137 52 132 250 70 253 139 247 189 207 119 192 224 35 43 31 
257 216 70 85 49 212 178 55 258 44 87 159 162 51 251 63 25 246 220 119 125 0 110 209 259 42 134 73 149 66 133 59 263 146 65 144 9 158 24 148 228 94 69 28 215 203 153 104 170 231 192 54 13 248 67 78 115 68 11 254 52 101 207 15 269 143 268 60 166 262 27 171 168 19 116 129 71 97 191 45 
258 113 265 94 206 257 109 118 190 60 108 21 217 266 106 30 251 1 246 161 122 178 220 189 124 71 68 232 159 74 32 121 131 57 223 150 13 198 116 18 85 224 199 54 86 112 263 76 167 211 31 95 128 259 208 244 256 130 99 91 188 192 169 104 10 138 59 58 93 151 179 216 155 174 255 210 231 133 250 125 34 235 43 269 272 202 214 16 28 
259 74 151 7 1 244 167 27 8 24 41 45 164 58 237 182 207 60 36 124 198 83 87 170 22 4 23 257 261 194 34 91 157 133 196 57 179 96 85 136 153 0 43 218 235 224 258 50 134 195 202 30 248 171 255 245 165 252 188 84 25 142 53 120 64 208 112 227 191 243 158 82 223 115 66 94 119 226 205 114 37 
260 21 200 7 63 73 82 146 249 75 182 103 253 102 209 269 43 131 201 191 184 129 232 268 139 173 94 190 54 248 147 142 24 65 166 97 250 165 228 53 241 14 175 11 106 29 117 195 31 210 5 118 91 272 243 167 242 27 28 20 237 109 105 123 62 154 85 13 202 220 45 185 22 64 187 60 179 233 124 255 215 265 133 25 10 264 192 59 140 88 246 161 79 111 110 270 127 50 238 177 40 18 130 
261 167 2 220 89 161 172 150 107 241 33 149 66 174 74 208 108 267 37 180 31 122 243 263 65 235 205 151 76 266 259 160 115 105 118 59 79 201 192 144 147 213 183 179 129 38 265 170 16 13 154 47 58 6 135 97 155 32 254 272 1 113 248 250 127 120 169 4 245 140 22 168 189 42 212 18 146 72 137 184 139 90 264 20 175 111 210 77 0 238 56 
262 242 31 157 76 23 68 75 213 145 64 188 239 182 79 131 198 71 42 141 96 18 253 138 173 183 218 12 101 102 28 121 256 87 247 187 151 142 248 85 128 60 90 115 4 34 147 124 89 98 46 251 15 107 139 160 129 25 50 240 117 165 161 72 35 257 86 66 38 178 63 150 214 51 245 58 146 5 243 13 270 
263 266 121 236 146 98 208 54 233 131 110 190 20 50 194 163 108 35 30 181 61 196 72 8 223 57 135 143 68 93 44 197 261 222 229 152 226 172 148 177 168 76 24 257 126 185 178 132 193 244 65 258 49 56 112 25 265 97 23 7 74 115 31 224 111 247 11 160 104 158 6 198 192 228 42 28 55 252 64 254 
264 15 167 145 232 184 69 28 162 27 185 51 68 44 9 250 219 140 149 235 8 43 131 98 53 255 83 183 10 171 62 216 33 165 188 138 71 266 193 81 142 20 123 55 95 144 208 252 49 40 97 85 230 109 210 45 1 246 256 247 86 36 234 117 260 93 223 154 229 122 189 119 152 17 261 133 218 91 106 
265 95 258 15 111 252 146 175 227 250 269 212 209 244 198 251 112 143 21 63 39 137 148 105 241 243 270 173 224 75 79 214 226 110 199 69 65 196 210 23 222 41 48 208 261 271 229 263 129 114 32 81 70 85 44 6 127 99 14 272 28 188 260 216 233 84 101 86 31 246 197 249 218 52 27 242 183 178 108 
266 263 178 236 69 54 13 58 227 258 34 97 26 183 23 31 79 105 46 237 110 24 47 136 174 28 44 191 175 193 118 6 261 121 17 53 205 132 246 212 49 271 135 91 238 240 83 264 243 211 114 35 128 229 199 230 254 182 235 95 120 239 59 149 125 204 224 210 70 116 155 244 216 185 122 163 247 89 117 115 29 62 188 107 196 197 207 94 102 206 
267 16 237 78 87 41 203 80 261 22 117 219 30 244 38 25 83 28 271 213 113 9 112 92 251 124 27 6 106 128 151 211 100 90 204 172 11 227 178 167 187 189 21 88 84 193 216 205 1 12 13 108 118 240 40 170 8 192 174 242 49 46 147 250 245 195 67 74 183 54 51 36 125 255 81 55 139 196 59 29 10 226 
268 169 236 237 114 43 171 91 29 151 110 230 239 120 260 252 77 50 215 30 190 200 11 10 62 38 195 105 189 81 139 19 227 153 154 173 5 207 3 140 51 130 98 71 254 144 4 137 198 231 16 46 152 183 22 109 95 75 97 68 101 115 147 255 213 138 84 24 223 17 125 141 201 257 108 208 243 112 122 176 136 47 55 149 58 59 93 123 143 
269 64 17 20 149 36 169 164 90 168 203 265 215 23 167 76 22 260 206 0 163 146 224 2 246 29 101 3 45 102 193 244 88 254 117 72 171 80 256 89 236 78 51 190 44 142 245 127 61 116 35 155 49 250 159 91 77 104 63 24 115 66 156 189 180 234 157 183 257 58 70 57 217 108 186 258 87 46 42 216 204 27 225 118 
270 99 5 40 57 253 23 118 124 28 3 127 94 158 15 160 265 206 149 21 192 191 211 174 256 102 39 48 183 240 114 226 81 201 210 126 180 254 200 250 51 236 216 66 0 10 75 38 144 123 224 68 225 251 249 131 140 152 85 179 197 65 87 189 169 182 221 260 50 222 49 109 69 262 137 
271 16 62 128 176 64 27 93 160 145 205 73 113 136 24 252 225 38 181 131 254 53 95 196 86 140 267 100 211 255 87 232 233 54 138 15 266 59 35 67 137 189 2 197 29 61 83 238 56 159 265 173 219 55 216 98 127 180 125 217 99 76 118 12 230 5 244 39 129 3 74 111 206 162 117 215 33 253 165 207 227 51 218 249 18 226 153 220 123 198 200 143 240 17 
272 67 29 148 227 144 183 211 18 65 27 233 189 66 5 193 203 36 241 249 206 170 150 97 30 91 120 207 160 7 174 217 237 177 64 72 56 178 62 200 113 156 47 166 129 94 138 260 130 219 158 169 104 122 142 108 172 213 149 9 151 261 265 53 232 238 198 141 41 44 159 59 258 86 68 54 184 176 58 240 1 
