0 60 69 90 3 75 120 68 110 109 77 118 39 20 82 104 59 52 129 11 70 63 18 42 121 103 33 19 5 132 130 55 81 78 94 91 85 115 67 40 134 
1 85 119 107 13 33 110 25 61 134 98 35 100 27 26 79 14 94 62 75 9 93 71 101 12 77 124 50 95 99 29 116 53 18 66 40 
2 51 95 107 41 42 118 116 114 109 12 31 126 64 37 102 29 25 123 93 119 24 36 128 99 110 5 131 89 129 46 112 83 45 28 54 70 48 7 135 40 43 
3 120 0 54 110 84 76 45 22 113 122 130 119 32 68 27 62 41 7 25 28 116 111 97 73 109 13 80 75 57 133 87 135 86 82 89 
4 126 15 24 129 65 99 75 35 13 85 57 51 47 106 56 103 95 22 87 123 78 12 60 113 77 127 43 48 94 114 36 17 110 91 41 93 42 96 68 80 45 125 74 
5 26 89 86 61 96 81 92 30 90 121 46 120 114 38 23 97 50 29 69 130 56 79 43 76 36 0 45 2 87 49 24 124 110 28 91 10 
6 92 135 72 131 27 32 80 29 25 37 62 87 54 127 13 53 36 69 48 126 35 73 38 66 122 99 57 117 64 120 50 79 110 112 132 63 96 115 
7 125 94 56 110 63 70 45 17 120 29 134 53 71 79 133 9 59 11 28 61 129 3 123 74 15 31 115 8 55 100 49 20 107 43 104 52 13 25 121 90 72 51 124 39 2 33 
8 83 133 56 67 113 20 10 43 39 38 30 92 77 40 15 23 97 17 7 50 98 82 46 99 135 11 112 61 78 36 
9 56 28 63 61 90 37 85 58 57 91 52 69 30 10 18 7 12 35 50 86 17 125 36 1 129 24 64 32 123 110 117 31 74 114 68 113 105 84 102 89 60 118 48 76 46 
10 82 83 66 121 68 132 105 8 24 62 95 61 88 9 44 73 37 75 60 30 49 111 78 69 91 125 28 77 41 56 119 99 38 122 16 52 22 103 20 5 59 19 
11 131 97 21 115 133 51 14 61 132 26 58 119 27 0 62 7 75 123 46 102 23 22 112 53 82 114 72 8 60 127 52 16 73 80 79 122 
12 105 49 73 78 82 113 14 2 99 94 101 66 125 9 20 23 77 48 100 36 87 4 110 95 25 1 120 55 126 69 123 53 47 
13 37 133 15 18 1 89 14 4 88 122 135 34 108 92 99 30 80 6 96 28 114 105 25 55 22 53 117 70 3 7 49 100 118 42 68 72 
14 89 134 62 13 123 11 90 12 60 18 129 79 99 67 15 1 21 40 94 42 78 61 112 69 44 74 68 117 80 35 50 53 
15 39 57 13 4 22 23 123 100 81 63 113 103 86 47 45 32 126 73 95 67 50 109 78 8 87 53 91 14 58 108 16 7 118 85 24 66 132 54 84 120 83 70 
16 130 25 42 118 110 95 98 27 128 57 91 105 22 107 100 51 64 58 61 79 122 127 53 97 15 99 101 87 48 68 10 135 88 109 37 126 84 104 11 72 
17 135 56 89 131 33 7 58 32 51 29 126 18 121 112 120 43 92 19 53 8 63 88 38 9 26 73 82 72 41 81 35 4 86 68 130 93 50 30 
18 47 60 91 52 28 13 78 76 98 101 48 84 79 17 21 114 9 14 90 44 0 133 19 22 111 72 117 45 46 68 86 62 106 75 58 1 26 64 
19 116 97 45 28 84 105 24 125 135 50 77 107 63 55 33 80 128 17 104 73 112 39 113 106 0 101 18 37 74 96 117 44 122 32 22 114 10 
20 85 103 42 111 63 31 8 33 28 109 0 51 44 126 12 58 50 67 130 104 131 26 60 76 54 81 40 118 100 133 32 7 48 82 95 66 35 64 132 10 80 
21 134 58 11 102 88 75 95 23 128 103 121 98 107 18 67 38 86 69 42 112 78 14 76 53 90 109 56 104 113 127 99 60 37 83 44 43 100 
22 15 122 51 88 80 3 121 32 24 124 16 89 74 123 28 53 101 46 4 117 18 130 107 13 61 134 11 40 128 109 115 34 35 10 19 94 77 65 95 92 54 
23 87 129 15 119 60 110 21 74 35 67 117 75 106 5 26 107 39 8 12 54 109 118 100 11 43 51 81 134 124 94 96 27 65 64 
24 97 4 131 36 122 63 19 41 120 10 51 50 83 26 22 81 44 37 71 66 27 74 101 125 2 69 113 80 34 30 57 58 9 79 39 15 40 90 65 91 5 64 115 56 72 119 33 
25 107 133 16 103 35 123 85 88 1 6 60 77 2 84 37 106 131 73 51 71 3 126 113 13 91 87 55 108 86 122 7 12 63 111 46 74 79 98 66 48 65 
26 5 94 120 30 131 40 87 111 108 27 41 24 11 113 127 80 23 49 20 1 82 60 65 53 71 58 123 63 32 17 55 34 100 76 29 86 47 36 18 
27 118 110 6 63 43 26 95 36 16 52 87 11 106 99 103 24 37 56 3 84 1 119 102 122 74 47 98 77 113 82 93 105 51 57 68 107 132 23 133 131 121 109 28 73 
28 120 19 64 9 18 126 32 94 111 76 20 107 131 84 101 29 63 109 118 39 117 113 7 74 22 31 34 13 130 3 46 100 51 95 110 10 69 78 88 2 115 5 106 87 27 42 
29 104 65 78 115 108 102 118 100 81 7 117 6 124 17 53 54 92 28 36 85 105 129 2 5 135 67 48 134 52 98 84 61 97 93 43 128 91 114 64 37 130 107 40 1 26 69 101 126 
30 68 35 135 26 5 109 96 73 62 50 127 8 9 131 86 48 13 112 105 100 124 78 103 93 79 24 92 10 126 61 55 80 57 102 115 130 122 117 89 17 
31 106 20 102 87 59 77 65 97 70 119 2 126 33 76 82 121 36 48 53 71 28 78 110 7 101 133 35 61 9 67 129 51 54 62 118 112 114 107 
32 67 53 88 42 28 6 77 17 48 15 99 22 83 84 105 3 65 49 56 125 9 36 26 33 20 134 54 108 43 44 112 93 75 91 113 121 19 81 86 
33 92 105 55 37 82 133 17 1 100 20 19 107 83 134 114 35 50 31 60 125 38 102 132 34 86 47 117 0 119 118 32 113 58 66 64 67 84 90 81 72 69 7 124 103 78 36 24 
34 70 81 79 109 94 86 58 78 77 47 108 61 55 98 13 46 84 33 28 75 107 24 133 67 96 118 53 101 22 91 43 26 62 36 80 124 
35 79 78 106 30 40 25 109 89 4 56 23 133 93 131 33 114 76 117 1 73 9 80 57 134 91 6 31 102 55 36 100 22 20 77 17 83 64 101 120 59 37 14 123 
36 132 24 37 69 27 81 134 131 89 91 93 109 29 106 92 31 128 2 6 9 12 5 62 32 51 85 107 73 120 35 119 102 4 34 75 44 26 33 52 8 
37 130 13 33 57 9 97 36 82 59 98 64 24 6 2 90 75 27 41 49 45 25 113 10 117 40 84 91 46 103 19 115 101 127 79 120 125 29 129 78 16 35 124 47 21 111 93 
38 128 109 50 54 119 61 8 56 49 101 122 5 59 85 110 63 33 21 125 67 114 91 17 84 6 123 69 80 60 10 76 112 96 104 71 66 70 134 
39 15 103 79 115 77 108 127 93 89 106 113 60 8 91 0 56 64 58 97 99 28 126 23 83 19 95 124 69 76 24 84 70 118 44 129 74 71 7 133 46 
40 108 52 41 130 35 121 93 120 96 26 117 114 105 61 8 124 113 72 107 118 37 62 92 126 20 55 49 66 86 14 65 77 97 135 67 22 24 102 109 84 29 85 104 116 134 74 2 0 1 
41 40 57 2 66 78 24 26 75 96 116 104 37 126 46 80 51 114 128 3 112 44 101 47 93 52 49 123 10 122 85 17 83 133 4 42 59 
42 32 20 116 16 85 2 107 52 43 67 114 119 106 126 127 124 131 55 105 72 45 21 0 78 132 115 80 79 133 60 93 14 47 57 84 13 41 4 28 61 
43 68 48 91 135 42 71 27 8 82 84 81 64 61 17 57 88 51 93 5 58 63 110 49 73 44 23 32 4 96 7 29 34 55 100 117 125 99 106 65 21 2 131 132 
44 133 113 116 109 54 119 24 100 10 20 99 134 18 84 82 57 87 123 41 124 135 66 43 39 32 49 92 19 81 93 14 77 83 36 21 69 50 
45 126 89 19 78 7 85 66 110 3 73 121 15 68 79 52 131 96 37 120 42 67 71 130 108 84 5 81 65 18 116 2 58 125 107 51 4 
46 68 80 130 55 52 72 5 59 133 113 112 118 34 116 41 71 86 123 11 22 62 101 65 84 28 37 8 2 78 76 50 109 18 129 25 95 39 79 9 
47 18 50 93 15 48 125 123 34 104 4 105 90 87 96 67 112 102 118 33 52 94 41 27 100 69 120 70 42 99 56 134 63 97 88 131 71 37 26 12 75 
48 43 66 70 83 110 85 47 18 32 79 31 30 71 84 128 29 100 101 12 6 65 16 4 98 20 94 96 72 2 114 61 9 25 134 
49 63 102 118 12 100 69 66 89 38 122 120 129 82 113 68 37 71 26 32 121 51 85 40 83 10 52 43 7 97 41 134 44 13 5 110 
50 38 111 94 47 19 97 24 30 133 15 69 33 95 56 5 90 128 20 9 79 112 126 105 68 8 61 62 46 6 134 1 108 106 17 82 44 14 
51 68 97 121 106 2 74 11 64 22 67 52 17 92 24 84 119 20 4 16 43 41 133 25 49 100 28 36 109 79 23 27 31 7 118 45 80 
52 40 18 56 42 79 9 46 104 51 133 27 45 0 66 88 103 29 47 53 77 106 122 87 49 128 41 97 131 54 60 7 78 10 74 110 71 86 82 64 11 126 36 80 
53 58 32 93 84 101 121 108 109 29 126 128 7 90 120 94 135 31 132 17 15 75 22 81 131 6 26 16 73 122 52 21 54 72 116 92 13 55 11 129 34 69 119 1 86 12 91 14 
54 94 38 101 115 82 3 92 98 44 127 29 106 121 76 6 79 96 134 23 20 53 67 95 125 32 52 62 15 2 73 31 78 64 113 22 
55 119 81 33 118 60 46 85 97 19 88 129 87 34 66 94 42 106 113 40 25 7 13 35 0 75 112 53 70 30 131 135 12 26 43 84 95 78 89 126 79 
56 17 96 9 8 7 52 69 135 79 35 91 129 98 61 38 86 133 78 106 90 39 62 104 4 126 50 63 27 59 94 5 32 110 122 114 121 82 85 10 66 21 80 130 47 95 116 108 24 134 
57 115 15 95 63 37 91 41 9 76 71 124 4 16 92 43 35 44 125 132 89 24 65 116 67 6 134 133 109 30 62 123 112 3 106 27 102 103 42 78 79 117 80 
58 109 53 70 79 116 21 9 85 112 17 97 68 34 110 11 111 72 102 39 16 20 43 121 15 26 103 91 24 90 33 86 64 80 130 134 45 120 129 18 114 98 
59 72 81 37 122 132 31 46 63 38 0 7 64 56 99 112 121 88 117 84 93 127 108 70 35 135 10 41 97 
60 0 93 18 78 122 23 55 66 118 39 81 82 25 14 126 135 87 61 111 79 33 101 26 73 20 10 4 42 52 38 106 67 21 76 11 9 123 
61 5 9 94 38 89 123 11 129 56 10 1 95 40 60 34 116 126 124 43 71 16 7 91 128 29 31 62 22 50 120 100 99 30 119 14 8 109 118 122 73 48 88 42 
62 85 14 117 134 67 126 99 91 135 78 10 84 90 30 122 65 129 6 56 102 101 11 80 3 124 130 40 46 72 1 36 61 115 57 50 125 54 77 116 70 34 18 111 31 114 64 75 87 
63 130 57 49 7 9 27 15 24 20 80 19 120 95 129 85 83 59 28 38 67 94 56 0 17 104 66 43 128 76 97 26 113 115 123 108 25 122 47 6 103 72 93 
64 87 28 129 88 102 89 80 51 91 76 97 37 2 43 77 39 16 59 84 135 115 92 105 9 98 130 58 6 70 29 33 103 20 24 35 52 81 54 62 23 18 
65 29 87 4 99 122 103 88 96 66 72 126 31 83 110 62 112 94 32 85 82 26 115 86 46 100 57 116 48 40 45 118 24 22 78 43 23 25 
66 103 67 78 48 115 10 95 45 41 60 65 49 77 12 85 24 87 55 52 86 107 121 76 114 82 63 40 102 120 6 124 70 44 113 56 15 33 84 123 20 92 127 71 38 96 25 134 1 
67 32 66 114 62 8 72 23 51 42 15 134 95 21 63 47 20 110 45 29 14 38 129 75 54 34 57 40 133 74 31 125 104 33 60 71 96 103 127 120 90 77 0 
68 51 43 30 98 46 10 0 104 107 58 102 90 121 112 45 80 49 3 83 85 118 50 79 130 110 9 18 16 134 74 75 116 27 17 84 124 14 93 4 13 
69 0 87 49 56 76 70 36 101 9 85 50 100 75 89 84 5 21 116 24 39 117 94 6 78 131 10 133 99 28 38 47 53 14 119 33 114 12 29 44 71 81 
70 34 48 58 102 7 109 73 82 128 69 97 31 88 0 130 129 120 131 66 39 55 47 133 13 64 124 78 126 2 59 62 15 91 106 38 94 87 
71 85 92 79 113 57 43 135 78 133 7 75 24 61 31 48 49 46 72 114 45 89 76 25 26 121 112 1 83 105 107 67 38 66 130 52 39 74 47 120 69 116 
72 6 59 67 65 73 46 106 82 76 92 58 95 87 122 40 42 71 62 53 110 18 89 11 17 113 120 98 7 48 33 81 24 63 111 16 13 
73 98 92 129 12 133 82 70 126 45 118 72 93 94 15 30 80 10 35 19 25 130 111 123 60 102 53 100 6 104 43 17 36 122 3 135 54 96 61 131 11 27 
74 99 51 82 23 83 93 128 78 22 24 28 7 126 27 76 108 19 9 67 39 86 119 68 52 120 14 71 25 116 40 131 4 
75 0 107 100 4 99 21 128 90 129 41 23 94 71 37 69 118 11 10 53 34 88 1 131 83 67 126 89 55 109 85 32 3 133 97 134 119 68 87 36 18 47 62 
76 107 112 120 18 124 69 3 57 28 114 126 92 64 72 111 119 35 54 31 109 129 66 71 20 5 21 39 63 122 104 74 46 83 38 90 93 97 116 60 77 96 26 110 106 101 9 
77 130 101 108 39 93 102 122 32 19 98 0 31 121 120 34 105 66 25 64 8 87 124 90 12 109 128 81 52 118 4 40 27 10 1 62 104 35 95 76 44 111 22 83 67 110 
78 126 66 35 60 121 29 91 45 18 41 113 12 62 71 34 117 56 129 74 89 92 15 103 100 99 30 31 42 21 131 69 4 10 28 46 112 93 14 0 70 52 82 81 107 83 55 37 57 54 33 65 98 8 130 
79 35 100 39 58 109 34 80 124 52 71 56 18 88 110 45 129 125 7 133 60 54 48 14 105 16 119 96 81 5 1 97 50 130 30 131 24 68 42 86 115 37 51 6 93 95 118 57 25 122 46 11 84 113 55 
80 131 46 79 64 134 6 63 22 90 19 68 73 114 26 62 13 35 41 95 115 92 102 24 128 85 42 30 38 94 117 56 133 3 58 103 84 120 34 130 14 111 123 96 20 11 52 57 4 51 
81 93 103 55 105 34 5 15 59 29 60 36 24 43 53 79 88 20 77 134 89 120 45 107 23 0 125 124 17 44 33 106 78 118 72 32 87 133 64 96 69 
82 87 102 10 33 54 112 74 37 73 94 70 119 12 43 106 92 60 72 0 49 91 111 31 93 44 26 65 66 84 104 103 56 8 27 128 11 17 88 20 78 130 52 125 50 113 3 98 
83 8 106 109 10 114 100 48 94 85 74 24 32 110 65 33 63 68 39 101 107 75 49 89 88 2 76 71 116 35 41 15 78 124 21 44 77 122 103 123 126 
84 109 91 19 110 53 3 118 85 18 62 51 28 43 32 102 34 25 69 27 135 64 99 44 48 82 37 129 45 46 38 29 131 93 104 39 59 126 114 66 15 9 33 40 132 80 55 68 42 16 79 
85 117 20 62 94 1 9 71 42 58 45 25 55 114 133 83 84 48 4 122 107 111 63 98 118 69 38 29 66 116 65 89 68 49 15 135 56 80 87 36 115 134 75 41 92 120 40 0 132 
86 5 135 132 118 15 117 34 108 56 99 98 30 93 66 21 124 33 126 46 65 9 40 133 128 121 58 25 79 74 18 17 94 52 3 26 123 53 127 95 32 
87 23 82 64 69 65 118 95 89 26 31 114 92 112 98 55 60 27 125 6 47 72 66 77 15 44 120 4 25 12 52 131 85 105 100 16 103 91 113 5 75 3 101 88 81 104 97 128 28 70 62 
88 96 131 98 103 32 89 64 65 21 22 25 123 13 55 79 10 70 102 97 90 43 52 130 81 17 75 59 111 100 83 122 82 128 118 28 16 87 47 107 112 114 61 117 
89 45 14 5 17 88 110 64 87 13 35 39 123 61 49 114 93 36 104 22 116 78 107 69 85 71 112 103 57 91 81 83 75 72 125 2 127 9 113 55 92 3 30 
90 0 9 5 135 75 68 95 14 80 103 102 62 53 56 47 18 37 88 50 132 77 21 58 24 76 96 33 7 122 93 67 
91 84 110 103 43 18 57 134 78 119 92 9 62 117 56 111 39 64 94 16 36 98 109 82 120 15 118 61 95 37 38 35 93 58 89 25 10 87 132 29 32 126 34 24 108 0 4 5 70 53 
92 33 6 131 98 73 5 71 91 129 51 54 128 87 82 76 29 72 78 13 57 36 126 8 17 64 105 40 80 30 102 53 106 133 44 85 66 93 124 22 89 
93 81 60 53 77 40 39 47 94 73 113 74 35 89 36 86 2 82 43 30 130 128 91 1 84 41 59 27 99 29 42 32 78 79 76 92 44 126 17 90 68 63 4 37 
94 129 54 26 85 7 50 127 28 83 61 34 82 93 73 91 12 75 132 53 65 115 63 55 56 98 116 1 69 47 14 80 4 48 0 86 22 23 104 70 103 
95 57 2 87 66 16 21 123 135 10 90 27 97 63 102 61 15 72 67 50 4 80 121 39 91 114 107 28 12 54 133 20 99 79 56 1 77 55 125 46 113 22 86 98 
96 88 56 5 108 65 135 129 40 124 30 100 41 131 45 47 54 110 126 79 13 97 34 43 19 128 105 132 90 38 48 67 73 76 23 6 80 66 117 4 81 102 
97 24 51 19 11 37 55 58 50 31 70 95 64 131 5 88 39 8 79 16 63 29 96 107 40 49 52 3 76 75 47 120 122 87 59 113 
98 88 68 92 119 73 18 105 16 123 77 56 54 101 87 37 85 21 91 112 86 34 116 1 94 113 99 29 8 27 64 124 48 72 109 25 78 58 95 82 
99 127 65 4 74 62 75 105 32 12 86 123 27 44 39 14 13 135 101 84 78 98 2 59 129 16 69 6 61 93 102 10 107 47 8 115 21 95 1 43 121 
100 79 116 15 127 75 49 83 33 130 29 108 96 16 44 69 1 78 30 115 48 73 51 20 65 120 12 88 28 112 7 47 23 87 129 61 35 13 26 43 128 21 113 
101 77 134 54 127 53 117 122 114 119 18 69 132 98 28 38 12 60 62 24 99 104 22 83 46 48 41 19 16 31 37 1 34 116 87 35 29 76 
102 82 70 49 117 64 77 21 29 31 68 124 118 90 95 109 110 113 62 58 84 2 88 120 33 47 73 80 11 27 66 92 35 99 128 30 40 123 36 57 9 130 133 96 
103 39 66 20 91 81 88 25 65 15 109 21 135 90 119 134 27 4 78 128 52 0 89 30 58 82 37 131 130 87 80 64 67 57 63 10 33 83 94 
104 29 110 135 68 52 105 129 115 131 47 89 0 123 41 56 20 19 101 127 63 82 112 121 130 76 73 84 7 106 21 67 77 119 109 38 40 94 16 125 87 
105 109 33 81 12 126 125 19 110 98 10 99 120 133 104 77 40 16 121 132 47 32 29 42 30 79 135 92 64 106 50 13 87 27 111 96 71 9 129 117 
106 35 83 51 31 39 119 72 82 124 23 56 4 27 42 54 36 115 25 133 132 55 105 19 52 92 135 104 60 57 81 18 108 50 131 76 43 70 28 
107 25 76 2 75 1 117 42 111 68 110 19 109 28 85 33 21 16 89 23 66 40 83 34 95 22 81 130 97 128 36 7 99 71 29 78 88 27 45 31 
108 123 77 40 29 39 96 53 100 26 86 34 13 127 125 135 15 119 45 110 74 25 32 63 50 91 56 114 59 131 106 
109 105 38 84 58 79 83 35 34 70 103 30 53 0 107 111 44 102 20 2 132 36 15 28 91 76 134 23 77 122 51 21 57 22 3 46 75 40 98 104 61 16 118 27 
110 135 117 91 104 84 7 27 89 23 3 16 48 105 45 134 0 107 1 128 115 58 79 83 122 65 102 38 133 96 123 67 31 56 108 43 9 2 28 72 12 118 68 113 6 49 52 4 121 5 76 77 
111 50 120 20 28 107 26 109 91 85 132 76 58 60 82 124 125 73 133 88 18 3 10 105 25 77 62 80 37 72 
112 134 76 114 82 58 68 87 132 17 98 46 65 130 115 47 30 19 41 89 59 21 50 104 100 71 55 11 2 32 78 57 38 14 8 113 6 88 31 
113 122 126 15 123 8 71 39 78 125 44 12 93 3 121 46 102 26 49 37 40 28 98 19 24 55 25 128 4 63 33 27 66 87 9 132 21 72 110 32 112 116 95 89 82 54 100 97 79 
114 131 83 67 123 112 101 85 126 76 132 2 89 87 40 117 5 42 33 35 18 80 71 41 66 13 38 95 56 9 29 121 84 11 124 129 4 108 69 133 88 62 48 58 31 19 
115 57 123 39 66 54 29 11 104 110 133 94 112 106 64 118 100 65 80 116 7 42 37 63 62 85 124 79 22 99 117 127 30 24 28 0 6 129 
116 19 100 58 42 44 2 130 89 61 41 98 46 85 69 94 3 115 57 65 53 121 45 83 62 101 76 56 68 1 113 40 133 74 71 126 
117 85 110 128 62 102 101 107 86 91 29 78 23 40 114 35 28 37 69 33 22 9 59 133 18 13 6 80 19 120 115 132 43 14 105 30 88 96 57 
118 27 87 55 49 16 86 125 29 2 60 84 73 102 0 120 85 28 46 75 40 115 47 91 23 20 68 124 77 15 33 110 39 34 65 88 79 61 81 13 109 31 51 9 135 
119 55 1 23 98 91 38 101 82 106 103 51 44 31 11 42 3 76 2 79 27 108 33 10 132 125 74 61 36 75 69 104 53 24 
120 28 26 111 3 128 76 0 40 7 24 105 63 77 5 118 17 49 53 91 102 45 123 87 100 66 70 81 61 47 36 37 6 117 12 72 15 85 74 80 58 97 35 67 71 
121 51 78 40 10 53 45 68 5 77 21 22 113 17 130 105 54 31 66 0 95 58 49 59 71 104 56 86 116 114 7 32 110 27 135 99 
122 113 60 65 22 24 77 101 59 123 85 133 13 128 3 110 49 129 62 38 72 16 53 56 27 52 109 76 132 6 73 41 25 88 10 19 63 90 61 97 83 30 79 11 
123 108 115 130 15 114 113 25 14 88 98 122 89 95 61 47 99 104 2 22 120 110 11 46 44 73 132 7 4 26 9 38 41 63 57 102 66 135 126 60 12 86 80 83 35 
124 79 76 96 102 29 57 106 22 61 111 42 40 77 62 86 30 39 44 118 132 130 66 115 98 114 70 131 1 81 92 7 23 68 83 5 37 33 34 
125 7 118 105 19 113 47 79 87 12 33 108 135 111 24 38 134 57 9 32 10 89 54 119 62 81 37 67 128 95 82 43 45 104 4 
126 45 4 78 113 28 105 62 73 114 65 17 76 53 15 128 60 2 42 31 61 20 92 56 41 96 39 86 40 25 50 130 6 74 30 75 134 84 91 70 12 129 93 16 123 52 116 29 55 83 
127 99 101 94 100 39 54 30 133 132 42 26 108 6 104 16 4 37 89 21 59 115 66 67 11 86 129 
128 38 117 120 70 21 75 110 92 122 16 53 126 74 130 19 133 36 50 103 2 41 48 61 77 113 93 80 63 52 107 86 82 102 22 29 96 88 129 125 100 87 
129 23 94 4 64 73 96 92 130 56 75 104 61 63 55 78 122 79 49 62 14 76 0 29 70 7 84 99 67 9 100 2 39 53 114 31 37 46 105 128 131 126 58 133 127 115 
130 37 77 16 63 40 123 46 100 135 129 3 116 121 112 128 70 20 5 62 45 88 73 28 79 93 126 22 104 124 0 107 103 68 64 56 58 29 71 17 82 80 102 30 78 
131 80 88 11 92 114 24 6 17 26 28 35 36 104 30 45 96 97 42 20 25 53 75 78 79 69 84 2 87 103 70 52 55 124 129 47 108 106 27 74 73 43 
132 36 86 10 114 59 11 101 133 111 112 109 105 94 127 90 53 106 33 57 123 42 124 0 122 91 119 15 113 96 6 84 117 20 27 85 43 
133 25 13 8 44 33 11 73 85 105 122 132 35 71 56 115 46 52 50 7 127 79 110 128 106 51 18 111 20 31 34 86 69 117 67 42 57 95 92 70 80 75 3 114 41 81 129 39 116 27 102 
134 14 112 101 91 21 62 110 80 7 36 103 33 67 1 44 109 54 125 29 35 81 32 126 22 57 49 85 50 23 68 75 58 47 56 40 66 38 48 0 
135 110 17 6 30 86 43 19 96 104 56 130 62 90 71 95 103 60 13 53 99 125 84 105 29 64 108 44 85 40 106 73 123 55 8 16 3 59 2 118 121 
