0 6 11 74 54 85 109 120 70 138 34 112 24 82 7 4 36 41 100 83 84 40 101 67 72 134 130 53 27 37 114 14 59 94 108 65 132 92 129 30 69 44 57 19 123 76 137 106 125 50 78 73 97 18 63 118 38 13 26 127 29 56 68 49 33 58 5 117 20 9 126 42 98 51 60 15 12 43 3 55 71 48 75 35 87 66 2 62 22 99 47 21 52 133 104 124 81 128 17 110 45 10 111 61 80 131 107 90 46 136 77 119 121 16 39 79 89 
1 96 24 67 51 103 118 114 95 94 93 57 2 131 13 99 39 16 45 126 109 135 44 31 5 107 53 19 43 62 29 18 32 46 22 69 70 27 116 127 85 65 123 34 113 97 136 108 112 74 66 54 111 84 80 59 28 72 115 134 110 10 9 76 11 137 12 86 129 60 36 98 71 83 117 49 26 61 7 78 14 21 106 133 120 119 56 33 79 89 55 132 40 128 8 91 68 41 124 6 47 77 25 17 100 105 48 122 90 35 42 130 
2 122 85 98 94 6 58 110 137 82 42 103 127 5 106 1 9 57 33 124 105 19 69 37 123 39 27 95 89 118 80 48 88 79 114 25 134 99 64 129 116 101 63 104 13 51 34 66 61 130 97 23 65 71 119 45 90 43 53 15 75 128 35 50 83 44 84 86 55 96 136 67 62 135 107 74 131 26 52 0 24 11 125 28 132 68 133 87 112 36 30 138 73 117 102 8 7 22 115 109 60 3 81 126 113 10 56 70 108 93 49 21 38 91 77 14 17 4 29 18 
3 12 62 64 98 57 108 101 134 97 9 26 138 22 13 131 42 136 117 38 125 133 83 94 69 24 82 36 11 45 104 18 111 122 115 33 8 102 46 55 80 5 75 6 48 137 100 59 67 49 15 50 43 7 116 35 79 90 113 10 31 130 96 0 28 65 135 37 91 132 110 120 21 41 54 99 63 89 25 34 124 56 105 39 60 52 17 58 109 84 88 112 68 118 66 106 32 47 81 2 27 77 4 127 30 121 53 23 103 129 20 119 
4 135 56 41 10 100 59 54 108 78 0 30 129 36 21 39 132 48 67 34 80 53 16 66 22 126 45 91 63 104 115 68 26 85 44 17 97 103 133 13 55 24 11 74 72 38 35 40 94 114 50 117 47 5 79 61 138 119 121 52 86 89 58 29 127 84 32 43 95 134 33 76 101 137 25 73 109 122 15 120 51 96 99 125 118 65 87 131 70 102 6 113 112 71 107 46 77 64 81 42 8 9 116 136 14 106 75 82 3 110 83 62 23 2 
5 85 92 124 104 69 35 63 53 62 31 12 2 40 116 127 26 19 102 123 98 100 45 7 91 138 108 42 96 130 1 105 72 36 29 67 117 87 9 50 106 133 49 79 17 10 52 15 8 32 129 109 126 3 38 114 61 4 23 43 39 0 131 101 125 46 71 119 16 115 60 121 80 11 78 56 88 137 99 73 68 122 97 75 34 81 112 28 6 14 135 57 94 132 84 120 113 33 54 20 64 25 70 86 47 44 59 89 48 37 111 24 51 110 30 103 128 77 136 82 22 18 
6 0 71 2 115 67 83 119 38 21 75 112 7 74 46 110 70 97 124 22 129 87 53 42 88 93 55 37 64 127 58 136 43 135 125 114 94 16 10 47 96 48 45 56 69 76 68 130 77 28 107 65 3 50 24 40 104 62 85 86 101 80 117 123 106 49 35 128 126 17 121 89 78 11 82 52 122 95 54 118 61 20 15 18 36 91 90 98 19 63 5 116 29 27 4 134 111 79 59 103 44 14 105 133 26 1 102 109 113 73 100 92 81 31 66 
7 8 51 122 103 89 12 59 0 38 119 27 6 87 37 125 14 5 44 63 137 117 110 98 138 92 62 65 115 72 94 124 32 85 93 19 35 68 136 130 58 101 70 75 83 121 55 53 28 108 118 15 134 33 17 79 128 49 77 64 42 78 131 113 50 18 54 76 129 104 3 24 10 97 9 102 135 45 82 11 66 105 123 1 74 88 25 60 81 109 90 69 107 48 133 100 22 47 46 41 56 13 2 29 30 67 73 91 57 127 36 132 112 16 
8 7 113 86 17 11 83 119 42 69 80 13 92 81 106 108 76 14 87 137 26 129 30 136 28 109 57 135 50 15 18 97 112 39 35 24 84 22 107 66 93 74 72 114 59 47 104 3 63 67 54 5 98 133 32 105 61 9 102 103 73 125 49 90 41 16 95 12 75 10 118 130 56 55 78 116 121 44 43 100 31 120 37 46 77 34 117 132 25 36 89 29 88 85 62 123 101 124 21 128 1 33 131 27 51 2 4 38 53 52 110 96 20 138 134 79 122 
9 95 105 57 98 94 30 55 104 46 111 2 3 69 34 63 126 117 97 131 56 33 91 138 125 14 130 90 20 85 48 11 101 5 50 73 79 109 102 37 100 103 65 61 128 68 41 80 81 8 122 25 28 134 121 10 44 15 0 23 1 70 118 26 107 78 53 62 120 7 76 123 19 137 112 133 71 132 82 74 113 116 114 12 24 18 88 22 135 27 59 31 60 40 21 32 66 54 52 43 136 51 29 67 35 99 83 93 4 108 72 47 87 129 96 42 13 64 49 36 
10 17 21 84 79 4 104 52 113 65 106 124 78 94 36 47 82 34 85 11 77 68 40 45 126 13 71 120 66 117 102 27 95 91 64 33 51 97 116 6 125 50 29 115 90 123 43 5 63 109 137 56 129 87 69 88 19 96 53 132 44 108 128 9 18 57 121 1 59 60 67 8 100 7 28 134 3 107 103 136 32 41 39 131 86 14 112 25 122 26 24 93 80 37 42 30 99 138 0 62 22 49 118 75 130 110 16 133 12 2 54 135 127 58 38 
11 77 131 0 63 132 71 8 65 62 39 105 99 103 53 104 42 115 10 28 72 96 130 81 16 90 33 128 35 111 134 44 25 32 23 85 31 125 94 45 88 86 9 91 126 47 61 3 52 110 127 64 68 108 124 4 46 56 79 121 50 136 69 80 117 66 26 60 57 24 54 19 1 40 37 49 120 112 100 18 82 7 6 55 98 5 14 102 2 83 133 51 101 29 106 70 113 97 21 59 13 78 118 89 92 76 15 122 36 73 43 123 67 41 17 20 22 109 34 119 129 
12 32 101 114 134 3 91 118 35 7 37 17 70 5 22 55 103 78 109 128 45 73 27 82 106 64 49 107 44 59 96 92 29 48 138 36 77 95 56 135 98 105 110 121 136 94 74 85 116 15 31 79 50 13 53 33 87 127 66 71 63 21 104 20 119 124 43 97 126 8 83 14 108 1 0 47 57 93 137 38 42 60 81 129 86 69 84 9 90 80 18 58 133 19 72 23 102 16 62 65 30 26 99 10 34 39 125 132 52 51 117 111 54 76 120 67 25 
13 34 94 85 125 110 50 78 108 27 47 116 1 16 8 106 33 44 21 132 63 48 37 3 92 10 36 88 114 113 14 101 25 136 75 91 104 64 29 74 45 99 81 4 0 26 72 97 67 2 137 115 60 129 126 105 117 127 98 18 12 46 109 49 93 76 95 43 53 38 42 120 17 22 66 20 73 32 51 59 61 54 71 68 19 84 133 31 52 138 40 107 57 35 82 122 83 23 131 135 123 11 124 15 62 80 24 130 79 112 89 7 55 65 41 90 56 103 77 102 111 9 86 100 
14 133 96 60 31 67 134 23 27 129 21 72 16 80 138 107 7 75 8 118 0 122 77 9 65 45 103 13 106 54 83 28 111 19 125 116 93 36 25 94 22 52 32 29 92 59 49 74 73 57 17 88 42 63 109 35 68 115 47 20 121 39 135 55 51 101 104 44 48 82 126 53 12 70 58 24 124 15 89 71 50 11 113 10 110 105 66 56 81 1 18 37 102 5 108 33 41 114 137 30 40 62 69 6 46 128 91 97 117 38 78 4 95 34 90 79 136 119 130 2 132 120 
15 76 97 87 62 60 117 54 114 43 70 95 57 120 86 74 105 17 63 58 67 34 75 8 61 133 124 119 36 93 68 113 100 39 81 35 85 24 73 7 12 59 115 5 42 121 64 37 122 26 55 96 138 137 94 29 91 9 132 2 3 48 127 101 38 131 0 49 20 84 16 118 25 107 14 71 102 90 41 112 21 40 99 129 33 31 6 4 108 27 19 65 83 126 78 56 13 45 79 77 30 22 66 11 103 106 104 110 130 53 82 88 111 98 123 52 80 
16 76 17 31 43 131 138 59 108 126 110 20 136 78 13 96 47 125 14 65 1 61 44 26 86 121 11 4 117 99 137 105 102 90 84 60 64 56 85 42 6 87 37 27 127 92 129 81 135 62 22 134 109 93 35 58 34 82 50 63 66 38 24 120 21 8 73 95 103 68 28 118 123 48 15 101 5 52 53 113 19 94 51 116 72 112 128 30 33 97 67 45 83 91 100 89 119 122 12 132 29 77 10 25 107 36 40 124 71 54 80 115 0 39 88 7 
17 10 16 46 119 132 83 52 38 107 98 8 90 12 29 60 34 18 106 71 110 36 131 122 74 24 15 23 82 95 137 96 117 93 39 65 80 136 70 118 41 130 127 33 4 69 53 94 88 47 5 129 84 81 108 79 78 120 7 14 43 21 40 124 111 59 86 97 99 123 61 66 13 126 28 64 91 57 19 58 89 42 77 6 63 45 67 133 30 75 100 20 105 49 0 27 92 55 3 138 32 50 26 102 31 112 22 116 1 51 11 114 135 62 72 125 101 48 2 103 
18 64 75 102 66 35 17 107 124 138 69 92 136 90 57 8 42 71 54 1 70 93 110 94 24 53 0 116 3 133 34 98 72 97 132 13 77 46 40 55 120 100 88 130 23 28 25 103 50 32 7 10 37 19 39 78 73 95 20 45 79 33 27 128 11 134 74 52 131 105 137 87 81 96 106 26 59 29 6 91 113 80 58 9 63 14 21 43 12 60 86 117 65 135 83 121 111 112 56 99 61 122 51 119 127 126 108 118 85 89 129 84 36 5 2 
19 53 99 66 48 46 42 26 74 92 118 49 5 78 94 56 2 33 73 38 28 70 36 87 69 124 1 136 126 127 29 108 7 0 14 41 43 86 82 111 61 72 102 57 107 22 59 10 132 90 117 44 91 40 39 76 50 83 81 63 20 79 47 97 103 11 34 119 17 18 100 77 60 121 9 96 13 130 71 128 106 80 23 16 135 89 68 109 67 113 116 137 105 15 25 98 101 6 85 58 131 112 24 12 134 125 104 32 129 64 138 30 62 123 45 110 54 
20 31 70 115 138 110 26 117 121 53 16 80 64 66 83 101 30 52 69 33 96 40 91 98 49 81 60 9 99 102 23 50 71 88 124 62 21 45 108 128 93 104 75 14 84 46 19 85 12 44 47 74 0 133 27 13 36 18 105 15 100 132 77 92 119 123 130 43 106 97 87 6 25 38 29 134 76 17 51 109 41 114 118 57 86 89 120 22 103 125 5 136 59 90 56 111 137 28 68 11 8 55 112 24 116 54 65 78 3 42 61 
21 10 36 135 73 54 127 23 6 131 68 31 63 14 48 4 80 84 88 13 57 116 92 133 120 76 82 33 24 28 77 134 39 129 45 50 96 41 61 106 25 118 115 128 108 38 27 86 49 22 91 20 56 110 58 130 40 17 121 98 72 66 12 119 30 52 16 26 137 114 125 117 123 74 107 51 46 95 85 15 69 3 42 37 94 75 65 70 1 0 136 11 64 59 18 109 60 55 34 47 99 90 8 122 9 93 124 81 132 105 103 97 112 29 62 83 2 113 89 102 35 101 104 
22 96 45 84 115 136 12 100 91 127 54 56 53 58 132 123 6 3 75 39 118 79 134 4 93 24 80 121 114 82 60 138 125 1 37 8 92 124 76 14 89 130 25 44 133 21 112 126 16 19 42 70 104 43 55 107 48 106 137 71 41 13 116 83 90 27 109 65 72 30 34 99 33 38 57 110 131 50 122 77 32 97 86 73 28 0 59 85 88 87 119 66 68 120 103 36 9 102 81 64 74 135 20 49 10 23 7 128 111 117 26 15 2 67 17 11 29 31 5 69 46 105 
23 93 98 78 72 21 68 14 33 77 104 41 122 130 102 126 84 125 123 95 86 17 29 89 114 107 11 100 73 116 83 51 27 121 43 30 110 20 65 133 24 54 64 132 97 128 70 59 108 55 49 105 137 2 44 36 18 5 45 67 32 9 40 48 81 117 66 96 85 118 80 129 61 136 94 42 19 31 111 13 138 109 124 25 60 53 56 112 57 47 79 76 87 26 74 106 34 120 12 88 22 35 134 28 115 99 127 50 82 103 113 3 4 
24 42 103 1 70 30 129 0 132 92 79 38 117 25 116 106 34 17 98 120 58 136 91 22 88 52 65 21 71 60 69 95 87 110 8 68 41 86 59 90 133 44 40 3 66 18 109 51 67 33 39 23 131 15 81 73 77 4 72 124 101 35 31 127 49 6 102 75 107 54 128 57 121 112 16 11 64 7 135 14 85 32 29 62 115 99 104 55 96 2 118 84 125 89 137 82 10 56 27 9 93 45 19 36 13 111 48 61 126 53 113 123 108 76 46 138 119 5 63 20 97 130 105 78 
25 49 52 105 72 135 137 38 81 44 55 75 101 24 58 30 78 88 50 67 11 80 32 2 126 42 86 13 54 87 109 48 21 14 41 122 119 61 111 114 22 34 99 40 100 133 127 128 73 96 36 98 85 18 90 9 59 123 64 45 124 104 79 93 113 120 15 103 95 39 71 132 112 136 47 130 28 4 117 20 10 83 35 92 131 23 19 3 70 65 56 8 7 29 110 129 107 82 51 31 74 43 5 57 106 76 16 121 1 69 108 66 68 26 53 89 27 46 12 91 
26 122 60 125 19 102 20 34 44 5 84 3 54 113 63 88 16 8 106 48 52 39 49 51 71 72 136 110 119 61 91 107 117 87 4 127 75 47 13 123 0 132 111 96 38 94 82 135 137 15 81 83 104 11 118 108 21 56 9 45 133 92 76 126 95 112 93 103 86 35 46 43 128 55 105 78 100 2 18 29 97 64 129 1 10 57 73 98 65 58 101 116 28 23 124 31 131 121 30 17 40 12 6 22 115 67 27 59 25 99 70 37 89 66 41 
27 49 29 116 84 137 47 96 13 80 107 101 14 135 125 36 97 43 7 121 45 94 110 136 85 79 74 129 51 12 73 0 70 130 2 133 86 67 124 44 10 126 98 52 99 95 109 1 23 46 122 41 76 53 21 16 72 55 92 63 40 61 66 89 115 87 28 60 111 104 132 20 91 50 93 22 62 102 117 134 108 18 71 59 68 112 32 30 105 15 38 24 131 6 58 103 9 33 17 88 8 65 128 3 83 100 118 26 90 119 123 69 57 25 81 
28 90 95 57 38 80 65 131 127 129 47 79 59 93 120 81 63 71 43 11 60 125 122 8 119 110 49 19 76 32 21 103 70 44 126 84 14 37 41 108 102 130 7 74 33 6 112 48 115 50 77 83 99 18 97 137 27 1 31 9 101 17 16 53 118 89 10 134 138 121 3 116 62 133 100 75 35 36 78 113 30 25 40 51 22 45 58 2 88 69 124 104 114 55 66 5 106 111 67 26 85 39 68 91 64 136 73 23 94 92 61 54 87 20 86 117 98 34 82 72 132 
29 27 17 111 61 107 68 126 105 42 60 134 78 77 56 58 23 106 5 84 19 76 36 12 99 1 55 85 109 88 13 75 48 93 81 119 46 10 82 108 116 35 14 62 0 131 91 101 125 71 123 104 89 80 32 86 136 34 15 132 87 90 51 95 124 73 97 4 39 54 30 72 122 24 102 43 130 26 33 138 18 20 112 133 11 137 127 64 37 8 117 44 115 47 6 25 120 67 59 114 16 110 118 41 52 9 69 49 7 50 21 66 98 63 22 113 2 
30 106 51 112 38 24 32 134 52 110 99 9 128 55 4 107 60 133 34 94 61 132 74 92 53 25 8 87 20 129 116 119 120 31 0 46 102 44 113 40 57 103 75 23 78 130 59 64 108 50 100 49 104 135 66 82 72 131 111 118 90 48 37 83 21 105 65 54 127 76 22 29 86 122 137 121 27 28 85 17 79 43 123 16 117 10 35 96 114 126 77 2 14 26 109 12 15 67 91 68 62 69 81 70 73 93 63 5 19 7 58 138 42 3 98 33 89 47 45 124 
31 20 82 16 113 88 14 103 5 21 95 61 133 115 92 135 106 57 108 136 40 1 38 30 52 56 36 130 104 11 75 96 109 132 127 68 101 114 87 39 93 70 67 46 12 63 94 110 24 126 90 81 122 77 138 118 28 85 72 71 78 33 64 48 51 55 32 3 99 69 117 125 112 13 76 137 128 66 58 91 23 15 121 120 100 105 8 59 34 89 129 98 131 47 74 44 49 9 26 42 54 25 86 97 53 17 102 45 43 116 134 84 22 79 6 50 
32 82 12 120 30 40 131 45 111 53 48 93 90 86 44 28 35 89 70 11 7 25 51 41 124 1 92 106 126 47 59 14 137 77 74 62 46 39 43 8 80 5 64 29 34 57 65 18 79 23 97 99 127 13 58 31 138 10 36 73 115 4 108 24 100 110 87 125 27 22 85 104 84 123 81 129 71 102 75 121 112 91 61 42 69 94 119 67 98 118 54 17 76 49 88 133 19 9 3 68 134 103 114 56 113 109 50 38 95 37 
33 55 109 91 23 2 13 69 19 38 61 67 107 96 9 57 20 11 123 88 37 113 21 93 132 116 34 112 65 82 115 87 70 85 78 10 117 135 40 17 54 58 105 24 83 97 48 3 74 7 94 133 110 28 60 43 12 89 0 72 75 77 64 53 56 31 118 136 35 42 127 103 18 114 22 128 130 111 104 137 99 4 68 101 15 125 39 95 45 29 49 131 81 16 102 36 62 80 86 1 14 79 27 108 138 129 5 8 50 84 119 44 71 106 59 124 76 134 30 100 47 126 51 122 92 
34 13 0 130 77 17 87 26 60 9 51 30 44 10 98 24 48 4 138 108 46 92 49 15 50 33 68 72 66 64 97 86 119 38 42 104 78 126 96 133 73 59 128 18 25 1 101 76 2 103 116 56 37 36 132 39 16 100 109 29 105 43 32 124 63 53 47 45 82 94 85 19 131 74 136 135 118 90 84 22 58 107 127 123 71 35 79 113 69 61 31 5 8 3 111 115 99 62 70 21 81 23 54 121 65 52 67 117 12 75 14 11 106 28 122 
35 68 83 109 107 5 12 69 112 18 87 124 45 89 80 94 117 88 51 72 125 55 65 99 11 32 135 8 130 108 90 96 70 7 85 100 92 134 119 122 41 67 105 15 106 133 98 126 29 137 123 115 79 114 52 131 118 60 24 4 121 48 42 14 62 16 50 103 78 127 75 54 33 91 2 3 59 120 26 82 6 44 66 28 104 0 34 64 129 13 111 113 53 102 25 101 30 71 43 86 46 37 93 38 116 136 57 76 77 23 56 74 63 9 138 58 84 128 1 21 97 
36 21 91 115 60 82 99 83 69 64 27 116 66 78 0 4 75 17 10 48 98 97 114 108 127 81 13 39 55 5 19 135 88 31 29 120 130 121 117 118 15 89 14 73 12 79 68 3 113 129 65 25 132 34 52 107 96 128 23 53 62 72 77 57 43 109 90 106 20 42 54 125 94 32 105 1 102 28 44 41 67 110 124 61 58 6 40 123 8 93 33 134 137 22 76 104 50 138 87 2 24 85 38 95 122 45 47 131 16 71 11 133 84 136 119 70 7 37 9 18 
37 62 57 94 99 12 75 71 7 76 92 50 105 103 97 38 39 113 2 13 0 109 124 33 6 123 104 28 117 42 22 79 88 73 106 51 16 108 93 82 87 9 118 66 116 134 55 100 112 15 63 34 64 137 30 70 81 48 54 18 65 43 129 59 120 11 96 58 121 74 111 84 3 69 80 107 21 136 138 8 10 125 85 29 45 44 127 46 89 35 14 83 135 52 114 132 67 128 115 56 126 5 40 101 26 131 95 32 41 36 122 
38 112 96 81 28 80 30 97 17 25 6 7 129 52 24 51 88 100 49 69 37 33 114 72 93 138 131 19 79 56 46 71 3 31 42 85 89 86 78 126 82 103 34 107 59 137 43 70 21 130 0 108 53 26 48 109 4 41 90 92 77 121 5 132 13 105 120 16 111 87 98 15 128 62 136 47 124 118 117 57 102 50 22 74 12 110 123 95 125 84 58 20 60 83 27 94 65 104 35 106 75 133 63 99 45 36 101 61 39 91 115 14 8 127 113 2 64 44 40 32 76 55 116 10 
39 83 109 75 134 74 47 61 67 118 133 138 11 1 41 101 4 37 92 89 66 111 22 2 135 26 36 85 86 71 77 21 82 98 106 45 17 8 57 79 115 50 15 88 128 31 70 24 60 87 64 126 32 65 130 52 137 53 78 56 132 34 19 14 105 117 76 58 119 112 42 103 68 5 62 18 44 90 113 29 51 102 123 124 25 116 10 72 129 33 69 122 81 63 136 3 104 91 107 40 73 28 43 120 99 95 38 48 55 84 12 59 46 0 16 54 
40 62 94 77 69 106 32 110 88 52 5 96 0 105 67 42 68 10 128 85 130 121 100 53 138 20 31 76 81 108 73 109 113 79 115 54 30 71 24 51 47 33 57 55 63 127 44 60 25 107 56 43 21 27 17 4 97 50 18 59 19 103 87 123 6 78 66 116 86 61 23 11 84 124 49 58 102 93 111 13 15 91 129 132 125 120 28 99 133 45 117 36 118 135 89 131 134 98 39 1 104 114 9 136 14 26 137 41 90 75 122 16 70 37 74 95 38 82 
41 85 4 117 45 128 75 0 23 39 53 135 92 131 111 80 81 106 129 130 69 127 32 24 138 28 63 21 67 19 58 17 64 25 95 35 79 27 93 105 61 110 121 54 84 109 82 38 137 102 107 9 126 100 118 78 8 22 68 43 112 115 116 86 74 119 44 48 123 134 56 103 15 10 65 83 94 3 36 89 49 108 66 51 71 113 47 55 20 42 46 14 87 57 90 1 7 120 99 40 29 104 76 13 96 11 125 114 88 52 133 37 132 26 
42 24 85 133 2 116 19 67 132 77 8 29 61 110 64 11 40 54 6 115 3 56 82 58 5 44 128 106 79 38 89 18 25 88 16 37 118 34 117 138 124 94 102 107 84 15 122 135 22 14 35 99 120 48 7 80 113 39 63 13 57 51 69 112 0 33 125 90 136 59 17 36 52 95 97 66 23 100 12 126 127 131 93 47 121 21 123 68 62 130 73 10 114 72 75 32 83 41 53 87 91 108 50 45 31 96 134 70 46 137 4 104 81 30 43 86 9 1 101 20 78 
43 95 58 16 70 56 112 129 54 115 27 104 135 88 15 89 119 28 128 97 109 121 106 103 45 48 6 61 99 1 69 94 76 52 44 113 85 117 133 19 23 100 38 134 53 75 10 90 51 81 136 55 40 33 101 32 17 91 124 22 67 13 74 118 87 127 34 5 98 2 77 64 80 36 37 12 50 41 3 116 122 65 0 26 8 96 68 4 29 20 46 126 123 30 47 72 35 92 78 18 138 60 84 111 110 66 102 108 39 131 25 9 132 130 59 31 11 73 42 107 71 63 79 120 
44 97 83 81 51 75 130 77 59 26 25 54 133 34 13 7 16 128 68 87 122 127 1 123 129 42 114 32 48 12 11 99 27 69 131 28 138 107 0 106 94 30 24 43 135 50 98 4 46 95 113 40 22 125 117 64 103 118 60 55 58 84 112 115 19 100 72 23 10 86 74 9 20 14 89 132 93 96 85 80 119 79 56 39 2 49 126 91 121 57 41 8 65 67 78 35 88 36 110 101 137 73 90 111 71 37 104 29 31 52 62 63 116 82 136 6 120 53 33 124 5 105 47 76 38 
45 22 85 41 54 96 83 32 94 52 27 58 62 5 106 35 1 12 110 10 68 133 75 43 93 87 4 14 111 118 138 47 59 39 132 21 11 126 66 98 99 109 13 130 82 69 81 90 3 80 6 77 117 71 65 48 20 120 61 72 97 76 112 108 73 123 101 2 23 34 25 53 26 86 92 91 49 18 7 102 122 60 129 105 78 33 114 17 28 40 95 121 84 37 51 16 116 15 70 24 0 115 42 38 57 55 36 125 127 79 100 137 31 88 63 104 89 74 103 46 19 30 
46 17 65 19 112 129 133 51 52 59 71 108 9 94 56 6 74 104 95 120 87 107 67 101 131 134 92 34 70 128 68 38 121 117 89 99 30 103 1 75 100 138 53 55 44 77 27 54 114 29 82 122 98 81 11 31 32 3 13 61 18 20 90 115 136 50 5 127 119 105 26 48 91 132 21 76 84 113 93 69 135 97 43 111 106 58 110 47 60 125 8 78 116 35 37 41 109 4 7 49 0 66 14 42 126 24 85 123 73 72 39 88 45 25 22 
47 74 138 62 120 59 27 39 13 83 80 28 16 97 116 10 137 103 58 84 94 104 110 124 125 45 136 114 119 57 32 107 6 40 11 71 26 17 99 81 131 8 64 92 129 67 85 61 51 56 14 87 86 4 132 77 113 55 34 19 20 106 69 90 95 115 66 38 78 89 12 53 65 134 72 117 79 42 25 88 102 93 46 43 0 101 109 41 48 23 112 29 111 126 31 21 130 105 63 118 7 108 36 3 127 1 5 44 122 91 9 70 33 82 30 
48 116 130 71 19 136 99 100 21 32 36 89 4 13 34 26 56 44 43 2 97 90 93 49 117 9 12 25 50 29 84 81 112 102 6 60 88 125 69 78 33 87 119 45 38 114 120 28 30 35 138 3 62 22 42 64 101 37 14 31 129 79 74 15 80 23 53 16 122 110 41 124 46 94 0 123 67 98 58 126 72 132 106 52 128 73 57 105 118 65 55 86 83 47 61 75 109 92 134 107 7 24 131 104 121 82 70 137 76 39 5 135 1 77 51 17 111 85 
49 25 27 118 120 103 136 54 19 114 91 53 71 77 128 85 38 138 63 67 66 70 69 28 26 12 51 34 110 86 20 96 48 129 123 74 59 95 82 65 121 83 131 132 104 5 21 111 30 107 76 14 133 73 93 60 57 62 124 99 0 23 24 13 7 92 64 113 125 88 8 90 117 97 3 15 11 40 44 6 45 108 52 56 115 87 105 80 1 41 109 33 94 130 101 79 61 112 122 17 31 84 75 72 22 32 10 46 106 89 100 126 134 29 50 127 2 9 137 
50 111 75 104 13 53 129 85 135 88 90 37 113 70 68 130 67 82 106 25 34 8 114 59 108 21 78 0 96 5 9 48 44 117 39 10 97 20 30 109 62 94 12 98 136 28 40 91 11 4 119 35 19 6 16 105 76 18 110 7 83 63 74 3 43 27 46 2 84 89 64 124 66 38 52 69 22 77 99 14 115 86 102 101 60 100 138 36 80 112 120 81 42 71 33 17 87 132 107 137 95 29 49 103 55 23 32 72 127 73 93 54 125 133 31 116 
51 7 1 30 123 101 44 124 46 96 88 38 34 130 27 104 87 64 111 95 92 35 132 61 120 94 81 26 49 110 121 85 60 106 71 32 23 73 67 10 40 76 24 134 37 43 119 100 137 133 2 86 99 47 65 109 14 53 108 117 42 70 31 0 89 29 13 80 63 129 122 105 21 39 90 93 16 114 28 68 11 4 52 57 125 41 116 78 20 45 82 107 58 97 118 25 75 83 8 59 98 112 9 127 77 56 126 18 5 103 135 74 12 115 17 48 33 131 
52 25 17 123 138 94 120 10 30 73 46 101 87 40 38 45 105 136 66 71 99 20 26 86 62 96 117 24 78 31 119 57 27 127 43 76 131 135 81 11 107 114 14 116 60 64 5 54 35 133 39 106 97 36 83 89 128 98 21 4 111 74 69 49 115 112 16 50 42 130 95 18 6 13 103 63 2 125 118 84 48 104 51 0 67 122 126 93 88 3 44 37 110 34 61 58 100 9 29 109 12 59 8 91 75 132 41 15 68 55 
53 19 137 114 5 50 20 78 92 49 32 75 94 115 22 82 11 41 0 6 30 4 81 118 40 70 64 95 68 1 91 73 66 61 67 46 107 62 18 102 17 101 7 27 96 43 38 106 99 12 39 74 126 10 13 133 36 85 120 51 33 34 2 97 128 45 28 9 48 14 84 109 60 47 54 16 125 59 100 72 90 88 127 124 105 131 35 80 87 57 112 23 63 136 132 42 65 93 104 44 83 24 31 121 119 79 69 98 138 134 15 8 56 117 76 25 86 113 3 108 58 
54 131 21 0 77 112 102 83 84 119 4 45 89 43 49 103 85 15 44 111 22 26 101 42 110 116 90 130 58 133 59 82 14 18 25 61 124 40 72 69 94 76 46 33 64 106 23 109 57 123 52 100 108 8 41 55 80 136 135 118 96 1 60 88 73 65 67 126 24 122 137 95 134 7 37 35 11 132 30 104 74 128 36 13 29 120 53 127 81 86 68 113 114 6 3 63 79 93 87 92 117 56 75 62 32 31 34 5 98 9 66 115 10 28 78 12 16 50 121 70 20 138 39 19 97 
55 33 70 133 105 106 111 9 114 30 79 94 12 136 25 62 92 88 128 35 121 76 98 6 125 36 113 97 122 77 90 29 123 46 86 112 7 116 40 102 4 89 137 120 101 91 43 37 115 27 63 65 126 44 54 61 23 3 22 18 71 15 108 56 118 57 14 117 81 47 78 84 31 60 83 129 104 8 100 74 2 0 107 96 11 26 24 67 64 110 80 59 48 28 41 1 119 124 21 85 132 17 130 103 45 13 93 39 99 69 50 20 135 38 75 52 
56 4 72 102 70 43 96 118 82 46 22 19 101 63 9 76 48 29 42 127 97 38 66 123 137 31 16 85 121 12 71 111 6 95 86 120 109 119 10 11 40 21 73 89 0 34 100 103 39 117 47 99 90 55 77 116 78 33 68 26 135 98 44 8 94 106 49 92 41 105 79 115 5 108 14 24 25 122 23 3 58 54 59 1 15 84 132 80 88 69 81 65 93 130 112 57 7 35 18 20 136 37 91 83 32 114 51 62 67 2 13 126 113 131 104 53 110 
57 28 9 59 89 37 65 3 1 90 97 95 2 66 73 120 61 15 58 108 106 88 101 21 115 33 31 105 133 8 67 18 63 94 52 117 110 103 0 39 126 30 47 40 123 85 62 54 19 77 111 49 14 130 74 99 134 55 32 24 128 42 10 76 11 36 121 104 17 102 137 80 116 70 38 125 122 84 44 12 129 118 75 91 22 135 68 119 13 114 82 48 53 51 26 87 23 86 5 20 45 72 41 35 78 64 25 56 109 107 79 69 27 7 124 
58 82 91 96 65 43 89 2 123 59 109 45 74 87 67 22 25 57 47 134 24 72 42 29 54 15 108 6 107 69 119 104 93 131 41 7 135 33 127 136 75 21 90 44 120 128 101 126 112 92 16 0 115 39 111 68 83 103 106 73 94 76 17 32 137 88 98 4 14 40 34 37 118 48 130 99 70 113 85 31 121 102 38 46 36 133 28 78 71 105 77 66 80 18 56 61 97 86 26 19 63 27 12 116 51 125 62 3 64 52 129 81 79 35 110 30 124 95 10 53 
59 115 88 107 113 123 47 57 4 16 7 46 124 44 58 138 28 94 92 97 119 0 111 108 118 54 12 65 45 117 49 50 24 125 134 86 38 66 32 30 77 95 137 34 81 8 114 63 14 121 15 23 100 19 83 60 79 17 40 78 68 1 25 126 3 130 10 90 136 37 42 13 35 61 96 70 75 133 27 53 67 82 122 116 18 85 109 72 22 31 93 76 55 11 91 56 21 98 110 104 71 9 6 69 64 29 101 20 51 103 132 43 5 112 120 26 52 33 73 39 99 105 127 89 
60 125 95 26 98 79 87 14 36 118 15 17 30 119 34 85 128 29 78 124 28 137 65 97 24 99 133 51 16 20 105 22 62 114 103 88 86 138 113 112 93 123 111 110 48 63 39 52 121 40 92 13 136 49 35 33 44 59 82 89 90 61 54 127 27 75 11 91 104 108 55 131 0 117 80 10 19 53 106 1 77 102 83 5 116 45 120 12 81 38 46 101 73 23 135 50 70 76 96 115 3 7 21 43 18 132 9 122 129 84 126 134 2 94 107 100 64 67 68 74 
61 70 97 92 126 39 118 122 65 29 84 31 116 75 115 101 42 135 120 16 57 30 33 51 133 15 103 43 26 54 71 53 21 129 73 11 77 25 19 123 41 45 109 88 80 55 27 2 9 46 82 47 8 60 5 108 111 17 40 4 87 128 94 100 76 93 72 132 124 95 64 59 13 23 110 127 83 6 91 34 130 36 1 66 119 86 138 105 62 89 49 69 32 131 48 58 134 102 107 78 0 98 24 52 38 79 18 63 117 99 113 28 67 112 68 20 74 
62 40 110 132 78 47 111 37 3 88 15 5 67 11 114 135 45 55 108 102 90 93 119 131 7 52 109 92 95 1 60 125 121 120 76 53 79 101 80 137 20 50 57 29 96 32 98 49 16 65 74 133 129 123 115 35 94 48 100 72 104 63 36 124 39 6 27 38 9 130 83 68 73 112 28 2 138 24 117 136 42 126 0 134 77 82 122 61 91 118 127 33 13 81 34 8 54 44 85 69 86 58 10 12 14 75 99 30 113 71 56 21 66 87 19 17 103 4 
63 134 11 128 138 102 5 21 86 9 28 90 26 7 13 56 49 79 87 15 119 104 71 4 103 57 65 118 82 41 83 94 2 70 127 60 0 91 40 69 109 10 59 31 131 55 8 85 100 125 27 115 37 14 113 93 95 84 16 62 105 12 123 19 42 34 101 132 112 116 67 50 136 108 68 51 92 75 77 137 133 72 52 117 99 17 3 54 76 73 66 96 126 39 53 6 89 18 58 135 107 38 78 44 47 97 121 88 81 64 35 61 45 30 24 80 122 29 43 
64 18 97 90 81 84 102 116 80 3 104 122 112 117 106 36 86 66 65 96 42 75 51 20 129 137 89 120 76 71 136 53 12 83 115 6 123 126 34 16 114 113 95 10 2 13 132 41 103 54 131 110 30 82 11 23 39 52 67 47 44 15 70 87 69 37 32 72 49 7 33 48 98 43 25 31 100 74 17 108 107 24 128 61 50 68 35 26 55 125 73 138 94 134 21 29 124 22 77 59 58 5 130 28 78 57 19 63 4 85 111 60 38 99 9 135 
65 58 97 113 46 28 95 57 76 11 61 10 91 122 16 64 120 110 35 7 60 0 24 14 33 74 59 17 83 63 49 73 81 1 108 23 68 119 104 45 87 99 39 55 89 98 71 9 36 62 72 6 84 80 51 124 2 54 109 32 138 94 37 30 135 123 127 22 43 78 125 92 96 47 3 44 41 107 116 93 79 21 136 15 126 111 48 112 25 4 134 101 38 26 90 53 102 86 56 18 34 12 137 27 88 13 85 114 100 115 128 20 121 131 103 133 
66 93 19 90 18 118 83 106 86 117 112 36 64 131 129 130 128 57 119 114 20 120 52 39 108 73 49 122 4 56 113 10 104 34 89 53 121 45 24 100 8 59 109 138 102 76 136 30 37 74 2 95 88 1 27 77 12 11 40 16 21 17 13 47 92 72 71 23 115 99 50 105 42 35 31 96 0 91 7 69 125 75 80 133 85 41 61 68 14 84 63 22 58 79 67 28 116 87 81 82 43 103 3 46 9 54 15 137 25 62 101 134 127 29 26 6 
67 119 1 79 80 6 14 39 42 62 112 105 113 125 40 58 0 46 77 4 70 33 127 49 50 123 94 27 15 25 57 5 120 89 103 78 126 114 41 68 53 107 51 138 130 35 24 97 74 13 31 104 64 8 115 47 129 43 75 54 23 84 3 63 82 71 76 10 136 2 72 87 44 48 59 36 91 55 19 17 99 137 111 108 110 66 124 135 69 52 16 90 101 109 128 83 132 32 28 117 92 29 116 37 88 100 131 30 98 9 26 122 34 22 56 61 11 7 73 60 12 
68 35 70 122 101 23 135 21 71 130 29 76 91 124 10 40 44 45 50 46 114 133 53 34 93 24 107 4 7 92 67 99 15 31 36 111 115 65 106 11 104 6 137 72 103 138 83 116 0 80 78 82 9 14 74 94 129 126 96 59 81 39 58 77 56 105 109 41 16 128 63 62 90 13 75 27 113 102 131 136 98 54 43 57 64 19 33 89 86 42 51 66 5 2 125 134 73 22 84 123 95 88 127 87 28 1 3 32 120 30 110 25 97 108 20 100 132 60 61 52 
69 40 5 135 35 36 8 9 110 92 112 33 122 87 38 2 18 120 49 20 100 114 93 24 128 19 124 137 41 44 0 133 58 43 107 74 88 1 3 54 80 75 104 45 17 131 136 72 63 113 48 6 130 10 97 71 64 84 11 111 79 42 47 99 90 138 126 115 109 52 91 118 31 117 89 50 116 108 37 21 46 83 34 66 39 105 82 119 12 123 28 106 67 61 32 70 81 77 56 7 59 85 62 121 95 14 96 30 94 25 53 29 103 55 73 27 57 102 101 86 22 
70 97 24 68 55 122 61 43 20 56 0 130 12 75 138 81 109 120 77 6 15 133 99 94 116 67 50 27 49 46 53 123 32 19 28 106 101 90 128 114 35 18 33 112 79 17 1 7 63 104 39 92 31 38 96 83 88 93 87 23 132 91 64 95 131 22 136 113 37 76 105 124 51 9 119 110 57 14 59 72 118 121 73 84 58 85 71 137 117 102 21 25 11 107 60 115 86 126 4 69 45 34 74 89 42 80 5 135 48 129 127 30 134 98 2 40 78 36 47 26 54 
71 75 48 6 103 11 123 132 90 84 46 37 68 49 17 76 112 125 28 93 52 107 64 128 10 119 113 136 26 38 63 94 39 24 106 122 18 137 134 51 61 40 72 96 120 47 74 92 20 80 97 56 81 104 109 45 87 65 69 29 82 100 55 117 89 12 2 138 133 22 31 118 78 126 67 95 5 66 88 13 27 0 15 19 25 1 9 34 121 14 129 70 32 58 79 41 35 44 99 108 102 83 59 50 105 86 91 4 77 124 36 33 62 135 16 115 110 131 43 98 101 
72 121 25 105 56 23 98 90 14 114 106 84 0 38 11 135 35 74 128 118 79 58 95 7 111 87 94 26 134 5 34 112 131 138 103 71 54 77 96 120 133 8 93 69 13 100 24 18 19 85 4 27 82 30 68 107 45 64 76 65 33 86 78 44 122 21 62 115 116 108 1 31 36 124 61 132 99 66 22 113 70 29 67 47 104 117 63 39 130 53 48 16 59 109 127 88 43 42 83 89 110 137 126 136 12 49 57 125 80 73 91 9 101 81 50 46 17 28 97 
73 21 78 81 135 52 120 82 100 95 109 57 12 19 27 66 119 79 128 40 23 85 53 105 65 89 51 9 61 36 0 124 34 129 37 138 24 15 49 56 93 14 87 25 84 101 98 86 54 125 45 8 131 74 16 58 115 13 107 18 29 116 94 62 130 108 75 88 110 32 70 96 90 113 22 4 42 48 64 5 63 111 60 44 26 68 77 104 118 39 133 83 99 91 2 126 132 28 114 46 11 30 72 122 136 69 6 134 59 7 50 43 67 97 
74 124 47 127 86 0 137 39 96 78 19 109 85 135 6 46 58 27 103 134 30 133 15 17 129 72 87 98 102 101 100 65 125 104 83 49 69 97 13 122 126 121 91 71 8 67 12 88 4 131 114 28 33 14 32 120 66 1 117 84 62 89 57 53 108 90 68 43 111 44 93 20 50 73 64 48 79 34 94 52 54 41 21 116 55 18 37 110 38 75 9 2 92 106 77 7 80 123 113 132 31 23 22 70 25 76 82 35 130 118 45 51 40 105 119 115 61 81 60 
75 85 71 126 109 39 18 50 44 6 41 113 37 70 98 100 36 53 61 25 114 14 95 64 118 96 82 22 107 115 45 129 15 136 31 111 133 13 80 46 127 121 30 69 29 120 26 7 94 93 122 104 43 97 58 119 124 87 123 3 67 20 81 24 33 60 88 79 35 89 8 2 138 132 90 134 59 63 68 73 57 137 108 91 78 0 74 28 66 105 117 21 17 5 32 42 54 48 130 131 135 38 110 49 51 10 62 84 40 99 116 76 4 128 34 52 103 55 
76 127 16 15 132 79 65 134 97 111 130 68 37 8 71 135 112 98 138 56 107 64 128 28 21 55 100 40 87 29 94 43 0 52 81 108 54 62 22 51 77 137 113 27 66 82 49 6 34 101 120 90 72 45 13 19 118 70 122 121 50 39 84 115 116 96 85 57 7 1 61 58 67 26 30 9 102 46 136 31 4 124 63 59 20 92 60 114 36 91 23 105 133 93 131 32 74 35 24 11 83 25 41 48 119 109 75 78 53 44 12 33 38 
77 130 11 40 54 107 34 44 42 23 108 125 70 111 79 49 100 128 10 67 96 91 29 87 104 14 134 21 89 55 39 103 82 72 12 46 119 76 59 133 61 116 45 24 32 112 57 123 6 126 85 90 132 18 38 28 66 117 31 105 56 7 122 47 33 136 113 68 43 36 106 115 102 19 99 17 81 20 63 60 86 129 110 50 80 22 88 84 97 93 74 62 58 101 8 138 73 30 127 92 95 69 78 94 64 137 15 35 16 0 4 71 1 3 51 5 124 13 48 2 118 
78 62 73 128 126 133 13 100 23 109 74 4 81 121 16 53 125 36 12 19 10 60 29 137 132 83 25 52 80 38 130 134 116 67 33 50 0 97 114 34 30 102 99 48 17 120 89 117 87 112 119 110 39 68 95 72 59 40 7 56 35 55 31 41 85 71 104 118 129 101 9 106 18 105 113 47 8 65 6 131 75 44 5 26 84 111 136 28 96 45 58 1 107 46 91 135 90 79 51 15 11 138 43 123 61 77 63 57 64 86 115 14 54 94 70 124 76 103 20 92 122 24 42 
79 67 103 60 100 10 76 82 88 123 55 137 24 28 27 110 77 136 131 130 83 63 72 105 129 22 38 94 92 122 73 42 96 2 108 134 121 40 101 70 39 125 9 37 36 62 85 132 41 5 35 119 17 12 11 95 90 106 7 59 86 126 109 4 32 19 69 48 75 81 115 74 25 44 3 135 18 128 91 138 118 56 113 47 97 117 34 87 80 120 30 65 54 107 49 71 66 104 78 23 114 1 116 33 15 98 6 89 13 99 61 45 53 57 84 93 58 8 14 31 0 43 
80 137 38 28 67 64 27 47 8 83 14 124 21 107 110 20 35 116 4 41 101 133 2 78 22 136 127 25 128 100 17 97 75 98 69 125 117 71 122 45 62 126 96 118 93 121 113 61 54 32 81 132 3 68 29 11 1 65 9 135 42 108 43 119 48 57 60 51 6 44 23 114 19 5 92 77 37 130 49 95 112 79 138 66 53 89 10 74 55 18 94 58 105 103 50 12 85 33 106 99 56 0 13 134 123 70 72 102 111 131 115 88 63 82 16 15 
81 127 73 38 119 125 44 105 64 101 25 78 70 116 111 8 28 94 11 53 41 36 51 96 40 122 20 90 100 82 76 65 29 48 15 45 52 59 13 71 24 47 17 46 43 16 134 31 91 80 109 107 123 130 9 75 26 19 88 68 55 97 37 129 138 79 23 136 77 84 54 114 103 18 12 60 32 92 14 39 95 5 33 102 93 0 62 7 135 69 50 66 22 124 56 34 85 128 98 63 58 3 30 21 2 4 115 120 42 72 6 110 27 74 
82 58 32 31 2 79 36 0 138 100 96 56 84 121 73 53 107 10 120 105 114 12 75 17 104 42 50 21 128 54 99 109 116 39 33 83 112 22 94 63 129 49 77 81 38 115 3 19 45 46 64 29 124 122 111 133 76 37 30 89 72 88 102 26 41 71 98 117 68 60 61 16 97 123 131 34 67 14 93 86 35 7 11 6 85 9 59 90 101 125 13 69 57 24 62 51 91 66 103 25 44 74 48 132 136 4 15 23 135 80 47 40 110 95 5 92 28 
83 135 39 134 35 44 17 54 6 66 36 104 8 45 47 80 0 127 20 79 123 93 78 121 64 89 118 82 14 3 65 74 23 107 49 63 87 90 7 108 124 33 117 70 131 122 68 95 59 84 115 28 52 129 109 26 19 119 112 58 50 30 128 125 22 55 105 12 2 62 92 130 60 97 106 91 1 41 69 61 11 25 13 38 48 15 98 42 100 16 67 138 72 71 37 133 120 73 94 51 18 103 53 116 76 113 56 85 27 9 137 126 21 132 4 86 110 
84 22 10 119 27 110 64 94 54 127 124 71 132 109 82 26 61 0 21 23 72 47 115 107 101 138 16 29 120 28 8 108 106 48 88 95 17 86 111 42 41 112 44 117 74 83 73 69 128 1 131 65 129 102 20 63 99 135 67 76 55 91 133 105 40 137 50 97 53 136 2 126 15 57 89 104 4 103 34 81 13 116 37 90 46 78 70 85 77 38 24 130 32 52 12 87 125 134 66 45 113 68 56 96 43 49 5 114 33 3 75 121 60 100 118 79 93 39 98 123 36 35 122 31 18 
85 2 75 107 42 5 41 123 119 0 13 112 45 136 50 74 54 60 125 27 49 10 131 127 40 137 132 39 101 51 86 11 103 38 7 73 16 105 9 33 35 56 29 43 4 79 1 15 130 12 57 72 63 111 77 104 47 129 92 25 90 102 121 53 87 122 31 20 76 78 6 97 110 34 135 44 23 116 91 24 126 21 82 58 84 32 70 59 30 66 22 37 117 19 80 8 113 55 96 36 28 93 62 69 81 108 95 46 64 83 109 65 124 89 18 88 106 138 48 
86 8 74 106 66 64 103 88 63 111 99 15 16 104 23 52 32 27 89 119 98 110 49 39 94 85 96 25 38 130 24 91 11 34 122 60 108 55 19 59 124 116 21 56 84 120 115 51 102 136 79 17 117 72 29 73 47 126 44 93 40 127 4 6 45 135 41 26 82 2 1 137 30 54 77 132 10 125 22 50 68 112 134 12 61 48 35 57 70 107 58 33 97 18 118 20 123 65 105 62 71 31 128 78 5 101 129 28 121 131 53 69 109 42 13 83 
87 92 60 15 108 94 52 34 7 136 35 119 58 128 51 46 69 123 8 6 44 30 74 63 77 72 45 76 89 19 24 97 25 33 5 26 91 93 83 16 31 98 124 99 138 39 71 48 37 65 10 70 127 75 73 78 64 96 27 12 40 47 103 43 113 85 109 105 137 38 61 29 116 122 132 88 90 49 67 18 32 0 20 79 121 120 106 84 53 22 54 114 57 130 2 4 110 134 36 42 66 115 41 23 68 107 100 118 50 102 126 131 129 112 28 9 62 104 125 111 
88 59 31 62 79 99 111 40 110 125 50 102 113 51 43 86 93 38 21 55 26 35 57 90 96 6 25 33 97 13 24 2 131 36 127 42 124 11 69 60 29 94 39 37 84 48 132 103 17 20 100 74 70 82 105 61 10 117 14 66 133 114 54 18 49 81 95 101 115 75 123 107 128 58 129 134 71 73 87 109 136 44 53 77 120 5 47 91 121 104 22 28 72 7 9 130 52 135 8 68 56 27 23 32 3 89 67 122 63 65 98 45 112 119 92 80 15 41 46 85 137 106 16 
89 116 58 57 7 123 54 114 43 35 48 101 39 64 90 2 23 86 32 46 77 91 87 42 83 107 38 67 100 66 98 73 36 121 22 118 95 55 137 103 138 82 78 136 65 56 93 97 74 124 33 60 27 29 96 113 52 71 111 128 44 133 115 51 75 122 17 28 127 4 50 84 47 117 120 129 69 112 6 14 130 19 68 41 24 125 80 132 3 31 61 8 63 40 37 99 109 1 72 79 102 20 16 11 135 88 70 13 49 134 104 5 85 45 25 26 21 30 18 108 0 59 
90 28 109 137 105 64 66 107 71 17 131 128 72 57 50 63 62 98 88 11 89 54 32 125 18 129 16 48 135 55 9 70 81 35 117 24 127 99 83 134 45 121 10 113 43 130 118 58 101 31 79 30 77 38 19 76 133 60 74 56 85 97 25 49 2 8 111 116 91 46 29 47 36 69 22 42 59 96 3 110 39 75 34 108 68 87 15 84 92 51 53 119 73 102 82 100 104 44 6 136 78 67 12 65 7 21 132 41 0 95 20 40 114 115 13 106 27 103 138 14 112 1 122 
91 111 58 36 126 12 33 49 65 105 22 121 107 127 110 125 68 138 5 77 9 136 104 20 24 97 124 4 131 89 93 53 26 92 13 86 10 123 109 87 134 11 74 63 95 21 55 70 29 81 43 50 120 19 102 106 135 94 15 60 132 84 90 17 35 27 103 45 44 69 85 79 57 133 75 46 118 116 83 3 112 40 130 31 67 61 66 88 18 6 122 78 62 59 32 129 108 99 76 39 82 16 42 96 1 71 73 28 117 113 14 30 38 56 72 47 101 52 100 7 2 25 
92 87 5 61 19 24 53 8 69 37 31 122 55 41 104 59 39 30 51 21 94 46 13 18 7 34 79 120 128 114 131 99 62 0 12 91 129 137 121 32 68 35 95 22 134 71 70 116 97 136 14 60 126 16 109 47 107 27 38 106 113 58 85 49 132 26 45 66 63 83 117 65 20 133 56 80 90 74 138 123 25 81 101 76 54 43 93 48 77 17 67 100 102 11 112 103 110 28 98 88 125 6 78 82 33 
93 135 23 66 111 106 107 1 132 105 95 116 28 88 62 38 71 83 32 45 6 22 69 117 130 97 33 48 94 68 91 17 7 119 58 131 127 15 18 14 87 29 60 115 129 31 8 110 118 75 72 41 37 70 108 49 134 73 80 89 20 16 13 63 86 103 74 44 133 98 27 61 26 25 82 123 12 136 109 40 46 51 42 124 77 47 65 59 10 104 54 81 36 24 52 35 92 122 53 76 85 56 21 101 113 120 55 84 79 9 30 114 2 121 50 96 
94 2 40 13 52 84 103 37 9 131 118 1 87 98 46 55 45 27 53 59 19 30 10 102 35 81 111 70 92 114 51 47 100 0 79 122 67 72 7 71 86 93 57 11 76 43 82 44 3 6 18 88 54 124 63 125 116 14 42 75 17 12 50 33 126 113 31 26 4 101 117 115 68 106 62 15 129 133 91 127 65 61 34 58 74 73 56 128 137 36 48 109 23 41 16 110 21 49 64 123 80 130 96 38 32 5 108 83 77 120 119 121 136 134 69 104 28 60 78 
95 117 43 60 28 9 65 1 93 57 31 129 73 75 46 15 112 51 23 120 17 97 125 2 72 53 138 115 24 62 10 49 64 27 92 41 118 12 59 44 84 91 89 56 103 107 111 116 123 79 70 66 83 98 78 13 63 109 96 88 54 110 16 8 47 29 71 18 26 106 61 100 128 105 119 113 25 42 52 21 101 6 4 130 38 124 80 134 33 131 122 45 81 104 102 77 68 69 36 39 90 135 50 85 133 137 14 58 40 32 37 82 99 
96 22 1 58 38 14 74 134 120 122 27 56 51 45 82 16 101 40 102 99 64 133 138 75 77 11 33 88 129 81 20 5 52 113 17 12 79 114 49 124 86 35 115 100 21 31 50 71 105 72 6 117 98 106 118 103 34 125 80 53 70 132 26 62 25 111 10 54 87 89 36 15 95 68 97 76 44 121 136 90 23 59 3 37 19 2 65 55 43 73 18 78 66 130 24 4 63 94 30 60 84 110 108 107 85 91 126 42 69 135 41 8 9 128 93 
97 44 126 70 64 65 61 38 15 130 100 27 3 57 76 125 6 138 9 101 47 36 104 59 37 135 43 110 121 95 56 137 124 88 91 93 55 60 48 116 8 133 87 34 80 74 78 10 0 122 50 4 67 71 99 120 118 92 13 75 33 23 1 18 69 89 45 40 52 2 17 82 28 96 90 81 136 49 108 19 53 85 32 12 129 119 84 29 7 42 134 132 83 114 111 79 46 22 20 77 26 113 5 11 16 58 102 109 86 51 128 63 31 106 107 14 131 21 115 68 24 105 35 73 72 54 
98 2 60 138 108 23 9 17 72 3 94 102 75 110 5 117 125 36 90 109 34 76 112 107 24 7 74 55 86 20 39 27 80 89 113 45 44 96 87 12 35 46 18 104 131 62 50 13 65 99 8 121 82 25 95 73 21 43 64 52 0 103 119 38 93 56 100 58 124 130 68 1 11 48 135 19 6 26 31 83 123 59 129 132 40 79 32 61 54 51 81 120 67 111 88 53 136 92 84 70 128 115 126 116 133 29 30 15 28 71 118 
99 19 135 102 36 37 30 88 48 1 111 110 96 11 86 70 105 52 16 35 92 116 82 60 44 43 46 29 101 112 27 2 20 90 119 68 137 45 104 13 133 87 97 47 25 78 65 98 53 49 57 51 117 42 56 17 28 84 120 132 123 69 122 32 72 77 66 124 31 22 109 127 50 24 131 33 106 58 15 113 3 63 128 130 107 103 125 129 67 40 0 5 4 114 71 91 89 10 34 80 118 21 38 73 115 79 39 12 41 62 18 75 23 55 9 61 136 59 26 64 95 
100 135 102 105 79 4 78 114 133 82 113 112 97 48 22 75 73 0 5 120 77 38 101 40 94 69 76 74 23 80 89 96 118 35 81 136 46 15 66 43 110 88 30 72 51 129 54 25 37 9 63 59 103 56 116 109 71 44 34 18 3 62 121 119 134 122 41 132 64 61 19 98 123 10 95 20 55 11 125 42 32 53 8 28 26 115 90 31 17 137 50 131 83 107 111 104 16 92 7 87 130 67 138 52 49 45 117 84 27 127 128 126 1 6 106 91 60 65 33 68 13 
101 121 12 103 51 127 81 68 27 52 112 3 118 96 25 61 0 97 39 116 117 56 100 54 57 20 89 46 136 80 85 107 74 84 132 109 70 13 99 114 79 9 115 7 2 106 31 62 53 133 55 24 34 90 43 76 29 58 73 94 126 122 88 45 48 14 63 28 134 78 6 15 5 110 16 135 95 4 33 123 82 44 60 11 35 47 49 92 77 50 19 67 65 26 8 38 125 59 93 120 102 86 72 91 66 37 129 69 17 130 21 42 124 71 
102 100 18 104 54 56 64 120 63 99 26 135 130 103 98 88 128 5 96 23 94 62 122 107 74 16 10 132 30 134 20 48 28 115 53 9 55 133 42 78 123 66 19 113 127 3 86 138 82 137 41 109 84 24 85 8 91 57 27 77 7 38 76 114 39 40 68 112 60 15 45 131 29 36 11 90 58 126 47 50 35 70 32 33 81 95 4 97 14 61 71 65 22 89 43 121 92 12 129 124 118 2 17 110 119 87 111 31 80 101 6 136 69 13 117 21 
103 24 101 79 71 1 94 7 31 49 2 102 54 107 86 12 74 11 135 110 121 47 37 113 43 28 61 14 63 77 85 134 57 67 46 72 60 130 38 138 30 116 64 96 104 88 4 95 133 89 132 68 9 44 34 136 100 56 40 87 35 18 8 129 39 93 58 16 112 125 19 98 115 91 114 33 26 84 10 119 25 41 81 108 52 120 99 128 124 80 22 109 27 82 106 20 6 55 66 83 92 59 32 117 131 21 126 69 15 137 51 50 5 23 13 90 78 118 62 45 123 3 65 75 17 
104 130 5 136 50 102 122 10 64 83 9 43 23 46 115 11 51 92 97 126 86 119 82 77 91 47 66 108 63 134 113 37 31 74 4 58 13 106 34 99 70 69 109 2 103 3 49 71 75 68 65 30 67 8 98 125 128 22 85 29 20 26 62 6 27 14 12 60 78 111 57 7 54 114 107 25 55 84 120 135 112 117 72 33 132 35 24 124 32 90 88 105 52 93 28 79 95 0 39 44 36 38 73 59 100 40 53 19 48 116 41 89 94 123 127 15 45 42 138 56 87 21 
105 25 90 72 100 9 119 129 81 55 125 93 138 67 124 91 117 29 40 11 52 114 2 106 37 82 15 99 79 57 118 127 16 133 5 111 60 85 112 73 96 132 33 35 12 41 108 13 115 88 23 8 77 135 39 34 50 70 63 123 38 87 68 30 84 83 120 122 78 20 46 51 95 66 36 136 56 18 26 49 45 27 53 75 69 7 31 19 14 104 48 58 61 80 3 121 134 17 76 47 107 86 116 71 6 137 126 21 44 110 131 1 128 74 97 59 24 22 
106 30 109 40 86 93 55 66 119 133 2 64 10 8 17 13 126 72 45 110 24 130 105 138 57 31 26 41 43 12 121 136 50 42 29 71 51 125 39 14 70 44 135 116 32 0 21 5 104 84 101 96 54 35 68 37 53 115 52 79 92 118 134 122 94 22 91 123 127 58 47 77 78 36 95 6 128 56 60 137 19 83 99 20 18 46 117 114 74 48 87 131 11 120 1 69 80 28 38 23 103 124 3 49 25 111 113 97 33 15 90 4 100 34 85 88 
107 128 85 59 35 90 124 17 93 77 27 118 120 30 103 129 29 91 14 80 82 46 18 115 98 116 102 75 33 76 71 110 131 84 101 12 23 134 1 113 89 58 26 44 68 69 125 83 38 67 53 47 8 114 52 108 95 49 42 19 40 137 111 92 72 81 6 22 41 36 136 123 130 24 109 64 9 138 104 88 73 21 10 34 15 55 135 2 37 13 112 121 65 99 127 78 79 126 70 86 132 100 61 39 51 63 96 48 25 105 7 87 4 0 50 97 16 57 122 60 43 117 119 
108 129 128 98 13 16 4 87 46 3 77 123 8 62 57 36 137 66 34 5 31 0 104 59 58 40 79 122 133 19 35 119 50 125 86 84 28 76 83 127 65 30 21 120 29 132 38 11 109 37 7 107 17 105 115 93 20 23 54 1 55 74 45 111 118 61 10 72 134 51 26 80 97 60 64 63 12 130 49 90 27 73 75 32 69 126 103 56 41 15 67 135 91 71 14 138 42 96 94 33 43 114 113 47 85 131 24 25 9 2 68 18 53 89 
109 90 75 39 35 106 33 0 120 78 74 84 70 58 73 12 98 1 43 8 37 129 62 130 101 82 40 31 29 136 27 25 91 45 24 104 124 66 9 138 50 54 108 63 71 10 56 38 112 92 61 127 41 81 13 100 5 16 123 14 134 102 83 34 95 51 118 87 65 117 79 137 122 126 115 68 36 107 133 22 53 69 132 99 94 93 88 110 119 19 59 49 4 72 23 121 47 20 67 48 89 21 103 7 97 46 3 116 30 57 52 2 128 85 6 76 32 11 86 125 
110 62 137 138 84 2 13 115 20 40 30 16 88 98 111 99 6 27 133 118 69 17 79 42 103 80 106 91 123 45 65 135 120 97 54 7 114 28 107 125 127 117 51 126 86 49 47 26 57 24 18 116 23 60 93 100 64 11 132 12 33 124 31 21 112 41 119 122 134 78 129 1 50 95 85 101 70 90 113 48 130 61 73 74 22 38 77 32 3 109 94 44 36 46 14 55 67 128 87 59 0 96 25 72 136 75 43 52 29 10 102 92 68 15 105 5 58 56 8 71 4 131 81 82 19 83 
111 91 50 122 62 93 55 88 29 9 32 132 81 99 76 110 134 54 77 86 51 94 39 41 59 72 11 45 124 105 75 14 112 119 117 60 68 19 25 56 82 3 49 136 118 26 129 95 57 84 85 30 107 96 17 1 123 89 126 74 108 61 58 27 90 69 38 104 52 135 133 37 40 114 33 78 97 46 35 23 115 73 67 65 44 127 120 34 47 28 6 100 0 43 24 18 22 106 113 102 20 80 125 98 64 5 116 15 130 12 13 48 87 
112 38 30 119 85 54 0 46 35 43 64 66 101 100 67 6 135 76 71 69 131 95 98 126 33 8 72 82 99 105 70 111 60 48 55 22 134 77 109 137 110 1 37 28 84 78 58 44 45 123 121 130 39 83 63 24 42 103 113 41 132 26 11 52 89 62 27 9 122 104 102 114 31 15 91 25 107 80 128 86 16 10 29 5 53 65 32 115 23 49 133 2 47 50 4 19 125 13 92 120 56 3 18 51 129 21 17 59 88 87 127 124 117 20 61 90 7 
113 8 31 118 59 65 75 100 10 88 67 26 50 37 135 123 103 71 66 33 96 55 104 13 107 126 40 64 30 98 43 60 15 131 36 76 90 44 69 128 120 116 1 102 94 119 80 63 92 70 134 89 49 87 117 42 121 7 47 77 124 112 78 137 39 3 110 25 133 72 95 16 68 79 54 46 122 132 9 58 28 34 138 73 99 35 14 19 97 18 11 41 125 84 74 115 4 85 5 108 93 24 91 111 106 83 2 62 61 32 6 56 38 136 130 53 21 23 114 29 
114 53 12 1 100 138 55 89 49 62 15 72 75 105 134 66 123 36 82 38 0 110 94 68 69 44 23 92 96 2 13 22 50 47 101 64 70 6 60 67 129 78 31 107 46 52 8 25 59 74 35 125 48 4 115 136 88 5 126 117 21 104 103 33 102 80 112 111 127 97 81 131 54 51 119 106 57 128 45 122 9 42 28 87 30 76 99 79 20 137 14 135 84 37 40 121 108 29 130 73 32 56 90 65 93 41 17 133 113 
115 59 36 6 20 110 22 43 61 104 53 31 135 11 119 107 137 42 121 129 75 57 84 134 7 64 131 95 33 4 96 40 130 82 101 39 123 21 93 102 68 10 138 3 35 13 86 108 15 105 55 106 67 63 28 83 62 114 122 127 27 44 14 94 58 72 1 132 88 76 109 46 73 79 89 103 47 126 41 69 77 117 66 52 5 49 32 24 100 128 56 50 124 111 112 70 60 29 34 113 133 87 45 99 78 54 37 26 2 23 120 38 116 97 90 81 80 98 51 71 65 16 74 
116 89 48 133 27 120 64 42 13 5 36 81 117 93 61 122 134 24 101 47 80 131 121 70 107 21 54 30 33 99 97 82 23 78 106 14 2 103 110 10 1 94 55 77 18 92 52 86 29 119 12 113 37 95 136 68 34 100 127 124 118 56 129 72 40 90 76 63 22 128 87 3 57 43 41 73 85 74 8 28 69 91 84 39 123 135 60 9 59 16 65 19 51 46 66 6 45 79 26 58 35 67 44 130 105 109 104 83 115 4 31 75 17 111 98 20 132 38 50 
117 95 121 41 20 66 64 15 116 125 24 105 98 9 101 35 7 134 131 16 3 46 110 52 93 10 17 5 57 59 132 48 90 26 36 37 33 43 50 42 123 96 111 80 83 45 119 13 44 78 74 84 88 133 82 19 56 94 77 99 86 71 4 127 39 113 120 55 109 11 49 51 0 118 114 60 21 6 136 38 27 115 23 89 31 92 69 122 104 72 47 129 62 63 1 79 106 75 25 70 40 30 138 124 135 85 8 54 29 67 18 2 91 22 103 100 61 34 14 126 112 53 12 28 102 107 
118 113 49 124 129 1 12 119 94 61 66 60 138 107 56 39 19 136 134 131 101 110 75 72 14 22 53 126 105 2 59 45 83 132 125 63 133 100 36 17 42 21 95 96 93 0 89 97 111 7 37 35 80 90 135 44 30 54 106 76 43 55 116 109 31 108 26 41 130 117 33 71 78 9 16 28 38 8 120 34 69 15 23 57 79 58 91 70 127 122 6 52 24 48 40 4 62 121 20 11 99 73 86 32 51 10 87 47 3 102 29 137 74 84 27 123 103 18 77 98 
119 67 17 81 133 85 84 105 112 138 118 6 54 106 8 7 60 87 66 43 115 62 124 104 28 73 71 59 63 30 86 52 26 58 108 47 93 126 34 137 15 99 35 111 29 25 77 130 117 116 65 51 79 56 75 48 113 110 78 50 83 39 100 2 21 12 80 4 70 98 19 44 97 46 5 41 95 103 20 125 109 90 57 114 69 61 134 22 132 135 1 136 32 55 120 16 94 33 102 53 76 131 0 24 129 18 27 88 36 11 74 14 107 3 
120 47 32 49 116 96 52 0 109 102 135 73 107 70 100 57 65 28 61 46 82 15 66 110 24 69 95 64 51 21 10 92 30 132 84 67 36 127 71 133 75 130 126 62 72 108 97 56 123 55 124 113 86 78 74 45 17 136 48 58 131 76 91 18 42 117 53 99 38 13 16 105 118 37 35 9 11 89 25 54 104 122 134 129 3 60 88 137 138 103 40 79 31 8 87 4 106 1 22 111 50 119 29 83 5 20 94 121 39 23 44 112 101 41 93 98 68 115 128 59 81 12 43 14 
121 117 72 101 127 20 122 78 82 27 134 91 103 116 16 115 97 43 83 40 55 106 46 51 137 22 92 79 138 66 36 62 75 49 56 74 7 23 89 90 12 60 59 15 41 80 98 35 21 11 38 14 76 85 100 125 112 113 9 24 126 10 4 57 96 129 19 44 28 6 37 8 5 70 71 136 30 42 58 107 31 87 88 109 45 32 105 118 69 26 120 102 114 34 94 18 130 123 63 48 53 84 25 93 86 54 3 128 65 0 135 
122 2 26 111 70 7 68 104 96 61 64 121 129 65 116 23 92 131 69 102 134 17 28 44 132 66 14 94 79 55 137 81 71 108 86 74 35 25 97 27 80 46 82 75 3 127 130 83 42 15 110 123 31 115 101 106 72 76 77 85 128 100 9 54 109 135 99 133 87 89 105 57 43 48 51 117 112 29 30 120 45 6 22 113 118 59 126 4 13 10 39 95 114 5 91 62 56 138 52 49 93 60 36 21 16 88 136 40 67 11 18 125 107 47 73 63 84 1 78 37 90 33 8 34 
123 85 59 52 124 51 132 71 89 79 131 58 108 5 22 110 87 114 23 126 133 83 2 113 44 33 67 56 70 64 37 49 0 91 55 115 134 117 125 60 1 57 10 102 26 120 35 61 54 77 137 95 29 62 122 109 81 75 112 136 40 111 107 45 106 63 17 105 99 82 25 88 65 100 16 21 6 93 9 41 34 39 130 48 20 116 138 38 42 101 92 43 32 7 30 69 94 74 13 36 135 98 68 78 8 86 80 121 128 24 46 104 11 84 27 118 15 103 19 129 
124 130 74 5 118 123 107 135 51 84 59 105 35 6 80 10 2 60 68 18 119 37 97 91 7 47 111 69 27 19 96 15 32 88 54 126 94 22 73 83 42 87 109 86 82 20 11 120 133 24 110 75 129 49 43 89 17 128 116 65 138 125 34 62 70 12 113 25 72 29 38 40 61 98 99 14 50 48 39 127 95 104 115 53 36 93 132 76 23 28 117 103 13 67 0 3 136 64 55 26 8 81 106 102 21 1 44 71 85 16 77 112 78 58 131 33 57 101 30 
125 60 81 13 26 137 88 105 27 78 117 16 77 136 97 85 7 67 98 23 91 71 127 28 35 110 95 9 55 90 3 47 6 106 74 118 11 22 62 14 107 108 0 59 79 135 94 123 10 80 48 96 126 44 114 63 104 29 49 73 121 124 134 8 131 138 83 103 21 42 5 57 65 36 128 31 100 53 119 132 86 32 38 52 33 40 66 24 89 2 82 64 99 46 84 4 68 51 37 113 58 20 112 19 101 45 72 111 122 12 41 92 50 17 109 87 
126 97 75 78 61 91 16 29 106 9 23 1 104 130 123 112 10 118 4 110 64 19 25 113 127 28 138 27 67 57 119 45 38 124 32 74 120 11 34 80 35 125 128 22 92 39 13 94 77 55 31 58 5 53 101 41 111 86 79 68 136 54 137 114 59 132 109 121 17 0 69 12 134 71 115 14 26 84 44 6 135 131 85 108 42 48 43 102 62 122 65 63 107 15 30 52 70 47 72 96 73 24 46 105 49 87 60 37 2 103 51 100 56 117 98 83 18 33 
127 76 81 74 21 101 121 84 2 28 5 22 83 91 125 85 36 67 130 44 56 110 105 6 80 19 126 41 88 52 131 93 90 120 75 31 26 1 17 138 63 108 58 11 40 122 0 16 13 87 102 137 24 25 109 116 133 115 12 60 117 43 94 35 106 86 15 33 135 32 89 30 46 65 4 34 128 54 124 114 118 99 61 42 53 134 72 107 29 62 111 37 77 129 68 47 45 51 70 104 100 23 49 18 132 10 38 112 50 66 3 7 59 136 
128 107 108 78 63 41 30 90 102 66 135 60 137 12 49 87 77 44 43 72 40 55 76 71 46 11 92 42 82 69 73 80 70 138 39 21 34 129 126 113 23 20 25 136 58 104 124 9 84 7 36 122 52 10 24 89 57 83 53 116 61 132 38 2 64 68 88 94 106 54 6 95 79 125 18 127 131 26 130 33 19 31 115 112 99 114 103 48 16 133 110 0 67 1 8 97 81 134 37 86 123 14 22 27 109 120 100 98 5 35 75 105 96 121 65 
129 108 105 118 24 46 43 50 38 28 14 107 66 4 122 95 27 6 8 74 64 115 41 79 96 75 30 109 44 90 0 49 21 92 82 130 61 135 2 134 114 131 93 133 73 128 17 10 111 13 16 100 124 47 36 5 62 67 136 85 110 83 84 68 94 116 81 103 132 48 78 7 121 97 37 51 55 88 1 89 57 23 77 117 120 45 39 15 40 71 35 138 12 26 99 32 137 91 31 98 127 25 33 102 19 58 70 60 112 119 87 86 101 9 3 18 123 11 
130 124 77 48 104 136 133 44 34 132 70 97 102 68 66 76 23 51 106 134 0 79 126 11 127 50 40 41 54 27 93 5 9 109 31 86 78 35 36 115 129 103 7 67 120 17 45 30 28 119 131 38 85 22 90 122 137 6 69 39 21 57 2 81 18 107 112 118 59 8 62 108 3 98 73 83 110 52 19 128 123 33 72 89 20 58 80 95 91 29 96 25 84 61 42 99 49 94 87 88 75 47 55 13 116 56 138 64 100 121 10 114 74 43 15 111 113 14 101 1 24 
131 54 11 16 28 94 32 136 90 123 21 1 118 66 133 9 17 122 41 116 79 112 85 38 46 3 117 62 107 135 92 115 91 88 44 72 93 127 58 52 129 49 64 69 113 130 24 47 74 83 30 35 98 29 63 120 70 84 7 138 73 125 82 5 34 60 15 137 126 68 128 18 22 78 102 114 10 132 99 42 2 53 95 13 25 33 106 27 61 40 100 4 19 31 75 76 26 43 0 8 48 108 67 36 97 103 119 80 87 105 56 124 86 71 110 37 51 65 
132 62 17 76 11 123 71 130 93 84 42 24 111 22 4 30 138 13 78 51 122 85 0 33 101 120 118 102 117 45 31 105 64 79 49 88 110 108 23 26 96 103 70 18 80 36 77 19 34 39 10 38 47 92 99 115 100 63 126 27 15 91 29 129 44 128 135 54 112 87 72 75 61 137 109 20 46 97 86 25 9 3 131 104 113 125 48 40 124 89 2 119 8 53 107 56 98 67 74 1 55 5 60 90 37 73 16 82 50 59 43 21 12 127 52 116 83 68 7 41 14 28 
133 14 137 42 116 119 130 78 55 100 46 106 138 39 131 110 44 30 135 31 96 70 123 74 45 21 57 80 27 54 61 105 68 60 3 15 97 108 69 75 136 118 24 120 134 43 5 72 129 99 77 23 34 101 4 102 35 18 22 103 82 49 33 124 52 25 51 8 117 62 88 127 90 53 94 71 84 89 20 93 26 109 122 59 113 111 91 92 28 9 13 63 58 11 17 66 40 29 2 0 128 1 112 115 76 12 38 73 83 7 32 6 10 95 36 114 98 50 41 65 
134 63 83 39 12 96 30 14 137 3 118 135 76 111 121 116 29 0 114 130 74 58 122 117 46 115 22 104 72 77 11 107 21 79 71 103 2 78 102 123 35 91 129 133 59 90 92 51 43 112 7 93 37 81 16 110 106 109 113 57 136 100 125 1 108 9 54 101 126 10 28 75 88 27 18 41 97 47 120 4 95 127 86 62 119 84 20 64 68 65 36 105 61 87 48 40 6 19 80 128 138 23 42 94 32 89 60 70 49 53 73 31 66 33 8 
135 83 93 21 4 100 25 124 73 69 99 120 68 102 27 50 134 74 62 43 128 112 133 115 76 61 103 31 41 1 72 110 97 113 39 8 131 35 90 6 36 106 129 125 44 52 33 58 12 30 16 118 42 26 54 105 80 14 91 84 122 85 132 127 56 65 86 79 34 24 101 126 7 111 104 107 3 57 138 2 116 19 46 13 98 117 60 40 123 78 67 119 108 137 88 5 81 63 75 9 114 22 37 18 89 96 70 95 51 10 71 48 82 17 55 136 64 121 
136 130 104 131 49 85 48 22 16 118 55 87 125 27 52 79 8 3 101 91 64 71 31 24 106 18 26 6 80 19 75 47 13 17 133 7 100 109 69 12 92 111 66 58 43 60 1 89 50 120 116 128 54 103 70 129 86 11 114 138 107 123 29 126 77 134 97 33 46 38 96 34 117 42 59 63 84 81 67 10 2 68 23 105 93 76 121 78 88 25 62 37 65 21 90 53 39 124 119 137 110 72 44 35 40 20 28 94 0 122 9 56 82 98 73 4 36 99 5 102 113 135 14 127 
137 80 133 110 90 53 74 2 27 25 134 125 79 128 47 8 78 7 115 108 60 64 85 97 16 17 56 121 122 69 71 92 0 119 99 38 59 76 32 62 55 35 89 10 13 130 51 127 112 68 107 123 39 26 102 41 37 23 3 15 22 28 126 54 109 87 21 57 58 131 84 113 1 86 132 9 94 75 106 12 63 30 18 31 33 4 120 44 24 70 67 5 19 29 129 100 135 36 136 114 72 14 77 40 65 105 118 50 48 45 20 42 103 95 138 66 83 88 49 
138 47 52 110 98 119 20 63 16 0 82 118 114 70 105 133 39 59 14 97 3 96 106 91 132 49 38 76 18 5 34 7 9 40 84 95 45 126 44 22 72 121 41 103 60 12 67 46 42 128 127 109 87 73 66 115 89 68 102 48 136 31 15 124 71 131 65 81 125 4 69 107 75 32 28 79 135 62 123 13 92 120 113 129 80 29 37 23 64 117 61 50 122 77 36 78 83 43 10 108 2 33 17 130 134 100 24 19 35 53 137 104 30 90 8 54 85 
