0 167 171 130 31 49 29 90 152 54 134 56 21 62 2 88 9 113 87 61 18 120 37 75 116 110 137 161 173 175 7 81 
1 100 80 147 113 32 110 64 9 140 68 118 126 159 41 18 30 117 111 51 48 28 154 128 62 94 175 146 55 167 73 26 91 69 63 15 132 
2 109 85 24 139 100 71 38 65 69 52 30 111 31 99 47 159 78 28 32 94 66 56 121 60 119 120 150 162 0 118 163 82 74 154 62 134 105 126 54 17 167 123 165 91 115 89 76 152 
3 129 67 125 20 10 109 138 37 133 65 86 85 71 12 59 84 63 44 26 94 104 64 114 32 43 143 95 118 50 116 173 6 160 141 29 162 
4 112 6 118 59 107 77 40 72 122 174 150 151 66 166 39 97 86 90 18 130 22 140 108 111 44 102 79 54 125 
5 71 121 126 129 143 48 140 30 105 8 107 77 25 138 128 10 153 157 134 43 161 68 57 144 62 172 142 21 175 79 149 55 72 146 132 94 93 65 49 80 58 123 
6 152 82 4 40 8 64 110 124 155 43 70 72 17 59 16 78 154 27 176 128 60 30 14 108 24 115 81 12 137 3 150 172 75 148 11 139 
7 168 169 143 108 62 118 155 89 51 45 66 69 63 77 161 41 164 17 97 144 64 88 154 54 153 174 103 80 61 146 100 0 110 
8 169 123 6 61 147 60 150 136 166 10 33 72 5 114 14 64 38 173 110 46 29 9 12 118 81 28 93 59 162 158 157 40 
9 88 86 1 63 118 13 139 14 157 155 29 120 34 68 8 64 0 145 32 103 127 115 71 167 19 26 
10 67 29 3 76 170 163 8 95 161 18 55 5 159 23 142 16 111 48 86 108 72 169 51 166 71 40 121 98 
11 102 145 73 114 43 55 82 121 116 104 78 45 68 40 156 176 84 134 160 123 24 37 26 52 136 74 23 109 119 48 49 151 58 147 166 141 103 88 6 
12 53 31 45 24 88 112 69 98 135 104 172 34 3 110 65 151 16 103 121 143 35 116 126 113 89 114 175 120 8 92 107 62 29 119 20 6 46 
13 77 125 168 86 135 136 87 98 54 160 9 120 138 124 30 101 52 27 148 72 31 146 64 157 40 33 142 132 39 66 42 149 70 57 91 131 161 74 165 153 150 173 
14 174 125 148 101 71 122 135 140 92 163 118 9 8 55 41 138 89 72 172 161 111 59 76 171 70 6 146 165 144 128 102 93 133 107 116 141 
15 105 135 63 110 132 65 35 94 136 175 149 50 28 114 53 16 144 165 18 118 49 140 83 42 145 153 146 115 88 45 108 29 158 67 98 1 
16 93 162 50 22 120 166 78 103 43 128 12 85 15 133 87 97 6 89 95 10 75 141 24 163 40 73 153 18 67 126 61 
17 146 32 148 153 129 165 132 57 24 154 66 160 116 171 6 125 7 31 115 37 78 175 136 73 149 107 2 127 71 35 114 102 81 150 128 55 23 79 72 104 124 
18 153 135 115 77 47 58 39 10 127 15 1 148 160 66 116 24 71 49 119 33 4 43 0 89 154 102 68 169 170 16 112 123 128 83 137 118 
19 131 175 53 117 36 171 138 78 32 166 90 71 73 72 70 33 104 86 88 134 144 133 47 173 66 9 159 81 38 24 22 139 68 
20 118 23 160 47 3 93 170 150 81 71 29 45 164 27 98 80 34 129 141 154 57 59 12 108 121 33 145 
21 160 85 36 141 137 96 63 161 24 98 0 130 78 83 119 77 5 104 82 76 110 114 86 37 102 80 146 115 170 149 112 163 
22 64 85 109 130 16 35 86 118 83 98 68 129 102 135 122 62 166 66 30 54 80 29 77 56 4 128 55 112 156 51 19 142 
23 79 46 20 112 53 129 40 55 149 172 171 120 123 170 139 90 51 135 10 70 39 72 142 48 117 27 165 143 91 82 11 138 150 164 17 125 140 
24 169 2 12 110 69 71 153 67 96 90 172 17 162 48 21 94 123 68 50 11 142 18 74 121 137 25 61 31 75 16 148 59 167 6 56 140 83 126 19 
25 83 149 102 124 164 30 134 153 71 5 103 172 175 69 155 56 72 24 133 119 147 126 156 110 73 35 53 123 
26 138 116 85 63 126 148 41 34 86 33 128 151 37 165 149 163 3 129 11 74 172 108 158 115 152 119 137 1 38 30 61 9 144 90 167 88 
27 175 150 97 52 167 128 154 162 112 126 56 35 86 13 141 157 20 79 68 6 123 160 54 23 161 51 78 93 64 171 170 62 127 50 129 137 95 133 
28 132 111 87 168 97 73 31 59 151 123 117 155 15 148 43 2 137 98 1 145 96 62 90 156 104 66 142 32 8 34 143 42 55 85 38 115 
29 155 108 10 162 90 32 41 134 0 71 60 111 69 82 66 75 54 117 9 20 151 73 45 8 72 141 22 168 65 12 174 15 110 101 100 84 3 157 
30 134 77 52 162 25 2 156 172 73 5 96 159 163 160 101 69 13 91 1 48 139 112 22 143 31 89 80 32 6 104 49 56 116 152 82 118 176 65 26 125 146 94 
31 43 12 0 138 34 2 28 128 67 58 36 68 69 92 149 110 71 131 17 13 30 101 89 160 98 52 24 109 83 115 125 93 156 102 33 97 151 121 171 60 50 164 
32 17 54 37 162 29 1 44 112 105 133 125 95 56 69 124 2 19 144 98 160 123 52 118 30 169 3 53 9 28 43 77 46 42 166 
33 72 129 159 135 94 125 26 175 68 8 150 95 69 110 116 62 148 45 19 100 36 146 13 55 149 18 88 104 59 31 130 99 140 89 169 87 64 172 20 157 
34 48 105 127 156 116 31 26 89 125 12 133 104 131 174 75 78 66 20 9 94 103 97 107 145 166 86 28 123 159 41 162 
35 39 175 122 164 165 40 15 63 81 22 123 70 27 94 66 12 75 104 141 108 90 159 116 111 48 115 105 93 83 120 131 107 17 124 101 25 
36 143 21 69 76 80 19 31 162 92 77 93 91 113 98 115 64 72 33 55 128 145 110 133 168 53 139 50 129 
37 32 120 103 139 116 144 3 113 56 148 26 81 88 134 95 11 100 42 108 132 17 101 55 21 171 174 68 0 170 163 43 102 117 130 159 89 154 45 58 
38 55 160 2 65 59 136 58 140 162 86 95 77 62 131 94 156 8 116 118 40 47 98 57 102 72 41 112 74 103 39 168 114 143 26 139 106 49 176 107 108 19 28 
39 35 103 119 121 140 51 87 102 70 92 40 94 18 80 123 109 23 137 4 134 47 64 13 117 38 120 154 129 158 96 95 69 71 170 41 
40 76 75 158 6 35 23 82 162 131 4 39 11 108 123 38 119 88 138 166 169 13 115 163 16 106 77 53 44 79 143 109 117 10 74 114 8 
41 80 121 98 29 78 88 26 173 62 112 69 108 48 60 163 83 55 1 14 45 7 38 153 101 67 59 167 147 140 34 64 116 39 114 
42 82 129 138 99 143 124 133 112 157 101 170 71 83 65 94 160 84 37 15 13 93 156 51 44 28 130 97 147 32 108 
43 31 167 144 119 11 94 86 77 151 166 118 125 54 16 28 87 160 6 117 5 143 152 156 130 154 100 157 47 124 74 3 18 66 114 97 37 32 138 58 75 61 133 112 
44 85 134 160 56 32 74 130 79 77 112 51 3 103 100 125 144 106 58 122 132 96 81 40 66 90 42 158 4 108 47 
45 73 141 87 12 11 7 59 169 69 20 160 174 29 33 41 142 135 124 118 145 131 63 161 173 170 78 52 15 165 62 158 37 89 65 119 
46 23 52 132 47 144 136 82 143 99 137 174 56 170 162 112 96 72 109 8 140 111 113 139 32 148 12 89 50 160 
47 56 118 120 20 119 151 46 174 54 63 2 131 91 18 147 83 80 61 38 166 39 130 148 93 89 133 43 137 167 19 134 164 44 
48 34 116 50 71 58 5 166 41 76 143 59 24 104 139 154 30 1 35 23 10 74 11 107 165 57 172 66 151 96 156 89 123 86 49 92 
49 142 95 0 164 58 169 131 133 100 74 125 138 165 86 15 148 106 137 65 84 92 18 30 60 99 170 11 62 122 129 105 116 163 38 103 5 50 48 135 85 57 
50 48 114 16 126 69 104 15 164 53 173 66 100 134 129 24 138 105 161 106 87 158 132 71 155 172 122 3 121 111 27 36 46 49 31 54 167 
51 120 166 115 68 148 39 153 7 111 75 44 78 132 23 1 151 27 170 100 176 10 173 126 42 165 174 160 22 
52 96 110 92 137 111 30 46 2 27 55 166 121 13 62 176 11 32 164 147 31 155 63 45 100 126 105 
53 12 123 135 23 87 19 122 50 15 100 146 157 165 79 167 68 142 174 130 159 108 32 85 119 40 77 65 98 36 95 99 149 89 66 25 
54 60 75 118 32 137 134 13 59 47 145 43 29 0 74 121 69 22 112 27 169 132 7 125 2 136 95 154 103 138 99 171 50 57 4 130 72 
55 119 102 38 139 11 165 69 117 52 67 23 140 159 41 14 10 173 36 141 126 33 37 144 5 172 169 1 124 115 22 74 28 17 153 128 156 
56 116 47 108 75 89 93 44 58 156 37 175 32 27 143 102 46 173 76 0 67 111 137 154 2 112 25 106 120 139 171 30 94 121 22 92 24 101 134 65 119 169 
57 110 151 92 109 138 17 91 124 77 38 5 118 120 99 155 169 79 167 137 87 20 127 48 171 13 108 54 49 
58 121 92 48 38 125 56 49 31 84 66 18 91 124 172 77 120 135 126 82 44 167 68 85 73 103 70 11 132 43 119 71 146 37 5 65 
59 166 38 89 98 137 4 65 54 28 142 128 113 72 3 48 45 82 6 102 96 14 60 109 156 150 41 24 33 133 20 8 153 79 62 86 118 
60 54 74 131 69 8 164 29 121 41 133 123 174 2 59 134 136 6 156 49 160 141 31 105 
61 85 8 152 92 167 47 133 129 73 67 62 108 166 162 24 63 170 111 98 0 78 109 93 65 7 26 43 16 151 132 
62 101 134 86 65 97 77 117 131 7 38 41 63 80 149 138 52 22 116 33 102 0 175 61 74 5 1 172 12 28 2 70 157 49 27 130 45 140 59 75 
63 105 167 26 15 98 96 110 135 9 35 126 62 84 47 100 109 21 3 7 174 131 128 61 121 161 136 151 52 45 77 80 118 1 65 175 
64 22 87 1 6 83 117 138 103 8 155 167 36 156 3 13 98 7 90 39 162 9 108 171 27 114 174 93 33 89 41 
65 83 175 120 62 2 38 72 15 145 3 59 84 12 42 114 86 92 101 107 49 131 144 118 162 29 112 53 77 61 30 108 5 71 125 56 45 63 157 58 176 
66 126 86 150 157 74 29 58 17 146 35 50 7 87 98 4 2 155 104 22 160 18 34 70 131 139 158 88 129 124 13 170 77 116 28 43 148 106 121 44 19 137 111 48 53 108 
67 10 3 102 157 24 109 55 71 31 110 159 94 164 56 104 61 153 75 41 83 99 165 15 138 146 74 16 100 
68 150 172 51 163 159 85 1 33 142 22 31 116 11 171 146 166 176 24 5 27 9 91 133 53 79 72 58 75 123 37 18 128 93 74 139 84 89 143 19 
69 108 170 117 163 2 24 115 60 12 50 36 55 111 146 32 41 29 31 75 30 102 45 153 33 7 25 54 136 141 169 90 116 151 175 1 88 72 104 127 39 137 128 142 
70 110 143 75 77 89 79 72 39 35 73 176 112 6 154 99 23 128 19 66 149 140 14 62 141 13 92 58 163 85 135 82 137 151 168 
71 154 5 160 2 80 130 48 133 141 117 95 93 14 24 135 134 29 67 25 3 42 20 103 31 19 114 77 171 18 87 123 50 10 17 112 115 9 172 91 158 139 146 81 65 39 107 58 125 161 113 
72 33 128 77 138 95 160 65 105 115 111 125 70 175 8 59 137 4 6 172 109 46 14 144 13 19 96 38 36 23 25 168 29 68 10 5 145 89 139 86 69 99 17 147 54 
73 11 45 110 30 28 84 133 111 155 79 70 82 156 142 95 61 19 29 91 169 88 153 168 58 17 74 94 101 121 132 144 16 1 143 25 98 
74 131 123 117 103 60 44 119 159 134 87 66 49 110 54 78 127 148 80 135 111 26 62 24 140 121 11 38 2 73 43 48 106 168 90 68 141 146 157 95 55 40 174 67 115 13 
75 40 54 56 91 87 70 92 156 29 105 69 51 95 35 34 161 16 67 24 68 148 125 0 165 152 43 84 155 158 62 112 6 149 150 
76 40 10 36 151 152 48 121 56 158 112 156 106 127 14 118 148 21 130 159 92 101 169 141 163 2 
77 13 72 62 30 161 43 122 146 164 38 70 18 157 44 36 5 4 163 167 101 7 58 57 80 71 21 128 107 78 22 66 40 145 152 53 63 65 32 170 
78 127 114 41 160 11 16 2 157 171 19 51 74 6 80 34 108 21 104 17 83 96 27 77 45 166 61 158 132 168 87 176 
79 23 135 154 70 44 73 164 110 167 139 27 53 120 68 92 57 5 142 131 40 93 59 165 17 114 4 
80 41 91 71 94 125 1 159 151 128 36 101 62 47 93 160 162 39 136 74 78 20 77 30 96 167 148 22 174 130 117 21 82 106 7 63 100 86 92 5 89 132 
81 120 35 122 95 118 37 20 143 99 169 150 151 128 157 83 149 44 175 85 136 8 119 6 17 71 140 105 19 0 
82 42 6 131 11 46 40 150 29 73 149 90 99 176 59 94 111 166 97 115 171 117 110 58 2 21 23 139 105 145 113 156 30 155 80 70 152 141 83 
83 65 25 123 144 170 64 92 140 151 90 22 47 42 41 132 133 114 97 15 162 173 155 142 21 35 81 78 31 168 67 101 110 24 82 18 
84 172 155 73 130 63 58 65 140 3 131 11 42 170 143 134 128 173 104 49 174 112 123 135 102 107 103 68 75 88 29 
85 61 44 2 26 21 136 22 106 157 131 160 109 68 97 3 152 16 150 170 148 155 94 124 58 158 53 81 70 173 105 28 162 49 
86 62 9 13 130 43 176 38 66 125 26 3 99 148 146 22 127 27 102 136 131 119 65 49 153 19 170 4 10 21 34 108 155 115 132 72 172 90 80 59 154 48 
87 163 104 112 170 45 75 53 64 110 13 28 39 74 43 174 66 16 102 133 171 176 50 71 0 57 146 154 162 156 93 33 89 152 78 109 118 88 
88 9 166 12 145 41 110 163 173 124 128 37 106 91 40 172 102 19 73 7 66 0 153 162 119 96 125 33 15 158 109 157 69 84 11 87 26 
89 98 56 162 59 93 34 70 171 146 7 173 123 151 14 12 109 16 145 103 30 31 104 47 168 132 18 72 148 33 141 37 46 87 53 64 48 2 68 45 80 
90 125 108 154 29 174 0 107 24 91 83 126 165 82 156 147 19 23 102 35 113 64 132 119 93 28 116 4 152 69 44 74 86 170 26 122 
91 132 75 80 107 138 164 90 113 47 129 157 153 139 58 57 88 36 30 167 73 68 104 23 163 124 1 166 71 13 2 
92 175 146 52 58 100 124 57 83 118 149 14 75 61 115 36 151 39 31 162 161 94 65 99 111 157 145 147 12 49 163 79 116 76 70 106 56 160 128 171 80 104 48 
93 150 16 71 126 164 56 89 99 20 143 156 144 36 119 80 148 103 112 35 100 47 90 136 27 174 42 31 8 79 61 68 137 64 5 87 14 169 160 167 121 170 
94 80 132 43 33 15 166 38 35 39 67 92 139 172 82 24 3 42 131 2 141 160 85 34 149 143 1 162 73 56 174 124 121 165 5 30 99 
95 49 135 131 172 72 71 169 133 163 38 32 81 139 10 75 175 33 73 171 154 37 100 127 16 132 134 54 3 145 138 164 74 53 39 113 27 
96 173 52 144 63 104 136 112 121 30 24 143 162 100 21 46 109 59 114 72 171 80 28 78 44 88 134 39 151 48 126 149 
97 62 157 144 145 138 27 28 169 85 125 16 82 83 7 127 105 102 4 132 100 170 103 116 34 106 142 161 31 43 141 42 126 130 175 
98 89 116 41 63 59 12 117 13 124 157 22 66 21 36 38 32 20 28 127 64 31 128 151 61 173 115 53 15 99 105 172 153 10 73 
99 158 42 153 93 46 86 2 131 101 147 82 92 81 70 176 57 161 143 49 67 100 159 33 53 72 98 54 146 108 94 126 
100 148 1 2 150 92 144 96 63 49 163 53 127 120 50 44 95 37 176 33 43 93 97 51 169 113 99 52 80 112 7 29 67 166 
101 62 162 168 14 80 117 42 30 99 118 13 77 175 65 131 31 122 167 37 41 73 149 76 156 123 83 154 56 29 35 159 136 111 
102 11 132 55 144 25 67 39 86 56 69 111 22 59 169 90 87 62 38 88 97 167 21 18 31 37 84 17 14 126 165 4 124 
103 154 74 37 39 145 16 175 120 117 64 12 71 25 44 160 93 128 156 89 173 34 38 97 125 7 167 9 58 153 157 54 84 49 11 139 
104 87 148 165 96 110 50 11 12 169 123 138 34 35 48 154 66 67 3 19 78 84 21 89 91 147 151 30 135 28 33 69 162 92 17 
105 63 160 15 34 136 133 172 145 72 32 144 5 171 75 166 116 128 151 50 35 97 109 82 2 120 123 49 107 176 85 110 81 98 139 60 52 
106 127 85 156 157 144 132 111 88 110 134 49 149 56 50 152 76 44 169 115 40 97 92 66 74 147 80 38 116 159 
107 91 130 90 155 4 5 117 174 157 148 138 125 164 65 122 169 77 12 35 149 34 17 48 153 110 129 105 84 38 141 71 14 
108 69 56 90 161 175 29 7 41 135 40 128 127 35 117 165 78 154 61 37 130 26 151 53 167 10 64 163 115 86 6 159 15 65 20 57 4 44 38 42 99 66 
109 2 113 150 110 22 117 163 164 3 57 67 85 169 63 136 159 96 123 72 89 46 39 147 59 105 157 31 11 127 61 40 125 88 155 87 
110 57 125 70 52 109 153 73 15 1 24 87 63 104 151 88 6 67 12 173 31 79 74 114 33 131 8 118 106 111 82 21 36 119 83 0 29 124 107 148 120 160 105 25 123 116 147 7 
111 28 52 2 69 29 72 73 51 106 56 82 102 114 92 1 14 74 35 110 138 10 149 116 46 131 135 61 136 132 66 50 4 169 129 101 
112 4 87 23 151 12 171 32 96 41 174 42 167 27 46 70 44 93 127 56 30 76 38 54 145 65 150 84 71 152 18 22 100 75 21 130 43 139 
113 109 162 1 37 129 91 59 12 36 160 90 0 46 100 82 117 123 144 95 170 152 71 
114 160 78 11 131 115 50 153 134 161 8 15 65 110 83 111 116 12 71 96 162 3 155 21 167 144 38 43 64 17 157 173 79 41 40 
115 121 51 114 69 18 117 72 92 36 82 35 131 159 17 40 133 31 106 26 15 108 9 86 71 6 55 98 21 2 74 174 158 125 28 
116 56 26 48 98 37 34 11 151 157 128 68 123 17 145 12 105 137 38 33 120 114 164 62 35 18 161 111 133 92 90 97 66 30 0 69 49 130 3 106 41 110 14 153 
117 74 168 71 69 152 109 136 62 19 98 127 119 55 64 115 101 28 103 29 134 107 130 43 108 1 82 23 158 39 80 113 40 37 
118 47 20 54 4 9 43 7 92 1 139 151 22 81 14 101 160 126 120 38 15 110 57 170 32 76 2 65 8 45 140 136 143 30 3 63 59 87 18 
119 55 147 135 43 47 157 39 117 74 93 159 86 40 132 2 21 90 126 110 18 170 25 88 53 11 26 12 81 129 58 148 56 45 
120 47 51 81 65 158 37 16 13 23 103 140 100 118 116 149 167 58 57 12 9 2 35 79 56 155 133 105 39 0 163 110 152 
121 115 5 58 41 151 134 162 39 11 96 60 171 52 76 12 142 54 2 139 123 24 74 172 63 154 125 73 129 56 94 66 50 10 31 20 93 
122 132 35 77 14 148 81 152 53 4 167 138 22 159 171 101 126 144 107 44 150 174 49 50 166 125 143 136 127 90 
123 74 83 53 170 8 104 28 35 116 23 155 89 40 60 109 24 11 39 121 32 161 176 27 71 68 125 34 101 105 174 84 2 18 113 147 48 110 5 25 
124 25 92 165 42 88 98 160 6 13 32 57 58 154 138 155 172 85 45 66 91 43 94 55 140 153 110 148 35 102 17 
125 90 110 13 143 14 3 152 80 164 171 58 33 86 32 34 43 72 97 174 146 49 17 44 163 107 139 173 168 103 121 31 54 88 75 123 109 30 122 141 65 71 142 115 23 4 
126 147 156 5 162 93 26 50 66 63 146 1 135 27 90 118 12 166 58 122 119 55 2 169 51 25 102 24 96 16 128 52 97 99 
127 106 78 34 130 117 86 148 147 100 18 131 108 74 112 176 98 97 95 76 152 9 158 17 109 57 171 27 69 168 136 122 
128 72 133 170 26 27 80 116 59 31 88 16 173 5 108 70 105 103 81 84 1 6 63 169 98 77 36 176 68 22 92 14 138 162 17 18 126 55 69 135 136 
129 3 33 42 5 168 157 17 23 113 91 171 22 135 61 50 26 20 163 158 164 66 174 121 39 49 136 119 107 27 36 111 
130 71 0 86 22 170 107 127 166 44 84 165 160 168 167 117 144 21 154 176 43 47 108 53 76 80 4 173 33 62 116 37 42 112 97 54 137 
131 74 19 114 95 82 60 62 156 85 47 38 49 40 99 150 176 84 86 158 34 127 31 94 110 139 155 66 63 115 101 35 65 111 45 79 174 13 167 147 
132 102 91 28 122 151 94 46 15 17 160 135 164 166 106 83 51 145 175 119 90 37 13 97 54 44 95 50 89 73 173 5 78 86 58 111 146 1 80 61 
133 71 128 95 105 169 139 32 3 42 73 34 49 60 16 143 61 165 142 83 87 68 150 115 116 47 120 25 19 36 59 14 43 27 
134 62 30 44 54 121 71 29 162 25 74 114 0 117 37 11 50 5 84 106 60 19 39 151 2 154 166 135 96 95 157 47 56 170 
135 18 139 119 33 15 95 53 79 13 71 63 12 14 126 132 151 108 174 129 22 23 58 74 160 155 45 161 146 111 104 134 145 164 163 70 84 176 170 150 49 162 128 
136 162 105 85 117 147 13 38 96 8 46 15 171 176 148 109 86 80 69 161 170 141 11 144 60 165 63 17 111 93 118 81 54 151 129 122 101 127 128 137 
137 52 54 166 59 46 21 72 116 28 56 167 39 49 24 57 47 145 26 66 93 70 6 0 27 69 18 142 130 136 
138 26 72 165 91 42 31 3 97 57 104 64 13 19 5 14 122 49 124 62 168 170 40 107 150 50 111 161 23 95 163 67 43 128 54 139 
139 2 135 171 55 163 37 156 133 95 9 118 176 91 94 23 150 79 48 131 121 30 66 125 56 82 154 72 38 46 71 36 68 103 105 6 112 138 19 
140 170 144 38 166 39 5 1 83 176 14 55 84 165 120 15 150 162 46 74 70 118 142 124 175 24 41 4 33 62 81 173 23 158 
141 45 71 176 21 168 27 166 35 147 171 94 20 136 16 29 55 69 70 173 60 97 76 155 74 165 82 11 89 158 125 107 169 3 14 
142 49 163 59 68 161 73 121 133 24 10 45 158 83 23 173 5 13 53 79 97 140 28 147 143 125 137 22 69 167 
143 125 70 7 36 5 157 148 170 173 46 93 42 169 96 158 56 48 12 172 133 81 146 43 84 30 160 174 150 23 94 99 156 3 118 40 38 28 73 122 142 162 163 68 165 
144 102 96 43 140 100 83 97 46 105 37 93 106 15 32 168 130 72 44 155 5 7 122 136 163 153 65 19 55 114 73 14 151 165 167 26 113 
145 166 11 168 88 105 97 65 167 103 54 116 132 92 89 175 28 15 36 45 9 82 34 72 164 137 112 77 135 95 20 
146 17 92 162 69 77 86 89 126 174 66 125 53 68 143 156 13 33 135 1 159 14 15 87 5 172 21 74 7 67 71 30 132 58 99 
147 126 119 136 1 8 47 99 127 176 90 141 155 109 92 52 149 104 172 41 11 142 106 25 167 123 42 72 175 110 131 
148 100 17 14 104 166 165 143 26 51 122 86 37 127 28 136 13 18 85 74 93 33 107 49 80 47 173 76 75 66 24 89 110 124 46 119 151 6 
149 25 172 163 173 161 23 15 92 162 26 82 31 62 120 106 111 153 94 70 147 107 176 13 5 81 101 33 17 174 53 21 96 75 
150 93 68 100 109 160 8 27 20 66 157 82 33 131 4 85 139 176 138 140 81 2 159 133 143 59 122 112 23 17 6 135 13 75 
151 174 57 132 112 47 43 121 110 80 116 28 26 76 118 83 92 12 135 89 4 29 51 105 171 81 134 108 104 98 63 173 11 144 136 69 48 31 96 70 148 61 
152 6 125 117 61 0 122 163 76 85 165 43 170 106 155 127 90 26 77 30 112 75 82 120 159 87 2 113 
153 18 110 24 99 17 25 114 51 91 69 5 86 67 41 73 149 175 144 7 15 88 156 16 103 124 107 168 59 13 98 116 55 155 171 
154 170 71 103 90 158 176 79 27 169 163 17 124 95 70 104 48 56 130 6 108 1 43 121 7 2 134 20 139 18 39 87 54 101 37 86 
155 29 84 7 73 107 6 28 9 123 64 66 124 25 147 83 131 85 144 135 57 114 152 120 52 50 86 82 141 75 109 153 
156 126 34 139 131 30 106 56 173 93 75 73 38 11 90 146 64 43 76 103 59 143 169 60 153 28 31 101 42 82 87 48 22 25 55 
157 143 119 97 67 85 129 116 106 77 98 66 42 150 158 9 91 78 162 161 27 53 107 5 92 174 13 81 43 109 164 62 134 103 74 114 88 65 29 8 33 
158 99 40 120 166 154 157 143 131 76 176 142 66 129 117 26 85 50 170 127 78 39 15 88 71 44 141 45 75 8 115 140 
159 33 80 68 74 2 30 55 1 67 109 119 35 10 122 115 150 53 76 146 161 108 99 34 37 152 101 106 19 171 
160 114 164 105 71 20 38 21 72 44 150 78 85 13 132 124 30 130 17 165 43 118 80 45 11 42 113 103 66 32 18 94 135 27 143 31 170 60 92 167 110 3 93 46 51 
161 108 77 149 114 142 170 92 10 21 157 5 14 7 123 163 50 136 166 99 75 135 116 138 27 63 172 45 97 159 0 13 71 
162 16 126 136 101 113 32 89 29 146 30 121 38 134 27 40 96 36 149 46 92 24 157 80 83 114 140 61 2 165 64 94 65 176 88 171 87 128 85 8 104 143 34 3 135 
163 87 69 139 109 142 68 95 149 10 88 152 14 154 30 41 77 26 164 100 175 125 173 161 167 129 144 92 2 40 165 16 91 108 135 70 37 49 138 120 76 143 21 
164 160 25 35 93 125 109 60 49 91 77 50 132 163 67 79 20 116 173 7 107 52 129 145 157 135 95 23 47 31 
165 138 35 148 104 55 124 170 17 130 26 140 160 90 152 15 133 49 108 53 23 162 136 163 14 94 67 45 48 75 144 2 141 51 79 102 13 143 
166 145 59 51 88 148 158 137 140 16 130 43 8 48 94 52 132 105 167 19 141 68 82 4 22 174 47 40 61 161 126 34 134 10 78 91 122 11 100 32 
167 0 168 63 43 145 27 112 61 175 122 130 166 79 77 64 120 91 137 163 53 102 58 80 101 57 108 47 103 114 41 1 2 24 160 144 9 147 93 131 50 26 142 
168 167 7 13 117 101 129 145 28 171 141 130 144 138 72 73 89 125 83 29 38 74 153 36 78 127 70 
169 24 7 8 95 133 97 154 104 143 109 49 45 173 102 81 40 73 106 107 128 54 57 32 156 100 69 10 55 18 126 76 33 93 111 141 56 
170 154 140 69 87 123 143 130 83 128 20 10 165 161 42 46 23 85 138 84 86 136 152 118 61 97 51 66 160 119 45 158 27 49 37 18 77 90 135 21 39 113 93 134 
171 139 0 125 112 168 136 89 19 121 23 105 129 17 68 78 95 172 141 82 122 151 96 71 87 14 56 64 37 27 127 92 57 162 31 54 159 176 153 
172 84 68 149 95 105 30 12 24 23 94 72 143 58 25 171 14 88 124 5 121 26 62 147 161 55 50 146 86 71 48 33 6 98 
173 96 143 41 149 88 89 156 56 128 110 50 169 8 55 164 83 163 103 84 142 148 125 45 51 151 130 19 141 132 98 3 114 85 0 140 13 
174 14 151 90 47 112 146 46 4 125 87 135 107 60 34 45 63 166 157 143 53 84 80 7 93 122 129 37 94 29 64 123 131 149 74 115 51 
175 92 65 108 35 19 27 15 56 33 72 103 167 95 163 25 101 132 62 12 145 5 153 17 1 81 140 69 0 147 63 97 
176 86 154 141 140 136 139 70 131 82 11 147 68 52 150 158 127 100 130 99 123 6 87 149 162 128 51 30 135 105 38 171 78 65 
