0 133 11 139 17 144 129 149 101 168 138 110 43 163 109 115 32 9 95 160 166 118 42 26 3 162 27 121 55 137 18 1 165 81 2 140 36 56 154 54 107 113 82 20 22 174 153 167 147 176 29 8 35 24 177 152 89 164 16 98 47 173 112 94 150 7 49 169 50 68 106 53 155 90 170 65 70 51 5 172 135 132 180 156 178 41 30 21 64 6 19 72 78 120 48 86 143 102 63 84 38 77 158 92 76 130 124 141 151 179 75 71 159 67 58 96 104 33 79 127 131 57 126 123 146 125 14 59 119 61 80 40 142 91 
1 158 49 114 109 162 104 62 31 81 128 24 29 136 72 176 11 175 38 70 154 58 157 63 105 99 88 23 65 0 130 12 146 160 155 28 117 170 166 140 92 119 30 103 9 45 168 96 120 16 178 89 163 43 127 64 129 102 171 42 34 22 27 124 98 132 18 91 165 54 161 113 50 48 85 82 19 131 2 150 151 112 46 142 78 10 53 67 14 87 37 100 138 121 139 80 75 101 97 137 47 21 40 126 52 147 59 56 179 141 125 95 135 51 79 116 108 71 15 90 159 20 13 32 41 74 123 
2 153 137 62 176 85 61 66 119 63 174 52 65 143 122 112 29 74 4 81 124 131 178 152 53 120 17 60 73 172 23 87 134 150 99 88 0 48 158 34 50 127 157 42 20 117 30 55 130 141 11 28 59 101 166 37 14 149 161 45 109 21 91 97 142 159 165 77 103 15 95 169 151 162 10 1 9 102 71 38 58 154 24 121 107 160 19 168 49 27 44 173 140 104 89 90 3 133 106 163 46 32 56 177 139 167 68 164 144 83 179 110 79 155 76 114 125 82 64 31 13 86 180 136 147 78 135 96 51 70 116 7 26 8 123 100 36 57 6 47 115 146 
3 91 50 81 109 162 52 164 70 114 155 125 148 87 139 180 171 53 0 72 77 71 151 175 56 59 143 27 146 100 49 29 167 144 19 34 166 111 68 73 116 80 163 25 115 63 122 142 113 147 17 15 106 101 123 8 6 42 161 103 93 140 45 150 136 62 138 69 145 30 5 76 92 156 31 88 14 32 134 22 55 7 174 159 67 153 119 41 65 44 177 46 84 38 127 75 137 89 23 158 170 128 83 40 2 66 149 154 57 9 104 160 12 173 11 61 85 172 13 112 95 129 20 64 90 60 51 10 86 118 54 130 141 28 179 169 
4 81 101 111 180 63 30 119 9 73 19 24 142 62 5 108 43 64 17 2 141 65 20 156 6 28 23 16 7 27 144 160 97 106 53 98 34 40 31 39 177 136 70 10 76 151 115 13 130 93 46 153 78 143 47 178 164 8 42 113 125 122 167 133 105 55 71 121 25 139 22 127 110 137 44 102 157 85 41 51 175 140 48 72 35 99 172 118 145 179 88 89 126 91 67 14 86 148 173 103 68 132 174 96 38 100 95 163 168 49 129 170 60 165 80 128 37 74 15 77 12 146 154 135 166 36 52 57 107 29 69 114 33 
5 173 159 83 81 162 122 43 68 14 101 112 127 74 115 65 29 11 150 26 154 153 171 4 64 59 145 48 152 156 44 84 178 88 165 167 49 170 42 96 129 71 109 37 63 20 148 179 91 30 54 57 136 53 174 27 75 86 137 77 22 168 160 25 139 155 3 116 176 128 99 12 47 117 16 89 133 143 41 125 107 6 38 0 172 161 24 106 105 110 147 79 141 40 163 135 149 119 36 73 138 130 177 19 10 120 95 142 134 46 66 7 146 169 151 61 67 94 97 87 175 70 60 123 45 108 121 35 180 118 31 34 
6 75 100 66 150 144 136 103 122 107 131 141 29 111 110 96 90 121 168 140 4 95 12 177 45 36 171 23 49 9 137 38 73 74 21 153 113 62 163 55 51 70 180 104 165 174 112 159 3 32 20 60 35 162 133 58 17 152 10 94 164 54 138 83 175 63 67 179 160 65 87 78 108 151 84 123 170 27 166 120 64 5 139 146 77 173 82 147 46 24 14 155 117 0 18 33 154 15 72 109 19 127 86 48 145 50 52 31 69 118 81 134 99 114 44 61 79 148 68 43 16 93 11 135 47 115 158 101 97 124 57 88 172 71 41 98 126 37 2 39 
7 33 29 164 137 14 133 42 65 19 88 75 100 61 145 31 168 122 127 26 84 95 172 99 23 81 27 25 93 170 4 72 94 138 74 135 15 128 69 78 67 11 79 101 71 166 82 120 59 132 17 22 98 46 113 52 53 175 148 18 63 44 9 28 47 136 77 21 0 56 87 68 139 140 103 49 158 40 3 119 154 173 125 117 114 150 90 178 85 179 157 83 102 20 107 151 105 64 45 144 121 129 111 57 169 156 161 160 16 162 159 32 58 176 152 5 123 149 41 91 126 142 86 55 106 112 141 110 2 134 37 62 146 10 115 12 36 97 
8 166 116 52 23 36 159 69 89 59 167 20 28 96 92 57 118 25 85 142 62 77 172 141 19 78 128 72 134 90 42 126 110 48 135 171 103 11 136 125 82 107 46 101 0 108 137 161 22 3 12 102 109 121 129 16 4 38 170 27 32 86 132 147 163 73 105 50 127 87 33 99 53 154 75 157 180 58 133 34 120 14 39 37 35 124 29 97 9 179 55 138 80 140 160 158 153 43 178 115 148 71 63 74 15 60 84 100 47 145 61 130 51 40 24 95 104 44 152 65 169 122 81 54 26 94 2 168 162 49 45 79 64 88 
9 158 176 18 139 171 106 54 40 4 56 142 89 148 0 58 92 51 124 97 108 132 120 93 172 36 10 14 43 47 169 164 178 81 173 82 30 96 59 107 141 66 23 75 73 125 150 101 143 60 109 31 147 65 6 166 130 83 24 35 90 161 102 157 119 1 55 13 145 180 117 87 134 44 174 114 38 48 165 138 19 177 7 15 95 105 123 154 110 84 115 91 64 32 57 33 156 133 22 126 155 20 2 162 41 152 122 61 8 17 127 12 85 160 34 45 144 72 52 99 16 111 29 159 163 79 103 3 62 128 28 153 46 50 167 49 170 179 78 131 94 69 70 63 175 26 37 129 
10 126 85 172 108 29 157 13 114 88 25 72 166 24 14 98 106 100 15 77 168 159 95 146 81 43 9 147 18 49 104 180 46 144 84 149 124 123 61 173 141 50 135 87 73 51 90 47 101 150 134 154 4 116 93 27 76 125 113 67 132 163 170 41 79 31 38 131 140 155 82 167 92 35 40 6 68 53 176 91 160 156 69 11 19 165 64 148 112 2 45 161 1 129 54 32 175 70 30 58 22 179 65 177 62 23 21 5 111 78 48 107 60 122 178 17 66 39 26 71 164 119 59 89 52 105 28 117 103 102 3 138 83 34 121 137 162 7 33 99 136 174 
11 168 37 0 22 156 128 135 104 81 72 1 20 5 121 140 49 155 33 94 92 96 170 160 173 15 125 52 27 54 32 19 124 171 7 105 144 24 158 51 17 8 123 141 137 149 143 45 84 21 71 138 31 176 2 99 12 91 63 134 66 69 41 100 89 95 153 109 86 151 18 10 90 163 148 14 64 68 73 107 178 139 65 112 57 127 110 40 87 122 56 83 50 59 60 42 28 97 113 131 53 136 85 177 142 159 167 6 126 67 70 3 82 115 77 180 46 108 61 130 146 152 44 98 179 117 161 162 80 166 74 111 43 174 62 150 29 102 106 114 
12 16 81 135 139 70 157 95 142 109 18 27 31 173 86 101 178 29 23 129 15 96 125 120 41 6 37 126 50 137 148 63 61 132 119 163 167 1 131 84 146 169 145 94 115 124 127 64 107 45 69 11 43 118 8 112 80 73 24 179 5 158 122 21 98 123 85 26 153 20 165 97 177 79 155 140 75 46 138 77 171 68 30 172 67 49 9 19 168 166 113 133 33 32 89 90 40 47 116 144 176 130 17 3 91 28 136 114 105 100 39 62 59 34 44 74 71 51 170 156 154 99 36 161 78 4 42 22 150 143 134 7 83 93 56 110 
13 10 105 40 104 59 84 160 150 38 180 101 76 56 96 121 107 167 28 34 125 87 33 152 45 147 108 58 88 164 138 141 94 69 170 41 62 42 21 155 128 153 157 100 175 99 154 4 112 9 174 54 63 70 31 148 71 172 178 122 115 47 89 95 19 51 91 49 145 171 110 106 52 169 74 179 14 32 57 103 165 83 61 92 98 136 120 173 146 75 23 55 79 46 140 29 113 64 66 85 131 117 156 86 17 22 118 3 27 25 109 2 37 166 161 48 43 15 177 1 35 124 102 142 82 149 158 53 60 72 133 
14 56 112 92 124 75 77 7 175 5 10 38 22 161 83 21 9 69 93 102 55 176 15 54 133 141 44 164 160 89 144 178 155 52 128 131 154 180 45 162 147 84 136 80 106 17 143 26 140 30 16 163 109 62 36 96 127 35 48 107 2 122 170 60 172 78 121 49 63 46 100 29 126 61 116 101 3 81 166 33 43 11 119 8 73 13 57 171 117 67 6 97 149 1 138 158 99 135 91 148 18 71 37 105 132 27 90 59 19 115 4 82 23 85 65 108 20 142 114 150 159 134 47 130 87 120 94 153 113 0 168 88 137 174 167 157 95 74 177 103 
15 130 149 134 137 36 30 45 148 129 17 70 64 106 151 10 12 94 19 100 14 83 49 53 168 11 50 25 7 138 170 52 86 95 164 171 79 125 85 46 172 166 161 3 110 56 174 96 97 101 9 82 109 31 169 122 40 165 71 163 47 140 81 114 177 2 120 107 67 55 98 39 88 111 34 144 143 43 80 113 51 61 117 44 135 147 6 32 119 54 33 77 23 102 16 20 127 60 21 28 63 146 62 73 128 69 108 167 118 35 8 158 121 38 145 153 42 142 68 156 37 154 150 132 179 90 139 133 1 74 13 4 180 76 57 91 155 162 115 116 175 26 29 
16 12 112 103 80 178 163 26 135 87 166 143 119 59 42 114 50 175 159 65 174 77 105 106 20 110 93 4 37 86 97 30 57 52 53 27 81 1 127 14 79 55 73 70 145 47 67 0 146 8 38 129 98 107 170 48 149 90 137 101 172 162 123 17 82 92 5 39 138 102 72 89 115 46 51 161 116 62 56 120 141 74 152 180 78 104 36 157 151 88 15 131 117 9 64 84 153 171 154 35 160 18 41 83 63 40 22 6 7 179 85 158 148 71 75 147 44 99 32 108 100 155 173 167 113 124 111 68 91 29 125 31 122 23 
17 70 145 0 180 19 20 110 71 15 53 76 85 48 83 56 54 81 61 4 65 128 158 107 115 103 153 94 77 101 170 2 132 64 33 34 152 102 24 45 11 141 177 7 23 59 108 14 95 44 27 3 175 55 80 46 163 88 6 112 29 18 151 159 122 162 16 41 90 111 66 82 78 43 119 120 154 174 166 157 69 134 150 127 155 35 149 9 124 30 57 28 117 40 139 89 26 37 98 36 179 84 12 168 10 160 68 52 147 164 31 109 13 178 96 129 173 135 72 125 137 62 22 136 63 126 171 97 25 79 
18 9 12 117 27 37 139 88 91 158 21 73 31 147 66 49 46 96 160 52 29 36 10 19 121 150 99 154 90 168 92 94 177 93 60 105 140 0 80 70 133 95 137 55 82 35 81 156 163 30 34 180 123 175 67 159 78 146 119 107 152 86 26 38 87 125 120 108 113 72 85 7 17 44 62 28 64 106 1 65 145 11 100 153 128 155 56 45 174 41 39 179 76 144 134 6 165 115 43 171 161 178 149 164 42 57 77 114 14 24 74 142 79 173 166 104 16 138 83 167 170 75 124 103 101 84 53 136 112 40 63 23 32 143 50 169 25 130 47 122 109 71 118 89 
19 131 147 135 167 144 112 17 7 157 42 168 4 128 89 38 37 54 130 43 115 18 60 173 82 118 63 175 153 15 81 8 50 132 114 44 121 111 39 25 107 166 11 34 3 106 29 55 97 77 62 74 47 76 155 24 151 52 9 160 174 104 31 83 156 30 13 48 94 92 84 98 21 46 10 59 1 177 68 95 125 161 146 176 32 158 91 0 2 99 12 171 170 6 139 127 58 122 70 71 56 119 5 14 61 172 28 169 159 162 40 154 53 72 33 113 126 123 93 117 85 129 64 86 51 143 179 49 133 57 90 110 22 178 138 101 145 
20 156 59 171 91 21 144 77 98 17 119 83 52 53 8 166 159 95 11 123 37 176 32 24 112 145 114 160 133 106 49 4 73 134 16 137 66 82 23 103 168 121 43 70 71 143 5 0 105 111 41 129 99 2 72 27 180 131 65 48 102 117 124 104 75 68 6 26 101 88 165 54 81 110 136 128 118 93 154 79 139 38 92 178 9 109 84 35 12 179 47 28 175 94 80 152 172 116 125 7 15 74 151 130 31 30 85 163 87 25 42 174 14 33 78 149 122 170 36 40 157 3 60 146 162 142 1 127 62 63 164 150 113 46 96 177 147 169 89 57 
21 20 123 108 82 23 99 173 112 130 22 159 18 177 121 153 91 144 127 126 14 56 167 25 96 148 58 111 171 52 180 40 35 36 120 29 34 142 115 13 136 61 161 55 119 163 94 74 6 46 31 11 128 95 45 33 118 50 38 84 27 48 86 83 143 87 43 90 172 26 89 73 100 178 150 71 2 110 7 19 67 53 12 146 66 47 92 106 116 80 138 162 174 109 32 97 166 54 93 0 131 63 98 64 79 176 15 149 152 158 39 105 10 104 101 1 85 28 122 24 141 140 132 57 139 49 170 113 75 51 30 155 160 134 65 88 
22 11 150 140 124 160 71 21 83 24 87 63 14 119 37 135 55 137 102 80 29 164 81 62 173 75 40 57 48 43 26 142 179 51 152 104 86 0 126 42 175 101 127 162 7 46 94 134 168 69 122 60 116 121 85 118 30 5 67 8 76 120 111 73 68 70 113 77 128 89 170 169 1 133 36 65 78 166 177 117 4 3 161 154 147 9 47 151 99 45 172 44 129 144 145 174 112 115 153 61 148 10 41 58 50 103 158 33 165 146 16 54 159 34 180 90 109 38 49 35 132 176 13 72 88 52 32 110 93 17 107 97 19 12 108 106 39 66 31 
23 127 59 8 21 171 95 98 32 150 123 12 24 131 49 125 112 179 120 143 7 65 116 1 4 52 9 20 2 94 136 109 103 6 28 119 93 149 89 175 138 165 58 34 17 124 35 133 173 47 48 36 37 102 81 176 38 27 111 154 148 61 60 87 114 63 145 40 99 92 164 50 134 117 113 31 174 68 139 73 122 51 180 153 83 96 128 84 15 152 97 33 3 157 141 13 54 159 82 10 155 172 14 46 56 108 100 29 168 140 45 130 18 178 163 62 67 91 86 70 85 88 169 90 144 44 118 126 16 
24 161 128 167 105 101 1 40 10 175 82 148 22 147 4 56 176 23 115 20 110 134 104 152 88 137 73 107 116 25 125 72 47 143 95 131 51 170 17 9 11 94 139 162 89 53 0 19 164 54 27 37 63 113 80 178 120 29 30 42 35 43 155 98 144 100 165 12 92 31 77 119 70 44 156 60 76 103 5 81 117 28 159 151 34 6 146 173 109 2 141 41 160 166 133 122 79 172 140 169 18 179 48 124 65 97 142 150 38 78 32 163 118 99 106 21 66 8 123 45 138 36 58 129 64 121 59 153 84 68 96 112 108 87 71 136 69 57 157 145 
25 109 64 72 126 148 10 110 171 65 107 154 8 178 52 31 177 47 26 122 21 61 41 142 86 155 7 24 173 88 50 161 63 15 69 67 151 19 82 134 158 81 127 162 132 139 114 35 118 149 111 128 3 153 49 59 32 99 143 175 123 5 101 115 43 104 147 55 112 33 70 97 4 145 53 167 164 93 105 170 73 133 179 92 37 29 165 103 91 119 58 146 131 36 71 140 166 137 42 150 90 54 20 135 38 116 113 130 100 94 95 96 83 176 152 27 117 13 168 18 102 46 79 169 141 129 125 28 17 
26 122 172 92 102 129 69 47 144 16 35 74 168 46 151 75 106 62 5 27 70 25 90 0 170 57 7 114 72 79 45 179 22 130 175 146 119 110 123 173 138 63 147 61 131 178 14 139 78 18 73 177 107 116 111 67 155 20 128 49 21 176 56 127 83 53 60 33 152 160 134 40 113 125 103 150 44 133 142 76 167 48 59 12 156 140 101 95 120 42 41 161 85 171 157 43 154 37 87 96 77 98 86 51 17 174 89 93 153 141 68 32 117 99 10 71 50 163 8 34 94 135 126 145 136 2 80 82 124 9 180 15 
27 128 65 82 18 153 81 12 155 90 62 171 134 91 56 115 26 158 84 150 0 160 70 39 53 68 7 147 104 3 143 49 58 136 55 177 139 179 4 11 77 66 172 63 170 99 100 163 33 20 10 16 42 5 51 21 114 17 103 24 40 89 135 124 83 119 165 80 23 159 45 8 152 169 78 1 137 162 140 72 35 180 93 6 29 176 125 161 157 116 151 144 73 2 126 52 121 47 117 79 34 105 50 168 14 28 86 146 59 141 109 112 43 98 154 142 133 25 13 122 118 107 48 36 156 175 138 123 64 
28 115 103 29 166 38 102 8 140 137 138 53 92 88 163 104 153 125 13 99 179 165 134 116 114 4 113 178 121 42 147 1 23 112 164 108 176 168 64 109 32 76 180 95 2 74 91 86 171 141 169 119 31 50 43 7 158 41 90 143 18 54 49 124 167 56 123 34 61 70 65 33 39 46 120 24 67 146 131 37 151 20 96 132 78 107 82 173 17 45 136 73 106 145 139 15 66 27 11 111 97 19 51 172 174 94 21 162 60 98 12 30 9 152 62 161 52 79 44 57 10 75 59 135 93 77 177 3 160 25 159 36 155 87 
29 7 92 166 149 157 10 66 120 59 103 28 34 106 1 127 104 122 110 32 5 30 12 136 158 133 6 2 18 137 124 101 55 171 22 154 39 73 174 62 61 60 76 94 3 68 21 93 128 119 58 142 138 132 111 108 19 45 176 131 86 90 72 0 135 145 70 107 24 17 99 53 74 134 77 14 146 143 84 80 67 79 27 167 25 170 113 162 8 125 141 163 130 51 172 52 164 9 121 97 36 161 65 49 37 46 41 13 112 179 155 180 177 105 173 109 23 98 83 100 175 165 156 123 117 57 56 47 153 85 54 31 69 4 160 16 11 71 75 63 178 15 
30 176 130 35 15 4 169 150 58 29 175 118 133 104 179 85 122 163 84 41 147 93 9 34 102 113 51 81 86 120 154 48 1 139 16 18 94 170 33 5 143 2 79 44 59 89 49 52 105 14 22 167 82 96 125 145 180 124 24 116 38 19 137 75 87 3 148 91 46 119 153 159 64 174 36 55 112 40 152 43 114 162 0 127 108 12 17 171 74 10 161 99 72 144 178 101 67 70 20 77 138 37 45 168 97 158 28 60 111 131 95 117 136 146 115 71 160 63 98 157 47 110 164 62 21 68 106 80 
31 179 36 140 54 165 100 144 1 12 177 108 142 18 76 109 25 158 65 55 7 139 53 48 154 156 33 151 113 128 147 39 9 131 137 50 60 4 168 121 112 64 91 104 35 41 70 45 21 59 85 11 74 13 38 68 92 160 96 71 98 10 120 28 19 15 150 103 176 174 124 162 130 105 3 24 40 102 136 145 77 82 170 115 61 23 132 81 83 57 167 122 42 94 89 119 172 37 110 32 6 116 87 20 114 157 93 180 126 107 163 146 97 47 73 17 148 34 2 75 159 62 152 173 67 149 29 5 86 16 171 22 106 101 
32 110 45 69 178 79 44 46 111 0 23 129 84 29 38 61 74 165 20 122 125 114 66 40 60 150 34 70 88 62 77 56 100 118 121 106 128 33 117 11 87 176 131 141 132 167 147 53 126 163 63 28 54 103 90 177 172 101 81 25 162 92 83 6 173 142 108 170 112 8 73 68 157 107 39 105 55 161 72 43 3 78 9 155 154 48 13 113 123 124 152 115 19 21 104 80 10 50 15 143 86 67 82 31 139 12 51 133 2 160 179 164 149 57 26 24 99 145 7 166 175 76 140 102 91 18 127 159 93 37 134 16 22 146 1 144 35 52 156 158 
33 7 126 43 116 103 160 176 154 135 109 175 11 130 13 127 123 62 129 78 31 37 40 108 143 81 122 94 32 112 17 137 131 178 177 145 73 171 34 168 107 133 30 27 41 163 21 36 90 53 119 153 66 102 142 125 173 118 50 141 79 47 139 26 151 8 25 117 164 92 179 28 9 72 14 93 95 134 84 48 87 39 159 51 49 60 56 57 121 6 15 104 23 12 63 166 76 180 150 97 86 75 22 38 147 54 111 161 19 80 20 120 35 152 69 0 167 106 91 162 170 83 149 136 101 124 59 169 165 138 89 10 4 140 
34 166 162 121 175 29 131 119 112 136 104 132 74 133 54 98 48 107 84 13 94 57 53 103 32 35 109 106 127 30 174 55 63 17 100 68 21 141 4 2 19 70 3 170 158 96 33 18 46 23 43 126 114 50 163 58 128 118 145 72 152 65 82 110 73 148 1 147 66 28 79 41 8 111 99 123 124 130 76 115 15 24 51 64 154 91 95 138 52 42 153 97 59 164 173 9 142 93 135 167 134 27 137 80 113 178 120 155 89 40 159 156 116 22 146 176 45 180 39 71 12 144 149 31 38 177 26 92 44 10 165 105 108 5 161 85 
35 58 79 104 71 30 94 26 156 84 109 173 124 77 120 142 138 34 83 67 133 21 180 51 152 61 134 160 123 18 9 161 70 102 85 25 31 56 64 23 74 99 0 119 132 147 131 107 14 6 46 98 128 10 24 118 48 122 57 80 172 150 27 164 146 50 75 78 97 8 96 170 20 125 44 100 158 159 55 17 143 59 4 39 175 69 15 162 36 16 163 65 153 72 89 68 86 66 41 33 22 53 95 135 43 91 155 73 52 45 49 101 171 165 130 88 169 115 127 13 5 167 76 121 63 60 87 32 126 106 
36 62 81 149 128 31 8 131 15 67 156 65 102 40 91 108 83 117 9 123 168 75 18 104 145 118 178 97 61 99 21 6 106 100 137 90 153 0 157 112 171 135 98 119 109 33 146 110 147 111 23 54 49 14 47 88 130 64 154 59 114 94 159 22 78 129 140 69 116 176 173 124 179 68 30 79 158 155 138 63 46 16 87 5 57 174 25 74 29 170 167 122 95 134 35 17 58 172 92 37 84 86 56 115 51 24 101 169 152 20 73 41 82 52 53 12 162 27 42 38 148 163 103 77 4 2 136 121 7 151 28 93 
37 11 151 176 58 132 18 169 64 40 22 20 90 148 19 78 51 118 122 133 173 88 60 41 12 137 116 50 33 16 77 69 56 92 84 5 158 143 57 112 121 177 175 160 46 174 125 154 144 99 97 24 136 23 123 170 141 72 59 95 150 2 113 115 149 100 73 76 111 55 120 108 105 131 61 117 45 8 81 106 25 70 28 87 163 75 79 52 124 83 26 1 80 31 103 127 101 168 14 110 29 147 17 164 30 36 82 159 134 39 172 119 62 15 171 94 179 140 130 13 42 32 139 67 4 44 145 53 91 156 6 48 7 47 9 54 107 
38 98 103 53 122 41 28 14 56 152 106 13 101 138 32 145 19 1 176 84 110 94 159 130 127 126 64 144 100 70 55 161 71 147 79 166 96 57 149 72 125 6 174 102 58 135 168 158 69 68 21 179 172 85 46 31 9 156 132 18 153 10 23 112 16 8 67 162 30 142 88 40 95 48 104 175 146 114 51 43 97 99 78 160 50 20 5 165 52 60 73 129 140 2 42 180 169 3 107 148 90 82 178 49 87 83 0 116 171 131 33 15 24 108 25 134 105 22 141 45 139 4 137 170 34 36 39 44 128 124 109 133 
39 146 143 85 165 82 100 67 90 122 152 156 173 119 114 110 43 117 147 79 51 126 108 169 171 174 29 27 52 135 144 178 121 124 154 83 31 19 95 179 151 45 4 72 92 80 161 41 68 166 105 170 167 159 164 96 172 91 138 127 116 50 149 57 180 32 87 129 86 111 16 55 77 8 62 15 46 133 28 33 54 89 60 18 175 59 109 158 134 61 155 115 35 113 64 21 93 163 102 106 99 81 37 10 69 74 12 103 176 34 70 76 132 49 120 38 40 112 125 145 177 6 22 131 
40 129 13 9 71 24 172 50 37 164 36 49 118 125 32 120 69 22 139 21 33 128 74 101 124 155 86 4 47 63 159 88 111 78 174 43 167 44 61 141 53 122 27 73 136 90 106 84 48 171 119 55 10 143 15 38 82 26 127 131 23 31 149 126 60 142 79 148 7 158 132 130 115 30 54 169 144 85 51 91 5 66 52 154 103 11 180 17 65 135 117 166 3 12 57 165 121 56 146 152 34 1 16 42 19 160 93 76 8 95 80 138 18 70 20 46 94 162 133 39 163 177 68 107 150 62 0 161 112 72 145 
41 123 46 45 150 38 126 100 71 92 56 64 111 30 91 97 12 25 37 88 81 172 103 169 13 94 84 159 86 141 135 96 132 120 43 20 53 31 39 79 156 33 129 62 109 158 117 130 75 80 10 152 179 137 83 125 55 11 28 110 171 78 174 165 90 115 17 66 34 153 68 5 105 102 98 3 18 87 26 4 128 9 0 178 101 147 145 50 24 154 177 67 52 108 42 85 58 22 149 138 124 119 29 166 16 93 180 113 122 140 162 35 151 104 155 47 168 48 7 36 176 142 63 127 6 112 167 161 148 144 60 146 157 1 116 72 134 99 
42 149 92 93 85 7 147 100 19 74 155 172 16 43 103 166 148 170 0 102 141 175 54 89 105 106 87 28 5 142 8 47 171 13 180 107 162 104 44 158 22 2 66 65 79 136 90 160 52 126 27 176 169 81 83 3 91 101 156 124 51 4 117 57 113 24 1 167 109 127 128 99 78 140 76 115 95 26 125 134 38 131 179 98 34 31 123 154 178 71 163 18 50 41 177 111 84 11 72 25 67 152 145 20 40 15 146 64 122 173 55 161 62 164 63 37 138 36 132 61 119 116 94 12 139 114 82 118 59 151 49 
43 117 72 136 150 111 5 33 114 75 65 83 132 0 138 63 179 42 92 39 105 49 64 10 19 55 9 68 4 140 143 45 82 154 176 171 175 22 71 61 20 177 127 91 142 41 79 116 34 112 67 170 85 164 163 158 155 131 54 40 137 95 129 97 12 133 1 21 122 73 66 151 90 44 25 28 120 24 58 98 126 160 56 46 74 145 32 108 38 51 88 14 157 17 104 15 30 110 103 109 99 162 101 26 106 147 18 8 80 121 93 169 6 153 62 96 27 84 180 35 89 115 77 128 13 59 149 135 78 57 52 152 11 144 178 172 113 123 165 161 
44 68 114 110 84 64 78 156 165 102 100 121 174 32 54 89 85 112 177 62 118 70 46 159 101 137 147 128 5 129 59 61 135 153 19 166 14 176 178 86 42 76 93 60 50 30 115 173 97 40 9 17 77 124 53 48 49 179 96 127 180 7 43 146 170 18 99 134 140 87 151 136 142 88 154 65 131 75 119 24 26 172 73 4 111 149 66 74 35 3 160 90 94 107 80 133 15 22 72 164 51 2 47 138 163 6 120 98 91 162 157 103 123 95 116 8 150 12 16 28 158 11 52 58 168 104 34 109 105 37 144 57 38 143 155 69 126 23 171 
45 41 32 73 103 149 61 65 15 107 151 96 152 172 147 64 55 48 13 101 124 43 75 74 165 169 26 6 167 180 138 173 160 122 155 39 137 93 17 84 80 163 14 29 31 11 112 1 154 21 161 104 129 12 88 114 150 102 136 106 139 171 27 3 153 120 2 159 179 98 97 177 58 81 121 37 135 18 94 132 10 95 116 22 142 91 67 162 143 133 9 28 119 123 77 7 69 62 56 49 146 99 89 30 51 125 34 24 38 175 23 35 145 66 54 70 5 111 79 71 148 130 8 82 46 53 118 52 
46 41 150 147 176 57 77 155 140 32 104 26 87 95 66 83 44 81 133 18 170 145 161 112 65 10 121 110 107 122 166 59 158 106 167 134 103 152 34 80 82 21 117 4 22 15 37 69 171 8 7 73 118 63 38 51 52 88 54 17 177 35 100 180 49 139 172 14 47 43 99 90 30 19 124 131 136 135 16 113 39 28 48 1 61 3 6 173 163 12 179 36 151 72 146 149 84 157 53 76 116 137 2 178 159 85 94 13 175 127 29 62 64 125 23 91 102 60 129 5 119 148 164 9 11 50 40 126 68 162 93 141 25 97 115 169 86 92 156 142 20 45 75 
47 127 104 157 50 119 147 95 117 26 70 52 48 99 111 96 113 146 120 25 140 97 83 180 9 159 177 170 92 163 87 61 154 24 59 75 82 42 57 10 40 63 81 158 58 148 19 60 152 166 79 156 78 23 153 141 4 85 129 101 121 179 36 16 125 165 13 80 68 161 53 94 33 0 124 7 178 15 109 46 5 138 76 123 135 21 22 86 20 136 103 93 149 102 130 62 173 27 100 107 56 44 132 160 162 12 142 171 1 8 112 105 98 169 134 176 175 155 168 31 133 6 41 118 14 89 90 174 30 106 18 144 29 51 139 143 37 116 2 167 108 
48 86 173 157 141 79 134 120 74 162 145 47 63 17 34 111 175 150 90 49 142 5 31 168 159 45 122 102 160 71 165 177 22 153 167 61 97 140 8 2 148 80 87 144 109 30 125 108 176 138 81 95 82 172 20 98 23 21 131 88 69 96 9 93 156 44 174 51 40 14 143 70 149 60 161 57 16 65 19 114 35 163 158 136 38 116 66 89 33 91 151 1 26 154 32 46 76 83 55 117 4 119 104 52 130 133 127 128 50 0 6 139 24 113 92 10 94 85 103 58 41 73 110 27 13 164 147 155 37 135 62 
49 1 83 136 139 145 125 151 40 91 18 43 11 100 124 48 10 115 74 20 159 23 176 152 57 15 114 127 27 123 122 50 3 5 156 120 81 172 107 6 154 55 68 101 62 153 82 180 144 53 30 80 25 60 77 36 146 58 165 173 44 175 26 92 147 160 104 168 46 28 14 13 0 102 66 109 78 148 7 129 128 166 135 96 69 157 94 33 118 76 143 67 121 170 79 130 111 87 12 38 2 119 134 178 70 85 29 63 106 73 137 45 142 177 117 61 161 158 112 22 9 167 163 155 35 4 171 97 21 39 19 108 149 169 84 52 133 99 132 8 56 131 72 42 
50 60 3 152 47 105 96 108 78 91 170 134 40 75 69 59 141 133 58 16 52 92 84 57 19 88 120 12 77 49 37 25 10 118 15 128 111 31 169 125 2 98 112 178 153 148 151 126 73 76 44 94 34 100 131 21 162 121 147 54 167 130 165 90 173 82 114 93 28 33 89 161 39 116 8 135 70 117 80 0 81 155 145 139 122 74 38 35 64 1 23 159 63 102 83 143 51 132 87 138 41 32 110 48 72 79 42 97 6 175 27 22 11 137 129 71 172 163 146 101 66 171 9 164 46 119 61 158 26 144 85 95 62 18 157 150 156 127 176 53 65 140 113 
51 105 140 138 63 179 155 146 160 57 158 77 9 143 175 39 37 65 131 84 170 118 52 30 163 101 35 161 86 10 24 136 22 133 74 113 142 11 168 114 6 150 145 164 27 176 46 123 165 53 108 69 154 167 93 94 48 122 110 42 70 95 54 13 79 139 152 56 38 61 127 43 55 75 144 16 0 128 33 4 50 162 34 81 40 100 149 124 151 15 157 23 156 62 96 44 104 83 177 29 119 26 32 60 141 102 58 171 28 98 45 115 8 66 97 36 129 71 159 116 166 148 1 19 88 12 73 130 180 3 2 21 47 109 85 67 120 153 
52 180 101 139 138 8 62 129 131 63 171 47 3 112 20 80 119 2 65 120 150 89 25 135 18 50 97 164 21 39 64 85 23 51 154 177 92 84 54 11 132 145 58 53 151 99 15 86 14 70 16 96 125 72 153 165 42 30 113 79 103 167 178 57 46 68 7 95 19 88 158 108 121 159 78 152 13 136 163 175 69 93 102 98 38 67 116 142 149 60 34 48 37 40 61 156 94 160 56 71 134 111 41 27 123 115 9 55 29 6 90 107 75 128 174 82 140 1 87 105 162 17 28 59 157 35 118 176 36 10 44 148 66 22 49 43 166 168 155 74 4 32 91 169 45 
53 176 38 98 20 106 89 17 117 28 78 127 172 3 74 34 161 31 90 65 27 91 15 2 152 69 179 73 97 96 144 107 68 4 52 92 124 104 85 32 166 62 41 64 16 155 153 129 134 5 49 67 24 108 87 33 40 174 44 51 81 7 146 137 83 175 178 140 29 26 47 59 70 63 71 94 10 21 77 8 105 148 101 0 25 60 177 99 131 122 130 132 72 75 103 112 158 150 110 109 142 80 125 1 79 46 135 154 139 120 11 156 151 119 19 116 143 18 35 157 111 113 95 55 36 170 93 167 123 37 115 13 45 58 149 50 118 145 
54 91 31 9 55 44 144 157 179 34 111 19 81 79 17 66 110 98 149 176 125 71 133 42 61 166 14 127 164 156 52 11 135 93 122 85 163 0 70 72 113 32 63 154 5 95 13 43 50 24 76 36 158 94 46 89 82 86 84 92 146 62 109 160 168 51 97 20 28 128 107 6 112 101 68 80 1 134 138 165 150 174 130 39 58 87 40 167 159 105 88 104 21 147 10 57 15 143 96 173 142 74 129 151 23 117 25 77 131 114 33 22 78 126 67 136 123 73 145 172 8 45 162 170 118 169 152 175 140 124 103 29 3 75 64 69 37 141 
55 168 131 145 177 118 54 175 174 65 91 162 165 22 31 43 108 78 29 125 163 45 160 73 135 80 173 164 116 14 0 70 97 86 117 38 27 34 102 156 18 71 84 61 21 101 119 92 49 19 106 76 9 6 2 123 111 170 98 99 81 155 93 16 57 17 148 110 41 40 121 94 25 128 32 4 138 37 133 172 109 87 3 39 15 51 130 134 30 149 48 107 144 35 8 66 77 180 140 88 158 52 178 58 90 83 120 13 167 137 150 115 68 159 53 59 132 42 147 143 64 161 7 104 89 74 82 79 85 
56 14 178 158 118 173 9 131 38 100 70 65 136 27 24 13 150 17 155 41 167 21 62 125 61 3 81 32 85 95 142 129 149 111 171 37 0 175 73 74 94 86 63 140 123 165 35 88 59 103 87 146 93 128 133 108 15 164 97 92 64 69 162 26 153 113 170 43 28 51 101 57 7 138 124 126 127 161 18 157 16 163 33 105 122 52 66 135 47 110 104 11 179 119 82 90 19 2 72 40 147 45 102 106 109 168 156 71 23 36 107 166 1 134 160 117 159 137 180 130 114 80 177 29 120 49 174 58 12 
57 119 88 148 69 46 155 174 51 97 102 8 169 121 117 168 163 166 91 93 95 34 94 26 120 50 49 178 114 180 104 22 79 61 100 82 125 162 109 38 127 47 37 16 98 5 167 83 52 55 132 158 103 77 76 87 160 42 48 39 136 90 75 134 35 56 96 65 9 143 108 159 107 113 14 13 133 72 31 85 152 73 11 139 145 144 179 60 33 99 17 54 115 18 36 142 92 40 3 170 138 135 7 128 71 32 176 124 126 84 111 67 122 151 146 147 21 118 171 0 28 6 74 64 29 19 89 15 58 43 59 123 157 62 154 44 68 2 164 4 24 106 130 20 
58 177 35 130 83 37 80 114 164 165 101 154 115 9 134 30 77 93 163 50 1 142 94 21 13 171 119 27 68 52 67 29 169 166 66 79 123 157 23 90 38 117 148 47 116 170 156 138 60 34 97 167 113 86 125 155 49 120 153 6 89 95 145 43 144 159 175 99 69 100 8 85 45 124 161 78 106 102 54 103 147 110 158 2 75 150 131 180 136 84 168 25 10 55 19 122 41 126 22 112 65 129 133 73 51 178 36 71 143 61 173 179 76 7 0 24 48 172 81 82 174 63 96 44 151 70 160 176 98 107 91 74 57 139 132 53 56 
59 23 171 20 69 29 177 13 103 176 8 16 50 143 147 96 133 124 144 82 154 5 168 77 120 94 73 127 3 9 74 64 44 173 47 139 110 95 137 46 108 172 113 61 91 97 129 140 7 99 31 56 90 17 180 162 30 68 132 164 25 2 148 63 160 158 104 37 156 67 159 36 76 117 111 53 123 175 170 161 70 163 138 100 79 86 26 19 118 121 39 179 145 35 34 80 105 62 101 141 136 102 11 115 14 66 84 65 71 135 169 60 142 134 27 109 155 1 150 128 114 78 130 149 93 55 12 146 24 52 178 10 89 122 125 85 72 116 43 107 28 57 0 33 119 165 98 174 42 
60 50 103 160 97 136 86 102 61 19 148 68 100 32 112 124 37 108 87 94 18 71 141 29 143 82 156 2 119 62 131 9 75 180 74 153 31 92 90 126 150 78 44 165 178 170 47 65 58 91 22 49 73 125 101 6 123 147 48 142 26 14 23 109 77 111 83 64 53 93 40 169 24 98 177 38 39 33 140 52 57 157 137 176 115 149 105 88 15 161 129 159 163 51 11 145 155 134 81 110 8 122 59 128 10 172 79 138 28 46 30 164 175 158 116 167 20 4 162 5 3 173 106 179 132 84 67 139 41 35 13 63 171 
61 114 81 177 45 2 180 72 119 77 7 32 178 73 158 60 157 17 134 136 56 25 36 161 147 168 10 149 54 29 44 63 47 66 57 12 48 35 171 43 115 21 55 59 137 104 166 141 176 125 64 118 113 88 169 170 26 133 164 40 123 135 162 107 98 79 110 102 89 154 78 101 132 23 68 75 172 165 28 14 51 151 37 131 94 71 87 167 91 173 153 31 130 144 95 46 122 13 39 179 67 15 9 52 105 22 93 82 138 6 112 156 19 175 99 70 100 126 139 96 58 49 8 127 80 140 124 111 97 5 11 163 50 3 143 145 116 160 152 155 42 90 0 174 150 74 62 
62 78 36 156 120 133 2 52 1 109 87 27 119 68 108 44 26 123 8 4 67 73 117 89 107 146 56 114 152 137 32 33 22 29 131 163 148 141 60 13 99 66 138 177 167 170 53 74 125 118 135 127 49 19 6 103 72 41 84 153 69 106 14 63 142 54 18 96 3 105 179 111 101 113 102 154 136 171 77 92 160 39 165 16 121 90 158 81 51 164 82 122 151 126 47 59 76 70 95 157 15 145 10 150 45 88 139 46 65 128 43 180 9 37 155 28 12 147 42 83 50 23 143 98 93 31 17 20 57 30 11 97 40 7 159 100 48 75 162 178 61 
63 96 145 51 100 157 131 160 4 71 52 127 2 114 164 43 107 22 48 169 123 144 137 176 90 105 19 1 85 116 159 69 133 61 98 140 12 67 25 146 34 65 150 142 74 5 78 27 80 165 180 125 170 138 40 47 173 32 56 54 172 26 3 13 46 179 59 24 118 11 62 72 7 70 84 177 147 148 53 79 14 103 83 23 154 6 135 122 143 126 110 50 124 153 106 158 36 167 115 21 95 89 81 121 175 77 33 15 0 87 8 49 94 97 16 166 117 155 99 156 141 68 18 30 42 58 82 41 149 113 9 20 73 17 128 35 112 66 88 60 29 
64 44 159 166 25 149 72 37 79 15 141 73 150 87 117 43 144 5 41 4 156 45 135 66 69 172 146 85 38 143 59 52 174 168 152 17 131 104 103 86 108 115 154 31 91 28 169 53 61 161 107 35 99 127 140 12 82 177 116 153 83 68 56 125 36 1 122 100 88 112 130 18 123 171 9 60 148 133 50 11 6 180 30 145 10 110 124 106 34 163 94 0 93 109 75 21 77 158 16 39 160 7 120 46 13 98 164 42 147 95 101 165 24 167 2 178 19 55 3 136 57 173 27 126 128 76 71 54 67 8 138 
65 27 45 134 138 36 7 43 160 55 25 137 79 56 2 52 5 171 31 154 172 145 108 51 17 99 16 112 4 46 53 174 23 120 101 1 143 180 110 63 128 164 9 74 158 69 177 103 104 42 81 20 169 60 92 34 105 144 151 106 77 67 100 48 146 83 122 70 22 133 18 166 156 89 91 44 6 28 113 57 130 150 0 96 111 3 135 179 11 115 117 66 157 88 93 148 141 155 107 97 40 129 95 82 178 119 71 127 10 29 58 86 161 168 24 59 73 62 35 78 14 140 175 149 131 159 76 85 116 8 72 98 163 68 132 94 162 75 80 126 21 50 153 
66 126 147 29 6 2 176 81 141 18 46 101 71 32 110 68 123 146 54 64 103 137 159 129 168 73 91 9 20 61 135 90 119 113 89 62 151 27 77 92 171 58 102 42 96 76 33 11 85 43 98 105 34 120 49 48 41 106 17 21 88 173 44 130 166 172 115 121 65 83 40 150 55 56 163 140 134 143 136 154 3 107 28 148 114 104 59 156 124 128 108 13 97 127 179 99 35 24 5 10 51 169 50 95 72 84 118 139 45 117 164 52 112 100 87 79 125 70 142 111 63 22 82 132 131 175 
67 129 168 36 81 79 39 176 97 128 175 62 106 163 137 74 170 116 69 35 136 125 142 100 63 88 107 158 82 25 58 123 7 139 135 89 157 43 18 165 80 148 53 10 155 22 73 166 144 167 121 26 16 111 59 127 38 65 171 76 68 109 173 83 21 130 153 6 120 147 15 102 112 29 124 98 3 110 28 45 14 52 49 156 61 117 172 1 12 134 113 41 138 178 92 103 32 90 131 30 119 143 132 177 4 42 75 162 57 11 54 77 0 93 160 104 5 86 180 23 37 133 126 174 101 31 60 51 94 64 91 141 
68 44 96 139 5 162 172 62 170 73 103 168 132 119 66 43 123 60 179 27 148 147 87 138 58 173 29 81 34 53 104 76 116 101 111 143 49 171 126 3 39 152 107 38 59 31 174 97 149 52 64 20 124 117 90 47 22 99 110 89 80 95 141 82 127 67 140 32 128 61 10 112 54 0 7 78 71 93 72 41 129 70 11 153 36 178 19 135 23 150 158 77 69 122 12 83 177 160 102 118 146 109 136 6 164 86 26 2 105 4 35 17 131 15 115 108 55 121 169 180 63 46 165 92 24 65 151 145 40 57 16 30 175 74 159 167 166 79 
69 86 84 59 57 32 165 115 26 119 8 138 50 96 132 98 14 40 97 64 63 156 67 169 112 80 53 76 154 89 134 155 13 151 25 167 37 7 126 174 125 147 65 141 46 38 145 22 137 91 102 62 48 12 144 127 93 51 146 163 131 56 11 116 158 3 120 117 58 70 10 100 36 83 88 179 52 153 114 82 130 49 17 136 77 101 152 108 68 113 95 122 180 173 150 140 6 15 175 99 109 45 35 139 104 72 87 106 143 111 160 176 39 172 142 33 159 129 124 9 79 123 157 74 29 78 24 71 44 4 54 105 
70 17 96 12 171 137 47 94 3 15 56 77 44 112 149 148 173 26 1 115 174 176 32 82 158 111 27 138 123 86 92 80 55 72 164 38 129 131 18 93 133 89 75 116 20 54 34 100 35 52 4 159 31 81 74 157 6 88 153 13 90 175 83 29 16 177 79 105 160 135 22 106 51 48 63 78 178 73 53 101 154 85 50 65 145 59 151 69 25 28 24 103 147 122 152 68 165 0 121 117 132 124 99 37 141 128 180 136 146 130 114 118 10 62 49 125 19 126 91 30 98 163 140 61 156 110 167 107 11 144 142 40 71 150 170 39 58 127 5 45 172 97 23 2 9 66 102 76 87 109 139 
71 151 35 63 106 133 40 179 17 22 166 41 66 103 155 88 86 3 117 54 153 162 60 138 48 72 85 38 178 43 113 55 128 79 20 5 124 7 123 91 89 74 100 174 11 148 119 95 13 134 31 137 101 154 77 159 99 118 94 21 15 53 173 131 4 125 92 68 126 121 61 108 87 145 170 2 180 52 42 129 115 65 14 25 19 171 8 165 96 110 59 168 58 57 112 50 56 93 97 80 142 16 150 136 26 0 51 34 10 70 167 12 30 149 78 1 120 161 6 176 109 135 24 45 82 144 69 64 164 29 104 18 160 143 140 
72 147 136 43 166 25 150 152 64 10 61 1 11 128 158 168 104 122 3 157 179 126 117 26 88 8 70 180 24 7 71 165 133 38 145 154 121 173 156 39 110 140 54 170 83 52 153 144 118 20 138 62 29 92 146 148 139 76 120 94 34 37 18 114 63 169 85 79 80 78 102 96 142 175 27 174 32 33 68 171 98 16 132 124 57 53 155 167 101 89 4 46 44 99 0 6 106 134 97 116 9 30 50 137 162 164 42 56 69 95 178 176 35 19 127 75 111 66 86 22 90 131 65 17 84 59 149 143 125 105 49 113 93 13 41 40 163 
73 131 130 45 113 133 163 107 4 18 143 64 137 68 61 101 166 148 62 136 160 156 149 55 154 59 95 82 29 66 24 20 155 9 53 2 10 98 127 97 56 75 33 81 92 6 3 50 111 109 176 103 145 139 46 89 106 170 26 40 67 16 60 126 116 43 94 34 22 165 124 21 115 159 32 70 171 12 8 112 142 168 129 37 105 102 157 140 162 141 128 44 14 25 11 77 177 83 38 74 23 153 57 144 135 125 87 147 27 28 88 5 15 58 49 65 99 169 150 85 31 117 54 138 36 35 90 108 48 51 146 172 122 173 63 118 110 80 134 178 
74 85 48 26 76 122 135 78 42 116 5 34 32 87 99 113 133 2 91 53 49 110 67 45 105 59 40 7 108 177 60 120 63 83 51 65 62 80 56 162 125 71 75 6 21 154 96 70 35 19 126 31 136 130 149 28 167 156 179 123 117 178 164 138 92 146 29 142 145 160 43 81 176 50 151 119 13 144 44 147 103 137 16 148 73 150 174 109 157 30 54 20 95 36 115 93 18 165 102 8 168 171 172 155 94 118 161 39 175 134 12 111 57 15 84 4 58 158 11 124 55 128 69 52 101 68 14 61 1 90 112 
75 6 154 14 176 43 50 137 7 100 174 136 26 156 141 111 116 169 36 146 163 77 147 113 76 45 22 138 9 47 139 60 158 155 70 128 73 99 79 74 167 143 127 177 131 90 41 5 20 109 93 108 165 107 115 152 80 151 126 30 89 133 61 57 171 103 8 44 150 51 104 35 132 53 162 37 12 94 125 58 64 3 166 168 159 85 130 13 1 98 148 52 157 145 33 67 124 96 82 153 18 112 135 179 114 172 121 72 170 142 16 0 91 117 160 161 81 173 31 101 110 140 28 21 106 65 144 105 54 29 62 180 97 46 
76 118 163 101 74 149 17 85 110 31 97 13 157 79 99 165 143 75 112 125 69 29 173 117 68 148 106 77 89 88 134 44 167 4 136 50 55 135 28 158 10 164 19 172 132 100 168 129 87 72 175 171 153 54 66 137 22 122 151 127 57 67 59 178 120 121 140 154 3 37 145 160 47 147 42 24 26 34 48 49 98 123 18 111 133 114 161 162 113 62 80 102 126 33 46 177 119 90 174 0 58 91 107 40 2 65 32 124 78 83 81 176 39 141 156 139 15 169 86 179 35 64 70 108 131 93 
77 137 135 14 136 20 46 147 109 70 61 51 167 81 10 58 128 88 177 8 35 3 75 59 32 107 16 84 89 17 50 132 37 156 27 164 66 154 138 76 90 80 78 87 102 141 161 114 174 19 106 175 95 44 49 124 97 5 94 151 93 57 131 22 65 121 103 71 115 165 159 166 92 7 157 168 111 60 53 29 99 24 116 2 125 113 31 110 62 130 79 39 178 142 73 6 148 140 69 134 83 68 12 55 26 15 104 170 18 64 63 96 176 45 91 86 139 0 101 30 126 54 146 150 143 180 67 149 11 43 82 4 133 36 28 153 145 85 98 169 
78 62 152 102 121 44 124 50 117 115 101 74 107 53 148 136 37 146 169 55 174 145 92 88 8 33 159 133 160 126 138 7 95 93 144 63 97 137 147 77 158 163 40 60 113 18 87 4 47 123 143 125 26 129 179 153 110 116 168 156 61 70 79 72 27 175 14 173 36 128 41 22 139 167 52 81 157 6 162 90 49 89 32 68 42 38 17 35 58 131 180 141 130 84 111 114 28 16 1 132 0 176 120 149 108 161 135 10 164 65 103 96 24 54 177 59 142 20 91 104 140 100 165 76 9 170 71 127 2 12 43 109 99 69 83 166 
79 157 35 81 48 67 32 104 64 100 65 156 146 76 39 98 54 135 163 139 26 178 123 137 57 97 107 149 38 71 132 7 106 58 75 136 169 43 165 15 41 42 154 30 160 180 47 52 155 128 130 171 16 10 61 70 138 85 90 72 110 92 78 33 172 140 161 51 134 63 159 168 34 20 87 126 59 91 122 40 77 133 164 29 116 36 113 147 115 12 84 89 88 114 166 5 49 103 175 37 150 143 86 53 21 27 50 176 119 24 151 13 18 6 9 144 127 60 2 158 125 80 108 167 162 0 101 28 105 1 82 112 174 173 25 69 66 45 8 55 68 17 
80 140 16 88 58 179 110 52 81 173 134 149 85 22 116 121 135 139 115 124 165 171 55 98 70 69 120 96 168 18 97 112 166 154 94 170 108 48 100 63 39 74 77 45 46 174 3 67 148 14 49 175 141 41 146 106 129 99 24 17 145 159 180 27 47 83 75 152 12 130 68 72 151 54 50 35 29 158 21 178 109 126 44 15 127 20 53 32 8 59 37 76 1 177 43 114 34 86 92 125 119 101 111 161 160 103 33 169 172 61 136 93 71 82 40 79 155 56 138 11 4 150 91 128 153 26 0 65 73 84 30 
81 12 123 36 4 61 5 79 148 3 109 27 67 114 1 93 66 80 161 134 11 179 151 77 46 133 10 117 54 136 17 9 102 159 19 2 22 124 7 173 56 41 33 30 68 0 169 49 128 119 104 18 118 25 88 141 73 96 158 153 48 70 65 47 147 131 163 165 152 16 97 42 32 116 149 55 121 174 53 23 170 92 84 91 146 150 106 20 87 101 122 89 15 50 78 74 14 126 45 90 111 37 24 175 120 129 51 31 135 62 99 155 86 127 63 6 138 180 60 164 168 100 167 39 142 110 112 154 58 76 157 75 98 85 8 140 178 103 143 176 171 125 
82 95 27 107 21 39 110 172 106 154 126 24 147 136 124 88 175 145 138 163 59 19 103 128 93 70 9 108 96 73 101 43 60 20 97 90 57 67 86 47 125 18 25 123 0 85 157 7 132 46 8 120 48 49 131 113 116 91 64 87 141 50 34 30 54 10 130 15 68 139 40 115 16 161 140 112 146 69 17 31 143 92 162 148 160 177 144 1 179 6 133 156 155 28 62 38 166 105 32 109 65 23 61 56 14 52 151 75 135 37 119 169 80 164 84 11 94 127 117 2 99 137 58 36 79 180 63 168 102 153 77 89 71 13 55 26 170 42 45 66 118 
83 49 5 58 20 43 130 164 22 158 156 46 17 36 14 47 161 106 147 141 167 35 153 15 126 39 135 84 113 94 121 9 74 89 171 180 72 100 99 87 70 64 57 42 21 32 27 124 152 80 53 125 41 26 19 65 90 67 6 63 60 69 97 119 116 110 50 140 174 73 175 48 13 31 77 66 23 114 144 120 7 37 68 51 162 55 155 3 11 38 149 139 112 129 177 108 18 111 157 16 179 143 91 168 2 98 25 29 154 76 163 62 33 102 170 148 173 118 10 150 127 85 92 78 95 12 
84 69 44 122 162 136 13 35 149 152 32 116 139 89 38 165 34 127 156 27 120 30 137 50 51 146 7 134 5 10 77 140 176 91 83 52 41 108 88 130 55 12 123 37 180 99 117 45 93 95 148 11 133 14 62 161 21 85 155 40 150 81 54 63 167 9 105 19 129 168 153 29 6 128 86 33 169 119 135 159 20 143 79 78 3 178 112 144 23 97 58 101 46 92 16 87 0 42 102 115 154 59 151 158 8 17 124 36 145 175 57 18 82 43 125 66 164 94 142 24 72 179 160 74 49 60 109 103 80 126 
85 74 10 39 90 88 92 42 2 160 94 158 151 44 76 17 145 8 80 152 30 95 63 138 105 64 56 52 149 112 144 71 173 118 121 117 54 89 53 82 137 142 35 124 15 43 171 87 180 113 31 38 47 98 22 106 84 146 172 66 72 79 18 70 97 177 148 111 116 58 129 12 1 130 4 128 163 26 40 107 57 86 114 108 7 9 91 75 115 41 49 119 178 102 161 46 120 20 14 48 11 125 21 126 13 122 103 16 73 155 110 65 132 99 140 19 141 3 157 50 81 93 175 59 131 166 164 96 156 170 23 109 51 29 77 168 83 55 34 123 
86 69 48 154 96 97 12 60 112 168 151 146 91 71 25 178 125 70 170 55 119 121 87 30 172 82 94 16 51 64 132 41 44 143 40 167 15 111 131 52 100 22 126 56 180 162 135 109 29 116 157 106 107 18 5 21 58 28 92 54 8 99 102 173 158 11 95 98 39 84 159 59 101 47 163 103 152 85 130 81 149 79 160 32 6 26 115 0 129 124 161 77 65 80 148 33 175 27 4 68 90 139 36 156 35 174 128 118 13 72 155 67 150 110 165 19 138 137 134 2 7 23 179 133 3 46 88 76 31 113 122 147 144 
87 177 107 180 62 16 174 46 172 22 64 3 74 146 163 13 140 170 60 68 124 47 161 135 86 42 94 168 10 2 159 32 145 167 48 133 77 155 154 85 56 117 9 78 83 53 82 76 18 173 21 164 113 175 57 106 89 23 30 128 44 103 81 8 137 39 98 108 7 6 179 79 55 169 61 33 118 90 71 130 41 54 115 37 91 50 73 148 49 36 104 26 1 11 92 151 147 38 139 156 143 84 63 31 114 100 125 116 20 109 69 120 52 123 142 129 162 5 14 93 66 150 157 24 138 152 97 122 158 70 171 35 112 178 28 
88 94 57 85 80 10 164 18 98 138 7 28 82 77 71 133 37 32 24 78 129 50 1 13 41 72 180 5 107 25 67 136 178 84 2 99 81 131 76 123 90 40 177 56 174 155 61 70 144 45 48 124 46 93 150 36 157 105 17 52 163 103 20 176 38 64 101 112 113 44 166 132 3 146 100 69 43 171 66 89 162 172 130 15 149 159 79 54 125 179 16 139 65 153 55 73 106 60 4 117 62 95 127 128 120 169 151 96 97 108 22 6 51 141 35 86 23 121 14 140 63 8 91 21 
89 179 117 159 120 155 8 44 53 9 161 19 52 84 101 122 62 168 135 169 97 152 111 77 42 69 70 66 148 14 85 91 130 83 23 116 123 76 147 71 127 67 154 24 30 149 73 27 0 173 1 54 58 21 13 176 61 68 50 22 110 87 11 75 105 81 65 78 139 5 48 16 171 172 88 92 142 39 129 144 79 72 126 31 93 63 140 3 2 102 12 115 133 17 4 26 153 34 158 167 145 45 175 165 99 35 100 166 107 109 150 43 136 180 47 10 121 59 170 90 98 118 57 82 55 138 178 33 20 18 
90 174 140 120 91 85 134 101 39 27 37 123 26 48 158 63 179 6 121 53 178 18 100 124 151 170 82 8 66 138 36 10 130 9 60 77 122 163 88 58 59 32 42 29 75 33 70 167 40 139 50 21 43 68 147 136 171 79 175 177 28 135 103 83 16 145 57 107 126 162 99 46 78 41 0 11 142 17 125 81 98 87 104 44 165 62 117 132 105 148 7 143 146 38 106 137 144 180 55 67 157 2 12 52 154 56 14 109 76 25 161 86 141 96 22 119 150 15 73 72 47 3 89 97 1 172 19 61 153 95 169 152 129 128 23 74 
91 124 54 3 90 20 160 174 98 50 164 18 169 27 36 55 21 163 49 94 57 86 104 74 121 41 105 129 66 53 178 162 175 84 111 173 89 97 161 43 59 71 31 64 177 5 115 133 153 82 60 179 171 165 69 28 11 39 144 147 42 154 81 125 117 156 2 130 13 30 107 10 9 1 93 65 167 79 134 126 48 127 136 61 137 122 45 34 87 40 19 95 25 85 14 152 159 132 77 70 143 4 157 100 172 142 46 83 44 12 158 76 176 78 145 113 75 118 35 33 151 7 138 32 23 120 149 58 80 109 15 146 123 37 116 16 67 52 88 135 0 114 140 
92 42 26 14 29 113 108 85 139 112 115 9 8 28 41 43 50 149 161 11 18 78 47 172 179 70 166 52 53 37 66 1 55 39 60 73 171 163 111 123 65 72 158 133 138 31 32 143 86 56 96 81 49 74 54 10 155 79 19 77 24 3 121 71 33 16 120 62 23 82 21 89 20 25 153 125 178 145 13 118 100 134 170 87 168 67 84 104 117 154 102 57 164 80 48 107 169 0 165 36 94 141 105 146 152 103 116 156 167 159 157 114 124 68 131 98 34 97 119 46 162 180 130 144 83 93 
93 157 99 134 42 81 98 150 135 173 125 58 9 94 100 105 57 102 132 82 14 30 170 133 174 18 7 128 16 112 146 70 29 164 54 147 106 78 45 23 153 121 84 163 142 10 4 44 175 154 131 56 110 144 75 55 48 69 51 88 138 77 167 50 166 3 168 171 141 20 91 60 25 27 68 33 117 120 162 129 116 160 111 52 143 165 172 155 136 47 101 21 64 97 140 89 65 151 34 61 114 74 39 108 26 179 43 31 41 6 104 71 156 40 80 19 124 158 59 67 109 148 180 85 46 87 118 32 62 119 107 161 53 28 22 122 113 126 145 159 72 115 149 137 12 76 36 92 
94 88 118 122 110 35 162 70 85 105 137 91 114 149 173 163 93 160 107 106 34 166 57 116 15 38 58 172 11 126 140 59 139 119 18 60 153 17 130 152 13 29 148 7 87 108 33 41 86 23 83 117 80 101 141 95 24 56 21 30 12 112 142 104 169 22 151 50 96 54 77 72 113 51 136 73 175 36 155 47 6 71 19 55 53 127 0 100 128 129 170 143 132 135 61 45 165 49 156 44 178 20 138 75 64 31 52 121 134 176 46 63 48 158 115 180 150 144 28 92 74 25 167 82 111 37 145 5 164 40 84 120 9 14 26 8 102 97 65 42 131 124 67 109 123 177 
95 137 82 118 12 47 117 23 143 159 46 20 0 136 119 10 107 57 85 73 6 7 142 56 129 135 59 133 24 39 18 139 141 78 149 154 94 102 157 15 170 147 148 146 48 162 84 125 110 54 21 28 176 115 17 97 77 161 71 43 121 113 52 37 173 9 98 58 68 160 13 51 155 11 38 111 86 138 33 166 2 42 26 19 172 45 61 34 163 128 116 123 145 134 171 91 63 69 108 65 62 74 152 36 5 169 88 156 72 109 44 180 40 114 179 8 64 144 25 122 66 35 53 30 150 1 4 3 50 151 101 96 90 14 83 
96 138 70 63 125 86 68 112 50 157 118 160 134 130 8 69 45 47 13 59 123 18 144 12 6 21 11 109 9 82 99 105 80 53 5 143 38 41 103 166 34 179 156 52 81 113 74 155 66 174 153 39 1 176 48 94 180 31 161 121 14 15 92 30 110 145 44 140 127 164 62 72 132 115 106 128 178 167 101 137 141 57 154 177 168 136 126 116 65 35 117 100 49 146 158 28 172 163 23 51 26 131 152 54 77 120 71 108 75 78 171 61 43 151 90 25 0 4 88 102 17 170 107 24 58 85 139 97 2 150 95 20 175 98 169 122 
97 134 142 115 144 103 154 86 60 143 67 57 76 9 174 178 47 120 138 69 52 41 109 36 129 89 163 105 110 55 118 159 53 82 80 79 160 48 4 123 108 73 116 91 78 16 101 59 157 19 176 44 180 81 95 58 37 77 68 43 56 15 139 122 54 147 175 107 85 2 168 153 25 45 38 113 83 162 98 135 35 165 161 12 171 14 21 8 102 117 156 93 34 84 23 72 65 50 29 132 11 1 33 28 151 63 24 167 141 66 170 30 71 152 31 128 177 51 173 61 88 140 6 5 164 49 90 70 96 94 46 92 22 87 166 62 124 131 17 75 7 
98 119 38 156 20 91 148 53 177 138 88 23 10 168 93 34 166 79 134 140 69 167 54 170 155 144 111 122 130 180 80 63 159 124 173 73 4 141 50 36 172 57 106 7 115 48 174 169 55 85 109 143 31 61 16 35 66 160 95 157 0 112 43 24 1 164 110 45 19 86 149 87 128 72 127 12 179 15 60 90 97 41 67 52 114 163 76 100 152 13 150 42 107 21 129 26 162 125 153 75 70 151 142 17 51 47 64 44 131 137 28 99 83 165 27 29 135 146 139 113 103 154 81 62 30 11 65 89 92 58 6 96 59 77 147 121 
99 93 158 21 139 153 173 174 133 47 74 76 28 162 65 1 18 7 96 156 134 36 170 120 102 62 2 52 130 88 168 84 75 27 149 59 20 13 64 138 83 35 146 11 177 55 171 37 101 147 123 25 80 108 176 135 141 128 68 122 125 166 29 71 44 113 86 5 58 126 105 8 90 46 103 77 160 23 42 53 38 110 34 119 22 143 70 144 43 116 118 132 117 81 72 57 19 14 154 127 109 4 30 9 159 175 121 69 6 142 155 61 73 45 39 89 32 66 24 98 161 111 63 26 85 82 16 107 136 179 12 163 78 164 178 145 140 49 167 112 10 41 
100 6 63 137 44 134 39 31 42 56 75 79 41 7 10 177 93 49 60 109 15 128 90 101 38 32 153 67 3 57 166 122 34 36 80 171 70 112 86 13 139 71 27 83 157 50 76 104 130 118 135 126 65 21 46 156 64 11 24 37 94 14 168 59 58 115 69 88 18 172 102 123 147 96 35 51 98 117 161 146 173 92 110 1 47 178 136 141 176 87 8 91 119 61 148 81 164 154 23 89 25 78 12 143 159 140 4 120 158 29 145 179 125 66 132 152 16 131 2 111 103 113 62 114 163 
101 52 4 24 0 161 90 58 5 76 78 177 38 12 13 73 176 89 66 44 29 115 117 148 45 157 106 156 100 65 82 17 9 51 40 94 55 10 68 7 97 123 49 170 154 22 120 8 32 118 132 108 146 47 99 151 2 3 173 60 121 71 116 42 15 113 25 129 20 163 61 88 178 70 105 16 81 62 54 56 96 53 14 125 162 158 143 141 86 126 124 26 155 166 72 150 69 93 41 43 135 84 59 180 30 37 1 77 172 21 80 119 107 137 18 50 127 134 64 36 103 79 179 6 35 75 33 160 139 164 136 175 67 95 165 140 152 74 130 19 142 167 31 147 
102 78 136 26 138 44 173 114 163 139 28 36 57 60 135 165 22 42 123 93 157 159 81 109 48 14 154 30 111 118 117 158 171 55 122 99 17 169 95 9 35 77 66 142 148 38 113 20 127 164 151 69 149 120 141 45 23 33 8 103 61 1 162 72 86 170 144 146 73 105 62 49 31 168 179 16 100 67 143 52 41 4 50 177 107 58 161 104 2 97 155 7 47 126 15 76 172 89 92 0 59 68 84 85 51 74 56 39 153 108 46 180 96 32 125 83 25 147 82 10 94 176 137 116 13 70 11 112 
103 166 60 106 38 16 45 28 29 97 157 33 59 6 148 123 42 68 146 71 151 149 34 82 66 159 125 17 156 41 136 20 64 23 109 96 135 144 46 8 119 65 161 172 1 108 32 62 56 173 73 170 152 52 168 27 171 140 118 145 57 102 142 105 3 77 88 131 165 31 138 90 127 87 116 174 63 75 99 162 121 70 2 26 167 7 178 24 53 13 58 74 25 128 43 47 86 133 79 104 155 150 40 112 111 37 67 122 22 9 78 139 126 85 18 80 4 44 154 92 39 48 176 101 120 98 10 134 36 163 129 84 81 54 169 113 100 14 117 
104 176 47 130 35 1 119 13 79 108 29 46 11 105 137 34 175 72 133 28 30 173 36 91 24 117 10 178 118 132 27 57 166 122 107 160 151 64 68 171 177 81 172 53 22 61 42 158 31 112 65 115 94 165 149 45 170 6 20 161 100 141 59 179 19 25 49 138 106 109 38 174 146 113 155 75 90 43 140 102 54 136 103 48 32 16 143 87 51 125 33 77 2 92 56 156 157 66 18 21 69 3 144 164 180 93 129 78 8 41 0 67 124 126 134 153 44 163 55 127 159 123 71 152 145 169 
105 51 24 13 50 135 107 146 104 94 174 43 137 120 93 179 63 1 91 85 177 97 115 112 16 74 109 139 18 96 42 106 169 11 121 20 157 131 164 148 143 118 39 30 108 125 65 70 88 171 103 156 66 132 9 134 147 155 110 113 8 84 101 62 89 73 102 32 4 99 31 142 53 159 126 37 129 25 178 124 41 151 5 123 54 90 56 61 158 82 59 141 60 116 172 165 27 14 7 152 21 168 47 127 52 29 68 92 117 12 38 160 176 79 10 163 167 122 44 111 173 72 75 162 34 130 69 
106 136 103 9 29 71 82 160 167 53 38 15 10 26 121 67 94 145 20 83 144 115 123 120 34 150 157 101 16 142 114 178 158 131 42 122 32 165 105 36 172 4 139 93 46 76 19 79 133 137 55 179 138 98 77 166 14 86 73 80 85 3 62 130 40 45 169 128 65 70 134 87 159 135 117 118 81 18 104 96 162 108 13 0 141 116 66 21 146 37 58 107 5 64 63 149 127 43 140 72 90 124 28 154 88 2 49 56 39 113 164 125 69 24 148 176 170 126 33 171 110 7 180 47 60 75 155 173 153 57 22 132 30 11 168 31 35 
107 140 82 105 87 111 73 120 6 160 78 45 63 129 25 170 13 179 95 94 34 62 157 175 162 108 77 156 17 24 122 9 46 118 88 152 104 112 144 67 79 53 49 19 42 0 146 135 132 117 33 114 8 64 68 12 18 86 26 137 153 61 29 35 75 138 16 115 14 97 176 32 143 54 90 91 109 165 15 57 136 5 11 106 102 159 178 141 139 180 44 85 169 55 38 28 147 2 98 125 128 167 65 7 47 66 124 52 92 134 171 164 116 10 101 161 31 76 70 56 89 133 121 177 96 99 148 27 93 131 58 59 22 123 166 40 173 4 37 
108 176 10 92 21 173 50 104 31 62 36 160 9 135 174 158 117 55 4 140 65 116 39 82 107 60 128 13 163 171 139 33 94 74 84 64 146 59 179 97 80 129 164 127 28 130 148 29 48 149 118 103 162 157 124 17 8 132 53 142 101 105 75 56 51 99 18 32 150 120 52 113 138 106 87 43 6 37 57 71 125 133 153 110 69 85 30 155 152 159 95 166 177 154 41 165 131 147 15 78 93 111 96 83 66 121 122 38 102 14 23 79 68 11 88 161 73 1 49 16 143 24 5 22 76 136 172 34 47 
109 25 1 12 81 3 77 62 0 35 124 150 31 135 33 96 97 34 102 100 130 105 110 137 155 9 23 57 103 5 141 48 165 157 123 28 125 73 127 36 86 41 113 156 128 160 152 98 75 14 161 8 149 147 176 159 151 131 15 54 146 2 67 174 60 104 11 47 42 107 158 49 55 177 143 20 80 53 39 169 114 120 21 43 24 117 64 148 74 6 121 99 82 178 69 145 90 138 68 56 87 59 132 27 95 119 115 29 22 179 17 89 93 172 162 13 164 163 118 44 71 91 78 134 154 85 84 51 18 111 122 70 136 94 38 
110 166 32 44 144 94 82 0 17 25 80 29 76 118 39 133 148 38 24 66 143 6 54 74 97 172 177 46 109 176 16 59 155 162 65 120 152 8 128 119 151 26 72 115 127 95 178 36 142 93 15 145 156 34 96 51 61 140 68 78 164 117 123 79 55 89 9 137 129 105 41 20 179 125 21 98 126 13 136 141 4 77 99 175 122 63 83 64 169 67 174 147 53 43 153 5 58 159 108 11 165 139 100 31 50 157 56 112 37 161 71 138 168 124 60 111 167 70 135 2 81 85 173 86 48 106 163 75 30 149 22 7 170 19 116 73 113 180 12 
111 152 4 43 116 131 107 32 47 176 170 48 75 54 6 144 149 41 98 135 70 161 158 21 169 89 102 166 137 142 56 160 147 19 145 134 91 50 118 68 86 20 29 3 136 92 25 73 40 121 177 128 55 119 180 36 120 129 26 22 67 172 23 164 59 146 62 77 95 85 37 60 168 39 122 34 17 141 81 44 93 65 15 78 76 49 113 52 150 103 153 9 154 42 159 112 162 123 139 175 108 126 10 28 163 83 110 7 80 33 57 61 72 30 99 69 155 53 94 133 165 74 45 105 11 156 66 100 16 114 109 127 117 130 
112 115 14 174 173 16 96 19 92 52 34 21 5 132 44 86 147 70 130 2 20 119 60 46 65 23 76 127 105 69 136 168 118 85 93 107 180 137 134 33 80 28 36 37 31 100 171 163 50 131 164 153 94 104 43 13 45 139 149 6 122 12 38 17 32 151 64 98 113 73 0 88 54 68 25 150 82 142 67 116 30 10 1 53 176 11 138 177 84 103 160 145 146 22 170 110 111 83 58 126 61 179 178 47 29 71 75 27 175 49 133 81 157 18 141 156 3 24 66 79 7 161 125 41 39 169 166 63 99 135 102 87 158 40 124 74 120 
113 134 92 73 158 177 169 165 47 138 74 142 159 149 119 75 137 176 30 28 147 115 175 31 145 66 71 83 151 129 59 163 0 123 126 51 54 118 96 166 6 102 78 61 85 109 10 82 114 52 3 58 7 95 24 117 94 18 120 87 101 22 37 4 42 99 136 125 105 112 108 56 144 62 88 150 26 65 77 97 180 1 104 46 57 79 32 29 23 122 15 167 69 76 111 67 157 12 178 39 155 153 34 146 48 11 13 174 106 41 131 19 25 91 168 173 53 98 148 135 171 161 128 164 21 63 156 14 93 16 20 103 43 100 72 143 110 86 121 50 172 
114 61 1 44 141 10 58 102 43 81 147 140 158 63 3 150 174 139 127 39 16 94 32 162 20 146 167 62 130 118 26 126 135 28 144 57 49 106 145 173 19 156 123 171 129 25 77 107 169 160 51 116 34 113 45 27 9 50 72 125 168 128 36 157 48 134 120 23 38 159 15 69 132 153 98 7 177 79 78 109 30 76 85 83 149 70 117 131 18 93 80 115 87 172 31 6 66 166 133 54 138 59 75 161 12 95 14 2 176 178 136 165 92 56 179 42 180 111 100 91 4 11 
115 112 178 28 97 155 69 92 127 78 0 58 152 5 27 171 126 125 70 24 19 49 101 122 80 170 106 105 17 113 151 145 61 21 64 176 12 110 137 91 4 104 3 98 44 95 147 136 117 13 166 130 75 173 107 25 73 77 37 96 9 179 82 142 100 41 172 128 42 16 141 168 150 132 31 79 34 40 87 66 65 32 161 116 160 123 175 121 18 63 60 39 57 22 85 52 177 86 154 71 89 74 8 144 114 156 84 59 14 124 94 36 51 109 167 68 135 11 6 55 43 143 153 157 159 30 119 35 46 129 139 53 15 174 118 93 7 2 
116 8 146 111 139 163 33 154 74 84 177 75 80 94 126 108 178 174 63 28 55 67 159 157 24 136 23 37 158 68 70 97 134 89 123 43 125 10 3 176 114 130 161 169 175 58 86 82 64 22 81 26 179 73 101 39 78 140 30 152 69 50 118 124 5 119 103 147 77 14 48 106 85 168 36 93 112 83 96 79 143 21 128 132 16 117 45 142 52 115 99 27 131 95 138 20 121 72 105 141 31 46 173 127 12 38 148 87 151 107 34 53 25 44 92 167 65 133 166 150 145 51 122 60 1 61 149 59 160 42 2 102 170 110 91 15 41 47 
117 89 43 160 158 18 47 95 78 53 124 175 57 36 39 64 123 167 81 108 62 137 104 71 121 101 72 169 170 102 130 168 55 178 172 133 32 76 85 94 165 1 84 107 122 46 58 2 140 162 87 9 41 125 20 176 164 74 115 113 68 141 136 110 42 106 91 59 150 149 50 69 118 129 33 22 5 93 157 37 96 70 143 24 116 126 23 7 14 161 48 90 67 65 6 100 15 99 97 109 114 173 131 17 27 16 40 92 54 88 128 49 63 138 13 156 180 105 26 73 75 19 56 152 82 30 145 153 25 146 10 66 11 148 29 120 127 111 163 103 
118 76 178 95 94 55 161 56 96 110 8 40 44 30 0 151 37 171 19 36 122 114 174 104 176 142 123 102 107 32 97 51 112 155 50 85 175 81 111 149 146 62 113 25 108 72 61 105 21 101 165 46 22 180 34 63 103 12 100 33 134 160 106 71 35 116 20 140 117 152 169 148 136 172 59 87 133 141 49 147 128 163 99 92 70 4 173 6 15 68 158 135 138 125 24 86 156 74 129 91 13 150 47 143 52 57 27 66 93 124 119 109 89 153 54 83 154 3 5 73 170 144 115 42 23 45 18 132 53 82 
119 98 57 104 47 69 167 4 20 34 123 2 62 52 154 39 61 16 146 159 22 141 95 68 174 112 113 94 172 139 177 130 126 179 58 149 86 66 60 120 12 178 26 140 29 81 157 23 1 142 55 21 125 110 103 9 36 151 18 35 111 71 33 153 27 161 176 28 133 40 116 145 30 24 44 168 74 14 84 83 99 135 17 7 148 147 3 131 164 170 48 5 25 15 31 49 45 65 175 79 85 51 67 56 144 19 76 41 80 150 143 101 100 152 53 82 121 109 162 158 37 46 166 90 173 122 169 127 50 10 93 118 115 137 42 92 0 59 160 156 138 
120 142 62 90 160 29 89 48 161 176 107 165 52 153 47 9 163 105 35 97 84 40 12 57 175 59 106 23 50 128 150 65 2 80 21 99 119 110 155 49 177 141 74 30 41 154 7 82 145 101 121 172 1 111 72 102 18 22 139 113 24 58 144 31 127 152 108 170 43 45 76 114 69 133 124 66 37 67 132 8 15 93 92 131 6 140 26 28 17 81 16 167 109 13 83 129 157 143 78 156 0 55 126 159 96 5 85 53 34 64 136 44 87 88 158 146 33 168 103 100 148 174 94 71 14 91 39 122 171 117 56 51 180 125 112 
121 128 78 138 34 44 145 146 176 154 21 11 57 13 169 106 80 18 91 175 6 90 117 0 46 133 39 32 28 86 19 151 20 148 150 85 83 166 72 31 37 105 93 141 111 170 123 127 50 120 156 22 95 179 81 47 96 67 101 131 144 155 8 77 130 55 76 14 124 52 173 92 4 103 45 142 71 171 153 59 70 168 122 62 66 178 49 115 2 33 63 116 27 109 94 177 163 1 167 29 159 99 43 7 40 164 15 108 119 160 75 147 134 165 137 143 68 24 107 161 89 180 132 10 88 5 35 139 162 36 98 113 
122 26 165 84 94 5 170 38 39 6 74 29 146 162 2 32 72 30 7 89 37 132 25 115 118 48 149 98 151 107 147 104 49 46 106 33 102 100 167 45 54 164 161 174 158 117 90 126 3 22 138 163 112 40 168 123 13 139 43 76 51 64 99 173 97 14 15 4 169 65 81 17 35 12 50 63 111 70 79 110 53 145 127 91 177 121 148 61 125 113 172 23 31 9 68 56 140 62 143 69 142 131 11 24 160 58 19 103 36 60 136 108 85 128 10 41 21 42 178 20 95 119 57 8 137 116 27 59 120 105 179 133 153 93 73 87 18 156 109 96 86 16 180 155 166 130 
123 41 81 21 148 119 137 168 103 20 23 143 62 96 90 172 149 117 63 36 129 102 141 66 68 145 33 171 106 118 70 10 175 79 49 35 97 139 170 82 84 67 113 71 114 89 88 109 163 101 26 58 116 11 56 18 161 169 92 55 121 173 164 78 61 99 51 3 37 74 142 122 138 25 178 60 110 9 135 150 59 64 144 153 156 166 16 28 152 6 47 100 12 34 32 124 76 158 105 174 133 115 95 42 52 151 130 128 45 147 111 157 87 176 44 140 19 24 136 7 54 155 0 29 132 5 69 57 180 104 53 2 27 91 107 43 94 85 1 
124 91 14 169 78 22 157 155 117 109 9 82 59 35 49 29 80 153 60 45 178 2 81 10 90 87 170 39 98 125 166 53 40 11 71 177 85 179 162 12 144 23 180 158 108 127 20 131 44 77 88 27 161 68 83 42 73 151 30 142 47 116 121 1 31 28 120 167 46 56 58 36 105 101 63 175 34 160 67 128 72 70 64 176 32 149 164 123 51 8 37 17 154 165 133 106 145 156 86 107 41 24 66 110 75 115 84 18 0 57 61 132 138 93 76 104 129 147 152 6 92 172 69 174 150 118 74 33 13 54 143 16 146 97 163 26 94 141 38 112 135 
125 96 49 144 3 93 166 115 32 40 28 12 13 55 135 174 56 148 23 54 103 76 86 154 67 24 171 153 9 124 152 11 82 57 163 69 38 119 50 62 63 48 74 52 61 116 168 8 15 109 132 95 37 117 10 78 18 58 60 105 47 30 33 114 64 99 83 145 91 41 127 4 113 158 110 172 128 71 26 77 101 90 5 167 157 108 27 92 35 7 19 141 42 122 29 88 73 53 75 126 107 104 20 161 70 98 80 142 160 46 87 169 85 106 45 118 140 79 84 162 130 2 1 134 133 102 59 100 17 143 129 112 0 66 72 39 25 16 175 81 120 
126 162 10 66 148 33 139 25 142 177 155 41 82 115 21 150 167 116 39 94 72 114 38 135 149 119 12 83 172 78 8 157 179 69 130 113 60 32 86 68 22 122 50 34 74 42 145 178 143 159 73 100 176 141 170 75 129 43 151 110 99 90 14 136 40 79 81 140 105 154 71 91 56 101 9 63 96 152 117 156 169 80 133 89 125 27 62 102 147 76 120 58 146 70 112 4 111 77 174 61 137 85 103 1 57 31 128 54 11 19 164 106 161 175 138 173 46 104 7 0 171 163 127 26 67 6 93 64 158 17 44 65 84 35 23 
127 23 47 154 165 63 29 115 130 5 114 155 158 53 21 177 84 7 33 167 180 160 59 38 34 112 49 151 54 138 131 73 57 43 25 108 2 174 62 89 12 110 75 22 64 109 170 102 124 121 128 69 16 148 39 145 14 1 156 76 67 44 120 162 179 26 168 125 96 68 103 94 8 176 42 40 4 51 98 172 143 91 56 122 163 80 17 3 11 106 173 30 9 81 140 48 99 129 6 15 19 175 37 164 65 159 116 144 46 141 88 79 178 105 161 66 134 72 61 101 133 82 119 0 153 32 152 70 78 41 104 20 126 35 50 83 117 111 132 150 
128 27 24 121 36 175 11 159 1 67 72 19 151 77 129 44 163 177 82 17 108 100 174 8 120 93 178 40 31 134 32 50 65 81 71 7 176 29 140 110 75 13 139 150 132 14 146 165 130 25 21 153 111 109 138 79 56 34 127 147 171 26 106 99 158 22 35 114 133 68 54 87 20 55 78 125 5 96 94 42 84 73 115 98 49 18 116 124 51 85 70 41 103 118 95 142 23 107 48 3 123 15 137 117 52 66 62 57 60 88 122 145 9 59 126 136 135 180 86 97 173 43 148 143 4 144 113 161 80 74 63 64 38 90 
129 67 164 152 40 52 26 0 178 137 141 15 32 107 132 153 167 12 128 123 97 131 91 88 33 66 44 56 95 70 163 113 5 166 138 108 114 59 133 179 20 53 41 173 165 76 45 168 47 43 78 80 111 176 159 151 169 162 8 16 1 101 144 110 126 73 84 157 36 39 94 117 130 177 143 105 68 93 49 85 156 81 180 38 89 171 135 155 170 10 120 22 98 127 65 172 54 71 60 86 145 83 58 50 7 104 87 46 158 160 148 149 147 51 24 134 118 154 19 69 124 136 17 4 3 142 125 115 103 25 90 146 9 
130 15 73 104 58 137 30 21 83 96 134 127 159 112 19 33 114 38 154 144 98 109 119 117 94 168 26 1 145 84 126 99 9 89 90 108 148 131 128 4 116 150 2 169 41 140 74 136 79 50 106 135 100 115 36 149 158 82 121 162 80 64 91 153 31 67 129 164 65 77 69 55 85 53 88 40 54 34 165 87 66 61 78 132 138 146 49 176 86 48 70 47 29 152 123 75 178 155 20 172 5 12 174 0 8 59 25 179 163 125 11 180 56 23 151 37 14 175 173 51 18 35 142 45 3 157 177 92 57 101 105 143 147 122 111 
131 73 19 55 153 36 63 52 149 158 34 111 56 170 6 150 166 23 161 51 129 146 2 164 62 106 70 60 24 64 127 147 154 31 173 12 32 33 86 174 137 88 14 112 130 105 144 162 81 29 82 20 75 43 140 50 124 26 160 93 48 35 133 139 69 121 10 77 172 109 103 180 143 71 40 44 148 179 46 165 37 120 61 53 136 78 156 1 28 167 119 42 116 21 58 96 117 114 169 122 16 25 67 135 108 141 159 11 38 54 163 13 113 98 65 157 68 30 151 152 178 72 0 9 155 85 92 107 100 94 177 49 97 39 76 66 
132 162 37 159 43 135 170 112 129 34 9 69 68 147 158 122 93 148 157 134 104 19 77 17 12 52 86 32 79 174 41 107 29 25 128 82 7 125 173 166 35 76 101 145 59 108 10 161 38 57 167 133 149 105 8 61 168 96 1 160 176 165 88 175 94 120 114 40 72 75 138 53 45 115 116 70 0 164 130 31 28 152 50 90 78 99 169 140 47 171 91 67 14 97 180 109 154 4 156 124 163 85 22 136 15 55 21 39 121 123 65 100 42 60 49 144 106 139 58 179 127 66 118 
133 0 62 170 141 7 73 71 165 143 99 34 136 145 166 110 46 74 104 81 29 59 30 151 161 50 37 20 88 178 63 93 156 54 174 121 35 78 95 14 18 70 117 142 179 72 51 87 162 106 129 33 84 91 23 61 155 175 56 92 131 43 137 6 132 119 171 128 75 22 138 65 4 150 120 55 64 135 8 26 5 9 79 25 39 118 57 82 159 44 123 108 76 126 103 45 48 124 24 12 153 140 89 139 2 32 58 158 172 114 147 127 47 160 112 173 116 107 125 111 27 157 15 149 40 86 19 152 67 122 49 77 163 144 38 13 
134 97 113 15 93 100 48 65 90 96 50 130 141 81 27 143 58 80 147 98 24 155 61 28 84 132 20 99 8 69 128 112 35 151 2 111 25 174 171 116 46 10 76 138 180 53 9 22 162 71 11 166 118 106 105 44 163 114 79 57 29 26 54 3 177 91 33 55 23 176 142 150 42 17 77 39 172 137 18 95 67 136 159 52 92 140 49 72 66 94 34 6 36 60 107 59 47 127 37 38 5 161 121 160 56 101 129 74 125 153 14 145 173 104 86 146 32 103 109 7 73 41 12 21 139 
135 12 141 77 19 105 16 11 132 163 74 169 93 168 153 22 108 102 52 109 33 80 79 160 125 64 89 111 55 114 126 39 145 144 87 162 44 178 66 147 95 83 10 136 7 54 41 8 107 103 36 158 67 62 76 142 167 38 86 176 166 29 61 27 149 130 99 100 70 154 106 123 90 50 157 150 63 133 170 159 47 94 46 49 45 97 119 137 84 0 68 65 129 81 172 73 101 5 15 14 40 56 161 152 34 175 131 53 151 174 173 78 59 82 57 118 25 75 128 110 156 6 115 98 35 1 140 113 148 139 17 43 26 2 71 28 4 48 112 91 124 
136 106 72 167 102 49 43 77 141 84 6 168 34 60 1 75 82 56 133 95 160 29 78 166 81 73 61 163 157 67 112 116 27 103 135 140 169 88 23 21 51 149 79 111 4 76 8 42 14 5 74 173 130 37 115 40 45 94 90 117 3 146 113 7 57 159 48 20 44 110 126 62 52 46 31 107 118 96 154 131 91 179 93 161 47 178 69 152 104 13 174 70 134 58 28 158 139 175 155 59 66 171 100 138 68 162 120 11 122 128 12 80 54 71 123 132 148 18 114 30 89 129 33 64 99 2 101 17 26 24 150 36 108 109 10 147 176 180 
137 95 141 77 2 7 130 15 100 70 155 129 75 123 65 104 28 73 94 22 105 151 156 44 63 29 117 84 67 62 24 66 113 157 37 20 0 12 79 111 140 112 160 59 109 36 152 18 33 31 45 6 61 145 131 78 85 106 142 115 11 8 69 43 5 76 107 161 180 133 71 53 41 149 30 110 27 16 87 96 4 173 164 135 159 169 139 146 91 74 179 134 60 3 143 90 171 72 34 170 46 55 128 25 50 176 1 168 49 153 126 98 101 177 121 56 82 38 154 165 174 122 163 86 144 17 119 138 102 178 10 14 93 
138 96 166 51 52 121 102 65 0 98 88 43 69 38 28 141 113 161 82 97 153 35 167 85 70 75 13 71 68 160 90 164 7 127 78 45 147 15 170 62 129 29 77 139 148 63 23 134 48 26 106 72 145 176 99 162 58 11 128 122 92 9 178 39 123 93 172 79 74 107 163 104 103 3 133 154 6 108 47 55 56 59 143 95 54 173 16 132 174 21 177 36 94 112 34 130 12 50 116 8 14 149 67 180 1 44 41 5 61 81 109 110 136 30 18 57 155 117 118 114 60 168 158 124 157 40 24 73 126 150 91 86 146 80 42 137 10 87 89 27 33 19 119 64 
139 12 171 0 52 9 68 170 116 126 49 92 99 18 156 102 114 84 3 31 80 148 94 149 79 119 105 40 108 158 150 144 59 27 75 123 106 175 95 155 138 128 165 67 25 30 164 24 100 112 73 26 72 90 131 120 122 141 45 97 146 140 5 153 33 51 82 46 172 78 4 50 7 20 89 163 162 166 151 6 137 11 107 167 23 57 180 110 88 19 136 28 48 87 1 32 17 53 133 83 111 77 62 69 103 2 86 61 142 173 154 38 98 15 174 135 21 66 37 96 76 101 115 58 42 47 121 60 132 134 70 
140 51 107 80 90 31 22 114 46 28 11 160 47 98 152 108 87 43 94 6 84 18 63 137 136 48 0 119 128 1 153 72 159 168 59 56 141 64 117 131 172 130 14 151 103 167 178 10 110 139 3 116 53 96 68 79 44 76 118 15 36 73 27 161 82 126 7 42 120 26 83 104 77 38 4 177 60 12 106 93 122 8 55 127 157 132 134 89 66 2 69 133 24 25 169 173 13 70 150 65 52 41 123 61 78 125 162 32 100 23 148 85 97 21 180 146 37 135 179 81 171 75 170 54 99 101 88 164 165 91 142 50 71 33 
141 135 137 48 114 133 136 129 166 134 64 66 138 50 119 75 6 142 8 42 123 4 173 83 9 60 10 13 62 14 34 41 120 95 94 32 98 109 81 17 61 77 11 69 121 140 154 2 169 47 40 82 156 80 153 102 37 147 104 139 28 99 171 144 117 126 68 33 93 179 110 106 96 73 111 151 101 115 167 107 78 16 125 118 70 5 29 24 65 105 59 23 116 131 51 100 127 26 158 97 0 27 92 90 21 38 160 1 112 180 63 85 155 172 46 7 76 88 25 161 3 67 177 124 54 
142 120 97 12 126 158 9 150 31 4 145 8 141 144 153 58 48 35 113 25 147 118 95 56 106 67 163 111 22 42 133 156 21 149 29 63 119 159 160 43 51 85 172 102 171 137 94 93 135 3 108 110 176 179 123 161 62 180 33 32 177 103 60 38 124 73 72 74 44 2 105 115 174 90 26 162 112 40 121 77 134 166 89 45 116 169 53 1 52 128 122 34 54 57 178 152 47 18 146 165 99 98 5 125 49 91 24 59 139 11 87 15 78 14 71 151 81 75 69 70 27 164 7 129 84 41 20 175 148 130 66 46 13 154 101 0 140 
143 39 97 147 95 133 134 16 170 2 73 51 153 59 157 123 110 76 43 64 23 145 3 171 27 65 60 33 24 158 9 96 86 37 68 151 20 180 75 11 30 105 166 14 4 78 126 25 98 21 92 168 48 40 28 144 107 159 155 131 138 29 94 57 63 129 5 101 102 127 82 174 161 109 116 93 154 84 99 117 50 15 179 148 49 45 149 90 35 104 79 167 120 122 32 137 54 66 175 0 87 67 178 91 119 83 58 69 77 53 100 169 121 156 115 172 118 61 55 62 18 19 163 125 128 160 72 108 124 81 47 44 12 113 130 71 
144 159 97 20 19 0 110 31 26 6 54 125 164 147 21 96 59 64 111 63 142 165 145 98 106 130 177 10 38 114 39 135 174 85 107 139 4 53 14 171 3 78 48 11 155 103 124 131 72 49 37 88 173 93 69 91 67 163 121 65 120 141 129 179 158 58 24 143 150 102 123 113 151 172 168 51 74 82 170 15 99 40 61 89 167 169 18 73 55 57 83 84 27 22 90 9 30 162 153 119 115 7 127 12 152 79 104 94 2 95 70 34 50 128 137 47 44 71 133 178 132 41 43 75 118 92 32 23 166 86 
145 63 17 55 121 49 151 48 142 133 7 38 85 153 82 65 173 20 5 144 106 78 123 36 46 143 135 114 115 113 111 130 52 171 87 72 33 137 180 166 12 120 138 9 73 51 69 126 132 29 34 103 110 80 127 177 16 175 96 30 150 125 58 155 90 3 167 74 13 70 76 119 43 23 18 25 50 31 163 179 149 170 148 122 64 71 92 165 59 57 152 41 154 95 112 22 4 28 160 6 124 62 129 60 109 75 146 89 42 15 84 128 8 32 176 91 174 54 94 117 157 116 134 168 156 61 45 100 26 68 99 37 77 93 39 172 104 19 24 53 40 
146 39 116 156 171 121 105 51 119 122 79 47 177 10 103 86 87 75 78 66 114 155 62 84 64 131 166 3 164 93 63 1 26 154 108 12 107 118 128 95 18 56 36 99 72 149 101 80 85 69 49 53 16 139 174 44 54 81 136 74 170 65 109 111 102 38 29 35 88 21 82 104 106 150 137 6 28 96 19 24 159 179 130 158 100 90 70 178 180 46 112 25 13 15 126 142 169 68 113 157 40 145 22 163 27 45 77 50 176 34 31 42 120 92 148 168 5 57 98 59 30 11 140 138 20 117 134 167 172 165 73 0 4 91 41 124 32 7 129 2 
147 72 46 19 66 165 47 77 114 42 143 82 24 144 18 112 59 132 163 39 134 45 10 44 158 148 30 75 83 142 13 61 68 27 122 113 135 31 111 157 153 38 179 28 138 131 9 93 168 154 32 149 167 69 89 78 95 14 0 81 180 26 36 50 115 3 159 35 99 128 91 141 109 90 164 49 151 60 105 8 63 97 25 178 34 116 166 67 70 76 22 177 79 119 74 100 110 6 58 5 118 41 54 43 15 73 107 160 87 126 108 123 173 37 56 133 152 33 176 1 121 64 17 156 129 62 57 16 124 55 161 102 150 2 174 48 20 86 98 130 169 136 171 101 
148 57 81 126 123 25 98 15 103 9 24 78 3 37 110 70 42 180 73 60 147 139 21 101 125 132 68 12 62 170 94 174 121 89 48 76 138 108 5 155 165 130 50 95 102 84 105 149 58 47 80 67 71 72 13 59 127 55 7 34 23 159 63 163 30 177 162 156 85 53 131 64 49 11 40 82 118 145 171 119 10 157 77 122 74 143 90 38 87 109 65 14 160 22 179 66 8 75 116 86 166 6 4 169 168 100 158 16 106 46 146 129 31 136 140 93 113 120 51 135 52 83 107 128 117 36 142 45 41 176 
149 42 36 15 29 45 64 131 0 166 169 76 84 175 162 80 70 94 123 103 111 92 54 113 73 122 139 126 10 61 158 119 85 56 79 170 38 142 95 165 118 23 136 147 167 99 25 108 173 179 11 148 104 164 89 146 112 74 102 81 68 135 163 109 130 132 137 48 39 2 16 37 177 117 98 40 152 157 145 55 44 88 124 51 14 106 154 143 52 150 180 17 114 5 47 86 138 18 46 60 171 21 151 156 83 41 78 3 32 65 174 160 20 59 153 129 77 7 34 71 33 116 63 155 133 49 91 43 72 168 110 31 13 53 93 
150 46 22 43 72 6 41 13 142 114 93 30 23 64 52 168 5 109 131 48 56 126 27 32 18 163 106 159 120 171 169 139 9 2 121 63 180 10 128 60 158 51 130 172 45 170 88 153 108 37 84 145 81 3 21 31 162 123 117 144 0 135 133 113 112 35 26 75 54 65 156 115 146 1 152 134 53 101 7 68 17 166 98 74 149 66 103 79 58 167 178 111 173 69 161 62 33 119 25 157 140 24 94 77 73 174 59 71 90 55 15 14 89 95 44 116 118 70 86 138 147 124 177 87 80 50 96 20 12 11 40 136 83 61 127 
151 37 71 145 85 49 45 26 15 81 128 86 133 137 103 118 3 179 122 172 165 90 127 31 115 134 69 104 113 121 39 25 52 66 143 110 175 50 4 119 94 102 101 140 162 77 19 129 76 43 65 169 147 112 109 124 75 17 174 80 33 44 126 144 70 11 178 74 6 61 141 48 2 155 22 139 105 1 28 24 51 173 27 46 16 62 93 87 123 176 54 20 149 79 135 7 98 84 153 154 82 97 53 116 159 0 96 41 142 152 88 157 5 57 131 91 130 166 58 95 171 68 156 180 36 42 
152 111 78 129 160 50 72 167 39 38 84 115 155 85 45 140 161 24 62 13 180 5 89 49 2 94 53 107 64 172 125 35 168 17 137 110 22 46 175 68 81 47 103 18 0 109 41 34 166 163 83 75 179 120 157 27 6 80 116 162 51 26 118 52 123 149 70 126 150 32 30 16 132 98 86 69 57 20 9 174 136 145 108 96 23 130 135 91 21 95 142 105 153 144 40 42 147 119 177 165 97 92 151 33 7 28 8 117 36 131 124 25 11 170 127 158 61 100 133 156 31 54 87 43 90 101 104 
153 2 131 174 154 27 170 99 21 129 143 135 145 120 5 28 161 142 138 19 124 172 178 71 83 94 17 100 175 125 48 44 147 180 36 60 13 140 93 50 0 171 112 81 166 72 6 53 52 49 25 4 128 70 96 62 91 47 64 33 119 76 141 78 38 107 156 150 160 58 168 179 139 56 45 11 123 130 67 97 84 30 155 69 41 18 176 114 121 68 12 63 92 3 61 110 108 73 23 34 88 22 111 144 8 133 16 113 98 89 151 152 26 75 102 137 43 159 35 15 9 149 158 115 134 24 117 162 127 173 169 104 82 118 14 122 80 77 29 90 106 51 163 65 167 
154 75 86 163 127 153 116 97 82 58 119 121 25 33 155 5 65 1 59 29 31 18 73 130 177 102 125 47 43 160 52 69 39 166 179 131 80 146 77 49 72 0 95 147 30 64 14 120 87 10 74 13 101 79 54 141 93 89 45 178 37 171 164 51 174 71 176 36 135 91 61 23 9 70 76 138 20 44 157 63 8 62 96 22 126 32 136 48 143 7 17 34 149 2 145 40 6 26 42 41 124 99 108 106 115 92 111 53 66 90 16 84 3 161 151 162 169 19 100 132 103 139 15 172 129 83 27 81 137 98 12 168 158 4 109 118 57 165 142 
155 159 115 137 89 57 46 27 51 126 165 124 3 42 152 127 154 71 56 134 11 98 146 158 25 73 156 118 180 69 110 109 120 75 1 139 45 40 13 14 144 148 87 53 96 88 43 133 19 67 79 55 58 84 26 121 168 10 5 92 94 160 105 145 178 95 24 143 50 0 153 176 32 151 104 18 9 101 36 72 93 12 129 82 17 6 103 169 81 102 108 39 65 136 130 113 83 23 173 60 34 99 157 138 166 59 29 74 47 63 85 2 62 179 111 86 80 41 123 35 49 161 131 141 149 61 16 106 15 52 48 44 21 177 122 174 28 
156 20 62 177 44 146 11 98 171 36 139 35 39 79 83 75 137 84 175 73 64 4 5 31 69 133 107 99 101 103 155 60 167 54 55 142 49 77 176 114 72 18 96 41 170 166 174 109 58 180 121 47 141 38 74 48 110 153 127 42 59 172 105 78 91 19 100 123 3 10 65 148 9 24 129 26 150 131 126 94 82 0 67 51 97 52 178 120 87 149 124 104 115 61 66 164 53 95 34 7 70 179 56 86 93 117 135 132 118 15 13 147 63 143 92 112 145 159 157 29 12 169 76 85 152 27 113 50 151 46 111 37 122 32 165 119 
157 93 12 79 48 47 63 29 10 103 96 124 19 54 173 143 76 61 1 102 72 107 106 132 101 136 116 137 147 126 119 36 95 82 170 109 13 97 2 9 58 105 67 100 70 108 86 165 88 152 98 178 114 167 32 77 135 129 154 73 172 8 78 160 149 43 169 117 56 125 4 148 49 164 17 26 27 51 60 7 65 16 120 179 113 140 74 23 46 110 62 90 174 104 123 75 31 166 146 176 91 150 83 175 155 44 131 138 53 151 180 112 115 85 52 20 145 92 81 133 156 30 50 87 69 57 41 130 14 171 159 24 
158 160 1 166 9 170 99 56 117 131 113 114 142 18 85 165 72 51 83 164 127 61 31 29 108 27 132 90 147 70 111 155 17 102 149 139 106 143 67 116 75 2 46 37 25 135 34 65 122 11 104 42 78 81 43 150 47 38 76 124 41 173 163 92 54 57 162 59 128 130 144 28 52 69 125 48 161 86 12 109 80 101 7 40 36 35 53 96 123 39 63 58 68 19 62 146 14 105 174 172 136 8 55 3 64 21 22 0 133 84 15 89 94 118 141 148 30 91 16 49 138 119 120 129 169 79 93 153 60 100 6 50 44 152 154 74 175 168 87 126 180 13 112 32 
159 167 5 64 155 144 8 89 128 132 21 95 20 119 130 44 10 47 102 113 16 38 48 49 81 63 66 103 163 150 116 169 78 165 97 98 41 87 174 172 142 171 140 70 40 18 39 147 6 129 126 80 177 27 109 160 59 161 106 73 71 148 77 36 136 52 45 143 17 58 79 2 105 114 135 57 86 30 50 3 137 84 33 107 179 24 88 54 133 146 110 35 108 134 75 99 60 23 127 9 91 175 111 121 120 46 131 170 34 164 19 153 151 37 7 11 22 65 166 162 0 100 55 14 56 176 69 51 92 180 115 168 156 31 32 1 104 93 62 68 157 28 
160 158 117 152 91 60 120 63 85 13 96 22 106 33 65 107 51 108 140 136 0 94 18 73 20 135 55 127 27 11 48 154 138 104 78 97 137 111 35 4 165 1 45 14 142 114 37 171 42 176 79 109 131 31 59 5 153 19 70 159 168 98 57 118 49 95 155 54 43 132 74 26 10 76 6 99 157 38 161 93 82 62 179 124 44 115 2 112 24 52 8 9 86 147 68 148 145 122 64 178 47 163 32 16 125 80 3 7 17 121 40 149 134 129 69 133 56 105 141 75 67 167 30 58 84 143 61 101 116 119 29 21 28 173 71 166 
161 24 179 118 120 101 81 89 138 14 169 133 172 153 83 152 53 131 92 46 180 111 61 87 38 25 51 21 178 122 91 9 35 39 77 103 64 123 116 84 45 15 95 132 104 8 96 124 171 142 109 137 119 3 159 47 48 50 2 167 79 175 158 59 32 140 82 22 1 160 143 56 58 97 16 5 102 27 176 26 19 166 164 136 117 115 10 76 100 18 125 30 135 60 29 86 150 177 85 65 110 78 154 90 80 7 127 49 33 107 114 134 99 74 165 126 28 108 42 75 121 155 170 147 162 55 13 11 113 93 71 112 12 128 163 41 141 174 34 40 43 
162 126 34 132 5 1 84 173 94 3 68 48 149 55 164 122 114 0 99 107 71 135 91 110 57 42 25 133 74 124 24 95 14 131 22 172 86 108 117 171 59 138 50 174 134 61 151 32 175 177 158 129 6 56 127 38 102 130 152 150 106 31 16 148 27 90 17 103 78 168 73 101 139 142 93 82 97 88 2 176 75 29 21 51 45 9 30 43 76 83 144 98 47 111 179 72 35 136 154 67 19 7 28 52 44 119 166 41 159 140 87 79 125 109 33 153 46 170 161 20 60 54 11 40 36 180 165 65 8 92 15 10 105 121 62 
163 154 76 116 16 73 102 0 135 172 91 58 28 94 147 82 57 167 120 87 75 30 67 55 128 164 150 79 97 171 136 159 108 47 62 142 51 173 170 12 129 125 113 54 18 112 123 45 32 92 21 90 93 78 27 43 3 33 6 81 34 158 10 122 14 1 144 69 149 152 17 138 88 101 8 134 48 15 148 59 52 145 139 11 177 127 86 56 98 85 37 95 46 118 64 5 96 29 42 66 121 160 9 44 179 60 2 39 35 20 70 111 146 168 131 50 24 31 169 132 130 61 83 49 174 26 4 137 23 109 110 126 143 65 105 104 99 36 161 103 133 40 124 100 117 153 72 
164 129 7 88 58 3 91 63 40 83 144 158 162 177 9 22 163 52 55 131 13 70 146 54 138 165 93 14 179 77 172 65 122 108 28 112 15 139 105 43 175 102 76 149 51 168 117 123 61 59 39 24 0 154 56 87 4 74 147 166 110 111 96 174 6 98 35 33 130 25 173 137 23 79 132 124 157 161 119 176 62 44 34 18 29 127 92 72 156 81 78 37 121 68 104 159 32 107 106 2 100 170 64 126 46 82 17 60 50 142 84 10 94 42 97 109 66 85 113 101 48 180 99 20 30 57 178 71 140 
165 122 171 44 39 69 147 31 127 133 58 155 158 120 113 55 84 32 102 76 144 28 80 45 151 48 159 5 164 106 0 160 72 117 149 139 109 63 166 148 174 79 23 128 56 52 67 81 104 60 129 6 118 91 9 50 51 75 157 49 27 47 73 20 103 77 15 24 61 132 1 2 41 107 131 54 10 70 173 97 62 130 177 93 38 94 25 12 13 90 145 110 18 124 108 105 40 74 169 71 142 175 22 92 152 89 121 98 161 78 64 178 137 114 29 86 68 35 111 179 4 162 146 34 33 101 154 59 140 156 43 
166 8 110 138 158 34 103 29 72 64 28 179 149 10 141 20 16 71 133 42 98 125 73 131 136 0 57 180 94 171 175 104 92 111 54 146 100 46 154 44 124 172 80 38 129 19 121 1 9 3 96 53 145 58 165 7 61 113 39 153 176 156 132 106 143 47 15 135 67 152 178 115 134 2 164 99 93 77 123 173 65 88 22 147 14 95 139 6 49 142 170 169 66 101 161 17 150 79 21 24 82 75 108 12 33 40 25 157 18 114 148 174 41 63 155 162 32 119 56 159 89 116 51 151 13 85 167 11 4 52 107 97 112 122 68 144 78 160 
167 159 136 24 19 170 119 152 8 106 77 129 178 13 174 163 117 56 126 21 98 138 114 127 83 176 156 5 175 48 3 122 45 12 69 172 87 86 32 46 62 147 149 0 76 75 135 40 39 57 52 58 74 50 90 140 51 67 30 132 93 171 10 42 161 84 157 145 4 28 96 78 124 25 103 91 26 125 61 141 29 120 72 54 131 139 144 31 113 63 150 143 173 107 121 34 55 36 15 89 18 110 97 2 70 81 11 115 9 79 116 94 177 33 64 92 49 71 160 60 166 146 105 41 53 180 16 35 99 14 68 101 47 153 
168 67 11 55 175 174 0 136 26 98 123 19 170 86 135 150 72 10 68 57 36 7 59 48 89 6 18 176 66 61 112 117 64 80 15 180 130 20 87 152 147 99 31 33 28 140 51 125 38 1 22 164 76 129 103 179 122 5 143 155 114 153 78 160 127 93 49 132 54 73 77 79 97 84 100 111 162 116 102 119 144 96 115 121 2 173 75 92 58 12 37 27 65 105 110 137 71 56 163 148 74 81 17 30 169 177 138 83 47 23 113 146 172 41 120 159 145 4 25 44 82 154 149 8 14 158 52 85 178 106 
169 124 149 37 30 91 135 113 57 63 121 161 75 78 9 39 89 111 117 69 159 150 45 41 136 81 102 58 179 105 50 12 79 64 114 123 94 61 116 65 141 130 98 42 173 172 129 106 28 72 151 15 27 177 22 122 0 60 13 87 157 2 84 118 137 110 166 40 126 142 109 144 38 107 155 132 131 24 140 165 146 43 92 178 95 19 125 59 73 148 7 154 82 47 168 80 158 88 66 163 119 5 143 36 68 8 176 153 18 156 49 25 54 35 46 180 174 76 33 112 90 103 23 20 96 52 104 147 171 77 3 
170 158 167 133 139 153 122 50 131 132 143 68 168 107 111 42 46 26 178 87 115 98 177 47 51 11 93 67 117 86 124 7 17 148 90 99 13 5 163 149 138 24 123 80 1 15 62 34 157 95 27 63 72 30 101 43 173 156 127 121 61 60 39 58 104 103 55 73 10 150 37 81 32 8 44 126 22 120 16 176 146 14 102 59 56 94 135 6 25 145 31 0 144 166 35 174 29 71 49 129 119 92 19 77 112 3 36 137 159 57 18 97 164 75 106 9 20 96 33 38 70 152 161 4 78 89 162 12 171 83 21 140 53 54 85 172 110 116 82 118 
171 59 139 165 20 146 70 9 156 23 52 25 27 115 65 3 5 118 166 29 176 39 123 80 163 21 143 108 150 58 102 125 43 56 42 61 6 104 145 144 11 134 36 66 114 100 33 83 159 112 92 68 8 153 15 142 85 160 46 162 91 76 99 103 179 154 79 161 128 28 141 45 105 40 90 167 133 67 1 180 73 93 13 75 41 64 62 72 121 88 89 148 14 129 97 26 12 95 18 178 30 19 137 149 132 16 136 71 38 47 51 107 96 74 50 37 106 57 35 49 113 126 170 140 120 151 87 17 81 157 31 169 60 147 44 
172 26 10 174 82 40 68 87 42 163 53 8 123 9 65 180 45 161 94 64 153 151 7 119 110 92 41 152 126 2 86 117 166 106 49 164 159 167 59 27 104 142 103 98 162 63 48 32 15 76 38 140 120 39 150 169 13 85 138 21 111 156 131 79 14 61 16 46 125 139 157 35 175 144 55 115 100 44 127 89 118 88 5 0 95 93 66 134 135 122 22 96 67 20 177 12 158 31 29 4 179 102 105 129 24 130 114 23 101 133 36 19 91 178 28 60 50 74 37 75 80 69 154 168 54 58 143 109 3 124 6 141 70 146 90 73 170 43 145 108 113 
173 5 48 112 108 102 162 56 21 12 80 99 39 35 157 93 94 70 104 145 19 37 9 141 55 22 81 10 11 114 59 68 25 76 85 163 98 45 131 91 72 26 63 149 132 170 103 44 123 129 23 158 136 144 177 169 89 101 87 32 50 49 33 115 122 95 0 67 71 86 78 121 166 138 164 36 137 165 66 61 7 6 175 46 178 24 127 151 100 28 13 167 168 34 117 2 47 69 54 150 118 116 147 155 135 140 18 139 58 4 29 42 3 128 119 97 113 133 110 126 134 75 17 153 130 79 83 60 31 64 16 106 73 105 107 176 160 
174 112 90 153 91 168 172 44 55 87 57 2 75 99 114 105 108 97 119 167 70 78 125 39 116 118 16 128 93 133 29 65 34 64 144 178 148 175 159 69 134 132 122 131 0 38 127 165 80 77 88 13 71 156 5 37 40 96 98 6 179 9 162 68 53 81 15 154 48 19 146 180 164 151 109 31 103 72 41 142 104 143 54 3 30 138 83 18 110 170 17 23 123 21 152 136 74 22 158 36 157 26 135 52 130 166 76 126 113 28 20 149 150 176 86 4 145 177 139 58 163 137 120 47 124 79 147 67 169 161 11 61 115 14 155 10 59 56 
175 128 168 34 55 14 24 149 67 117 1 104 51 82 48 30 156 33 16 121 19 120 3 107 166 42 123 153 113 43 91 167 26 174 118 139 56 23 152 151 13 22 37 18 93 116 164 77 80 133 70 76 17 162 7 145 25 49 87 53 94 90 97 59 78 161 58 72 38 6 172 132 52 178 179 110 180 124 81 83 173 4 39 20 176 177 79 115 10 63 35 136 143 127 135 119 99 50 159 69 111 165 46 61 86 157 89 65 47 84 32 112 60 45 74 126 29 130 85 5 142 101 27 54 158 9 96 68 15 125 66 
176 30 108 104 53 9 37 2 75 46 66 120 59 33 121 67 1 111 38 20 101 24 63 70 171 54 49 118 113 168 14 110 167 84 43 44 128 156 32 115 28 61 48 166 116 29 73 97 138 0 160 135 95 117 42 11 96 142 51 129 99 23 119 109 89 154 126 26 88 170 177 107 31 127 10 5 132 74 155 36 153 134 27 162 124 161 112 19 175 130 164 60 78 21 151 79 94 77 137 12 157 100 147 72 57 47 174 146 123 145 34 91 106 69 7 39 105 159 103 22 114 25 52 41 169 76 58 102 71 50 81 173 148 136 
177 58 179 156 61 55 87 59 98 126 31 101 113 44 21 116 100 25 77 146 127 164 47 128 170 105 144 18 154 110 119 6 48 52 27 74 120 104 43 62 33 4 37 124 65 91 17 88 75 32 111 64 0 99 173 26 162 145 70 46 159 9 142 63 90 169 176 149 148 85 22 53 45 15 129 134 96 109 82 163 73 147 60 102 19 165 122 138 3 12 114 140 175 112 172 41 108 51 68 121 115 42 80 10 161 67 76 5 83 2 49 11 152 78 29 168 137 97 167 174 107 34 56 150 13 40 131 20 28 130 39 14 141 155 94 
178 56 115 118 16 32 129 25 12 61 167 97 170 9 116 104 36 90 153 133 86 124 2 5 57 79 39 106 91 135 28 128 174 117 71 119 88 44 14 161 33 50 110 60 154 26 126 52 4 1 138 13 24 74 166 140 123 53 70 76 21 157 101 155 147 47 96 151 175 103 105 77 20 68 11 80 107 94 92 136 121 173 0 84 41 7 171 38 150 42 146 18 67 156 113 55 142 49 130 30 65 160 8 85 109 100 46 34 143 112 169 58 172 127 72 10 122 114 165 17 64 131 59 23 179 81 137 99 144 89 43 19 164 168 87 62 73 29 
179 31 89 177 161 80 166 71 51 43 54 81 107 30 28 90 105 151 72 23 68 92 119 26 53 27 154 147 22 39 133 164 108 126 169 96 5 129 124 149 106 38 91 174 63 171 121 142 47 78 168 116 74 41 104 44 152 153 127 144 110 62 45 12 141 115 6 33 87 131 69 102 145 175 98 36 13 160 25 82 136 65 159 20 143 137 18 146 61 59 42 88 57 46 8 7 157 172 4 10 56 163 24 148 162 112 93 17 32 83 29 156 58 66 16 75 0 2 109 95 1 130 155 15 9 101 37 165 178 100 140 11 84 99 19 86 122 60 76 114 3 132 
180 52 17 4 87 61 13 148 3 172 166 47 127 10 152 161 98 57 88 72 21 35 155 112 168 65 45 153 60 42 150 84 145 63 14 86 18 83 134 143 28 49 20 124 85 59 9 147 6 79 97 156 111 118 96 142 137 80 44 30 174 46 171 131 39 8 27 113 175 64 78 0 107 129 70 38 16 23 139 149 71 55 58 146 69 138 40 90 101 33 81 132 31 41 104 94 102 62 29 117 22 128 95 77 34 43 157 11 141 140 56 130 93 159 68 89 67 121 82 2 106 51 162 15 164 169 167 123 5 151 92 158 114 120 26 122 75 110 136 
