0 57 
0 118 
0 86 
0 130 
0 75 
0 36 
0 155 
0 31 
0 113 
0 64 
0 138 
0 15 
0 11 
0 126 
0 161 
0 163 
0 97 
0 164 
0 51 
0 83 
0 98 
0 23 
1 26 
1 5 
1 176 
1 127 
1 102 
1 136 
1 72 
1 85 
1 16 
1 53 
1 178 
1 133 
1 55 
1 49 
1 145 
1 155 
1 87 
1 134 
1 27 
1 99 
1 61 
1 164 
1 113 
2 123 
2 119 
2 141 
2 153 
2 39 
2 18 
2 65 
2 25 
2 158 
2 32 
2 48 
2 21 
2 73 
2 76 
3 40 
3 171 
3 146 
3 15 
3 145 
3 64 
3 182 
3 139 
3 62 
3 80 
3 153 
3 105 
3 163 
3 141 
3 23 
3 66 
3 71 
3 140 
3 49 
3 13 
3 129 
3 181 
3 112 
3 57 
3 67 
4 45 
4 25 
4 31 
4 145 
4 83 
4 161 
4 69 
4 121 
4 40 
4 24 
4 8 
4 180 
4 147 
4 11 
4 146 
4 54 
4 43 
4 135 
4 167 
4 94 
4 113 
5 111 
5 1 
5 107 
5 130 
5 117 
5 32 
5 126 
5 43 
5 148 
5 140 
5 115 
5 136 
5 172 
5 152 
5 23 
5 92 
5 131 
5 21 
5 10 
6 39 
6 10 
6 92 
6 112 
6 176 
6 116 
6 181 
6 79 
6 67 
6 40 
6 153 
6 85 
7 72 
7 147 
7 157 
7 43 
7 173 
7 87 
7 55 
7 25 
7 22 
7 108 
7 18 
7 176 
7 138 
7 73 
8 72 
8 29 
8 173 
8 15 
8 28 
8 49 
8 37 
8 4 
8 106 
8 108 
8 102 
8 40 
8 38 
8 157 
8 145 
8 51 
8 140 
9 171 
9 103 
9 154 
9 128 
9 104 
9 180 
9 165 
9 91 
9 121 
9 80 
9 109 
9 24 
9 72 
9 162 
9 20 
9 42 
9 23 
9 15 
9 137 
9 125 
9 43 
9 16 
9 166 
9 77 
9 12 
9 183 
9 179 
9 59 
10 117 
10 114 
10 6 
10 20 
10 108 
10 128 
10 171 
10 19 
10 137 
10 41 
10 60 
10 5 
11 174 
11 48 
11 59 
11 81 
11 0 
11 4 
11 77 
11 37 
11 41 
11 55 
11 119 
11 124 
11 78 
11 183 
12 74 
12 114 
12 177 
12 78 
12 18 
12 59 
12 30 
12 13 
12 9 
12 94 
12 54 
13 145 
13 30 
13 122 
13 120 
13 171 
13 40 
13 179 
13 15 
13 65 
13 27 
13 54 
13 168 
13 3 
13 12 
13 76 
13 85 
13 38 
13 185 
13 58 
14 183 
14 116 
14 108 
14 131 
14 146 
14 153 
14 142 
14 123 
14 57 
14 172 
14 22 
14 59 
14 78 
15 159 
15 116 
15 114 
15 155 
15 149 
15 56 
15 8 
15 103 
15 3 
15 142 
15 0 
15 13 
15 105 
15 150 
15 109 
15 77 
15 9 
15 152 
15 45 
15 138 
15 185 
15 107 
15 88 
15 74 
15 101 
15 174 
15 136 
16 42 
16 44 
16 34 
16 38 
16 1 
16 113 
16 107 
16 147 
16 110 
16 9 
16 48 
16 37 
16 98 
17 106 
17 179 
17 148 
17 128 
17 64 
17 132 
17 33 
17 176 
17 171 
17 161 
17 59 
17 77 
17 111 
17 156 
17 51 
17 183 
17 169 
17 127 
17 151 
18 46 
18 74 
18 172 
18 109 
18 179 
18 12 
18 81 
18 128 
18 2 
18 182 
18 168 
18 114 
18 7 
18 158 
18 102 
18 32 
18 175 
18 152 
18 52 
18 82 
19 183 
19 86 
19 31 
19 52 
19 134 
19 170 
19 40 
19 42 
19 155 
19 44 
19 24 
19 142 
19 184 
19 10 
20 54 
20 30 
20 53 
20 98 
20 10 
20 45 
20 99 
20 146 
20 166 
20 78 
20 63 
20 9 
20 55 
20 91 
20 113 
20 122 
20 154 
20 82 
20 128 
20 57 
20 68 
20 100 
20 142 
20 157 
21 147 
21 156 
21 95 
21 152 
21 158 
21 49 
21 163 
21 53 
21 102 
21 117 
21 29 
21 2 
21 167 
21 64 
21 5 
21 140 
21 83 
22 175 
22 167 
22 125 
22 40 
22 154 
22 103 
22 172 
22 176 
22 59 
22 7 
22 168 
22 138 
22 64 
22 14 
22 82 
23 92 
23 43 
23 174 
23 114 
23 46 
23 161 
23 167 
23 40 
23 180 
23 9 
23 3 
23 5 
23 65 
23 147 
23 0 
24 83 
24 91 
24 163 
24 139 
24 156 
24 87 
24 125 
24 39 
24 72 
24 4 
24 9 
24 19 
24 27 
24 37 
24 70 
24 28 
24 142 
25 44 
25 4 
25 152 
25 36 
25 56 
25 65 
25 144 
25 173 
25 97 
25 7 
25 87 
25 169 
25 82 
25 185 
25 158 
25 2 
25 168 
25 79 
25 119 
25 66 
25 69 
25 59 
25 29 
25 154 
25 128 
25 175 
26 1 
26 88 
26 51 
26 93 
26 156 
26 116 
26 171 
26 109 
26 53 
26 170 
26 75 
26 155 
26 163 
26 40 
26 72 
26 185 
26 153 
27 72 
27 142 
27 127 
27 130 
27 24 
27 86 
27 13 
27 51 
27 71 
27 93 
27 131 
27 66 
27 1 
27 160 
27 185 
27 49 
28 169 
28 54 
28 175 
28 8 
28 162 
28 83 
28 167 
28 182 
28 183 
28 117 
28 125 
28 144 
28 62 
28 59 
28 24 
28 53 
28 178 
29 94 
29 53 
29 8 
29 31 
29 137 
29 101 
29 83 
29 44 
29 170 
29 182 
29 160 
29 55 
29 21 
29 171 
29 90 
29 25 
29 33 
29 73 
29 91 
29 62 
30 52 
30 148 
30 160 
30 13 
30 20 
30 48 
30 109 
30 71 
30 165 
30 103 
30 12 
30 69 
30 136 
30 83 
30 40 
30 90 
30 91 
31 60 
31 92 
31 163 
31 181 
31 19 
31 179 
31 32 
31 81 
31 82 
31 0 
31 4 
31 85 
31 44 
31 29 
31 166 
31 50 
32 146 
32 45 
32 31 
32 144 
32 43 
32 64 
32 5 
32 63 
32 72 
32 125 
32 120 
32 149 
32 157 
32 53 
32 65 
32 77 
32 2 
32 18 
32 93 
32 112 
32 91 
32 44 
32 167 
33 139 
33 39 
33 70 
33 41 
33 118 
33 17 
33 135 
33 67 
33 57 
33 137 
33 108 
33 55 
33 183 
33 113 
33 100 
33 145 
33 180 
33 173 
33 56 
33 109 
33 29 
33 115 
33 89 
33 182 
33 92 
34 145 
34 16 
34 90 
34 54 
34 168 
34 131 
34 93 
34 46 
34 81 
34 96 
34 123 
34 140 
35 160 
35 170 
35 52 
35 49 
35 113 
35 72 
35 130 
35 168 
35 53 
35 128 
35 124 
35 38 
35 63 
35 50 
35 163 
35 176 
35 104 
35 138 
35 95 
35 75 
35 134 
36 82 
36 129 
36 125 
36 93 
36 25 
36 0 
36 64 
36 95 
36 152 
36 124 
36 147 
36 165 
36 119 
36 149 
36 57 
36 71 
36 184 
36 139 
36 77 
36 111 
37 85 
37 45 
37 106 
37 75 
37 60 
37 178 
37 126 
37 8 
37 119 
37 99 
37 24 
37 11 
37 59 
37 78 
37 16 
37 154 
38 88 
38 144 
38 86 
38 154 
38 148 
38 135 
38 133 
38 142 
38 84 
38 16 
38 94 
38 40 
38 93 
38 8 
38 155 
38 35 
38 108 
38 130 
38 13 
38 168 
38 137 
39 6 
39 33 
39 141 
39 73 
39 165 
39 125 
39 24 
39 2 
39 171 
39 72 
39 124 
39 181 
39 103 
39 119 
39 161 
40 3 
40 162 
40 145 
40 129 
40 181 
40 19 
40 13 
40 22 
40 169 
40 43 
40 4 
40 23 
40 148 
40 138 
40 38 
40 71 
40 8 
40 178 
40 77 
40 30 
40 151 
40 6 
40 26 
40 133 
40 122 
40 157 
40 102 
40 59 
40 136 
41 132 
41 76 
41 33 
41 60 
41 147 
41 46 
41 86 
41 106 
41 72 
41 55 
41 134 
41 184 
41 166 
41 100 
41 11 
41 92 
41 10 
41 98 
41 67 
41 69 
42 107 
42 16 
42 160 
42 166 
42 47 
42 161 
42 19 
42 101 
42 132 
42 72 
42 139 
42 9 
42 150 
42 148 
43 173 
43 142 
43 23 
43 56 
43 170 
43 131 
43 32 
43 7 
43 72 
43 5 
43 151 
43 40 
43 4 
43 9 
43 152 
43 176 
43 89 
43 122 
43 141 
44 25 
44 83 
44 82 
44 161 
44 16 
44 67 
44 57 
44 31 
44 77 
44 174 
44 185 
44 29 
44 89 
44 19 
44 121 
44 158 
44 152 
44 32 
45 32 
45 4 
45 138 
45 37 
45 167 
45 20 
45 141 
45 160 
45 115 
45 146 
45 123 
45 15 
45 182 
45 131 
45 151 
45 178 
45 140 
46 18 
46 70 
46 49 
46 23 
46 166 
46 55 
46 139 
46 51 
46 41 
46 104 
46 52 
46 34 
46 141 
46 65 
46 110 
47 84 
47 88 
47 82 
47 177 
47 173 
47 145 
47 42 
47 132 
47 140 
47 165 
48 117 
48 77 
48 30 
48 155 
48 11 
48 174 
48 157 
48 136 
48 167 
48 164 
48 171 
48 103 
48 177 
48 74 
48 97 
48 2 
48 16 
48 146 
48 125 
48 151 
48 138 
49 122 
49 46 
49 35 
49 8 
49 21 
49 163 
49 87 
49 111 
49 1 
49 3 
49 96 
49 27 
50 67 
50 178 
50 62 
50 89 
50 183 
50 107 
50 133 
50 31 
50 118 
50 73 
50 111 
50 35 
50 77 
50 86 
50 122 
50 174 
51 170 
51 70 
51 26 
51 134 
51 52 
51 145 
51 146 
51 175 
51 57 
51 46 
51 94 
51 144 
51 173 
51 86 
51 27 
51 103 
51 17 
51 8 
51 0 
51 116 
51 84 
52 30 
52 19 
52 129 
52 70 
52 108 
52 35 
52 51 
52 183 
52 168 
52 85 
52 87 
52 46 
52 99 
52 18 
52 141 
52 123 
53 29 
53 166 
53 20 
53 171 
53 99 
53 122 
53 75 
53 185 
53 58 
53 169 
53 1 
53 21 
53 88 
53 32 
53 35 
53 103 
53 175 
53 144 
53 26 
53 159 
53 106 
53 158 
53 28 
53 163 
53 66 
54 20 
54 152 
54 136 
54 56 
54 166 
54 28 
54 34 
54 119 
54 111 
54 120 
54 146 
54 13 
54 77 
54 164 
54 4 
54 75 
54 12 
55 152 
55 150 
55 72 
55 174 
55 153 
55 46 
55 7 
55 155 
55 33 
55 41 
55 106 
55 20 
55 1 
55 141 
55 29 
55 11 
55 130 
55 77 
55 60 
55 116 
55 90 
55 182 
56 43 
56 123 
56 140 
56 15 
56 54 
56 25 
56 112 
56 133 
56 150 
56 33 
56 101 
56 183 
56 67 
57 76 
57 0 
57 172 
57 144 
57 102 
57 79 
57 65 
57 167 
57 44 
57 51 
57 108 
57 33 
57 68 
57 72 
57 36 
57 107 
57 82 
57 131 
57 118 
57 74 
57 60 
57 20 
57 14 
57 69 
57 3 
58 74 
58 86 
58 106 
58 65 
58 70 
58 53 
58 85 
58 94 
58 146 
58 61 
58 163 
58 122 
58 113 
58 13 
59 116 
59 158 
59 144 
59 120 
59 12 
59 77 
59 11 
59 109 
59 22 
59 96 
59 152 
59 131 
59 62 
59 114 
59 37 
59 129 
59 183 
59 66 
59 17 
59 115 
59 28 
59 139 
59 94 
59 176 
59 65 
59 25 
59 14 
59 40 
59 9 
60 31 
60 84 
60 80 
60 41 
60 101 
60 138 
60 185 
60 37 
60 170 
60 68 
60 105 
60 83 
60 178 
60 61 
60 57 
60 158 
60 145 
60 10 
60 177 
60 55 
60 127 
60 78 
61 75 
61 86 
61 80 
61 66 
61 136 
61 185 
61 62 
61 139 
61 131 
61 91 
61 120 
61 58 
61 146 
61 60 
61 1 
62 126 
62 94 
62 50 
62 142 
62 109 
62 141 
62 106 
62 3 
62 61 
62 128 
62 59 
62 168 
62 111 
62 28 
62 130 
62 162 
62 29 
62 156 
63 109 
63 171 
63 95 
63 32 
63 100 
63 164 
63 20 
63 148 
63 126 
63 167 
63 35 
63 78 
63 149 
63 70 
64 165 
64 170 
64 36 
64 154 
64 84 
64 180 
64 32 
64 0 
64 17 
64 114 
64 3 
64 116 
64 89 
64 22 
64 147 
64 124 
64 177 
64 140 
64 163 
64 85 
64 94 
64 76 
64 21 
64 179 
64 141 
65 185 
65 75 
65 57 
65 58 
65 78 
65 25 
65 134 
65 138 
65 2 
65 13 
65 170 
65 32 
65 46 
65 23 
65 160 
65 59 
65 178 
65 143 
65 157 
65 83 
65 152 
66 61 
66 157 
66 73 
66 155 
66 172 
66 177 
66 71 
66 132 
66 3 
66 59 
66 27 
66 25 
66 173 
66 53 
67 50 
67 181 
67 130 
67 163 
67 93 
67 44 
67 82 
67 33 
67 126 
67 139 
67 70 
67 136 
67 6 
67 127 
67 68 
67 161 
67 142 
67 41 
67 56 
67 3 
68 80 
68 122 
68 76 
68 60 
68 57 
68 152 
68 115 
68 67 
68 20 
68 130 
68 136 
68 145 
69 124 
69 95 
69 115 
69 116 
69 149 
69 141 
69 107 
69 108 
69 4 
69 99 
69 30 
69 163 
69 168 
69 170 
69 25 
69 57 
69 41 
70 165 
70 129 
70 51 
70 46 
70 176 
70 137 
70 33 
70 136 
70 52 
70 183 
70 58 
70 67 
70 108 
70 87 
70 134 
70 104 
70 153 
70 160 
70 159 
70 158 
70 24 
70 127 
70 135 
70 117 
70 73 
70 122 
70 185 
70 94 
70 118 
70 86 
70 63 
71 174 
71 89 
71 30 
71 161 
71 182 
71 162 
71 134 
71 149 
71 66 
71 145 
71 141 
71 40 
71 27 
71 81 
71 183 
71 3 
71 75 
71 36 
71 173 
71 132 
72 27 
72 8 
72 7 
72 55 
72 43 
72 1 
72 142 
72 32 
72 24 
72 170 
72 35 
72 78 
72 82 
72 42 
72 9 
72 41 
72 39 
72 57 
72 155 
72 117 
72 114 
72 26 
72 81 
72 101 
72 94 
73 182 
73 170 
73 144 
73 39 
73 103 
73 123 
73 113 
73 150 
73 66 
73 162 
73 119 
73 180 
73 99 
73 50 
73 70 
73 104 
73 142 
73 96 
73 7 
73 29 
73 2 
74 12 
74 18 
74 58 
74 183 
74 94 
74 174 
74 143 
74 48 
74 149 
74 164 
74 57 
74 170 
74 181 
74 161 
74 15 
74 168 
74 144 
74 130 
75 84 
75 90 
75 61 
75 65 
75 0 
75 53 
75 97 
75 82 
75 37 
75 154 
75 156 
75 121 
75 157 
75 26 
75 152 
75 185 
75 71 
75 54 
75 35 
75 117 
76 57 
76 98 
76 41 
76 81 
76 68 
76 84 
76 164 
76 88 
76 174 
76 96 
76 83 
76 13 
76 64 
76 173 
76 116 
76 2 
77 98 
77 48 
77 44 
77 91 
77 59 
77 124 
77 141 
77 81 
77 15 
77 11 
77 54 
77 40 
77 17 
77 32 
77 50 
77 86 
77 36 
77 9 
77 55 
77 134 
78 177 
78 181 
78 12 
78 65 
78 137 
78 115 
78 72 
78 171 
78 89 
78 20 
78 132 
78 112 
78 84 
78 167 
78 37 
78 105 
78 127 
78 128 
78 63 
78 14 
78 11 
78 176 
78 60 
79 108 
79 57 
79 120 
79 185 
79 134 
79 164 
79 173 
79 97 
79 148 
79 6 
79 25 
79 89 
79 126 
80 68 
80 60 
80 152 
80 122 
80 61 
80 9 
80 154 
80 3 
80 176 
80 123 
80 150 
80 160 
81 31 
81 76 
81 136 
81 18 
81 152 
81 11 
81 77 
81 71 
81 34 
81 72 
81 112 
82 36 
82 44 
82 47 
82 163 
82 138 
82 31 
82 75 
82 67 
82 72 
82 150 
82 178 
82 25 
82 169 
82 136 
82 57 
82 157 
82 20 
82 141 
82 18 
82 22 
83 24 
83 44 
83 93 
83 173 
83 158 
83 4 
83 126 
83 29 
83 28 
83 60 
83 128 
83 30 
83 119 
83 87 
83 156 
83 76 
83 0 
83 65 
83 160 
83 21 
83 143 
84 60 
84 47 
84 75 
84 38 
84 162 
84 91 
84 64 
84 76 
84 137 
84 107 
84 113 
84 78 
84 176 
84 148 
84 143 
84 121 
84 51 
85 37 
85 141 
85 96 
85 86 
85 101 
85 179 
85 31 
85 1 
85 94 
85 52 
85 118 
85 58 
85 176 
85 112 
85 64 
85 13 
85 97 
85 6 
86 38 
86 158 
86 19 
86 136 
86 119 
86 124 
86 0 
86 61 
86 85 
86 58 
86 41 
86 51 
86 27 
86 77 
86 50 
86 70 
87 164 
87 105 
87 180 
87 24 
87 132 
87 119 
87 7 
87 129 
87 52 
87 25 
87 70 
87 49 
87 128 
87 83 
87 1 
87 168 
88 38 
88 26 
88 103 
88 47 
88 153 
88 95 
88 100 
88 76 
88 119 
88 91 
88 53 
88 102 
88 137 
88 115 
88 101 
88 15 
88 139 
88 156 
88 149 
88 171 
88 123 
89 154 
89 50 
89 71 
89 149 
89 184 
89 136 
89 78 
89 64 
89 44 
89 128 
89 176 
89 79 
89 124 
89 109 
89 141 
89 122 
89 43 
89 33 
90 75 
90 120 
90 100 
90 34 
90 176 
90 98 
90 30 
90 96 
90 29 
90 108 
90 55 
90 150 
91 93 
91 167 
91 24 
91 165 
91 145 
91 84 
91 148 
91 9 
91 143 
91 77 
91 153 
91 88 
91 61 
91 20 
91 139 
91 106 
91 30 
91 32 
91 29 
92 31 
92 23 
92 110 
92 6 
92 135 
92 184 
92 113 
92 140 
92 183 
92 41 
92 120 
92 173 
92 5 
92 105 
92 106 
92 129 
92 33 
93 91 
93 165 
93 115 
93 138 
93 36 
93 101 
93 83 
93 133 
93 67 
93 150 
93 26 
93 169 
93 132 
93 135 
93 114 
93 38 
93 34 
93 161 
93 27 
93 118 
93 32 
94 29 
94 62 
94 121 
94 105 
94 74 
94 38 
94 51 
94 85 
94 58 
94 173 
94 59 
94 4 
94 64 
94 182 
94 70 
94 12 
94 72 
95 69 
95 21 
95 96 
95 156 
95 63 
95 163 
95 160 
95 141 
95 88 
95 36 
95 135 
95 111 
95 148 
95 35 
95 151 
96 85 
96 97 
96 95 
96 164 
96 133 
96 76 
96 59 
96 176 
96 183 
96 147 
96 90 
96 34 
96 125 
96 73 
96 49 
97 96 
97 123 
97 158 
97 75 
97 79 
97 25 
97 113 
97 176 
97 48 
97 0 
97 148 
97 85 
97 156 
98 156 
98 131 
98 76 
98 149 
98 143 
98 20 
98 77 
98 153 
98 90 
98 157 
98 182 
98 169 
98 183 
98 41 
98 163 
98 0 
98 16 
99 138 
99 174 
99 53 
99 180 
99 20 
99 151 
99 69 
99 168 
99 37 
99 154 
99 104 
99 73 
99 52 
99 185 
99 135 
99 1 
100 110 
100 153 
100 90 
100 88 
100 63 
100 143 
100 41 
100 33 
100 20 
100 119 
101 103 
101 93 
101 60 
101 85 
101 185 
101 29 
101 42 
101 178 
101 116 
101 156 
101 179 
101 114 
101 162 
101 56 
101 88 
101 15 
101 72 
102 57 
102 126 
102 1 
102 109 
102 172 
102 88 
102 112 
102 21 
102 8 
102 18 
102 130 
102 128 
102 40 
102 154 
103 101 
103 170 
103 88 
103 9 
103 185 
103 177 
103 15 
103 73 
103 178 
103 162 
103 22 
103 30 
103 161 
103 48 
103 53 
103 154 
103 51 
103 39 
103 169 
103 107 
104 119 
104 9 
104 113 
104 111 
104 148 
104 109 
104 46 
104 70 
104 140 
104 99 
104 185 
104 120 
104 35 
104 73 
104 155 
105 87 
105 110 
105 183 
105 111 
105 94 
105 15 
105 60 
105 141 
105 3 
105 167 
105 78 
105 161 
105 180 
105 92 
105 184 
105 118 
106 17 
106 171 
106 119 
106 58 
106 107 
106 37 
106 141 
106 170 
106 142 
106 62 
106 41 
106 55 
106 116 
106 8 
106 136 
106 159 
106 160 
106 53 
106 91 
106 92 
106 134 
107 108 
107 42 
107 5 
107 118 
107 121 
107 106 
107 160 
107 149 
107 69 
107 161 
107 16 
107 50 
107 167 
107 84 
107 57 
107 15 
107 178 
107 114 
107 103 
107 145 
108 107 
108 79 
108 152 
108 137 
108 156 
108 176 
108 181 
108 52 
108 142 
108 10 
108 120 
108 168 
108 57 
108 69 
108 14 
108 33 
108 117 
108 184 
108 70 
108 177 
108 7 
108 8 
108 163 
108 139 
108 38 
108 161 
108 90 
108 165 
108 129 
109 63 
109 144 
109 18 
109 30 
109 102 
109 112 
109 59 
109 9 
109 104 
109 62 
109 15 
109 149 
109 26 
109 89 
109 33 
109 118 
109 152 
110 119 
110 105 
110 92 
110 181 
110 100 
110 157 
110 155 
110 176 
110 142 
110 16 
110 46 
111 5 
111 118 
111 147 
111 105 
111 155 
111 149 
111 104 
111 170 
111 54 
111 95 
111 62 
111 164 
111 49 
111 17 
111 50 
111 36 
111 135 
111 123 
112 114 
112 176 
112 149 
112 56 
112 109 
112 6 
112 102 
112 78 
112 175 
112 85 
112 81 
112 155 
112 181 
112 3 
112 32 
112 140 
113 120 
113 121 
113 0 
113 181 
113 104 
113 35 
113 92 
113 73 
113 153 
113 97 
113 16 
113 127 
113 154 
113 33 
113 84 
113 20 
113 58 
113 4 
113 1 
113 147 
114 112 
114 15 
114 12 
114 23 
114 10 
114 64 
114 134 
114 93 
114 116 
114 59 
114 18 
114 139 
114 101 
114 151 
114 72 
114 156 
114 107 
115 93 
115 69 
115 124 
115 78 
115 5 
115 123 
115 45 
115 159 
115 68 
115 59 
115 128 
115 88 
115 33 
116 15 
116 59 
116 138 
116 14 
116 69 
116 26 
116 64 
116 134 
116 167 
116 101 
116 146 
116 106 
116 114 
116 6 
116 120 
116 51 
116 55 
116 76 
117 48 
117 154 
117 10 
117 5 
117 108 
117 140 
117 28 
117 160 
117 21 
117 70 
117 72 
117 174 
117 151 
117 75 
117 131 
118 0 
118 111 
118 107 
118 33 
118 183 
118 136 
118 184 
118 149 
118 85 
118 179 
118 57 
118 50 
118 93 
118 109 
118 70 
118 165 
118 105 
119 152 
119 110 
119 86 
119 2 
119 174 
119 104 
119 162 
119 179 
119 106 
119 166 
119 176 
119 133 
119 87 
119 54 
119 88 
119 173 
119 73 
119 130 
119 37 
119 36 
119 83 
119 25 
119 11 
119 131 
119 39 
119 120 
119 184 
119 140 
119 100 
120 151 
120 90 
120 155 
120 144 
120 113 
120 59 
120 146 
120 13 
120 79 
120 108 
120 32 
120 54 
120 61 
120 116 
120 165 
120 104 
120 92 
120 119 
120 147 
120 172 
121 152 
121 126 
121 94 
121 159 
121 107 
121 113 
121 9 
121 172 
121 158 
121 136 
121 132 
121 4 
121 75 
121 149 
121 135 
121 44 
121 165 
121 84 
122 49 
122 13 
122 178 
122 161 
122 68 
122 168 
122 127 
122 80 
122 53 
122 158 
122 169 
122 164 
122 173 
122 20 
122 58 
122 70 
122 50 
122 89 
122 40 
122 43 
122 170 
123 56 
123 2 
123 164 
123 97 
123 73 
123 115 
123 179 
123 45 
123 14 
123 34 
123 158 
123 80 
123 111 
123 88 
123 52 
124 69 
124 144 
124 86 
124 176 
124 152 
124 115 
124 157 
124 77 
124 36 
124 180 
124 64 
124 158 
124 35 
124 160 
124 39 
124 89 
124 11 
125 36 
125 128 
125 145 
125 143 
125 22 
125 39 
125 24 
125 32 
125 28 
125 153 
125 9 
125 96 
125 178 
125 48 
126 62 
126 121 
126 102 
126 5 
126 83 
126 67 
126 37 
126 0 
126 145 
126 157 
126 164 
126 63 
126 79 
126 133 
127 1 
127 122 
127 27 
127 113 
127 151 
127 136 
127 70 
127 67 
127 78 
127 149 
127 17 
127 60 
128 125 
128 176 
128 17 
128 9 
128 18 
128 182 
128 157 
128 134 
128 10 
128 148 
128 62 
128 160 
128 173 
128 83 
128 35 
128 89 
128 87 
128 161 
128 115 
128 20 
128 78 
128 102 
128 25 
129 70 
129 36 
129 130 
129 52 
129 40 
129 87 
129 59 
129 3 
129 92 
129 108 
130 129 
130 145 
130 67 
130 0 
130 5 
130 149 
130 27 
130 159 
130 35 
130 119 
130 142 
130 102 
130 62 
130 38 
130 68 
130 174 
130 55 
130 164 
130 74 
130 168 
131 98 
131 184 
131 43 
131 167 
131 14 
131 135 
131 34 
131 61 
131 59 
131 142 
131 57 
131 45 
131 27 
131 119 
131 180 
131 5 
131 117 
132 41 
132 168 
132 146 
132 138 
132 169 
132 145 
132 17 
132 87 
132 121 
132 42 
132 93 
132 134 
132 66 
132 78 
132 135 
132 71 
132 47 
132 173 
132 139 
132 149 
133 150 
133 151 
133 182 
133 38 
133 93 
133 156 
133 119 
133 96 
133 50 
133 56 
133 1 
133 184 
133 134 
133 137 
133 40 
133 126 
134 143 
134 159 
134 51 
134 19 
134 163 
134 79 
134 65 
134 171 
134 116 
134 128 
134 71 
134 132 
134 114 
134 70 
134 41 
134 156 
134 133 
134 1 
134 106 
134 148 
134 35 
134 77 
135 38 
135 153 
135 148 
135 92 
135 33 
135 138 
135 95 
135 141 
135 174 
135 93 
135 131 
135 165 
135 137 
135 121 
135 180 
135 4 
135 70 
135 132 
135 99 
135 111 
136 86 
136 54 
136 70 
136 158 
136 118 
136 1 
136 81 
136 182 
136 61 
136 48 
136 121 
136 142 
136 89 
136 5 
136 127 
136 180 
136 67 
136 30 
136 106 
136 82 
136 177 
136 68 
136 40 
136 15 
137 108 
137 70 
137 169 
137 140 
137 29 
137 78 
137 179 
137 33 
137 173 
137 84 
137 182 
137 135 
137 88 
137 9 
137 133 
137 10 
137 38 
137 171 
138 99 
138 45 
138 132 
138 93 
138 116 
138 151 
138 82 
138 141 
138 60 
138 0 
138 135 
138 65 
138 140 
138 157 
138 22 
138 185 
138 40 
138 7 
138 15 
138 160 
138 35 
138 48 
139 33 
139 172 
139 161 
139 24 
139 164 
139 46 
139 67 
139 3 
139 42 
139 61 
139 114 
139 91 
139 59 
139 108 
139 36 
139 88 
139 165 
139 132 
140 56 
140 137 
140 138 
140 5 
140 148 
140 167 
140 181 
140 92 
140 117 
140 104 
140 64 
140 3 
140 176 
140 34 
140 119 
140 8 
140 178 
140 47 
140 112 
140 21 
140 45 
141 142 
141 184 
141 85 
141 2 
141 39 
141 149 
141 138 
141 95 
141 106 
141 69 
141 45 
141 135 
141 62 
141 77 
141 105 
141 71 
141 3 
141 55 
141 46 
141 82 
141 175 
141 89 
141 52 
141 43 
141 64 
142 43 
142 141 
142 38 
142 27 
142 183 
142 167 
142 108 
142 72 
142 62 
142 106 
142 15 
142 136 
142 19 
142 130 
142 131 
142 110 
142 14 
142 24 
142 73 
142 67 
142 20 
142 165 
142 182 
143 134 
143 98 
143 148 
143 125 
143 176 
143 91 
143 100 
143 171 
143 74 
143 163 
143 84 
143 65 
143 156 
143 83 
144 38 
144 177 
144 124 
144 57 
144 59 
144 170 
144 120 
144 73 
144 32 
144 109 
144 25 
144 51 
144 153 
144 53 
144 28 
144 158 
144 74 
145 13 
145 34 
145 130 
145 40 
145 125 
145 91 
145 132 
145 4 
145 51 
145 47 
145 3 
145 179 
145 157 
145 170 
145 71 
145 126 
145 33 
145 161 
145 1 
145 147 
145 60 
145 183 
145 8 
145 68 
145 107 
146 32 
146 154 
146 132 
146 3 
146 120 
146 185 
146 51 
146 20 
146 159 
146 14 
146 182 
146 116 
146 54 
146 45 
146 4 
146 58 
146 61 
146 148 
146 162 
146 48 
147 21 
147 7 
147 111 
147 163 
147 41 
147 164 
147 16 
147 36 
147 4 
147 64 
147 96 
147 145 
147 165 
147 152 
147 23 
147 120 
147 113 
148 151 
148 30 
148 38 
148 17 
148 143 
148 135 
148 91 
148 104 
148 5 
148 140 
148 128 
148 182 
148 40 
148 165 
148 79 
148 63 
148 84 
148 95 
148 146 
148 42 
148 97 
148 134 
149 98 
149 157 
149 15 
149 112 
149 141 
149 69 
149 151 
149 111 
149 107 
149 89 
149 32 
149 130 
149 118 
149 71 
149 121 
149 109 
149 159 
149 36 
149 74 
149 171 
149 127 
149 63 
149 88 
149 169 
149 132 
150 133 
150 55 
150 174 
150 93 
150 154 
150 73 
150 15 
150 82 
150 183 
150 157 
150 42 
150 56 
150 177 
150 80 
150 90 
151 155 
151 148 
151 133 
151 120 
151 138 
151 149 
151 99 
151 43 
151 127 
151 166 
151 40 
151 45 
151 114 
151 158 
151 95 
151 17 
151 48 
151 117 
152 119 
152 54 
152 121 
152 108 
152 55 
152 80 
152 124 
152 25 
152 21 
152 81 
152 36 
152 183 
152 178 
152 59 
152 68 
152 170 
152 15 
152 75 
152 43 
152 5 
152 44 
152 18 
152 147 
152 65 
152 109 
153 135 
153 88 
153 55 
153 100 
153 2 
153 113 
153 91 
153 3 
153 144 
153 183 
153 98 
153 125 
153 70 
153 14 
153 181 
153 180 
153 6 
153 26 
154 146 
154 38 
154 89 
154 117 
154 9 
154 64 
154 150 
154 22 
154 75 
154 80 
154 113 
154 181 
154 99 
154 103 
154 20 
154 160 
154 25 
154 37 
154 102 
155 158 
155 151 
155 15 
155 120 
155 166 
155 0 
155 111 
155 110 
155 48 
155 66 
155 55 
155 178 
155 19 
155 26 
155 72 
155 38 
155 1 
155 112 
155 104 
156 98 
156 21 
156 108 
156 95 
156 24 
156 133 
156 180 
156 26 
156 75 
156 134 
156 176 
156 101 
156 166 
156 17 
156 83 
156 114 
156 88 
156 97 
156 179 
156 143 
156 62 
157 149 
157 7 
157 124 
157 110 
157 48 
157 128 
157 66 
157 160 
157 145 
157 138 
157 167 
157 32 
157 150 
157 75 
157 174 
157 173 
157 126 
157 82 
157 98 
157 8 
157 65 
157 40 
157 20 
158 155 
158 86 
158 59 
158 97 
158 182 
158 169 
158 83 
158 136 
158 177 
158 183 
158 122 
158 21 
158 121 
158 170 
158 162 
158 18 
158 25 
158 70 
158 44 
158 2 
158 124 
158 178 
158 165 
158 144 
158 60 
158 123 
158 53 
158 151 
159 15 
159 134 
159 166 
159 121 
159 181 
159 146 
159 130 
159 115 
159 149 
159 53 
159 70 
159 106 
160 30 
160 161 
160 35 
160 42 
160 95 
160 107 
160 45 
160 162 
160 157 
160 29 
160 128 
160 70 
160 117 
160 124 
160 170 
160 106 
160 138 
160 154 
160 65 
160 27 
160 80 
160 83 
161 181 
161 139 
161 160 
161 122 
161 44 
161 23 
161 4 
161 174 
161 42 
161 71 
161 107 
161 103 
161 17 
161 183 
161 145 
161 0 
161 93 
161 128 
161 105 
161 67 
161 108 
161 74 
161 39 
162 40 
162 119 
162 84 
162 103 
162 169 
162 28 
162 160 
162 71 
162 73 
162 158 
162 9 
162 180 
162 172 
162 62 
162 101 
162 146 
163 31 
163 24 
163 67 
163 82 
163 95 
163 147 
163 134 
163 171 
163 178 
163 21 
163 164 
163 179 
163 49 
163 3 
163 69 
163 58 
163 143 
163 26 
163 0 
163 64 
163 35 
163 108 
163 98 
163 53 
164 87 
164 123 
164 174 
164 96 
164 139 
164 76 
164 79 
164 48 
164 147 
164 63 
164 163 
164 182 
164 122 
164 175 
164 111 
164 54 
164 74 
164 126 
164 0 
164 130 
164 1 
165 70 
165 93 
165 64 
165 91 
165 9 
165 39 
165 30 
165 184 
165 36 
165 148 
165 135 
165 120 
165 158 
165 147 
165 121 
165 139 
165 118 
165 108 
165 142 
165 47 
166 159 
166 53 
166 155 
166 119 
166 42 
166 46 
166 54 
166 168 
166 20 
166 173 
166 151 
166 41 
166 31 
166 184 
166 174 
166 156 
166 9 
166 171 
167 91 
167 181 
167 45 
167 57 
167 180 
167 22 
167 142 
167 23 
167 48 
167 131 
167 28 
167 140 
167 116 
167 157 
167 107 
167 78 
167 105 
167 63 
167 4 
167 21 
167 32 
168 132 
168 122 
168 108 
168 52 
168 166 
168 22 
168 99 
168 34 
168 35 
168 18 
168 62 
168 13 
168 69 
168 25 
168 74 
168 87 
168 176 
168 38 
168 130 
169 28 
169 137 
169 132 
169 158 
169 93 
169 162 
169 40 
169 122 
169 25 
169 53 
169 82 
169 98 
169 17 
169 103 
169 149 
170 51 
170 73 
170 43 
170 103 
170 144 
170 35 
170 64 
170 19 
170 106 
170 72 
170 60 
170 111 
170 29 
170 158 
170 145 
170 152 
170 65 
170 26 
170 160 
170 74 
170 69 
170 122 
171 182 
171 9 
171 3 
171 63 
171 53 
171 106 
171 13 
171 163 
171 17 
171 26 
171 39 
171 134 
171 78 
171 48 
171 10 
171 143 
171 29 
171 149 
171 166 
171 176 
171 88 
171 137 
172 57 
172 139 
172 18 
172 175 
172 121 
172 22 
172 66 
172 102 
172 5 
172 162 
172 14 
172 120 
173 43 
173 8 
173 47 
173 83 
173 79 
173 7 
173 25 
173 176 
173 51 
173 119 
173 137 
173 166 
173 122 
173 128 
173 157 
173 94 
173 33 
173 66 
173 92 
173 71 
173 132 
173 76 
174 99 
174 23 
174 71 
174 164 
174 119 
174 55 
174 150 
174 11 
174 48 
174 161 
174 44 
174 76 
174 74 
174 135 
174 157 
174 166 
174 117 
174 50 
174 130 
174 15 
175 22 
175 172 
175 51 
175 28 
175 164 
175 53 
175 112 
175 141 
175 18 
175 25 
176 112 
176 70 
176 1 
176 124 
176 108 
176 128 
176 119 
176 143 
176 17 
176 22 
176 173 
176 6 
176 110 
176 90 
176 96 
176 7 
176 85 
176 84 
176 156 
176 97 
176 80 
176 89 
176 140 
176 35 
176 43 
176 59 
176 171 
176 168 
176 78 
177 144 
177 12 
177 103 
177 47 
177 78 
177 158 
177 66 
177 108 
177 48 
177 64 
177 150 
177 136 
177 60 
178 180 
178 122 
178 50 
178 103 
178 163 
178 182 
178 37 
178 101 
178 155 
178 1 
178 152 
178 82 
178 40 
178 60 
178 158 
178 65 
178 125 
178 107 
178 140 
178 45 
178 28 
179 17 
179 31 
179 119 
179 13 
179 18 
179 85 
179 137 
179 118 
179 145 
179 123 
179 163 
179 101 
179 64 
179 9 
179 156 
180 178 
180 87 
180 167 
180 156 
180 9 
180 64 
180 99 
180 4 
180 124 
180 23 
180 73 
180 162 
180 136 
180 135 
180 33 
180 131 
180 153 
180 105 
181 161 
181 31 
181 67 
181 167 
181 159 
181 108 
181 40 
181 110 
181 78 
181 113 
181 140 
181 154 
181 6 
181 153 
181 74 
181 39 
181 3 
181 112 
182 171 
182 73 
182 133 
182 158 
182 136 
182 128 
182 178 
182 18 
182 71 
182 3 
182 29 
182 28 
182 146 
182 148 
182 164 
182 137 
182 45 
182 98 
182 94 
182 142 
182 55 
182 33 
183 19 
183 14 
183 105 
183 74 
183 118 
183 142 
183 158 
183 70 
183 52 
183 152 
183 50 
183 92 
183 33 
183 150 
183 153 
183 28 
183 161 
183 59 
183 71 
183 96 
183 98 
183 17 
183 145 
183 56 
183 9 
183 11 
184 131 
184 141 
184 118 
184 92 
184 165 
184 89 
184 108 
184 19 
184 41 
184 133 
184 166 
184 36 
184 119 
184 105 
185 65 
185 103 
185 146 
185 101 
185 79 
185 60 
185 53 
185 44 
185 61 
185 138 
185 25 
185 15 
185 75 
185 104 
185 99 
185 70 
185 13 
185 26 
185 27 
