0 75 115 98 59 7 91 23 102 79 67 38 42 73 118 12 45 101 39 103 110 62 43 
1 113 73 126 89 4 93 37 96 125 3 55 48 124 101 29 81 44 110 87 33 70 6 118 
2 29 77 100 78 85 66 99 74 57 105 12 67 25 113 36 112 50 86 104 71 88 115 98 19 106 28 118 69 89 39 119 70 
3 120 29 24 45 79 71 1 50 14 19 94 53 36 48 52 76 
4 68 12 26 102 51 116 62 1 75 78 69 96 122 61 87 24 48 118 66 25 94 57 18 90 
5 33 47 118 37 50 126 76 89 121 49 119 58 128 120 73 109 78 96 38 28 105 70 68 21 8 
6 121 79 43 115 125 122 40 29 107 48 106 63 18 8 12 62 52 19 116 86 65 82 25 45 13 96 1 54 117 
7 61 77 99 0 57 76 75 72 78 121 43 122 54 56 30 35 59 24 16 21 91 100 123 38 60 
8 58 11 66 122 73 89 27 32 81 6 71 105 79 77 19 123 125 112 5 
9 80 14 101 56 122 60 20 25 35 43 39 55 107 13 105 84 52 28 58 71 81 24 59 92 112 
10 123 128 104 26 103 106 58 51 118 33 27 48 110 113 85 13 127 19 93 42 30 117 56 
11 121 101 110 14 8 17 69 105 12 58 79 103 67 20 31 127 61 89 53 126 19 124 48 39 62 
12 4 117 30 16 67 23 2 11 38 6 29 62 120 128 46 52 0 99 42 22 113 47 27 92 32 86 
13 71 118 107 17 14 104 40 99 9 69 90 29 55 41 10 123 35 83 70 6 67 91 26 95 45 
14 76 58 9 11 52 67 23 13 31 83 98 75 107 126 113 69 48 40 3 46 24 123 115 37 51 72 25 44 
15 67 110 21 115 122 60 90 88 118 47 26 59 18 42 33 91 125 55 71 32 73 87 106 86 57 114 52 
16 12 67 63 18 111 53 19 84 24 7 29 104 71 127 99 85 52 
17 124 78 101 11 24 13 128 32 44 99 97 63 105 104 
18 27 90 93 30 68 107 43 16 109 115 6 95 41 26 66 15 24 80 98 91 4 124 89 64 19 103 106 34 84 
19 100 128 90 127 104 88 24 113 16 105 6 2 3 11 8 10 49 70 119 18 20 71 
20 124 31 34 94 69 9 58 52 90 56 77 65 11 75 110 96 83 76 53 109 25 24 19 116 
21 75 73 15 60 107 104 115 103 119 49 31 29 124 83 86 7 126 97 24 46 5 85 101 
22 123 118 103 87 100 56 122 52 121 70 40 72 53 105 29 61 30 26 12 88 97 39 74 90 67 37 66 
23 67 78 54 0 113 14 44 91 122 12 66 112 81 60 110 97 64 31 47 35 70 128 62 76 58 24 
24 57 98 123 3 59 102 17 96 70 19 116 122 119 40 51 67 16 35 7 18 14 30 4 21 86 9 20 109 124 28 23 
25 92 79 9 2 122 47 83 119 125 124 6 89 46 115 113 78 4 52 93 114 103 20 14 57 72 48 69 
26 4 103 114 113 74 10 112 106 91 52 15 73 127 50 47 61 18 22 44 99 51 13 53 
27 93 18 78 86 72 36 122 121 89 120 92 46 8 75 67 105 109 10 115 111 95 118 87 12 45 52 74 43 34 
28 110 65 107 56 95 59 88 37 96 112 57 75 113 114 5 73 99 9 87 103 84 42 92 2 32 60 104 102 128 24 
29 2 34 3 37 122 6 84 59 21 12 16 1 22 13 108 69 57 117 38 80 85 93 58 
30 96 48 18 12 95 73 125 118 41 94 111 7 99 22 24 75 109 40 10 122 123 114 92 
31 20 124 42 92 14 128 55 45 66 21 76 23 11 63 74 90 115 40 100 82 123 81 
32 64 123 86 46 84 103 111 98 8 82 40 127 17 52 35 53 69 57 120 15 67 81 28 68 74 37 72 108 12 118 99 116 
33 5 126 50 65 108 68 43 41 10 106 66 78 77 118 114 57 15 52 86 70 99 81 116 91 1 97 
34 51 29 61 20 102 76 63 80 120 66 38 122 71 105 73 112 62 114 88 27 18 
35 98 76 48 105 73 9 47 127 7 32 24 101 23 58 109 13 89 52 54 85 56 122 
36 117 84 79 70 80 27 65 128 127 2 78 54 77 107 122 101 3 63 110 121 72 53 82 69 
37 77 62 5 115 105 59 29 1 99 125 73 28 57 41 104 86 102 14 120 100 22 32 87 52 64 
38 74 87 89 53 112 85 95 44 12 0 34 5 63 123 99 50 70 119 81 88 122 29 45 52 7 67 51 46 
39 102 70 110 99 65 118 47 112 9 61 50 126 59 78 71 120 101 125 107 92 98 43 22 122 49 58 109 0 2 84 11 
40 55 121 66 6 45 13 22 98 100 32 94 24 89 96 62 124 78 14 75 122 109 116 51 31 105 123 83 67 30 111 107 72 80 
41 46 90 126 98 80 88 86 30 33 62 37 63 81 18 109 47 106 13 127 76 
42 48 60 31 107 92 73 121 68 106 65 71 79 58 45 0 109 15 81 63 12 28 96 10 64 70 
43 107 74 94 79 6 18 7 59 33 83 9 88 121 93 105 65 120 39 61 45 89 0 73 87 27 
44 53 110 127 23 61 126 119 38 93 112 17 1 26 111 104 125 88 14 
45 3 127 31 40 58 104 109 42 83 82 119 47 52 123 0 49 6 38 124 43 27 76 94 13 115 
46 41 122 62 32 102 27 121 119 58 61 73 96 74 118 14 12 126 100 21 25 67 127 83 66 65 52 38 60 111 
47 5 123 59 39 35 101 25 15 56 23 26 41 57 45 65 12 116 119 90 118 63 
48 66 42 128 30 35 92 127 6 118 125 74 1 10 14 96 67 82 4 93 3 114 25 11 
49 84 123 112 121 55 101 5 89 85 21 75 114 82 66 53 78 45 64 19 39 51 91 
50 80 33 5 83 107 100 56 75 2 39 26 90 98 126 74 82 116 3 38 92 73 91 
51 34 117 70 4 74 10 24 71 96 61 59 54 125 40 127 100 122 14 75 26 49 38 81 
52 61 14 123 86 63 22 20 64 26 32 78 124 65 6 105 9 33 58 85 12 45 3 92 27 38 25 35 100 37 46 15 16 117 
53 44 77 110 114 38 59 128 125 102 16 96 22 69 101 32 49 3 11 98 105 20 36 58 26 84 
54 23 80 83 127 7 56 107 36 128 99 51 70 73 58 98 90 114 69 35 112 104 96 6 
55 49 40 122 102 127 111 31 116 9 96 1 77 56 13 15 66 90 69 
56 89 9 110 22 28 7 54 50 61 102 59 47 127 20 107 58 109 55 64 93 71 62 82 103 104 35 115 10 
57 24 84 60 80 7 75 79 2 65 101 90 91 37 28 33 122 111 47 94 113 126 29 32 124 4 15 25 
58 75 124 14 78 8 82 127 81 109 73 20 10 46 80 120 5 106 45 11 71 42 125 56 68 52 35 54 9 122 39 85 66 53 23 29 
59 75 0 53 24 90 37 47 82 43 28 67 56 29 7 39 51 87 15 85 72 101 65 9 
60 126 42 57 108 89 21 9 15 72 123 61 23 96 80 73 124 113 84 121 122 28 95 7 46 
61 7 117 34 125 102 52 75 44 99 126 60 56 39 86 46 91 51 4 82 26 22 73 11 120 43 69 87 115 70 
62 37 46 4 99 109 91 66 105 89 104 128 41 12 6 40 116 125 81 118 95 100 101 23 68 56 0 34 79 69 11 
63 76 100 111 52 91 16 6 34 79 41 108 94 38 66 31 87 42 70 36 124 99 47 65 17 
64 32 52 23 94 122 56 97 49 119 42 105 18 37 
65 81 33 70 96 128 28 36 57 39 78 75 42 52 43 66 20 105 122 47 6 74 69 104 59 46 113 63 84 106 
66 48 72 114 124 102 8 112 2 118 62 23 40 82 90 31 106 34 33 65 49 18 63 84 103 125 4 119 55 58 22 123 46 
67 15 23 109 14 16 12 2 0 91 27 59 24 11 100 48 116 80 32 46 13 40 83 22 127 38 
68 4 99 113 18 109 97 33 42 78 83 114 92 119 111 100 75 58 5 62 32 108 
69 96 11 20 109 4 128 13 101 14 53 125 75 98 108 29 32 120 54 61 65 55 2 80 25 36 62 119 
70 108 39 36 51 89 65 86 91 24 93 22 72 97 94 123 23 54 77 38 33 5 63 78 13 113 19 104 1 61 42 2 
71 107 13 125 78 3 58 42 51 2 112 34 8 39 89 16 15 56 9 19 
72 66 95 27 119 105 7 60 104 117 126 76 91 22 70 85 111 75 59 108 112 110 14 109 36 106 32 40 25 127 114 94 
73 21 122 1 76 8 111 58 42 35 30 102 37 91 26 46 5 100 60 105 128 117 28 54 0 61 121 34 50 124 112 101 15 43 
74 38 43 85 26 2 101 117 96 51 113 121 87 48 46 50 125 109 105 31 65 22 77 32 27 
75 58 97 21 0 59 116 57 7 61 4 65 27 14 88 50 49 77 119 90 28 20 40 68 72 69 30 83 94 51 127 
76 63 87 14 35 90 82 7 5 73 114 34 72 124 78 122 31 86 110 41 20 3 89 121 23 126 45 
77 7 95 53 37 2 75 100 20 33 36 55 70 112 8 127 105 74 124 111 
78 27 17 23 58 2 104 71 7 65 95 68 4 36 113 115 98 76 52 33 86 39 5 40 87 49 25 70 118 128 126 
79 36 114 43 25 6 120 57 115 3 0 84 63 11 42 93 98 86 8 117 118 113 62 109 
80 116 9 50 115 57 36 54 95 41 58 34 60 86 103 108 88 18 67 101 29 82 128 69 40 
81 65 58 99 23 8 120 108 41 62 1 100 42 109 38 33 32 82 125 9 85 31 51 
82 76 58 104 97 59 66 83 87 32 113 116 102 105 50 49 45 61 48 6 80 81 31 56 128 36 84 
83 108 125 14 54 82 50 115 43 68 25 103 21 45 97 95 85 122 93 20 126 75 100 13 46 40 67 
84 49 57 36 117 32 119 127 89 79 16 128 29 90 98 9 60 66 97 28 121 100 65 39 82 53 18 
85 93 74 94 121 2 38 92 49 107 127 72 83 59 90 10 52 125 21 81 29 58 16 109 35 105 
86 27 110 32 52 70 41 95 92 125 93 2 61 80 78 21 79 76 33 37 6 24 98 15 89 99 12 103 
87 96 76 109 38 118 121 128 22 123 82 74 101 103 59 4 100 107 78 28 63 94 117 27 15 61 1 37 124 97 98 43 
88 19 41 75 15 43 28 103 109 2 114 80 38 22 105 44 104 110 34 
89 38 56 70 1 60 27 5 8 49 84 62 115 40 71 104 11 25 35 76 106 43 86 18 2 
90 95 105 41 112 76 18 19 59 110 66 57 15 84 20 75 50 99 101 13 85 94 54 31 55 22 47 4 
91 104 0 63 62 70 23 95 67 72 119 73 26 57 61 93 111 115 7 15 124 100 18 33 13 49 50 
92 25 97 42 31 48 27 103 85 86 68 101 50 114 39 127 126 28 52 12 116 9 30 
93 27 85 105 110 18 116 121 1 70 107 86 44 43 124 103 91 79 98 83 48 56 10 25 29 101 
94 85 43 20 120 115 30 40 70 64 63 118 102 121 57 3 90 87 105 75 4 114 45 72 
95 90 72 77 80 30 107 91 28 78 86 38 116 18 27 123 83 62 60 13 
96 87 30 69 101 65 24 74 1 55 60 28 53 40 4 51 46 5 48 20 124 42 126 6 119 54 100 
97 115 75 92 82 68 110 104 70 23 83 119 21 64 84 22 17 99 121 87 33 
98 35 24 0 124 41 14 118 104 32 111 116 40 78 84 50 79 115 93 2 105 69 99 54 120 53 39 18 86 121 87 
99 7 128 115 68 62 2 39 61 81 37 13 17 30 90 54 106 109 126 38 28 98 33 12 26 97 16 63 86 32 
100 19 2 63 22 111 50 40 126 117 119 77 73 68 87 122 67 7 62 81 120 46 83 51 91 31 128 84 37 52 96 
101 128 11 96 49 17 9 74 57 119 47 114 69 92 87 118 123 35 90 1 53 36 39 106 122 62 0 73 80 59 111 21 93 
102 39 4 61 66 124 110 24 46 55 34 0 73 126 53 56 82 94 121 37 123 28 
103 26 22 124 10 32 92 107 21 83 88 93 11 87 108 80 113 66 28 0 56 118 25 86 18 
104 105 91 78 10 125 112 19 116 13 82 72 21 98 97 62 45 2 37 118 89 16 44 128 65 28 70 56 88 54 17 
105 104 93 90 37 35 72 62 117 11 2 124 27 128 19 9 82 43 119 73 22 52 65 5 98 8 34 74 94 53 40 77 127 88 64 17 85 
106 115 110 10 116 26 58 6 66 33 112 42 119 99 108 114 2 41 101 72 15 89 18 65 122 
107 71 43 42 13 18 21 28 95 110 6 85 50 93 103 54 14 9 56 36 87 128 39 108 40 123 
108 83 70 60 33 109 63 81 103 106 29 80 69 72 107 126 32 68 
109 87 67 62 58 68 69 18 108 45 27 5 42 88 99 41 56 81 74 35 128 40 30 39 20 72 126 85 79 24 123 
110 124 15 120 93 53 44 28 11 86 102 39 56 90 107 106 97 115 23 10 20 118 123 1 76 36 72 0 88 
111 63 73 100 55 32 98 16 30 68 91 27 123 72 127 57 44 40 101 77 119 46 
112 49 126 90 66 38 104 23 26 39 2 106 44 28 71 119 77 124 73 72 34 123 54 8 9 116 
113 1 23 26 68 2 74 19 82 78 119 14 28 60 103 124 10 57 12 25 70 79 65 
114 66 53 79 26 118 76 101 68 33 49 115 28 106 88 92 54 48 25 30 15 34 94 72 
115 97 0 80 99 37 15 6 94 106 79 21 83 110 18 78 89 118 27 114 98 91 2 119 31 25 14 122 117 56 61 45 
116 80 124 75 93 4 104 24 106 55 98 82 95 50 62 126 6 67 33 40 47 118 117 92 112 32 20 
117 36 61 51 12 84 105 74 72 121 100 120 73 29 87 79 125 115 10 116 52 6 
118 5 87 22 13 114 66 98 39 48 30 15 10 115 33 101 94 62 46 104 0 110 27 79 4 116 47 78 103 2 1 32 
119 122 72 84 46 5 101 44 21 24 91 113 100 68 75 106 105 97 112 25 45 38 115 66 47 64 19 96 2 111 69 
120 110 3 79 94 27 58 34 81 5 117 128 12 121 39 43 100 32 98 69 61 124 37 
121 11 128 49 85 6 87 40 27 93 5 7 46 42 22 117 74 43 127 126 102 60 94 120 73 84 97 36 76 98 124 
122 73 119 46 55 9 27 15 8 23 22 6 29 7 25 24 76 64 4 34 100 57 83 36 40 65 38 101 58 39 60 51 115 30 35 106 
123 49 32 22 24 10 52 47 125 87 60 70 101 111 95 38 45 14 110 13 40 7 8 112 30 66 31 107 102 109 
124 110 20 17 58 31 66 116 102 98 126 103 105 76 21 52 93 40 60 1 25 113 91 73 96 112 45 120 11 57 63 18 87 77 121 24 128 
125 127 61 71 123 104 83 6 30 37 53 86 1 48 74 58 69 62 25 51 85 39 15 117 66 44 81 8 
126 60 112 33 5 41 1 124 44 72 61 102 100 14 39 50 121 116 99 21 46 57 11 83 92 96 108 109 76 78 
127 125 44 58 19 84 55 36 48 54 45 85 35 32 121 56 26 111 11 77 16 92 10 41 51 46 105 67 75 72 
128 101 121 48 99 10 53 19 87 65 31 36 17 84 69 5 62 105 54 73 120 12 107 23 109 104 100 80 82 78 124 28 
