0 34 117 32 65 56 67 48 33 21 59 44 63 122 17 99 78 22 116 40 98 100 41 5 106 46 52 49 114 11 94 79 84 81 58 88 113 62 55 89 42 
1 53 84 103 104 105 62 44 92 70 111 6 49 38 56 58 26 10 8 118 122 54 102 36 64 83 113 66 76 80 93 119 21 7 108 
2 111 85 86 45 15 121 106 62 116 87 64 43 26 72 35 53 19 80 36 107 56 21 3 13 100 59 54 29 90 120 27 58 12 22 114 73 57 78 109 102 118 74 89 
3 92 73 68 108 6 12 59 40 72 58 106 94 71 33 41 101 7 46 114 121 107 111 63 87 96 89 2 109 5 79 112 104 66 15 85 38 62 16 43 28 9 44 
4 29 52 82 28 8 47 66 32 115 97 20 110 15 70 105 74 75 81 72 40 62 6 67 85 19 60 34 16 37 95 116 18 11 76 38 88 63 112 114 10 48 121 31 106 
5 25 67 34 69 39 18 29 77 101 85 86 44 99 33 48 12 83 16 31 53 91 107 0 8 118 52 3 42 123 9 117 59 75 60 94 
6 85 73 117 110 62 3 84 56 76 105 1 90 44 91 17 20 98 35 8 23 68 46 106 65 57 4 96 36 13 25 100 11 123 14 18 
7 60 116 38 11 66 91 46 23 106 84 72 113 110 43 105 86 10 3 115 108 33 85 22 41 57 62 34 93 89 53 37 19 36 17 14 67 39 1 56 24 
8 80 4 44 28 109 26 46 102 115 38 12 58 43 83 108 6 106 51 56 37 13 61 60 9 1 5 104 111 78 35 22 48 90 95 20 84 81 42 
9 34 55 67 82 97 89 29 88 86 59 122 8 64 53 49 92 68 35 13 10 74 104 23 5 39 19 118 41 96 52 71 11 93 75 3 47 83 17 
10 108 79 60 18 63 87 73 100 72 54 82 7 104 46 123 75 26 1 96 91 71 25 20 9 56 76 53 95 28 4 30 101 88 
11 7 75 37 88 47 39 120 101 116 86 95 13 15 85 52 60 102 65 23 42 103 0 84 4 44 26 6 12 30 9 77 113 72 97 50 
12 43 120 86 34 116 69 3 97 114 8 123 50 5 81 68 45 73 25 38 90 109 77 39 31 74 71 55 2 37 70 56 11 102 101 122 32 82 91 47 
13 101 48 37 110 74 39 54 59 25 32 63 33 78 35 116 11 8 47 62 91 9 45 52 58 6 2 115 104 41 70 81 53 16 112 30 72 83 
14 57 66 107 16 80 121 82 42 109 89 21 48 65 104 72 81 19 44 91 52 118 22 98 43 30 76 92 47 95 39 79 64 54 15 111 108 41 122 60 78 7 17 6 20 
15 56 28 74 60 29 42 114 2 108 72 68 4 23 106 93 17 78 71 109 11 55 90 121 113 59 80 26 118 14 3 112 44 81 41 123 67 76 65 47 110 36 
16 26 70 59 80 121 14 72 98 44 58 49 110 45 105 100 52 68 55 46 38 117 25 5 32 104 53 23 99 63 39 76 4 116 123 33 13 81 83 3 48 122 94 40 78 56 
17 78 42 103 54 84 56 27 76 88 72 31 52 0 39 6 74 15 121 22 45 64 62 46 33 19 110 82 104 118 107 60 35 61 102 90 71 32 77 51 79 7 123 14 122 9 
18 10 55 21 5 93 34 112 64 84 117 101 28 50 74 102 57 69 68 29 92 89 86 4 116 79 26 110 52 96 25 6 
19 103 51 23 84 53 58 82 119 98 20 76 91 57 63 14 121 64 2 17 96 4 35 88 7 102 9 108 97 
20 77 23 71 48 117 34 82 44 84 4 21 72 19 6 101 81 94 89 67 70 99 30 110 93 116 64 10 111 100 42 113 8 104 45 76 102 14 28 50 86 
21 86 18 122 46 76 80 91 62 94 0 99 20 14 44 64 115 48 51 118 96 61 75 65 116 54 100 53 2 63 87 32 49 37 114 68 1 120 50 89 
22 109 95 84 60 24 105 65 76 53 117 43 66 0 115 56 28 17 7 114 120 118 88 121 79 54 123 96 14 83 47 8 63 70 2 74 39 94 122 111 108 67 35 48 41 58 73 
23 100 45 20 33 74 19 119 62 7 59 46 96 118 78 68 85 50 61 15 6 38 116 28 80 16 117 107 11 57 73 64 9 120 92 105 
24 114 67 69 51 122 57 109 39 53 25 22 80 98 72 75 121 117 68 123 102 55 103 54 79 100 86 73 63 60 7 
25 5 120 26 56 24 109 13 111 83 106 122 94 16 32 110 29 12 54 10 53 6 63 73 86 115 46 74 64 18 37 58 
26 28 25 94 16 92 117 37 8 74 64 76 1 2 66 99 10 97 100 91 35 36 71 87 83 33 122 58 18 15 11 60 31 68 34 39 113 62 40 102 
27 68 98 102 17 41 93 64 55 89 88 97 48 113 95 112 107 121 61 2 57 30 84 37 66 54 81 91 
28 26 15 42 94 4 71 74 78 8 103 55 63 84 33 18 76 22 45 47 23 121 91 59 110 86 112 88 57 97 68 52 62 10 109 102 3 20 106 
29 44 4 60 15 5 89 102 95 9 56 105 77 101 122 87 85 72 25 115 97 108 45 47 73 18 112 119 33 111 2 41 123 117 93 100 42 96 113 51 66 
30 103 111 62 94 48 32 58 119 61 115 38 50 47 123 117 55 40 51 101 84 102 53 20 14 118 107 77 63 49 27 41 64 11 13 66 10 68 52 81 
31 75 117 92 119 114 72 118 110 37 17 36 35 88 89 106 87 5 102 101 85 12 115 93 97 26 121 44 78 4 62 
32 33 0 84 115 64 4 13 30 105 75 92 63 25 89 48 70 16 81 109 85 56 107 72 21 52 100 17 113 118 55 12 93 
33 42 98 77 32 23 99 0 93 106 97 13 79 109 3 76 58 88 28 5 104 7 114 112 17 84 103 86 48 118 26 91 49 29 16 66 40 68 52 38 121 105 41 
34 122 121 115 0 9 5 94 91 69 12 86 18 20 40 82 84 68 89 105 51 62 71 114 98 49 59 7 4 61 83 26 54 111 44 41 116 100 60 79 99 
35 36 69 82 50 103 98 114 57 59 13 93 112 75 31 97 6 64 117 2 67 116 47 48 56 26 46 9 19 89 8 102 111 17 49 43 76 113 22 42 37 
36 110 85 35 75 47 44 73 78 90 113 53 89 116 82 69 96 54 61 31 86 84 104 65 26 2 1 6 92 100 94 7 52 45 122 15 
37 68 13 26 11 86 61 84 117 119 31 83 8 72 82 55 85 60 89 52 115 4 109 54 116 88 7 21 43 114 12 113 111 27 118 35 66 25 
38 68 119 69 7 89 102 72 86 1 8 104 30 16 109 98 50 23 117 65 59 122 79 94 91 12 105 51 88 67 4 3 61 62 100 33 58 
39 75 111 120 40 82 5 24 105 122 13 60 11 88 86 79 17 74 64 89 73 85 97 98 16 96 14 53 59 47 12 42 93 9 22 44 26 62 65 7 107 87 
40 91 39 117 97 63 123 47 3 34 98 89 70 115 0 57 30 4 76 54 105 110 51 87 113 46 33 64 77 16 26 84 
41 88 51 115 93 81 44 109 91 63 27 66 95 3 85 62 0 57 7 89 70 120 29 48 13 30 94 9 14 15 110 45 34 79 22 82 99 33 
42 33 28 72 77 17 14 59 83 15 60 69 119 52 62 111 58 102 50 85 118 114 98 96 73 108 63 78 47 89 54 11 103 5 39 116 79 20 123 29 74 64 84 8 87 35 66 0 65 
43 53 12 50 51 64 62 90 69 93 85 7 115 8 22 2 107 110 73 100 71 92 61 14 48 84 56 37 35 3 121 86 
44 29 74 90 86 41 46 36 8 16 1 95 103 60 20 0 5 21 6 96 51 75 65 14 79 112 80 83 85 11 100 54 39 15 119 34 31 94 3 
45 83 23 116 47 2 113 69 16 77 105 120 17 12 84 28 108 29 98 13 85 106 95 41 20 58 36 
46 51 48 44 21 7 8 23 92 61 105 68 65 16 10 3 6 60 17 80 35 0 106 53 88 110 40 111 25 107 74 98 
47 45 4 36 53 40 11 121 64 59 97 90 30 13 115 28 73 29 35 93 14 22 42 39 49 71 63 117 100 80 103 51 77 15 9 12 
48 77 13 118 104 54 46 20 0 30 75 83 14 97 109 94 21 84 74 5 87 32 122 110 27 35 90 113 43 33 52 81 41 8 4 61 16 22 
49 62 86 72 91 87 16 118 53 1 94 97 76 95 34 9 117 0 73 33 111 21 47 30 35 92 82 116 69 83 93 108 80 
50 120 104 43 94 68 116 35 91 65 23 30 12 42 18 118 38 69 122 60 115 76 90 78 51 77 85 55 83 103 20 11 21 
51 19 41 46 95 43 75 24 54 99 106 21 68 117 123 34 44 66 93 8 30 98 67 38 55 76 50 40 116 17 47 79 72 59 104 29 
52 84 4 70 85 64 42 97 16 17 91 123 92 65 116 111 78 122 110 113 74 58 14 11 37 0 5 13 48 32 28 36 55 9 18 33 95 30 
53 1 43 59 96 105 47 83 19 24 78 36 49 72 22 57 102 67 5 30 123 2 95 16 21 68 9 85 39 46 74 25 89 10 7 63 113 61 116 13 65 
54 101 66 48 103 17 69 121 51 77 13 96 56 10 36 21 102 1 40 22 25 64 42 37 2 24 14 85 93 44 91 34 105 87 76 67 58 27 68 
55 123 9 18 87 122 28 16 27 56 63 30 98 108 74 15 37 109 95 102 51 24 117 12 83 50 71 52 32 61 103 59 0 
56 15 84 78 25 17 0 67 77 54 6 29 100 98 1 95 109 55 113 8 76 22 90 69 101 35 2 97 70 32 10 96 43 61 12 57 58 102 16 7 
57 14 61 119 24 95 64 35 87 59 65 112 53 19 40 123 108 110 96 80 79 85 6 18 41 90 7 58 23 84 28 27 78 2 109 56 92 
58 111 115 108 71 16 77 19 3 95 85 30 8 42 1 33 106 96 52 57 74 78 13 26 68 2 0 56 38 54 45 73 25 22 
59 78 72 53 16 108 68 122 42 82 117 23 61 3 13 0 47 35 116 57 101 87 9 38 34 28 62 119 105 39 2 15 86 104 106 5 91 55 51 103 
60 75 29 90 10 15 7 116 100 93 67 42 77 44 22 106 39 104 86 102 74 113 46 8 103 50 37 11 97 4 84 17 99 79 26 95 24 87 14 34 81 5 
61 57 117 102 100 77 98 64 37 93 91 59 46 30 113 36 88 111 109 23 115 110 21 8 118 81 85 43 34 27 17 53 56 68 38 55 86 48 95 
62 110 49 79 1 99 6 43 84 23 30 121 85 21 42 2 93 34 41 89 94 4 17 13 7 59 119 28 39 3 38 73 0 26 108 31 113 
63 108 10 40 41 86 13 0 28 71 55 32 77 19 113 16 68 114 3 73 21 120 42 89 74 93 30 22 53 75 47 99 25 4 78 24 102 101 109 
64 43 52 110 61 84 118 111 32 57 47 26 27 18 97 21 70 2 75 99 39 95 94 35 9 17 93 19 72 1 20 54 23 14 80 30 96 42 78 40 68 25 
65 78 104 0 22 98 77 84 112 46 118 50 57 14 52 86 21 100 44 75 6 38 121 36 122 11 120 53 89 15 39 119 42 
66 100 54 14 103 107 4 7 41 69 120 102 22 82 51 26 72 92 88 1 3 95 119 73 33 97 27 30 105 42 37 29 
67 99 5 100 118 107 24 9 0 56 91 60 82 117 53 79 94 20 35 51 4 85 71 74 38 98 68 105 72 15 89 22 54 88 7 103 120 
68 38 37 27 59 50 71 3 113 23 34 46 16 15 51 118 89 6 76 12 104 18 74 53 24 63 116 9 72 58 95 28 91 67 26 21 69 61 33 119 54 30 64 82 
69 87 24 38 5 86 34 81 54 79 35 91 12 43 42 45 66 36 74 80 116 50 56 18 101 72 75 114 68 88 49 83 77 
70 85 16 76 52 106 1 78 111 99 87 64 40 4 116 32 122 20 117 56 93 74 109 41 22 12 13 71 79 107 97 
71 90 28 20 68 93 58 123 3 113 63 75 34 15 89 119 43 26 92 67 10 111 12 47 95 17 110 107 55 70 73 96 9 109 115 
72 101 49 42 59 109 16 38 10 31 3 7 82 17 81 15 20 53 83 94 117 37 4 24 14 29 2 66 113 87 78 64 90 32 68 112 69 89 67 107 98 116 13 51 11 118 
73 6 3 10 36 75 111 109 116 77 103 74 101 90 43 105 39 96 47 121 12 86 29 42 63 93 79 23 49 89 112 115 2 66 71 25 24 80 98 62 107 58 84 22 
74 15 44 100 99 23 13 75 28 26 120 73 69 79 39 48 4 76 60 17 87 81 119 18 55 52 68 58 70 67 9 53 63 95 12 117 22 42 122 116 118 25 46 2 96 
75 39 60 120 92 31 36 51 11 74 103 73 98 48 32 118 35 64 21 4 71 10 24 44 83 96 65 111 63 69 115 100 87 5 9 90 
76 115 78 70 116 94 17 21 6 99 82 22 33 49 26 19 28 79 74 106 56 68 90 40 16 122 14 50 51 10 4 107 1 102 54 20 35 15 114 83 
77 95 20 48 33 121 118 93 97 42 61 5 54 58 60 56 102 73 65 82 115 45 29 84 99 109 63 122 89 30 12 50 110 17 47 11 40 69 
78 17 65 76 59 118 56 92 81 91 28 70 36 53 23 84 13 0 103 52 15 123 72 58 96 42 50 105 8 87 57 108 63 2 98 100 64 14 31 119 79 16 120 
79 62 10 117 69 105 111 33 123 39 74 97 76 88 93 90 67 57 44 38 91 22 108 106 118 73 14 120 18 24 3 60 0 94 122 42 70 109 51 17 78 104 41 34 
80 8 90 16 114 14 123 101 115 111 21 24 100 87 69 57 23 92 81 83 2 46 44 15 64 1 84 47 73 86 104 49 105 
81 106 97 41 69 84 78 85 72 112 98 110 115 111 20 4 12 74 14 121 32 80 61 91 123 95 109 86 99 48 0 13 15 16 8 27 60 30 
82 39 4 103 9 14 59 35 89 20 83 122 67 19 108 34 72 77 76 104 36 10 66 37 101 17 98 106 49 102 41 12 68 
83 45 123 42 82 53 48 25 37 8 72 75 5 80 1 99 44 121 22 26 34 114 90 55 50 107 16 49 69 13 109 76 9 
84 52 1 56 89 19 81 32 17 87 22 62 64 6 37 20 7 34 78 65 92 28 18 108 77 48 36 30 45 94 120 33 88 102 57 43 60 11 0 95 27 80 90 119 8 42 40 73 
85 122 36 112 6 70 2 96 52 93 81 62 43 5 23 58 41 42 121 29 7 101 39 57 95 107 11 4 37 67 53 32 61 44 31 119 45 118 54 100 50 3 94 104 97 110 
86 49 12 44 21 69 120 2 87 34 93 37 63 114 38 5 39 11 7 9 91 60 99 65 36 102 109 121 73 119 33 28 18 81 59 95 98 24 25 80 61 43 20 
87 69 55 10 119 49 86 84 120 96 109 57 115 70 2 118 111 80 59 74 48 100 29 31 72 3 26 21 92 40 78 121 75 60 54 42 108 39 
88 41 91 123 11 17 39 61 116 9 33 31 27 79 93 97 110 22 84 38 66 107 28 46 19 37 117 4 109 69 0 67 108 120 10 
89 84 38 14 119 82 9 29 36 90 34 40 108 100 95 27 31 62 68 32 39 20 120 71 41 37 3 77 63 18 42 35 7 110 53 73 72 103 96 65 123 67 109 2 0 21 
90 71 104 100 60 80 44 121 43 36 6 89 47 73 79 76 56 15 57 48 72 92 12 50 2 83 17 8 84 93 75 118 
91 88 40 49 34 105 41 69 78 7 67 93 61 21 50 6 86 52 19 14 5 96 26 101 79 117 38 81 10 28 13 108 33 68 98 54 59 110 27 12 
92 111 3 106 75 26 78 31 96 1 46 84 119 117 32 52 116 94 80 9 71 36 43 115 66 14 90 95 18 118 87 49 104 23 57 
93 41 77 85 71 86 60 18 91 61 33 43 27 112 96 104 35 62 119 15 51 79 88 64 123 95 47 20 73 121 70 118 7 116 63 120 39 31 100 54 29 1 9 49 90 32 114 
94 26 28 34 50 76 115 30 99 21 3 95 118 49 105 48 25 72 64 20 92 67 84 62 38 123 120 103 36 101 117 0 79 106 22 41 119 85 16 44 5 
95 77 123 22 51 112 57 29 44 58 94 56 41 109 11 98 110 119 89 64 49 85 53 93 27 55 92 81 4 14 74 116 68 10 86 71 66 84 8 45 60 52 61 
96 85 53 92 54 23 87 93 36 44 21 75 115 57 73 58 42 10 123 91 6 3 39 19 22 121 78 117 56 89 9 71 104 29 64 74 18 
97 81 77 40 115 9 107 12 33 4 52 48 47 64 121 79 49 35 27 29 26 88 39 60 56 28 31 122 123 66 110 85 106 103 19 70 11 
98 33 27 105 61 16 109 35 75 65 56 40 24 81 95 100 19 101 6 38 0 34 55 51 42 45 39 14 67 82 86 91 72 78 73 121 46 
99 67 74 33 62 118 109 51 102 94 117 21 76 70 0 77 5 64 86 108 103 26 20 16 107 83 81 100 60 63 101 34 41 
100 23 90 67 66 74 61 113 60 10 16 56 98 110 80 89 115 65 43 87 0 26 21 120 122 117 104 36 2 32 99 6 44 24 85 93 20 112 75 47 29 38 78 34 
101 54 72 13 108 80 5 11 59 73 3 20 98 107 18 29 85 30 56 82 91 104 31 69 123 112 94 99 117 63 12 10 
102 61 27 38 29 99 77 8 112 42 66 60 53 86 18 30 31 54 1 11 55 84 24 35 19 17 116 76 12 28 63 56 2 20 82 26 
103 19 30 1 66 82 54 17 123 75 35 28 44 73 78 99 60 33 24 42 11 94 89 106 47 55 50 67 97 59 
104 90 50 48 65 1 60 82 93 38 14 10 33 119 116 68 118 16 36 111 101 8 100 17 9 3 13 59 92 20 109 96 80 79 85 51 
105 123 1 98 53 91 79 39 22 16 32 6 29 46 45 7 34 94 4 73 112 109 119 116 38 40 59 78 67 23 54 33 66 80 
106 81 92 70 33 60 7 2 3 51 123 25 58 15 8 108 76 31 6 116 121 0 79 46 45 82 59 103 94 119 97 4 28 
107 67 14 66 122 112 97 115 101 43 5 85 3 2 99 110 23 32 30 88 27 114 17 76 71 83 72 39 46 73 70 
108 10 63 59 101 58 3 15 82 84 89 8 7 106 99 57 55 45 29 42 79 91 123 14 78 19 115 22 49 87 62 88 1 
109 22 111 72 41 24 14 99 98 8 73 25 87 48 33 95 61 56 38 77 115 86 105 15 32 55 3 70 37 12 81 112 88 28 104 57 113 79 71 2 89 83 63 
110 36 62 6 13 64 121 16 31 7 115 4 81 100 95 122 61 43 25 57 114 52 48 88 20 107 119 17 28 89 40 77 46 71 18 41 97 91 85 15 
111 92 39 2 109 58 30 79 64 73 1 80 25 70 42 61 81 87 52 115 104 3 71 75 122 8 29 20 49 35 14 22 37 123 34 46 
112 85 95 121 107 18 102 118 93 65 81 35 57 105 44 33 29 27 28 120 101 122 72 73 109 3 100 15 4 13 
113 100 45 68 36 7 61 71 117 123 56 60 72 52 27 63 48 15 1 53 20 40 37 32 26 109 0 35 11 29 62 
114 24 80 15 35 86 31 12 123 3 34 110 22 42 33 63 107 0 83 118 37 69 21 2 4 76 117 93 
115 76 41 34 58 32 97 80 4 94 77 8 43 110 30 87 107 21 81 40 61 7 100 123 22 109 111 96 29 47 92 50 37 13 31 120 119 75 73 108 25 71 
116 45 7 60 50 12 76 73 36 11 2 117 59 88 52 69 123 0 13 104 92 70 21 106 23 35 105 20 68 93 37 16 4 95 18 42 53 102 51 49 72 74 34 
117 40 6 61 79 0 31 26 20 59 37 99 116 113 18 67 51 16 22 92 30 72 35 38 121 24 23 70 91 100 49 96 5 29 88 94 74 55 47 123 101 114 
118 67 48 78 77 99 64 31 23 112 49 94 65 75 87 21 68 42 50 122 104 1 61 22 14 120 5 30 93 79 33 92 17 114 85 15 9 37 32 74 2 72 90 
119 38 57 87 23 89 31 37 42 19 30 92 95 93 104 74 71 105 86 110 62 59 29 85 115 66 106 94 84 44 1 68 78 65 
120 25 39 50 12 75 86 87 74 11 66 45 89 22 84 100 118 63 94 112 93 65 79 41 2 23 115 121 21 78 88 67 
121 34 77 90 16 112 14 54 110 2 62 47 97 85 17 24 19 81 117 106 86 65 28 3 73 15 22 96 93 83 27 120 87 31 43 33 4 98 
122 85 34 107 59 24 21 55 39 82 0 25 110 29 9 118 70 50 48 52 38 1 77 100 65 76 111 112 26 97 79 22 74 14 12 16 17 36 
123 105 95 55 88 80 83 40 103 71 79 106 51 12 113 52 10 30 116 115 57 114 78 93 53 96 94 22 24 81 101 108 5 29 16 42 97 6 117 15 89 111 17 
