0 90 151 85 11 133 134 45 92 64 94 55 109 70 101 40 88 114 42 128 1 50 9 102 38 96 97 81 65 34 66 152 95 130 19 26 127 4 143 113 62 43 86 87 145 46 52 48 142 37 31 119 106 25 35 53 76 3 5 144 135 51 15 60 104 136 82 2 129 91 12 125 59 139 57 108 122 137 111 89 153 105 28 147 10 140 117 80 56 120 21 6 23 14 77 75 30 132 22 84 141 107 118 33 126 115 47 44 74 131 7 116 49 41 58 123 112 121 149 63 
1 23 63 136 114 142 27 59 50 60 33 118 111 97 124 26 16 0 21 94 144 84 35 22 25 109 37 6 36 151 12 48 119 82 100 42 138 11 86 71 79 77 34 117 55 74 134 54 153 121 116 58 112 8 30 103 99 123 7 98 75 85 152 139 67 10 28 104 47 106 52 46 131 41 148 19 32 70 83 108 115 64 2 140 128 80 56 66 53 145 29 39 141 92 146 4 89 88 122 125 40 45 62 9 102 15 132 17 101 
2 93 6 144 104 55 122 30 50 141 22 52 116 65 100 90 134 64 76 105 121 61 114 66 131 89 142 53 45 75 59 78 130 127 68 151 140 101 132 8 31 16 149 62 139 106 25 138 58 24 135 126 143 32 26 83 7 60 48 0 152 29 54 150 98 94 81 15 74 110 10 39 72 112 13 44 43 85 23 36 38 102 67 63 9 4 47 129 124 107 1 80 133 27 96 3 118 147 57 40 86 21 153 84 71 34 46 119 41 
3 79 151 32 68 101 23 104 117 31 66 147 148 134 47 70 67 99 55 72 62 71 135 49 53 139 11 132 130 25 18 149 144 28 116 63 112 91 4 150 26 54 84 113 38 9 80 124 24 56 98 14 128 82 106 10 19 7 131 107 109 61 123 69 137 97 12 115 48 95 0 43 120 8 146 83 129 114 15 59 140 153 33 94 126 142 50 30 100 92 39 127 64 46 96 45 78 34 138 121 16 57 86 52 133 41 152 108 87 111 90 119 93 143 2 5 85 81 77 105 145 13 122 29 40 58 60 37 
4 89 59 41 111 94 64 53 113 34 142 99 58 5 38 10 103 67 153 126 43 11 127 84 122 68 139 55 51 74 0 124 6 85 3 52 130 102 108 48 95 8 12 49 131 17 140 116 128 18 31 134 147 36 50 70 28 96 13 56 80 110 39 105 123 120 133 76 79 75 125 7 23 9 152 107 27 73 69 145 97 32 66 63 2 25 93 136 151 42 57 72 119 149 112 1 98 65 118 78 16 35 121 21 62 117 61 
5 76 44 72 151 78 40 114 116 153 66 13 93 4 148 62 97 60 122 10 128 52 7 77 88 61 23 68 138 26 24 70 98 57 132 139 34 9 15 94 92 136 133 111 79 22 86 112 49 101 6 69 147 82 91 58 59 11 0 109 17 146 81 143 31 53 119 141 99 105 140 25 54 106 129 125 18 108 27 100 126 110 47 134 51 130 90 145 30 120 63 150 42 118 12 19 113 123 74 121 45 131 3 28 50 127 107 102 103 43 89 96 37 149 29 
6 51 20 2 45 114 19 9 82 136 102 43 63 113 23 24 29 27 59 98 28 39 97 153 92 134 11 146 7 131 47 151 16 80 33 50 40 126 90 49 103 89 122 1 8 76 140 36 4 58 67 83 17 101 64 125 96 133 26 110 38 25 112 120 88 84 74 128 66 10 118 56 34 44 5 18 109 32 60 149 123 150 137 95 145 130 129 91 75 107 144 69 147 86 99 37 85 13 124 72 104 105 22 0 70 119 31 61 143 62 94 127 141 71 55 116 48 93 138 15 46 35 132 57 
7 104 16 145 121 123 109 48 74 126 124 120 101 56 65 64 143 66 32 133 125 129 20 15 137 28 90 6 102 5 80 150 98 93 22 61 78 59 41 44 112 117 23 13 46 144 57 72 149 26 3 139 29 12 37 140 95 51 36 135 83 17 25 54 35 2 142 114 84 43 1 86 107 153 73 47 49 96 77 87 85 82 40 152 4 130 34 14 122 38 53 151 113 30 63 55 89 39 45 128 105 138 99 58 0 27 18 31 52 75 106 92 132 88 42 119 19 24 134 
8 72 28 24 144 18 153 57 121 107 113 64 116 51 38 119 23 105 143 110 150 80 125 29 84 13 134 66 27 95 54 141 98 40 70 26 67 6 94 137 61 93 62 87 4 103 122 2 108 136 117 124 131 76 68 43 149 3 15 128 90 1 129 109 21 97 132 101 41 32 82 127 111 133 69 22 135 77 49 145 75 86 73 71 78 14 138 53 139 55 118 58 39 12 100 30 91 151 120 65 33 36 17 34 25 50 
9 96 109 87 103 69 74 114 14 6 119 71 58 122 132 110 30 54 84 79 41 20 43 80 83 0 117 100 141 49 131 97 29 76 89 10 44 129 11 18 3 90 5 57 61 81 45 150 65 27 60 78 99 48 145 113 39 15 125 34 32 19 148 47 62 64 35 126 133 67 124 85 135 101 91 86 146 149 147 12 102 59 4 140 52 38 25 73 72 23 106 2 134 112 139 26 46 153 77 28 116 107 144 82 118 66 95 51 42 63 94 111 33 1 92 137 127 
10 86 14 12 107 18 94 96 36 79 37 108 70 123 4 151 105 52 62 93 84 31 44 5 24 97 134 50 48 45 80 41 19 75 9 72 141 40 43 67 126 120 30 69 66 102 3 142 60 122 25 32 6 57 35 74 127 82 110 63 55 119 11 77 133 39 149 20 116 153 58 112 83 2 109 54 148 1 106 38 68 0 152 147 28 100 88 81 92 144 34 114 130 53 117 89 61 17 95 125 64 98 47 115 78 51 26 138 56 143 135 87 150 
11 40 0 28 25 101 81 126 146 100 20 27 67 138 118 64 147 92 22 6 107 23 51 150 19 90 54 98 80 61 43 4 102 46 93 41 42 3 13 36 86 83 82 45 9 97 88 1 112 68 39 122 148 29 55 44 34 142 109 89 129 32 5 135 139 21 119 52 73 10 78 144 94 66 76 65 75 99 106 113 59 24 110 60 103 134 95 128 56 141 53 131 69 33 133 117 79 18 145 124 116 84 37 12 77 63 115 125 47 
12 10 109 68 43 34 123 30 124 130 58 54 150 134 39 29 116 17 93 125 72 140 42 63 111 106 75 149 94 112 146 97 70 98 35 13 144 142 1 151 22 40 69 37 143 129 79 4 139 147 145 74 71 136 49 141 7 99 32 38 14 3 51 120 50 66 77 67 113 114 131 24 121 117 26 0 92 62 85 100 28 56 132 9 128 90 53 57 87 108 81 52 152 61 5 18 21 41 47 118 46 86 36 73 8 127 48 148 64 84 115 89 96 110 11 101 19 133 126 65 45 44 
13 132 130 58 20 92 56 141 87 44 94 24 103 125 5 108 57 69 119 21 140 127 8 109 59 16 137 96 64 51 11 38 46 12 36 48 50 73 89 62 71 153 7 78 98 93 150 18 74 131 134 123 145 104 35 49 43 97 33 4 17 129 75 77 101 122 138 146 47 85 152 83 41 27 2 120 54 31 139 6 91 14 40 111 32 45 66 53 86 34 115 82 126 99 76 30 37 65 147 42 128 107 15 148 3 70 55 112 149 39 80 68 113 81 144 25 143 100 28 
14 61 121 10 48 30 107 142 9 130 116 140 28 25 55 145 146 102 22 115 132 15 110 108 86 50 72 95 82 47 41 90 87 122 68 151 76 75 54 111 133 124 17 148 141 88 125 42 127 144 36 32 62 94 118 56 3 60 149 12 131 123 106 33 35 99 150 51 27 63 74 112 52 65 40 46 38 137 70 24 57 120 45 96 119 29 93 134 101 84 80 13 113 7 31 0 8 73 18 49 20 98 53 59 117 39 91 103 78 152 126 85 16 64 23 19 
15 37 106 128 92 93 61 35 51 28 138 14 88 152 22 7 115 16 38 143 89 74 72 33 87 153 70 99 122 55 139 132 130 150 21 95 140 26 31 5 98 100 18 103 126 116 77 29 32 63 149 91 9 78 30 27 101 54 79 8 75 40 0 49 125 148 3 73 146 48 141 39 113 145 36 94 107 2 47 124 43 83 76 85 53 97 24 66 67 59 60 135 120 104 123 96 110 136 82 108 102 20 112 65 13 129 151 57 80 144 131 6 1 147 90 
16 138 7 48 47 100 124 79 99 86 85 42 25 109 49 32 30 147 144 31 75 1 15 45 28 72 6 103 151 13 26 60 61 130 53 121 39 152 110 115 19 70 117 22 142 129 104 114 113 105 35 94 73 74 58 2 82 65 38 29 33 46 133 128 20 98 120 127 148 40 68 145 52 111 93 77 51 17 81 36 55 80 91 137 76 66 3 18 34 23 146 37 134 54 43 90 149 139 101 116 44 87 21 141 56 71 97 153 84 102 92 63 108 4 50 14 24 
17 107 99 37 122 34 97 19 71 88 48 72 25 120 36 12 135 139 133 143 121 105 14 73 95 55 28 86 32 51 30 64 93 6 140 113 83 61 80 82 76 134 4 49 102 54 112 81 152 153 90 65 104 87 57 111 45 13 96 20 151 78 149 5 7 150 141 117 116 79 138 147 145 50 70 69 126 38 16 44 41 24 29 130 136 46 115 123 125 128 84 101 131 89 148 60 47 137 62 142 22 114 94 10 31 74 110 108 18 8 40 91 52 58 1 146 
18 83 8 94 10 89 64 114 45 36 109 143 20 50 149 139 29 42 58 70 134 141 132 127 133 153 3 68 108 30 119 152 138 72 9 56 103 129 46 62 13 15 86 131 54 126 28 102 4 90 91 82 59 93 6 79 112 88 23 100 116 73 26 52 43 41 55 148 92 147 81 69 104 76 136 146 5 35 150 74 123 16 113 84 37 48 144 25 33 61 65 125 130 80 12 99 115 14 11 87 96 7 140 47 17 122 53 128 101 24 31 
19 147 48 125 45 6 73 69 74 130 128 17 151 35 58 86 123 149 111 142 11 129 95 93 96 70 132 105 141 0 10 107 16 97 145 56 103 112 77 72 63 64 121 119 67 20 99 44 134 3 33 65 24 85 59 50 148 139 76 88 66 41 55 104 9 150 34 68 135 51 101 30 152 136 89 26 133 61 40 47 79 1 57 83 98 117 54 100 28 110 27 131 38 5 143 22 113 36 29 87 92 122 90 37 62 94 84 108 106 31 12 115 7 140 81 14 137 
20 6 96 144 13 56 26 11 145 146 70 86 27 135 18 42 130 7 9 93 109 55 137 143 32 149 44 106 95 60 83 53 43 118 114 30 28 99 113 104 79 153 115 94 19 52 131 124 148 22 61 133 45 78 116 47 72 73 46 64 24 80 88 103 16 17 31 97 10 119 120 121 48 82 136 58 110 69 81 76 67 111 117 98 90 151 122 51 38 21 126 35 85 128 71 39 68 112 15 33 34 77 14 129 125 138 66 102 
21 72 127 139 136 122 88 86 101 147 148 106 90 153 107 1 13 39 102 30 132 69 151 78 124 97 47 109 15 143 141 79 89 125 99 105 138 129 43 126 76 26 36 73 51 59 150 100 11 115 53 52 74 104 60 103 56 31 70 85 91 57 123 58 137 140 117 8 142 98 120 71 95 50 96 87 0 20 25 28 12 111 112 24 22 55 16 119 92 80 33 118 93 2 149 135 44 152 110 42 40 54 64 4 121 
22 148 55 116 31 125 123 140 108 70 2 109 136 133 14 26 115 93 59 74 126 89 88 11 62 60 15 150 54 79 132 63 86 120 77 100 1 69 91 46 7 28 134 41 137 76 12 16 43 83 127 118 90 32 143 49 82 52 64 106 130 66 20 39 5 98 81 146 92 35 112 151 138 131 73 101 144 107 153 65 56 97 8 114 78 99 33 68 6 75 0 128 24 44 19 21 17 53 141 85 80 45 152 29 42 142 38 122 145 34 147 139 25 
23 108 1 49 150 50 76 3 113 36 6 73 140 99 35 33 129 124 8 81 112 86 38 45 104 11 148 144 96 32 80 79 92 111 138 136 107 126 34 5 105 100 69 97 7 103 51 149 68 70 94 64 24 95 82 117 153 27 56 90 130 131 40 127 39 123 93 53 18 84 62 58 146 139 75 143 98 135 152 91 120 41 67 137 4 16 87 31 2 119 9 47 0 145 37 42 147 114 54 71 72 46 102 132 85 89 43 30 77 57 48 122 151 63 14 61 
24 145 84 79 8 60 36 127 30 71 143 146 100 40 6 70 32 65 101 48 128 13 26 44 82 122 34 140 134 10 64 152 27 29 119 113 68 88 123 74 131 75 72 61 5 33 3 106 50 23 153 52 37 73 19 137 139 92 45 97 129 90 20 2 99 112 77 51 147 111 124 149 120 28 12 14 125 55 78 17 83 130 93 136 42 80 150 144 25 132 11 15 96 109 31 89 133 66 22 21 62 38 142 104 95 53 148 76 46 138 58 114 126 56 16 7 18 
25 149 11 80 106 99 49 55 14 58 31 16 29 91 134 135 17 117 41 152 73 40 67 71 115 98 1 88 137 42 93 96 116 3 143 97 81 141 72 62 113 126 153 74 32 6 146 105 54 89 10 101 56 75 48 77 90 0 2 125 47 150 121 85 119 130 7 65 94 76 30 147 60 5 151 53 110 46 104 26 82 100 39 24 127 9 64 138 140 63 18 78 122 4 21 129 120 34 112 57 59 103 142 128 132 136 111 84 86 107 124 68 139 51 87 8 13 38 22 
26 118 96 91 151 51 50 109 89 126 20 65 22 34 124 114 67 127 24 73 1 76 123 57 83 121 43 107 86 122 119 16 94 29 102 108 41 136 8 0 39 5 3 44 103 38 15 88 6 135 146 62 101 60 7 92 32 115 21 45 144 110 150 28 97 148 134 18 2 78 153 149 132 120 75 12 152 139 112 33 25 125 19 137 54 129 95 147 82 90 46 117 36 142 9 31 59 85 64 93 72 128 40 10 42 58 105 52 48 81 
27 153 41 1 38 145 150 92 6 60 20 11 144 33 47 63 85 34 96 46 112 42 103 89 56 40 24 8 131 79 101 108 124 134 132 102 67 146 73 88 72 98 31 23 29 9 54 30 51 44 147 104 136 110 68 133 77 141 15 14 35 143 45 86 135 130 55 82 5 94 53 13 142 152 76 4 138 90 107 58 62 106 52 87 93 19 95 113 39 2 120 61 7 149 127 119 140 121 115 28 123 
28 124 8 11 59 145 14 78 149 144 127 15 60 68 129 130 116 112 6 7 71 94 16 146 100 148 109 151 47 42 22 114 61 43 118 39 20 17 3 79 74 117 106 121 143 107 132 101 57 50 81 65 35 97 135 52 123 51 33 63 18 142 139 83 128 102 4 26 73 91 66 67 58 119 24 90 95 32 70 115 12 1 76 92 96 120 0 56 147 10 19 88 133 150 87 75 84 40 125 21 72 122 110 38 131 36 30 41 111 9 5 53 64 45 69 85 99 31 104 137 136 13 27 
29 48 73 132 133 126 82 91 25 6 117 146 62 47 131 18 12 142 39 108 76 115 8 150 153 68 138 26 88 24 95 81 86 111 9 59 106 30 97 96 144 137 58 102 56 107 129 32 72 149 27 135 42 120 105 11 104 7 147 31 15 123 16 101 77 40 136 65 118 84 34 66 92 52 49 119 145 79 46 124 98 93 63 2 33 71 35 17 14 94 38 53 114 64 78 45 100 112 57 121 130 60 51 103 54 125 1 19 122 127 99 3 75 89 139 22 152 61 55 80 5 
30 75 74 14 24 127 2 124 62 123 76 108 12 96 16 45 84 86 9 64 147 100 140 99 55 21 69 109 106 149 67 134 53 107 114 98 20 29 40 18 17 138 115 153 83 10 113 101 66 78 102 52 27 71 65 91 94 31 58 142 144 121 93 139 37 44 15 152 133 103 47 116 1 25 81 131 137 3 128 87 48 19 125 148 57 92 54 120 151 110 112 72 5 0 85 41 143 129 104 7 68 13 146 79 28 23 135 33 122 51 130 8 32 80 61 105 73 95 82 38 46 
31 50 34 131 69 22 116 149 25 39 3 140 93 68 16 10 52 150 82 142 75 123 104 120 61 37 113 76 70 111 92 81 125 103 15 110 88 151 79 57 27 44 2 46 0 62 153 4 89 30 143 29 132 147 130 128 59 20 65 121 5 129 67 112 105 21 91 90 139 122 141 118 60 47 83 13 66 78 119 58 55 23 126 24 64 53 96 73 14 6 45 133 35 135 32 26 144 109 97 99 17 87 48 51 74 85 95 102 33 7 134 28 36 94 19 40 101 18 
32 80 67 125 131 117 3 137 47 42 111 122 16 24 133 51 7 76 86 148 108 64 50 109 93 101 20 23 92 48 126 45 110 90 144 56 132 60 88 70 119 44 17 33 14 66 36 37 124 140 22 107 25 29 134 95 63 55 135 10 49 26 153 116 115 152 12 15 6 62 89 11 43 46 94 147 9 2 74 53 96 75 34 65 73 97 105 28 114 103 8 61 139 104 72 58 121 1 13 151 4 112 79 146 143 91 113 150 71 149 31 130 142 118 141 59 30 52 136 128 120 
33 65 137 111 40 64 1 144 96 78 23 62 27 122 134 132 38 69 127 70 45 141 93 114 94 119 6 129 15 115 80 54 39 101 107 85 76 152 32 84 24 90 49 42 41 91 117 28 57 106 19 123 16 13 82 14 104 153 102 109 72 77 142 3 68 149 29 112 83 89 98 148 113 97 51 26 63 99 116 22 100 66 133 67 18 43 74 58 75 0 52 81 11 143 138 20 21 48 30 130 125 31 60 55 8 34 108 9 71 
34 31 43 90 73 17 64 12 71 86 26 4 128 137 123 98 85 46 60 27 102 24 106 141 119 42 80 0 118 111 96 124 122 39 75 38 110 100 23 125 127 78 94 149 5 105 62 101 146 93 1 56 142 136 11 120 117 6 103 114 116 129 44 49 9 109 29 53 133 148 107 77 55 19 150 134 145 92 32 147 51 151 68 88 66 3 140 65 143 16 108 47 113 7 153 83 87 13 25 10 131 40 84 20 89 135 82 130 52 59 57 33 63 2 8 69 138 67 22 37 79 
35 56 48 101 97 38 128 72 15 137 73 80 127 60 51 141 102 23 139 55 98 19 138 41 153 109 39 79 129 123 92 124 78 105 1 47 104 76 89 70 12 125 88 142 148 140 133 150 37 111 53 152 116 108 106 28 16 82 112 94 10 43 74 13 0 64 14 27 7 134 22 9 65 113 132 29 45 69 77 18 95 40 107 136 61 54 63 96 119 110 75 66 20 36 67 90 31 115 86 46 91 130 145 146 50 71 99 81 83 6 143 52 4 151 85 100 
36 43 24 97 130 54 10 23 66 18 138 39 17 103 114 88 49 151 37 128 121 1 40 11 13 6 135 57 107 14 84 32 95 47 120 70 104 93 109 80 116 108 149 76 86 4 21 41 59 133 94 7 136 98 148 100 63 143 42 152 127 139 72 105 38 81 124 89 67 15 48 16 44 132 91 90 68 56 71 62 122 77 106 145 111 115 75 60 117 153 2 58 96 73 140 50 35 61 64 26 28 19 83 12 82 144 126 150 52 112 31 99 8 137 129 
37 138 15 117 45 17 136 122 77 75 10 88 118 143 53 126 40 72 78 147 90 99 36 114 139 1 63 121 104 94 31 41 111 82 96 116 87 12 32 35 119 93 66 113 71 95 79 120 0 24 91 103 62 7 73 30 38 152 115 100 151 140 64 98 89 68 49 92 55 39 6 133 67 142 135 16 125 18 51 110 76 56 43 83 42 23 44 130 107 13 127 101 54 150 19 112 109 11 57 123 129 128 34 5 3 148 
38 73 59 130 119 150 57 109 27 61 106 50 35 86 107 129 74 8 149 4 94 23 77 139 33 43 0 15 124 95 85 104 88 46 51 13 34 140 120 113 26 42 3 68 111 80 98 6 49 103 90 16 12 135 37 152 41 110 69 56 78 128 79 145 92 14 148 36 17 39 81 126 123 116 10 29 64 55 9 58 151 7 2 20 143 99 89 121 19 60 125 28 133 24 136 71 53 93 122 142 141 54 146 108 75 22 63 30 25 
39 125 121 43 88 98 31 94 127 71 12 35 6 36 82 151 68 132 29 86 85 102 21 70 109 50 105 123 83 34 153 16 33 95 120 118 26 28 84 51 148 47 97 100 72 77 55 122 78 75 11 136 22 23 76 9 104 124 63 111 128 143 57 67 150 107 4 10 54 15 73 117 59 38 3 142 103 37 2 52 96 134 126 64 74 25 138 135 45 79 133 99 62 115 20 27 129 7 66 8 137 58 1 89 87 90 116 13 108 53 114 14 40 61 101 92 131 130 139 
40 11 92 112 53 33 24 96 5 143 68 55 52 58 0 37 97 44 61 108 25 130 111 6 121 27 86 110 8 45 36 70 50 140 30 80 83 77 10 12 114 47 103 133 144 129 64 150 124 152 49 23 60 149 29 120 116 147 115 57 16 84 14 15 59 131 62 123 51 136 132 151 41 35 48 7 19 66 13 95 137 79 128 118 65 28 113 34 73 89 87 107 91 127 2 63 109 135 3 142 26 1 146 39 98 21 31 125 126 42 85 17 99 76 141 93 56 
41 76 52 4 139 27 85 47 69 151 138 112 135 128 111 119 100 46 64 35 25 53 14 9 94 57 90 84 118 54 44 11 10 26 74 115 7 22 37 58 92 110 56 149 87 33 102 81 132 104 129 68 144 88 124 82 101 123 36 49 19 142 38 136 137 42 55 18 61 50 109 105 83 150 125 17 23 71 148 13 77 8 40 146 93 133 145 130 1 62 3 72 66 63 106 30 79 60 98 12 67 28 122 120 0 116 126 131 97 143 127 95 2 
42 51 106 58 145 32 141 16 80 43 76 20 82 18 90 0 83 113 64 136 70 12 112 27 45 34 55 56 11 25 28 120 147 14 79 65 103 67 102 88 111 99 57 38 60 33 1 110 49 46 134 153 104 97 122 29 152 130 105 127 75 116 115 53 41 109 36 143 129 132 149 100 61 128 24 139 138 151 69 87 66 150 101 86 37 78 144 62 94 114 23 5 131 73 84 4 117 68 140 135 13 50 91 85 95 107 9 146 21 22 118 26 7 40 96 72 137 44 
43 116 36 64 103 74 55 151 34 60 134 12 39 61 97 113 6 143 112 119 107 51 87 42 78 44 109 49 9 142 94 146 141 98 4 38 58 89 26 11 117 96 148 20 48 28 76 80 135 22 0 10 127 45 105 21 145 83 53 114 131 35 63 104 13 8 32 133 3 100 50 121 149 46 52 147 18 79 72 7 77 71 115 15 86 69 102 67 123 2 144 57 59 125 16 111 93 138 126 37 33 47 54 65 136 118 150 75 23 152 91 62 5 84 129 90 122 130 
44 67 153 65 104 5 148 139 70 126 60 115 125 13 48 119 43 100 24 40 137 78 66 144 83 10 47 20 75 102 41 99 68 32 7 128 122 69 55 9 145 26 130 150 80 86 106 77 91 140 31 19 103 109 27 11 120 45 81 112 63 6 89 141 51 30 146 34 76 149 57 72 92 73 53 124 54 142 17 36 95 96 2 132 113 88 114 135 58 138 49 37 56 133 22 16 64 134 143 0 82 59 21 97 127 42 79 12 
45 6 0 19 37 153 52 51 117 85 124 136 121 18 30 148 23 107 86 68 50 33 16 79 42 133 70 134 75 147 138 72 95 32 10 128 98 106 40 125 103 135 2 91 120 11 76 63 108 43 130 129 9 48 93 87 20 111 77 44 24 26 54 82 49 17 27 145 140 99 14 122 35 143 110 144 58 56 3 97 118 71 101 66 53 47 29 80 13 102 39 139 81 104 131 31 152 7 5 126 115 112 150 61 109 100 60 69 90 28 94 65 114 22 1 151 113 105 59 89 12 141 137 78 
46 55 49 121 142 72 83 143 86 153 57 129 102 71 105 41 123 139 150 34 113 27 69 80 117 56 77 111 140 149 97 106 114 11 87 47 22 38 146 95 13 122 59 124 98 7 64 42 119 141 0 151 74 132 18 63 31 147 75 103 20 16 62 109 32 84 53 107 94 116 43 48 14 70 88 135 89 29 110 25 118 82 79 3 81 17 138 76 52 1 145 99 26 144 115 23 96 12 35 9 73 130 92 90 24 6 101 104 2 134 120 30 
47 64 142 67 93 16 96 112 32 65 41 59 84 116 124 117 152 29 27 3 153 14 107 66 136 94 135 57 6 81 44 98 68 35 50 46 28 21 140 130 39 129 40 36 78 52 69 48 60 82 114 92 85 113 20 126 128 25 88 70 146 110 143 120 58 83 123 30 9 89 144 119 73 131 76 145 13 101 15 7 118 1 54 72 31 63 34 19 5 77 45 23 121 97 125 127 90 43 2 132 79 95 148 12 17 56 139 86 151 0 122 91 49 10 99 18 111 71 138 137 62 61 11 
48 29 35 14 16 7 59 121 19 54 130 146 55 124 77 103 144 67 52 44 24 17 53 102 90 138 152 116 84 100 110 65 32 61 10 132 73 79 43 13 109 66 120 1 106 99 97 4 117 150 101 72 140 88 0 95 47 45 142 56 126 25 153 137 9 112 3 63 70 46 85 91 129 15 128 2 147 57 51 93 36 20 68 49 83 135 149 98 30 127 69 96 139 40 78 80 18 134 60 82 107 115 86 133 50 87 75 119 114 31 23 33 12 6 113 122 118 145 26 
49 46 109 58 23 61 25 97 126 101 98 16 85 53 72 64 43 107 122 36 84 51 151 102 9 3 124 6 130 90 141 115 125 137 94 134 110 33 133 4 42 22 62 38 89 17 12 105 32 144 143 127 40 132 5 71 13 131 112 45 128 41 77 34 66 80 29 113 82 99 65 15 135 138 148 37 111 48 106 149 140 7 69 120 59 70 75 153 152 147 67 114 103 8 63 57 60 44 74 93 145 150 91 73 92 47 14 0 121 119 88 81 100 
50 31 77 149 92 23 26 141 38 2 1 117 153 76 105 115 129 126 119 127 18 133 32 142 14 0 45 108 143 97 145 81 75 73 39 6 10 47 96 104 151 78 124 109 40 13 120 70 91 147 28 61 83 24 125 82 122 88 71 138 51 19 139 58 85 4 110 130 135 100 12 43 128 41 121 17 59 136 3 99 84 152 112 131 140 56 60 21 89 93 36 134 87 65 132 69 48 42 150 64 111 95 35 90 118 5 106 113 107 123 62 137 16 63 55 8 
51 102 6 134 71 129 117 70 150 97 60 26 58 42 76 141 45 104 43 100 35 52 131 15 106 32 69 116 96 67 80 8 75 124 61 153 11 49 72 142 149 148 82 74 93 133 128 13 73 64 38 123 4 39 151 17 145 146 23 121 122 28 98 132 50 27 59 83 111 113 21 44 7 12 135 107 136 85 0 14 92 86 24 78 118 110 125 91 19 48 34 16 140 138 40 33 87 77 55 63 37 89 5 56 115 20 105 95 29 130 66 144 127 101 114 31 30 120 9 137 10 57 84 25 108 
52 41 110 119 60 125 45 105 126 57 104 51 95 116 2 114 48 40 97 10 88 70 134 130 5 31 137 55 83 141 58 53 113 94 73 4 98 74 61 129 68 47 0 28 22 20 30 24 93 96 90 140 11 29 16 14 43 21 18 76 78 99 59 122 67 92 149 86 148 111 109 87 39 138 1 139 46 9 102 3 27 120 12 147 72 63 56 112 33 75 143 136 135 36 82 150 32 34 7 123 133 69 77 35 127 106 146 17 65 26 
53 85 40 150 87 4 106 125 77 148 49 55 142 37 41 48 78 107 139 119 135 108 74 3 136 140 102 16 137 30 132 95 63 20 73 2 52 104 99 146 35 68 89 131 98 141 80 116 56 138 147 79 43 121 67 152 60 92 62 117 58 0 23 42 145 46 34 118 21 128 32 5 93 122 25 44 61 84 113 111 59 110 115 27 88 29 15 12 31 45 143 82 70 91 7 13 127 130 11 8 69 144 10 97 1 123 38 24 66 22 28 71 57 14 81 39 94 83 96 18 103 151 153 
54 48 36 148 65 116 151 93 107 120 104 12 140 136 9 150 22 91 118 145 11 14 41 143 86 73 113 8 33 139 122 57 61 89 115 3 59 117 25 152 144 27 18 72 137 62 17 71 112 45 77 70 1 15 95 7 39 127 134 5 2 110 55 94 44 56 84 146 10 130 66 47 80 74 114 13 147 35 30 97 119 85 106 16 19 26 142 75 109 78 108 135 63 43 92 125 23 124 99 60 29 87 132 82 101 37 131 98 38 103 90 21 153 67 79 126 141 128 
55 46 22 76 43 149 128 2 25 77 14 48 0 35 40 109 53 134 120 56 20 116 3 30 42 88 92 52 85 17 84 15 4 90 119 61 44 129 140 74 71 39 99 67 151 111 32 115 139 57 86 11 124 63 1 75 145 101 65 10 19 148 78 117 34 41 137 18 69 27 54 37 121 93 70 24 72 16 68 123 146 97 79 144 51 38 31 103 107 143 60 100 138 132 7 8 80 21 104 152 147 98 125 13 126 6 62 114 33 58 89 64 91 73 118 87 50 29 108 82 
56 138 72 35 78 131 82 20 127 59 13 7 117 100 118 101 74 146 135 143 132 91 55 57 123 113 63 46 87 73 67 27 42 94 129 140 32 111 103 136 97 76 19 92 61 153 77 147 18 41 29 14 3 114 53 137 64 23 141 25 34 48 6 69 95 102 148 99 4 38 60 75 81 108 21 98 83 142 128 68 126 54 65 36 45 12 22 124 28 50 122 145 133 85 134 51 0 37 11 44 52 104 47 1 89 16 150 139 90 84 149 144 116 10 71 24 115 40 
57 128 132 38 8 82 151 85 52 67 46 105 112 13 134 99 41 56 26 47 113 95 148 66 103 78 54 75 86 90 100 36 76 104 101 42 28 5 9 7 31 65 33 133 83 55 93 10 153 87 94 17 40 39 44 89 144 143 145 73 14 147 48 21 115 64 131 117 0 71 126 30 59 62 96 3 80 58 43 92 12 19 69 63 61 29 116 127 91 118 150 49 120 130 136 137 25 108 110 111 106 4 79 23 15 2 53 51 114 34 142 37 60 84 121 6 
58 49 13 121 126 51 42 25 72 134 96 9 70 19 12 78 4 145 40 18 127 124 43 79 150 112 71 68 89 99 65 69 6 52 41 85 106 129 101 29 98 103 123 149 16 104 61 115 30 50 140 53 139 100 152 2 5 151 59 47 1 23 28 102 108 83 119 86 130 90 118 144 21 135 10 94 45 20 147 87 114 107 66 131 31 116 32 57 27 38 63 62 136 36 44 146 122 76 64 97 93 33 113 81 8 60 137 39 117 88 91 7 24 55 0 3 74 109 73 26 142 17 
59 38 4 143 28 108 48 144 1 47 74 56 120 71 94 138 92 152 6 22 89 81 119 105 117 13 86 127 29 7 96 46 101 110 107 88 126 2 63 93 62 54 84 97 149 118 125 135 102 51 132 122 19 85 18 133 36 115 21 82 5 58 98 67 31 99 129 40 3 128 116 145 91 52 50 90 39 78 0 139 53 49 77 57 140 79 114 11 9 137 124 111 15 134 43 147 80 66 131 113 25 103 69 26 141 121 150 14 44 32 142 130 104 34 148 45 72 61 
60 24 106 104 43 51 52 72 44 1 35 151 122 135 27 28 84 117 83 22 98 82 85 34 91 5 81 109 16 79 111 20 32 70 142 121 129 140 103 99 42 108 125 105 127 132 10 26 14 120 131 71 110 47 53 9 40 77 112 62 6 147 56 95 94 133 114 0 2 21 25 141 153 86 63 130 31 136 67 11 36 50 15 119 115 100 78 69 48 55 49 75 97 64 29 138 17 41 38 54 149 58 73 152 150 143 89 45 134 148 33 96 57 146 116 61 66 3 90 145 
61 14 49 43 38 148 15 121 130 107 132 136 93 51 98 113 65 100 40 80 151 92 103 67 153 75 79 102 11 104 131 48 16 2 86 62 5 28 7 31 54 55 8 56 119 24 89 149 52 17 129 50 146 9 90 66 139 124 20 81 3 58 72 64 118 108 137 116 41 68 84 73 123 53 126 112 42 140 85 32 35 19 106 120 133 57 105 69 97 12 18 36 6 143 70 10 45 27 141 101 114 142 94 135 30 145 39 96 76 60 138 29 95 47 59 23 4 111 
62 70 151 119 118 116 81 30 111 94 107 29 33 74 68 148 22 115 110 141 136 10 5 87 105 114 76 146 3 143 139 61 104 93 135 13 0 79 128 150 14 25 8 92 59 152 122 34 86 26 124 18 85 49 138 129 31 89 2 54 37 53 130 82 88 60 32 46 123 75 63 98 23 101 96 90 108 9 40 120 84 12 95 142 132 69 131 36 57 78 97 121 113 106 140 27 144 41 109 58 80 83 133 145 42 64 39 6 24 137 71 99 147 17 102 126 73 67 112 55 19 77 43 117 50 1 153 47 91 4 
63 139 134 130 74 1 99 114 73 69 142 118 6 108 133 27 137 150 22 12 56 135 76 125 117 80 37 53 152 123 3 84 138 19 45 124 59 89 90 104 88 32 28 46 119 55 82 75 15 44 43 98 146 10 39 62 70 48 14 67 79 101 66 36 145 102 128 29 132 127 83 85 60 87 143 153 33 131 47 91 116 51 35 78 81 57 58 25 120 41 52 49 2 4 72 109 54 5 65 7 122 106 68 111 103 94 40 121 144 23 9 149 16 34 11 97 50 38 96 0 
64 47 43 75 4 33 74 0 18 34 112 7 129 8 49 11 110 41 146 32 153 30 68 42 65 143 2 95 24 124 133 148 13 82 51 114 101 81 70 106 139 85 17 127 19 6 78 138 147 102 86 46 122 94 104 23 152 135 22 40 107 132 105 56 83 79 20 99 121 150 35 61 120 96 136 37 144 9 90 125 57 80 149 97 3 39 38 29 140 69 31 108 25 111 60 58 1 36 62 84 76 44 50 10 28 73 92 26 98 77 12 116 131 55 21 14 93 123 118 113 
65 33 132 85 99 44 47 54 103 72 26 7 107 24 2 140 122 61 64 87 147 0 48 79 131 112 130 58 42 68 139 93 136 88 138 28 92 57 78 9 111 19 116 133 30 135 127 16 150 117 17 123 55 29 142 80 143 121 31 25 141 91 149 14 82 49 76 35 32 95 56 11 109 119 67 74 34 22 90 104 113 40 18 43 63 124 77 101 50 137 148 13 70 15 98 118 45 86 4 129 8 144 12 52 97 
66 130 111 98 112 36 139 118 103 7 3 69 104 75 87 5 74 110 67 47 128 44 133 0 129 77 57 8 83 2 97 68 117 84 48 146 78 32 116 85 10 89 37 137 30 115 61 22 6 91 126 142 149 131 19 144 28 29 49 127 12 63 95 120 105 153 102 11 145 100 121 34 16 54 94 58 31 93 15 45 40 113 86 13 33 109 4 41 80 81 42 106 24 35 92 88 51 59 39 1 71 119 99 79 82 53 140 135 151 9 114 101 136 108 73 60 147 20 134 
67 32 44 113 47 112 151 146 141 99 57 127 104 82 48 11 79 51 26 86 90 3 4 66 69 119 61 25 101 95 56 121 30 8 106 100 94 140 93 6 42 27 139 10 122 55 132 88 19 143 129 77 105 53 126 116 72 91 59 153 39 145 63 28 96 12 31 109 71 52 36 9 98 147 130 1 149 73 68 65 120 89 23 43 103 37 111 92 74 131 60 137 15 20 49 150 2 33 148 84 144 35 41 117 97 135 107 62 124 54 34 142 
68 12 3 125 108 73 88 116 122 28 40 31 62 151 39 64 84 102 96 14 74 45 144 95 76 93 47 141 29 4 143 150 111 58 44 66 24 18 75 5 70 65 114 69 101 2 38 53 85 79 52 23 90 152 11 133 41 119 8 92 80 27 131 81 97 148 16 19 132 87 37 61 78 82 136 146 33 91 34 48 56 55 109 36 135 67 10 126 130 121 22 104 124 142 137 30 20 42 113 63 71 129 117 127 89 94 13 115 25 98 
69 127 9 111 31 41 136 63 19 109 140 128 141 144 124 51 81 66 135 13 139 33 67 46 138 151 21 22 30 98 82 94 114 75 58 99 122 44 131 116 105 23 70 68 12 107 10 132 47 110 121 56 149 3 5 147 72 112 113 134 38 95 100 103 76 118 17 74 55 146 18 129 6 35 101 49 62 43 48 77 20 8 115 91 4 42 64 57 119 87 60 61 108 73 133 53 11 50 106 59 88 117 71 45 85 86 28 152 96 97 52 125 34 
70 122 77 73 117 139 51 103 115 62 128 44 22 24 133 82 20 0 76 58 142 3 10 80 33 18 94 42 52 101 39 45 98 19 96 12 15 35 60 8 40 32 16 106 64 68 31 88 50 69 71 5 23 36 137 102 86 125 83 105 4 47 138 54 93 116 144 135 63 132 48 74 46 114 14 145 17 21 92 112 148 28 55 121 49 120 53 1 6 130 81 129 61 65 97 87 153 143 84 13 110 131 99 
71 133 128 51 24 118 112 9 59 147 34 88 102 146 17 149 46 131 97 39 153 92 91 28 115 25 3 129 58 145 78 111 83 148 98 13 55 70 125 75 12 127 37 136 1 130 109 60 50 84 30 90 138 139 54 49 104 100 122 120 150 80 110 137 141 132 67 29 43 123 140 41 57 36 85 45 21 82 107 73 124 8 99 126 32 23 20 62 117 68 66 38 121 108 69 6 16 53 35 152 47 151 116 101 2 94 56 143 79 76 33 
72 8 21 56 145 46 136 60 5 35 58 65 49 17 37 14 131 123 147 12 111 51 138 16 101 3 15 45 133 82 100 88 153 81 10 39 112 24 19 18 25 141 48 29 27 135 7 99 106 54 96 94 150 84 113 143 20 124 122 61 67 116 89 125 73 69 77 127 120 107 79 110 44 83 134 139 91 33 118 102 43 36 130 55 132 2 47 32 137 6 9 97 52 41 30 63 105 28 23 4 92 142 75 152 148 78 146 85 26 86 119 144 87 42 59 
73 29 38 70 74 138 107 132 78 19 34 63 23 35 68 115 135 151 101 152 26 104 145 25 122 134 125 50 56 54 113 100 17 48 51 144 53 13 146 111 119 88 52 83 92 27 87 16 121 24 90 20 21 72 112 37 28 93 94 11 18 105 114 124 80 136 147 44 15 86 47 110 57 139 106 39 140 129 61 32 22 141 130 7 67 82 108 126 4 75 89 9 128 31 71 76 36 143 97 8 91 69 42 40 14 77 46 99 60 49 12 153 64 62 118 149 142 95 30 55 66 58 131 148 
74 141 30 43 63 9 134 103 7 83 73 108 89 153 84 19 64 59 125 151 138 85 38 62 56 22 113 66 78 68 95 15 51 87 121 53 114 148 41 4 81 88 24 28 55 142 131 76 147 52 127 25 98 46 80 12 16 6 13 130 105 35 109 1 10 75 124 99 92 14 32 70 21 128 111 69 123 104 119 94 100 2 135 126 65 18 54 144 39 101 67 116 79 49 93 33 115 120 5 140 152 0 129 31 17 82 112 149 58 139 91 
75 30 90 106 139 64 137 77 127 85 103 37 130 51 66 16 151 14 50 61 12 125 45 92 44 140 129 31 143 142 34 10 57 69 68 96 2 24 105 82 119 89 99 71 39 81 121 101 112 84 107 149 25 133 63 55 46 42 79 122 150 116 74 120 152 62 110 56 15 145 23 32 13 131 88 141 26 6 1 104 113 4 78 11 135 49 73 36 123 76 132 86 109 126 128 54 95 8 0 60 35 22 28 33 52 43 48 72 117 124 29 7 83 38 148 
76 5 143 133 41 120 55 23 121 93 51 141 30 144 137 50 100 42 70 122 113 32 145 152 131 135 26 2 14 81 104 29 147 68 62 88 79 148 98 63 35 95 114 92 6 43 9 56 31 33 22 140 74 57 45 128 83 110 78 17 96 21 138 8 36 107 117 39 19 0 103 44 151 25 139 52 86 65 4 69 105 124 47 89 102 18 11 153 16 115 28 90 15 46 27 91 136 134 75 20 37 132 111 73 77 130 84 58 13 94 129 149 64 108 127 24 61 71 40 
77 70 50 130 133 75 98 139 55 48 53 113 37 100 102 38 22 46 5 121 101 84 92 103 66 86 91 99 151 145 97 82 40 19 127 39 56 144 44 87 118 138 150 149 67 1 106 25 45 15 60 128 29 112 54 72 49 27 24 79 10 34 94 141 12 33 147 13 122 16 81 43 146 117 136 35 7 41 59 78 36 69 124 96 51 153 140 8 47 142 119 76 0 85 65 131 73 132 134 80 9 23 3 114 20 107 62 64 111 11 52 123 143 
78 124 135 56 73 28 107 93 5 126 120 33 110 43 136 58 109 44 74 83 53 37 35 86 152 100 21 71 50 57 7 101 34 66 92 2 13 64 39 47 76 106 65 147 30 99 138 20 9 91 15 112 17 134 55 151 79 137 38 51 52 26 123 11 68 149 59 108 89 75 115 105 24 97 3 77 148 62 31 63 48 29 22 142 141 60 54 25 87 42 131 8 85 130 140 121 103 72 10 14 4 139 117 102 118 113 45 
79 24 3 131 16 140 132 112 10 128 67 35 99 9 93 147 144 129 22 45 76 58 61 65 23 101 60 143 152 27 89 48 123 92 28 42 115 21 148 62 20 12 68 31 106 95 119 37 81 83 1 53 5 102 141 64 117 75 107 18 142 116 77 78 72 15 127 121 63 38 17 84 43 29 111 104 98 82 153 96 4 133 114 46 108 90 55 146 59 19 136 130 74 149 40 39 32 145 47 41 135 110 137 30 11 124 57 66 151 87 54 105 71 44 34 
80 32 145 25 105 35 42 51 114 142 70 81 9 61 8 113 46 128 7 138 34 6 11 115 23 10 33 63 40 103 43 133 44 100 137 3 86 119 38 136 17 139 53 134 74 118 101 36 83 95 98 108 68 20 65 88 71 96 4 49 104 140 73 122 152 102 151 150 121 64 123 16 149 89 54 24 14 57 131 48 45 148 0 130 62 117 66 132 91 85 18 2 59 111 144 87 55 1 77 141 21 116 15 13 22 30 99 106 153 90 94 29 
81 116 150 130 89 93 11 82 62 134 105 140 69 110 127 23 142 59 125 80 76 47 121 94 84 0 50 60 131 92 86 29 98 112 25 74 64 72 136 126 31 148 97 41 28 75 87 102 9 79 95 119 132 61 129 44 103 120 17 22 115 106 68 117 90 56 5 111 100 30 36 101 77 114 18 2 38 141 16 124 128 46 147 83 20 63 122 12 66 45 133 10 58 70 33 138 143 123 3 99 104 109 53 35 13 49 145 19 107 26 
82 105 152 57 56 110 134 6 29 81 102 70 67 42 14 39 60 121 83 132 24 107 144 51 31 100 64 69 72 86 125 118 84 11 145 77 1 37 130 75 131 101 129 17 140 3 22 35 23 137 50 116 47 151 122 18 63 127 108 41 16 62 136 5 45 59 119 33 10 133 111 94 91 65 49 79 0 68 146 135 128 46 20 153 95 73 27 8 25 7 117 71 123 53 48 26 115 104 13 142 15 88 36 54 66 109 150 9 34 52 44 74 97 90 148 30 55 
83 142 18 104 102 147 115 74 46 100 90 127 137 60 82 42 78 9 124 141 26 44 149 109 66 151 39 20 52 89 71 87 40 11 73 6 116 110 22 30 126 17 76 117 107 113 50 99 93 79 43 94 57 138 80 64 28 51 88 70 108 92 7 97 3 47 136 72 2 125 105 58 101 41 56 33 150 48 119 139 98 63 13 10 131 15 24 95 81 31 134 34 19 121 135 1 62 37 123 112 36 145 129 144 133 53 75 35 91 148 130 103 
84 106 136 24 122 150 74 141 47 133 151 111 90 60 30 146 127 145 94 9 68 120 49 148 41 10 48 8 81 1 77 121 109 4 55 118 108 123 39 66 82 105 63 129 88 93 36 124 33 3 125 149 59 6 153 71 75 72 104 144 46 23 29 40 152 79 7 61 147 97 135 110 102 62 140 53 54 98 50 113 14 18 116 17 100 86 101 128 119 76 0 67 143 28 95 64 42 34 137 89 70 16 11 56 25 12 2 19 85 139 57 43 51 132 
85 0 65 41 53 109 57 132 16 45 75 112 49 144 74 27 34 60 125 39 38 88 97 152 55 33 137 4 64 126 130 58 111 66 91 68 116 110 153 62 118 128 19 47 121 59 50 89 25 114 51 107 117 113 123 48 138 134 105 133 150 21 9 86 1 119 12 13 63 101 94 71 7 148 61 15 93 87 6 140 147 120 2 54 143 56 124 80 77 30 146 78 20 127 23 136 3 103 42 69 31 26 72 22 28 108 92 84 90 14 40 139 122 35 
86 10 134 151 128 107 90 141 143 95 21 38 16 140 46 126 34 20 131 32 67 122 19 30 14 23 99 45 39 22 142 81 115 26 129 87 77 54 59 78 61 112 29 40 82 57 11 17 152 0 133 44 80 104 64 135 62 1 150 124 121 18 97 55 70 5 36 92 51 149 136 76 130 27 73 123 7 58 113 117 60 85 52 9 118 127 43 6 139 94 137 3 146 119 138 66 75 109 144 84 88 13 8 42 120 48 145 114 35 110 12 47 102 2 72 65 69 125 25 147 106 
87 9 53 98 13 43 66 116 14 151 62 65 108 120 56 142 74 86 15 46 91 83 136 128 0 37 8 41 77 97 73 81 95 88 45 138 137 135 126 17 57 89 100 148 68 127 132 30 111 130 141 133 63 52 7 58 110 51 85 93 23 12 27 69 92 109 34 21 149 42 3 101 78 28 144 106 50 16 96 80 125 40 54 150 48 70 19 121 31 39 18 79 139 124 134 153 72 55 115 25 10 
88 39 21 68 71 17 37 15 133 89 22 0 132 36 111 136 52 138 140 76 5 100 85 55 25 29 38 98 32 24 14 74 35 120 72 135 84 70 73 59 119 147 42 11 123 67 26 65 27 107 31 48 6 63 87 50 41 83 124 62 19 47 20 18 80 152 126 97 46 75 142 121 129 151 34 112 106 127 53 110 44 145 108 128 90 86 28 10 105 93 66 82 141 125 114 69 144 58 131 146 116 1 49 117 101 7 
89 4 128 81 74 26 143 18 97 106 135 88 22 90 100 59 138 146 95 132 15 43 27 151 6 152 35 124 98 79 2 83 104 58 9 13 118 127 21 91 103 54 61 134 75 53 63 66 149 49 147 25 136 110 62 115 31 99 121 117 11 44 137 72 85 87 32 114 133 153 108 47 57 37 112 46 36 33 76 78 141 120 80 67 19 93 0 111 139 96 73 145 51 24 92 130 50 38 105 17 144 7 122 102 40 23 56 10 84 39 131 126 60 34 68 1 123 148 29 12 55 113 5 109 45 
90 111 0 75 140 128 34 109 86 116 83 84 93 124 67 21 2 89 133 14 42 127 147 41 110 48 7 11 37 96 6 32 49 103 152 101 55 57 33 22 63 9 68 61 95 114 71 120 18 73 105 38 23 97 25 24 17 100 148 143 134 52 92 107 139 81 8 62 64 59 28 113 31 112 115 123 58 118 36 79 76 130 144 136 99 12 65 27 135 94 108 5 151 16 125 88 91 20 26 47 3 106 35 153 117 138 19 46 50 39 45 56 54 85 142 82 43 15 80 60 126 
91 153 26 106 102 121 124 29 25 129 141 151 114 96 146 54 56 71 60 112 125 144 147 22 77 140 95 111 87 93 45 3 50 92 89 110 85 123 98 105 44 33 149 94 119 133 37 66 100 97 18 30 78 131 15 115 136 5 67 28 82 65 135 138 72 48 51 59 6 128 139 122 21 120 31 23 0 68 134 9 107 127 36 16 63 69 76 13 113 53 57 90 109 80 73 32 142 49 35 103 40 42 47 104 58 8 118 14 55 43 83 137 62 17 74 
92 40 50 123 110 135 15 137 128 0 13 109 59 27 93 11 6 151 138 129 100 71 142 35 61 101 133 81 75 32 77 23 55 76 150 127 112 56 79 124 91 78 41 108 73 31 62 119 107 121 5 65 26 47 122 24 53 98 83 68 136 86 90 106 51 74 29 44 22 38 99 18 34 97 52 70 37 12 3 115 30 130 28 95 126 67 117 153 57 114 87 113 89 131 120 66 125 10 140 54 149 72 21 1 19 49 46 64 85 16 7 39 146 9 
93 2 47 15 81 76 142 78 132 54 121 143 125 90 99 100 22 31 61 92 5 147 79 103 12 20 133 32 10 127 33 151 68 112 19 123 51 11 7 25 62 152 91 67 135 84 17 8 111 65 59 108 13 37 83 107 114 36 106 126 57 34 45 52 131 116 18 96 30 70 23 73 97 141 53 16 29 115 102 94 48 124 55 122 98 14 24 85 89 41 87 66 118 27 130 43 134 50 153 88 4 74 3 49 58 144 38 145 95 26 21 129 146 6 117 64 40 
94 18 97 10 142 126 4 153 143 59 62 132 39 0 150 13 120 136 84 38 119 129 43 41 47 70 98 1 28 81 33 12 56 26 105 116 69 37 131 95 141 8 67 49 99 52 106 111 14 34 64 5 23 20 16 102 91 125 83 139 144 35 72 135 100 122 30 117 112 36 57 32 73 82 107 46 60 25 77 134 3 11 114 93 54 2 15 74 58 27 96 85 29 130 86 66 151 90 110 121 42 76 115 145 6 113 109 133 17 68 63 45 19 61 118 108 53 9 31 71 138 80 
95 149 86 97 123 127 52 108 14 89 74 68 64 38 19 57 67 45 0 112 8 29 20 76 46 17 91 53 39 94 136 147 118 125 101 15 109 36 4 141 100 144 87 79 23 48 37 32 81 90 143 98 137 80 56 7 3 107 131 105 54 69 60 145 124 106 6 66 138 139 119 128 122 126 28 62 65 99 102 44 82 110 35 83 92 21 153 11 117 40 113 75 26 133 27 51 47 96 84 150 24 152 10 146 50 148 93 42 31 104 9 73 30 140 114 61 41 
96 26 9 20 133 124 47 10 136 109 40 33 30 58 51 113 91 68 27 0 23 145 19 126 90 50 13 125 102 43 70 34 25 153 105 114 99 59 75 101 29 106 37 110 6 132 76 120 72 52 144 93 4 143 98 17 80 64 100 62 142 32 111 67 137 141 79 107 14 7 123 44 118 39 94 3 48 77 57 28 89 24 138 31 35 36 21 150 15 122 147 112 108 151 95 87 46 2 152 18 115 69 12 60 61 53 5 42 63 
97 132 94 143 51 36 133 49 43 35 123 95 89 137 138 106 17 1 140 115 71 6 40 52 5 50 127 142 0 10 46 126 118 9 85 12 139 66 21 19 25 56 29 77 39 23 11 48 116 81 28 87 59 42 86 135 129 91 107 90 24 120 3 13 128 102 26 93 68 83 20 88 100 136 92 112 105 121 84 32 153 33 64 78 110 8 55 151 45 103 62 22 122 54 15 4 72 145 149 73 47 60 61 58 104 130 67 134 53 70 31 131 114 111 16 124 82 69 44 63 141 119 113 41 146 65 
98 145 66 112 39 119 87 77 49 108 104 35 6 141 61 34 60 94 43 47 11 70 131 143 76 25 7 100 45 135 69 8 109 81 12 88 89 111 30 46 71 139 13 52 5 127 58 53 142 38 3 91 74 121 130 27 15 51 99 95 110 120 80 123 22 92 63 59 96 16 62 133 144 36 140 149 37 116 151 136 105 117 23 79 29 1 56 107 138 67 33 2 48 83 84 93 21 103 132 113 129 19 20 128 147 41 152 65 55 10 14 4 54 64 106 126 40 115 125 68 
99 115 110 151 63 25 65 17 112 67 146 142 16 101 23 93 4 79 86 3 57 116 30 130 118 37 124 122 77 44 15 126 96 58 102 20 69 119 94 136 48 149 60 55 42 21 53 133 100 111 137 75 83 105 19 98 78 104 72 113 9 89 12 108 64 107 24 56 14 59 74 106 49 92 121 52 5 1 114 50 45 141 95 145 6 11 33 147 90 46 103 22 120 148 38 39 13 138 71 153 18 54 123 62 73 66 31 7 81 109 29 140 47 28 35 80 36 70 40 
100 108 16 83 150 24 51 11 116 56 76 93 41 140 77 2 89 44 61 92 142 120 9 30 149 48 121 28 132 22 88 137 78 82 98 73 34 135 67 72 57 23 39 105 124 1 146 80 99 153 95 106 15 91 94 143 133 90 58 71 21 37 50 18 69 43 87 96 36 97 81 134 103 119 3 152 12 74 66 131 138 42 145 5 112 25 104 29 110 33 60 19 84 10 113 55 141 144 125 111 45 129 117 8 127 148 109 13 49 35 101 
101 35 3 106 11 21 49 99 121 7 105 135 24 0 114 123 56 73 139 151 115 32 107 70 92 72 67 77 79 118 141 128 64 27 33 90 152 78 59 96 95 57 6 129 68 28 58 82 144 34 48 142 131 26 2 133 30 108 80 75 143 138 136 25 41 29 5 55 109 147 15 117 62 63 112 153 134 102 13 81 83 137 9 140 19 47 22 69 85 8 148 14 126 74 45 116 125 17 84 104 87 42 16 103 130 65 54 51 145 37 61 119 66 122 71 12 39 88 132 46 18 1 31 100 
102 131 51 83 151 91 6 82 147 14 35 115 46 71 77 68 48 34 0 49 39 7 21 61 44 11 26 96 140 53 122 103 99 128 42 141 149 27 4 64 127 29 41 10 145 81 94 30 134 18 17 70 59 79 144 137 152 106 125 56 28 97 116 142 33 58 136 72 101 108 63 93 80 66 119 84 76 148 95 124 112 43 117 120 9 52 146 123 45 2 118 104 110 15 23 89 62 86 138 111 31 105 114 16 5 78 1 20 126 132 
103 43 9 136 135 153 70 74 150 151 65 115 120 48 66 75 148 141 142 13 36 4 93 61 121 131 16 132 27 77 6 57 102 56 90 149 45 107 133 80 19 42 116 106 60 118 89 26 23 18 137 40 8 58 31 143 44 38 15 37 147 81 46 34 140 20 76 30 144 69 110 122 100 21 1 145 152 39 128 146 32 98 124 108 67 97 55 11 99 49 126 114 111 119 101 29 91 78 59 25 63 85 125 54 14 5 53 83 129 
104 7 83 60 2 44 147 148 114 139 143 3 117 123 129 51 52 67 106 98 54 122 66 120 130 133 73 23 76 107 111 38 118 61 35 50 62 115 31 136 37 89 110 57 20 53 16 86 64 42 151 63 36 99 41 153 58 29 142 27 137 13 43 71 17 140 84 39 33 135 19 80 21 0 149 79 144 131 119 132 128 74 18 25 75 1 100 109 108 32 126 6 124 68 65 15 101 45 138 82 113 146 152 102 30 56 97 55 127 24 116 91 81 150 95 28 59 105 46 
105 82 141 106 80 52 134 142 146 81 101 50 57 117 46 151 150 8 113 10 62 2 147 35 39 59 17 19 94 96 128 84 23 139 100 69 135 143 75 60 34 21 91 16 99 43 111 25 64 67 49 29 132 116 125 90 152 114 74 70 42 144 95 73 4 126 85 136 98 31 83 5 36 66 76 41 97 32 127 131 78 133 123 148 121 0 140 107 6 138 129 137 61 88 51 108 89 72 130 118 124 7 3 145 120 30 102 104 45 26 122 79 153 
106 84 141 75 60 91 25 15 110 105 101 42 38 53 97 104 51 21 89 126 150 34 111 12 128 46 30 139 121 20 140 122 45 29 70 67 64 96 48 103 28 58 94 44 24 35 100 3 117 79 78 22 112 72 93 33 113 0 77 102 125 147 2 14 81 135 92 145 148 134 99 95 73 5 49 88 127 151 10 11 1 36 143 61 62 153 123 27 54 41 9 66 90 87 118 63 114 69 57 108 146 116 98 50 120 80 7 19 109 52 86 
107 147 86 17 14 10 73 78 43 61 8 54 38 62 65 134 49 47 21 45 11 53 101 104 131 138 82 26 19 30 23 33 103 59 36 139 124 69 28 29 92 32 83 88 93 64 144 3 75 97 76 79 99 127 95 51 72 151 128 130 90 85 94 46 39 34 98 117 6 7 96 116 15 91 109 137 136 22 35 149 58 4 27 105 71 55 126 146 118 48 113 2 0 37 108 40 13 114 120 119 9 142 67 145 77 115 42 5 25 50 129 135 122 81 
108 150 23 59 148 100 74 22 63 141 68 30 98 10 14 32 135 121 13 95 112 152 29 50 40 132 87 53 153 26 151 122 84 27 18 144 92 4 45 60 93 149 35 136 8 101 36 82 83 80 99 109 61 125 130 89 56 138 62 137 119 102 58 78 134 0 5 79 103 73 117 34 104 88 90 12 64 146 3 54 105 69 1 96 15 57 145 106 107 76 123 71 142 39 128 94 38 116 19 85 140 17 126 127 66 16 33 55 51 
109 143 9 49 12 7 38 90 26 115 85 119 69 92 96 16 22 113 150 18 0 55 110 43 35 78 111 32 20 133 83 39 60 13 30 1 84 28 112 151 124 98 146 50 48 140 120 21 141 95 125 36 71 148 44 3 138 128 74 118 11 6 101 108 46 5 34 42 33 67 41 132 8 122 123 107 65 10 68 52 130 145 104 24 153 127 62 75 86 87 66 54 91 63 139 136 129 94 147 31 82 144 45 81 99 116 37 152 40 142 58 106 89 100 
110 99 52 92 106 82 133 78 14 131 109 81 64 124 9 112 8 62 122 66 123 90 48 143 32 40 16 34 142 59 144 149 104 49 41 83 128 91 96 126 42 6 85 76 31 148 121 69 60 89 98 26 135 27 113 10 50 47 38 75 72 4 146 71 51 103 73 111 46 138 54 84 25 141 120 114 152 2 97 134 53 45 127 95 20 87 5 88 151 11 37 30 100 119 19 15 35 150 94 102 79 140 28 57 86 129 136 153 70 139 117 116 21 12 17 
111 90 66 69 4 33 62 113 32 147 84 149 123 1 41 109 19 146 88 141 72 106 104 12 131 46 40 14 125 60 121 34 29 23 129 56 68 138 71 91 98 73 37 94 31 42 93 85 35 99 38 137 55 105 151 5 65 119 152 134 45 51 145 17 39 148 82 136 24 16 96 128 81 79 114 110 127 74 150 49 132 115 87 120 52 53 0 8 36 67 89 122 130 59 116 140 13 20 76 43 103 64 3 142 139 21 133 57 80 63 28 100 50 97 102 25 118 47 77 9 61 
112 66 98 140 137 47 67 40 99 71 43 79 64 85 41 150 28 110 23 57 108 91 42 117 27 93 114 147 151 12 109 58 95 86 65 81 92 3 146 142 19 7 72 6 11 106 35 75 5 17 44 60 77 48 54 49 73 18 94 69 149 78 24 116 14 113 134 1 123 101 145 89 31 22 124 97 33 90 26 70 141 88 10 61 102 120 2 100 153 50 144 29 32 30 133 121 148 9 96 83 25 143 52 21 20 15 45 4 13 37 62 36 118 74 0 135 
113 134 67 150 146 138 23 43 6 111 4 109 77 149 8 76 124 140 96 128 74 105 61 46 42 57 56 80 142 153 152 54 114 73 147 24 125 120 31 20 0 52 38 3 17 25 16 30 83 37 99 106 47 145 126 72 139 9 51 110 136 69 135 85 112 49 12 15 129 117 90 86 35 33 144 75 53 116 84 11 98 44 62 34 18 91 14 66 95 92 65 100 104 107 27 7 32 58 40 5 19 68 59 119 94 133 48 50 131 13 141 89 45 121 97 132 78 64 
114 6 9 1 63 104 135 18 145 5 52 101 26 142 144 80 36 0 91 148 152 62 143 33 112 126 46 37 113 2 74 30 76 64 28 96 20 69 123 137 136 68 40 16 140 56 93 90 47 43 105 127 129 34 89 85 3 73 60 151 120 70 7 12 130 111 94 150 99 81 147 32 110 79 58 138 54 59 29 115 44 22 116 92 49 131 103 42 23 10 86 106 125 133 107 139 117 17 88 48 77 97 51 61 146 66 134 45 39 55 102 118 57 24 132 95 
115 99 117 70 83 109 103 137 44 102 14 50 22 73 97 150 62 15 101 141 29 71 148 122 25 80 86 33 104 49 16 41 79 30 54 20 66 123 55 147 26 89 32 58 120 143 91 59 135 3 138 81 42 37 40 21 116 93 127 90 111 57 121 43 28 130 78 92 53 76 151 142 17 36 152 69 114 60 149 51 13 82 131 144 74 1 94 48 46 39 128 35 118 153 18 45 0 125 10 107 96 12 68 129 98 11 19 87 27 136 56 126 
116 43 81 22 14 62 31 54 90 47 131 140 100 52 68 5 51 8 2 28 141 142 12 87 99 55 48 146 137 25 94 3 69 103 148 37 117 83 124 66 97 35 85 151 128 133 152 53 132 138 36 82 4 121 65 105 32 15 20 93 67 72 75 42 34 102 40 70 112 79 61 18 1 46 30 17 145 98 136 115 59 130 10 123 107 113 38 149 63 101 58 74 84 111 33 114 57 16 9 80 104 11 106 0 39 88 109 6 108 64 110 71 56 143 41 60 118 122 144 
117 144 115 70 51 32 37 104 45 3 148 147 50 56 47 29 105 60 120 25 9 129 112 46 59 43 63 135 142 122 133 66 126 16 28 7 116 153 48 121 83 33 119 106 8 23 54 1 34 79 76 89 94 65 53 81 85 55 101 134 17 151 98 141 138 149 39 12 113 86 107 131 77 57 21 102 82 152 108 127 92 0 36 137 95 130 19 118 128 123 80 20 146 26 90 67 42 11 124 71 10 114 58 69 68 100 75 14 110 62 88 78 93 150 4 
118 26 139 119 62 71 152 131 63 132 66 1 56 142 11 37 54 148 41 128 99 104 97 34 101 84 20 39 28 82 153 89 95 103 14 121 22 122 77 141 126 80 85 59 6 144 145 127 109 61 29 53 51 72 69 138 46 58 90 86 96 47 143 31 45 120 93 117 146 124 57 134 107 40 130 102 125 5 0 106 12 8 43 115 105 65 2 32 9 136 73 21 50 111 94 123 91 112 114 4 55 42 116 48 78 64 
119 153 52 38 62 118 9 98 109 129 43 41 50 8 137 44 94 127 134 13 67 53 34 33 59 26 143 24 120 128 121 150 32 55 99 73 18 1 88 61 75 80 92 46 37 19 117 79 91 81 0 111 68 63 135 145 124 82 132 25 133 10 11 151 29 28 108 47 5 104 95 58 20 102 130 100 131 85 14 83 74 122 65 31 86 54 77 23 60 69 35 110 6 84 103 3 126 4 66 113 21 107 48 101 72 49 139 140 146 138 27 97 7 123 2 
120 76 128 126 127 123 135 121 103 7 59 78 54 151 94 117 104 17 55 84 100 124 22 87 122 137 150 119 113 39 31 42 50 109 88 48 45 38 147 10 36 6 96 60 37 132 29 90 34 98 149 44 115 81 97 130 153 40 71 75 12 3 16 72 64 47 114 4 62 144 24 66 26 91 20 14 134 110 111 23 112 89 49 67 70 102 13 21 148 118 30 28 85 61 143 99 52 125 139 63 140 15 0 92 136 57 5 25 145 86 74 27 107 41 51 105 8 106 146 133 32 46 
121 14 130 39 7 46 58 48 76 91 120 8 93 101 61 45 134 108 123 82 103 81 26 100 77 2 84 74 67 40 17 36 106 111 16 37 119 60 28 118 19 51 117 98 92 152 86 75 110 73 116 53 138 69 89 85 126 132 30 64 125 25 65 1 135 43 79 31 99 147 142 50 12 139 88 148 97 137 20 115 80 55 66 70 3 105 62 32 144 68 83 47 112 94 29 38 122 151 78 5 71 87 59 149 128 146 63 49 0 153 57 113 27 4 21 150 
122 70 84 2 17 124 21 32 37 60 68 9 76 149 104 86 33 65 144 49 110 140 14 24 73 126 5 115 26 120 4 151 102 99 6 34 117 106 15 108 54 46 69 44 67 118 39 8 145 62 64 51 10 50 148 42 11 92 94 82 59 72 75 71 138 129 130 133 127 80 139 103 134 77 95 52 13 137 91 53 109 45 93 119 31 0 131 36 123 97 111 56 81 125 7 25 20 58 96 121 28 152 63 89 142 147 19 29 41 47 38 150 30 23 3 135 1 101 48 18 107 153 105 22 116 85 43 
123 7 120 92 135 22 97 104 30 95 12 111 148 101 34 19 141 46 121 10 134 72 35 110 26 56 149 93 140 142 39 31 51 24 84 79 63 114 152 88 91 58 28 115 13 33 29 98 41 3 65 133 14 23 62 128 47 6 112 4 85 78 129 86 1 40 74 61 90 116 21 109 71 80 38 96 55 136 105 138 18 17 122 43 75 130 106 102 82 117 15 83 151 137 145 5 127 99 53 108 81 146 132 89 131 118 0 52 50 37 77 126 119 27 64 144 
124 28 96 78 122 16 30 7 91 149 45 129 47 48 12 90 69 26 147 113 110 23 51 1 140 152 35 83 58 139 38 120 136 64 49 99 14 109 34 142 21 50 89 46 4 27 135 92 100 107 141 84 116 63 32 3 131 62 86 8 20 40 61 55 41 88 145 72 119 39 74 73 95 24 29 112 36 76 9 93 44 81 102 15 103 77 59 56 6 151 126 104 118 85 71 68 2 65 54 130 117 79 153 105 132 11 97 75 133 87 67 128 25 144 125 
125 39 32 19 22 68 52 53 93 44 74 7 153 13 81 85 12 8 73 91 75 144 132 111 63 96 126 113 49 45 82 35 137 34 14 95 131 133 21 71 6 84 109 60 31 141 143 50 94 59 105 70 102 135 106 72 25 121 9 148 108 83 15 51 152 64 24 0 136 5 41 30 26 4 17 37 140 101 43 122 90 120 129 47 92 118 18 128 28 54 38 87 114 100 29 88 10 55 115 20 33 86 1 103 134 69 40 130 98 138 150 11 124 
126 127 120 7 29 58 94 11 49 52 26 44 138 147 86 78 50 22 37 149 106 4 122 97 96 114 32 6 136 125 99 23 117 85 135 59 81 10 139 110 83 25 118 21 144 93 18 66 15 48 113 67 121 130 87 47 2 137 88 105 9 3 132 17 95 150 56 151 38 61 74 57 39 5 73 101 145 92 68 104 142 31 124 75 107 134 103 43 13 20 141 119 71 0 45 62 89 36 55 148 133 98 108 14 24 41 40 123 12 115 54 102 90 
127 126 21 69 120 24 30 75 56 35 67 95 139 28 83 50 138 39 81 26 84 129 90 152 119 33 58 93 97 13 4 18 59 0 92 150 34 143 89 14 77 64 133 2 22 102 43 74 98 130 60 71 134 141 49 65 82 118 151 128 23 42 114 10 107 72 16 79 136 66 122 36 87 54 115 111 135 146 144 105 63 91 3 48 106 86 88 110 140 8 117 25 109 57 53 47 85 123 6 51 104 137 37 40 76 29 12 68 100 149 5 153 44 108 145 27 52 9 41 
128 71 89 86 120 57 90 149 15 55 70 153 35 92 69 19 129 34 41 79 24 113 134 0 66 80 5 106 118 144 36 51 45 101 119 102 105 44 148 135 87 62 76 110 116 3 85 6 4 136 109 133 127 77 47 28 97 16 140 49 39 31 107 150 123 8 38 53 50 152 74 111 59 48 95 63 91 104 30 82 56 103 131 81 42 146 142 12 147 137 88 17 11 117 73 75 40 98 84 22 125 145 20 115 1 13 139 7 25 138 121 26 108 124 32 18 37 54 
129 51 146 135 119 104 124 64 137 128 46 28 91 50 38 133 23 7 127 94 35 79 92 117 19 150 33 86 66 142 75 71 56 111 131 84 148 60 55 152 47 9 58 101 16 18 12 61 52 29 82 45 40 21 67 62 41 97 149 81 24 11 114 34 3 122 13 59 31 123 48 8 6 42 113 88 73 0 69 5 98 141 130 105 26 125 147 25 2 30 76 70 39 109 83 110 15 68 100 74 20 93 138 132 65 107 115 43 37 36 103 
130 66 121 13 63 149 38 81 77 144 14 151 48 36 142 61 19 12 75 28 20 148 104 141 52 40 99 49 16 0 3 65 15 47 85 44 2 4 82 137 140 127 45 98 22 71 132 74 138 23 62 136 42 120 126 31 25 50 152 108 107 122 86 6 114 116 72 27 58 119 147 73 87 115 67 60 109 54 17 133 131 92 24 94 90 146 111 7 123 41 129 79 68 5 117 80 93 145 89 118 76 57 37 134 29 53 101 18 78 70 105 51 97 10 135 124 46 32 35 139 33 30 34 59 125 39 83 43 
131 102 32 31 79 151 56 118 152 116 51 110 86 71 29 76 72 6 107 9 111 103 81 98 61 129 65 27 2 94 24 69 125 74 82 124 53 4 101 20 18 60 3 13 8 136 132 93 43 23 66 91 139 49 14 153 68 149 95 148 40 75 30 12 104 47 144 22 117 119 57 105 128 100 83 145 147 122 62 130 146 63 50 58 67 1 80 114 92 133 115 45 17 19 78 11 34 138 42 59 28 77 5 89 97 0 142 70 88 54 123 113 64 15 41 39 73 
132 13 97 65 29 57 138 73 93 85 79 118 94 61 14 9 33 133 88 39 56 82 22 108 89 103 100 125 21 19 48 18 32 3 53 144 15 27 28 67 5 46 2 69 96 60 116 41 64 140 130 81 120 141 51 105 131 49 59 145 31 121 119 147 148 70 139 68 71 87 26 126 42 104 63 111 109 35 150 36 40 72 62 8 12 98 44 142 24 75 76 134 80 149 0 137 47 55 50 23 151 77 54 124 25 123 129 114 7 101 6 113 84 1 135 102 
133 71 76 96 0 29 77 97 110 84 63 149 22 32 70 7 129 50 88 90 132 104 138 93 109 139 17 150 66 92 45 51 64 152 14 72 18 117 147 103 135 80 125 35 86 148 127 99 49 6 144 40 116 101 5 142 57 91 68 20 65 100 75 128 59 16 123 36 27 82 119 43 89 98 30 34 10 60 122 4 9 85 79 87 105 130 19 37 134 8 41 61 3 56 33 131 24 95 140 62 28 112 81 39 31 69 44 2 48 111 11 38 114 113 94 137 124 126 83 52 120 12 
134 51 86 63 113 43 0 74 82 105 81 58 121 141 25 3 33 12 55 107 123 6 57 2 128 119 73 18 52 24 45 10 8 30 22 150 27 49 89 146 151 142 80 42 32 17 19 127 102 13 111 4 1 90 69 78 26 106 72 117 112 137 35 136 34 101 85 94 100 122 54 145 120 139 91 152 108 110 39 14 153 133 83 149 147 76 11 5 59 16 56 48 126 132 118 93 9 50 130 97 44 77 114 60 31 87 125 140 7 66 46 
135 103 153 138 129 120 92 78 123 114 152 60 147 101 41 89 73 69 20 25 108 56 76 17 47 63 53 3 117 98 62 100 45 36 128 88 133 124 43 126 93 105 142 26 86 28 64 72 32 29 148 97 59 94 65 119 125 110 87 115 2 38 145 51 11 7 50 104 0 106 113 70 121 143 91 49 19 46 27 23 149 127 84 151 82 9 48 58 74 75 139 68 8 37 90 39 15 83 44 54 79 31 130 42 66 136 67 34 52 30 122 21 61 40 112 107 10 132 
136 84 103 1 72 21 69 6 96 37 45 142 22 78 61 94 54 62 47 42 88 124 53 126 23 26 56 104 95 114 99 81 137 87 65 80 108 8 152 71 5 12 89 101 39 128 131 34 130 148 27 82 91 29 92 113 153 51 41 36 83 111 127 64 134 86 105 73 0 102 116 98 97 68 50 125 20 77 40 18 107 140 123 17 19 24 60 90 35 147 76 79 58 120 15 57 43 4 109 38 85 110 135 52 146 145 118 25 66 32 115 149 28 
137 33 32 112 75 92 35 97 115 76 129 34 83 119 7 44 63 20 100 52 13 139 120 25 116 53 49 125 151 144 85 149 114 8 22 143 136 146 29 140 80 130 103 99 111 148 66 82 56 95 54 70 24 102 48 104 87 3 89 138 141 61 41 78 126 134 71 6 108 55 14 96 122 30 121 101 153 21 107 16 0 147 23 86 59 67 72 128 117 26 40 105 132 57 68 65 123 79 152 62 17 84 58 39 127 133 51 36 47 28 50 91 9 42 19 45 
138 16 56 37 135 132 73 113 97 126 41 59 15 36 11 74 143 127 35 89 92 133 48 88 72 107 69 80 45 29 152 23 111 147 63 5 30 146 18 64 1 65 21 77 116 53 62 83 101 78 121 76 50 71 109 87 130 2 122 137 70 115 144 91 142 108 85 17 95 49 118 117 110 13 22 98 51 100 52 3 114 46 123 42 39 27 96 86 25 105 153 43 44 104 151 141 99 55 60 8 131 90 81 33 102 7 128 20 129 24 6 47 148 10 149 119 94 125 34 61 
139 63 118 21 75 70 41 104 44 77 66 127 35 101 18 46 144 69 38 17 133 124 53 106 3 137 37 62 97 146 4 54 15 105 64 143 107 65 67 98 126 5 80 152 12 61 94 55 7 28 71 24 147 142 19 2 113 50 131 58 30 148 11 90 153 72 76 132 23 122 36 95 73 91 121 31 26 134 59 83 0 1 135 141 140 86 48 145 42 13 52 89 32 120 16 45 109 111 9 8 47 128 114 149 130 110 56 151 87 29 84 119 78 25 39 74 85 22 
140 90 112 14 22 86 79 69 149 23 116 31 146 81 100 97 113 54 124 65 122 13 12 24 88 30 46 75 123 53 56 102 106 91 47 147 6 40 109 67 38 35 60 55 76 137 15 17 2 130 32 145 82 44 114 48 132 4 7 58 104 128 103 52 37 98 80 3 5 73 144 45 51 101 84 21 71 49 136 61 142 59 139 127 34 85 77 9 62 50 105 0 64 125 111 25 120 133 36 92 110 1 78 42 74 148 66 152 18 99 108 134 119 95 27 19 
141 74 106 105 67 50 86 51 76 84 142 150 2 42 108 148 69 153 13 35 134 103 116 98 123 91 62 130 43 115 111 83 34 33 9 68 18 19 49 101 8 146 52 14 94 109 10 21 25 124 102 95 72 53 118 46 125 127 152 132 12 56 79 44 137 27 65 17 77 71 151 5 93 15 117 75 60 96 145 73 110 99 89 112 87 81 139 31 129 78 147 126 138 11 0 100 16 6 80 88 1 59 61 22 143 38 32 144 113 149 97 40 45 54 
142 83 151 47 46 14 94 1 130 93 99 63 141 105 136 145 4 118 144 70 53 116 114 103 50 81 80 19 29 43 149 92 100 86 51 113 97 87 31 123 129 117 148 75 124 110 60 2 35 12 112 74 16 150 135 134 98 101 10 133 0 28 48 34 66 104 11 152 139 30 65 79 102 41 96 138 7 33 121 88 3 56 39 44 62 21 128 140 115 132 37 27 126 77 78 54 82 68 111 91 26 122 143 17 24 72 25 32 107 38 131 108 73 61 40 59 109 57 22 90 58 67 146 
143 109 76 59 97 24 46 147 89 86 104 94 43 93 7 40 18 138 37 8 56 64 20 50 114 15 17 110 98 54 119 62 68 75 79 25 0 137 127 139 21 105 28 12 22 103 153 125 67 101 95 49 100 31 72 145 115 90 96 65 2 150 47 39 146 27 135 5 36 42 23 57 45 63 118 34 106 120 53 85 55 73 38 32 84 30 19 112 152 6 52 61 3 81 142 44 33 60 70 141 116 35 10 71 13 41 77 
144 117 148 8 20 2 130 59 152 76 33 28 69 48 85 27 142 16 114 139 122 79 1 44 68 91 23 82 125 128 151 32 73 12 132 3 137 110 29 14 108 77 133 101 95 40 7 126 107 54 153 94 49 41 118 102 96 26 30 84 0 70 105 66 98 138 103 64 47 120 104 57 11 140 131 145 6 127 113 58 22 45 74 90 55 24 43 62 121 18 112 86 46 42 67 115 89 87 10 53 80 100 93 51 36 31 9 88 109 146 15 83 141 63 56 72 13 65 124 116 123 
145 24 153 98 80 7 72 28 27 42 142 14 20 114 76 58 84 151 73 50 54 146 96 147 71 77 19 82 51 44 148 0 149 122 140 12 102 43 118 13 113 124 132 9 55 143 119 111 135 53 67 106 95 16 38 29 75 112 6 116 70 63 34 17 59 57 45 134 152 15 47 141 144 103 66 99 100 131 109 36 139 126 46 41 88 89 4 56 97 130 5 8 62 79 23 120 94 128 86 123 49 108 83 1 11 3 101 35 93 107 105 136 61 127 22 81 48 60 
146 129 113 67 24 48 149 99 105 11 14 20 29 140 71 84 56 64 91 111 89 43 6 145 28 62 116 12 46 139 141 109 73 66 112 138 137 51 100 27 134 152 53 26 61 25 34 153 63 44 47 22 3 143 110 5 23 148 15 68 13 82 69 127 77 18 54 103 9 55 128 79 131 41 130 16 102 86 118 108 107 117 58 32 104 85 151 30 106 35 144 95 1 123 136 114 72 88 121 38 93 42 40 120 60 119 92 97 52 142 17 
147 19 107 150 83 104 143 117 111 21 126 71 102 135 16 3 148 124 11 90 93 79 72 30 37 105 76 65 45 145 112 91 113 133 140 138 42 95 50 88 120 56 74 64 12 78 53 89 115 27 46 29 103 139 4 106 31 152 5 69 132 40 60 32 101 24 43 121 73 77 25 17 18 84 57 48 34 130 114 6 67 131 58 81 137 149 9 99 54 134 136 85 0 153 128 49 10 28 52 26 129 141 96 59 23 98 13 122 62 109 55 2 86 66 151 15 22 
148 22 144 151 108 44 104 61 54 117 141 123 21 53 103 147 3 32 45 62 130 5 114 84 118 23 76 51 115 28 57 64 142 43 14 74 128 35 39 71 129 145 116 79 150 133 81 149 137 110 122 20 11 135 109 19 136 90 56 139 125 55 111 26 68 16 131 9 106 132 34 36 87 146 15 18 38 49 121 33 70 102 52 30 10 41 101 85 105 78 120 1 80 67 112 99 17 47 65 140 13 152 72 24 95 126 60 12 89 100 138 153 59 82 83 73 75 37 
149 50 25 130 128 95 55 31 146 124 140 28 111 133 113 122 71 18 38 19 126 142 100 83 20 51 123 12 46 30 103 3 137 110 99 102 61 23 145 34 41 84 148 108 89 58 77 59 29 91 151 7 129 2 36 75 66 14 120 40 69 15 6 8 112 131 17 44 43 86 65 98 10 24 104 26 117 135 33 78 150 52 42 48 64 49 67 80 147 9 107 116 134 153 79 16 97 87 115 132 76 32 92 60 4 139 121 13 73 21 127 27 56 74 63 138 141 136 0 5 
150 108 147 81 23 38 113 51 103 53 84 100 141 27 109 94 112 12 105 115 46 54 22 8 11 63 106 133 129 29 31 7 58 68 120 92 119 15 127 134 3 142 62 44 35 148 48 77 13 86 40 9 72 65 26 64 75 25 151 71 21 143 14 128 17 39 6 19 34 85 111 80 114 126 149 2 41 83 132 18 24 67 57 96 42 28 110 5 32 49 43 87 50 60 95 45 56 82 36 37 59 104 122 153 52 125 117 10 121 
151 0 142 86 3 43 99 148 102 26 62 67 131 130 57 103 41 54 5 84 60 19 120 73 74 105 91 68 10 92 39 145 101 87 75 61 14 49 6 93 69 144 16 36 112 21 83 122 89 109 50 28 77 108 1 137 51 153 12 2 134 55 116 46 104 31 149 111 82 127 150 58 17 107 119 78 37 76 114 141 117 98 22 25 80 135 88 34 126 106 40 97 115 110 42 94 30 124 90 38 32 20 7 138 123 96 4 146 121 132 47 15 66 139 79 8 71 23 45 53 147 35 152 
152 82 144 118 131 135 59 47 76 73 15 127 124 108 25 48 114 24 113 0 78 133 85 138 89 79 16 93 63 90 101 123 86 33 129 18 146 35 62 139 68 116 136 64 121 141 54 42 40 53 111 105 142 102 32 17 147 58 37 38 75 30 130 88 84 128 36 125 80 2 23 145 26 100 103 1 134 13 110 19 50 117 7 27 4 115 10 49 3 153 12 104 143 122 98 45 137 60 96 55 95 140 74 72 148 43 109 71 69 21 22 29 14 151 
153 119 145 91 103 27 8 135 44 94 45 128 74 141 50 46 5 125 21 35 64 51 47 71 6 4 61 29 113 15 108 39 18 96 118 72 151 13 56 30 117 100 25 42 20 85 143 24 23 84 146 144 31 104 32 48 57 17 120 131 136 67 1 89 33 139 101 26 3 79 60 66 10 137 97 7 82 76 63 134 112 77 49 22 149 0 95 92 106 109 147 34 36 138 152 93 99 90 9 115 124 70 73 110 16 150 2 87 127 62 121 54 80 53 122 148 105 
