0 137 
0 163 
0 74 
0 114 
0 2 
0 57 
0 100 
0 46 
0 37 
0 134 
0 144 
0 30 
0 133 
0 61 
0 83 
0 12 
0 13 
0 89 
0 44 
0 35 
0 85 
0 73 
0 151 
0 91 
0 160 
0 139 
0 119 
0 125 
0 102 
0 78 
0 79 
0 170 
0 126 
0 167 
0 75 
0 87 
0 69 
0 143 
0 77 
0 141 
0 7 
0 153 
0 120 
0 47 
0 135 
0 41 
0 109 
0 64 
1 68 
1 36 
1 11 
1 82 
1 146 
1 153 
1 29 
1 119 
1 156 
1 125 
1 155 
1 108 
1 159 
1 83 
1 105 
1 79 
1 65 
1 25 
1 69 
1 169 
1 127 
1 140 
1 107 
1 123 
1 139 
1 28 
1 87 
1 38 
1 41 
1 19 
1 97 
1 9 
1 13 
1 100 
1 163 
1 22 
1 15 
1 130 
1 93 
1 166 
1 42 
1 147 
1 137 
1 126 
1 132 
1 3 
2 48 
2 161 
2 0 
2 6 
2 44 
2 14 
2 76 
2 150 
2 5 
2 23 
2 65 
2 92 
2 139 
2 31 
2 17 
2 63 
2 50 
2 36 
2 35 
2 109 
2 167 
2 135 
2 157 
2 55 
2 88 
2 115 
2 121 
2 98 
2 79 
2 128 
2 21 
2 117 
2 72 
2 140 
2 148 
2 54 
2 84 
2 46 
2 107 
2 45 
2 99 
2 20 
2 123 
2 138 
2 158 
2 154 
2 39 
2 18 
2 15 
2 137 
2 159 
2 82 
2 28 
2 68 
2 134 
3 28 
3 50 
3 4 
3 133 
3 38 
3 14 
3 86 
3 9 
3 57 
3 75 
3 36 
3 110 
3 145 
3 147 
3 106 
3 43 
3 104 
3 85 
3 169 
3 127 
3 108 
3 146 
3 32 
3 25 
3 160 
3 120 
3 69 
3 5 
3 114 
3 115 
3 77 
3 95 
3 61 
3 64 
3 89 
3 159 
3 90 
3 35 
3 96 
3 150 
3 88 
3 161 
3 129 
3 74 
3 82 
3 164 
3 33 
3 78 
3 8 
3 1 
3 76 
3 168 
3 163 
4 89 
4 28 
4 3 
4 116 
4 101 
4 64 
4 44 
4 48 
4 74 
4 71 
4 65 
4 54 
4 142 
4 50 
4 13 
4 49 
4 93 
4 135 
4 123 
4 32 
4 144 
4 67 
4 138 
4 132 
4 161 
4 26 
4 105 
4 15 
4 130 
4 109 
4 27 
4 166 
4 82 
4 120 
4 80 
4 91 
4 81 
4 145 
4 159 
4 111 
4 141 
4 30 
4 43 
4 98 
4 73 
4 6 
4 103 
4 41 
4 158 
4 92 
4 163 
4 37 
4 61 
4 122 
4 40 
4 25 
4 121 
4 76 
4 39 
4 129 
4 134 
4 136 
5 90 
5 56 
5 8 
5 50 
5 2 
5 148 
5 43 
5 63 
5 159 
5 140 
5 117 
5 84 
5 32 
5 116 
5 11 
5 53 
5 143 
5 28 
5 7 
5 89 
5 73 
5 95 
5 42 
5 146 
5 167 
5 3 
5 59 
5 127 
5 15 
5 138 
5 108 
5 10 
5 139 
5 22 
5 51 
5 60 
5 69 
5 151 
5 106 
5 46 
5 23 
5 75 
6 72 
6 51 
6 2 
6 40 
6 138 
6 31 
6 83 
6 67 
6 124 
6 150 
6 152 
6 103 
6 119 
6 18 
6 58 
6 142 
6 151 
6 146 
6 55 
6 133 
6 99 
6 86 
6 81 
6 149 
6 12 
6 130 
6 129 
6 44 
6 82 
6 4 
6 80 
6 102 
6 61 
6 13 
6 162 
6 17 
6 79 
6 53 
6 157 
6 26 
6 70 
6 163 
6 91 
6 20 
6 90 
7 62 
7 156 
7 11 
7 155 
7 134 
7 150 
7 27 
7 94 
7 109 
7 8 
7 33 
7 68 
7 117 
7 84 
7 169 
7 21 
7 47 
7 64 
7 162 
7 132 
7 5 
7 151 
7 147 
7 166 
7 159 
7 142 
7 44 
7 12 
7 163 
7 14 
7 115 
7 103 
7 63 
7 42 
7 36 
7 50 
7 137 
7 39 
7 58 
7 9 
7 148 
7 0 
7 97 
7 131 
7 154 
7 114 
7 61 
7 88 
7 136 
7 10 
7 140 
8 5 
8 78 
8 94 
8 48 
8 43 
8 51 
8 19 
8 64 
8 24 
8 169 
8 55 
8 7 
8 104 
8 76 
8 25 
8 91 
8 123 
8 122 
8 85 
8 30 
8 52 
8 108 
8 38 
8 67 
8 111 
8 151 
8 165 
8 96 
8 105 
8 103 
8 161 
8 89 
8 46 
8 124 
8 65 
8 148 
8 134 
8 22 
8 168 
8 139 
8 141 
8 153 
8 83 
8 119 
8 40 
8 35 
8 137 
8 97 
8 149 
8 92 
8 68 
8 84 
8 117 
8 74 
8 9 
8 3 
8 170 
8 107 
9 142 
9 78 
9 134 
9 69 
9 85 
9 3 
9 90 
9 136 
9 25 
9 120 
9 19 
9 166 
9 74 
9 99 
9 47 
9 20 
9 89 
9 39 
9 124 
9 34 
9 48 
9 33 
9 27 
9 37 
9 170 
9 128 
9 70 
9 94 
9 1 
9 86 
9 169 
9 79 
9 30 
9 84 
9 72 
9 149 
9 61 
9 87 
9 139 
9 7 
9 101 
9 62 
9 146 
9 145 
9 159 
9 58 
9 100 
9 132 
9 82 
9 8 
9 54 
9 155 
10 15 
10 138 
10 120 
10 155 
10 139 
10 116 
10 127 
10 152 
10 146 
10 34 
10 52 
10 81 
10 96 
10 54 
10 83 
10 47 
10 95 
10 66 
10 23 
10 147 
10 132 
10 67 
10 21 
10 89 
10 94 
10 90 
10 153 
10 166 
10 17 
10 45 
10 170 
10 5 
10 167 
10 160 
10 92 
10 117 
10 69 
10 71 
10 104 
10 79 
10 26 
10 58 
10 150 
10 129 
10 41 
10 140 
10 164 
10 7 
11 51 
11 71 
11 97 
11 1 
11 101 
11 77 
11 7 
11 147 
11 124 
11 141 
11 20 
11 110 
11 126 
11 5 
11 149 
11 76 
11 17 
11 135 
11 100 
11 38 
11 75 
11 105 
11 60 
11 84 
11 39 
11 159 
11 32 
11 132 
11 133 
11 28 
11 30 
11 42 
11 145 
11 34 
11 162 
11 22 
11 163 
11 109 
11 104 
11 55 
11 146 
11 94 
11 31 
11 121 
11 117 
11 23 
11 56 
11 21 
11 45 
12 126 
12 84 
12 131 
12 137 
12 65 
12 115 
12 39 
12 135 
12 159 
12 17 
12 48 
12 0 
12 90 
12 53 
12 95 
12 156 
12 46 
12 141 
12 107 
12 7 
12 64 
12 162 
12 13 
12 15 
12 6 
12 72 
12 122 
12 145 
12 166 
12 58 
12 158 
12 83 
12 104 
12 167 
12 106 
12 25 
12 153 
12 60 
12 157 
12 130 
12 168 
12 169 
12 35 
12 22 
12 45 
12 75 
12 62 
13 145 
13 163 
13 97 
13 4 
13 110 
13 69 
13 71 
13 109 
13 20 
13 0 
13 135 
13 106 
13 30 
13 134 
13 92 
13 137 
13 115 
13 103 
13 143 
13 142 
13 43 
13 36 
13 156 
13 102 
13 12 
13 52 
13 1 
13 161 
13 44 
13 90 
13 108 
13 85 
13 133 
13 55 
13 22 
13 93 
13 121 
13 6 
13 94 
13 149 
13 139 
13 15 
13 39 
13 87 
13 73 
13 105 
13 123 
13 154 
13 80 
13 19 
14 134 
14 29 
14 42 
14 123 
14 2 
14 114 
14 164 
14 3 
14 26 
14 110 
14 100 
14 72 
14 101 
14 57 
14 111 
14 81 
14 135 
14 66 
14 24 
14 97 
14 144 
14 126 
14 99 
14 30 
14 7 
14 83 
14 108 
14 131 
14 17 
14 15 
14 86 
14 40 
14 65 
14 41 
14 120 
14 148 
14 39 
14 115 
14 55 
14 153 
14 116 
14 107 
14 121 
14 59 
14 45 
15 10 
15 168 
15 148 
15 43 
15 115 
15 120 
15 42 
15 23 
15 105 
15 129 
15 87 
15 75 
15 100 
15 19 
15 166 
15 169 
15 84 
15 112 
15 4 
15 103 
15 165 
15 153 
15 55 
15 159 
15 12 
15 46 
15 32 
15 5 
15 92 
15 38 
15 126 
15 14 
15 147 
15 21 
15 1 
15 162 
15 160 
15 90 
15 117 
15 167 
15 88 
15 2 
15 30 
15 67 
15 13 
15 164 
15 71 
15 59 
15 89 
15 93 
15 37 
15 116 
15 134 
16 91 
16 107 
16 126 
16 132 
16 18 
16 153 
16 97 
16 55 
16 146 
16 52 
16 117 
16 59 
16 137 
16 78 
16 93 
16 32 
16 118 
16 89 
16 82 
16 98 
16 41 
16 54 
16 157 
16 33 
16 28 
16 62 
16 113 
16 164 
16 125 
16 36 
16 31 
16 26 
16 68 
16 129 
16 58 
16 85 
16 112 
16 71 
16 148 
16 86 
16 161 
16 43 
16 34 
16 40 
16 48 
16 94 
16 92 
16 134 
16 20 
16 56 
16 169 
17 28 
17 146 
17 94 
17 89 
17 76 
17 37 
17 126 
17 49 
17 63 
17 35 
17 68 
17 125 
17 87 
17 2 
17 54 
17 165 
17 122 
17 157 
17 12 
17 152 
17 124 
17 127 
17 18 
17 11 
17 106 
17 140 
17 44 
17 118 
17 85 
17 41 
17 81 
17 141 
17 154 
17 134 
17 10 
17 39 
17 72 
17 143 
17 91 
17 14 
17 167 
17 151 
17 160 
17 47 
17 24 
17 129 
17 34 
17 74 
17 102 
17 156 
17 166 
17 6 
17 60 
17 149 
17 103 
17 136 
17 88 
17 145 
17 84 
17 31 
17 158 
17 20 
17 27 
18 114 
18 63 
18 94 
18 42 
18 140 
18 136 
18 73 
18 16 
18 133 
18 90 
18 120 
18 35 
18 112 
18 29 
18 113 
18 122 
18 166 
18 17 
18 105 
18 89 
18 6 
18 129 
18 125 
18 75 
18 52 
18 160 
18 88 
18 20 
18 115 
18 118 
18 107 
18 134 
18 154 
18 142 
18 93 
18 51 
18 130 
18 25 
18 138 
18 137 
18 44 
18 57 
18 2 
18 81 
18 22 
18 64 
18 148 
18 110 
18 65 
18 155 
18 36 
18 116 
18 139 
18 153 
19 35 
19 101 
19 91 
19 168 
19 47 
19 64 
19 8 
19 55 
19 9 
19 124 
19 157 
19 106 
19 143 
19 153 
19 15 
19 151 
19 166 
19 68 
19 59 
19 111 
19 83 
19 72 
19 93 
19 119 
19 163 
19 1 
19 146 
19 75 
19 40 
19 132 
19 56 
19 66 
19 36 
19 137 
19 82 
19 131 
19 139 
19 43 
19 41 
19 144 
19 112 
19 85 
19 95 
19 156 
19 78 
19 149 
19 88 
19 120 
19 26 
19 138 
19 70 
19 21 
19 92 
19 13 
19 63 
20 93 
20 127 
20 101 
20 129 
20 155 
20 68 
20 53 
20 146 
20 153 
20 98 
20 75 
20 29 
20 60 
20 11 
20 95 
20 81 
20 13 
20 106 
20 74 
20 97 
20 9 
20 78 
20 157 
20 108 
20 117 
20 131 
20 57 
20 21 
20 30 
20 158 
20 91 
20 136 
20 18 
20 170 
20 138 
20 102 
20 2 
20 69 
20 141 
20 67 
20 119 
20 115 
20 110 
20 77 
20 134 
20 52 
20 86 
20 104 
20 23 
20 16 
20 17 
20 6 
21 50 
21 24 
21 49 
21 75 
21 168 
21 85 
21 43 
21 87 
21 27 
21 163 
21 61 
21 135 
21 7 
21 10 
21 100 
21 20 
21 65 
21 92 
21 74 
21 48 
21 60 
21 144 
21 2 
21 84 
21 119 
21 158 
21 37 
21 53 
21 32 
21 145 
21 161 
21 15 
21 102 
21 150 
21 80 
21 143 
21 71 
21 169 
21 136 
21 40 
21 132 
21 30 
21 55 
21 98 
21 126 
21 46 
21 137 
21 141 
21 110 
21 19 
21 11 
21 133 
22 131 
22 103 
22 96 
22 158 
22 82 
22 153 
22 125 
22 138 
22 51 
22 110 
22 113 
22 73 
22 63 
22 134 
22 78 
22 55 
22 122 
22 105 
22 47 
22 112 
22 40 
22 72 
22 65 
22 70 
22 140 
22 52 
22 1 
22 8 
22 156 
22 121 
22 119 
22 23 
22 84 
22 117 
22 160 
22 5 
22 170 
22 162 
22 13 
22 81 
22 53 
22 149 
22 11 
22 18 
22 12 
22 61 
22 67 
22 42 
22 38 
22 74 
23 164 
23 49 
23 97 
23 82 
23 140 
23 37 
23 117 
23 96 
23 24 
23 147 
23 2 
23 15 
23 136 
23 143 
23 34 
23 63 
23 78 
23 162 
23 99 
23 133 
23 27 
23 10 
23 55 
23 149 
23 116 
23 76 
23 74 
23 56 
23 33 
23 38 
23 81 
23 22 
23 67 
23 168 
23 108 
23 91 
23 125 
23 79 
23 86 
23 109 
23 130 
23 120 
23 142 
23 146 
23 102 
23 73 
23 20 
23 110 
23 5 
23 35 
23 11 
24 21 
24 127 
24 156 
24 55 
24 100 
24 132 
24 23 
24 30 
24 134 
24 118 
24 85 
24 8 
24 35 
24 31 
24 152 
24 93 
24 103 
24 166 
24 105 
24 95 
24 106 
24 14 
24 120 
24 43 
24 86 
24 150 
24 136 
24 104 
24 161 
24 84 
24 111 
24 170 
24 162 
24 69 
24 29 
24 167 
24 48 
24 64 
24 88 
24 101 
24 47 
24 151 
24 142 
24 130 
24 82 
24 17 
24 107 
24 125 
24 96 
24 78 
24 149 
24 45 
24 80 
24 129 
24 66 
24 89 
24 123 
25 166 
25 45 
25 170 
25 161 
25 30 
25 135 
25 128 
25 9 
25 140 
25 8 
25 1 
25 79 
25 127 
25 71 
25 55 
25 32 
25 138 
25 105 
25 97 
25 150 
25 52 
25 149 
25 88 
25 3 
25 50 
25 73 
25 90 
25 54 
25 125 
25 154 
25 117 
25 165 
25 42 
25 93 
25 18 
25 101 
25 12 
25 130 
25 162 
25 4 
25 49 
25 44 
25 62 
25 43 
25 99 
25 156 
25 70 
25 159 
25 57 
25 160 
26 95 
26 148 
26 106 
26 33 
26 14 
26 161 
26 134 
26 89 
26 32 
26 151 
26 125 
26 92 
26 121 
26 84 
26 159 
26 46 
26 4 
26 71 
26 48 
26 34 
26 61 
26 107 
26 127 
26 50 
26 135 
26 123 
26 122 
26 16 
26 153 
26 170 
26 52 
26 28 
26 90 
26 117 
26 130 
26 98 
26 69 
26 29 
26 146 
26 6 
26 116 
26 158 
26 66 
26 131 
26 10 
26 162 
26 96 
26 19 
26 45 
27 80 
27 141 
27 32 
27 148 
27 59 
27 102 
27 31 
27 45 
27 104 
27 7 
27 49 
27 152 
27 103 
27 111 
27 62 
27 68 
27 56 
27 21 
27 144 
27 142 
27 33 
27 85 
27 48 
27 23 
27 126 
27 158 
27 150 
27 4 
27 9 
27 115 
27 113 
27 117 
27 70 
27 84 
27 159 
27 138 
27 44 
27 37 
27 165 
27 72 
27 57 
27 157 
27 78 
27 100 
27 73 
27 140 
27 28 
27 71 
27 153 
27 122 
27 164 
27 17 
27 89 
27 149 
28 17 
28 4 
28 89 
28 3 
28 159 
28 30 
28 110 
28 143 
28 133 
28 84 
28 124 
28 107 
28 81 
28 170 
28 33 
28 57 
28 52 
28 137 
28 102 
28 42 
28 5 
28 1 
28 129 
28 140 
28 157 
28 139 
28 58 
28 118 
28 31 
28 92 
28 98 
28 105 
28 69 
28 16 
28 11 
28 132 
28 74 
28 163 
28 103 
28 26 
28 149 
28 95 
28 100 
28 2 
28 50 
28 76 
28 72 
28 27 
28 36 
29 102 
29 14 
29 1 
29 88 
29 119 
29 148 
29 163 
29 145 
29 20 
29 18 
29 81 
29 71 
29 113 
29 151 
29 53 
29 170 
29 41 
29 107 
29 39 
29 84 
29 105 
29 76 
29 91 
29 78 
29 83 
29 34 
29 122 
29 24 
29 66 
29 75 
29 132 
29 43 
29 108 
29 69 
29 144 
29 74 
29 156 
29 80 
29 120 
29 64 
29 114 
29 26 
29 127 
29 147 
29 90 
29 131 
29 158 
30 150 
30 112 
30 161 
30 78 
30 97 
30 24 
30 25 
30 28 
30 98 
30 70 
30 0 
30 169 
30 154 
30 101 
30 86 
30 73 
30 117 
30 8 
30 13 
30 110 
30 87 
30 20 
30 166 
30 151 
30 14 
30 94 
30 38 
30 48 
30 9 
30 134 
30 55 
30 4 
30 45 
30 11 
30 111 
30 114 
30 131 
30 36 
30 120 
30 148 
30 21 
30 85 
30 15 
30 116 
30 79 
30 81 
30 142 
30 71 
30 41 
30 157 
30 54 
30 139 
31 115 
31 122 
31 39 
31 125 
31 27 
31 127 
31 6 
31 140 
31 67 
31 2 
31 113 
31 24 
31 134 
31 86 
31 132 
31 165 
31 158 
31 100 
31 91 
31 73 
31 161 
31 131 
31 62 
31 33 
31 72 
31 107 
31 87 
31 112 
31 28 
31 99 
31 32 
31 16 
31 57 
31 103 
31 60 
31 153 
31 155 
31 38 
31 119 
31 48 
31 147 
31 11 
31 17 
31 169 
31 154 
32 97 
32 27 
32 151 
32 95 
32 166 
32 92 
32 146 
32 38 
32 26 
32 168 
32 152 
32 117 
32 82 
32 5 
32 4 
32 94 
32 71 
32 63 
32 25 
32 69 
32 16 
32 76 
32 50 
32 3 
32 11 
32 56 
32 79 
32 42 
32 84 
32 41 
32 70 
32 77 
32 15 
32 21 
32 31 
32 162 
32 48 
32 131 
32 105 
32 120 
32 47 
32 113 
32 72 
32 153 
32 40 
32 91 
32 138 
32 52 
32 123 
32 85 
32 116 
32 139 
32 136 
32 35 
33 169 
33 26 
33 152 
33 93 
33 145 
33 43 
33 95 
33 102 
33 37 
33 148 
33 122 
33 156 
33 99 
33 28 
33 139 
33 7 
33 27 
33 118 
33 67 
33 129 
33 52 
33 9 
33 127 
33 31 
33 150 
33 79 
33 126 
33 88 
33 106 
33 16 
33 138 
33 23 
33 146 
33 59 
33 109 
33 61 
33 110 
33 55 
33 60 
33 91 
33 142 
33 62 
33 90 
33 3 
33 134 
33 161 
33 82 
34 86 
34 45 
34 99 
34 69 
34 115 
34 131 
34 93 
34 10 
34 81 
34 106 
34 23 
34 57 
34 128 
34 161 
34 160 
34 152 
34 159 
34 151 
34 75 
34 156 
34 112 
34 38 
34 52 
34 74 
34 9 
34 146 
34 62 
34 41 
34 102 
34 26 
34 67 
34 83 
34 29 
34 142 
34 46 
34 98 
34 140 
34 17 
34 116 
34 11 
34 65 
34 135 
34 114 
34 96 
34 95 
34 85 
34 169 
34 87 
34 16 
34 42 
34 100 
34 133 
35 76 
35 19 
35 131 
35 49 
35 51 
35 161 
35 115 
35 17 
35 154 
35 60 
35 18 
35 24 
35 141 
35 71 
35 96 
35 129 
35 119 
35 163 
35 105 
35 2 
35 91 
35 126 
35 135 
35 0 
35 142 
35 56 
35 120 
35 166 
35 147 
35 78 
35 86 
35 106 
35 162 
35 156 
35 148 
35 144 
35 125 
35 82 
35 45 
35 130 
35 113 
35 139 
35 57 
35 84 
35 3 
35 143 
35 121 
35 8 
35 167 
35 12 
35 136 
35 94 
35 50 
35 23 
35 32 
36 1 
36 79 
36 109 
36 75 
36 72 
36 70 
36 106 
36 150 
36 149 
36 148 
36 98 
36 71 
36 3 
36 62 
36 66 
36 51 
36 2 
36 153 
36 39 
36 131 
36 114 
36 167 
36 91 
36 138 
36 119 
36 124 
36 13 
36 19 
36 7 
36 87 
36 16 
36 134 
36 102 
36 50 
36 143 
36 168 
36 49 
36 30 
36 68 
36 113 
36 157 
36 142 
36 121 
36 105 
36 57 
36 61 
36 161 
36 18 
36 28 
36 160 
37 111 
37 23 
37 161 
37 17 
37 84 
37 0 
37 33 
37 80 
37 40 
37 131 
37 87 
37 110 
37 122 
37 64 
37 78 
37 101 
37 147 
37 119 
37 62 
37 85 
37 96 
37 9 
37 102 
37 45 
37 160 
37 92 
37 61 
37 82 
37 21 
37 148 
37 27 
37 73 
37 4 
37 113 
37 118 
37 42 
37 74 
37 91 
37 93 
37 90 
37 133 
37 99 
37 15 
37 112 
37 69 
37 108 
38 81 
38 168 
38 89 
38 3 
38 145 
38 108 
38 130 
38 79 
38 133 
38 91 
38 32 
38 153 
38 134 
38 76 
38 170 
38 34 
38 8 
38 11 
38 131 
38 114 
38 1 
38 98 
38 49 
38 50 
38 124 
38 121 
38 23 
38 68 
38 30 
38 63 
38 64 
38 95 
38 15 
38 138 
38 87 
38 83 
38 72 
38 126 
38 43 
38 31 
38 78 
38 53 
38 56 
38 113 
38 142 
38 70 
38 122 
38 132 
38 22 
38 106 
38 152 
38 86 
39 31 
39 148 
39 135 
39 142 
39 138 
39 90 
39 155 
39 12 
39 97 
39 71 
39 64 
39 75 
39 88 
39 113 
39 49 
39 145 
39 36 
39 29 
39 98 
39 9 
39 107 
39 69 
39 66 
39 165 
39 76 
39 81 
39 11 
39 101 
39 157 
39 17 
39 105 
39 104 
39 115 
39 7 
39 137 
39 2 
39 102 
39 156 
39 83 
39 131 
39 14 
39 61 
39 106 
39 13 
39 45 
39 4 
39 86 
39 77 
39 108 
39 54 
39 91 
39 153 
40 132 
40 69 
40 165 
40 65 
40 140 
40 98 
40 6 
40 160 
40 149 
40 48 
40 161 
40 97 
40 37 
40 116 
40 58 
40 85 
40 53 
40 131 
40 99 
40 141 
40 68 
40 22 
40 86 
40 84 
40 108 
40 19 
40 105 
40 158 
40 52 
40 14 
40 114 
40 145 
40 73 
40 4 
40 21 
40 8 
40 32 
40 111 
40 16 
40 117 
40 143 
40 81 
41 96 
41 119 
41 131 
41 56 
41 84 
41 66 
41 121 
41 149 
41 160 
41 42 
41 72 
41 67 
41 103 
41 116 
41 138 
41 74 
41 58 
41 29 
41 150 
41 162 
41 144 
41 86 
41 154 
41 57 
41 124 
41 17 
41 63 
41 47 
41 34 
41 51 
41 1 
41 99 
41 16 
41 126 
41 32 
41 110 
41 87 
41 55 
41 111 
41 132 
41 129 
41 4 
41 19 
41 14 
41 52 
41 161 
41 98 
41 164 
41 135 
41 30 
41 0 
41 94 
41 64 
41 75 
41 10 
41 152 
42 18 
42 46 
42 111 
42 14 
42 99 
42 132 
42 88 
42 77 
42 15 
42 83 
42 101 
42 41 
42 47 
42 72 
42 145 
42 158 
42 28 
42 84 
42 140 
42 137 
42 61 
42 32 
42 5 
42 78 
42 96 
42 92 
42 141 
42 123 
42 7 
42 118 
42 73 
42 116 
42 65 
42 25 
42 11 
42 120 
42 93 
42 102 
42 91 
42 44 
42 51 
42 37 
42 164 
42 1 
42 74 
42 125 
42 165 
42 153 
42 148 
42 34 
42 56 
42 170 
42 22 
42 75 
42 66 
42 149 
42 143 
42 67 
42 98 
43 15 
43 92 
43 110 
43 79 
43 58 
43 48 
43 155 
43 33 
43 55 
43 8 
43 21 
43 5 
43 62 
43 149 
43 68 
43 153 
43 107 
43 148 
43 115 
43 3 
43 159 
43 143 
43 52 
43 116 
43 167 
43 59 
43 51 
43 24 
43 46 
43 85 
43 108 
43 162 
43 50 
43 13 
43 165 
43 96 
43 135 
43 93 
43 154 
43 99 
43 29 
43 67 
43 4 
43 98 
43 19 
43 132 
43 38 
43 146 
43 25 
43 16 
43 141 
43 60 
43 70 
43 63 
43 103 
44 116 
44 162 
44 2 
44 89 
44 4 
44 139 
44 55 
44 99 
44 112 
44 155 
44 60 
44 167 
44 0 
44 17 
44 136 
44 107 
44 166 
44 154 
44 147 
44 66 
44 7 
44 49 
44 13 
44 118 
44 114 
44 90 
44 6 
44 124 
44 52 
44 27 
44 123 
44 47 
44 18 
44 86 
44 121 
44 42 
44 25 
44 153 
44 159 
44 58 
44 115 
44 169 
44 85 
44 168 
44 87 
44 80 
45 87 
45 72 
45 25 
45 34 
45 56 
45 133 
45 27 
45 118 
45 74 
45 91 
45 153 
45 119 
45 165 
45 129 
45 125 
45 104 
45 156 
45 107 
45 90 
45 63 
45 67 
45 120 
45 103 
45 69 
45 52 
45 143 
45 92 
45 58 
45 106 
45 37 
45 130 
45 113 
45 124 
45 10 
45 134 
45 94 
45 2 
45 136 
45 35 
45 30 
45 160 
45 59 
45 88 
45 115 
45 126 
45 75 
45 47 
45 83 
45 39 
45 139 
45 12 
45 24 
45 60 
45 142 
45 61 
45 144 
45 168 
45 26 
45 114 
45 14 
45 11 
46 108 
46 102 
46 42 
46 0 
46 137 
46 81 
46 26 
46 149 
46 43 
46 12 
46 134 
46 67 
46 96 
46 51 
46 122 
46 60 
46 15 
46 136 
46 78 
46 138 
46 64 
46 34 
46 160 
46 8 
46 2 
46 65 
46 105 
46 72 
46 161 
46 50 
46 111 
46 167 
46 90 
46 97 
46 76 
46 21 
46 154 
46 159 
46 5 
46 165 
46 68 
47 19 
47 104 
47 125 
47 42 
47 48 
47 88 
47 109 
47 10 
47 82 
47 9 
47 157 
47 7 
47 138 
47 22 
47 170 
47 132 
47 120 
47 41 
47 81 
47 149 
47 57 
47 97 
47 92 
47 83 
47 123 
47 131 
47 24 
47 100 
47 32 
47 17 
47 44 
47 80 
47 156 
47 45 
47 142 
47 0 
47 151 
47 163 
47 65 
48 2 
48 140 
48 92 
48 85 
48 96 
48 78 
48 127 
48 61 
48 43 
48 4 
48 8 
48 40 
48 119 
48 47 
48 110 
48 103 
48 12 
48 124 
48 27 
48 90 
48 71 
48 120 
48 158 
48 9 
48 21 
48 146 
48 26 
48 52 
48 154 
48 57 
48 82 
48 73 
48 105 
48 24 
48 30 
48 32 
48 134 
48 166 
48 155 
48 131 
48 139 
48 31 
48 164 
48 16 
48 109 
49 23 
49 124 
49 21 
49 83 
49 112 
49 35 
49 17 
49 78 
49 110 
49 27 
49 4 
49 170 
49 71 
49 163 
49 121 
49 52 
49 39 
49 167 
49 104 
49 93 
49 165 
49 144 
49 137 
49 57 
49 159 
49 64 
49 38 
49 44 
49 140 
49 120 
49 111 
49 133 
49 168 
49 114 
49 138 
49 36 
49 82 
49 59 
49 25 
49 146 
49 125 
49 53 
49 113 
49 79 
50 21 
50 126 
50 111 
50 3 
50 77 
50 5 
50 4 
50 81 
50 158 
50 83 
50 2 
50 151 
50 96 
50 170 
50 99 
50 86 
50 154 
50 32 
50 43 
50 51 
50 25 
50 38 
50 73 
50 26 
50 167 
50 146 
50 7 
50 36 
50 139 
50 46 
50 166 
50 106 
50 125 
50 123 
50 105 
50 157 
50 89 
50 155 
50 116 
50 133 
50 28 
50 35 
50 100 
50 59 
50 76 
50 78 
50 117 
51 69 
51 108 
51 11 
51 6 
51 121 
51 86 
51 35 
51 156 
51 139 
51 8 
51 137 
51 22 
51 166 
51 103 
51 124 
51 157 
51 36 
51 146 
51 43 
51 58 
51 56 
51 83 
51 80 
51 50 
51 142 
51 46 
51 41 
51 118 
51 148 
51 168 
51 143 
51 87 
51 18 
51 53 
51 5 
51 42 
51 74 
51 170 
51 70 
51 64 
51 147 
51 112 
51 98 
51 52 
51 63 
51 65 
51 164 
51 134 
52 102 
52 112 
52 122 
52 60 
52 61 
52 57 
52 143 
52 10 
52 109 
52 138 
52 90 
52 97 
52 16 
52 49 
52 28 
52 155 
52 43 
52 118 
52 33 
52 8 
52 34 
52 161 
52 25 
52 45 
52 18 
52 48 
52 71 
52 87 
52 22 
52 13 
52 163 
52 165 
52 91 
52 164 
52 40 
52 44 
52 99 
52 86 
52 26 
52 41 
52 108 
52 20 
52 139 
52 144 
52 32 
52 93 
52 51 
52 79 
52 64 
52 70 
52 107 
53 144 
53 161 
53 94 
53 164 
53 20 
53 88 
53 169 
53 101 
53 152 
53 107 
53 147 
53 29 
53 76 
53 12 
53 40 
53 5 
53 66 
53 160 
53 170 
53 85 
53 138 
53 95 
53 21 
53 59 
53 131 
53 54 
53 65 
53 134 
53 77 
53 116 
53 166 
53 86 
53 74 
53 129 
53 83 
53 51 
53 139 
53 118 
53 22 
53 150 
53 49 
53 6 
53 163 
53 90 
53 38 
53 98 
53 128 
53 114 
54 66 
54 123 
54 135 
54 168 
54 4 
54 98 
54 143 
54 58 
54 150 
54 60 
54 17 
54 108 
54 10 
54 140 
54 56 
54 161 
54 116 
54 152 
54 151 
54 57 
54 106 
54 78 
54 2 
54 25 
54 125 
54 16 
54 104 
54 85 
54 83 
54 76 
54 53 
54 127 
54 160 
54 118 
54 68 
54 74 
54 86 
54 120 
54 112 
54 101 
54 138 
54 87 
54 30 
54 9 
54 39 
54 159 
54 136 
54 156 
55 143 
55 24 
55 159 
55 158 
55 126 
55 169 
55 44 
55 43 
55 107 
55 16 
55 124 
55 128 
55 78 
55 19 
55 100 
55 8 
55 79 
55 25 
55 22 
55 65 
55 92 
55 23 
55 113 
55 117 
55 15 
55 2 
55 155 
55 6 
55 130 
55 114 
55 104 
55 41 
55 153 
55 167 
55 30 
55 84 
55 13 
55 33 
55 106 
55 86 
55 21 
55 156 
55 14 
55 11 
55 122 
55 110 
55 144 
55 121 
55 59 
55 71 
56 157 
56 99 
56 166 
56 5 
56 63 
56 41 
56 45 
56 27 
56 82 
56 57 
56 54 
56 129 
56 35 
56 91 
56 51 
56 77 
56 69 
56 144 
56 32 
56 135 
56 95 
56 136 
56 156 
56 110 
56 23 
56 19 
56 148 
56 61 
56 155 
56 140 
56 79 
56 106 
56 85 
56 122 
56 38 
56 108 
56 42 
56 146 
56 16 
56 62 
56 11 
56 165 
56 90 
57 115 
57 140 
57 78 
57 134 
57 90 
57 0 
57 52 
57 100 
57 74 
57 127 
57 82 
57 3 
57 83 
57 141 
57 14 
57 34 
57 120 
57 28 
57 56 
57 118 
57 67 
57 70 
57 165 
57 131 
57 139 
57 168 
57 95 
57 20 
57 136 
57 41 
57 49 
57 84 
57 72 
57 61 
57 47 
57 54 
57 85 
57 110 
57 79 
57 48 
57 58 
57 69 
57 63 
57 137 
57 88 
57 59 
57 128 
57 111 
57 31 
57 35 
57 114 
57 18 
57 27 
57 81 
57 151 
57 155 
57 36 
57 132 
57 169 
57 130 
57 156 
57 97 
57 163 
57 25 
58 122 
58 105 
58 143 
58 43 
58 99 
58 102 
58 54 
58 123 
58 139 
58 40 
58 114 
58 61 
58 82 
58 41 
58 108 
58 95 
58 146 
58 6 
58 140 
58 60 
58 80 
58 51 
58 147 
58 130 
58 45 
58 137 
58 103 
58 28 
58 107 
58 125 
58 152 
58 157 
58 57 
58 12 
58 59 
58 16 
58 113 
58 7 
58 169 
58 89 
58 106 
58 141 
58 133 
58 44 
58 9 
58 116 
58 69 
58 109 
58 77 
58 153 
58 63 
58 10 
58 84 
58 90 
59 87 
59 113 
59 151 
59 27 
59 100 
59 110 
59 64 
59 128 
59 140 
59 158 
59 16 
59 162 
59 108 
59 19 
59 129 
59 159 
59 165 
59 43 
59 142 
59 65 
59 75 
59 150 
59 124 
59 61 
59 5 
59 107 
59 112 
59 53 
59 33 
59 57 
59 169 
59 45 
59 58 
59 49 
59 66 
59 118 
59 145 
59 90 
59 98 
59 77 
59 80 
59 15 
59 14 
59 55 
59 50 
59 152 
60 122 
60 68 
60 70 
60 103 
60 52 
60 64 
60 162 
60 139 
60 119 
60 147 
60 35 
60 54 
60 44 
60 20 
60 85 
60 165 
60 112 
60 155 
60 134 
60 58 
60 127 
60 143 
60 131 
60 11 
60 21 
60 66 
60 149 
60 46 
60 132 
60 126 
60 114 
60 153 
60 90 
60 92 
60 124 
60 97 
60 128 
60 87 
60 12 
60 31 
60 5 
60 33 
60 17 
60 104 
60 96 
60 109 
60 71 
60 45 
60 82 
60 43 
60 160 
60 83 
61 153 
61 81 
61 52 
61 48 
61 106 
61 107 
61 169 
61 67 
61 150 
61 87 
61 109 
61 141 
61 0 
61 102 
61 21 
61 73 
61 58 
61 144 
61 137 
61 57 
61 95 
61 42 
61 26 
61 86 
61 37 
61 78 
61 59 
61 166 
61 118 
61 110 
61 85 
61 167 
61 160 
61 82 
61 56 
61 164 
61 3 
61 9 
61 33 
61 4 
61 84 
61 6 
61 69 
61 39 
61 7 
61 103 
61 36 
61 22 
61 45 
61 143 
61 135 
61 123 
61 131 
62 7 
62 127 
62 90 
62 81 
62 75 
62 82 
62 161 
62 129 
62 27 
62 43 
62 101 
62 36 
62 165 
62 110 
62 63 
62 154 
62 147 
62 80 
62 146 
62 37 
62 118 
62 121 
62 102 
62 170 
62 167 
62 151 
62 31 
62 34 
62 159 
62 114 
62 93 
62 87 
62 16 
62 92 
62 112 
62 95 
62 113 
62 9 
62 72 
62 25 
62 84 
62 33 
62 85 
62 71 
62 69 
62 56 
62 12 
63 115 
63 18 
63 136 
63 152 
63 56 
63 141 
63 17 
63 64 
63 5 
63 133 
63 94 
63 23 
63 77 
63 62 
63 85 
63 2 
63 170 
63 22 
63 32 
63 117 
63 45 
63 163 
63 111 
63 67 
63 41 
63 92 
63 165 
63 112 
63 121 
63 38 
63 7 
63 110 
63 57 
63 158 
63 87 
63 78 
63 146 
63 74 
63 72 
63 143 
63 51 
63 43 
63 58 
63 166 
63 155 
63 89 
63 19 
64 70 
64 110 
64 4 
64 60 
64 75 
64 162 
64 128 
64 19 
64 63 
64 59 
64 127 
64 145 
64 8 
64 167 
64 91 
64 39 
64 94 
64 37 
64 7 
64 85 
64 141 
64 150 
64 92 
64 163 
64 109 
64 49 
64 12 
64 168 
64 160 
64 117 
64 98 
64 121 
64 89 
64 46 
64 139 
64 107 
64 38 
64 24 
64 144 
64 3 
64 29 
64 72 
64 156 
64 79 
64 120 
64 106 
64 137 
64 18 
64 51 
64 96 
64 114 
64 52 
64 134 
64 65 
64 41 
64 73 
64 0 
65 40 
65 151 
65 76 
65 135 
65 118 
65 4 
65 128 
65 158 
65 108 
65 12 
65 2 
65 133 
65 154 
65 136 
65 1 
65 127 
65 66 
65 131 
65 168 
65 82 
65 165 
65 155 
65 55 
65 80 
65 147 
65 156 
65 21 
65 59 
65 81 
65 22 
65 96 
65 69 
65 67 
65 68 
65 8 
65 170 
65 112 
65 146 
65 53 
65 46 
65 42 
65 14 
65 106 
65 123 
65 85 
65 34 
65 103 
65 160 
65 75 
65 169 
65 144 
65 152 
65 18 
65 138 
65 51 
65 47 
65 64 
65 132 
66 54 
66 167 
66 93 
66 41 
66 156 
66 70 
66 148 
66 36 
66 65 
66 14 
66 10 
66 131 
66 102 
66 39 
66 53 
66 44 
66 60 
66 81 
66 29 
66 85 
66 138 
66 19 
66 109 
66 137 
66 129 
66 122 
66 119 
66 59 
66 114 
66 100 
66 110 
66 107 
66 26 
66 159 
66 112 
66 24 
66 42 
67 135 
67 124 
67 143 
67 83 
67 137 
67 61 
67 6 
67 41 
67 106 
67 31 
67 88 
67 127 
67 148 
67 33 
67 57 
67 168 
67 169 
67 99 
67 164 
67 86 
67 140 
67 10 
67 45 
67 4 
67 118 
67 129 
67 8 
67 63 
67 160 
67 46 
67 98 
67 122 
67 34 
67 138 
67 70 
67 65 
67 72 
67 43 
67 78 
67 20 
67 77 
67 111 
67 23 
67 117 
67 109 
67 15 
67 131 
67 22 
67 89 
67 152 
67 150 
67 42 
67 82 
68 108 
68 1 
68 60 
68 20 
68 150 
68 69 
68 89 
68 74 
68 130 
68 17 
68 157 
68 27 
68 126 
68 43 
68 163 
68 119 
68 7 
68 97 
68 19 
68 85 
68 83 
68 78 
68 87 
68 40 
68 143 
68 90 
68 38 
68 65 
68 140 
68 16 
68 116 
68 54 
68 36 
68 129 
68 167 
68 115 
68 91 
68 2 
68 8 
68 142 
68 151 
68 160 
68 79 
68 46 
68 88 
68 138 
69 40 
69 118 
69 51 
69 140 
69 68 
69 145 
69 9 
69 34 
69 89 
69 13 
69 119 
69 1 
69 98 
69 32 
69 159 
69 77 
69 45 
69 149 
69 39 
69 102 
69 56 
69 150 
69 170 
69 78 
69 83 
69 65 
69 81 
69 3 
69 28 
69 122 
69 24 
69 57 
69 20 
69 92 
69 29 
69 73 
69 71 
69 0 
69 61 
69 107 
69 94 
69 26 
69 125 
69 72 
69 5 
69 100 
69 58 
69 10 
69 62 
69 75 
69 37 
70 75 
70 150 
70 64 
70 60 
70 36 
70 72 
70 155 
70 30 
70 152 
70 86 
70 66 
70 109 
70 101 
70 57 
70 148 
70 132 
70 74 
70 119 
70 128 
70 83 
70 73 
70 126 
70 22 
70 9 
70 32 
70 122 
70 157 
70 67 
70 27 
70 97 
70 136 
70 169 
70 71 
70 111 
70 115 
70 51 
70 6 
70 102 
70 43 
70 160 
70 38 
70 19 
70 52 
70 25 
70 144 
71 11 
71 4 
71 90 
71 133 
71 120 
71 49 
71 36 
71 35 
71 39 
71 75 
71 13 
71 29 
71 147 
71 168 
71 32 
71 48 
71 25 
71 118 
71 26 
71 114 
71 52 
71 96 
71 94 
71 163 
71 116 
71 132 
71 134 
71 160 
71 69 
71 21 
71 119 
71 108 
71 16 
71 70 
71 15 
71 60 
71 62 
71 10 
71 30 
71 27 
71 103 
71 55 
71 131 
72 108 
72 45 
72 6 
72 160 
72 135 
72 158 
72 36 
72 70 
72 14 
72 146 
72 41 
72 109 
72 74 
72 42 
72 107 
72 123 
72 165 
72 163 
72 131 
72 143 
72 93 
72 19 
72 57 
72 99 
72 116 
72 100 
72 81 
72 31 
72 114 
72 90 
72 22 
72 145 
72 166 
72 140 
72 2 
72 12 
72 17 
72 67 
72 138 
72 9 
72 46 
72 27 
72 38 
72 64 
72 32 
72 62 
72 112 
72 69 
72 161 
72 126 
72 153 
72 28 
72 82 
72 63 
72 125 
72 115 
73 157 
73 169 
73 18 
73 98 
73 115 
73 99 
73 96 
73 130 
73 124 
73 86 
73 128 
73 170 
73 107 
73 83 
73 167 
73 61 
73 22 
73 30 
73 110 
73 163 
73 0 
73 31 
73 5 
73 101 
73 70 
73 160 
73 25 
73 111 
73 50 
73 48 
73 103 
73 42 
73 146 
73 69 
73 4 
73 37 
73 151 
73 40 
73 75 
73 85 
73 100 
73 79 
73 27 
73 23 
73 13 
73 152 
73 156 
73 64 
73 168 
73 82 
73 138 
74 106 
74 83 
74 0 
74 123 
74 57 
74 4 
74 68 
74 45 
74 124 
74 155 
74 110 
74 162 
74 72 
74 122 
74 9 
74 139 
74 41 
74 156 
74 20 
74 85 
74 169 
74 147 
74 136 
74 170 
74 34 
74 70 
74 91 
74 134 
74 21 
74 140 
74 150 
74 87 
74 78 
74 23 
74 166 
74 76 
74 98 
74 95 
74 100 
74 115 
74 130 
74 28 
74 53 
74 121 
74 54 
74 29 
74 17 
74 129 
74 108 
74 93 
74 51 
74 42 
74 37 
74 148 
74 63 
74 3 
74 163 
74 149 
74 8 
74 82 
74 116 
74 22 
75 98 
75 70 
75 125 
75 21 
75 137 
75 64 
75 62 
75 36 
75 163 
75 20 
75 81 
75 158 
75 3 
75 142 
75 71 
75 15 
75 164 
75 39 
75 34 
75 141 
75 11 
75 18 
75 59 
75 144 
75 77 
75 83 
75 79 
75 19 
75 170 
75 108 
75 116 
75 86 
75 29 
75 0 
75 107 
75 113 
75 103 
75 101 
75 99 
75 73 
75 45 
75 65 
75 97 
75 87 
75 69 
75 12 
75 115 
75 42 
75 41 
75 5 
75 148 
76 137 
76 113 
76 35 
76 84 
76 2 
76 65 
76 17 
76 92 
76 167 
76 157 
76 112 
76 148 
76 123 
76 79 
76 85 
76 109 
76 38 
76 135 
76 8 
76 53 
76 164 
76 11 
76 32 
76 39 
76 29 
76 23 
76 120 
76 154 
76 125 
76 127 
76 158 
76 74 
76 54 
76 83 
76 111 
76 4 
76 117 
76 46 
76 160 
76 28 
76 50 
76 77 
76 110 
76 3 
76 86 
77 50 
77 11 
77 122 
77 42 
77 87 
77 140 
77 63 
77 144 
77 82 
77 169 
77 163 
77 69 
77 158 
77 112 
77 78 
77 107 
77 111 
77 56 
77 86 
77 136 
77 147 
77 75 
77 32 
77 167 
77 81 
77 165 
77 3 
77 124 
77 53 
77 67 
77 102 
77 104 
77 127 
77 20 
77 168 
77 110 
77 145 
77 0 
77 116 
77 132 
77 59 
77 39 
77 58 
77 139 
77 76 
78 57 
78 9 
78 132 
78 48 
78 131 
78 8 
78 30 
78 109 
78 93 
78 49 
78 80 
78 55 
78 23 
78 150 
78 145 
78 16 
78 115 
78 37 
78 20 
78 114 
78 22 
78 153 
78 97 
78 77 
78 68 
78 119 
78 29 
78 0 
78 69 
78 74 
78 35 
78 46 
78 54 
78 42 
78 61 
78 144 
78 105 
78 123 
78 67 
78 96 
78 102 
78 79 
78 63 
78 24 
78 160 
78 27 
78 137 
78 148 
78 19 
78 38 
78 141 
78 100 
78 167 
78 113 
78 122 
78 101 
78 140 
78 3 
78 50 
79 124 
79 43 
79 36 
79 38 
79 85 
79 96 
79 76 
79 1 
79 55 
79 119 
79 25 
79 109 
79 168 
79 150 
79 2 
79 33 
79 32 
79 80 
79 75 
79 57 
79 0 
79 9 
79 118 
79 158 
79 91 
79 121 
79 23 
79 78 
79 56 
79 6 
79 127 
79 157 
79 82 
79 64 
79 128 
79 30 
79 73 
79 95 
79 10 
79 68 
79 52 
79 49 
79 133 
80 83 
80 27 
80 89 
80 146 
80 142 
80 82 
80 153 
80 78 
80 129 
80 37 
80 170 
80 147 
80 162 
80 62 
80 128 
80 94 
80 65 
80 156 
80 100 
80 58 
80 136 
80 51 
80 158 
80 4 
80 133 
80 79 
80 138 
80 126 
80 6 
80 29 
80 127 
80 21 
80 47 
80 118 
80 97 
80 160 
80 87 
80 115 
80 163 
80 59 
80 24 
80 88 
80 13 
80 44 
81 158 
81 38 
81 98 
81 61 
81 82 
81 115 
81 154 
81 62 
81 128 
81 107 
81 34 
81 146 
81 75 
81 10 
81 46 
81 29 
81 28 
81 50 
81 124 
81 14 
81 20 
81 123 
81 141 
81 167 
81 168 
81 47 
81 163 
81 65 
81 39 
81 17 
81 72 
81 132 
81 116 
81 6 
81 4 
81 69 
81 23 
81 66 
81 131 
81 77 
81 137 
81 97 
81 114 
81 103 
81 92 
81 22 
81 57 
81 150 
81 145 
81 127 
81 18 
81 30 
81 99 
81 142 
81 122 
81 121 
81 40 
82 23 
82 119 
82 1 
82 81 
82 152 
82 122 
82 96 
82 22 
82 80 
82 62 
82 57 
82 163 
82 151 
82 98 
82 162 
82 165 
82 105 
82 106 
82 32 
82 56 
82 77 
82 58 
82 47 
82 129 
82 130 
82 107 
82 65 
82 145 
82 137 
82 4 
82 121 
82 16 
82 167 
82 37 
82 48 
82 135 
82 118 
82 35 
82 161 
82 144 
82 19 
82 61 
82 6 
82 24 
82 85 
82 49 
82 138 
82 149 
82 115 
82 91 
82 79 
82 124 
82 86 
82 2 
82 3 
82 60 
82 72 
82 9 
82 74 
82 73 
82 142 
82 33 
82 67 
83 80 
83 74 
83 49 
83 67 
83 42 
83 6 
83 1 
83 57 
83 135 
83 155 
83 98 
83 116 
83 73 
83 134 
83 0 
83 10 
83 121 
83 50 
83 85 
83 150 
83 19 
83 125 
83 153 
83 156 
83 68 
83 70 
83 111 
83 51 
83 29 
83 69 
83 47 
83 130 
83 75 
83 34 
83 159 
83 14 
83 105 
83 54 
83 149 
83 162 
83 118 
83 128 
83 12 
83 53 
83 76 
83 38 
83 39 
83 160 
83 8 
83 167 
83 154 
83 45 
83 140 
83 146 
83 147 
83 104 
83 132 
83 60 
84 90 
84 76 
84 12 
84 41 
84 37 
84 122 
84 28 
84 130 
84 5 
84 131 
84 158 
84 141 
84 7 
84 26 
84 97 
84 160 
84 42 
84 15 
84 96 
84 112 
84 57 
84 11 
84 29 
84 91 
84 21 
84 40 
84 32 
84 89 
84 2 
84 24 
84 125 
84 9 
84 164 
84 156 
84 27 
84 55 
84 22 
84 87 
84 35 
84 61 
84 167 
84 162 
84 117 
84 62 
84 110 
84 8 
84 58 
84 17 
84 108 
84 116 
85 96 
85 48 
85 104 
85 116 
85 9 
85 79 
85 21 
85 130 
85 24 
85 76 
85 147 
85 142 
85 149 
85 112 
85 60 
85 140 
85 148 
85 63 
85 152 
85 128 
85 27 
85 40 
85 83 
85 74 
85 8 
85 102 
85 132 
85 64 
85 3 
85 0 
85 17 
85 68 
85 90 
85 37 
85 43 
85 164 
85 53 
85 57 
85 54 
85 154 
85 167 
85 66 
85 61 
85 151 
85 13 
85 135 
85 99 
85 163 
85 82 
85 65 
85 159 
85 123 
85 107 
85 16 
85 168 
85 19 
85 73 
85 30 
85 127 
85 34 
85 56 
85 153 
85 62 
85 32 
85 44 
85 105 
86 160 
86 34 
86 163 
86 104 
86 51 
86 109 
86 102 
86 3 
86 145 
86 153 
86 93 
86 73 
86 156 
86 70 
86 169 
86 31 
86 30 
86 92 
86 135 
86 162 
86 67 
86 41 
86 50 
86 118 
86 24 
86 77 
86 61 
86 141 
86 40 
86 6 
86 35 
86 127 
86 9 
86 155 
86 113 
86 75 
86 14 
86 53 
86 52 
86 44 
86 54 
86 117 
86 23 
86 94 
86 55 
86 16 
86 97 
86 138 
86 82 
86 39 
86 20 
86 106 
86 87 
86 125 
86 38 
86 76 
87 45 
87 88 
87 59 
87 142 
87 123 
87 17 
87 77 
87 15 
87 21 
87 61 
87 158 
87 37 
87 122 
87 130 
87 152 
87 164 
87 161 
87 30 
87 1 
87 68 
87 145 
87 159 
87 93 
87 160 
87 157 
87 31 
87 74 
87 141 
87 52 
87 155 
87 119 
87 154 
87 41 
87 62 
87 95 
87 36 
87 63 
87 51 
87 84 
87 60 
87 9 
87 0 
87 38 
87 101 
87 167 
87 111 
87 80 
87 170 
87 117 
87 34 
87 108 
87 13 
87 98 
87 75 
87 54 
87 165 
87 44 
87 86 
87 135 
88 87 
88 29 
88 42 
88 137 
88 53 
88 109 
88 67 
88 140 
88 170 
88 47 
88 116 
88 39 
88 148 
88 101 
88 2 
88 25 
88 18 
88 33 
88 129 
88 57 
88 24 
88 93 
88 45 
88 98 
88 15 
88 3 
88 153 
88 138 
88 17 
88 19 
88 128 
88 104 
88 7 
88 80 
88 68 
89 4 
89 93 
89 166 
89 28 
89 38 
89 44 
89 17 
89 80 
89 119 
89 68 
89 128 
89 111 
89 69 
89 105 
89 26 
89 145 
89 107 
89 92 
89 144 
89 18 
89 0 
89 9 
89 101 
89 10 
89 95 
89 5 
89 161 
89 16 
89 84 
89 64 
89 109 
89 8 
89 110 
89 118 
89 106 
89 3 
89 58 
89 50 
89 125 
89 67 
89 133 
89 94 
89 15 
89 63 
89 24 
89 27 
89 142 
89 148 
90 62 
90 5 
90 84 
90 155 
90 57 
90 149 
90 115 
90 18 
90 9 
90 71 
90 92 
90 39 
90 141 
90 110 
90 52 
90 109 
90 156 
90 168 
90 48 
90 138 
90 45 
90 12 
90 129 
90 85 
90 113 
90 157 
90 72 
90 10 
90 25 
90 148 
90 68 
90 60 
90 97 
90 13 
90 144 
90 44 
90 100 
90 169 
90 26 
90 99 
90 106 
90 15 
90 133 
90 3 
90 46 
90 135 
90 59 
90 33 
90 53 
90 121 
90 29 
90 37 
90 56 
90 58 
90 6 
91 16 
91 169 
91 19 
91 94 
91 151 
91 38 
91 45 
91 64 
91 124 
91 114 
91 8 
91 35 
91 147 
91 170 
91 74 
91 56 
91 31 
91 36 
91 0 
91 119 
91 29 
91 84 
91 20 
91 131 
91 4 
91 143 
91 166 
91 111 
91 52 
91 17 
91 99 
91 79 
91 23 
91 139 
91 42 
91 117 
91 155 
91 33 
91 82 
91 68 
91 37 
91 32 
91 128 
91 158 
91 39 
91 6 
91 104 
92 119 
92 48 
92 43 
92 76 
92 126 
92 32 
92 141 
92 90 
92 2 
92 118 
92 129 
92 26 
92 89 
92 161 
92 149 
92 86 
92 122 
92 169 
92 55 
92 64 
92 97 
92 157 
92 13 
92 45 
92 21 
92 63 
92 168 
92 101 
92 37 
92 47 
92 28 
92 104 
92 138 
92 42 
92 154 
92 94 
92 102 
92 15 
92 136 
92 62 
92 60 
92 69 
92 143 
92 151 
92 10 
92 137 
92 4 
92 81 
92 98 
92 117 
92 103 
92 8 
92 139 
92 16 
92 113 
92 105 
92 19 
93 89 
93 20 
93 115 
93 33 
93 66 
93 78 
93 101 
93 119 
93 133 
93 34 
93 86 
93 4 
93 24 
93 94 
93 16 
93 114 
93 108 
93 135 
93 49 
93 142 
93 160 
93 151 
93 72 
93 19 
93 87 
93 62 
93 43 
93 18 
93 139 
93 25 
93 88 
93 1 
93 42 
93 74 
93 13 
93 37 
93 155 
93 52 
93 140 
93 103 
93 15 
93 118 
94 110 
94 18 
94 130 
94 17 
94 53 
94 91 
94 118 
94 8 
94 114 
94 103 
94 109 
94 7 
94 63 
94 125 
94 135 
94 64 
94 93 
94 150 
94 32 
94 126 
94 128 
94 146 
94 80 
94 163 
94 112 
94 145 
94 10 
94 116 
94 169 
94 157 
94 30 
94 120 
94 9 
94 92 
94 45 
94 71 
94 104 
94 138 
94 86 
94 143 
94 69 
94 13 
94 108 
94 95 
94 124 
94 167 
94 164 
94 148 
94 16 
94 11 
94 35 
94 97 
94 89 
94 41 
94 147 
95 166 
95 26 
95 97 
95 146 
95 32 
95 122 
95 141 
95 165 
95 33 
95 115 
95 129 
95 104 
95 156 
95 144 
95 20 
95 10 
95 24 
95 58 
95 12 
95 57 
95 154 
95 89 
95 61 
95 5 
95 56 
95 128 
95 53 
95 125 
95 110 
95 140 
95 74 
95 38 
95 87 
95 99 
95 3 
95 123 
95 96 
95 98 
95 62 
95 19 
95 28 
95 94 
95 34 
95 79 
95 105 
95 161 
96 41 
96 85 
96 48 
96 22 
96 127 
96 82 
96 161 
96 23 
96 102 
96 73 
96 79 
96 152 
96 157 
96 118 
96 35 
96 10 
96 137 
96 167 
96 123 
96 50 
96 84 
96 145 
96 37 
96 168 
96 8 
96 46 
96 43 
96 65 
96 71 
96 42 
96 154 
96 166 
96 95 
96 114 
96 78 
96 34 
96 24 
96 3 
96 106 
96 60 
96 64 
96 142 
96 107 
96 108 
96 26 
96 140 
96 134 
96 151 
97 154 
97 23 
97 11 
97 32 
97 95 
97 13 
97 30 
97 120 
97 156 
97 16 
97 131 
97 39 
97 40 
97 52 
97 68 
97 116 
97 20 
97 84 
97 14 
97 92 
97 78 
97 25 
97 147 
97 130 
97 101 
97 47 
97 138 
97 1 
97 115 
97 162 
97 121 
97 90 
97 148 
97 117 
97 160 
97 81 
97 60 
97 70 
97 159 
97 46 
97 7 
97 80 
97 98 
97 86 
97 8 
97 75 
97 100 
97 94 
97 157 
97 102 
97 57 
97 128 
98 81 
98 75 
98 116 
98 40 
98 112 
98 73 
98 160 
98 106 
98 82 
98 30 
98 54 
98 20 
98 36 
98 83 
98 169 
98 145 
98 137 
98 118 
98 69 
98 141 
98 39 
98 151 
98 121 
98 124 
98 123 
98 67 
98 2 
98 129 
98 130 
98 38 
98 16 
98 102 
98 64 
98 28 
98 146 
98 74 
98 34 
98 43 
98 4 
98 155 
98 95 
98 88 
98 92 
98 26 
98 21 
98 59 
98 97 
98 131 
98 148 
98 41 
98 133 
98 139 
98 87 
98 51 
98 53 
98 100 
98 42 
99 56 
99 142 
99 42 
99 73 
99 141 
99 34 
99 112 
99 147 
99 58 
99 44 
99 100 
99 33 
99 144 
99 9 
99 23 
99 133 
99 67 
99 50 
99 40 
99 14 
99 146 
99 72 
99 152 
99 136 
99 115 
99 135 
99 6 
99 155 
99 41 
99 31 
99 111 
99 43 
99 118 
99 169 
99 2 
99 134 
99 91 
99 75 
99 95 
99 52 
99 122 
99 85 
99 90 
99 110 
99 128 
99 139 
99 81 
99 129 
99 150 
99 37 
99 25 
100 24 
100 57 
100 149 
100 0 
100 59 
100 113 
100 116 
100 14 
100 159 
100 121 
100 143 
100 156 
100 151 
100 55 
100 148 
100 99 
100 15 
100 108 
100 11 
100 162 
100 31 
100 21 
100 80 
100 161 
100 72 
100 137 
100 130 
100 1 
100 138 
100 74 
100 90 
100 47 
100 157 
100 104 
100 142 
100 66 
100 9 
100 28 
100 78 
100 69 
100 133 
100 73 
100 27 
100 97 
100 34 
100 50 
100 98 
100 101 
101 169 
101 11 
101 149 
101 20 
101 152 
101 19 
101 4 
101 102 
101 93 
101 42 
101 53 
101 14 
101 62 
101 30 
101 116 
101 122 
101 37 
101 143 
101 70 
101 138 
101 88 
101 167 
101 89 
101 118 
101 39 
101 133 
101 73 
101 92 
101 97 
101 135 
101 108 
101 121 
101 141 
101 136 
101 125 
101 24 
101 75 
101 140 
101 25 
101 87 
101 9 
101 137 
101 151 
101 112 
101 54 
101 78 
101 126 
101 147 
101 100 
102 52 
102 46 
102 29 
102 165 
102 101 
102 27 
102 86 
102 96 
102 58 
102 33 
102 116 
102 61 
102 28 
102 85 
102 109 
102 139 
102 66 
102 166 
102 62 
102 126 
102 69 
102 37 
102 34 
102 147 
102 13 
102 0 
102 114 
102 143 
102 98 
102 154 
102 92 
102 104 
102 20 
102 36 
102 162 
102 77 
102 21 
102 42 
102 39 
102 17 
102 78 
102 6 
102 148 
102 136 
102 115 
102 108 
102 146 
102 23 
102 70 
102 113 
102 129 
102 97 
102 160 
103 140 
103 22 
103 169 
103 131 
103 60 
103 157 
103 94 
103 27 
103 105 
103 41 
103 51 
103 48 
103 24 
103 6 
103 143 
103 15 
103 45 
103 107 
103 164 
103 13 
103 123 
103 158 
103 144 
103 58 
103 112 
103 8 
103 73 
103 7 
103 108 
103 162 
103 75 
103 135 
103 81 
103 138 
103 28 
103 4 
103 31 
103 124 
103 65 
103 92 
103 156 
103 109 
103 166 
103 127 
103 17 
103 61 
103 113 
103 71 
103 132 
103 165 
103 93 
103 116 
103 43 
103 136 
104 169 
104 129 
104 86 
104 120 
104 166 
104 85 
104 136 
104 27 
104 47 
104 95 
104 8 
104 45 
104 138 
104 3 
104 49 
104 143 
104 110 
104 159 
104 24 
104 55 
104 152 
104 122 
104 151 
104 92 
104 161 
104 164 
104 54 
104 102 
104 39 
104 94 
104 12 
104 100 
104 141 
104 77 
104 60 
104 11 
104 83 
104 20 
104 10 
104 88 
104 91 
105 58 
105 167 
105 108 
105 111 
105 15 
105 89 
105 82 
105 103 
105 1 
105 153 
105 141 
105 162 
105 133 
105 143 
105 24 
105 35 
105 18 
105 114 
105 25 
105 4 
105 22 
105 11 
105 29 
105 149 
105 115 
105 8 
105 113 
105 28 
105 83 
105 117 
105 78 
105 48 
105 146 
105 39 
105 40 
105 46 
105 138 
105 32 
105 142 
105 50 
105 169 
105 36 
105 160 
105 13 
105 136 
105 92 
105 95 
105 85 
105 168 
106 74 
106 137 
106 26 
106 61 
106 138 
106 112 
106 98 
106 152 
106 36 
106 114 
106 67 
106 34 
106 19 
106 82 
106 143 
106 159 
106 3 
106 20 
106 24 
106 17 
106 13 
106 167 
106 45 
106 54 
106 35 
106 33 
106 65 
106 109 
106 89 
106 135 
106 12 
106 158 
106 50 
106 90 
106 110 
106 55 
106 58 
106 56 
106 96 
106 39 
106 64 
106 122 
106 5 
106 107 
106 86 
106 38 
106 144 
107 16 
107 143 
107 61 
107 55 
107 165 
107 81 
107 119 
107 138 
107 120 
107 28 
107 89 
107 73 
107 72 
107 53 
107 43 
107 45 
107 1 
107 82 
107 29 
107 126 
107 108 
107 158 
107 39 
107 44 
107 103 
107 77 
107 12 
107 58 
107 31 
107 135 
107 26 
107 114 
107 18 
107 64 
107 59 
107 2 
107 155 
107 75 
107 125 
107 154 
107 133 
107 24 
107 85 
107 69 
107 66 
107 116 
107 123 
107 14 
107 106 
107 96 
107 145 
107 113 
107 8 
107 52 
108 72 
108 68 
108 109 
108 46 
108 51 
108 148 
108 170 
108 38 
108 110 
108 122 
108 125 
108 105 
108 152 
108 1 
108 65 
108 54 
108 168 
108 116 
108 100 
108 138 
108 141 
108 59 
108 58 
108 93 
108 167 
108 20 
108 8 
108 154 
108 133 
108 107 
108 112 
108 3 
108 43 
108 101 
108 40 
108 75 
108 14 
108 5 
108 13 
108 120 
108 103 
108 29 
108 119 
108 23 
108 74 
108 52 
108 71 
108 164 
108 163 
108 142 
108 94 
108 102 
108 87 
108 56 
108 96 
108 39 
108 139 
108 84 
108 129 
108 37 
109 124 
109 167 
109 108 
109 139 
109 86 
109 36 
109 78 
109 88 
109 94 
109 72 
109 52 
109 7 
109 76 
109 170 
109 61 
109 90 
109 13 
109 70 
109 47 
109 79 
109 102 
109 2 
109 143 
109 114 
109 141 
109 138 
109 123 
109 4 
109 64 
109 118 
109 115 
109 162 
109 89 
109 66 
109 127 
109 33 
109 106 
109 67 
109 23 
109 103 
109 11 
109 168 
109 155 
109 113 
109 157 
109 134 
109 60 
109 58 
109 48 
109 169 
109 0 
109 149 
110 94 
110 130 
110 64 
110 170 
110 43 
110 113 
110 108 
110 144 
110 59 
110 14 
110 28 
110 49 
110 164 
110 74 
110 13 
110 90 
110 48 
110 166 
110 145 
110 3 
110 22 
110 62 
110 124 
110 37 
110 11 
110 73 
110 30 
110 111 
110 116 
110 104 
110 112 
110 141 
110 56 
110 41 
110 57 
110 163 
110 95 
110 63 
110 61 
110 89 
110 20 
110 33 
110 106 
110 99 
110 77 
110 66 
110 118 
110 129 
110 84 
110 55 
110 123 
110 18 
110 23 
110 76 
110 21 
111 37 
111 146 
111 168 
111 50 
111 42 
111 133 
111 105 
111 89 
111 27 
111 139 
111 167 
111 152 
111 14 
111 113 
111 124 
111 164 
111 19 
111 63 
111 110 
111 8 
111 77 
111 83 
111 73 
111 24 
111 99 
111 4 
111 41 
111 49 
111 91 
111 30 
111 67 
111 57 
111 46 
111 76 
111 87 
111 132 
111 70 
111 40 
111 131 
111 142 
111 123 
112 30 
112 52 
112 98 
112 149 
112 142 
112 139 
112 49 
112 99 
112 106 
112 145 
112 76 
112 44 
112 18 
112 126 
112 85 
112 154 
112 60 
112 34 
112 167 
112 94 
112 77 
112 15 
112 108 
112 133 
112 84 
112 124 
112 22 
112 103 
112 110 
112 156 
112 31 
112 63 
112 59 
112 65 
112 62 
112 135 
112 130 
112 152 
112 115 
112 158 
112 19 
112 16 
112 148 
112 72 
112 137 
112 101 
112 66 
112 54 
112 51 
112 37 
112 140 
113 161 
113 143 
113 76 
113 152 
113 59 
113 110 
113 151 
113 140 
113 100 
113 169 
113 119 
113 31 
113 127 
113 18 
113 29 
113 22 
113 148 
113 111 
113 146 
113 39 
113 55 
113 90 
113 135 
113 45 
113 105 
113 27 
113 154 
113 16 
113 86 
113 165 
113 116 
113 124 
113 75 
113 35 
113 36 
113 137 
113 37 
113 58 
113 32 
113 156 
113 62 
113 125 
113 109 
113 49 
113 167 
113 38 
113 130 
113 78 
113 102 
113 103 
113 123 
113 159 
113 134 
113 128 
113 92 
113 107 
113 122 
113 145 
114 18 
114 0 
114 138 
114 143 
114 14 
114 141 
114 132 
114 158 
114 94 
114 153 
114 134 
114 106 
114 136 
114 123 
114 147 
114 91 
114 58 
114 93 
114 120 
114 78 
114 105 
114 109 
114 36 
114 151 
114 167 
114 38 
114 71 
114 72 
114 126 
114 168 
114 102 
114 62 
114 55 
114 131 
114 121 
114 122 
114 107 
114 60 
114 3 
114 44 
114 81 
114 40 
114 49 
114 30 
114 139 
114 57 
114 96 
114 165 
114 66 
114 34 
114 117 
114 127 
114 29 
114 7 
114 170 
114 115 
114 64 
114 162 
114 45 
114 53 
115 63 
115 57 
115 31 
115 93 
115 81 
115 73 
115 15 
115 90 
115 153 
115 125 
115 34 
115 138 
115 35 
115 95 
115 12 
115 78 
115 43 
115 126 
115 13 
115 2 
115 99 
115 27 
115 105 
115 109 
115 18 
115 118 
115 7 
115 97 
115 3 
115 74 
115 20 
115 39 
115 146 
115 45 
115 136 
115 130 
115 112 
115 14 
115 102 
115 80 
115 82 
115 68 
115 133 
115 70 
115 135 
115 114 
115 44 
115 147 
115 121 
115 143 
115 75 
115 167 
115 72 
116 44 
116 98 
116 4 
116 85 
116 10 
116 100 
116 147 
116 83 
116 121 
116 108 
116 142 
116 102 
116 41 
116 40 
116 101 
116 88 
116 152 
116 97 
116 167 
116 5 
116 43 
116 128 
116 156 
116 110 
116 54 
116 94 
116 72 
116 23 
116 81 
116 75 
116 129 
116 138 
116 113 
116 71 
116 42 
116 150 
116 53 
116 68 
116 34 
116 140 
116 77 
116 117 
116 30 
116 50 
116 160 
116 26 
116 151 
116 107 
116 58 
116 14 
116 130 
116 159 
116 18 
116 103 
116 32 
116 84 
116 15 
116 74 
117 145 
117 146 
117 23 
117 132 
117 5 
117 32 
117 16 
117 7 
117 161 
117 122 
117 30 
117 157 
117 63 
117 20 
117 148 
117 149 
117 55 
117 155 
117 2 
117 64 
117 105 
117 150 
117 27 
117 97 
117 25 
117 125 
117 22 
117 86 
117 92 
117 15 
117 26 
117 67 
117 91 
117 128 
117 114 
117 84 
117 137 
117 116 
117 87 
117 76 
117 10 
117 131 
117 40 
117 8 
117 11 
117 160 
117 139 
117 50 
118 69 
118 169 
118 126 
118 94 
118 65 
118 45 
118 24 
118 92 
118 96 
118 147 
118 128 
118 127 
118 98 
118 33 
118 159 
118 57 
118 52 
118 71 
118 17 
118 67 
118 16 
118 86 
118 141 
118 62 
118 137 
118 101 
118 109 
118 28 
118 156 
118 124 
118 115 
118 51 
118 18 
118 61 
118 82 
118 155 
118 79 
118 123 
118 99 
118 44 
118 42 
118 83 
118 54 
118 89 
118 80 
118 53 
118 37 
118 59 
118 140 
118 110 
118 143 
118 164 
118 146 
118 93 
119 92 
119 41 
119 166 
119 82 
119 154 
119 89 
119 1 
119 129 
119 29 
119 93 
119 164 
119 113 
119 60 
119 107 
119 45 
119 48 
119 68 
119 163 
119 69 
119 79 
119 35 
119 37 
119 6 
119 162 
119 128 
119 70 
119 148 
119 19 
119 36 
119 78 
119 0 
119 91 
119 157 
119 161 
119 21 
119 87 
119 20 
119 22 
119 108 
119 66 
119 71 
119 151 
119 8 
119 122 
119 31 
119 153 
119 168 
119 121 
120 104 
120 10 
120 15 
120 97 
120 18 
120 107 
120 71 
120 9 
120 57 
120 128 
120 139 
120 114 
120 48 
120 45 
120 24 
120 35 
120 140 
120 155 
120 47 
120 153 
120 129 
120 4 
120 158 
120 76 
120 3 
120 94 
120 49 
120 164 
120 108 
120 42 
120 32 
120 30 
120 29 
120 14 
120 23 
120 138 
120 54 
120 64 
120 163 
120 0 
120 131 
120 19 
120 123 
120 149 
120 169 
120 152 
121 51 
121 157 
121 41 
121 100 
121 169 
121 116 
121 49 
121 26 
121 83 
121 142 
121 140 
121 133 
121 150 
121 139 
121 154 
121 155 
121 145 
121 98 
121 62 
121 2 
121 82 
121 101 
121 38 
121 114 
121 163 
121 64 
121 136 
121 63 
121 152 
121 97 
121 22 
121 79 
121 74 
121 167 
121 134 
121 44 
121 4 
121 13 
121 36 
121 35 
121 90 
121 115 
121 14 
121 81 
121 55 
121 11 
121 164 
121 119 
122 58 
122 60 
122 31 
122 52 
122 82 
122 161 
122 167 
122 77 
122 108 
122 95 
122 139 
122 142 
122 84 
122 149 
122 33 
122 17 
122 74 
122 18 
122 87 
122 101 
122 37 
122 92 
122 8 
122 168 
122 117 
122 164 
122 156 
122 135 
122 22 
122 127 
122 67 
122 46 
122 104 
122 70 
122 114 
122 69 
122 12 
122 29 
122 152 
122 133 
122 155 
122 26 
122 157 
122 99 
122 153 
122 141 
122 66 
122 4 
122 131 
122 126 
122 119 
122 56 
122 106 
122 55 
122 81 
122 78 
122 113 
122 27 
122 38 
123 132 
123 54 
123 14 
123 74 
123 87 
123 124 
123 76 
123 58 
123 138 
123 129 
123 114 
123 128 
123 4 
123 72 
123 81 
123 8 
123 96 
123 1 
123 109 
123 98 
123 103 
123 127 
123 163 
123 149 
123 47 
123 78 
123 42 
123 118 
123 2 
123 26 
123 140 
123 44 
123 65 
123 95 
123 85 
123 50 
123 151 
123 107 
123 148 
123 110 
123 143 
123 113 
123 32 
123 13 
123 120 
123 61 
123 111 
123 24 
124 109 
124 67 
124 49 
124 79 
124 133 
124 147 
124 6 
124 74 
124 55 
124 11 
124 73 
124 28 
124 123 
124 19 
124 141 
124 151 
124 81 
124 110 
124 91 
124 48 
124 51 
124 17 
124 111 
124 145 
124 126 
124 98 
124 9 
124 41 
124 112 
124 125 
124 36 
124 118 
124 135 
124 38 
124 59 
124 129 
124 45 
124 8 
124 77 
124 113 
124 60 
124 44 
124 103 
124 166 
124 136 
124 132 
124 94 
124 82 
124 146 
125 75 
125 31 
125 115 
125 1 
125 22 
125 108 
125 17 
125 47 
125 94 
125 26 
125 45 
125 132 
125 158 
125 155 
125 83 
125 18 
125 124 
125 127 
125 126 
125 0 
125 76 
125 54 
125 58 
125 95 
125 35 
125 84 
125 25 
125 136 
125 107 
125 16 
125 101 
125 154 
125 117 
125 142 
125 23 
125 24 
125 50 
125 42 
125 49 
125 69 
125 131 
125 113 
125 89 
125 72 
125 151 
125 86 
126 50 
126 12 
126 118 
126 127 
126 136 
126 17 
126 16 
126 55 
126 92 
126 145 
126 133 
126 68 
126 112 
126 11 
126 94 
126 137 
126 27 
126 35 
126 124 
126 115 
126 107 
126 14 
126 130 
126 102 
126 114 
126 125 
126 70 
126 169 
126 131 
126 33 
126 41 
126 60 
126 80 
126 0 
126 15 
126 148 
126 165 
126 45 
126 38 
126 122 
126 150 
126 156 
126 21 
126 72 
126 132 
126 1 
126 129 
126 101 
127 168 
127 20 
127 62 
127 24 
127 48 
127 96 
127 126 
127 31 
127 10 
127 57 
127 128 
127 139 
127 160 
127 64 
127 113 
127 67 
127 118 
127 65 
127 169 
127 17 
127 1 
127 25 
127 136 
127 60 
127 122 
127 3 
127 130 
127 123 
127 33 
127 125 
127 162 
127 76 
127 138 
127 26 
127 86 
127 5 
127 148 
127 157 
127 54 
127 109 
127 140 
127 131 
127 77 
127 80 
127 155 
127 152 
127 114 
127 81 
127 85 
127 79 
127 103 
127 29 
128 138 
128 163 
128 129 
128 139 
128 81 
128 64 
128 127 
128 65 
128 144 
128 89 
128 25 
128 55 
128 59 
128 146 
128 73 
128 152 
128 34 
128 118 
128 123 
128 85 
128 147 
128 120 
128 153 
128 166 
128 94 
128 80 
128 116 
128 119 
128 161 
128 70 
128 9 
128 165 
128 2 
128 95 
128 164 
128 167 
128 83 
128 57 
128 60 
128 131 
128 117 
128 137 
128 99 
128 79 
128 168 
128 91 
128 157 
128 145 
128 113 
128 53 
128 88 
128 97 
129 165 
129 157 
129 128 
129 104 
129 20 
129 119 
129 164 
129 62 
129 15 
129 95 
129 80 
129 92 
129 45 
129 123 
129 148 
129 130 
129 132 
129 35 
129 82 
129 59 
129 90 
129 33 
129 56 
129 18 
129 67 
129 170 
129 28 
129 120 
129 98 
129 166 
129 142 
129 124 
129 6 
129 116 
129 88 
129 41 
129 162 
129 53 
129 66 
129 17 
129 16 
129 155 
129 74 
129 145 
129 163 
129 68 
129 150 
129 110 
129 3 
129 126 
129 4 
129 99 
129 146 
129 151 
129 24 
129 102 
129 10 
129 108 
130 94 
130 110 
130 38 
130 68 
130 85 
130 73 
130 84 
130 163 
130 129 
130 87 
130 82 
130 4 
130 127 
130 58 
130 126 
130 136 
130 162 
130 98 
130 97 
130 55 
130 45 
130 83 
130 6 
130 100 
130 146 
130 133 
130 156 
130 112 
130 74 
130 35 
130 18 
130 24 
130 1 
130 115 
130 25 
130 166 
130 152 
130 151 
130 143 
130 12 
130 26 
130 23 
130 157 
130 149 
130 113 
130 116 
130 57 
131 22 
131 103 
131 35 
131 41 
131 78 
131 169 
131 140 
131 12 
131 34 
131 163 
131 166 
131 97 
131 84 
131 37 
131 72 
131 65 
131 147 
131 135 
131 57 
131 36 
131 66 
131 40 
131 20 
131 38 
131 60 
131 31 
131 154 
131 158 
131 126 
131 91 
131 114 
131 136 
131 81 
131 47 
131 53 
131 14 
131 32 
131 19 
131 151 
131 167 
131 127 
131 30 
131 122 
131 128 
131 39 
131 145 
131 7 
131 48 
131 125 
131 98 
131 148 
131 67 
131 26 
131 117 
131 29 
131 120 
131 111 
131 61 
131 71 
132 40 
132 123 
132 78 
132 149 
132 24 
132 146 
132 42 
132 114 
132 163 
132 139 
132 16 
132 167 
132 117 
132 153 
132 129 
132 125 
132 31 
132 85 
132 10 
132 70 
132 4 
132 7 
132 47 
132 81 
132 11 
132 60 
132 19 
132 151 
132 138 
132 29 
132 28 
132 41 
132 71 
132 165 
132 21 
132 124 
132 43 
132 111 
132 77 
132 140 
132 170 
132 126 
132 57 
132 83 
132 1 
132 9 
132 103 
132 65 
132 38 
133 156 
133 143 
133 3 
133 124 
133 168 
133 45 
133 147 
133 38 
133 18 
133 111 
133 93 
133 28 
133 71 
133 63 
133 65 
133 0 
133 126 
133 148 
133 23 
133 105 
133 99 
133 121 
133 108 
133 112 
133 101 
133 154 
133 6 
133 150 
133 80 
133 11 
133 130 
133 122 
133 153 
133 49 
133 13 
133 107 
133 90 
133 163 
133 58 
133 162 
133 115 
133 50 
133 98 
133 100 
133 144 
133 37 
133 89 
133 34 
133 79 
133 21 
134 14 
134 170 
134 157 
134 138 
134 57 
134 9 
134 7 
134 24 
134 26 
134 0 
134 114 
134 38 
134 31 
134 83 
134 159 
134 22 
134 60 
134 13 
134 74 
134 46 
134 17 
134 18 
134 162 
134 45 
134 8 
134 30 
134 158 
134 99 
134 36 
134 53 
134 48 
134 71 
134 160 
134 166 
134 121 
134 20 
134 150 
134 109 
134 139 
134 140 
134 4 
134 113 
134 51 
134 16 
134 33 
134 64 
134 2 
134 96 
134 15 
135 67 
135 136 
135 72 
135 157 
135 54 
135 65 
135 39 
135 25 
135 141 
135 170 
135 83 
135 12 
135 152 
135 4 
135 149 
135 76 
135 94 
135 14 
135 151 
135 21 
135 86 
135 131 
135 11 
135 93 
135 13 
135 35 
135 122 
135 2 
135 99 
135 101 
135 113 
135 56 
135 43 
135 107 
135 124 
135 82 
135 26 
135 112 
135 103 
135 85 
135 106 
135 34 
135 90 
135 169 
135 115 
135 41 
135 0 
135 144 
135 61 
135 87 
136 18 
136 135 
136 63 
136 104 
136 126 
136 142 
136 9 
136 23 
136 114 
136 65 
136 156 
136 141 
136 139 
136 127 
136 74 
136 145 
136 44 
136 57 
136 80 
136 144 
136 130 
136 99 
136 24 
136 170 
136 150 
136 77 
136 20 
136 56 
136 158 
136 160 
136 46 
136 131 
136 152 
136 121 
136 125 
136 101 
136 92 
136 45 
136 70 
136 148 
136 115 
136 124 
136 21 
136 102 
136 167 
136 17 
136 35 
136 105 
136 4 
136 54 
136 103 
136 149 
136 7 
136 32 
137 151 
137 0 
137 76 
137 106 
137 164 
137 154 
137 75 
137 88 
137 149 
137 67 
137 12 
137 51 
137 46 
137 96 
137 168 
137 16 
137 98 
137 28 
137 126 
137 61 
137 118 
137 42 
137 49 
137 13 
137 82 
137 58 
137 144 
137 167 
137 100 
137 81 
137 57 
137 19 
137 150 
137 66 
137 7 
137 39 
137 18 
137 92 
137 113 
137 101 
137 117 
137 1 
137 78 
137 128 
137 8 
137 2 
137 112 
137 64 
137 21 
137 170 
138 128 
138 169 
138 10 
138 134 
138 114 
138 6 
138 106 
138 115 
138 162 
138 22 
138 39 
138 107 
138 52 
138 123 
138 41 
138 108 
138 148 
138 90 
138 104 
138 101 
138 170 
138 25 
138 140 
138 4 
138 109 
138 47 
138 36 
138 97 
138 53 
138 127 
138 92 
138 46 
138 67 
138 33 
138 20 
138 80 
138 66 
138 5 
138 100 
138 116 
138 132 
138 72 
138 150 
138 27 
138 2 
138 143 
138 105 
138 159 
138 49 
138 103 
138 94 
138 18 
138 38 
138 82 
138 155 
138 120 
138 86 
138 32 
138 88 
138 54 
138 65 
138 163 
138 19 
138 144 
138 73 
138 68 
139 109 
139 128 
139 112 
139 10 
139 132 
139 44 
139 122 
139 60 
139 127 
139 51 
139 158 
139 2 
139 58 
139 152 
139 111 
139 33 
139 74 
139 136 
139 120 
139 121 
139 57 
139 102 
139 147 
139 1 
139 156 
139 140 
139 0 
139 28 
139 148 
139 161 
139 64 
139 93 
139 50 
139 5 
139 53 
139 19 
139 9 
139 114 
139 35 
139 8 
139 167 
139 91 
139 159 
139 13 
139 48 
139 52 
139 141 
139 45 
139 134 
139 99 
139 98 
139 92 
139 77 
139 145 
139 108 
139 32 
139 170 
139 30 
139 117 
139 18 
139 151 
140 48 
140 57 
140 18 
140 103 
140 23 
140 40 
140 69 
140 113 
140 153 
140 131 
140 31 
140 25 
140 77 
140 5 
140 159 
140 88 
140 59 
140 85 
140 54 
140 155 
140 121 
140 1 
140 67 
140 142 
140 17 
140 138 
140 42 
140 58 
140 163 
140 120 
140 139 
140 74 
140 28 
140 72 
140 22 
140 2 
140 49 
140 95 
140 123 
140 68 
140 34 
140 127 
140 101 
140 154 
140 166 
140 56 
140 116 
140 118 
140 141 
140 132 
140 83 
140 134 
140 27 
140 93 
140 78 
140 145 
140 96 
140 10 
140 7 
140 151 
140 112 
141 27 
141 142 
141 114 
141 99 
141 95 
141 157 
141 63 
141 92 
141 135 
141 57 
141 169 
141 124 
141 90 
141 11 
141 170 
141 35 
141 61 
141 105 
141 84 
141 136 
141 108 
141 98 
141 81 
141 159 
141 64 
141 109 
141 75 
141 118 
141 40 
141 12 
141 17 
141 86 
141 87 
141 110 
141 42 
141 4 
141 101 
141 147 
141 20 
141 122 
141 104 
141 8 
141 0 
141 58 
141 140 
141 139 
141 144 
141 78 
141 43 
141 154 
141 21 
142 158 
142 9 
142 99 
142 87 
142 112 
142 141 
142 136 
142 80 
142 4 
142 39 
142 122 
142 85 
142 75 
142 116 
142 27 
142 121 
142 140 
142 35 
142 147 
142 93 
142 6 
142 59 
142 13 
142 7 
142 51 
142 129 
142 34 
142 18 
142 24 
142 125 
142 36 
142 105 
142 155 
142 100 
142 108 
142 23 
142 33 
142 30 
142 45 
142 47 
142 96 
142 81 
142 68 
142 38 
142 144 
142 111 
142 82 
142 89 
143 167 
143 113 
143 67 
143 133 
143 55 
143 114 
143 58 
143 107 
143 54 
143 52 
143 28 
143 23 
143 100 
143 19 
143 106 
143 105 
143 72 
143 43 
143 101 
143 103 
143 109 
143 5 
143 104 
143 169 
143 60 
143 45 
143 13 
143 102 
143 170 
143 68 
143 91 
143 17 
143 148 
143 92 
143 138 
143 51 
143 36 
143 21 
143 130 
143 94 
143 0 
143 35 
143 156 
143 123 
143 118 
143 63 
143 115 
143 61 
143 155 
143 40 
143 42 
144 53 
144 110 
144 128 
144 0 
144 77 
144 99 
144 27 
144 95 
144 89 
144 149 
144 167 
144 4 
144 41 
144 14 
144 61 
144 49 
144 136 
144 21 
144 103 
144 56 
144 137 
144 75 
144 78 
144 35 
144 162 
144 82 
144 90 
144 64 
144 164 
144 29 
144 19 
144 155 
144 65 
144 141 
144 133 
144 52 
144 55 
144 135 
144 145 
144 142 
144 45 
144 147 
144 165 
144 138 
144 106 
144 70 
145 13 
145 160 
145 38 
145 33 
145 117 
145 69 
145 112 
145 126 
145 86 
145 64 
145 29 
145 89 
145 165 
145 98 
145 110 
145 78 
145 158 
145 3 
145 42 
145 39 
145 124 
145 136 
145 96 
145 94 
145 121 
145 87 
145 82 
145 72 
145 161 
145 4 
145 12 
145 21 
145 40 
145 11 
145 129 
145 148 
145 77 
145 149 
145 81 
145 59 
145 131 
145 9 
145 128 
145 107 
145 144 
145 139 
145 17 
145 140 
145 151 
145 113 
146 111 
146 17 
146 1 
146 161 
146 132 
146 117 
146 80 
146 95 
146 20 
146 149 
146 32 
146 10 
146 72 
146 81 
146 128 
146 16 
146 113 
146 94 
146 62 
146 58 
146 51 
146 160 
146 34 
146 6 
146 99 
146 3 
146 48 
146 166 
146 5 
146 19 
146 98 
146 105 
146 33 
146 169 
146 130 
146 147 
146 151 
146 50 
146 65 
146 162 
146 73 
146 115 
146 49 
146 43 
146 9 
146 26 
146 83 
146 23 
146 63 
146 102 
146 11 
146 129 
146 56 
146 124 
146 118 
147 164 
147 11 
147 159 
147 99 
147 23 
147 124 
147 133 
147 116 
147 60 
147 85 
147 118 
147 114 
147 71 
147 53 
147 128 
147 3 
147 80 
147 148 
147 131 
147 62 
147 37 
147 74 
147 10 
147 91 
147 158 
147 142 
147 139 
147 97 
147 65 
147 58 
147 7 
147 44 
147 35 
147 77 
147 102 
147 151 
147 170 
147 146 
147 141 
147 15 
147 153 
147 166 
147 1 
147 83 
147 29 
147 115 
147 51 
147 31 
147 144 
147 154 
147 101 
147 94 
148 15 
148 108 
148 26 
148 27 
148 39 
148 163 
148 166 
148 151 
148 29 
148 5 
148 76 
148 36 
148 33 
148 100 
148 133 
148 158 
148 66 
148 85 
148 129 
148 153 
148 169 
148 43 
148 113 
148 88 
148 138 
148 67 
148 147 
148 70 
148 117 
148 119 
148 139 
148 2 
148 51 
148 162 
148 90 
148 35 
148 127 
148 37 
148 8 
148 97 
148 143 
148 164 
148 56 
148 170 
148 126 
148 136 
148 145 
148 112 
148 150 
148 14 
148 7 
148 30 
148 102 
148 74 
148 16 
148 155 
148 42 
148 98 
148 78 
148 131 
148 123 
148 94 
148 18 
148 75 
148 89 
149 101 
149 112 
149 132 
149 90 
149 100 
149 137 
149 40 
149 146 
149 41 
149 36 
149 122 
149 85 
149 43 
149 135 
149 92 
149 144 
149 11 
149 46 
149 23 
149 117 
149 69 
149 25 
149 47 
149 164 
149 105 
149 155 
149 60 
149 123 
149 6 
149 166 
149 151 
149 83 
149 9 
149 82 
149 165 
149 145 
149 22 
149 24 
149 28 
149 13 
149 17 
149 8 
149 19 
149 160 
149 130 
149 74 
149 120 
149 136 
149 42 
149 109 
149 27 
150 30 
150 70 
150 68 
150 2 
150 7 
150 61 
150 166 
150 36 
150 170 
150 54 
150 78 
150 6 
150 94 
150 41 
150 121 
150 157 
150 64 
150 83 
150 25 
150 27 
150 24 
150 69 
150 33 
150 79 
150 136 
150 133 
150 74 
150 59 
150 117 
150 138 
150 116 
150 137 
150 163 
150 21 
150 53 
150 148 
150 81 
150 129 
150 3 
150 126 
150 134 
150 99 
150 10 
150 67 
150 169 
151 137 
151 154 
151 65 
151 32 
151 113 
151 59 
151 91 
151 148 
151 82 
151 100 
151 124 
151 26 
151 153 
151 29 
151 34 
151 161 
151 135 
151 19 
151 50 
151 114 
151 93 
151 98 
151 6 
151 0 
151 7 
151 8 
151 62 
151 54 
151 30 
151 104 
151 132 
151 147 
151 149 
151 146 
151 85 
151 24 
151 169 
151 17 
151 92 
151 131 
151 73 
151 130 
151 119 
151 57 
151 116 
151 123 
151 101 
151 5 
151 129 
151 68 
151 47 
151 145 
151 125 
151 140 
151 96 
151 139 
152 33 
152 165 
152 101 
152 63 
152 113 
152 82 
152 10 
152 106 
152 108 
152 170 
152 27 
152 70 
152 96 
152 53 
152 32 
152 135 
152 24 
152 139 
152 128 
152 111 
152 34 
152 85 
152 116 
152 17 
152 87 
152 6 
152 54 
152 99 
152 104 
152 58 
152 136 
152 121 
152 122 
152 169 
152 112 
152 130 
152 127 
152 65 
152 73 
152 67 
152 120 
152 59 
152 41 
152 38 
153 159 
153 61 
153 166 
153 1 
153 140 
153 22 
153 115 
153 80 
153 114 
153 20 
153 16 
153 86 
153 45 
153 132 
153 38 
153 105 
153 151 
153 43 
153 19 
153 148 
153 128 
153 36 
153 78 
153 83 
153 15 
153 120 
153 162 
153 163 
153 156 
153 10 
153 60 
153 55 
153 133 
153 26 
153 147 
153 122 
153 12 
153 169 
153 8 
153 31 
153 32 
153 44 
153 42 
153 88 
153 14 
153 119 
153 85 
153 0 
153 72 
153 27 
153 58 
153 18 
153 39 
154 97 
154 151 
154 119 
154 137 
154 158 
154 81 
154 168 
154 35 
154 65 
154 30 
154 62 
154 112 
154 121 
154 95 
154 108 
154 41 
154 169 
154 155 
154 44 
154 50 
154 131 
154 133 
154 76 
154 48 
154 17 
154 113 
154 85 
154 87 
154 92 
154 18 
154 102 
154 43 
154 160 
154 25 
154 125 
154 96 
154 107 
154 2 
154 140 
154 83 
154 7 
154 46 
154 161 
154 141 
154 164 
154 13 
154 147 
154 31 
155 169 
155 90 
155 20 
155 10 
155 159 
155 7 
155 43 
155 1 
155 70 
155 74 
155 39 
155 163 
155 83 
155 44 
155 52 
155 162 
155 168 
155 140 
155 60 
155 125 
155 65 
155 121 
155 154 
155 120 
155 117 
155 55 
155 149 
155 99 
155 87 
155 86 
155 118 
155 122 
155 107 
155 98 
155 56 
155 129 
155 127 
155 144 
155 142 
155 138 
155 48 
155 91 
155 31 
155 50 
155 148 
155 109 
155 57 
155 93 
155 166 
155 18 
155 143 
155 63 
155 9 
156 158 
156 133 
156 7 
156 163 
156 24 
156 1 
156 51 
156 97 
156 100 
156 136 
156 66 
156 33 
156 86 
156 95 
156 90 
156 74 
156 45 
156 34 
156 164 
156 122 
156 80 
156 12 
156 83 
156 116 
156 65 
156 139 
156 153 
156 13 
156 112 
156 56 
156 118 
156 35 
156 84 
156 130 
156 22 
156 29 
156 39 
156 17 
156 47 
156 113 
156 162 
156 103 
156 64 
156 19 
156 55 
156 165 
156 126 
156 143 
156 73 
156 57 
156 25 
156 54 
157 56 
157 129 
157 134 
157 73 
157 135 
157 121 
157 141 
157 103 
157 76 
157 68 
157 96 
157 19 
157 17 
157 51 
157 169 
157 47 
157 117 
157 20 
157 150 
157 2 
157 92 
157 167 
157 90 
157 87 
157 28 
157 94 
157 119 
157 39 
157 16 
157 58 
157 70 
157 159 
157 127 
157 122 
157 100 
157 166 
157 36 
157 12 
157 50 
157 27 
157 130 
157 79 
157 6 
157 109 
157 128 
157 30 
157 97 
158 156 
158 81 
158 142 
158 154 
158 22 
158 55 
158 72 
158 114 
158 65 
158 139 
158 75 
158 87 
158 59 
158 84 
158 148 
158 50 
158 164 
158 145 
158 147 
158 125 
158 42 
158 27 
158 77 
158 48 
158 31 
158 107 
158 20 
158 103 
158 120 
158 80 
158 131 
158 136 
158 76 
158 21 
158 79 
158 134 
158 12 
158 63 
158 40 
158 2 
158 4 
158 106 
158 112 
158 162 
158 26 
158 160 
158 91 
158 29 
158 170 
158 17 
159 153 
159 28 
159 155 
159 55 
159 147 
159 100 
159 1 
159 5 
159 140 
159 12 
159 106 
159 34 
159 134 
159 118 
159 43 
159 26 
159 141 
159 59 
159 69 
159 87 
159 49 
159 7 
159 15 
159 104 
159 11 
159 62 
159 83 
159 4 
159 157 
159 27 
159 138 
159 3 
159 97 
159 85 
159 139 
159 44 
159 9 
159 2 
159 168 
159 66 
159 46 
159 116 
159 113 
159 54 
159 25 
160 86 
160 72 
160 145 
160 40 
160 98 
160 127 
160 41 
160 166 
160 34 
160 84 
160 146 
160 93 
160 67 
160 53 
160 0 
160 87 
160 18 
160 37 
160 73 
160 64 
160 3 
160 136 
160 46 
160 154 
160 54 
160 97 
160 164 
160 61 
160 45 
160 10 
160 134 
160 22 
160 71 
160 17 
160 15 
160 83 
160 65 
160 78 
160 80 
160 116 
160 105 
160 76 
160 149 
160 70 
160 158 
160 68 
160 60 
160 117 
160 36 
160 102 
160 25 
161 113 
161 2 
161 146 
161 53 
161 37 
161 122 
161 96 
161 30 
161 25 
161 35 
161 62 
161 26 
161 40 
161 34 
161 92 
161 151 
161 117 
161 54 
161 4 
161 87 
161 128 
161 52 
161 31 
161 100 
161 89 
161 139 
161 145 
161 24 
161 119 
161 104 
161 8 
161 13 
161 82 
161 21 
161 46 
161 41 
161 3 
161 16 
161 72 
161 154 
161 36 
161 95 
161 33 
162 44 
162 60 
162 64 
162 138 
162 82 
162 165 
162 167 
162 74 
162 23 
162 163 
162 105 
162 59 
162 155 
162 86 
162 80 
162 41 
162 119 
162 7 
162 100 
162 153 
162 43 
162 130 
162 12 
162 127 
162 148 
162 35 
162 109 
162 24 
162 134 
162 97 
162 32 
162 83 
162 144 
162 146 
162 103 
162 129 
162 102 
162 15 
162 22 
162 11 
162 25 
162 156 
162 84 
162 6 
162 158 
162 133 
162 114 
162 26 
163 128 
163 0 
163 156 
163 86 
163 13 
163 148 
163 132 
163 82 
163 131 
163 75 
163 29 
163 155 
163 49 
163 130 
163 162 
163 68 
163 21 
163 119 
163 72 
163 35 
163 77 
163 73 
163 94 
163 63 
163 140 
163 64 
163 81 
163 153 
163 123 
163 19 
163 7 
163 121 
163 52 
163 166 
163 110 
163 71 
163 1 
163 150 
163 28 
163 85 
163 4 
163 129 
163 108 
163 133 
163 11 
163 53 
163 80 
163 120 
163 74 
163 6 
163 47 
163 138 
163 3 
163 57 
164 23 
164 147 
164 137 
164 14 
164 53 
164 129 
164 110 
164 119 
164 75 
164 158 
164 167 
164 76 
164 87 
164 111 
164 67 
164 156 
164 122 
164 103 
164 85 
164 149 
164 104 
164 128 
164 16 
164 120 
164 84 
164 160 
164 52 
164 148 
164 61 
164 144 
164 108 
164 42 
164 15 
164 41 
164 94 
164 48 
164 3 
164 154 
164 118 
164 51 
164 121 
164 10 
164 27 
165 40 
165 129 
165 102 
165 152 
165 168 
165 95 
165 107 
165 162 
165 82 
165 45 
165 17 
165 145 
165 62 
165 72 
165 60 
165 57 
165 65 
165 59 
165 31 
165 49 
165 15 
165 39 
165 8 
165 128 
165 43 
165 63 
165 77 
165 167 
165 52 
165 113 
165 25 
165 132 
165 27 
165 126 
165 114 
165 149 
165 42 
165 156 
165 87 
165 103 
165 46 
165 144 
165 56 
166 25 
166 95 
166 89 
166 119 
166 56 
166 153 
166 104 
166 32 
166 148 
166 150 
166 131 
166 170 
166 9 
166 110 
166 51 
166 160 
166 167 
166 15 
166 24 
166 19 
166 18 
166 128 
166 35 
166 44 
166 102 
166 4 
166 7 
166 129 
166 146 
166 72 
166 30 
166 10 
166 74 
166 61 
166 149 
166 163 
166 12 
166 91 
166 53 
166 48 
166 96 
166 134 
166 157 
166 50 
166 140 
166 130 
166 1 
166 124 
166 147 
166 17 
166 103 
166 155 
166 63 
167 109 
167 143 
167 66 
167 105 
167 122 
167 76 
167 132 
167 162 
167 64 
167 73 
167 166 
167 111 
167 96 
167 164 
167 44 
167 116 
167 144 
167 49 
167 108 
167 112 
167 101 
167 2 
167 43 
167 106 
167 114 
167 36 
167 81 
167 157 
167 62 
167 169 
167 137 
167 82 
167 5 
167 85 
167 77 
167 50 
167 24 
167 165 
167 0 
167 55 
167 61 
167 128 
167 17 
167 10 
167 131 
167 12 
167 121 
167 139 
167 84 
167 46 
167 15 
167 83 
167 87 
167 68 
167 35 
167 136 
167 94 
167 113 
167 78 
167 115 
168 38 
168 127 
168 15 
168 111 
168 19 
168 165 
168 21 
168 133 
168 54 
168 154 
168 32 
168 108 
168 137 
168 90 
168 71 
168 79 
168 122 
168 155 
168 67 
168 65 
168 57 
168 81 
168 92 
168 96 
168 114 
168 64 
168 51 
168 49 
168 23 
168 36 
168 8 
168 77 
168 85 
168 12 
168 109 
168 159 
168 128 
168 44 
168 45 
168 119 
168 73 
168 3 
168 105 
169 155 
169 101 
169 138 
169 104 
169 73 
169 91 
169 103 
169 33 
169 118 
169 131 
169 61 
169 113 
169 55 
169 53 
169 121 
169 141 
169 8 
169 30 
169 98 
169 86 
169 148 
169 127 
169 1 
169 7 
169 157 
169 74 
169 77 
169 67 
169 92 
169 15 
169 143 
169 3 
169 154 
169 94 
169 126 
169 167 
169 9 
169 146 
169 99 
169 152 
169 59 
169 151 
169 90 
169 21 
169 70 
169 153 
169 58 
169 12 
169 65 
169 135 
169 105 
169 34 
169 44 
169 57 
169 109 
169 120 
169 16 
169 31 
169 150 
170 134 
170 108 
170 110 
170 25 
170 152 
170 150 
170 135 
170 49 
170 166 
170 141 
170 109 
170 73 
170 38 
170 88 
170 28 
170 80 
170 63 
170 29 
170 138 
170 74 
170 91 
170 50 
170 129 
170 62 
170 47 
170 9 
170 136 
170 53 
170 69 
170 143 
170 20 
170 75 
170 24 
170 0 
170 147 
170 65 
170 10 
170 26 
170 148 
170 22 
170 87 
170 114 
170 51 
170 132 
170 137 
170 42 
170 158 
170 8 
170 139 
