0 37 69 132 165 91 146 54 24 57 173 27 110 104 170 112 86 30 42 176 79 53 38 133 28 18 180 10 59 159 47 178 139 155 93 126 80 85 148 40 142 16 109 26 128 185 81 175 108 156 67 9 103 31 161 92 143 153 145 15 82 74 154 75 4 116 78 117 49 181 158 150 136 114 2 137 25 34 111 149 43 184 186 140 21 130 144 62 166 160 98 
1 108 63 136 175 149 83 184 164 120 25 19 168 154 119 153 152 122 30 183 13 40 132 36 106 28 101 58 143 89 112 109 57 87 171 134 155 74 9 127 157 104 141 73 84 16 178 148 93 72 97 135 20 76 4 21 10 90 79 146 43 32 159 186 48 24 56 80 99 133 129 7 128 123 95 5 165 67 147 125 18 177 62 44 98 91 22 50 181 66 51 126 38 163 96 12 
2 167 61 179 139 173 57 119 87 183 16 101 26 71 99 111 141 118 13 51 42 145 110 147 129 160 35 58 156 158 122 123 102 150 12 116 49 165 15 21 28 85 77 162 95 114 45 109 90 164 124 148 14 74 4 92 161 33 98 47 97 103 166 180 56 88 82 163 89 84 17 174 177 115 117 86 79 132 63 0 155 39 53 181 128 72 64 54 168 140 151 81 93 169 186 185 
3 180 175 100 36 88 14 50 76 174 115 149 31 45 77 86 118 153 166 83 141 164 134 57 34 130 116 177 49 178 158 84 137 22 162 129 54 142 81 30 160 35 82 40 132 18 126 105 119 67 61 4 33 143 128 29 140 152 60 78 13 5 73 28 20 72 101 169 117 108 53 6 15 163 46 97 7 138 43 92 39 151 26 94 75 66 179 147 64 125 51 
4 94 183 98 24 145 108 17 33 38 141 111 42 120 128 51 168 112 118 53 153 182 86 146 137 180 35 102 136 140 14 179 71 69 167 157 144 56 122 156 55 104 29 174 139 163 162 73 3 12 1 54 117 60 36 2 34 92 127 97 159 58 19 67 90 0 109 8 123 185 88 59 186 27 106 77 57 164 13 91 105 134 31 23 135 47 170 171 85 74 48 158 
5 8 137 160 181 117 35 67 6 22 27 105 101 58 173 64 48 93 166 28 135 47 114 116 151 120 51 99 186 18 184 49 147 50 65 179 159 11 122 55 149 136 59 144 87 9 177 108 24 85 172 53 163 180 19 145 183 3 33 104 140 119 1 141 26 73 156 29 57 75 127 170 31 25 107 60 113 154 12 34 131 90 21 126 70 14 10 83 41 79 
6 30 110 140 180 122 162 128 89 132 87 75 5 136 105 113 157 165 117 53 142 63 134 155 50 84 21 131 40 16 161 156 179 67 176 148 39 65 174 41 9 81 103 82 181 158 119 74 90 184 170 12 143 164 129 64 139 102 28 177 169 10 146 163 167 27 141 80 182 34 166 95 18 160 135 3 19 35 20 104 130 52 150 118 37 126 43 36 185 46 32 
7 74 90 95 35 78 45 77 49 186 26 167 178 164 9 132 183 139 54 56 111 20 153 154 156 18 70 17 41 119 63 68 116 71 128 88 126 118 141 138 149 34 112 131 115 97 107 21 91 172 81 72 158 148 147 67 37 113 129 55 176 1 117 92 144 65 10 108 22 32 69 157 137 105 80 98 136 3 93 152 86 174 27 59 47 102 75 25 39 89 101 125 
8 158 75 45 183 5 152 106 105 149 44 66 86 155 38 97 134 154 103 115 127 65 140 83 26 79 151 22 178 150 131 141 34 112 102 165 89 73 46 60 109 123 78 15 85 107 53 92 113 47 51 122 104 88 90 108 125 170 55 56 4 157 156 95 163 13 93 52 117 33 175 119 29 184 96 101 16 49 142 71 72 145 126 139 91 130 137 121 84 124 31 179 10 182 
9 99 16 171 147 92 179 127 66 156 120 23 129 133 61 7 70 22 116 182 102 87 42 121 65 110 63 183 160 140 55 157 112 162 151 150 176 122 155 36 104 69 50 91 132 136 149 6 73 125 115 25 1 144 90 118 180 68 95 49 74 13 5 0 161 20 98 124 78 47 167 181 146 60 126 43 184 38 172 152 10 154 56 71 119 59 89 39 46 134 15 86 165 88 100 177 75 27 143 28 103 139 84 163 
10 40 107 97 81 89 110 71 34 136 24 46 94 19 74 36 98 70 23 159 147 112 17 150 14 78 47 158 137 126 65 0 181 73 184 58 120 131 125 114 22 169 57 105 67 95 52 129 37 99 76 156 1 69 6 44 12 103 165 148 18 151 139 9 91 7 130 35 80 66 166 39 149 87 54 119 100 186 29 104 145 157 51 155 179 106 5 135 134 68 121 127 133 124 8 168 
11 45 49 125 97 105 21 114 166 16 185 57 152 30 51 71 127 112 78 96 140 132 137 107 94 104 175 41 99 61 168 55 65 79 102 157 90 75 5 14 50 118 180 174 60 92 159 77 117 142 67 36 183 93 62 88 33 40 106 91 63 184 29 42 19 74 100 87 153 133 122 124 46 28 147 135 
12 142 103 47 43 21 137 167 180 136 75 125 170 181 30 73 89 22 31 68 61 98 53 81 82 90 93 32 134 128 113 106 120 135 51 71 2 163 63 40 16 118 149 6 122 140 159 25 182 65 77 107 24 4 23 28 55 57 116 56 10 127 80 76 41 175 156 166 72 18 66 60 64 92 153 109 95 130 26 121 184 94 5 129 96 58 13 155 59 52 117 14 152 161 178 164 99 1 
13 111 167 51 160 138 48 108 23 142 185 25 56 174 22 182 68 2 1 83 55 141 121 20 71 133 118 181 166 162 89 98 70 81 171 178 183 9 165 26 40 97 15 152 73 122 144 88 150 103 28 82 3 170 41 77 92 127 180 93 119 52 96 36 129 159 8 124 137 24 117 54 107 4 91 95 33 80 47 64 72 12 58 50 139 61 30 78 59 46 
14 171 100 147 118 32 107 3 179 180 113 82 56 91 112 23 102 115 53 20 79 105 54 17 166 104 10 4 38 92 39 182 28 116 57 175 176 27 70 128 98 178 11 120 66 2 25 77 78 106 117 61 126 76 124 96 139 174 18 140 167 159 83 185 85 163 86 145 47 15 93 48 97 172 173 103 75 71 149 125 144 73 160 156 165 5 148 12 21 59 35 52 141 67 
15 94 149 53 24 87 109 29 65 82 83 127 148 166 160 40 143 121 19 142 28 45 23 21 98 56 52 176 132 35 169 171 119 133 184 51 117 2 70 146 125 67 113 141 44 130 8 173 116 153 13 37 162 46 134 0 108 86 60 165 85 159 110 25 128 170 48 69 92 84 178 55 186 14 131 76 154 9 179 3 152 145 18 73 161 64 172 90 118 36 72 175 174 68 144 138 75 17 89 54 106 158 180 93 168 135 
16 41 23 9 77 138 93 96 103 45 143 39 11 19 2 95 46 129 78 92 42 21 185 6 157 110 120 178 155 149 132 91 20 54 44 118 75 37 130 79 163 65 111 160 172 12 0 87 182 137 146 81 67 1 116 25 86 109 123 165 51 30 162 58 183 53 105 164 48 148 22 18 115 94 72 61 170 181 55 27 139 8 84 69 40 99 184 100 171 173 114 90 57 98 126 49 158 
17 143 179 157 90 4 126 57 173 184 151 183 185 174 69 144 72 37 79 163 153 14 7 91 10 131 96 176 19 60 113 24 168 155 93 128 87 53 107 22 78 71 95 83 160 51 177 102 34 92 94 106 82 20 115 139 172 74 28 112 114 2 77 32 42 48 171 130 44 123 40 63 124 181 25 125 109 64 15 133 45 161 59 
18 174 156 112 151 159 157 35 136 117 49 51 7 28 59 20 150 116 102 0 180 5 100 121 98 24 104 109 70 81 80 66 58 71 75 52 55 34 92 101 87 103 130 61 33 175 163 3 95 172 158 169 131 40 106 45 21 42 160 50 142 14 76 72 10 67 133 146 6 60 16 111 145 1 127 36 176 12 147 15 173 43 125 22 129 78 137 46 88 57 48 166 27 73 56 186 91 47 90 
19 26 41 130 134 160 153 74 39 16 145 177 1 174 10 24 30 95 15 52 127 170 54 49 183 96 159 144 33 102 17 184 73 129 117 32 94 40 83 81 72 186 51 164 146 69 126 152 28 115 123 105 87 62 59 128 154 178 5 108 4 92 29 75 88 131 38 158 47 161 11 148 171 46 6 166 167 106 34 113 155 21 101 120 27 185 36 116 139 76 80 
20 123 75 174 126 50 43 42 38 159 176 32 108 89 47 82 60 163 7 114 138 61 128 150 14 62 95 18 88 26 127 53 16 13 167 103 90 67 115 77 21 181 183 166 45 86 98 1 9 41 170 36 110 124 104 84 184 168 147 69 17 171 72 64 3 109 119 66 59 65 142 87 49 92 120 78 107 106 158 6 131 148 22 29 79 165 93 71 80 143 57 91 34 136 129 122 160 133 
21 104 144 164 12 11 61 166 137 170 130 138 151 122 153 6 68 162 89 99 16 129 28 54 24 113 27 15 97 91 37 149 58 30 85 20 65 2 132 7 115 94 29 147 163 169 114 34 183 1 18 64 56 148 134 66 152 136 158 55 185 154 51 67 69 168 111 82 159 165 174 52 63 86 47 110 71 77 107 109 19 74 173 5 95 26 45 0 53 112 14 59 48 
22 145 121 73 106 124 97 173 28 101 5 94 123 150 30 83 13 59 105 9 12 38 86 32 180 71 34 161 185 139 175 67 46 69 128 92 157 58 8 116 102 77 3 61 160 53 131 100 10 176 78 27 129 33 143 17 158 24 126 144 118 138 48 29 174 76 99 127 156 107 182 7 147 16 81 42 148 45 162 142 74 137 18 153 1 20 93 170 49 41 55 140 125 96 64 168 167 
23 130 145 94 16 36 115 101 13 9 176 100 109 185 105 14 124 77 173 55 155 85 134 10 69 75 53 82 57 15 68 39 136 81 51 37 120 103 80 73 158 186 87 143 156 12 92 48 117 125 182 30 102 165 122 107 26 157 50 40 152 147 71 129 64 62 61 98 90 29 127 141 86 118 99 116 4 46 114 24 180 148 31 
24 105 4 34 109 54 81 0 15 154 40 55 173 10 106 125 180 53 47 37 19 139 21 101 68 65 87 172 179 184 78 39 158 18 161 74 156 56 175 17 115 107 167 168 130 82 22 112 61 12 71 27 58 5 95 137 70 1 49 183 86 66 135 110 146 102 104 75 118 150 25 145 170 36 134 69 166 13 30 57 99 132 63 114 117 144 174 129 31 108 23 
25 124 100 71 183 164 121 62 114 63 105 13 64 50 89 178 29 1 69 27 139 123 41 180 92 82 160 95 149 129 30 148 116 156 125 88 99 146 127 55 67 141 104 84 137 81 9 35 46 91 80 112 52 87 12 16 14 103 170 54 38 171 45 115 76 44 15 179 157 77 143 128 159 24 172 33 140 58 34 42 53 31 0 28 5 73 122 60 90 17 106 117 40 155 86 174 7 144 136 177 
26 19 137 112 109 110 124 65 7 148 85 93 182 181 2 154 178 35 167 33 47 20 147 149 100 86 8 120 32 73 98 63 77 126 177 184 142 122 84 0 139 103 75 160 152 163 116 79 13 136 60 50 134 94 57 123 107 45 23 127 125 5 48 172 99 104 74 29 143 55 66 59 12 144 153 21 3 36 118 135 27 
27 101 133 108 91 148 80 130 146 0 5 47 114 171 84 45 88 110 25 38 56 139 43 173 115 138 158 63 36 153 51 121 21 67 73 117 151 149 96 109 169 68 161 104 152 180 98 69 176 127 14 57 30 165 106 160 42 22 65 54 59 55 97 24 72 46 155 6 29 89 64 120 177 131 136 77 163 83 61 164 116 66 112 185 78 86 174 4 16 37 184 70 71 9 87 40 76 140 74 7 19 18 154 145 33 99 100 90 26 
28 113 127 70 76 128 22 49 121 69 30 133 162 91 5 90 157 146 138 137 35 61 57 169 115 21 104 140 18 64 15 44 179 1 116 0 158 96 170 110 53 101 14 56 48 51 2 119 183 52 94 95 143 130 60 63 168 12 139 19 148 6 92 155 136 142 46 13 74 182 3 112 36 66 106 109 71 34 55 17 186 39 184 163 72 45 25 144 131 174 11 42 9 177 149 59 122 141 129 105 181 156 185 125 108 
29 135 138 81 105 79 15 157 98 25 71 40 164 148 151 89 94 144 165 145 114 180 96 176 93 97 99 103 147 36 47 131 4 43 117 31 21 57 143 177 30 46 22 149 109 167 3 77 49 136 33 175 102 27 19 72 69 92 85 113 11 42 124 55 125 5 83 26 58 119 45 88 48 23 8 100 54 95 174 186 20 10 179 185 127 129 107 62 184 70 182 168 163 160 132 
30 6 167 147 50 166 122 107 69 95 172 129 28 186 158 88 22 128 12 11 162 133 178 0 180 1 126 52 150 19 87 173 89 108 130 25 156 58 55 74 175 64 144 134 132 36 127 21 27 48 96 105 93 54 3 70 60 140 143 102 82 29 39 65 174 111 73 92 117 23 80 84 137 185 16 71 136 112 123 31 171 155 63 157 149 97 106 78 184 57 24 98 76 145 86 42 125 51 90 109 153 13 181 
31 102 93 151 98 89 71 79 153 3 122 167 12 112 86 73 68 84 65 177 131 95 182 116 172 101 145 141 39 106 149 67 143 117 59 161 64 150 87 97 42 176 75 120 142 136 34 155 103 29 91 146 152 0 74 43 163 88 148 32 127 52 179 158 30 133 90 164 135 137 85 5 50 25 82 128 160 165 173 174 138 4 159 126 147 47 100 24 38 56 48 132 45 8 23 125 
32 91 163 141 54 121 40 14 128 110 20 76 152 88 58 46 49 22 12 52 146 180 90 56 125 183 137 47 62 148 140 26 104 133 132 123 19 150 114 176 79 75 164 63 185 97 118 138 151 159 51 167 39 64 31 1 38 93 82 92 186 7 119 17 182 48 149 127 100 129 74 161 135 33 109 94 134 166 36 107 6 72 55 87 42 
33 165 104 43 137 4 90 158 178 102 149 107 161 98 34 86 132 110 152 127 42 93 26 184 134 58 156 92 126 131 19 168 76 59 138 100 169 94 160 53 101 116 112 166 18 39 150 22 47 87 125 3 71 68 81 61 140 45 2 29 141 11 154 5 185 170 129 186 124 183 62 25 128 171 8 111 77 49 32 133 147 106 13 148 60 103 143 27 119 80 142 177 95 
34 179 137 24 43 184 158 53 127 169 119 10 100 33 149 160 82 69 47 50 128 121 22 35 49 3 144 42 156 75 168 95 7 171 8 37 52 150 18 97 39 116 31 84 101 155 66 122 186 21 44 178 72 17 59 131 145 102 99 4 70 126 143 183 118 104 154 142 6 148 164 125 110 28 181 108 166 124 25 140 19 38 96 103 0 180 107 61 5 163 153 106 123 185 20 133 76 56 88 120 67 57 117 
35 70 148 60 7 114 56 5 73 104 77 178 134 18 157 146 156 101 28 75 26 185 34 4 121 139 2 64 78 136 15 175 130 108 76 43 65 87 106 92 25 176 47 39 63 105 83 142 150 3 117 113 131 52 79 98 171 123 168 177 111 152 96 86 174 183 10 133 181 119 140 58 81 6 45 163 94 48 50 69 166 42 120 14 59 
36 87 110 85 107 63 141 117 180 3 39 23 70 37 52 129 177 51 69 122 186 10 164 142 27 98 56 72 94 168 86 60 140 44 1 151 127 113 9 55 185 30 101 78 66 124 29 74 162 138 167 131 171 172 77 79 67 4 20 11 61 169 91 153 38 62 106 155 116 166 28 144 81 158 13 18 40 24 118 102 76 95 15 6 121 99 148 119 32 146 26 19 152 139 
37 64 0 184 155 165 89 79 36 88 62 118 140 48 113 68 109 57 124 141 24 17 51 96 182 147 158 117 171 100 59 162 16 21 55 54 72 40 82 23 90 34 123 137 120 133 95 10 74 115 145 78 15 139 7 94 179 93 122 160 43 126 49 111 166 50 60 99 128 69 46 80 134 119 71 27 84 44 6 76 157 67 85 148 108 168 92 98 
38 112 87 20 179 177 41 4 119 62 8 163 164 81 92 54 27 22 165 178 109 122 172 132 107 61 0 78 118 105 156 14 106 67 83 143 90 66 114 175 134 127 120 108 71 75 154 25 55 32 116 36 69 9 135 94 110 151 19 111 73 43 126 82 97 149 49 181 34 89 47 140 141 76 31 183 124 160 1 125 85 56 
39 165 90 63 157 167 36 48 185 102 181 133 131 16 19 97 46 73 95 80 161 137 168 153 106 96 79 76 81 83 155 123 31 51 23 115 82 6 149 24 143 54 61 114 14 170 150 35 34 100 33 120 156 40 71 142 116 130 128 30 32 103 105 171 140 180 101 173 179 60 75 132 121 9 117 50 28 74 53 141 169 10 176 2 160 59 86 62 119 66 124 110 64 3 91 67 126 88 112 57 7 159 144 146 43 
40 136 10 159 94 184 32 157 137 180 91 45 24 60 48 70 179 44 86 29 141 124 113 173 126 106 158 15 6 140 175 176 111 98 147 116 144 1 77 83 125 49 95 67 135 149 80 178 169 73 37 122 182 93 127 167 104 12 123 0 19 99 152 69 39 3 87 74 96 13 154 18 142 156 101 11 68 53 109 153 107 143 81 23 36 92 165 108 121 146 17 16 54 27 103 100 25 160 105 114 
41 16 80 162 19 52 38 73 163 141 53 111 183 165 136 100 54 25 153 154 150 64 103 72 75 156 44 106 43 7 167 105 122 146 11 132 149 176 123 97 116 6 63 171 42 152 83 45 60 182 135 95 20 85 112 47 13 12 144 99 166 140 151 102 107 179 170 139 87 160 126 69 93 81 177 104 22 131 174 138 46 56 133 128 5 
42 123 20 92 137 140 51 145 72 131 69 4 0 122 16 65 33 9 148 2 154 134 86 159 111 34 73 71 113 91 160 81 41 31 45 158 100 77 27 60 48 61 142 57 18 62 47 96 143 162 151 155 167 29 11 129 90 109 141 22 157 115 176 103 17 25 44 132 105 182 124 55 30 144 169 114 110 35 28 76 93 138 75 70 108 118 32 59 175 
43 164 12 157 33 20 70 34 120 156 65 144 125 66 60 75 115 182 141 27 68 62 123 93 139 95 150 128 41 108 100 61 71 92 132 146 84 69 35 103 63 76 106 181 29 124 159 85 165 147 138 50 67 31 1 9 98 143 153 87 37 168 176 77 38 72 119 90 111 122 18 101 47 46 97 0 178 155 73 3 6 48 44 64 185 114 186 57 99 39 
44 68 116 8 74 47 139 100 40 87 148 125 41 149 175 28 36 178 141 144 79 16 121 53 118 97 103 179 80 94 101 78 75 113 129 184 114 65 67 96 108 15 169 46 34 57 49 51 123 10 66 157 130 92 25 89 135 154 48 64 42 146 1 138 17 37 176 58 117 59 54 43 143 137 76 55 86 105 
45 11 109 145 8 159 169 97 7 136 182 57 183 40 16 48 113 180 158 92 27 100 121 3 156 123 175 161 127 68 99 69 153 81 104 15 168 95 176 65 148 124 42 154 75 173 144 70 41 126 20 52 2 117 152 82 185 60 18 49 63 133 33 129 25 147 26 83 179 90 120 56 87 64 167 164 22 93 66 79 29 35 128 28 151 119 80 88 67 21 17 31 132 
46 116 114 174 186 121 87 39 10 16 59 150 81 55 61 32 97 102 111 131 130 64 124 166 106 89 120 138 22 77 126 70 123 175 136 176 100 78 163 25 107 53 8 165 145 62 44 66 129 29 156 27 182 67 80 15 74 118 142 28 160 161 95 133 57 179 96 85 52 108 139 177 113 184 183 9 19 37 105 162 171 11 141 94 101 3 63 43 51 18 72 23 173 122 159 6 148 152 41 90 149 13 
47 72 59 106 12 70 162 66 44 27 73 20 112 89 156 171 97 5 24 142 109 34 85 51 26 58 104 83 71 150 32 148 10 145 0 113 80 69 152 35 81 29 33 157 141 124 180 136 170 9 88 78 147 42 161 155 115 8 2 41 74 67 110 19 14 173 125 61 174 21 49 96 182 43 38 13 168 151 91 31 4 7 116 135 100 98 123 52 133 60 18 
48 182 146 160 116 13 58 168 39 126 150 45 40 97 128 66 37 57 5 186 86 169 77 51 92 178 50 120 80 183 28 162 132 30 99 179 140 88 42 104 180 22 147 23 149 157 1 109 134 154 156 96 76 15 152 16 84 108 26 44 75 72 78 136 14 123 17 98 32 137 101 113 119 181 29 127 89 110 90 35 95 65 153 43 18 91 175 85 4 105 118 31 171 21 158 
49 11 133 134 153 7 28 152 96 100 119 126 68 32 70 18 111 151 34 19 90 121 69 40 66 82 128 3 5 145 132 174 61 73 2 54 186 177 143 95 154 149 156 124 167 89 9 136 74 44 78 142 62 116 45 109 29 65 130 24 144 85 178 110 37 105 141 171 76 0 80 86 20 165 38 104 161 150 47 8 33 163 22 170 118 59 173 181 182 101 16 
50 165 93 62 30 20 168 25 106 56 3 156 113 74 90 169 6 159 34 79 99 63 80 67 151 140 70 86 64 84 48 71 9 167 121 183 5 174 114 92 101 69 127 185 110 161 118 133 11 172 72 144 155 125 171 43 120 68 26 112 83 95 57 103 18 100 117 166 23 104 77 51 37 81 119 91 39 180 94 108 138 131 88 31 143 73 1 35 149 89 148 66 162 142 98 13 146 150 186 105 
51 163 83 13 63 123 86 131 150 78 118 125 42 178 107 174 11 36 4 18 167 5 156 37 48 2 95 136 27 129 47 97 67 39 169 119 12 54 154 96 98 112 23 15 144 149 143 28 109 108 19 142 85 153 17 162 184 32 134 44 113 146 16 182 8 75 58 21 177 76 50 114 104 115 133 68 183 62 88 128 132 170 186 46 165 71 30 10 1 158 101 141 106 126 79 80 120 3 
52 153 174 104 41 154 95 163 72 36 183 84 184 94 114 178 30 96 64 179 19 157 32 60 103 15 145 74 148 133 56 105 18 134 34 182 166 68 54 86 132 173 28 45 25 98 10 165 101 35 61 108 169 31 58 83 46 142 171 85 13 81 176 109 92 146 126 21 93 120 123 8 99 6 151 73 185 79 63 89 143 107 122 12 129 14 138 47 
53 134 130 127 15 34 41 6 24 71 91 158 144 145 185 12 4 117 131 152 166 119 14 0 77 23 20 124 108 97 100 44 75 110 173 105 28 80 22 33 67 155 60 84 113 17 46 182 160 118 178 148 88 65 162 157 106 101 85 147 8 83 5 171 176 153 40 180 16 159 115 57 3 79 39 132 121 163 25 2 167 181 61 168 21 149 136 186 95 74 111 
54 58 133 94 129 32 121 24 110 165 0 147 106 161 166 38 125 41 7 148 21 163 185 156 19 14 57 16 168 80 59 85 51 181 88 37 86 39 63 178 158 49 74 52 93 3 30 98 68 27 126 119 4 118 132 183 62 143 25 84 134 177 124 82 91 146 127 153 90 152 149 155 111 56 176 136 167 171 72 139 10 13 96 29 135 40 92 173 2 179 44 115 175 131 184 151 15 144 141 
55 159 61 68 67 128 103 129 24 176 178 62 87 46 122 180 85 23 13 183 142 71 9 99 30 97 63 86 118 162 160 132 109 36 37 25 11 173 184 115 154 124 18 89 79 181 143 120 126 4 91 5 175 92 121 131 185 27 12 161 38 64 76 7 140 81 135 21 149 90 29 15 8 28 69 141 88 26 157 16 179 42 169 148 22 93 44 145 32 137 
56 92 71 141 128 170 174 35 178 87 181 103 157 125 50 13 14 186 135 104 81 65 88 27 111 57 102 79 7 66 162 175 73 134 110 80 150 36 64 58 32 15 112 84 96 61 69 168 59 52 100 114 24 28 146 4 138 142 171 117 143 115 179 12 21 70 1 116 139 109 158 133 9 126 145 45 2 54 8 122 60 154 67 98 163 147 160 34 18 41 31 151 38 120 
57 150 127 138 163 75 126 152 124 17 68 45 0 172 182 2 64 83 11 129 48 95 101 37 56 82 28 186 107 67 23 154 3 54 161 157 167 137 178 1 14 116 177 27 94 81 103 10 153 176 119 29 145 60 114 44 102 78 42 12 144 26 50 179 62 71 46 85 185 53 125 169 123 5 4 30 151 181 139 84 24 165 173 59 175 18 88 97 20 77 43 162 16 39 34 
58 54 180 175 168 159 84 48 141 158 96 5 171 32 64 165 146 163 47 30 33 176 109 56 63 154 185 2 22 107 66 133 1 21 18 75 167 149 10 101 93 92 126 177 132 164 113 77 78 74 85 24 59 62 156 4 69 52 16 51 67 111 117 157 179 103 60 169 123 89 35 25 100 29 71 138 174 99 182 12 44 145 184 87 139 83 13 181 129 183 102 186 
59 47 131 103 121 127 86 111 110 153 87 173 22 101 77 46 117 144 70 92 159 18 179 164 67 105 163 98 181 37 124 80 147 54 160 56 33 0 106 157 31 132 69 185 177 5 112 27 62 34 93 150 136 72 19 58 109 162 113 154 183 9 84 20 78 170 174 4 26 102 90 39 66 184 135 57 104 49 123 75 44 94 7 167 12 100 28 82 14 145 151 21 91 97 35 42 13 17 
60 164 140 35 85 74 79 113 116 43 40 76 115 71 124 109 165 20 111 176 155 119 87 36 52 78 96 107 17 102 86 122 100 130 159 154 70 173 53 82 77 81 185 42 8 152 41 145 101 99 30 11 57 28 89 45 178 153 26 4 126 9 168 132 15 117 3 90 68 110 146 134 105 177 39 18 37 58 148 141 56 66 137 169 12 174 171 163 72 120 112 5 63 25 186 33 64 135 121 160 47 80 127 
61 2 104 55 88 108 21 130 76 175 9 171 170 100 139 46 97 12 131 160 28 178 38 20 121 75 169 43 137 56 151 155 69 11 39 73 22 157 49 101 149 106 182 18 181 164 71 24 3 42 184 111 14 118 33 36 186 52 147 141 81 127 78 27 79 116 16 154 47 68 82 112 123 23 129 64 93 152 34 72 172 53 122 180 150 119 77 98 133 102 13 
62 50 163 169 114 25 38 37 55 124 129 86 174 96 43 159 20 153 136 121 66 80 71 166 89 152 32 90 144 145 160 105 69 132 112 94 104 68 167 146 165 59 46 176 54 49 142 99 42 19 115 58 106 11 57 36 125 127 130 97 88 141 109 123 33 161 177 23 51 81 150 1 65 39 108 178 102 175 148 77 29 111 186 183 0 70 
63 100 163 165 1 39 142 51 134 174 132 36 92 125 25 68 169 154 143 6 83 160 122 88 50 27 106 103 9 138 72 117 55 58 7 112 124 171 145 156 54 69 41 43 12 26 152 93 180 107 64 170 168 35 150 178 32 123 97 28 185 139 126 45 111 167 99 182 133 65 78 86 127 70 181 76 11 94 186 151 77 176 30 21 140 157 2 46 115 60 118 24 17 158 52 136 85 66 179 120 81 
64 137 176 37 67 140 108 25 57 122 134 5 99 58 147 95 71 41 52 28 79 46 127 56 85 186 35 126 50 93 30 171 182 149 86 31 70 96 154 63 169 81 167 164 177 77 74 104 6 75 123 32 21 55 144 153 162 66 117 150 27 120 20 161 76 113 90 101 45 91 121 23 44 138 61 15 159 12 97 180 92 116 160 13 2 39 43 17 65 60 22 3 
65 95 93 115 173 111 68 144 26 135 148 43 15 119 56 137 134 78 42 71 106 136 31 180 96 9 120 179 151 8 91 175 177 129 24 176 72 142 185 158 113 103 10 45 6 35 139 11 77 5 16 76 44 21 104 122 27 184 12 53 121 30 81 114 49 63 145 124 133 132 7 162 117 127 94 67 20 146 153 165 169 62 155 160 126 89 108 48 128 80 159 86 64 186 125 131 
66 68 124 111 126 47 8 70 9 81 132 149 43 150 48 86 103 67 164 161 78 181 56 159 112 62 155 182 49 144 58 113 18 110 38 36 140 135 82 74 148 179 95 158 75 34 14 123 46 128 99 177 64 44 21 178 91 180 147 24 151 127 28 98 160 130 20 27 60 10 12 45 153 26 73 77 131 90 59 152 116 39 1 169 137 80 87 63 141 162 120 50 115 3 134 170 
67 64 102 55 170 5 123 66 165 101 130 158 97 57 50 59 100 84 95 156 70 27 22 6 51 40 88 168 31 38 20 125 72 25 181 53 44 145 15 16 128 142 96 91 10 180 0 3 138 160 107 36 178 43 11 46 7 104 179 155 146 157 4 58 153 18 47 21 76 65 117 1 109 129 56 75 133 141 83 114 163 149 45 183 86 39 37 34 14 150 166 
68 66 44 81 55 88 105 77 65 175 185 63 57 108 109 99 78 143 144 127 125 184 37 13 159 21 12 49 43 31 45 83 120 174 91 24 112 167 178 23 166 79 7 87 117 27 157 71 133 168 113 89 150 146 52 147 9 103 62 54 153 145 129 137 50 33 72 183 134 176 106 152 60 40 172 70 140 116 115 173 94 51 101 138 160 61 162 84 141 93 76 121 179 95 15 182 86 10 97 
69 0 30 28 115 112 121 25 17 42 34 156 84 36 119 45 73 147 135 23 144 180 49 22 56 9 61 177 43 63 106 155 86 27 4 59 50 179 47 77 90 127 62 74 140 81 173 103 40 71 19 99 137 168 130 10 105 138 87 126 183 97 182 128 169 70 58 72 20 38 78 29 102 185 89 15 21 7 37 55 150 117 24 165 98 154 41 35 163 16 114 164 109 157 92 
70 102 92 35 161 173 106 28 47 43 77 164 88 149 66 167 36 71 40 109 9 111 87 143 178 168 157 140 156 49 97 91 147 98 59 10 120 84 7 67 159 186 80 179 83 50 114 122 183 99 126 46 132 107 125 181 18 64 13 185 171 60 14 15 45 95 30 104 170 105 145 108 117 34 153 56 24 69 63 113 93 68 165 169 152 75 73 79 121 85 148 27 81 177 118 5 86 42 82 29 154 62 
71 56 25 88 182 172 144 31 10 70 29 156 123 162 53 2 60 175 11 136 65 64 126 22 127 167 55 116 43 47 13 42 62 7 115 68 50 98 131 12 4 18 138 149 125 105 183 91 83 141 61 38 163 17 176 39 166 69 151 152 72 130 24 33 181 146 119 30 57 118 76 85 9 158 28 23 161 171 177 139 147 37 58 155 180 101 173 132 21 8 14 80 108 160 27 75 20 121 51 89 84 165 150 
72 47 111 145 120 138 179 133 52 42 73 17 98 87 41 90 113 63 36 107 167 149 83 182 161 84 80 152 116 65 131 171 37 170 67 159 173 19 186 50 136 88 118 7 153 1 126 71 34 68 27 59 97 130 100 18 93 147 69 29 20 3 122 185 16 12 48 54 43 103 135 165 60 86 28 163 143 105 2 8 61 15 46 13 183 79 76 162 101 119 128 32 115 
73 22 35 92 155 41 79 160 47 171 164 39 12 116 134 106 125 72 114 31 56 69 27 139 159 136 121 42 40 176 119 10 95 61 26 19 132 138 101 9 49 144 154 77 113 117 133 151 118 89 8 1 23 149 91 157 4 111 161 13 82 129 30 3 130 74 186 70 38 5 148 145 15 150 177 170 97 66 25 50 52 43 14 102 179 135 94 78 18 
74 170 7 160 125 109 115 91 60 158 82 171 19 44 138 106 50 93 165 180 118 10 148 136 87 30 113 164 129 97 52 156 89 24 1 54 36 66 117 69 6 99 123 103 167 9 107 64 90 145 37 49 40 152 133 58 132 95 2 31 172 161 130 46 151 28 185 178 0 47 73 182 17 121 11 80 116 77 176 39 79 26 86 134 22 126 149 137 128 32 140 21 111 27 153 100 4 175 162 53 114 
75 131 8 20 57 116 94 144 6 97 115 12 80 112 43 35 41 76 134 61 23 130 99 140 186 122 16 53 34 18 44 58 127 145 142 45 31 11 159 110 32 85 26 38 66 90 64 109 121 78 51 111 19 0 24 138 70 39 176 96 150 48 149 5 146 67 84 14 164 141 156 118 9 82 71 101 165 114 93 59 42 15 126 161 3 95 7 175 125 178 151 
76 123 149 151 150 132 28 143 84 98 61 3 146 60 78 171 32 147 152 180 82 185 129 75 102 184 39 107 113 130 33 77 158 144 35 133 65 43 106 100 172 94 108 115 138 1 10 153 22 181 142 14 55 156 18 174 97 25 12 99 178 63 71 121 182 48 86 96 92 51 67 64 90 49 116 103 15 164 165 36 134 68 83 30 168 110 38 27 42 72 34 44 37 19 
77 136 123 16 68 100 70 104 177 112 35 7 180 90 82 113 145 129 59 3 176 137 23 48 146 130 157 140 141 98 53 40 46 121 76 143 22 159 65 109 20 26 73 182 69 60 128 101 42 2 64 58 12 36 14 183 166 11 97 172 119 29 110 169 89 13 27 50 81 63 132 43 25 150 85 74 17 84 4 66 21 33 142 105 62 57 138 94 61 162 131 86 170 153 
78 115 175 7 98 51 83 165 157 162 68 76 135 153 16 66 65 176 100 79 143 109 139 132 104 11 38 123 130 35 60 172 90 80 10 85 24 168 182 128 44 133 122 147 101 46 160 99 36 22 108 17 58 8 14 49 97 57 9 37 88 47 63 75 3 110 69 0 166 61 81 129 150 59 27 48 94 169 20 111 30 18 119 174 105 107 73 171 183 13 
79 104 60 172 81 73 29 145 37 134 31 130 87 95 78 88 129 56 161 0 50 132 17 108 39 64 105 166 14 109 146 44 68 168 154 8 164 16 99 101 186 120 128 11 121 139 106 55 83 32 26 151 36 1 124 159 111 35 160 113 117 103 169 61 127 136 180 96 184 92 110 70 53 185 181 74 2 45 94 149 20 52 112 156 72 119 122 51 140 179 5 
80 41 27 111 185 75 130 116 155 39 168 117 50 56 103 183 97 173 70 59 62 72 94 40 78 54 113 44 53 48 18 178 47 145 0 120 107 170 23 25 124 160 179 174 151 46 169 112 30 1 105 12 84 140 165 6 114 186 74 10 82 7 49 164 129 81 37 106 180 71 45 121 138 13 99 20 167 128 65 172 66 136 51 83 33 159 19 60 
81 169 68 141 10 24 104 79 29 66 177 98 38 127 56 82 46 106 175 12 136 135 45 144 114 131 113 39 23 101 92 85 88 123 18 6 42 25 13 84 47 64 161 57 60 69 3 16 19 163 87 0 7 130 65 33 137 95 160 171 139 109 55 61 40 77 78 50 52 22 159 36 35 80 62 111 145 122 155 70 142 41 150 121 186 132 86 2 162 63 183 
82 162 147 106 93 74 173 77 107 15 14 20 81 34 111 57 76 12 87 25 185 23 49 39 165 129 113 148 101 120 37 104 6 154 151 60 66 160 121 140 128 3 24 163 141 30 45 175 103 73 166 159 100 54 179 17 13 0 32 109 132 2 21 38 80 115 61 157 126 145 31 164 75 138 102 131 177 70 59 119 181 
83 118 107 51 86 78 165 1 177 57 22 15 163 63 135 92 68 133 3 13 161 39 94 123 47 40 72 8 70 38 186 148 93 114 79 128 153 41 35 19 71 113 130 154 175 87 117 17 127 115 105 147 50 111 53 138 149 171 173 103 14 52 102 139 125 184 45 27 121 122 145 29 157 152 144 76 67 97 172 99 182 112 151 174 58 131 5 80 
84 113 58 76 150 148 117 27 90 169 97 135 52 6 136 69 31 146 109 156 176 118 67 70 100 56 72 50 43 3 155 182 168 164 128 186 25 149 85 81 53 34 26 1 93 123 162 103 102 147 54 180 20 30 125 134 160 80 119 171 126 15 59 48 2 153 89 77 181 137 179 68 175 163 75 159 57 37 16 99 112 71 8 107 170 185 9 154 121 184 
85 184 36 60 179 186 139 26 151 113 94 108 154 55 91 104 116 138 171 23 134 96 144 175 176 47 161 181 64 126 160 173 152 78 54 121 141 81 167 21 84 0 2 132 51 105 129 43 75 119 169 182 8 53 150 58 41 147 5 170 142 159 146 49 100 125 15 57 14 180 29 128 71 97 140 46 123 52 88 77 70 31 166 156 136 93 102 90 101 63 48 4 157 37 38 95 
86 59 51 132 186 173 139 8 83 116 128 66 40 0 148 62 33 3 158 22 31 141 48 4 42 96 36 147 55 26 50 172 104 60 177 54 144 64 69 103 109 114 90 113 52 176 101 153 20 16 131 87 117 130 15 145 63 91 157 24 97 35 129 76 169 166 135 14 9 160 49 27 74 2 21 115 140 72 181 105 184 39 23 30 179 119 7 68 92 70 67 65 133 25 44 81 77 
87 36 116 38 56 128 6 15 97 2 46 59 103 92 110 55 44 79 70 104 147 135 131 9 82 72 145 74 101 30 130 93 60 141 68 132 24 150 169 35 1 31 18 17 16 108 81 23 25 33 83 40 5 186 152 86 19 96 69 119 43 115 139 166 45 134 168 11 20 136 41 113 10 167 142 179 98 27 102 182 120 177 66 58 155 158 171 125 149 109 32 129 153 146 
88 151 68 61 118 71 70 3 103 37 30 132 27 32 56 96 79 95 112 129 63 114 157 155 130 20 149 102 25 67 108 54 7 81 175 161 72 180 48 177 169 119 53 110 47 165 31 115 78 13 11 125 19 124 8 184 62 2 160 85 176 140 133 159 55 4 50 51 29 185 127 9 117 45 150 182 131 18 57 162 147 123 167 34 152 39 153 105 173 170 
89 6 125 10 148 31 37 25 20 108 47 153 178 162 12 129 21 176 132 143 152 121 163 30 29 146 46 107 180 62 90 1 74 68 13 55 8 95 174 73 185 91 120 49 60 109 131 105 141 104 94 160 77 27 44 151 173 69 103 97 9 2 93 99 183 92 58 128 84 157 150 142 136 48 137 65 38 111 114 165 168 182 52 71 50 184 15 7 116 
90 39 7 130 17 172 175 33 77 150 129 119 84 50 28 138 12 158 112 72 183 32 96 49 99 78 182 123 166 20 89 95 62 38 110 37 86 141 69 11 132 168 9 6 2 74 91 75 176 1 170 155 167 157 60 108 54 128 122 146 124 4 8 55 92 45 140 159 31 76 171 42 116 64 97 153 43 23 15 59 173 48 66 85 5 107 136 143 25 102 135 30 111 127 16 46 169 27 93 18 
91 32 27 149 179 74 173 0 104 40 116 185 102 131 163 14 135 28 53 170 92 85 70 159 98 68 16 17 65 107 21 172 161 9 42 106 160 130 168 71 7 55 89 105 25 67 31 73 113 157 90 152 36 54 66 86 118 11 133 128 10 153 178 100 50 112 109 64 148 174 117 182 1 4 111 13 8 47 20 48 39 124 59 18 136 108 154 
92 56 70 63 73 9 42 166 45 121 87 38 162 16 163 98 91 83 120 177 25 59 111 112 174 102 48 33 93 43 160 22 81 14 97 108 50 141 58 35 18 103 168 153 55 125 11 23 134 101 17 114 131 2 0 100 4 28 8 30 169 158 44 19 29 32 7 149 135 13 76 137 90 15 164 154 155 89 52 181 79 128 133 20 40 176 151 12 64 117 110 3 167 54 86 94 37 69 
93 50 65 140 94 31 102 186 82 147 168 16 26 107 131 134 130 127 160 74 5 183 162 104 43 99 12 33 173 87 145 96 105 92 110 126 139 64 29 40 155 100 83 0 58 109 17 63 54 163 172 30 84 1 167 128 101 59 123 95 11 37 72 32 119 70 158 13 165 89 106 45 52 14 8 68 61 85 7 22 20 41 151 142 75 42 122 55 2 90 152 15 112 181 
94 15 130 54 4 134 23 160 93 40 177 75 153 22 140 144 117 180 52 10 85 146 83 184 115 29 36 172 119 150 11 186 169 80 162 155 104 138 44 33 112 149 157 19 57 124 143 76 21 62 28 109 176 181 17 100 185 26 89 37 168 145 161 63 38 142 132 139 65 68 173 133 16 137 50 78 79 125 123 46 113 35 182 96 12 136 59 32 3 73 77 92 148 102 
95 162 166 154 65 7 181 124 136 151 163 30 52 16 146 57 142 39 79 88 64 125 144 176 19 31 25 51 43 158 99 20 67 156 45 137 40 157 148 73 168 179 90 34 170 118 89 49 70 184 66 9 2 28 10 18 17 37 41 149 74 169 24 147 93 81 50 106 112 46 6 1 130 8 153 119 36 12 101 29 48 13 185 172 68 21 110 75 178 103 102 53 33 85 
96 121 168 16 158 58 148 49 101 88 62 111 52 37 152 39 65 85 11 86 144 93 90 19 157 17 27 56 60 28 29 161 131 145 51 122 64 147 141 30 44 116 98 67 156 132 112 40 87 14 109 42 133 139 170 48 35 173 76 46 126 184 175 75 124 13 79 136 149 183 34 114 54 110 8 100 47 94 186 163 12 154 113 129 162 22 171 1 115 
97 125 11 10 45 22 178 75 87 107 147 158 48 39 132 84 8 128 47 135 61 70 46 67 126 55 122 51 80 53 100 74 157 145 169 44 21 127 150 103 41 29 92 165 31 156 130 109 34 7 117 174 163 172 110 32 108 1 63 154 27 13 77 78 151 119 72 4 138 106 69 183 146 115 76 124 186 86 62 85 2 89 182 90 38 129 142 101 173 14 30 64 73 3 83 43 160 57 118 141 98 164 59 68 
98 179 149 4 144 124 78 31 76 29 165 81 103 140 33 180 182 92 12 72 173 70 10 40 148 36 77 178 123 91 102 59 155 15 174 112 145 152 170 136 71 18 51 26 111 13 27 184 169 106 14 142 96 156 54 52 20 135 9 153 160 141 108 186 128 2 172 35 43 100 131 134 171 66 117 132 157 183 7 113 48 56 166 168 23 154 69 1 159 146 110 30 87 107 118 185 177 50 138 175 97 61 122 114 47 16 0 37 129 
99 103 9 183 124 107 134 156 172 68 152 64 151 2 125 114 21 138 178 45 142 50 93 5 148 95 75 55 129 90 25 11 70 169 171 79 184 112 143 131 126 29 48 78 118 40 74 163 105 60 122 10 154 69 108 109 149 34 62 66 22 136 63 1 133 76 41 37 89 146 26 110 180 162 52 100 24 83 181 58 80 23 84 16 127 157 36 106 158 27 43 135 115 185 12 
100 63 25 14 77 143 3 120 183 106 23 156 102 34 44 45 41 61 49 78 135 67 115 37 43 160 163 53 97 84 26 134 18 138 181 104 157 33 56 144 46 93 60 158 154 22 76 175 151 42 39 105 136 119 147 94 92 165 82 72 133 98 85 114 179 112 50 113 146 91 139 148 11 58 169 128 166 29 96 32 10 9 108 99 142 170 185 31 127 16 40 59 74 111 27 47 178 171 124 
101 27 155 125 179 102 138 23 22 126 163 107 123 5 2 96 59 57 35 110 67 147 166 134 162 153 103 112 87 31 24 129 151 173 184 81 82 1 79 170 28 44 73 36 50 61 58 78 33 18 34 86 77 60 146 127 124 122 140 93 53 92 52 120 117 185 40 132 39 180 161 148 3 154 111 64 169 172 68 157 97 167 104 48 139 71 46 8 95 43 175 121 19 142 75 85 109 177 51 72 49 7 
102 31 70 67 93 108 101 143 155 142 39 91 146 100 33 14 56 9 46 76 158 147 4 162 92 98 150 18 88 106 103 19 60 140 114 22 2 141 8 11 181 168 133 30 161 17 152 84 57 34 6 148 120 23 164 130 29 83 69 178 109 24 123 160 41 174 36 136 59 119 85 182 116 82 87 90 62 73 171 125 167 7 61 95 185 58 94 
103 160 12 99 180 59 120 56 155 183 88 55 106 16 112 98 130 66 87 135 184 143 8 41 111 101 80 63 139 149 165 52 140 138 102 162 44 65 186 20 97 43 86 6 29 156 92 18 23 31 57 68 74 69 113 26 105 84 0 147 25 82 39 50 146 157 10 13 79 83 107 144 2 89 58 179 137 76 42 167 163 145 127 182 125 177 72 133 114 14 34 126 169 122 9 185 40 33 151 95 
104 21 61 125 79 179 156 33 81 52 77 35 148 118 183 91 0 172 185 180 56 109 93 119 87 85 126 106 28 145 78 169 130 45 47 110 11 14 173 115 9 100 86 27 182 32 154 107 94 82 18 25 134 40 176 65 133 141 4 1 146 62 70 135 64 149 48 89 20 67 161 111 34 8 138 163 24 50 5 136 152 51 120 26 49 137 101 6 157 10 59 116 171 41 150 170 122 160 
105 124 133 24 68 154 11 8 29 6 25 110 171 5 114 23 22 137 148 79 177 59 14 93 167 41 153 38 175 130 160 53 150 174 52 157 71 62 30 35 149 100 91 99 183 85 103 10 113 70 126 3 123 83 89 69 19 39 147 80 60 49 161 159 16 173 108 107 163 7 158 46 178 119 134 135 42 86 184 172 132 72 185 4 121 77 78 131 111 151 48 164 145 115 40 28 88 125 44 50 
106 47 164 70 22 82 8 140 103 54 121 100 74 50 24 73 81 123 40 65 153 114 104 39 174 143 63 146 41 46 176 1 162 157 31 102 12 185 126 38 59 147 144 69 91 133 35 149 43 61 76 98 79 154 131 27 109 129 166 128 53 14 18 148 127 139 68 62 97 17 141 95 183 36 122 11 182 179 28 170 178 115 93 177 116 19 132 184 4 20 80 30 172 168 165 33 137 161 34 25 51 10 99 186 145 15 138 171 124 
107 182 83 127 183 10 147 36 128 113 30 14 99 97 176 101 93 160 151 82 133 33 51 140 163 142 108 38 57 161 121 76 150 148 72 89 124 117 110 11 91 60 58 70 104 112 63 24 80 7 46 17 119 159 74 130 12 109 67 144 8 156 26 22 173 135 23 114 103 40 143 134 105 116 41 178 125 20 146 13 34 123 5 21 90 98 52 158 78 29 84 32 171 122 118 
108 175 1 27 102 4 61 124 64 141 13 68 20 182 89 150 130 111 85 139 107 163 169 79 133 30 53 43 185 88 173 122 35 183 146 159 92 113 184 51 87 44 38 78 76 0 97 70 170 5 99 136 152 98 112 15 52 149 90 19 140 127 160 157 151 134 46 8 105 7 48 3 121 34 50 156 165 40 143 100 71 62 65 24 42 171 37 28 91 154 
109 45 160 152 74 155 24 150 26 15 113 68 23 178 70 60 104 37 127 78 133 38 186 47 122 84 110 119 121 143 168 79 58 27 55 164 129 1 18 77 86 93 97 173 51 140 106 156 0 118 94 179 2 141 136 8 112 107 89 99 29 16 175 49 59 75 153 48 165 96 81 128 56 40 102 82 134 20 184 4 28 42 67 52 62 91 170 139 12 169 167 21 158 130 159 101 161 32 132 144 17 166 30 69 163 87 
110 183 6 36 128 154 174 54 59 26 10 186 32 115 180 105 134 0 173 124 27 87 132 133 101 33 178 141 129 16 109 56 9 184 2 104 107 93 142 53 158 28 136 90 66 50 185 75 145 97 171 160 140 139 111 127 20 88 131 164 113 77 166 116 126 175 60 78 49 15 38 24 159 47 130 34 117 79 99 118 119 48 96 21 177 98 161 76 144 122 182 92 42 39 95 165 181 135 169 
111 72 114 13 139 66 149 112 65 80 59 121 133 132 170 173 41 179 4 117 134 70 137 131 60 2 108 56 82 164 7 175 96 103 46 40 142 49 92 42 152 153 145 155 98 16 125 136 143 174 151 73 150 110 123 61 30 63 83 79 140 126 35 104 116 75 54 58 37 183 120 38 101 157 172 18 21 178 81 186 169 43 119 78 0 33 89 177 176 91 74 127 90 105 148 113 62 100 53 
112 38 143 111 151 26 77 18 122 103 170 69 152 75 47 0 14 31 4 88 150 163 176 101 162 132 11 66 172 90 181 184 10 92 165 68 185 9 144 56 98 63 99 161 168 51 171 107 1 94 8 7 157 178 33 135 120 62 174 59 25 121 24 96 109 160 50 108 80 131 180 41 138 142 145 95 30 100 28 130 140 137 141 17 91 27 61 154 60 129 127 79 83 183 182 84 118 21 155 147 39 93 
113 163 173 28 130 84 175 115 60 107 134 6 109 45 50 77 14 141 138 37 40 85 136 180 125 152 21 72 81 184 132 74 12 76 159 36 80 135 82 172 65 17 66 145 68 42 47 122 155 44 108 114 128 73 86 53 15 83 158 103 58 179 91 105 35 137 51 7 182 110 79 149 8 70 59 185 100 29 64 46 162 98 161 48 87 94 157 19 5 174 170 139 111 129 96 127 
114 111 46 178 116 35 159 62 127 25 11 27 105 168 136 161 52 5 73 171 99 20 106 88 81 126 146 121 70 144 29 102 39 56 148 50 113 38 44 86 83 32 10 2 139 21 157 57 158 92 65 182 164 186 100 107 80 51 185 17 128 181 125 173 123 0 103 96 117 67 122 89 24 42 151 118 75 140 69 143 43 23 16 154 130 98 170 74 40 
115 78 65 177 74 113 23 110 69 75 132 3 43 60 180 116 147 130 143 156 14 27 125 8 28 100 184 94 169 145 39 104 71 20 126 55 146 9 24 7 183 21 157 144 76 37 83 166 123 179 19 56 62 88 139 120 47 97 168 25 87 178 175 17 68 53 51 16 106 42 2 82 86 182 163 63 131 176 54 160 66 105 72 164 99 172 96 185 
116 173 46 87 160 176 48 75 114 133 44 86 60 91 132 127 73 9 80 115 129 5 85 145 31 40 121 130 25 18 71 28 7 154 163 3 138 72 22 41 183 14 57 166 2 33 118 34 96 159 16 120 26 39 143 15 49 12 158 110 151 38 144 56 111 36 141 0 68 169 27 90 61 76 184 107 74 125 106 170 150 172 186 102 66 64 23 128 104 148 47 19 89 155 
117 162 123 136 173 184 5 120 36 185 176 84 127 6 94 111 178 125 18 59 53 165 80 37 182 63 27 107 144 174 68 163 31 179 19 137 154 150 15 73 97 74 159 29 35 152 83 147 45 56 70 4 14 86 11 101 23 145 30 60 79 64 7 50 58 124 65 0 98 67 39 3 110 2 69 172 130 166 8 91 13 88 114 167 92 132 164 24 44 25 139 121 143 183 12 122 171 119 34 
118 83 123 155 177 14 88 104 143 51 184 37 145 3 74 4 178 175 174 2 153 84 167 55 16 38 127 133 44 13 154 7 168 173 131 95 159 116 12 50 73 99 9 11 109 72 53 32 22 54 176 61 46 151 146 34 162 91 71 182 141 152 24 110 36 132 15 6 140 63 75 23 70 49 98 114 160 97 112 129 48 26 42 107 
119 154 148 128 38 2 34 149 183 90 147 65 150 1 49 171 104 143 136 69 53 109 60 145 7 94 133 163 51 73 15 139 160 130 134 131 6 28 107 85 57 88 3 54 100 179 97 77 162 185 126 166 87 71 93 174 84 9 5 13 20 50 153 32 35 110 180 43 29 105 37 95 48 111 8 45 10 102 39 86 78 127 178 79 61 36 72 33 82 146 117 
120 128 72 103 117 121 100 9 43 1 136 122 169 4 155 92 5 16 172 133 68 65 70 146 46 163 134 152 12 26 82 137 48 79 148 138 176 10 55 80 165 31 37 23 112 38 39 89 116 154 14 125 186 50 101 102 126 115 160 64 27 139 45 111 156 104 162 52 129 127 20 60 132 19 135 87 66 35 185 51 34 184 56 63 
121 96 22 167 59 54 32 120 25 46 111 165 163 128 28 106 69 45 92 138 129 89 15 9 61 34 107 168 109 35 27 174 116 62 13 123 49 73 114 77 44 144 18 185 169 85 186 50 180 139 161 79 158 134 141 177 82 151 55 112 181 65 145 166 75 170 154 175 137 122 76 173 83 39 74 108 131 164 64 70 53 40 68 12 101 80 71 105 8 117 36 81 148 60 10 84 147 127 149 
122 6 130 30 140 112 64 21 120 168 31 55 42 1 136 36 38 63 109 184 97 41 146 75 9 70 108 2 127 40 164 60 96 148 176 113 173 78 153 131 4 174 65 26 182 126 5 12 99 34 101 134 13 37 106 90 23 8 154 121 83 72 152 56 125 160 11 43 81 170 114 110 25 103 61 158 52 46 133 93 117 79 28 98 20 104 132 107 162 
123 118 117 20 144 76 42 77 51 165 67 22 101 71 25 106 136 45 162 141 43 98 145 83 179 121 78 181 39 180 90 2 46 41 81 174 32 160 140 40 142 37 74 156 63 84 8 105 66 115 111 135 19 64 93 16 44 26 35 173 167 102 1 30 85 4 130 62 58 57 134 114 48 61 52 152 182 94 17 107 59 34 88 47 
124 25 66 105 130 22 98 142 108 95 57 99 26 152 150 110 40 169 62 60 153 165 137 23 37 46 160 172 53 179 59 131 140 107 178 63 176 127 45 141 149 55 145 166 94 36 185 129 43 49 80 128 47 146 101 2 9 186 79 14 20 54 65 159 97 90 88 182 181 117 29 33 96 148 13 34 183 11 184 42 17 39 173 38 8 91 161 106 10 162 100 
125 104 101 97 74 11 184 139 89 63 146 56 151 173 51 43 12 68 181 24 117 54 73 99 180 115 44 95 113 138 186 175 174 185 32 25 40 149 166 70 67 168 9 71 154 15 111 10 176 132 92 135 120 33 50 23 145 88 84 164 62 85 83 26 127 8 34 29 182 1 57 114 47 116 122 103 161 107 94 136 18 153 14 30 141 140 17 102 183 152 22 87 38 65 105 28 156 75 3 7 31 
126 154 66 20 57 131 179 17 48 101 127 136 40 49 30 181 104 129 71 97 85 114 64 33 160 46 184 106 93 10 70 7 99 115 168 0 26 58 55 138 122 45 128 105 3 182 22 54 155 19 72 176 141 14 147 63 60 69 132 134 9 34 119 120 110 111 183 37 133 96 56 84 153 38 52 145 165 146 74 139 41 65 82 103 173 170 8 180 162 6 5 31 51 75 39 1 175 16 142 
127 131 57 107 28 59 114 53 9 34 116 117 68 15 93 126 81 162 33 138 143 11 109 134 45 8 71 19 64 20 36 118 146 137 178 25 129 124 97 122 164 128 174 30 40 142 27 75 50 1 69 38 165 101 83 159 110 106 182 4 163 158 22 132 54 31 63 12 184 172 145 108 62 139 61 26 150 13 66 125 65 135 79 18 103 177 5 120 171 136 88 48 186 32 23 147 112 133 111 160 99 29 100 119 156 90 113 10 121 161 60 
128 120 110 162 56 6 107 87 28 55 32 119 121 182 86 30 48 97 4 178 34 20 43 12 22 49 7 140 79 127 78 84 113 17 14 163 83 77 67 0 82 158 126 124 93 106 39 175 3 143 66 98 69 19 90 109 153 85 1 91 15 179 164 149 37 114 129 25 89 92 33 139 100 51 45 74 133 2 183 31 116 65 80 72 186 41 168 
129 54 30 55 9 90 57 147 16 36 77 62 89 116 155 110 79 157 121 88 21 126 76 25 51 179 99 101 2 65 74 82 159 127 109 165 151 19 163 44 3 149 150 181 124 22 169 106 156 85 182 172 6 10 68 46 73 152 45 7 130 138 1 86 33 78 170 42 168 23 67 136 128 13 139 97 80 120 146 61 32 18 112 12 29 140 24 113 20 96 118 28 58 52 87 164 98 
130 94 90 23 113 167 124 122 27 19 53 148 61 21 185 103 93 80 108 79 115 67 77 170 88 104 46 146 75 87 30 116 151 3 78 186 76 16 105 35 176 60 97 119 91 156 142 18 136 152 83 24 15 28 107 39 71 81 69 137 74 72 86 49 147 44 102 129 175 73 62 165 112 180 10 95 66 110 123 143 133 117 183 155 161 17 6 140 181 12 109 135 8 171 174 0 114 150 
131 127 75 59 51 126 39 91 93 42 151 111 161 6 141 61 87 53 31 46 81 144 124 17 33 169 150 72 96 71 8 152 99 186 176 122 168 118 7 119 22 185 10 106 170 29 167 36 55 35 164 18 86 34 89 153 92 110 112 98 27 19 121 15 157 50 20 28 66 115 165 5 88 82 179 154 105 134 54 41 83 77 155 65 
132 0 76 86 63 6 66 111 116 184 115 88 178 97 110 33 7 163 166 151 169 89 38 79 78 137 134 112 141 16 11 1 113 43 87 15 55 158 41 70 30 49 32 73 9 181 148 59 159 48 58 21 144 167 90 52 62 152 85 133 125 3 96 157 145 154 54 74 136 126 60 127 101 160 173 65 82 94 77 39 98 176 183 164 53 2 106 118 42 71 51 120 105 117 24 109 81 31 150 122 168 156 45 29 
133 54 27 49 105 162 116 111 147 72 143 28 39 136 9 138 107 183 30 110 184 176 109 83 172 108 181 120 155 0 118 13 119 68 52 58 15 32 151 78 76 106 144 104 73 50 102 132 37 156 141 74 167 45 63 100 1 99 96 46 91 126 65 18 56 31 35 94 51 149 163 157 142 88 130 148 92 11 103 67 128 165 33 185 127 161 34 122 86 17 61 41 159 10 47 20 
134 53 94 49 63 137 19 113 99 110 79 35 154 93 64 111 166 73 8 65 6 153 175 101 127 178 56 23 159 85 132 75 42 33 12 146 3 139 120 184 141 100 30 182 158 104 1 176 52 119 38 121 142 165 92 122 51 26 68 15 54 126 167 21 48 84 60 98 144 109 108 107 87 177 179 170 9 123 24 74 37 76 185 105 149 4 173 131 32 160 155 10 66 148 
135 144 29 147 65 178 143 183 91 84 78 56 103 97 5 161 83 87 100 81 69 166 170 40 12 113 157 181 136 174 66 112 185 176 125 156 104 41 1 182 98 123 155 138 146 107 184 55 24 44 38 171 92 169 151 86 6 127 159 186 31 141 72 105 32 165 59 120 54 130 90 4 73 110 11 10 47 60 99 179 150 145 26 15 
136 40 77 117 1 169 170 45 95 181 186 6 12 133 10 120 41 126 114 123 113 18 122 71 84 119 65 81 74 51 148 62 4 73 23 35 98 180 46 9 110 178 135 177 31 130 111 158 5 72 156 49 109 100 165 150 145 26 47 108 59 132 28 99 29 30 21 160 27 146 142 163 104 155 79 54 129 96 167 48 0 87 127 125 102 7 179 89 174 85 138 166 140 90 94 63 80 157 20 185 53 91 25 
137 64 164 167 34 12 26 5 33 134 177 159 21 156 40 162 42 146 65 111 105 124 39 77 174 28 132 4 140 11 32 95 61 127 10 182 120 3 57 139 117 25 141 37 16 165 145 160 172 69 68 142 130 81 24 113 30 163 121 166 112 92 170 103 94 7 31 60 104 84 13 48 0 74 22 89 173 175 18 151 106 66 8 185 44 144 158 178 55 
138 57 185 139 13 165 29 72 16 101 178 177 74 158 21 133 171 113 121 154 90 127 28 99 27 20 85 152 125 63 146 46 181 103 160 116 100 33 94 73 7 71 120 147 56 144 126 36 172 156 32 76 173 67 161 22 43 176 69 140 135 97 112 83 129 104 143 75 68 50 64 44 58 136 149 167 82 80 3 31 15 42 77 153 98 41 106 52 
139 151 111 138 125 86 147 85 2 44 164 25 61 183 27 176 108 7 162 43 24 78 144 103 22 175 73 134 35 163 142 93 65 119 121 137 0 145 79 149 26 140 114 4 110 28 6 63 106 37 115 14 182 81 154 150 56 10 96 87 83 186 127 160 120 17 46 94 180 100 159 156 129 128 172 41 148 71 54 126 101 16 109 167 57 8 170 113 117 9 58 165 178 13 19 36 
140 183 6 93 60 64 161 122 106 184 94 42 164 37 146 149 98 162 107 70 150 40 154 28 77 11 9 75 177 137 36 50 8 124 103 4 102 32 128 169 123 66 109 69 48 82 139 12 30 147 110 159 176 101 3 138 152 33 111 14 39 55 108 80 68 112 85 41 5 90 158 153 88 35 186 141 165 25 63 34 172 86 130 142 74 118 38 167 136 125 168 114 27 129 2 0 178 22 79 
141 32 56 81 186 36 108 143 41 167 58 147 168 4 113 174 40 146 43 131 110 37 86 123 2 77 132 3 13 44 169 162 31 87 134 183 85 124 7 25 8 102 144 92 96 137 165 104 90 1 71 121 15 109 47 82 133 185 126 98 89 33 179 160 106 171 61 148 116 6 49 177 170 118 62 161 5 112 163 42 60 140 55 39 135 155 152 68 75 46 67 23 151 125 38 51 66 159 97 166 28 14 54 
142 12 63 124 183 102 13 175 149 6 95 164 107 47 99 111 36 15 55 159 110 139 65 127 172 168 75 123 130 0 31 56 26 3 98 134 35 67 51 154 39 137 49 42 62 40 76 11 147 185 28 85 46 18 112 163 136 34 94 52 160 20 145 133 97 22 165 179 89 87 140 8 100 101 153 77 156 81 93 161 50 150 33 180 126 
143 17 112 179 144 76 100 102 118 141 133 16 63 135 68 151 70 115 103 15 78 119 127 89 148 109 106 173 158 39 31 1 77 165 99 171 38 157 51 147 55 94 49 111 166 156 22 155 154 6 28 30 29 23 162 116 164 56 3 54 128 0 174 34 150 153 43 42 40 138 107 25 130 26 50 108 72 9 20 90 52 114 33 117 44 
144 135 21 123 143 98 75 65 71 149 145 43 94 68 146 178 17 53 148 169 95 59 139 85 81 131 154 40 96 69 34 29 112 44 117 66 19 114 121 30 76 86 179 100 106 62 141 133 51 73 4 9 45 132 138 164 50 153 115 5 182 22 159 173 107 57 13 64 162 116 49 176 134 7 103 41 36 151 83 28 163 26 110 42 14 15 24 109 137 0 167 183 54 25 152 39 
145 22 176 72 23 45 180 4 79 144 42 19 77 163 118 53 158 116 87 104 2 31 123 93 119 98 29 115 52 97 161 63 96 111 49 113 47 62 80 157 182 75 124 67 174 139 110 60 177 137 57 68 70 74 46 132 136 37 34 121 117 125 0 65 86 94 112 5 154 127 56 14 73 18 142 24 126 83 103 15 151 152 81 82 164 30 8 10 58 27 178 106 105 59 135 169 55 171 
146 48 0 125 27 102 161 76 144 140 35 95 169 137 141 28 171 84 77 167 4 58 130 94 106 32 134 89 138 120 114 122 79 41 156 43 127 181 25 180 108 155 115 56 68 15 153 16 104 62 101 19 124 31 170 1 9 51 71 184 6 103 54 67 97 118 85 177 135 60 90 136 24 100 176 18 65 164 99 152 52 178 129 126 75 44 107 98 165 40 36 50 119 39 87 148 172 
147 170 135 82 30 14 107 93 9 54 139 133 160 97 141 76 129 119 155 115 64 87 101 70 152 37 40 69 10 102 179 26 2 86 59 164 5 106 78 29 96 138 157 143 68 21 175 140 117 163 43 103 156 48 182 84 85 53 100 83 126 142 95 7 183 47 105 61 130 168 45 72 174 20 66 173 23 22 1 18 71 151 177 153 127 33 56 31 11 162 88 112 3 121 
148 35 27 160 104 119 89 130 26 65 84 166 96 15 86 44 144 105 29 54 74 42 98 143 99 136 25 107 179 95 47 6 82 52 45 32 122 120 114 153 172 83 132 0 66 183 1 165 161 53 2 181 7 163 28 106 31 102 21 10 141 101 34 16 73 100 60 22 19 158 124 154 139 133 91 70 20 33 116 149 55 50 62 111 121 169 46 36 14 37 182 150 94 134 23 146 
149 98 111 76 91 8 1 15 70 66 144 185 119 33 140 3 142 34 151 25 16 44 103 26 167 72 27 88 154 31 40 125 39 41 64 21 9 163 7 124 58 71 94 106 84 129 51 61 105 5 49 12 139 73 153 104 95 99 29 48 113 108 169 83 54 152 55 161 92 172 157 175 128 133 156 158 75 96 38 30 10 32 79 74 134 138 14 0 176 50 67 182 148 53 28 183 46 87 121 
150 57 152 76 109 51 180 84 48 158 22 90 175 66 124 108 46 159 119 177 30 140 41 112 56 20 176 171 43 18 102 107 153 10 94 47 9 131 167 87 97 2 105 8 156 68 31 117 39 34 32 129 185 63 35 33 151 136 111 157 85 59 184 168 143 13 139 64 154 127 24 75 0 78 77 182 69 62 116 49 73 89 160 6 88 81 104 61 71 142 50 135 132 148 130 67 
151 139 88 179 76 31 112 166 157 95 18 125 156 182 107 17 21 85 143 131 99 149 163 132 5 185 186 29 170 65 49 50 27 172 130 36 155 101 9 8 61 152 129 133 82 73 154 100 111 150 121 165 79 71 32 80 177 97 74 116 169 118 10 66 42 89 173 38 108 63 135 41 167 144 145 92 161 147 57 45 52 141 137 180 47 114 93 168 83 105 54 3 2 103 56 59 75 
152 150 158 176 109 8 57 154 112 124 99 163 49 76 11 32 1 33 147 53 170 138 89 96 113 165 120 111 98 85 72 62 186 151 27 131 41 63 173 182 47 130 132 40 60 175 26 183 117 45 102 91 71 19 74 87 178 31 13 129 108 140 68 3 35 21 54 179 149 9 70 23 48 118 104 122 146 83 15 141 145 123 61 66 7 185 125 46 12 88 36 144 93 
153 52 161 49 19 94 59 184 89 31 78 124 21 1 41 134 3 4 39 106 7 101 163 45 118 27 62 17 150 105 162 165 111 182 169 148 122 146 83 168 92 57 51 68 144 149 86 179 72 76 60 15 98 166 131 183 70 0 36 64 109 143 54 154 53 43 128 67 40 91 119 140 126 90 170 65 84 11 66 156 178 95 12 147 22 164 125 142 181 26 48 34 138 174 74 30 88 87 77 
154 95 110 126 119 105 52 24 63 152 134 183 174 1 138 85 26 8 41 7 140 42 144 57 178 116 149 79 158 58 159 51 167 118 104 155 177 169 55 117 162 125 60 64 73 45 100 82 106 151 49 83 120 143 142 99 180 132 40 164 38 97 157 139 33 48 121 153 19 59 145 122 150 0 21 34 9 101 176 92 44 15 61 148 56 112 98 69 5 96 131 181 184 27 114 84 70 175 108 91 
155 101 37 118 109 103 73 102 8 147 80 6 120 129 60 88 23 16 176 169 39 177 133 186 98 151 66 9 61 157 94 84 184 170 69 111 185 173 154 146 93 113 0 1 17 53 181 31 143 161 156 34 50 126 160 135 28 90 67 159 47 27 36 54 42 183 136 92 30 141 130 2 65 71 81 19 43 180 10 87 12 25 172 112 134 131 116 
156 104 18 9 137 164 43 99 151 50 100 71 47 35 45 69 115 70 41 84 51 6 7 54 30 67 33 25 95 146 181 34 2 38 63 74 162 24 150 97 103 130 180 4 109 175 49 143 129 39 98 136 123 155 135 96 133 138 176 0 23 10 147 177 46 40 58 76 107 48 22 183 12 8 5 120 139 161 149 108 153 85 75 165 142 169 79 127 168 14 163 28 132 125 
157 43 39 17 151 40 56 6 29 78 18 35 28 70 129 182 16 88 169 77 52 9 96 106 95 68 97 158 57 22 100 155 135 59 165 143 61 160 105 172 94 145 4 112 147 164 11 162 1 115 184 47 91 73 181 132 114 53 150 167 154 48 170 90 44 103 86 67 23 108 58 149 25 111 8 7 30 185 175 133 42 98 101 131 89 83 63 55 82 113 186 104 159 183 10 99 136 85 37 69 
158 8 152 74 96 150 34 30 138 97 33 58 45 53 86 40 145 67 173 27 37 90 102 95 143 154 28 157 65 132 2 163 10 3 110 76 24 134 54 121 100 6 42 136 66 113 23 128 22 7 184 18 114 169 171 186 92 116 127 175 21 31 93 56 177 166 71 19 0 140 161 36 148 105 149 167 20 165 164 109 63 51 107 122 99 87 160 137 15 4 48 16 
159 55 40 45 58 114 174 20 137 18 180 150 68 182 50 62 134 59 91 66 10 42 70 179 142 73 19 113 154 129 183 166 108 0 77 72 60 132 118 181 117 5 75 43 116 107 12 140 144 11 32 127 82 79 1 168 85 155 4 14 124 15 105 53 186 90 110 139 135 172 81 25 21 13 88 160 161 64 175 84 98 184 176 157 109 31 65 177 46 141 133 80 39 
160 103 109 48 74 116 94 13 5 148 178 19 73 147 107 93 34 15 63 61 25 171 124 9 100 163 2 184 85 126 55 138 92 59 105 22 157 33 42 91 119 16 62 123 78 27 82 3 26 80 53 110 17 137 67 155 162 98 112 18 89 81 161 79 37 141 132 120 46 84 136 108 139 102 6 66 142 166 88 68 86 122 159 182 165 41 65 150 169 39 175 71 31 64 97 127 118 14 56 115 134 38 158 40 104 0 60 20 29 
161 171 70 140 153 173 54 146 33 66 114 162 131 39 135 45 169 172 79 6 107 166 83 22 85 186 57 72 27 175 145 96 91 112 182 24 31 121 50 88 81 155 148 102 138 9 176 73 0 174 55 2 74 160 104 47 46 164 94 64 149 101 105 167 141 19 158 156 71 62 159 125 113 49 15 130 151 110 32 109 106 133 165 142 75 17 184 12 124 163 127 185 
162 95 117 82 133 128 6 47 41 169 137 78 71 28 140 89 30 180 175 161 92 93 21 123 127 139 101 56 183 112 102 141 106 55 9 153 37 174 103 94 156 181 13 166 154 48 3 168 163 157 36 165 2 186 4 84 143 51 53 176 160 15 119 64 144 59 16 118 42 65 113 171 120 22 68 99 46 178 126 88 147 66 72 50 96 57 77 81 74 124 122 
163 51 113 63 32 57 62 121 41 95 52 101 91 152 83 38 145 92 151 164 132 107 20 108 112 153 89 176 54 58 183 17 59 180 160 184 120 100 175 167 116 139 119 158 117 129 149 16 12 178 46 128 93 162 21 81 99 71 97 18 4 26 82 172 147 148 182 31 127 6 137 5 142 104 27 14 136 169 2 141 105 133 8 103 170 3 53 60 28 84 115 35 56 144 72 49 67 69 96 34 186 156 1 109 9 161 29 
164 43 21 137 186 60 106 177 25 173 70 156 183 1 140 7 73 66 38 139 170 163 142 111 29 36 59 3 184 74 147 109 79 127 122 84 157 58 144 64 61 32 19 6 2 131 143 154 110 114 167 102 125 161 128 16 34 180 92 27 31 121 45 146 76 179 80 132 165 75 4 153 145 82 158 117 178 69 182 166 97 105 115 12 129 
165 50 39 167 63 33 0 37 138 123 54 121 83 78 98 175 170 6 178 41 74 60 67 124 181 38 168 117 58 152 112 103 29 153 82 129 143 97 157 2 8 141 120 27 162 137 148 127 46 151 62 13 166 43 184 136 134 52 88 169 179 100 16 15 10 109 23 130 80 70 93 1 21 174 182 185 76 180 140 65 49 142 126 160 40 9 69 72 108 164 158 106 133 156 135 20 57 146 31 131 89 51 75 110 161 14 71 177 139 171 
166 95 30 151 21 92 11 148 54 15 134 5 132 101 3 161 53 79 46 135 68 14 62 90 174 13 159 125 116 162 124 52 33 20 143 182 106 71 165 169 115 77 153 121 82 110 119 183 36 87 50 137 41 6 78 158 2 37 86 160 185 12 171 34 10 19 98 85 117 24 100 177 136 35 109 164 18 32 180 141 0 67 
167 2 121 137 13 165 130 30 39 12 70 141 7 31 183 170 51 26 146 71 68 118 105 41 149 72 163 20 150 154 50 85 57 58 40 4 64 132 131 24 49 36 74 93 62 32 157 133 9 29 63 90 134 164 6 14 123 42 176 161 151 45 54 103 136 158 19 101 87 139 138 109 117 140 53 182 80 92 102 59 180 144 88 22 
168 58 96 93 50 48 180 179 141 182 114 122 1 4 70 165 80 39 184 121 109 36 45 54 79 176 67 56 33 11 95 68 112 78 84 118 34 169 125 126 131 17 142 91 162 92 63 153 185 90 102 24 171 28 69 60 159 150 20 35 94 147 115 172 43 21 129 87 98 106 76 47 89 151 140 2 53 156 22 173 128 132 37 29 15 10 
169 176 81 136 45 62 162 63 34 172 84 120 124 146 50 175 144 132 161 48 28 157 108 104 155 61 141 115 174 94 27 51 131 15 97 40 121 99 87 153 33 140 154 168 98 64 10 178 129 21 88 85 166 44 158 18 95 184 165 80 36 6 92 151 182 52 69 149 77 180 79 135 70 86 116 163 3 58 101 57 39 60 100 65 78 111 160 109 103 156 42 66 55 148 170 110 171 2 90 145 
170 74 147 56 67 136 21 111 112 165 0 12 164 91 61 167 152 130 151 19 98 135 28 72 101 155 39 182 95 63 131 80 185 6 70 108 47 146 171 20 25 157 85 176 90 121 96 13 141 33 15 129 8 106 137 134 24 153 59 41 163 16 116 5 109 186 73 126 122 51 100 22 49 113 139 175 181 104 4 84 169 114 66 77 88 
171 161 14 9 74 105 27 76 58 138 73 61 47 119 146 114 85 160 150 37 174 63 72 99 15 64 172 112 143 1 34 41 70 56 13 184 36 110 168 50 170 158 25 81 39 53 35 141 83 176 20 98 135 84 183 49 52 30 162 90 19 166 71 54 33 127 60 17 46 104 130 16 102 4 117 87 169 96 78 108 107 48 106 100 165 145 
172 71 90 79 30 182 57 99 175 169 104 173 184 161 38 133 120 112 31 124 151 94 78 24 86 113 91 171 148 157 142 177 16 76 93 50 7 97 129 138 18 36 163 137 77 174 74 5 98 68 183 127 9 149 168 17 111 186 159 26 25 101 139 117 116 14 140 15 106 105 83 61 95 80 155 115 185 146 
173 116 113 70 65 117 91 161 82 86 164 22 17 0 125 2 111 177 24 110 5 59 172 40 27 23 98 158 30 93 80 85 143 101 104 108 53 55 155 122 176 118 152 60 109 45 72 52 69 138 15 144 184 181 107 83 123 147 96 39 132 185 151 121 89 105 68 94 47 186 114 97 14 18 137 71 90 126 183 57 31 21 134 54 46 49 124 16 175 168 88 
174 20 52 56 110 46 63 18 159 3 154 17 13 141 51 62 19 137 118 106 121 68 92 125 98 169 117 162 171 176 166 105 6 50 123 127 49 135 145 89 122 186 97 4 111 112 11 30 22 80 175 161 172 143 14 147 76 119 35 179 2 165 21 102 59 27 60 91 47 136 58 29 113 28 31 15 7 130 78 24 83 41 153 25 
175 108 78 58 3 113 1 68 90 165 61 172 150 142 162 169 71 45 81 134 40 111 118 56 85 125 44 139 22 65 30 163 11 105 35 161 46 14 24 38 88 100 156 18 55 184 147 83 152 0 181 82 128 174 109 158 110 29 121 178 115 130 96 12 149 157 84 159 8 137 101 160 15 57 62 170 54 48 98 173 126 75 74 154 42 
176 64 145 169 116 152 20 117 23 107 180 55 78 77 60 133 139 89 0 40 95 112 163 150 85 155 84 58 106 15 6 65 168 45 9 174 17 124 73 130 29 41 46 131 122 14 27 173 120 134 104 35 31 86 22 32 125 57 94 71 135 156 140 62 118 90 161 126 162 138 68 170 53 7 144 171 183 146 167 154 63 43 75 52 182 179 54 88 42 74 132 18 92 39 177 44 111 149 115 159 
177 185 115 164 118 94 77 137 38 81 138 83 173 19 36 179 150 92 31 105 140 155 65 3 86 182 69 154 57 172 136 26 58 49 121 59 64 88 145 17 29 5 156 151 6 66 54 35 146 27 141 60 158 51 46 134 2 106 62 71 127 1 103 176 73 147 110 9 111 166 70 101 41 28 87 159 98 82 165 33 25 
178 114 56 97 160 35 138 25 135 109 7 33 132 51 89 144 117 55 165 30 110 52 70 26 38 118 134 61 99 128 185 16 98 183 48 44 68 154 124 40 127 3 8 0 186 54 57 80 136 182 163 112 14 169 1 13 63 53 60 34 152 67 66 19 49 175 115 74 76 102 91 15 106 111 146 107 153 105 162 43 62 164 119 140 145 139 95 12 100 137 75 
179 98 34 17 151 143 91 104 101 2 85 9 38 126 14 72 168 40 111 177 184 52 65 59 6 129 147 159 28 124 123 70 148 24 180 4 44 144 95 117 5 69 48 185 66 113 109 153 115 80 119 56 165 37 67 57 141 82 31 100 106 152 39 46 128 45 25 174 58 103 134 176 41 15 164 142 84 136 55 181 68 87 29 182 86 131 54 73 10 63 3 135 79 8 
180 58 103 6 3 145 36 14 150 40 110 77 12 168 176 184 45 104 24 98 76 159 162 94 115 74 55 30 125 113 25 22 65 4 32 163 69 89 18 0 29 123 179 136 146 121 27 63 156 9 11 88 67 48 47 154 84 112 169 5 39 66 53 101 85 2 130 13 164 139 50 79 165 99 119 71 34 64 80 126 151 155 61 186 167 166 142 15 23 
181 95 5 56 186 136 39 184 125 12 26 165 126 66 185 133 112 85 59 138 123 156 146 100 54 10 13 183 162 70 132 135 67 20 6 55 159 102 155 43 61 129 94 157 121 175 148 76 71 9 173 63 124 0 34 92 35 114 79 84 16 38 48 86 57 2 130 179 99 53 153 1 17 154 170 110 49 58 28 82 30 93 
182 48 107 71 45 172 57 151 128 108 168 26 13 98 43 9 159 157 4 37 31 117 66 72 90 153 137 177 64 104 161 84 40 14 78 134 170 145 52 178 152 77 61 16 122 166 129 53 85 41 144 12 126 135 163 147 46 114 23 127 113 63 139 69 51 169 183 106 28 118 76 6 124 74 22 185 176 125 97 165 150 186 103 160 32 91 123 115 42 94 47 102 83 167 88 58 110 179 89 68 87 112 149 164 49 148 29 8 
183 110 140 4 8 25 107 99 185 103 104 142 100 45 164 41 119 2 154 17 135 133 52 93 139 7 167 1 162 55 9 80 163 90 178 19 32 70 159 141 108 181 50 116 48 20 71 115 28 148 105 13 152 77 54 21 68 153 11 69 147 97 34 106 156 24 172 182 166 5 126 16 176 59 171 111 35 155 46 89 33 51 98 132 124 130 96 173 128 157 112 72 67 117 125 38 149 144 62 78 58 81 
184 37 85 125 117 40 34 1 140 132 180 181 118 185 17 153 68 52 133 103 172 179 122 168 76 33 112 110 113 94 115 164 163 160 134 126 101 5 24 99 10 155 19 15 55 98 44 108 26 6 171 175 95 157 65 165 158 61 51 173 169 150 146 20 9 127 135 11 83 88 96 109 46 116 79 28 106 27 30 8 124 86 105 59 12 159 58 89 16 0 54 154 29 161 84 120 
185 177 138 183 80 68 117 39 13 91 149 23 11 130 184 17 104 53 16 35 76 181 178 151 82 54 22 125 112 108 58 65 106 121 36 155 70 59 131 50 110 179 168 124 170 150 135 89 60 0 32 55 141 45 63 94 142 119 101 30 74 14 113 57 33 69 21 173 72 114 182 166 4 157 165 27 79 134 88 29 100 105 133 52 95 103 152 98 137 6 34 43 19 136 84 120 102 2 28 99 172 115 161 
186 164 93 141 46 86 181 136 110 85 7 30 56 48 109 36 57 151 125 161 155 70 75 94 64 130 5 103 152 121 79 178 131 83 84 49 174 19 72 162 23 34 87 120 124 61 98 158 1 114 97 139 73 63 32 80 159 33 172 28 15 173 135 182 140 4 111 170 127 157 116 29 10 51 96 60 163 180 0 81 43 106 65 62 18 53 128 2 50 58 
