0 90 191 243 107 76 100 134 49 192 151 69 156 149 170 73 240 118 72 83 47 24 174 239 25 147 220 27 168 93 
1 109 187 148 71 201 223 58 8 119 31 159 111 127 185 2 202 112 63 239 35 145 115 78 26 137 14 
2 214 27 97 89 157 33 26 68 226 119 101 1 152 153 51 37 131 181 213 43 249 159 55 227 212 250 45 107 
3 190 203 254 8 38 99 175 240 95 134 223 180 87 29 210 66 200 202 105 179 76 16 72 251 216 243 104 124 
4 245 219 74 188 52 62 250 169 27 150 213 47 128 116 77 17 92 249 98 232 43 101 220 21 160 129 19 158 118 97 
5 77 179 198 113 25 9 115 204 212 24 197 167 141 161 206 59 46 19 60 52 187 17 185 61 54 
6 36 137 167 241 181 225 51 175 242 112 136 201 64 95 9 256 67 158 99 39 184 79 172 255 42 102 21 
7 250 176 197 50 41 204 107 47 71 27 194 165 96 147 193 39 153 156 75 148 231 102 215 32 13 179 
8 178 128 98 3 241 165 161 22 13 1 20 114 43 180 143 24 235 187 68 238 15 222 117 74 90 192 253 
9 91 248 5 246 23 127 244 184 228 14 221 181 156 168 28 6 217 159 101 236 10 250 
10 77 170 210 125 248 150 175 72 104 136 176 129 137 107 128 17 203 156 62 9 
11 116 157 40 202 128 174 36 179 185 194 188 87 13 233 91 221 51 182 144 139 
12 120 162 19 115 28 118 38 43 238 222 29 254 96 218 242 33 
13 132 229 34 92 235 8 251 245 19 215 40 76 96 184 164 31 11 72 181 41 113 51 255 194 7 
14 75 94 229 109 205 226 101 98 106 37 200 186 172 223 178 127 164 9 120 45 90 183 110 33 174 182 198 249 21 161 235 1 87 24 
15 118 35 91 77 136 253 85 21 47 32 227 48 200 30 152 40 110 8 107 97 62 
16 165 57 219 208 230 184 137 92 75 207 176 101 77 25 52 3 90 140 150 129 83 233 81 
17 104 145 152 88 78 176 142 182 21 112 123 164 180 4 222 57 149 207 211 10 87 210 134 5 199 206 116 126 249 233 
18 209 231 83 254 141 228 126 146 191 40 42 232 54 23 158 194 143 227 66 190 92 109 156 147 220 45 153 48 94 226 
19 210 86 255 39 125 12 192 47 246 100 131 148 64 13 105 179 229 156 162 140 110 144 5 203 184 54 165 4 69 41 171 45 
20 29 169 160 257 66 177 87 109 158 8 50 65 91 208 134 130 244 157 77 81 156 217 34 253 127 164 
21 242 129 37 140 224 17 117 15 193 93 220 205 182 127 136 101 112 121 133 166 252 189 76 191 4 134 201 14 257 161 137 41 43 206 236 200 6 130 39 181 
22 203 228 225 105 90 139 8 197 244 51 24 150 125 66 48 184 207 134 133 170 167 59 153 248 119 76 221 52 201 
23 141 26 177 220 252 214 223 9 148 123 240 25 18 175 199 229 142 64 95 54 158 250 190 164 73 31 
24 237 126 186 117 32 34 170 22 242 77 123 5 202 134 8 0 97 241 45 98 164 68 114 137 247 150 40 143 205 118 14 220 
25 131 241 209 236 47 98 5 97 235 179 169 163 133 145 215 103 23 244 54 252 55 184 220 0 16 140 186 70 86 191 
26 100 81 195 177 103 23 90 243 196 169 2 155 33 126 236 242 95 203 70 48 1 73 194 
27 29 216 175 145 2 227 126 82 101 142 74 7 139 4 162 119 112 127 157 32 121 0 215 105 125 186 
28 85 150 96 37 100 237 139 190 142 41 254 186 12 94 166 54 9 199 106 188 213 248 49 257 79 125 91 149 122 
29 27 20 167 253 254 171 72 164 82 138 54 94 50 240 118 3 68 155 190 225 74 62 247 107 212 40 12 91 78 83 139 96 
30 94 58 238 137 80 51 67 195 164 15 159 112 133 236 250 193 
31 237 72 95 155 75 41 214 32 1 208 13 205 153 162 175 121 233 60 247 55 48 23 
32 161 121 249 50 24 190 134 35 64 31 15 113 130 221 225 60 73 191 27 189 77 218 7 254 
33 75 239 215 187 255 52 198 106 67 181 2 193 102 46 96 189 14 26 203 147 100 39 127 149 45 209 134 12 
34 99 13 86 253 66 24 146 120 210 142 112 97 145 251 164 64 42 157 88 252 236 186 166 151 192 20 218 179 
35 15 159 242 155 32 252 236 247 156 210 87 181 160 149 164 61 1 194 78 226 105 
36 48 6 144 229 194 91 183 234 94 161 97 110 164 11 188 214 82 227 224 175 254 105 
37 191 50 28 203 223 21 86 14 97 126 64 2 88 102 237 236 179 131 113 163 
38 128 147 3 240 187 156 43 75 194 12 186 165 99 57 48 168 255 140 203 123 134 125 41 87 
39 116 57 90 153 72 19 188 141 160 241 136 109 196 229 67 174 7 236 194 95 33 47 6 235 127 21 
40 167 200 64 151 11 140 85 93 13 141 18 249 143 60 65 120 91 103 15 104 29 100 111 24 47 125 188 159 
41 187 195 174 7 72 200 28 92 96 31 128 160 145 178 192 224 251 127 233 13 21 107 204 19 74 38 
42 74 131 208 182 205 43 141 164 162 18 128 231 142 217 57 102 58 34 225 249 68 240 243 89 6 71 146 
43 222 91 176 152 172 153 226 38 187 188 42 69 8 171 246 144 12 120 4 79 214 2 133 170 94 135 83 21 92 48 
44 244 52 209 191 194 53 58 106 234 250 75 120 189 111 231 126 51 257 226 55 239 76 45 164 154 162 69 151 
45 256 249 141 229 184 108 246 67 123 252 62 169 81 14 120 130 112 24 233 211 44 78 18 156 33 19 125 200 2 
46 130 246 202 155 71 230 203 72 193 76 159 234 57 253 33 59 66 74 100 5 148 251 94 226 103 231 78 145 221 79 
47 70 25 169 236 19 156 7 209 129 92 234 4 15 210 198 257 0 204 137 166 235 39 68 170 59 256 40 207 
48 36 96 75 97 169 113 238 231 15 144 22 215 99 163 38 196 26 18 111 31 100 43 
49 164 225 55 0 132 103 93 155 98 232 239 153 28 242 147 156 
50 37 110 32 63 7 52 20 150 166 122 173 53 29 222 253 99 237 182 205 164 
51 109 173 90 257 60 147 111 22 6 139 149 30 151 44 2 117 241 183 223 13 226 11 239 212 244 57 83 
52 152 44 4 186 195 50 33 87 160 236 136 130 90 5 16 22 129 243 120 73 185 
53 132 209 143 44 77 72 203 173 172 50 95 98 257 85 83 122 119 201 179 218 237 159 243 213 114 183 169 158 
54 179 60 200 127 65 233 29 67 88 183 225 18 174 25 160 96 28 120 111 170 19 23 93 64 157 235 161 239 5 56 
55 163 257 60 127 155 89 241 49 118 141 61 129 189 254 247 164 120 243 226 95 25 44 191 2 72 179 31 238 
56 156 222 247 242 158 167 237 240 229 256 106 70 151 234 181 170 140 54 90 
57 218 16 63 39 128 153 247 70 46 168 149 64 17 42 38 211 228 51 
58 250 192 142 30 193 165 68 44 1 75 90 98 126 176 65 249 184 128 256 42 244 173 130 109 197 214 
59 62 123 233 67 177 216 254 136 150 46 98 63 122 224 199 5 22 47 69 211 200 82 
60 144 160 55 159 54 51 249 256 141 40 226 214 119 63 32 5 146 152 194 167 247 31 
61 177 55 35 256 157 111 131 171 219 221 187 95 199 5 
62 147 59 189 4 144 217 204 210 45 234 205 178 88 134 132 148 29 226 200 90 160 69 120 10 64 222 233 239 116 145 223 140 15 
63 252 57 173 229 50 224 118 122 108 205 241 195 156 59 1 60 125 66 126 98 99 232 231 166 69 
64 82 128 120 92 255 224 176 138 40 188 163 19 32 118 115 245 37 240 57 6 23 95 89 65 34 192 62 54 215 
65 182 199 132 244 220 54 241 190 20 116 140 131 185 123 248 40 58 201 183 95 64 247 138 217 91 236 200 214 
66 226 150 20 237 140 183 34 143 167 22 108 3 227 18 46 63 169 146 110 201 242 
67 70 45 251 33 59 30 54 118 93 148 137 120 39 252 194 101 6 188 203 238 177 149 159 117 121 
68 124 166 145 154 58 134 159 131 132 2 221 29 8 232 86 24 218 47 137 42 111 197 
69 254 120 113 179 0 137 151 43 79 150 227 240 127 255 82 143 106 62 19 59 63 229 44 
70 209 47 67 187 150 104 179 198 133 254 57 172 223 130 243 90 256 196 211 184 56 25 167 72 26 106 125 165 
71 46 94 1 7 157 170 133 148 136 156 221 149 79 169 72 42 
72 243 151 39 41 102 46 31 53 29 192 231 10 120 149 110 230 204 0 206 13 245 195 55 70 3 212 135 87 128 71 
73 119 175 129 97 166 165 123 0 252 88 202 221 32 193 249 89 219 137 118 136 134 52 26 23 227 82 
74 4 225 190 42 226 171 236 85 177 27 139 237 230 191 161 251 29 46 254 166 136 182 205 180 203 178 8 109 41 173 229 228 216 
75 14 162 228 126 33 198 173 44 142 48 242 58 31 38 171 200 211 112 16 234 185 7 147 88 133 243 
76 243 199 0 242 252 119 46 95 127 143 13 211 226 78 21 44 241 3 208 22 233 144 
77 115 186 192 5 10 15 237 103 53 93 187 175 106 164 233 86 101 78 87 24 4 92 125 190 134 119 104 20 16 32 205 141 196 
78 187 251 17 207 242 141 130 124 77 173 201 216 76 140 167 96 35 237 1 45 134 29 46 155 194 98 113 204 
79 113 205 144 146 112 69 233 86 127 210 164 240 43 173 105 80 28 71 6 126 81 131 46 185 
80 159 109 30 123 216 93 88 166 79 239 104 
81 26 196 244 257 144 102 161 227 203 95 241 45 213 157 20 106 197 79 180 198 16 
82 64 107 27 180 156 29 166 36 164 153 133 95 69 241 246 249 123 145 59 73 
83 163 93 18 144 177 143 165 170 216 166 108 99 109 0 226 196 53 227 213 229 29 43 217 16 219 51 
84 158 210 225 90 232 183 172 205 171 247 161 
85 28 179 242 248 232 222 138 74 40 15 199 161 177 254 136 184 53 157 127 114 252 186 
86 173 138 159 19 225 34 105 101 37 207 199 77 220 79 245 68 169 231 144 189 141 25 126 
87 222 213 20 148 190 209 102 146 130 52 35 77 185 155 207 3 138 145 11 17 96 153 88 198 164 143 183 218 72 38 14 
88 240 192 17 215 94 181 220 196 162 54 122 232 104 153 80 62 212 73 115 227 37 185 101 163 87 34 75 
89 240 55 189 181 2 123 144 179 110 124 137 167 129 233 141 170 217 64 241 73 93 42 230 188 201 
90 39 51 0 232 110 22 207 229 26 58 84 249 148 177 147 14 70 62 52 104 16 8 56 
91 15 9 114 139 43 219 247 131 213 36 226 207 146 195 20 113 40 11 156 100 109 167 65 29 28 137 149 
92 64 13 229 114 155 47 41 238 167 223 16 110 4 77 104 112 193 208 18 179 154 43 209 
93 120 83 128 77 40 21 107 67 242 114 49 80 187 240 151 182 188 220 213 211 255 89 54 0 94 141 
94 30 226 139 14 198 71 113 88 254 36 244 251 29 28 229 223 247 224 144 127 46 168 231 249 43 167 157 18 184 93 
95 97 110 181 200 224 76 31 115 81 3 108 244 255 53 171 6 55 64 109 65 82 157 26 39 23 61 188 
96 132 28 216 48 248 208 251 167 41 174 124 199 7 33 54 13 203 87 253 78 176 12 29 
97 126 192 215 95 25 238 2 239 73 240 36 100 167 48 187 37 34 251 24 253 122 194 111 107 241 254 237 166 127 162 15 4 147 245 
98 25 8 254 109 14 58 210 103 230 240 153 53 59 114 4 209 49 223 63 224 24 243 111 78 244 
99 34 121 109 165 247 3 123 155 230 83 48 50 38 228 231 167 63 111 6 156 120 115 248 104 102 101 229 235 
100 26 28 0 19 208 97 217 201 147 199 119 200 178 184 46 33 107 139 91 185 40 115 168 48 
101 197 86 14 27 77 195 164 21 114 2 113 4 16 88 67 174 130 180 228 159 131 122 9 224 216 99 233 
102 103 81 72 228 87 146 120 238 203 33 142 163 219 254 248 37 42 172 161 216 7 138 223 246 197 99 6 128 
103 133 102 26 237 148 77 209 106 193 49 231 252 25 98 132 206 122 185 40 119 215 248 46 
104 17 70 227 251 170 213 123 183 220 107 10 191 115 88 155 186 248 92 199 77 221 236 40 130 90 222 3 99 190 80 
105 217 193 144 164 159 22 213 86 191 124 176 137 112 211 230 19 188 186 3 115 79 204 182 27 36 160 35 
106 247 225 195 44 14 227 103 233 77 33 165 237 199 213 122 243 56 28 161 158 120 181 209 69 81 70 148 142 159 252 
107 227 82 178 0 173 114 7 145 135 216 93 104 153 10 184 97 100 29 15 194 41 2 159 
108 166 212 192 45 63 237 95 169 117 83 248 152 66 244 226 215 175 253 238 182 
109 51 99 177 80 1 14 98 20 158 171 228 39 83 163 198 95 183 91 18 118 128 74 58 
110 145 50 187 95 150 90 243 140 158 244 146 206 89 227 36 72 234 92 228 14 197 211 19 15 175 66 123 201 
111 51 44 133 223 1 122 127 190 154 61 54 97 99 193 238 228 40 98 48 68 
112 155 141 255 105 17 27 75 79 6 34 21 227 30 201 45 1 92 206 114 142 244 253 252 
113 207 133 5 79 169 69 94 201 244 248 32 217 48 152 238 137 91 101 125 149 13 171 37 78 200 191 
114 221 121 149 91 166 107 92 129 143 164 245 8 249 141 93 101 174 98 131 179 235 158 112 24 132 223 85 53 189 136 
115 77 160 121 5 199 95 12 231 232 151 242 206 104 64 130 227 88 146 157 141 1 105 249 159 125 100 99 194 229 
116 39 11 221 200 244 183 161 248 208 65 4 146 148 209 218 17 62 
117 24 21 131 108 231 51 221 162 8 148 226 67 
118 15 251 202 178 63 55 158 187 247 176 242 139 162 210 67 174 144 12 64 29 0 253 119 229 154 142 73 165 109 148 121 24 4 
119 73 231 124 76 140 225 123 182 171 1 27 244 2 100 60 224 195 118 77 103 172 53 145 232 22 
120 12 170 93 69 183 64 248 121 145 44 102 237 149 34 256 72 205 155 67 14 55 45 40 43 54 241 106 250 62 99 52 
121 252 99 114 32 228 120 236 115 136 132 153 203 125 184 21 233 27 156 149 31 118 67 200 
122 239 193 234 63 173 166 50 248 139 88 211 111 210 137 141 106 196 59 103 127 97 53 157 146 160 150 101 162 28 
123 207 155 221 59 250 119 45 104 99 89 17 23 133 156 24 80 73 142 138 65 232 246 194 149 38 170 82 110 159 192 124 
124 68 119 178 105 96 78 234 162 89 221 150 198 126 3 174 123 
125 191 19 133 163 10 160 226 138 218 121 22 222 128 250 158 137 183 77 235 63 113 192 28 115 27 70 45 38 40 
126 97 24 188 228 75 18 27 239 164 183 37 44 58 233 26 63 167 124 175 184 79 17 144 211 86 127 134 
127 206 55 162 54 129 135 76 133 9 1 21 14 111 27 79 208 69 122 41 94 227 85 33 130 39 97 126 20 
128 38 8 64 145 57 93 155 11 41 144 4 125 42 166 172 10 209 58 256 221 184 201 109 72 102 
129 21 190 157 150 73 221 114 170 152 186 127 47 153 55 236 89 10 250 160 185 4 210 237 240 227 52 204 213 16 211 147 131 
130 46 172 140 161 87 78 149 241 70 251 131 227 20 115 32 159 45 216 52 101 153 104 205 58 127 137 21 229 
131 25 212 151 203 91 19 42 146 246 117 221 183 68 130 152 65 114 222 2 142 208 61 180 175 101 159 79 37 129 197 
132 96 13 53 239 49 256 121 65 227 68 145 103 138 62 144 170 172 233 114 135 218 168 149 163 
133 190 103 113 125 166 138 134 169 111 70 25 71 123 127 82 21 22 167 30 43 178 172 75 235 
134 236 0 139 32 159 68 133 197 205 3 185 162 20 223 169 241 24 62 77 22 17 235 21 210 78 190 73 38 126 33 
135 218 204 156 217 178 161 141 183 127 107 223 201 234 231 205 194 210 193 185 174 181 168 132 43 72 160 255 
136 195 205 247 15 121 39 155 180 59 10 6 250 200 21 52 243 71 85 160 252 167 190 74 231 73 114 
137 6 30 229 177 199 105 69 16 89 113 122 67 10 125 196 141 221 47 250 244 73 68 24 21 204 91 130 1 
138 86 178 85 64 133 125 176 29 206 141 227 123 87 132 215 251 175 102 65 222 246 199 
139 192 246 94 206 236 156 91 134 22 28 177 51 118 180 187 27 257 74 122 251 173 227 100 168 160 11 29 
140 143 130 21 66 119 199 227 40 110 163 250 65 78 19 174 224 38 25 207 16 254 56 62 236 
141 23 221 45 18 214 230 135 39 153 196 112 246 247 55 78 161 42 40 138 114 60 122 89 5 195 189 137 115 187 86 77 93 
142 249 58 208 75 28 17 27 34 102 123 42 151 23 131 190 118 162 112 246 106 224 143 
143 187 140 246 53 83 114 76 66 149 190 153 226 40 225 8 18 218 165 69 87 250 24 229 142 
144 60 105 81 83 36 163 62 231 206 196 79 149 172 89 128 118 48 43 160 132 178 94 19 174 86 76 232 11 246 126 199 
145 110 149 68 217 128 27 219 17 250 120 208 205 159 229 107 223 243 25 220 132 41 162 171 178 87 34 1 119 46 196 62 82 
146 152 156 200 102 131 34 87 91 18 110 213 201 79 190 214 246 155 116 115 202 60 66 122 254 187 206 192 215 42 
147 62 38 51 229 182 171 225 230 7 100 90 33 168 75 0 255 245 189 49 18 129 97 
148 87 19 103 1 167 90 23 251 71 67 62 116 7 248 46 249 206 117 106 118 208 178 
149 145 114 181 183 158 168 184 252 51 120 144 217 165 130 143 72 57 0 35 196 17 157 246 229 167 245 113 197 71 121 33 67 28 123 195 180 247 91 132 194 
150 28 66 239 218 70 129 110 253 50 10 4 215 181 22 222 59 69 243 157 124 242 122 16 24 254 237 
151 248 72 131 172 40 0 191 115 51 212 69 197 219 199 93 142 56 34 44 226 
152 52 146 17 257 43 159 129 241 247 231 184 113 230 131 108 2 238 15 60 239 
153 253 39 141 43 57 222 129 121 143 197 98 88 107 82 2 227 7 205 186 218 22 87 31 130 49 165 207 248 18 
154 68 193 204 217 214 111 244 118 44 92 239 257 
155 46 123 35 55 112 213 128 92 170 31 136 99 87 120 233 49 104 29 26 146 206 78 196 
156 56 139 135 146 181 47 242 205 38 219 82 0 35 208 123 63 19 71 9 7 252 20 121 10 91 99 18 211 45 49 182 161 
157 201 204 158 221 129 11 2 71 248 219 257 192 238 213 184 150 27 149 61 20 115 85 169 81 95 122 34 212 94 54 181 170 
158 184 84 242 157 166 210 149 118 20 109 110 225 56 200 125 18 159 246 114 197 106 6 252 171 213 4 23 209 187 222 226 53 
159 86 35 80 60 105 170 152 244 246 230 145 134 46 194 68 1 228 30 158 130 179 2 177 235 101 53 9 115 67 131 123 106 40 107 
160 189 60 115 20 169 39 219 211 125 52 35 41 54 129 227 136 144 164 199 4 62 122 139 105 135 233 181 
161 32 130 135 81 8 116 227 141 251 36 85 211 74 5 189 169 102 106 247 21 207 14 183 54 84 156 
162 75 12 193 127 218 252 240 42 118 88 27 134 209 185 124 221 239 204 211 145 227 19 31 142 175 117 229 122 97 44 234 
163 83 55 144 188 125 64 140 25 231 223 204 194 102 241 109 238 189 48 88 209 220 253 242 213 132 37 
164 167 105 49 114 29 198 77 42 126 178 101 36 17 82 210 30 170 14 35 55 79 13 160 177 34 171 24 87 204 44 50 23 20 
165 16 229 58 83 99 8 106 149 73 7 197 192 38 167 176 143 19 153 118 201 206 70 243 
166 181 68 108 249 158 114 133 234 73 83 122 50 82 231 28 218 128 204 21 80 257 74 47 97 63 232 34 242 
167 40 29 164 6 96 148 207 224 66 92 56 97 89 223 211 5 136 165 133 22 78 149 126 186 99 91 70 173 94 60 175 183 221 
168 236 149 209 196 217 57 9 243 194 147 38 94 181 170 135 0 175 139 132 100 
169 47 20 160 213 113 251 133 196 25 108 4 48 26 134 45 189 219 66 161 157 208 86 194 240 71 53 
170 120 159 10 83 129 178 104 155 24 181 71 238 211 256 0 164 236 89 223 132 22 54 43 168 47 56 123 157 
171 192 182 74 224 29 219 147 231 119 109 75 43 95 145 84 250 164 158 61 113 223 19 
172 130 219 213 151 181 43 221 182 53 144 70 14 84 184 209 128 176 254 119 102 196 132 207 133 6 253 250 
173 86 63 51 197 107 246 122 75 242 53 204 199 247 241 50 78 211 185 139 79 58 226 167 192 74 219 
174 199 238 41 96 11 118 186 54 114 39 14 217 135 175 0 101 144 177 140 204 225 176 221 248 236 124 
175 27 223 73 228 77 3 6 10 23 174 187 218 108 31 241 138 126 110 162 216 168 131 36 167 214 182 
176 212 7 244 43 64 17 189 118 105 138 194 223 190 10 256 58 224 16 172 232 230 165 96 174 240 
177 225 26 109 83 23 20 61 139 137 74 219 232 257 193 59 179 218 231 85 90 182 164 174 159 238 216 67 178 248 
178 180 8 107 135 193 118 210 138 124 242 185 170 254 164 14 62 41 145 100 144 195 211 74 177 133 239 148 
179 54 218 5 85 25 69 224 70 216 89 177 246 19 11 114 159 92 53 3 55 228 37 239 192 251 34 7 
180 178 243 181 82 233 139 136 17 3 8 251 184 229 215 101 131 74 232 81 149 
181 166 254 149 233 180 172 156 95 6 89 88 33 170 238 35 150 9 229 2 213 13 135 252 215 106 235 183 168 56 157 160 21 
182 65 171 255 232 42 147 172 17 119 238 239 21 14 93 177 50 74 105 11 156 243 175 108 
183 120 194 149 66 116 36 104 135 231 131 126 84 54 14 125 253 65 51 109 239 181 209 247 220 87 53 161 167 
184 158 45 236 149 246 152 220 16 121 9 256 172 180 22 13 85 202 157 25 100 107 58 240 19 70 128 6 126 94 245 
185 232 238 178 134 234 205 87 162 1 11 65 173 129 88 75 135 103 218 100 200 5 52 79 
186 77 24 208 52 129 202 28 14 174 104 38 251 105 153 167 188 25 246 221 243 85 34 27 
187 143 41 110 232 224 78 70 1 33 38 118 77 43 139 97 93 226 8 175 141 5 158 61 146 
188 255 126 4 39 163 64 236 220 43 36 11 105 93 67 28 186 222 248 40 89 95 
189 160 215 62 89 44 176 226 206 55 33 169 221 257 21 163 141 243 232 161 239 32 86 256 147 114 200 
190 3 133 236 74 129 87 32 28 65 143 195 176 146 242 29 111 77 207 18 142 136 134 23 104 237 
191 125 37 192 0 44 196 105 151 202 208 18 104 229 198 74 218 32 254 21 55 216 25 113 
192 139 97 191 171 77 58 108 88 19 232 0 199 215 72 253 157 41 165 125 64 230 173 34 179 8 123 146 
193 105 208 154 162 122 178 58 46 103 177 21 33 7 92 135 73 248 111 231 30 
194 245 224 183 44 36 7 159 243 176 163 38 18 11 135 168 67 97 39 123 169 247 35 107 60 115 78 13 149 26 
195 26 199 41 198 136 106 52 91 190 30 101 239 63 119 141 72 178 200 149 222 224 
196 214 81 222 237 191 141 144 168 169 26 88 219 254 227 39 149 122 253 83 221 137 70 172 48 211 145 155 77 
197 247 201 7 101 173 224 22 134 153 151 254 5 211 110 165 158 212 250 230 149 102 81 58 68 131 208 
198 212 246 195 225 5 94 228 75 70 33 164 256 241 47 191 224 124 109 14 231 87 81 199 244 
199 174 195 76 205 140 65 115 192 137 253 86 173 85 232 96 106 100 23 151 229 104 59 214 28 160 17 61 144 231 198 138 
200 40 230 54 116 256 146 95 41 14 223 75 254 158 136 15 202 100 209 3 62 195 185 59 45 21 189 113 121 65 
201 157 197 203 225 1 113 146 221 135 78 100 6 112 65 53 21 128 66 165 22 89 110 
202 251 241 46 118 220 186 11 191 24 200 221 1 73 184 3 235 146 231 217 
203 22 256 3 37 46 131 201 81 53 249 102 121 96 33 247 19 10 74 26 38 67 206 
204 157 135 7 239 212 154 62 5 173 225 163 207 72 162 166 47 256 174 164 105 129 137 41 78 
205 230 136 199 14 228 145 42 156 79 134 63 185 120 21 62 135 84 210 153 31 74 50 257 130 77 24 
206 139 127 236 144 138 110 189 115 103 72 5 112 148 203 155 17 165 146 21 209 
207 113 249 123 224 78 90 216 91 86 167 248 208 209 87 16 204 22 245 17 214 190 172 218 140 161 153 47 244 
208 193 186 96 42 16 145 249 142 215 100 116 207 156 191 20 233 127 31 92 131 169 76 222 148 197 
209 70 25 18 44 53 87 47 103 168 207 162 172 200 98 128 226 163 106 183 116 158 33 206 92 
210 19 84 215 178 158 235 10 62 251 35 98 118 34 257 47 164 122 3 79 135 205 17 244 236 129 134 
211 227 160 105 75 170 76 122 228 173 197 162 161 167 17 110 45 70 57 178 93 156 129 257 196 59 126 
212 230 176 131 198 108 238 204 237 244 214 151 5 243 88 239 197 29 51 157 72 2 
213 172 169 87 105 91 155 104 146 4 254 106 157 242 81 181 2 227 83 28 158 93 53 129 226 163 234 
214 196 254 2 141 216 23 212 31 247 36 154 146 60 207 199 43 223 175 58 65 
215 97 218 210 189 33 88 192 208 13 237 25 150 48 138 108 181 180 103 27 7 221 231 255 64 146 
216 27 96 214 83 207 179 59 107 224 78 80 130 102 177 175 3 191 101 74 
217 105 145 135 62 168 149 238 254 113 154 100 42 174 89 9 202 249 65 20 236 83 223 
218 57 135 179 150 215 162 125 177 166 241 191 143 175 153 53 68 185 207 32 132 87 116 12 34 
219 4 172 91 145 16 236 160 177 171 156 196 157 235 227 237 169 151 102 234 73 61 83 173 224 
220 227 226 202 23 233 104 65 188 236 88 21 184 86 145 25 4 93 163 0 183 18 24 
221 114 141 157 123 116 129 172 131 201 124 162 189 68 202 240 9 32 73 71 196 104 137 128 227 117 11 22 186 61 215 174 46 167 
222 87 43 56 196 85 153 50 229 150 125 17 131 227 8 12 188 138 104 208 62 158 195 
223 175 244 37 243 246 1 23 145 200 249 111 3 163 70 135 176 14 92 134 226 167 94 170 98 224 51 102 114 214 228 171 62 217 
224 187 194 197 229 63 64 207 95 179 171 21 167 216 257 176 41 198 119 94 59 98 36 223 140 101 246 142 195 256 219 
225 177 74 198 86 22 106 49 201 6 84 239 119 244 147 204 158 54 143 32 29 42 174 
226 66 94 74 220 14 43 91 125 189 143 2 60 223 76 44 187 232 83 55 209 108 62 46 51 173 117 248 35 213 158 18 151 
227 107 237 220 211 104 27 81 140 161 132 106 110 219 196 138 15 130 69 112 160 115 66 162 88 18 153 241 222 139 36 213 83 221 127 2 252 129 73 
228 75 22 18 121 126 198 175 102 205 109 211 159 9 110 99 57 101 223 111 179 74 
229 13 238 165 45 63 36 224 14 147 92 137 90 145 222 19 191 39 94 56 23 199 233 181 118 180 231 149 162 83 69 115 74 99 130 143 237 
230 212 205 46 235 200 141 159 105 16 98 99 147 72 152 74 176 197 251 192 89 232 
231 119 18 144 115 152 171 72 44 103 183 163 166 177 48 135 255 42 117 7 229 99 198 86 136 94 202 245 252 46 63 193 215 199 
232 237 185 187 90 85 192 182 177 115 84 255 88 199 253 18 226 123 4 189 68 49 176 119 180 246 144 63 166 245 230 
233 181 220 180 106 59 54 77 79 155 208 89 256 229 126 121 41 45 11 76 132 31 62 16 17 160 101 
234 243 122 241 166 44 36 47 46 62 185 124 135 110 250 219 247 75 237 56 162 213 
235 230 25 13 210 241 219 8 125 114 202 134 159 181 47 39 14 54 256 133 99 
236 243 25 256 190 47 139 206 134 184 219 121 168 74 188 35 220 129 52 170 26 39 210 257 37 104 217 34 9 30 65 174 21 140 
237 232 24 227 31 196 103 66 28 77 212 108 120 215 74 253 106 56 219 249 50 37 53 234 129 78 97 150 190 229 
238 229 174 30 97 212 185 102 170 181 92 217 182 48 113 157 152 163 8 12 177 67 111 55 108 
239 122 254 150 132 251 204 97 33 256 225 126 195 182 162 1 0 44 189 212 183 49 152 51 245 154 80 62 179 178 54 
240 89 88 38 97 3 162 23 29 98 64 0 56 69 93 242 221 79 243 184 129 169 42 176 
241 25 202 234 55 6 8 39 152 81 65 235 198 173 130 63 218 134 163 227 24 51 120 89 76 175 82 97 
242 158 21 35 76 56 85 156 178 78 173 75 118 24 115 6 93 190 240 213 251 26 150 49 163 166 66 12 
243 236 234 180 76 72 0 223 110 26 145 194 212 70 136 150 55 106 255 168 189 240 53 186 98 3 42 52 251 182 165 75 
244 44 81 223 176 116 159 22 225 65 212 110 113 94 95 119 9 25 20 108 154 210 253 58 245 137 112 51 207 198 98 
245 4 194 13 114 64 86 207 72 149 244 231 147 239 232 97 184 255 
246 139 198 46 143 19 173 45 223 159 141 184 9 131 179 43 146 158 149 123 232 186 82 102 142 144 224 138 
247 106 197 91 136 56 99 152 118 141 57 35 214 173 55 234 94 29 203 194 161 65 183 84 24 60 31 149 
248 151 120 9 96 85 10 116 207 157 122 113 108 104 65 102 148 22 193 28 103 153 174 177 226 99 188 
249 207 142 166 45 32 60 208 90 203 223 114 40 237 4 58 2 73 14 115 94 42 217 148 82 17 
250 58 7 4 145 123 44 140 136 125 234 129 197 171 120 143 137 23 2 30 9 172 
251 202 118 239 78 104 96 169 13 67 210 255 94 161 148 130 139 180 41 97 74 186 138 242 46 34 230 3 243 179 
252 63 121 76 23 149 35 45 162 103 73 136 25 21 67 156 181 158 227 231 34 85 112 106 
253 153 29 34 150 199 15 237 46 232 192 50 118 196 183 97 96 244 108 163 172 112 20 8 
254 69 239 181 3 214 18 98 29 94 28 70 178 196 59 200 213 217 55 197 85 102 172 74 191 97 12 36 146 140 150 32 
255 188 19 64 182 33 112 251 232 95 231 243 69 38 147 13 93 6 215 135 245 
256 236 203 45 200 132 239 198 120 60 170 176 184 61 56 233 6 58 70 204 128 189 47 235 224 
257 81 55 51 20 152 177 139 210 157 53 224 189 44 47 236 166 21 205 28 211 154 
