0 23 
0 101 
0 21 
0 66 
0 18 
0 13 
0 96 
0 28 
0 95 
0 1 
0 76 
0 36 
0 71 
0 67 
0 54 
0 5 
0 47 
0 87 
0 3 
0 70 
0 88 
0 44 
0 15 
0 16 
0 72 
0 57 
0 50 
0 105 
0 58 
0 92 
0 45 
0 26 
0 65 
0 103 
0 35 
0 37 
0 32 
0 48 
0 84 
0 11 
0 74 
0 99 
0 24 
0 85 
0 109 
0 20 
0 107 
0 19 
0 55 
0 106 
0 69 
0 94 
0 52 
0 41 
1 37 
1 56 
1 7 
1 9 
1 5 
1 84 
1 0 
1 2 
1 97 
1 11 
1 80 
1 46 
1 91 
1 83 
1 29 
1 6 
1 57 
1 54 
1 96 
1 15 
1 94 
1 81 
1 105 
1 104 
1 40 
1 34 
1 13 
1 63 
1 98 
1 93 
1 4 
1 95 
1 66 
1 49 
1 26 
1 92 
1 53 
1 79 
1 18 
1 12 
1 32 
1 61 
1 65 
1 27 
1 45 
1 72 
1 33 
1 74 
1 23 
1 70 
1 19 
1 68 
1 89 
1 58 
1 50 
1 52 
2 65 
2 35 
2 18 
2 39 
2 44 
2 73 
2 1 
2 76 
2 56 
2 49 
2 45 
2 46 
2 6 
2 14 
2 11 
2 23 
2 52 
2 37 
2 68 
2 29 
2 16 
2 40 
2 26 
2 86 
2 92 
2 25 
2 98 
2 101 
2 81 
2 7 
2 108 
2 87 
2 75 
2 88 
2 58 
2 5 
2 24 
2 31 
2 38 
3 62 
3 106 
3 18 
3 6 
3 53 
3 16 
3 49 
3 81 
3 90 
3 67 
3 85 
3 102 
3 8 
3 79 
3 43 
3 55 
3 0 
3 105 
3 23 
3 33 
3 87 
3 58 
3 26 
3 78 
3 70 
3 20 
3 30 
3 11 
3 29 
3 17 
3 32 
3 22 
3 37 
3 107 
3 100 
3 97 
3 15 
3 68 
3 61 
3 13 
3 76 
3 75 
3 25 
3 74 
3 48 
3 95 
3 80 
3 51 
3 92 
3 96 
3 91 
3 41 
3 65 
3 9 
3 88 
3 59 
3 57 
3 77 
4 63 
4 99 
4 107 
4 108 
4 106 
4 26 
4 7 
4 9 
4 80 
4 87 
4 24 
4 92 
4 79 
4 83 
4 101 
4 66 
4 52 
4 36 
4 75 
4 78 
4 21 
4 70 
4 46 
4 81 
4 96 
4 8 
4 77 
4 5 
4 53 
4 62 
4 76 
4 94 
4 72 
4 1 
4 104 
4 60 
4 44 
4 16 
4 18 
4 6 
4 71 
4 84 
4 50 
4 48 
4 34 
4 93 
4 11 
4 58 
4 100 
4 19 
4 98 
4 90 
4 55 
4 10 
5 73 
5 39 
5 42 
5 50 
5 34 
5 60 
5 46 
5 56 
5 54 
5 70 
5 97 
5 38 
5 85 
5 1 
5 98 
5 108 
5 102 
5 22 
5 10 
5 32 
5 88 
5 64 
5 66 
5 44 
5 23 
5 59 
5 105 
5 0 
5 71 
5 57 
5 19 
5 95 
5 17 
5 29 
5 75 
5 74 
5 33 
5 107 
5 53 
5 4 
5 84 
5 24 
5 52 
5 18 
5 72 
5 16 
5 100 
5 63 
5 6 
5 11 
5 14 
5 68 
5 36 
5 49 
5 89 
5 67 
5 28 
5 2 
5 30 
6 72 
6 23 
6 67 
6 47 
6 43 
6 3 
6 22 
6 32 
6 7 
6 70 
6 91 
6 12 
6 19 
6 109 
6 45 
6 61 
6 48 
6 1 
6 58 
6 39 
6 2 
6 89 
6 33 
6 88 
6 105 
6 106 
6 103 
6 18 
6 11 
6 55 
6 40 
6 49 
6 24 
6 13 
6 84 
6 76 
6 27 
6 52 
6 65 
6 82 
6 78 
6 86 
6 85 
6 26 
6 30 
6 17 
6 46 
6 14 
6 37 
6 5 
6 41 
6 77 
6 36 
6 102 
6 93 
6 44 
6 4 
6 69 
6 60 
6 34 
6 100 
6 71 
6 15 
6 96 
6 53 
6 108 
6 59 
7 76 
7 9 
7 29 
7 20 
7 1 
7 4 
7 18 
7 6 
7 106 
7 100 
7 25 
7 50 
7 95 
7 28 
7 48 
7 49 
7 36 
7 65 
7 24 
7 14 
7 73 
7 104 
7 10 
7 77 
7 37 
7 93 
7 108 
7 85 
7 63 
7 8 
7 89 
7 21 
7 58 
7 15 
7 79 
7 16 
7 2 
7 98 
7 35 
7 30 
7 75 
7 54 
7 44 
7 62 
7 12 
7 32 
7 17 
8 31 
8 88 
8 52 
8 54 
8 51 
8 65 
8 108 
8 76 
8 107 
8 105 
8 22 
8 9 
8 106 
8 3 
8 68 
8 99 
8 70 
8 11 
8 86 
8 41 
8 71 
8 94 
8 7 
8 74 
8 64 
8 35 
8 80 
8 14 
8 4 
8 24 
8 50 
8 47 
8 13 
8 40 
8 79 
8 36 
8 67 
8 56 
8 78 
8 73 
8 48 
8 38 
8 43 
8 57 
8 85 
8 81 
8 53 
8 104 
8 90 
9 45 
9 7 
9 41 
9 71 
9 1 
9 104 
9 18 
9 10 
9 106 
9 29 
9 67 
9 84 
9 64 
9 4 
9 93 
9 51 
9 98 
9 77 
9 43 
9 76 
9 59 
9 85 
9 8 
9 36 
9 21 
9 109 
9 13 
9 105 
9 73 
9 82 
9 95 
9 11 
9 52 
9 26 
9 91 
9 48 
9 54 
9 96 
9 88 
9 92 
9 65 
9 46 
9 74 
9 42 
9 28 
9 53 
9 44 
9 75 
9 24 
9 107 
9 40 
9 90 
9 39 
9 47 
9 99 
9 87 
9 108 
9 35 
9 86 
9 3 
9 38 
10 29 
10 53 
10 9 
10 37 
10 106 
10 14 
10 71 
10 102 
10 5 
10 25 
10 52 
10 50 
10 83 
10 16 
10 51 
10 66 
10 103 
10 100 
10 59 
10 65 
10 7 
10 55 
10 69 
10 64 
10 49 
10 20 
10 57 
10 68 
10 93 
10 30 
10 17 
10 54 
10 109 
10 105 
10 99 
10 73 
10 92 
10 28 
10 47 
10 86 
10 85 
10 94 
10 35 
10 34 
10 15 
10 32 
10 78 
10 61 
10 76 
10 82 
10 84 
10 97 
10 87 
10 4 
10 96 
11 53 
11 86 
11 14 
11 109 
11 95 
11 82 
11 41 
11 42 
11 35 
11 63 
11 38 
11 71 
11 1 
11 100 
11 89 
11 93 
11 46 
11 2 
11 30 
11 6 
11 50 
11 79 
11 8 
11 9 
11 29 
11 94 
11 67 
11 48 
11 90 
11 51 
11 25 
11 59 
11 3 
11 81 
11 47 
11 105 
11 84 
11 99 
11 98 
11 24 
11 74 
11 0 
11 5 
11 39 
11 92 
11 17 
11 77 
11 83 
11 4 
11 72 
11 54 
11 15 
11 52 
11 12 
11 43 
11 65 
11 57 
11 69 
12 104 
12 30 
12 79 
12 73 
12 53 
12 102 
12 78 
12 6 
12 17 
12 55 
12 21 
12 27 
12 92 
12 35 
12 48 
12 69 
12 99 
12 18 
12 94 
12 15 
12 56 
12 34 
12 80 
12 91 
12 65 
12 44 
12 14 
12 24 
12 86 
12 38 
12 16 
12 74 
12 87 
12 63 
12 62 
12 90 
12 47 
12 36 
12 101 
12 98 
12 83 
12 67 
12 1 
12 39 
12 40 
12 11 
12 23 
12 7 
12 108 
12 29 
12 33 
13 82 
13 50 
13 84 
13 85 
13 104 
13 16 
13 31 
13 54 
13 0 
13 63 
13 86 
13 29 
13 87 
13 75 
13 42 
13 33 
13 46 
13 21 
13 30 
13 59 
13 105 
13 9 
13 14 
13 73 
13 38 
13 43 
13 6 
13 95 
13 90 
13 28 
13 74 
13 1 
13 71 
13 65 
13 20 
13 51 
13 24 
13 56 
13 57 
13 8 
13 69 
13 66 
13 76 
13 64 
13 72 
13 3 
13 35 
13 107 
13 18 
13 80 
13 23 
13 78 
13 93 
13 27 
13 101 
14 27 
14 11 
14 95 
14 76 
14 103 
14 23 
14 10 
14 104 
14 68 
14 62 
14 20 
14 44 
14 90 
14 2 
14 97 
14 7 
14 13 
14 102 
14 49 
14 89 
14 71 
14 45 
14 85 
14 107 
14 55 
14 33 
14 46 
14 36 
14 43 
14 53 
14 19 
14 8 
14 12 
14 52 
14 41 
14 81 
14 42 
14 6 
14 92 
14 105 
14 63 
14 40 
14 21 
14 96 
14 82 
14 58 
14 5 
14 86 
14 87 
14 37 
14 74 
14 88 
14 24 
14 66 
14 99 
14 77 
14 25 
15 57 
15 108 
15 68 
15 22 
15 69 
15 40 
15 45 
15 88 
15 53 
15 92 
15 63 
15 84 
15 48 
15 98 
15 25 
15 17 
15 67 
15 41 
15 83 
15 81 
15 18 
15 55 
15 54 
15 79 
15 82 
15 1 
15 0 
15 34 
15 12 
15 49 
15 101 
15 90 
15 21 
15 30 
15 97 
15 58 
15 77 
15 7 
15 107 
15 62 
15 102 
15 96 
15 106 
15 50 
15 56 
15 89 
15 3 
15 59 
15 80 
15 16 
15 28 
15 10 
15 78 
15 91 
15 46 
15 27 
15 94 
15 11 
15 38 
15 93 
15 6 
15 64 
15 24 
15 76 
16 92 
16 93 
16 69 
16 108 
16 74 
16 77 
16 13 
16 56 
16 80 
16 94 
16 71 
16 84 
16 10 
16 3 
16 44 
16 42 
16 91 
16 105 
16 2 
16 0 
16 33 
16 38 
16 75 
16 100 
16 88 
16 30 
16 82 
16 63 
16 29 
16 12 
16 86 
16 5 
16 7 
16 81 
16 34 
16 102 
16 20 
16 4 
16 15 
16 109 
16 101 
16 26 
16 85 
16 78 
16 98 
16 18 
17 89 
17 53 
17 109 
17 19 
17 93 
17 74 
17 90 
17 105 
17 23 
17 37 
17 91 
17 73 
17 12 
17 66 
17 77 
17 24 
17 51 
17 15 
17 18 
17 59 
17 67 
17 5 
17 70 
17 87 
17 76 
17 33 
17 31 
17 22 
17 61 
17 10 
17 78 
17 101 
17 103 
17 3 
17 6 
17 56 
17 26 
17 88 
17 43 
17 42 
17 63 
17 54 
17 68 
17 82 
17 107 
17 81 
17 55 
17 11 
17 32 
17 58 
17 41 
17 97 
17 30 
17 28 
17 7 
18 53 
18 2 
18 50 
18 95 
18 23 
18 35 
18 3 
18 24 
18 76 
18 0 
18 9 
18 91 
18 7 
18 34 
18 28 
18 69 
18 80 
18 93 
18 75 
18 63 
18 96 
18 20 
18 82 
18 78 
18 17 
18 6 
18 52 
18 85 
18 33 
18 15 
18 87 
18 12 
18 72 
18 46 
18 47 
18 92 
18 101 
18 74 
18 43 
18 5 
18 66 
18 44 
18 54 
18 55 
18 19 
18 4 
18 45 
18 13 
18 58 
18 1 
18 32 
18 31 
18 36 
18 89 
18 30 
18 57 
18 16 
19 99 
19 91 
19 17 
19 86 
19 41 
19 96 
19 109 
19 83 
19 64 
19 6 
19 70 
19 98 
19 79 
19 32 
19 42 
19 50 
19 100 
19 33 
19 5 
19 30 
19 51 
19 28 
19 35 
19 74 
19 75 
19 14 
19 26 
19 23 
19 46 
19 52 
19 55 
19 106 
19 104 
19 76 
19 59 
19 21 
19 18 
19 73 
19 44 
19 54 
19 31 
19 40 
19 4 
19 80 
19 0 
19 90 
19 1 
19 47 
19 97 
19 85 
19 88 
20 24 
20 7 
20 38 
20 79 
20 75 
20 22 
20 61 
20 14 
20 64 
20 18 
20 101 
20 106 
20 23 
20 100 
20 34 
20 88 
20 25 
20 82 
20 3 
20 10 
20 99 
20 103 
20 71 
20 13 
20 83 
20 36 
20 78 
20 33 
20 42 
20 105 
20 16 
20 29 
20 87 
20 70 
20 58 
20 39 
20 94 
20 35 
20 0 
20 77 
20 46 
20 57 
21 95 
21 109 
21 0 
21 49 
21 24 
21 61 
21 44 
21 57 
21 91 
21 74 
21 34 
21 43 
21 102 
21 107 
21 12 
21 68 
21 13 
21 9 
21 39 
21 69 
21 36 
21 76 
21 81 
21 71 
21 25 
21 65 
21 4 
21 7 
21 23 
21 105 
21 15 
21 59 
21 30 
21 29 
21 28 
21 96 
21 88 
21 14 
21 64 
21 19 
21 101 
21 63 
21 78 
21 42 
21 85 
21 56 
21 48 
21 87 
21 100 
21 50 
21 66 
21 90 
21 52 
21 46 
22 83 
22 36 
22 15 
22 33 
22 6 
22 73 
22 68 
22 75 
22 104 
22 95 
22 20 
22 5 
22 107 
22 76 
22 8 
22 34 
22 63 
22 37 
22 82 
22 109 
22 24 
22 52 
22 25 
22 87 
22 97 
22 88 
22 80 
22 64 
22 94 
22 105 
22 48 
22 85 
22 28 
22 47 
22 17 
22 49 
22 100 
22 66 
22 35 
22 3 
22 106 
22 30 
22 39 
22 56 
22 103 
22 62 
22 70 
22 41 
22 78 
22 42 
22 54 
22 60 
22 91 
22 90 
23 0 
23 6 
23 64 
23 35 
23 18 
23 44 
23 69 
23 105 
23 14 
23 17 
23 86 
23 65 
23 95 
23 83 
23 104 
23 25 
23 34 
23 40 
23 67 
23 97 
23 46 
23 5 
23 32 
23 74 
23 20 
23 2 
23 78 
23 3 
23 99 
23 41 
23 93 
23 50 
23 102 
23 89 
23 63 
23 59 
23 56 
23 38 
23 37 
23 77 
23 21 
23 19 
23 70 
23 55 
23 88 
23 103 
23 94 
23 84 
23 62 
23 71 
23 48 
23 13 
23 39 
23 87 
23 60 
23 68 
23 1 
23 12 
23 109 
23 49 
24 77 
24 20 
24 92 
24 99 
24 21 
24 18 
24 94 
24 55 
24 54 
24 43 
24 66 
24 79 
24 39 
24 93 
24 27 
24 75 
24 17 
24 4 
24 31 
24 95 
24 65 
24 38 
24 7 
24 22 
24 6 
24 97 
24 102 
24 105 
24 86 
24 63 
24 46 
24 48 
24 12 
24 32 
24 26 
24 25 
24 8 
24 5 
24 13 
24 74 
24 61 
24 11 
24 70 
24 62 
24 58 
24 9 
24 98 
24 85 
24 45 
24 0 
24 73 
24 67 
24 14 
24 2 
24 49 
24 69 
24 37 
24 15 
24 78 
25 64 
25 55 
25 85 
25 69 
25 49 
25 90 
25 97 
25 102 
25 109 
25 7 
25 23 
25 10 
25 100 
25 56 
25 66 
25 29 
25 79 
25 15 
25 98 
25 47 
25 22 
25 21 
25 57 
25 31 
25 65 
25 62 
25 20 
25 72 
25 44 
25 81 
25 33 
25 11 
25 2 
25 24 
25 75 
25 76 
25 105 
25 58 
25 78 
25 43 
25 46 
25 91 
25 70 
25 68 
25 35 
25 3 
25 103 
25 37 
25 28 
25 59 
25 86 
25 36 
25 82 
25 77 
25 14 
26 83 
26 73 
26 101 
26 4 
26 106 
26 71 
26 98 
26 96 
26 33 
26 66 
26 70 
26 88 
26 53 
26 84 
26 95 
26 62 
26 69 
26 2 
26 3 
26 27 
26 9 
26 19 
26 24 
26 102 
26 41 
26 6 
26 0 
26 85 
26 75 
26 49 
26 36 
26 17 
26 51 
26 68 
26 42 
26 1 
26 16 
26 77 
26 72 
26 108 
26 46 
26 43 
26 65 
27 14 
27 42 
27 30 
27 87 
27 84 
27 60 
27 43 
27 97 
27 67 
27 38 
27 103 
27 52 
27 61 
27 24 
27 86 
27 98 
27 74 
27 12 
27 31 
27 76 
27 89 
27 82 
27 81 
27 104 
27 41 
27 91 
27 56 
27 29 
27 34 
27 26 
27 83 
27 6 
27 92 
27 80 
27 79 
27 107 
27 54 
27 46 
27 96 
27 95 
27 49 
27 90 
27 105 
27 99 
27 108 
27 32 
27 15 
27 1 
27 77 
27 13 
27 58 
27 48 
27 100 
27 94 
27 109 
27 35 
27 101 
28 75 
28 107 
28 41 
28 54 
28 56 
28 103 
28 45 
28 99 
28 71 
28 18 
28 0 
28 90 
28 7 
28 88 
28 74 
28 37 
28 101 
28 76 
28 105 
28 85 
28 87 
28 51 
28 19 
28 13 
28 62 
28 52 
28 33 
28 22 
28 39 
28 83 
28 80 
28 94 
28 21 
28 55 
28 9 
28 106 
28 10 
28 66 
28 77 
28 49 
28 31 
28 15 
28 79 
28 98 
28 25 
28 97 
28 5 
28 72 
28 53 
28 35 
28 108 
28 82 
28 91 
28 70 
28 69 
28 17 
28 84 
29 10 
29 7 
29 73 
29 52 
29 44 
29 68 
29 49 
29 83 
29 70 
29 9 
29 106 
29 95 
29 31 
29 97 
29 13 
29 77 
29 65 
29 91 
29 1 
29 57 
29 25 
29 108 
29 2 
29 103 
29 11 
29 27 
29 85 
29 66 
29 5 
29 36 
29 79 
29 76 
29 43 
29 71 
29 3 
29 21 
29 16 
29 58 
29 105 
29 20 
29 100 
29 74 
29 53 
29 33 
29 30 
29 37 
29 64 
29 84 
29 81 
29 46 
29 82 
29 67 
29 87 
29 12 
30 12 
30 80 
30 59 
30 27 
30 69 
30 57 
30 44 
30 41 
30 49 
30 73 
30 33 
30 54 
30 77 
30 96 
30 13 
30 11 
30 86 
30 34 
30 109 
30 45 
30 91 
30 71 
30 74 
30 19 
30 63 
30 3 
30 84 
30 40 
30 31 
30 10 
30 15 
30 21 
30 16 
30 6 
30 60 
30 87 
30 65 
30 95 
30 52 
30 22 
30 101 
30 7 
30 99 
30 85 
30 29 
30 56 
30 108 
30 79 
30 35 
30 18 
30 5 
30 53 
30 17 
30 68 
31 79 
31 8 
31 62 
31 74 
31 13 
31 39 
31 107 
31 59 
31 71 
31 89 
31 86 
31 29 
31 32 
31 70 
31 57 
31 37 
31 60 
31 24 
31 52 
31 27 
31 56 
31 100 
31 35 
31 104 
31 25 
31 108 
31 76 
31 17 
31 30 
31 44 
31 105 
31 77 
31 49 
31 55 
31 45 
31 36 
31 87 
31 28 
31 103 
31 47 
31 19 
31 106 
31 18 
31 2 
32 36 
32 99 
32 58 
32 43 
32 42 
32 6 
32 95 
32 33 
32 31 
32 94 
32 5 
32 19 
32 87 
32 61 
32 47 
32 23 
32 89 
32 62 
32 83 
32 49 
32 106 
32 44 
32 65 
32 60 
32 59 
32 56 
32 84 
32 24 
32 38 
32 54 
32 70 
32 45 
32 77 
32 3 
32 0 
32 57 
32 97 
32 100 
32 10 
32 82 
32 18 
32 17 
32 37 
32 1 
32 27 
32 102 
32 68 
32 80 
32 67 
32 73 
32 7 
32 96 
32 71 
33 95 
33 65 
33 72 
33 63 
33 22 
33 94 
33 86 
33 50 
33 40 
33 32 
33 102 
33 26 
33 30 
33 67 
33 85 
33 13 
33 35 
33 34 
33 46 
33 6 
33 69 
33 19 
33 62 
33 101 
33 99 
33 51 
33 18 
33 90 
33 3 
33 14 
33 16 
33 88 
33 28 
33 5 
33 25 
33 17 
33 53 
33 77 
33 68 
33 56 
33 55 
33 98 
33 105 
33 81 
33 20 
33 47 
33 93 
33 48 
33 66 
33 82 
33 29 
33 42 
33 97 
33 104 
33 52 
33 1 
33 92 
33 44 
33 57 
33 12 
34 66 
34 84 
34 60 
34 5 
34 49 
34 71 
34 21 
34 69 
34 18 
34 45 
34 94 
34 23 
34 33 
34 22 
34 48 
34 82 
34 103 
34 54 
34 76 
34 72 
34 30 
34 83 
34 20 
34 38 
34 80 
34 78 
34 36 
34 15 
34 27 
34 61 
34 12 
34 40 
34 1 
34 44 
34 96 
34 59 
34 53 
34 43 
34 16 
34 89 
34 100 
34 64 
34 46 
34 10 
34 4 
34 92 
34 106 
34 99 
34 102 
34 6 
34 41 
34 39 
35 101 
35 42 
35 48 
35 2 
35 23 
35 74 
35 18 
35 80 
35 67 
35 11 
35 49 
35 75 
35 68 
35 39 
35 59 
35 88 
35 33 
35 87 
35 56 
35 12 
35 73 
35 62 
35 45 
35 107 
35 63 
35 31 
35 78 
35 60 
35 102 
35 66 
35 19 
35 64 
35 8 
35 37 
35 36 
35 22 
35 105 
35 0 
35 7 
35 71 
35 79 
35 52 
35 47 
35 13 
35 25 
35 10 
35 97 
35 81 
35 91 
35 61 
35 20 
35 85 
35 96 
35 9 
35 30 
35 108 
35 28 
35 69 
35 27 
36 32 
36 44 
36 102 
36 22 
36 87 
36 45 
36 81 
36 97 
36 95 
36 9 
36 105 
36 7 
36 0 
36 94 
36 56 
36 83 
36 63 
36 4 
36 21 
36 73 
36 99 
36 39 
36 41 
36 34 
36 29 
36 14 
36 107 
36 82 
36 46 
36 69 
36 35 
36 62 
36 91 
36 58 
36 101 
36 79 
36 20 
36 54 
36 84 
36 72 
36 76 
36 26 
36 96 
36 93 
36 66 
36 12 
36 6 
36 31 
36 108 
36 8 
36 67 
36 100 
36 38 
36 5 
36 78 
36 18 
36 80 
36 25 
36 90 
36 49 
37 91 
37 1 
37 96 
37 65 
37 10 
37 75 
37 17 
37 74 
37 89 
37 46 
37 78 
37 81 
37 31 
37 82 
37 28 
37 105 
37 22 
37 92 
37 58 
37 2 
37 39 
37 42 
37 90 
37 107 
37 7 
37 63 
37 104 
37 100 
37 85 
37 103 
37 70 
37 23 
37 35 
37 87 
37 44 
37 60 
37 84 
37 3 
37 88 
37 97 
37 6 
37 0 
37 55 
37 67 
37 53 
37 29 
37 93 
37 109 
37 25 
37 32 
37 56 
37 14 
37 106 
37 76 
37 24 
38 49 
38 11 
38 62 
38 20 
38 5 
38 55 
38 27 
38 63 
38 94 
38 45 
38 24 
38 48 
38 75 
38 77 
38 13 
38 43 
38 34 
38 16 
38 59 
38 23 
38 95 
38 71 
38 32 
38 53 
38 72 
38 12 
38 109 
38 91 
38 83 
38 73 
38 101 
38 68 
38 85 
38 66 
38 97 
38 57 
38 79 
38 78 
38 36 
38 93 
38 15 
38 8 
38 51 
38 61 
38 9 
38 2 
38 42 
38 89 
39 5 
39 52 
39 65 
39 71 
39 70 
39 105 
39 57 
39 31 
39 55 
39 2 
39 77 
39 24 
39 35 
39 47 
39 61 
39 21 
39 6 
39 75 
39 66 
39 53 
39 85 
39 37 
39 101 
39 48 
39 108 
39 107 
39 36 
39 102 
39 60 
39 67 
39 78 
39 49 
39 28 
39 46 
39 98 
39 88 
39 97 
39 103 
39 82 
39 22 
39 43 
39 11 
39 72 
39 23 
39 9 
39 89 
39 12 
39 20 
39 58 
39 81 
39 63 
39 74 
39 64 
39 34 
40 96 
40 70 
40 58 
40 15 
40 80 
40 61 
40 77 
40 33 
40 79 
40 23 
40 108 
40 91 
40 49 
40 83 
40 6 
40 2 
40 86 
40 84 
40 34 
40 30 
40 95 
40 1 
40 97 
40 76 
40 94 
40 63 
40 47 
40 8 
40 64 
40 14 
40 45 
40 87 
40 82 
40 109 
40 66 
40 102 
40 9 
40 100 
40 72 
40 92 
40 12 
40 19 
40 81 
40 54 
40 99 
40 68 
40 98 
40 50 
41 28 
41 96 
41 9 
41 11 
41 19 
41 84 
41 30 
41 64 
41 51 
41 108 
41 82 
41 45 
41 87 
41 93 
41 49 
41 92 
41 53 
41 97 
41 15 
41 47 
41 101 
41 23 
41 58 
41 27 
41 36 
41 102 
41 8 
41 66 
41 26 
41 14 
41 107 
41 90 
41 6 
41 105 
41 89 
41 95 
41 65 
41 99 
41 22 
41 62 
41 3 
41 56 
41 17 
41 34 
41 100 
41 83 
41 103 
41 81 
41 60 
41 0 
42 35 
42 27 
42 5 
42 11 
42 109 
42 88 
42 32 
42 81 
42 53 
42 72 
42 108 
42 45 
42 13 
42 83 
42 19 
42 56 
42 16 
42 64 
42 60 
42 37 
42 102 
42 43 
42 100 
42 106 
42 67 
42 51 
42 82 
42 80 
42 61 
42 47 
42 87 
42 9 
42 14 
42 84 
42 52 
42 20 
42 95 
42 75 
42 74 
42 17 
42 26 
42 94 
42 107 
42 50 
42 33 
42 21 
42 22 
42 66 
42 103 
42 77 
42 101 
42 46 
42 38 
42 44 
43 108 
43 6 
43 50 
43 32 
43 69 
43 21 
43 47 
43 24 
43 60 
43 27 
43 9 
43 96 
43 106 
43 103 
43 54 
43 71 
43 3 
43 59 
43 13 
43 38 
43 42 
43 48 
43 99 
43 14 
43 52 
43 67 
43 95 
43 105 
43 29 
43 53 
43 82 
43 65 
43 101 
43 77 
43 18 
43 49 
43 74 
43 34 
43 85 
43 17 
43 25 
43 39 
43 81 
43 87 
43 79 
43 56 
43 86 
43 83 
43 8 
43 11 
43 104 
43 57 
43 26 
43 84 
43 94 
44 36 
44 79 
44 21 
44 96 
44 23 
44 29 
44 30 
44 95 
44 2 
44 101 
44 106 
44 103 
44 91 
44 102 
44 16 
44 14 
44 5 
44 78 
44 100 
44 68 
44 57 
44 0 
44 90 
44 53 
44 66 
44 92 
44 97 
44 58 
44 85 
44 32 
44 105 
44 25 
44 72 
44 12 
44 52 
44 56 
44 34 
44 37 
44 99 
44 81 
44 67 
44 31 
44 55 
44 18 
44 9 
44 73 
44 82 
44 4 
44 69 
44 6 
44 109 
44 19 
44 98 
44 108 
44 65 
44 7 
44 49 
44 33 
44 42 
45 9 
45 36 
45 58 
45 28 
45 93 
45 34 
45 15 
45 42 
45 78 
45 41 
45 6 
45 82 
45 2 
45 72 
45 54 
45 56 
45 38 
45 51 
45 73 
45 98 
45 35 
45 64 
45 100 
45 99 
45 107 
45 30 
45 14 
45 67 
45 70 
45 96 
45 106 
45 66 
45 0 
45 108 
45 32 
45 71 
45 40 
45 31 
45 57 
45 18 
45 55 
45 68 
45 24 
45 79 
45 1 
45 91 
45 60 
45 85 
45 89 
45 69 
45 46 
45 101 
46 5 
46 98 
46 60 
46 108 
46 104 
46 37 
46 79 
46 1 
46 82 
46 2 
46 81 
46 13 
46 33 
46 23 
46 72 
46 106 
46 76 
46 65 
46 58 
46 50 
46 84 
46 11 
46 47 
46 64 
46 95 
46 56 
46 74 
46 14 
46 77 
46 71 
46 49 
46 4 
46 101 
46 24 
46 36 
46 18 
46 39 
46 87 
46 61 
46 19 
46 9 
46 92 
46 6 
46 51 
46 94 
46 100 
46 27 
46 52 
46 25 
46 53 
46 34 
46 59 
46 86 
46 15 
46 93 
46 26 
46 55 
46 80 
46 103 
46 29 
46 67 
46 96 
46 20 
46 54 
46 42 
46 45 
46 21 
47 6 
47 66 
47 69 
47 43 
47 56 
47 39 
47 32 
47 98 
47 46 
47 25 
47 81 
47 41 
47 0 
47 57 
47 89 
47 55 
47 91 
47 58 
47 18 
47 22 
47 60 
47 51 
47 108 
47 11 
47 42 
47 95 
47 99 
47 77 
47 107 
47 86 
47 103 
47 8 
47 79 
47 88 
47 40 
47 33 
47 10 
47 12 
47 106 
47 35 
47 72 
47 31 
47 53 
47 9 
47 52 
47 109 
47 73 
47 78 
47 97 
47 101 
47 84 
47 19 
47 75 
47 74 
48 74 
48 60 
48 35 
48 62 
48 78 
48 94 
48 99 
48 54 
48 79 
48 69 
48 52 
48 102 
48 76 
48 7 
48 75 
48 6 
48 15 
48 77 
48 34 
48 82 
48 38 
48 12 
48 87 
48 39 
48 81 
48 108 
48 64 
48 43 
48 11 
48 22 
48 96 
48 9 
48 24 
48 49 
48 56 
48 98 
48 55 
48 33 
48 97 
48 91 
48 59 
48 65 
48 73 
48 0 
48 67 
48 3 
48 23 
48 4 
48 95 
48 8 
48 27 
48 61 
48 85 
48 58 
48 21 
48 68 
48 70 
49 67 
49 38 
49 21 
49 71 
49 34 
49 25 
49 35 
49 84 
49 30 
49 29 
49 87 
49 109 
49 88 
49 2 
49 41 
49 3 
49 7 
49 54 
49 51 
49 77 
49 40 
49 14 
49 86 
49 6 
49 32 
49 90 
49 46 
49 15 
49 10 
49 69 
49 82 
49 85 
49 39 
49 100 
49 48 
49 108 
49 72 
49 22 
49 43 
49 31 
49 26 
49 65 
49 55 
49 63 
49 74 
49 64 
49 101 
49 28 
49 1 
49 27 
49 83 
49 5 
49 93 
49 76 
49 44 
49 66 
49 24 
49 23 
49 36 
49 92 
49 79 
50 13 
50 66 
50 79 
50 5 
50 18 
50 69 
50 43 
50 92 
50 90 
50 58 
50 33 
50 68 
50 54 
50 7 
50 80 
50 99 
50 10 
50 88 
50 75 
50 51 
50 46 
50 19 
50 104 
50 95 
50 11 
50 23 
50 93 
50 101 
50 70 
50 0 
50 97 
50 57 
50 8 
50 96 
50 86 
50 67 
50 15 
50 55 
50 72 
50 100 
50 64 
50 94 
50 4 
50 102 
50 106 
50 42 
50 105 
50 73 
50 87 
50 21 
50 62 
50 1 
50 40 
51 72 
51 60 
51 79 
51 61 
51 108 
51 92 
51 98 
51 58 
51 8 
51 56 
51 41 
51 78 
51 9 
51 17 
51 10 
51 77 
51 50 
51 49 
51 109 
51 45 
51 74 
51 89 
51 69 
51 33 
51 94 
51 88 
51 106 
51 19 
51 28 
51 65 
51 73 
51 11 
51 42 
51 47 
51 104 
51 95 
51 13 
51 64 
51 46 
51 66 
51 26 
51 105 
51 103 
51 87 
51 84 
51 3 
51 67 
51 38 
51 68 
52 67 
52 39 
52 29 
52 101 
52 95 
52 8 
52 48 
52 99 
52 75 
52 27 
52 10 
52 104 
52 74 
52 59 
52 31 
52 4 
52 105 
52 96 
52 2 
52 18 
52 22 
52 9 
52 93 
52 73 
52 91 
52 109 
52 28 
52 43 
52 65 
52 6 
52 44 
52 14 
52 5 
52 19 
52 87 
52 98 
52 107 
52 42 
52 30 
52 46 
52 79 
52 35 
52 81 
52 60 
52 62 
52 92 
52 47 
52 55 
52 83 
52 76 
52 33 
52 11 
52 88 
52 57 
52 80 
52 89 
52 21 
52 1 
52 0 
53 11 
53 10 
53 18 
53 17 
53 92 
53 109 
53 12 
53 3 
53 85 
53 42 
53 104 
53 15 
53 41 
53 59 
53 26 
53 98 
53 97 
53 39 
53 103 
53 73 
53 70 
53 44 
53 56 
53 77 
53 72 
53 71 
53 14 
53 33 
53 43 
53 5 
53 38 
53 4 
53 79 
53 93 
53 84 
53 9 
53 34 
53 101 
53 46 
53 95 
53 78 
53 29 
53 74 
53 1 
53 54 
53 82 
53 37 
53 76 
53 47 
53 69 
53 65 
53 83 
53 28 
53 96 
53 8 
53 6 
53 30 
54 65 
54 28 
54 103 
54 13 
54 48 
54 105 
54 24 
54 5 
54 102 
54 86 
54 8 
54 98 
54 30 
54 50 
54 45 
54 49 
54 94 
54 43 
54 34 
54 0 
54 1 
54 55 
54 107 
54 15 
54 101 
54 61 
54 96 
54 83 
54 99 
54 73 
54 109 
54 9 
54 32 
54 10 
54 36 
54 27 
54 18 
54 17 
54 58 
54 7 
54 19 
54 53 
54 87 
54 80 
54 11 
54 22 
54 93 
54 40 
54 70 
54 81 
54 104 
54 46 
55 109 
55 74 
55 25 
55 73 
55 24 
55 39 
55 87 
55 72 
55 105 
55 38 
55 107 
55 59 
55 12 
55 57 
55 60 
55 81 
55 90 
55 54 
55 61 
55 3 
55 62 
55 97 
55 15 
55 75 
55 6 
55 10 
55 14 
55 47 
55 70 
55 77 
55 96 
55 69 
55 65 
55 33 
55 83 
55 23 
55 108 
55 19 
55 91 
55 48 
55 28 
55 44 
55 76 
55 49 
55 31 
55 18 
55 50 
55 37 
55 101 
55 67 
55 45 
55 17 
55 102 
55 84 
55 52 
55 56 
55 46 
55 95 
55 58 
55 0 
55 4 
55 64 
56 1 
56 28 
56 95 
56 98 
56 78 
56 64 
56 5 
56 99 
56 93 
56 107 
56 61 
56 75 
56 92 
56 16 
56 47 
56 51 
56 2 
56 101 
56 103 
56 25 
56 42 
56 45 
56 36 
56 87 
56 35 
56 31 
56 68 
56 53 
56 46 
56 27 
56 12 
56 23 
56 32 
56 63 
56 33 
56 108 
56 48 
56 44 
56 86 
56 102 
56 62 
56 13 
56 88 
56 17 
56 15 
56 105 
56 8 
56 66 
56 22 
56 30 
56 55 
56 43 
56 37 
56 77 
56 21 
56 72 
56 41 
56 70 
56 74 
56 109 
56 104 
57 60 
57 15 
57 73 
57 59 
57 21 
57 39 
57 30 
57 89 
57 61 
57 90 
57 82 
57 31 
57 55 
57 29 
57 108 
57 1 
57 88 
57 44 
57 5 
57 47 
57 109 
57 77 
57 25 
57 0 
57 10 
57 81 
57 99 
57 62 
57 50 
57 72 
57 71 
57 64 
57 67 
57 86 
57 13 
57 63 
57 65 
57 68 
57 32 
57 45 
57 38 
57 85 
57 69 
57 97 
57 58 
57 8 
57 102 
57 52 
57 79 
57 11 
57 93 
57 43 
57 18 
57 3 
57 33 
57 84 
57 100 
57 20 
57 96 
58 40 
58 32 
58 45 
58 50 
58 51 
58 69 
58 6 
58 73 
58 46 
58 74 
58 37 
58 88 
58 61 
58 3 
58 41 
58 64 
58 44 
58 78 
58 75 
58 47 
58 0 
58 91 
58 7 
58 105 
58 36 
58 15 
58 107 
58 84 
58 72 
58 90 
58 29 
58 25 
58 24 
58 83 
58 54 
58 18 
58 14 
58 2 
58 76 
58 99 
58 20 
58 4 
58 17 
58 39 
58 57 
58 27 
58 108 
58 92 
58 48 
58 55 
58 1 
58 70 
59 107 
59 57 
59 30 
59 82 
59 31 
59 106 
59 35 
59 61 
59 55 
59 9 
59 109 
59 52 
59 53 
59 13 
59 79 
59 5 
59 10 
59 74 
59 98 
59 92 
59 97 
59 17 
59 43 
59 101 
59 104 
59 91 
59 108 
59 23 
59 67 
59 38 
59 32 
59 71 
59 11 
59 21 
59 72 
59 73 
59 34 
59 19 
59 83 
59 48 
59 99 
59 15 
59 46 
59 70 
59 100 
59 25 
59 94 
59 89 
59 3 
59 65 
59 6 
60 82 
60 48 
60 57 
60 51 
60 34 
60 91 
60 63 
60 5 
60 106 
60 46 
60 102 
60 81 
60 27 
60 83 
60 43 
60 89 
60 31 
60 55 
60 70 
60 66 
60 75 
60 86 
60 42 
60 100 
60 72 
60 35 
60 39 
60 80 
60 32 
60 76 
60 47 
60 79 
60 37 
60 30 
60 99 
60 101 
60 73 
60 62 
60 4 
60 52 
60 96 
60 6 
60 23 
60 45 
60 22 
60 41 
60 87 
61 88 
61 63 
61 21 
61 75 
61 80 
61 51 
61 57 
61 56 
61 40 
61 74 
61 39 
61 59 
61 101 
61 20 
61 27 
61 6 
61 89 
61 100 
61 69 
61 86 
61 32 
61 96 
61 103 
61 55 
61 58 
61 91 
61 54 
61 34 
61 85 
61 98 
61 84 
61 68 
61 17 
61 42 
61 46 
61 95 
61 62 
61 106 
61 65 
61 24 
61 64 
61 3 
61 10 
61 1 
61 70 
61 35 
61 48 
61 67 
61 38 
61 97 
62 63 
62 31 
62 48 
62 3 
62 109 
62 86 
62 38 
62 77 
62 14 
62 108 
62 35 
62 33 
62 64 
62 26 
62 32 
62 55 
62 66 
62 70 
62 25 
62 106 
62 96 
62 28 
62 101 
62 76 
62 36 
62 57 
62 104 
62 85 
62 73 
62 56 
62 61 
62 4 
62 80 
62 15 
62 23 
62 60 
62 12 
62 24 
62 93 
62 83 
62 52 
62 22 
62 82 
62 78 
62 41 
62 105 
62 7 
62 50 
63 62 
63 4 
63 64 
63 73 
63 61 
63 95 
63 60 
63 76 
63 33 
63 66 
63 11 
63 104 
63 13 
63 82 
63 71 
63 38 
63 15 
63 77 
63 106 
63 18 
63 70 
63 22 
63 36 
63 84 
63 35 
63 37 
63 88 
63 23 
63 7 
63 30 
63 24 
63 56 
63 90 
63 79 
63 98 
63 16 
63 1 
63 57 
63 40 
63 74 
63 5 
63 14 
63 69 
63 96 
63 12 
63 92 
63 49 
63 17 
63 94 
63 21 
63 108 
63 39 
64 106 
64 23 
64 63 
64 25 
64 56 
64 98 
64 9 
64 19 
64 75 
64 41 
64 70 
64 74 
64 5 
64 72 
64 20 
64 42 
64 93 
64 102 
64 62 
64 46 
64 45 
64 58 
64 71 
64 82 
64 22 
64 48 
64 10 
64 8 
64 35 
64 69 
64 57 
64 51 
64 92 
64 76 
64 90 
64 40 
64 13 
64 49 
64 21 
64 61 
64 50 
64 34 
64 29 
64 103 
64 39 
64 68 
64 15 
64 55 
65 54 
65 2 
65 87 
65 39 
65 33 
65 92 
65 37 
65 109 
65 107 
65 81 
65 23 
65 8 
65 29 
65 99 
65 97 
65 46 
65 24 
65 7 
65 70 
65 69 
65 10 
65 94 
65 21 
65 71 
65 25 
65 86 
65 32 
65 51 
65 52 
65 91 
65 6 
65 12 
65 106 
65 43 
65 55 
65 74 
65 13 
65 98 
65 9 
65 30 
65 0 
65 61 
65 49 
65 57 
65 88 
65 103 
65 48 
65 41 
65 84 
65 66 
65 93 
65 53 
65 44 
65 1 
65 3 
65 95 
65 11 
65 85 
65 90 
65 26 
65 59 
66 34 
66 50 
66 0 
66 63 
66 47 
66 102 
66 24 
66 86 
66 92 
66 73 
66 17 
66 26 
66 5 
66 25 
66 72 
66 10 
66 4 
66 60 
66 39 
66 44 
66 101 
66 62 
66 29 
66 35 
66 45 
66 103 
66 41 
66 90 
66 18 
66 109 
66 22 
66 80 
66 13 
66 51 
66 95 
66 1 
66 38 
66 28 
66 84 
66 36 
66 33 
66 56 
66 40 
66 83 
66 88 
66 89 
66 99 
66 65 
66 106 
66 42 
66 49 
66 14 
66 21 
66 74 
67 107 
67 52 
67 49 
67 6 
67 35 
67 93 
67 9 
67 83 
67 103 
67 27 
67 33 
67 23 
67 72 
67 101 
67 3 
67 94 
67 15 
67 0 
67 75 
67 105 
67 17 
67 45 
67 39 
67 108 
67 11 
67 59 
67 43 
67 99 
67 42 
67 73 
67 100 
67 57 
67 44 
67 71 
67 50 
67 84 
67 8 
67 37 
67 55 
67 36 
67 74 
67 48 
67 76 
67 91 
67 12 
67 5 
67 51 
67 61 
67 46 
67 24 
67 32 
67 29 
67 98 
68 104 
68 91 
68 108 
68 15 
68 92 
68 29 
68 22 
68 106 
68 72 
68 95 
68 35 
68 50 
68 14 
68 80 
68 21 
68 44 
68 97 
68 8 
68 56 
68 2 
68 105 
68 101 
68 83 
68 76 
68 87 
68 10 
68 69 
68 61 
68 33 
68 89 
68 38 
68 26 
68 57 
68 93 
68 17 
68 3 
68 25 
68 45 
68 77 
68 73 
68 5 
68 32 
68 23 
68 48 
68 1 
68 100 
68 90 
68 40 
68 64 
68 30 
68 75 
68 51 
68 98 
69 81 
69 16 
69 30 
69 50 
69 25 
69 47 
69 43 
69 15 
69 23 
69 34 
69 108 
69 48 
69 18 
69 90 
69 74 
69 61 
69 58 
69 21 
69 93 
69 33 
69 65 
69 12 
69 103 
69 51 
69 26 
69 70 
69 94 
69 10 
69 82 
69 84 
69 95 
69 107 
69 64 
69 49 
69 55 
69 83 
69 36 
69 68 
69 13 
69 79 
69 63 
69 96 
69 86 
69 44 
69 87 
69 6 
69 88 
69 57 
69 53 
69 85 
69 76 
69 11 
69 35 
69 99 
69 24 
69 0 
69 28 
69 45 
69 106 
70 76 
70 40 
70 99 
70 39 
70 79 
70 29 
70 6 
70 5 
70 64 
70 19 
70 31 
70 87 
70 26 
70 63 
70 60 
70 97 
70 65 
70 77 
70 108 
70 53 
70 0 
70 102 
70 8 
70 98 
70 69 
70 45 
70 104 
70 62 
70 55 
70 17 
70 50 
70 4 
70 78 
70 3 
70 95 
70 37 
70 23 
70 75 
70 32 
70 80 
70 24 
70 82 
70 25 
70 81 
70 84 
70 59 
70 22 
70 20 
70 86 
70 61 
70 74 
70 56 
70 54 
70 1 
70 48 
70 58 
70 28 
71 49 
71 9 
71 39 
71 100 
71 34 
71 31 
71 26 
71 28 
71 10 
71 11 
71 16 
71 63 
71 0 
71 43 
71 5 
71 14 
71 30 
71 64 
71 76 
71 21 
71 91 
71 65 
71 83 
71 8 
71 46 
71 87 
71 53 
71 59 
71 99 
71 38 
71 29 
71 97 
71 20 
71 57 
71 13 
71 67 
71 84 
71 106 
71 96 
71 103 
71 45 
71 90 
71 35 
71 23 
71 4 
71 93 
71 107 
71 95 
71 6 
71 78 
71 85 
71 32 
72 6 
72 51 
72 85 
72 89 
72 33 
72 68 
72 55 
72 42 
72 96 
72 95 
72 92 
72 45 
72 87 
72 64 
72 46 
72 94 
72 67 
72 66 
72 34 
72 93 
72 60 
72 109 
72 83 
72 18 
72 0 
72 53 
72 25 
72 84 
72 44 
72 57 
72 59 
72 74 
72 38 
72 49 
72 36 
72 5 
72 4 
72 58 
72 105 
72 73 
72 77 
72 13 
72 50 
72 47 
72 39 
72 40 
72 97 
72 26 
72 11 
72 1 
72 56 
72 28 
72 103 
73 5 
73 57 
73 63 
73 29 
73 88 
73 55 
73 12 
73 26 
73 22 
73 2 
73 30 
73 17 
73 66 
73 90 
73 58 
73 35 
73 45 
73 9 
73 7 
73 53 
73 13 
73 36 
73 80 
73 100 
73 109 
73 52 
73 78 
73 67 
73 51 
73 54 
73 79 
73 62 
73 59 
73 87 
73 10 
73 38 
73 108 
73 82 
73 98 
73 72 
73 60 
73 44 
73 91 
73 48 
73 86 
73 19 
73 77 
73 96 
73 68 
73 8 
73 47 
73 50 
73 95 
73 24 
73 102 
73 32 
73 76 
73 97 
74 48 
74 104 
74 31 
74 55 
74 16 
74 35 
74 21 
74 17 
74 37 
74 94 
74 79 
74 61 
74 86 
74 64 
74 69 
74 106 
74 93 
74 98 
74 52 
74 27 
74 28 
74 103 
74 23 
74 58 
74 51 
74 59 
74 30 
74 90 
74 46 
74 13 
74 8 
74 19 
74 5 
74 72 
74 18 
74 65 
74 89 
74 43 
74 9 
74 12 
74 63 
74 24 
74 42 
74 49 
74 29 
74 67 
74 81 
74 11 
74 3 
74 53 
74 0 
74 91 
74 99 
74 14 
74 70 
74 1 
74 39 
74 102 
74 56 
74 95 
74 66 
74 47 
75 28 
75 99 
75 61 
75 109 
75 94 
75 80 
75 37 
75 56 
75 86 
75 35 
75 20 
75 64 
75 22 
75 108 
75 96 
75 52 
75 13 
75 24 
75 18 
75 48 
75 104 
75 39 
75 50 
75 60 
75 38 
75 4 
75 67 
75 55 
75 58 
75 5 
75 16 
75 19 
75 25 
75 70 
75 85 
75 26 
75 97 
75 42 
75 100 
75 7 
75 98 
75 9 
75 3 
75 2 
75 77 
75 101 
75 47 
75 83 
75 68 
75 81 
76 70 
76 84 
76 7 
76 83 
76 86 
76 63 
76 18 
76 14 
76 88 
76 109 
76 48 
76 2 
76 0 
76 8 
76 9 
76 22 
76 28 
76 46 
76 27 
76 92 
76 34 
76 105 
76 106 
76 89 
76 21 
76 71 
76 6 
76 101 
76 29 
76 31 
76 68 
76 62 
76 103 
76 60 
76 17 
76 78 
76 40 
76 25 
76 4 
76 64 
76 19 
76 36 
76 55 
76 95 
76 13 
76 3 
76 53 
76 67 
76 58 
76 10 
76 81 
76 102 
76 52 
76 69 
76 49 
76 37 
76 73 
76 87 
76 15 
77 24 
77 94 
77 16 
77 85 
77 39 
77 40 
77 9 
77 29 
77 30 
77 81 
77 17 
77 63 
77 62 
77 51 
77 48 
77 49 
77 70 
77 88 
77 38 
77 104 
77 7 
77 57 
77 53 
77 82 
77 98 
77 46 
77 55 
77 23 
77 33 
77 4 
77 47 
77 43 
77 15 
77 32 
77 31 
77 6 
77 72 
77 28 
77 73 
77 68 
77 92 
77 26 
77 11 
77 90 
77 75 
77 100 
77 56 
77 27 
77 101 
77 96 
77 105 
77 20 
77 42 
77 25 
77 14 
77 3 
78 96 
78 48 
78 108 
78 56 
78 12 
78 37 
78 79 
78 51 
78 45 
78 90 
78 44 
78 84 
78 18 
78 23 
78 81 
78 4 
78 35 
78 34 
78 58 
78 70 
78 3 
78 73 
78 39 
78 85 
78 6 
78 17 
78 76 
78 20 
78 93 
78 82 
78 25 
78 105 
78 53 
78 107 
78 8 
78 15 
78 38 
78 10 
78 13 
78 21 
78 22 
78 62 
78 16 
78 47 
78 36 
78 88 
78 71 
78 99 
78 95 
78 24 
78 80 
79 31 
79 44 
79 50 
79 12 
79 51 
79 70 
79 88 
79 48 
79 20 
79 78 
79 24 
79 74 
79 86 
79 40 
79 46 
79 19 
79 4 
79 25 
79 59 
79 100 
79 91 
79 3 
79 107 
79 15 
79 11 
79 87 
79 29 
79 81 
79 109 
79 63 
79 102 
79 73 
79 27 
79 101 
79 60 
79 36 
79 53 
79 90 
79 83 
79 47 
79 7 
79 69 
79 84 
79 8 
79 52 
79 89 
79 35 
79 38 
79 28 
79 1 
79 104 
79 43 
79 45 
79 96 
79 30 
79 93 
79 57 
79 49 
80 30 
80 35 
80 61 
80 75 
80 100 
80 40 
80 104 
80 4 
80 16 
80 1 
80 18 
80 91 
80 68 
80 50 
80 83 
80 109 
80 73 
80 22 
80 85 
80 34 
80 60 
80 99 
80 12 
80 8 
80 42 
80 27 
80 102 
80 28 
80 62 
80 82 
80 66 
80 105 
80 70 
80 15 
80 96 
80 13 
80 98 
80 101 
80 3 
80 54 
80 32 
80 46 
80 36 
80 19 
80 52 
80 90 
80 78 
80 93 
81 90 
81 69 
81 107 
81 36 
81 60 
81 87 
81 42 
81 65 
81 37 
81 103 
81 77 
81 46 
81 3 
81 55 
81 86 
81 85 
81 47 
81 27 
81 48 
81 78 
81 15 
81 21 
81 82 
81 4 
81 25 
81 79 
81 1 
81 57 
81 11 
81 14 
81 44 
81 97 
81 33 
81 102 
81 2 
81 16 
81 52 
81 43 
81 74 
81 70 
81 83 
81 17 
81 35 
81 89 
81 76 
81 39 
81 29 
81 108 
81 40 
81 101 
81 54 
81 41 
81 8 
81 75 
82 60 
82 13 
82 11 
82 59 
82 57 
82 41 
82 63 
82 83 
82 45 
82 46 
82 37 
82 98 
82 34 
82 48 
82 22 
82 18 
82 27 
82 90 
82 87 
82 9 
82 15 
82 77 
82 64 
82 69 
82 81 
82 84 
82 20 
82 36 
82 49 
82 6 
82 42 
82 43 
82 16 
82 95 
82 109 
82 80 
82 89 
82 73 
82 78 
82 44 
82 94 
82 39 
82 33 
82 17 
82 70 
82 40 
82 14 
82 106 
82 53 
82 100 
82 32 
82 62 
82 10 
82 97 
82 29 
82 25 
82 28 
83 22 
83 102 
83 26 
83 76 
83 89 
83 29 
83 19 
83 60 
83 67 
83 98 
83 23 
83 82 
83 42 
83 10 
83 105 
83 1 
83 80 
83 4 
83 36 
83 15 
83 34 
83 101 
83 32 
83 40 
83 72 
83 84 
83 71 
83 68 
83 27 
83 54 
83 69 
83 91 
83 28 
83 87 
83 55 
83 20 
83 38 
83 79 
83 59 
83 58 
83 85 
83 62 
83 66 
83 81 
83 49 
83 12 
83 104 
83 11 
83 52 
83 93 
83 53 
83 43 
83 41 
83 75 
83 99 
83 108 
84 13 
84 34 
84 104 
84 76 
84 93 
84 41 
84 49 
84 27 
84 89 
84 9 
84 1 
84 16 
84 109 
84 15 
84 78 
84 26 
84 46 
84 63 
84 103 
84 6 
84 83 
84 69 
84 82 
84 106 
84 30 
84 72 
84 40 
84 85 
84 32 
84 61 
84 98 
84 5 
84 11 
84 37 
84 36 
84 23 
84 58 
84 71 
84 53 
84 42 
84 79 
84 66 
84 67 
84 0 
84 70 
84 4 
84 65 
84 29 
84 51 
84 55 
84 47 
84 10 
84 43 
84 57 
84 28 
85 72 
85 13 
85 89 
85 102 
85 25 
85 77 
85 53 
85 5 
85 33 
85 95 
85 9 
85 3 
85 28 
85 81 
85 39 
85 101 
85 18 
85 14 
85 80 
85 29 
85 7 
85 105 
85 44 
85 93 
85 22 
85 61 
85 37 
85 49 
85 84 
85 78 
85 6 
85 62 
85 26 
85 104 
85 75 
85 43 
85 38 
85 88 
85 83 
85 10 
85 57 
85 30 
85 24 
85 16 
85 0 
85 21 
85 69 
85 35 
85 48 
85 45 
85 65 
85 8 
85 71 
85 19 
86 11 
86 19 
86 76 
86 106 
86 103 
86 54 
86 98 
86 62 
86 97 
86 33 
86 75 
86 66 
86 23 
86 31 
86 79 
86 13 
86 74 
86 27 
86 61 
86 81 
86 108 
86 60 
86 30 
86 49 
86 8 
86 2 
86 40 
86 65 
86 24 
86 96 
86 6 
86 56 
86 12 
86 47 
86 16 
86 104 
86 57 
86 94 
86 50 
86 91 
86 69 
86 10 
86 73 
86 14 
86 46 
86 70 
86 43 
86 87 
86 9 
86 109 
86 25 
87 65 
87 36 
87 109 
87 27 
87 104 
87 81 
87 49 
87 55 
87 92 
87 13 
87 4 
87 41 
87 72 
87 70 
87 97 
87 32 
87 106 
87 35 
87 56 
87 82 
87 95 
87 48 
87 0 
87 28 
87 3 
87 22 
87 18 
87 103 
87 79 
87 71 
87 17 
87 68 
87 91 
87 93 
87 46 
87 42 
87 83 
87 37 
87 52 
87 73 
87 30 
87 12 
87 2 
87 40 
87 31 
87 43 
87 69 
87 20 
87 51 
87 23 
87 105 
87 54 
87 14 
87 9 
87 50 
87 86 
87 21 
87 29 
87 107 
87 76 
87 60 
87 10 
88 91 
88 61 
88 73 
88 8 
88 42 
88 100 
88 96 
88 76 
88 79 
88 49 
88 15 
88 98 
88 35 
88 28 
88 5 
88 50 
88 90 
88 26 
88 95 
88 6 
88 57 
88 58 
88 77 
88 51 
88 0 
88 107 
88 22 
88 106 
88 63 
88 20 
88 33 
88 16 
88 105 
88 9 
88 39 
88 23 
88 47 
88 56 
88 37 
88 97 
88 65 
88 17 
88 85 
88 21 
88 66 
88 69 
88 2 
88 14 
88 52 
88 78 
88 3 
88 19 
88 102 
89 72 
89 17 
89 85 
89 83 
89 57 
89 84 
89 31 
89 99 
89 37 
89 60 
89 11 
89 61 
89 6 
89 27 
89 51 
89 32 
89 76 
89 14 
89 47 
89 103 
89 108 
89 23 
89 100 
89 101 
89 7 
89 92 
89 68 
89 74 
89 82 
89 15 
89 41 
89 79 
89 34 
89 66 
89 39 
89 81 
89 5 
89 59 
89 98 
89 18 
89 1 
89 52 
89 109 
89 45 
89 38 
90 81 
90 25 
90 17 
90 50 
90 57 
90 94 
90 69 
90 107 
90 28 
90 88 
90 78 
90 3 
90 73 
90 14 
90 55 
90 82 
90 101 
90 103 
90 33 
90 44 
90 37 
90 108 
90 13 
90 74 
90 49 
90 11 
90 63 
90 66 
90 91 
90 15 
90 79 
90 64 
90 58 
90 106 
90 41 
90 12 
90 71 
90 105 
90 95 
90 27 
90 9 
90 77 
90 97 
90 36 
90 4 
90 19 
90 68 
90 65 
90 80 
90 21 
90 22 
90 8 
91 88 
91 37 
91 68 
91 60 
91 19 
91 21 
91 18 
91 6 
91 17 
91 105 
91 80 
91 29 
91 1 
91 44 
91 96 
91 40 
91 79 
91 16 
91 97 
91 30 
91 27 
91 61 
91 71 
91 94 
91 93 
91 59 
91 47 
91 52 
91 101 
91 9 
91 12 
91 65 
91 83 
91 90 
91 87 
91 58 
91 36 
91 38 
91 55 
91 86 
91 108 
91 48 
91 73 
91 25 
91 67 
91 15 
91 74 
91 35 
91 3 
91 45 
91 104 
91 22 
91 109 
91 28 
92 24 
92 16 
92 68 
92 53 
92 108 
92 65 
92 50 
92 51 
92 56 
92 66 
92 87 
92 15 
92 72 
92 41 
92 4 
92 12 
92 76 
92 37 
92 59 
92 104 
92 44 
92 105 
92 94 
92 95 
92 27 
92 89 
92 18 
92 2 
92 0 
92 9 
92 106 
92 46 
92 64 
92 102 
92 14 
92 10 
92 63 
92 1 
92 100 
92 77 
92 11 
92 52 
92 34 
92 40 
92 3 
92 96 
92 109 
92 58 
92 33 
92 99 
92 49 
93 16 
93 84 
93 98 
93 56 
93 17 
93 67 
93 109 
93 45 
93 9 
93 94 
93 24 
93 41 
93 74 
93 18 
93 102 
93 11 
93 69 
93 64 
93 72 
93 103 
93 23 
93 7 
93 52 
93 50 
93 91 
93 85 
93 10 
93 87 
93 53 
93 78 
93 33 
93 1 
93 99 
93 36 
93 68 
93 100 
93 62 
93 6 
93 65 
93 37 
93 101 
93 71 
93 13 
93 4 
93 46 
93 38 
93 83 
93 49 
93 15 
93 79 
93 54 
93 57 
93 107 
93 96 
93 80 
94 48 
94 77 
94 96 
94 24 
94 33 
94 75 
94 74 
94 106 
94 34 
94 90 
94 16 
94 93 
94 32 
94 38 
94 72 
94 109 
94 98 
94 36 
94 101 
94 54 
94 67 
94 51 
94 65 
94 91 
94 69 
94 1 
94 12 
94 22 
94 8 
94 11 
94 92 
94 95 
94 40 
94 23 
94 86 
94 28 
94 102 
94 4 
94 108 
94 46 
94 82 
94 42 
94 10 
94 50 
94 63 
94 59 
94 20 
94 15 
94 27 
94 0 
94 43 
95 21 
95 33 
95 11 
95 18 
95 63 
95 56 
95 14 
95 106 
95 52 
95 44 
95 32 
95 102 
95 68 
95 29 
95 72 
95 0 
95 22 
95 23 
95 109 
95 7 
95 99 
95 85 
95 36 
95 97 
95 24 
95 88 
95 96 
95 26 
95 87 
95 50 
95 9 
95 5 
95 46 
95 13 
95 92 
95 69 
95 70 
95 98 
95 43 
95 38 
95 40 
95 47 
95 61 
95 51 
95 107 
95 94 
95 82 
95 101 
95 42 
95 30 
95 66 
95 1 
95 76 
95 41 
95 27 
95 90 
95 53 
95 103 
95 3 
95 48 
95 73 
95 55 
95 71 
95 65 
95 100 
95 74 
95 78 
96 78 
96 40 
96 41 
96 37 
96 44 
96 94 
96 88 
96 19 
96 97 
96 0 
96 26 
96 72 
96 75 
96 43 
96 106 
96 18 
96 30 
96 95 
96 91 
96 52 
96 61 
96 103 
96 1 
96 45 
96 62 
96 54 
96 4 
96 48 
96 86 
96 55 
96 101 
96 9 
96 34 
96 50 
96 21 
96 108 
96 15 
96 71 
96 63 
96 36 
96 69 
96 27 
96 14 
96 80 
96 73 
96 60 
96 3 
96 92 
96 79 
96 35 
96 77 
96 46 
96 53 
96 6 
96 93 
96 32 
96 57 
96 10 
97 102 
97 25 
97 36 
97 96 
97 86 
97 5 
97 27 
97 29 
97 1 
97 87 
97 23 
97 95 
97 65 
97 41 
97 68 
97 14 
97 91 
97 70 
97 53 
97 105 
97 59 
97 106 
97 55 
97 22 
97 44 
97 24 
97 50 
97 71 
97 40 
97 15 
97 81 
97 39 
97 75 
97 37 
97 88 
97 48 
97 3 
97 101 
97 38 
97 32 
97 35 
97 72 
97 57 
97 28 
97 90 
97 33 
97 82 
97 98 
97 47 
97 108 
97 104 
97 17 
97 19 
97 10 
97 61 
97 73 
98 56 
98 93 
98 46 
98 51 
98 86 
98 64 
98 26 
98 5 
98 103 
98 54 
98 83 
98 88 
98 106 
98 9 
98 19 
98 74 
98 27 
98 15 
98 94 
98 82 
98 25 
98 53 
98 47 
98 45 
98 59 
98 104 
98 70 
98 77 
98 95 
98 61 
98 39 
98 48 
98 63 
98 84 
98 65 
98 2 
98 33 
98 1 
98 52 
98 73 
98 7 
98 11 
98 75 
98 12 
98 101 
98 24 
98 44 
98 28 
98 80 
98 109 
98 99 
98 97 
98 89 
98 108 
98 16 
98 4 
98 67 
98 40 
98 102 
98 68 
99 32 
99 19 
99 24 
99 102 
99 75 
99 4 
99 70 
99 48 
99 56 
99 28 
99 89 
99 52 
99 65 
99 106 
99 95 
99 50 
99 8 
99 33 
99 45 
99 23 
99 12 
99 36 
99 80 
99 43 
99 67 
99 54 
99 20 
99 71 
99 104 
99 57 
99 47 
99 44 
99 11 
99 10 
99 60 
99 93 
99 59 
99 30 
99 41 
99 66 
99 0 
99 27 
99 9 
99 58 
99 74 
99 34 
99 98 
99 78 
99 100 
99 92 
99 40 
99 69 
99 83 
99 14 
100 88 
100 71 
100 80 
100 105 
100 103 
100 7 
100 11 
100 25 
100 61 
100 44 
100 79 
100 19 
100 10 
100 31 
100 45 
100 60 
100 101 
100 20 
100 73 
100 89 
100 42 
100 16 
100 37 
100 49 
100 67 
100 22 
100 5 
100 46 
100 3 
100 75 
100 93 
100 29 
100 50 
100 34 
100 36 
100 32 
100 92 
100 40 
100 82 
100 59 
100 77 
100 4 
100 6 
100 27 
100 41 
100 21 
100 99 
100 68 
100 95 
100 108 
100 57 
101 35 
101 0 
101 52 
101 26 
101 44 
101 109 
101 61 
101 56 
101 28 
101 94 
101 20 
101 4 
101 67 
101 90 
101 33 
101 39 
101 85 
101 83 
101 41 
101 100 
101 59 
101 66 
101 107 
101 76 
101 68 
101 50 
101 54 
101 89 
101 46 
101 91 
101 62 
101 15 
101 96 
101 18 
101 79 
101 43 
101 36 
101 17 
101 38 
101 2 
101 60 
101 95 
101 97 
101 30 
101 55 
101 12 
101 49 
101 53 
101 98 
101 21 
101 16 
101 106 
101 93 
101 80 
101 75 
101 77 
101 13 
101 47 
101 81 
101 42 
101 27 
101 45 
102 83 
102 36 
102 97 
102 99 
102 85 
102 66 
102 60 
102 12 
102 54 
102 95 
102 25 
102 21 
102 33 
102 48 
102 5 
102 10 
102 106 
102 93 
102 44 
102 3 
102 64 
102 14 
102 105 
102 70 
102 42 
102 39 
102 23 
102 41 
102 35 
102 24 
102 79 
102 26 
102 56 
102 80 
102 15 
102 94 
102 92 
102 81 
102 16 
102 6 
102 40 
102 55 
102 50 
102 103 
102 76 
102 34 
102 32 
102 73 
102 57 
102 74 
102 98 
102 88 
103 28 
103 54 
103 86 
103 14 
103 100 
103 98 
103 67 
103 27 
103 44 
103 81 
103 56 
103 106 
103 43 
103 34 
103 74 
103 10 
103 105 
103 69 
103 53 
103 6 
103 61 
103 96 
103 84 
103 90 
103 89 
103 93 
103 87 
103 29 
103 37 
103 76 
103 66 
103 20 
103 107 
103 17 
103 23 
103 47 
103 0 
103 71 
103 65 
103 39 
103 51 
103 31 
103 25 
103 22 
103 95 
103 102 
103 46 
103 42 
103 109 
103 41 
103 64 
103 72 
104 12 
104 74 
104 68 
104 84 
104 13 
104 9 
104 87 
104 46 
104 14 
104 80 
104 63 
104 22 
104 53 
104 23 
104 52 
104 75 
104 50 
104 109 
104 98 
104 106 
104 7 
104 92 
104 27 
104 77 
104 31 
104 70 
104 59 
104 37 
104 99 
104 1 
104 62 
104 51 
104 85 
104 86 
104 19 
104 108 
104 4 
104 79 
104 83 
104 33 
104 91 
104 97 
104 43 
104 54 
104 8 
104 56 
105 39 
105 54 
105 107 
105 23 
105 17 
105 91 
105 100 
105 55 
105 8 
105 83 
105 36 
105 37 
105 13 
105 52 
105 28 
105 5 
105 76 
105 9 
105 6 
105 103 
105 16 
105 97 
105 102 
105 68 
105 3 
105 67 
105 109 
105 92 
105 85 
105 22 
105 24 
105 44 
105 0 
105 43 
105 1 
105 21 
105 88 
105 58 
105 11 
105 10 
105 33 
105 31 
105 35 
105 14 
105 80 
105 72 
105 25 
105 20 
105 51 
105 41 
105 56 
105 90 
105 78 
105 29 
105 27 
105 50 
105 87 
105 77 
105 62 
106 64 
106 3 
106 60 
106 86 
106 95 
106 4 
106 68 
106 9 
106 26 
106 10 
106 94 
106 29 
106 59 
106 7 
106 44 
106 98 
106 102 
106 74 
106 99 
106 63 
106 96 
106 46 
106 103 
106 87 
106 43 
106 20 
106 8 
106 76 
106 107 
106 6 
106 104 
106 97 
106 88 
106 51 
106 62 
106 32 
106 45 
106 84 
106 42 
106 65 
106 108 
106 92 
106 19 
106 61 
106 28 
106 15 
106 71 
106 90 
106 22 
106 47 
106 101 
106 82 
106 31 
106 50 
106 34 
106 66 
106 0 
106 37 
106 69 
107 67 
107 28 
107 59 
107 4 
107 81 
107 31 
107 105 
107 56 
107 65 
107 55 
107 21 
107 90 
107 8 
107 22 
107 106 
107 79 
107 54 
107 35 
107 45 
107 39 
107 37 
107 88 
107 14 
107 101 
107 36 
107 69 
107 5 
107 109 
107 27 
107 103 
107 95 
107 47 
107 41 
107 58 
107 15 
107 52 
107 3 
107 17 
107 9 
107 13 
107 78 
107 42 
107 71 
107 0 
107 93 
107 87 
108 68 
108 15 
108 43 
108 78 
108 16 
108 4 
108 92 
108 46 
108 51 
108 69 
108 42 
108 5 
108 75 
108 8 
108 41 
108 40 
108 57 
108 29 
108 62 
108 86 
108 70 
108 39 
108 90 
108 89 
108 48 
108 7 
108 31 
108 67 
108 59 
108 47 
108 106 
108 56 
108 49 
108 45 
108 55 
108 96 
108 94 
108 73 
108 91 
108 104 
108 2 
108 36 
108 44 
108 27 
108 63 
108 26 
108 30 
108 81 
108 9 
108 58 
108 98 
108 35 
108 97 
108 109 
108 28 
108 12 
108 83 
108 6 
108 100 
109 21 
109 11 
109 17 
109 55 
109 87 
109 42 
109 53 
109 75 
109 62 
109 76 
109 65 
109 93 
109 19 
109 49 
109 101 
109 25 
109 6 
109 84 
109 95 
109 59 
109 94 
109 9 
109 80 
109 51 
109 22 
109 104 
109 30 
109 72 
109 57 
109 105 
109 73 
109 52 
109 54 
109 79 
109 107 
109 10 
109 38 
109 66 
109 82 
109 40 
109 44 
109 16 
109 37 
109 98 
109 47 
109 92 
109 103 
109 86 
109 0 
109 23 
109 27 
109 108 
109 89 
109 91 
109 56 
