0 87 39 117 31 109 15 72 74 44 130 14 46 60 7 58 52 4 37 110 66 120 12 111 11 69 38 97 107 79 115 113 100 108 91 19 35 42 22 90 43 17 16 55 64 105 
1 82 57 58 91 29 30 107 88 122 6 97 32 20 72 93 115 113 127 100 2 12 118 7 10 121 40 89 104 17 94 75 108 85 98 129 44 119 73 33 
2 4 103 38 61 5 77 67 73 34 114 1 13 96 119 70 110 86 49 17 23 55 53 71 62 37 120 98 116 125 100 14 69 93 3 19 25 26 122 128 88 
3 49 76 62 30 5 88 119 19 126 52 6 25 116 85 81 103 106 51 29 59 128 38 53 4 80 74 28 104 70 77 87 18 68 63 84 127 34 120 2 79 27 72 92 56 11 35 111 
4 11 2 67 48 69 25 124 59 34 77 62 75 70 76 15 119 3 20 109 0 129 91 105 53 14 71 68 80 39 125 90 40 60 82 86 112 33 100 74 104 
5 127 44 39 71 3 16 17 2 116 87 110 107 65 6 37 66 61 104 7 101 67 36 81 49 43 105 11 20 48 54 35 21 57 117 14 122 70 12 83 25 9 24 56 76 106 
6 33 82 96 24 65 75 3 77 1 85 121 50 107 130 120 54 13 74 8 20 5 92 98 12 101 71 99 67 70 19 18 10 36 66 81 79 32 128 95 115 64 100 
7 9 38 126 123 35 15 0 87 13 127 24 86 77 92 1 107 5 45 27 70 120 18 61 100 20 59 106 21 79 85 89 99 114 64 84 
8 83 41 23 109 59 65 74 120 12 127 112 85 28 63 102 77 6 86 18 44 30 108 16 29 80 26 123 14 24 32 81 19 93 35 
9 7 97 99 105 86 118 16 129 48 91 119 107 26 68 120 41 66 55 12 81 64 100 38 15 52 13 37 5 60 53 113 114 56 130 
10 129 14 94 82 125 80 109 117 100 47 55 128 56 25 93 40 60 107 113 108 72 1 86 58 114 118 15 6 104 28 38 21 83 30 29 31 103 41 49 
11 4 109 76 42 110 106 72 67 112 55 14 105 102 18 28 101 91 0 75 48 22 95 120 5 125 40 26 31 74 3 
12 53 41 93 26 119 89 49 64 8 84 29 60 30 50 22 51 101 27 98 6 1 32 74 71 0 105 76 9 127 14 45 15 56 114 73 77 35 5 28 86 63 13 31 123 109 
13 73 125 72 126 99 76 20 30 36 96 95 81 124 52 102 110 6 38 32 7 114 2 101 39 69 100 68 120 80 106 67 129 130 9 15 26 71 59 23 12 109 79 
14 20 70 81 10 23 98 102 40 110 19 0 83 128 105 76 49 93 11 84 91 63 69 4 12 31 50 106 99 2 28 5 116 8 103 34 
15 121 23 104 0 68 18 130 45 86 51 92 85 53 35 115 79 37 65 120 7 46 4 32 56 129 76 70 127 34 110 128 98 72 10 89 12 41 30 123 119 22 9 125 59 36 13 17 63 105 88 61 58 
16 126 102 108 26 31 47 116 5 118 68 124 52 9 54 39 29 59 90 21 125 30 70 66 41 8 48 32 17 23 55 0 50 110 
17 117 41 68 99 36 94 5 106 48 37 51 107 56 61 28 128 39 85 116 111 55 127 2 35 1 86 124 45 16 110 129 57 121 0 15 123 73 113 
18 111 79 90 85 15 43 104 114 63 55 96 113 83 129 11 105 66 8 97 121 61 69 3 7 109 6 52 37 95 53 108 124 122 33 58 70 81 31 60 130 75 44 
19 111 24 124 53 92 43 35 3 70 118 105 66 14 120 50 85 56 128 109 59 119 38 84 37 114 52 130 6 116 73 112 0 42 2 57 117 87 8 110 125 28 
20 14 85 61 97 107 13 99 49 63 76 48 1 56 31 32 34 6 4 127 101 57 78 62 58 42 121 88 7 83 73 103 5 96 35 98 120 55 111 102 60 
21 61 115 51 58 46 57 33 127 64 37 91 114 16 45 42 100 106 97 123 69 27 29 32 111 72 77 5 81 83 107 30 7 86 10 84 53 73 75 
22 125 57 121 66 80 122 88 110 12 65 24 114 33 92 72 104 34 37 76 82 11 130 15 123 38 113 39 0 71 84 127 47 120 124 
23 15 53 8 48 109 14 36 130 80 101 27 93 129 60 87 98 103 26 30 34 66 89 63 45 84 2 127 31 16 71 95 90 96 13 50 
24 107 19 108 88 104 6 111 52 112 127 43 84 47 80 102 96 28 55 26 56 22 7 94 113 87 119 61 33 5 8 76 46 60 
25 89 128 52 4 3 34 46 29 100 117 10 116 98 86 105 38 36 120 80 110 31 127 37 43 118 5 44 74 59 104 45 2 99 71 
26 53 40 63 12 16 74 88 31 80 86 54 95 96 52 69 55 36 23 24 108 32 122 9 64 83 105 89 37 39 8 127 98 11 13 121 44 49 2 125 29 123 
27 41 39 123 104 71 23 66 79 40 124 61 95 125 72 12 129 49 67 93 7 21 101 90 50 53 92 128 121 3 91 58 
28 89 62 48 30 114 80 72 105 113 57 106 8 118 69 51 17 24 81 87 31 124 61 125 11 3 59 91 44 117 73 77 94 10 14 37 12 95 67 83 52 63 19 
29 113 73 1 122 112 78 115 3 88 16 12 97 25 40 32 94 118 125 45 110 109 63 56 21 31 83 37 8 35 34 79 64 121 102 85 10 50 26 
30 59 122 3 58 92 1 51 13 111 28 66 44 55 12 85 84 48 23 47 39 16 96 124 8 71 69 95 15 68 88 86 109 114 21 119 77 10 117 113 
31 0 83 59 16 41 50 26 85 32 55 43 88 72 69 87 20 121 28 126 56 122 57 116 29 25 14 63 36 23 97 34 80 77 11 18 92 113 10 12 
32 108 79 96 115 74 126 120 31 57 72 1 29 128 109 20 13 54 65 15 26 73 59 12 123 130 34 58 21 16 61 40 82 95 6 89 8 46 112 50 119 85 
33 38 6 56 123 97 126 99 55 111 94 92 21 98 82 40 103 22 129 41 84 122 34 65 102 18 4 24 88 78 71 109 1 39 58 
34 128 37 77 49 125 104 56 74 25 4 44 85 106 96 99 100 20 2 23 67 123 103 15 32 94 61 54 79 22 81 33 29 88 130 3 70 126 31 118 42 97 112 43 64 14 40 
35 36 105 19 45 39 111 91 7 78 60 15 107 38 54 88 64 115 109 93 114 44 17 29 62 82 0 20 104 58 5 127 12 89 75 3 71 8 94 112 42 
36 35 113 37 73 109 79 23 81 48 13 129 82 17 87 26 56 108 54 68 47 43 88 97 124 123 25 127 115 5 101 38 116 6 31 15 121 86 
37 36 34 38 124 44 110 101 40 17 92 15 21 79 100 65 88 5 0 66 52 19 62 22 53 29 121 25 18 85 2 129 26 48 42 28 78 84 9 57 98 111 
38 33 60 45 7 37 58 73 62 48 2 54 77 35 40 55 3 13 89 19 123 25 76 46 0 57 109 119 105 36 81 9 101 98 22 10 130 44 129 59 128 43 85 126 116 118 79 
39 0 71 127 5 27 46 83 108 125 58 119 35 59 16 95 89 107 63 92 75 30 102 52 17 13 78 121 128 4 106 26 70 130 22 96 40 99 33 45 
40 82 108 26 85 99 125 47 73 50 14 37 27 56 43 38 29 59 33 86 62 64 115 10 127 1 48 45 32 4 107 81 121 11 39 97 34 84 
41 67 12 122 8 17 27 115 68 76 31 57 113 81 118 49 58 53 101 128 97 55 33 9 120 16 125 88 98 15 78 96 73 109 100 106 110 85 95 80 10 84 
42 70 61 11 52 50 59 98 66 111 102 21 73 95 71 75 125 20 80 54 68 0 37 19 96 34 60 99 77 86 35 
43 71 113 82 19 73 18 102 85 76 117 54 114 24 31 100 40 99 89 36 51 93 61 111 5 108 25 127 46 62 0 55 34 130 38 64 97 
44 5 89 114 72 108 61 37 71 51 30 46 0 94 34 116 117 76 79 99 102 56 111 59 8 82 48 35 28 93 97 60 67 49 103 1 70 25 75 55 38 26 18 
45 38 58 130 94 113 61 35 15 89 62 82 48 72 86 96 100 99 91 21 126 127 56 60 29 80 7 23 12 40 123 95 17 77 53 78 25 39 
46 93 39 122 21 44 114 25 78 0 15 58 96 121 47 130 116 102 107 38 51 66 82 60 89 43 100 105 108 73 32 81 50 88 24 95 
47 115 91 94 118 81 16 40 110 125 102 98 69 123 61 122 10 24 70 85 109 30 36 46 124 130 93 99 92 66 120 68 72 22 88 
48 123 23 107 4 28 38 118 36 83 45 68 17 20 9 30 127 122 126 128 85 111 44 86 11 16 40 89 66 5 74 37 61 100 79 119 56 87 
49 3 84 57 66 118 62 112 34 126 76 120 73 20 103 12 97 63 41 99 110 14 61 75 80 117 67 116 125 27 98 94 105 2 60 5 69 102 44 109 124 52 78 114 55 26 10 
50 67 56 40 42 77 31 61 65 99 91 6 89 19 12 81 72 106 104 93 111 14 27 64 80 84 73 114 124 127 32 16 46 29 83 23 
51 63 125 21 30 15 90 60 44 105 3 17 71 97 56 12 28 86 91 66 43 83 46 74 129 126 77 113 65 79 70 72 112 
52 96 72 122 64 42 3 25 110 24 16 107 98 13 26 94 109 76 66 117 60 0 39 37 56 88 104 19 123 18 111 100 9 112 49 55 28 115 
53 59 12 26 23 124 19 60 127 111 61 122 123 115 117 67 78 100 105 128 15 96 119 41 69 121 54 3 101 102 84 4 90 37 114 2 27 18 76 91 55 45 21 9 63 125 
54 62 69 103 43 38 58 16 26 35 119 79 76 6 32 53 36 125 65 34 56 130 63 111 106 89 42 5 59 124 80 123 127 
55 113 30 68 33 59 31 18 74 90 38 10 79 26 11 24 125 80 114 81 41 87 17 100 9 116 2 20 53 88 118 86 16 49 44 58 43 123 52 0 106 84 83 73 
56 114 62 129 33 50 120 76 74 122 34 91 40 105 19 51 20 17 10 36 75 24 15 45 127 52 44 107 31 54 29 86 113 12 124 126 60 117 104 89 5 128 112 108 3 48 83 9 87 
57 81 105 49 22 99 127 1 82 101 41 21 84 32 115 65 28 91 77 113 100 20 78 122 106 31 63 38 89 97 5 58 37 17 19 107 114 124 103 
58 109 84 45 38 60 30 1 39 88 21 90 85 54 94 123 86 73 41 0 70 46 10 20 32 116 92 104 80 63 35 57 125 18 55 106 27 33 15 
59 53 85 66 30 77 80 31 128 8 94 84 76 64 70 55 4 96 39 61 42 3 19 40 95 16 91 107 32 117 44 67 130 99 28 97 122 108 103 92 7 120 104 15 54 25 60 13 38 79 62 
60 38 106 70 53 58 84 96 125 124 97 51 111 66 76 35 90 93 12 105 0 23 52 10 103 78 45 94 67 49 46 99 4 89 44 56 127 75 91 86 9 115 122 59 42 18 80 20 24 
61 112 107 65 21 42 123 20 53 45 44 50 2 75 59 27 47 80 79 97 17 69 49 28 129 91 5 99 34 43 88 18 7 95 96 68 125 32 111 48 24 116 100 71 70 103 15 
62 56 54 89 49 3 28 90 38 93 45 82 119 94 121 126 68 125 4 40 73 101 96 109 67 106 20 37 127 95 2 64 35 85 71 84 115 72 130 43 92 123 70 59 
63 51 109 26 129 108 86 128 20 18 93 49 39 8 68 66 105 80 14 100 54 23 111 57 29 3 31 72 58 112 88 15 53 12 28 104 
64 94 52 125 96 89 59 12 35 21 40 88 77 26 109 85 71 121 9 50 62 117 92 114 90 29 80 87 34 43 6 73 104 7 0 
65 61 6 8 108 50 119 96 15 57 71 127 22 37 32 5 125 87 54 130 99 70 72 129 33 77 51 94 109 115 91 
66 109 59 49 74 69 97 120 83 75 115 27 30 19 60 22 118 116 42 52 121 63 51 37 18 5 114 23 81 0 9 16 46 127 76 48 72 47 6 87 128 117 107 103 
67 41 50 71 4 123 84 53 129 2 87 69 72 11 34 77 49 110 97 59 27 62 126 6 85 5 130 60 105 78 117 13 44 73 104 28 
68 15 103 41 17 71 16 114 55 48 93 79 95 62 63 36 78 9 92 4 3 13 128 127 91 115 61 76 30 42 47 74 
69 80 109 54 66 4 121 104 47 31 116 103 67 26 53 28 82 61 76 89 88 83 127 107 100 13 14 0 79 21 18 30 114 49 71 2 81 75 92 
70 71 108 122 60 84 42 14 121 107 93 19 118 59 47 123 97 96 4 109 72 127 58 15 83 119 3 2 78 101 7 16 129 6 82 65 89 34 39 5 44 51 114 99 18 62 61 
71 70 43 39 5 77 94 106 114 67 27 128 68 88 44 121 112 51 102 65 6 12 42 4 30 64 2 91 116 62 97 100 69 81 127 74 23 22 33 82 13 61 25 35 103 
72 52 102 94 96 13 117 106 121 44 93 11 0 97 28 125 77 32 31 1 45 67 27 50 70 109 10 22 113 111 74 15 119 21 129 91 66 65 63 80 62 81 100 107 47 88 3 51 
73 128 13 36 93 29 43 103 79 38 85 40 49 78 130 2 58 125 62 84 42 32 102 74 28 20 19 115 77 12 50 67 41 75 107 1 46 129 17 21 121 64 55 83 
74 100 66 114 128 26 32 118 56 8 0 34 103 55 125 6 108 75 3 12 97 73 79 88 51 72 87 48 96 71 84 25 81 4 11 126 68 106 
75 124 127 114 6 87 66 61 4 93 49 116 78 39 56 128 74 106 42 90 11 109 1 60 73 120 44 88 69 35 18 21 91 
76 3 11 103 49 13 56 41 43 59 111 60 20 52 54 14 4 69 44 120 15 116 12 38 66 22 130 86 68 80 113 92 101 53 82 122 5 108 24 77 
77 111 59 103 34 71 88 6 50 90 72 2 38 118 4 89 57 98 107 8 67 64 100 7 106 3 110 28 51 21 96 73 65 12 84 45 31 86 30 124 76 42 94 
78 95 130 73 53 122 84 94 29 35 46 75 114 68 127 39 60 20 57 70 85 111 89 126 92 107 41 67 37 49 33 45 112 
79 18 32 36 83 73 27 86 123 108 15 68 110 61 54 55 37 127 90 44 89 119 116 34 69 74 98 0 120 29 87 103 130 104 51 3 96 6 7 48 114 59 118 38 13 
80 109 69 96 59 23 101 10 120 26 28 22 61 24 99 55 49 3 63 111 104 86 45 4 128 25 106 42 105 58 50 76 13 8 102 72 98 118 64 31 97 117 112 54 60 41 
81 57 89 14 126 47 36 113 103 98 3 13 50 41 130 28 125 55 118 66 120 110 9 34 5 38 122 72 21 69 71 92 40 6 74 46 8 18 97 
82 40 6 1 43 105 99 57 10 84 126 112 62 45 36 121 33 69 94 44 127 46 22 107 104 89 70 83 35 32 4 114 101 76 71 102 
83 128 8 106 31 39 79 66 48 127 107 14 111 119 18 69 70 97 51 102 26 129 29 20 82 84 21 5 10 28 122 56 93 55 50 73 
84 88 58 49 70 60 89 122 59 82 67 78 57 24 127 90 12 30 123 73 14 53 103 19 33 117 129 23 120 3 50 62 83 93 77 124 37 74 21 102 22 118 7 55 111 40 41 
85 59 20 18 90 40 91 73 106 43 117 15 31 127 3 6 58 124 34 19 30 47 8 122 86 17 115 48 78 67 64 37 62 1 103 29 7 41 38 105 32 
86 15 63 9 88 104 79 26 58 90 40 45 51 25 7 8 128 94 85 10 2 80 48 56 108 76 17 116 4 30 60 21 55 89 113 12 77 93 36 42 
87 0 122 103 75 121 36 114 67 23 5 102 127 31 7 28 128 107 65 113 115 55 3 93 109 74 110 79 24 66 19 64 56 48 
88 84 91 97 24 3 111 26 100 77 1 86 58 71 107 31 29 22 35 110 113 69 64 37 36 52 123 114 129 61 74 124 41 20 34 30 94 121 112 63 55 72 33 75 47 128 46 96 15 2 
89 62 81 25 95 28 44 84 45 64 12 50 126 110 39 77 38 43 69 108 79 111 23 100 121 78 1 15 93 26 57 48 82 104 54 46 60 70 56 86 32 7 96 35 
90 122 18 85 62 107 51 77 58 84 60 55 106 86 16 110 99 79 118 75 108 53 27 4 64 0 116 130 111 23 120 124 
91 88 120 47 1 85 35 50 114 96 56 103 57 21 59 45 9 51 14 61 4 11 28 68 72 71 0 53 60 27 98 75 121 65 
92 19 103 97 30 15 33 37 116 124 39 6 22 7 68 78 47 58 108 59 76 64 121 110 27 81 62 96 3 114 31 118 111 69 
93 46 73 123 12 70 72 112 129 62 23 119 96 60 68 63 1 75 111 14 10 50 107 43 35 27 87 47 116 89 44 84 2 127 110 8 86 83 
94 64 47 72 45 71 10 59 99 78 17 33 58 104 44 62 98 103 118 52 121 29 82 126 86 34 49 101 60 24 1 28 107 88 106 65 105 102 77 35 
95 108 89 78 97 111 13 130 125 68 122 39 27 26 59 112 128 42 113 104 101 61 30 62 11 18 45 32 116 28 117 23 99 6 46 41 
96 52 80 72 6 116 60 32 97 13 64 124 130 65 59 93 91 26 53 34 18 45 24 70 62 108 46 2 102 30 126 61 41 20 77 74 79 39 92 42 23 89 88 112 
97 88 33 112 66 20 9 60 92 95 96 72 1 49 29 51 61 118 70 41 83 18 36 104 67 128 74 21 59 0 57 44 71 31 125 102 80 34 40 43 81 
98 14 81 33 47 52 94 42 118 23 77 12 25 6 119 49 15 79 122 41 101 103 126 2 20 38 80 120 1 130 112 106 26 37 91 117 104 
99 117 57 40 13 82 17 33 94 120 9 115 20 50 43 34 125 45 49 80 90 44 6 61 59 102 47 65 60 14 123 70 104 39 95 25 105 7 42 
100 74 88 110 53 124 10 43 119 128 45 34 25 126 37 1 108 77 120 69 21 127 57 63 89 55 13 7 104 9 0 102 71 46 2 52 72 103 114 41 112 48 4 61 116 115 6 123 
101 57 23 80 119 37 41 12 105 53 13 20 62 6 11 70 94 5 27 95 98 36 76 38 108 82 
102 72 16 43 14 105 47 71 128 24 103 87 116 13 8 42 53 11 39 44 96 124 46 73 83 99 49 100 80 109 29 123 33 97 84 82 94 20 
103 77 76 68 87 73 92 113 54 81 2 49 3 74 106 117 94 91 69 102 124 23 33 84 34 60 59 104 98 20 120 79 100 44 85 116 14 66 71 61 57 10 
104 15 24 18 27 128 126 86 69 130 94 34 122 50 3 97 5 80 52 114 22 95 1 103 100 58 82 89 10 111 35 59 79 56 129 67 99 25 4 64 98 63 
105 57 35 106 82 102 9 19 53 51 111 28 56 60 114 14 123 101 11 63 18 25 129 4 12 115 49 26 124 121 80 5 67 38 46 94 15 99 85 0 
106 60 83 105 11 72 71 85 3 17 107 103 34 90 28 50 126 75 77 21 62 57 128 54 80 39 13 14 7 94 98 41 58 5 55 74 
107 24 61 48 70 90 20 1 52 106 88 6 35 83 17 39 121 77 5 59 87 10 9 69 123 93 111 56 129 46 7 122 124 78 0 82 117 94 72 21 40 73 57 66 
108 70 32 40 24 95 16 39 65 44 63 117 79 36 74 100 26 129 89 96 120 10 8 59 90 125 86 126 92 43 0 1 18 111 130 101 46 56 76 
109 58 80 66 63 69 116 11 0 23 36 8 112 126 10 19 114 52 115 47 32 70 72 4 62 35 29 64 87 75 18 38 122 102 30 41 49 65 33 123 13 12 
110 123 11 130 100 37 52 125 14 47 115 79 89 22 88 13 49 5 90 67 0 122 2 15 29 81 77 25 124 87 92 119 17 116 93 41 19 16 
111 19 117 77 18 53 88 24 35 30 95 76 60 33 116 105 123 83 93 42 112 44 89 107 80 17 0 48 78 72 63 50 122 121 54 21 43 52 61 104 108 90 20 125 37 3 92 84 
112 61 49 130 97 109 93 29 82 24 71 8 11 113 95 111 19 63 4 88 98 100 52 56 32 80 34 78 129 51 96 128 35 
113 36 55 29 43 45 81 103 122 41 28 18 1 88 118 112 10 57 95 72 87 51 56 0 76 24 130 22 86 9 31 30 123 17 
114 56 74 44 75 71 18 68 119 28 46 43 116 91 87 109 105 21 13 2 78 22 55 66 88 35 10 104 19 124 118 130 53 69 12 64 82 50 30 100 70 49 57 79 9 92 115 7 
115 47 21 41 32 123 53 66 99 29 110 15 119 57 1 109 35 40 85 87 105 68 36 73 0 62 130 121 65 60 6 100 114 52 
116 127 109 120 96 16 129 3 111 5 114 92 66 69 44 102 75 125 25 118 49 79 46 17 76 93 31 55 58 19 86 71 36 2 117 110 14 61 95 90 103 100 38 
117 111 122 99 0 17 72 85 53 108 43 121 10 103 123 44 25 52 49 59 84 28 107 67 64 56 116 5 95 19 66 80 98 30 126 
118 49 47 120 70 74 48 19 16 9 66 77 41 94 98 28 97 29 116 113 1 81 90 129 119 10 114 130 25 80 34 55 84 79 92 38 
119 12 3 39 129 101 114 65 93 62 100 115 54 53 19 4 83 9 98 79 121 70 2 118 72 38 128 15 110 24 30 1 130 48 32 
120 91 116 66 56 49 118 99 80 32 19 8 15 6 123 76 100 108 81 9 0 41 25 7 84 13 79 11 2 47 103 59 20 98 3 75 22 90 
121 15 124 70 72 22 69 87 71 128 117 6 82 62 107 94 66 53 31 46 119 39 1 89 18 126 111 20 129 64 105 37 92 115 29 88 27 40 17 26 73 91 36 
122 70 117 30 41 90 52 87 53 129 84 29 78 46 1 56 104 22 113 47 95 85 48 26 110 31 57 107 59 128 111 98 33 109 125 81 5 124 18 76 60 83 2 
123 48 110 93 33 61 27 115 53 67 7 79 58 47 117 70 84 120 105 111 124 34 38 107 32 88 36 21 52 15 45 129 22 99 102 8 17 62 55 109 12 113 54 100 26 
124 19 121 75 128 53 130 60 37 96 16 4 100 13 27 85 92 103 123 28 47 102 30 36 114 88 107 105 110 56 17 18 50 122 54 49 84 57 77 22 90 
125 13 22 51 60 39 40 34 64 110 10 72 47 95 27 74 62 99 73 116 55 81 16 54 65 28 49 29 42 41 108 4 61 122 2 11 127 15 97 58 111 19 26 53 
126 16 13 49 81 33 7 109 3 82 129 104 32 89 62 100 106 45 48 94 31 96 67 121 78 51 108 98 56 34 127 74 38 117 
127 116 5 39 57 53 75 24 85 83 21 84 8 87 65 48 1 70 7 20 79 69 45 78 56 15 100 40 36 62 82 17 66 12 68 25 3 43 23 35 60 125 50 26 71 93 126 22 54 
128 73 34 83 124 25 74 59 71 104 121 63 53 3 19 102 100 14 10 32 41 87 75 17 86 95 48 97 39 15 122 106 68 80 119 27 66 56 6 38 88 2 112 
129 56 10 122 63 93 126 119 36 116 67 9 23 108 18 61 15 27 33 4 105 118 107 88 84 70 83 51 121 72 123 65 37 13 1 17 104 73 38 112 
130 124 112 110 45 23 15 78 96 73 104 95 0 6 81 46 32 59 47 54 19 114 67 76 118 65 22 113 34 62 115 108 13 79 39 98 90 38 119 43 18 9 
