0 98 138 25 40 3 106 84 97 99 77 112 10 107 15 88 64 36 104 24 13 39 79 86 144 2 53 45 6 90 109 63 12 95 8 46 85 37 110 67 118 74 143 82 51 22 141 1 4 78 29 41 108 121 21 80 59 65 69 122 103 32 71 20 30 75 50 130 66 146 23 111 26 56 54 9 116 94 115 14 19 58 62 134 91 68 137 96 135 7 93 5 44 113 57 125 47 18 31 139 43 101 127 83 28 70 61 145 52 81 60 131 73 16 133 
1 117 64 106 43 29 21 28 44 34 2 77 116 60 91 74 22 7 27 5 144 78 81 20 15 65 56 120 79 57 146 73 114 100 122 84 125 0 108 89 145 51 39 140 88 10 18 71 12 14 97 141 67 33 42 85 103 127 137 126 101 49 129 138 46 72 31 109 36 53 3 136 11 113 118 59 9 90 92 13 131 16 58 40 6 45 38 111 50 87 70 48 115 30 110 26 25 62 99 93 63 121 105 54 96 123 83 124 133 76 68 66 
2 84 29 110 115 50 78 1 47 132 5 11 40 20 25 72 42 145 18 34 140 0 46 65 27 100 68 64 133 86 96 63 17 23 62 10 102 53 14 73 141 16 69 116 71 135 112 57 89 4 3 30 51 60 80 118 15 61 49 7 76 94 21 74 36 85 83 126 101 109 113 9 95 137 136 59 111 107 99 70 92 38 44 106 87 81 122 13 24 124 56 35 130 91 28 8 119 77 146 143 79 43 104 98 75 131 121 55 88 19 117 108 22 90 142 41 105 33 12 
3 45 123 129 31 15 0 116 77 136 95 65 93 143 91 108 141 107 8 48 53 119 115 32 66 28 114 63 5 50 7 23 57 58 62 38 127 55 54 19 73 132 146 10 51 83 13 89 46 59 41 113 67 98 96 2 106 97 76 4 110 16 69 74 75 42 117 49 34 140 138 111 133 11 130 86 20 64 18 99 43 1 21 137 6 12 105 124 139 131 39 112 44 78 33 82 145 94 52 24 79 47 126 35 87 102 92 22 103 9 30 37 56 61 71 
4 118 8 16 82 91 134 104 120 58 96 112 37 13 70 68 124 21 119 40 30 63 52 60 39 116 131 115 92 146 22 142 0 15 24 122 79 26 9 45 126 123 55 114 50 105 2 121 51 3 34 56 139 25 47 132 49 78 64 95 99 83 108 100 12 75 135 35 5 46 97 61 106 17 72 136 67 125 74 130 145 73 32 41 23 140 87 6 143 28 7 90 98 111 110 65 109 44 43 11 86 137 128 71 77 101 93 53 69 59 
5 83 40 111 77 91 101 57 123 112 82 47 76 34 106 2 84 131 25 1 51 116 37 117 95 3 63 108 6 86 59 97 69 71 107 124 78 102 64 90 60 121 110 65 140 55 135 41 92 13 19 43 21 98 17 46 132 89 72 45 31 96 7 70 28 142 4 119 143 24 32 12 136 20 145 73 80 109 29 99 0 146 48 128 33 9 139 58 15 52 94 49 27 75 138 38 88 85 144 35 105 56 42 8 62 122 134 
6 73 79 28 29 49 129 125 121 137 140 82 83 111 35 55 16 87 32 123 136 17 24 86 130 41 39 30 0 15 61 58 25 144 106 5 71 117 81 75 126 52 127 44 122 43 67 109 102 77 95 10 14 138 60 145 31 96 37 85 21 33 128 115 47 141 90 27 20 78 34 65 62 74 70 94 48 3 53 105 104 51 45 68 110 84 46 133 1 4 54 113 93 13 103 101 64 8 66 132 22 120 99 100 59 36 40 118 69 
7 124 27 23 112 92 51 70 85 111 99 72 49 133 53 1 36 146 40 119 11 66 103 41 17 138 3 35 21 141 95 122 115 94 34 108 46 104 26 10 143 117 105 98 16 93 116 142 110 61 79 29 106 123 88 2 12 13 139 128 137 132 69 83 32 5 43 9 144 84 65 80 75 82 63 101 30 25 44 120 134 130 54 140 113 121 125 135 64 77 90 0 131 76 4 127 102 78 14 19 67 145 57 74 129 55 52 100 37 48 8 89 38 97 22 
8 83 4 128 47 135 59 28 110 96 36 66 143 131 3 87 20 38 98 49 50 82 58 107 46 113 71 78 0 142 70 124 31 79 139 88 112 45 119 105 21 35 127 86 97 81 146 18 74 103 141 93 54 137 67 132 104 133 37 32 94 145 91 116 55 23 64 108 24 144 9 12 48 92 56 26 134 30 109 52 42 117 62 39 126 33 125 102 129 114 60 15 85 11 61 2 138 19 73 63 10 68 6 111 16 77 89 53 27 118 34 29 140 76 7 100 115 5 80 65 130 44 
9 128 64 137 112 73 66 115 44 56 48 94 63 103 34 78 60 69 142 32 89 104 122 71 117 41 54 76 27 17 108 132 107 33 43 93 26 18 86 123 24 51 67 30 39 12 59 4 109 111 95 135 36 145 113 80 23 11 129 50 102 87 37 35 138 119 14 84 8 57 40 106 2 126 74 133 114 7 70 15 62 0 45 58 92 28 127 1 42 52 75 120 77 83 53 99 139 5 85 38 21 13 131 116 100 141 82 124 110 88 68 46 125 97 31 47 130 134 3 118 29 105 20 101 
10 114 56 55 102 17 64 88 83 109 120 143 62 28 68 0 135 36 23 44 41 125 21 12 60 145 119 89 95 104 30 35 96 101 27 46 94 7 2 51 140 3 105 80 63 127 1 6 40 52 123 108 24 112 54 139 58 141 124 121 14 49 133 131 116 76 38 11 57 81 26 111 74 32 66 103 126 18 59 118 97 16 20 31 99 75 82 29 146 22 138 93 77 45 87 71 8 107 144 69 73 85 47 129 106 33 53 61 15 
11 108 73 144 78 42 84 115 85 83 113 102 128 2 66 57 53 36 56 93 76 34 69 7 131 105 22 101 50 104 75 141 43 146 100 82 68 92 90 135 94 14 64 35 125 58 98 143 70 9 80 79 119 106 18 133 132 40 27 122 15 138 145 111 32 142 81 12 19 37 10 3 51 16 49 124 134 33 89 87 31 97 117 1 46 17 55 41 139 112 116 21 77 8 61 59 74 129 120 86 121 47 4 95 109 137 28 140 107 67 39 20 
12 122 54 55 78 16 48 49 34 110 32 104 93 40 141 70 22 113 98 68 25 121 116 19 140 95 117 10 0 132 50 139 123 126 89 107 58 60 46 85 9 143 1 62 45 21 145 101 65 87 20 127 84 88 144 7 37 13 11 39 146 8 36 108 72 4 59 42 100 76 134 103 120 47 135 142 5 30 69 137 106 91 97 3 79 29 26 118 74 136 31 92 83 63 33 61 80 94 27 38 109 57 66 90 35 128 125 14 15 2 
13 61 32 16 103 91 82 86 24 128 139 141 93 54 96 66 115 46 38 69 89 43 0 4 40 28 74 59 18 124 121 20 101 23 60 135 88 48 106 3 71 83 14 118 79 22 42 33 5 130 58 146 134 110 34 39 50 45 49 15 7 12 25 75 117 44 65 35 36 116 87 17 95 143 47 78 2 112 1 142 109 30 27 72 127 107 70 57 56 123 105 125 6 9 37 102 126 144 68 140 81 131 85 120 99 64 133 31 29 55 137 122 41 26 19 
14 142 75 39 90 74 112 40 47 91 42 122 107 36 33 145 45 64 19 132 140 15 57 120 20 105 77 146 121 23 124 137 51 96 38 11 72 54 103 26 2 67 41 13 43 46 84 1 134 108 6 126 82 87 86 93 10 116 17 9 125 63 24 118 114 131 136 52 66 104 59 68 69 133 81 80 111 0 18 95 49 144 129 21 31 76 101 7 127 79 25 130 123 35 115 85 22 65 56 94 12 58 28 37 83 
15 138 64 146 29 3 78 143 30 0 129 127 100 40 57 6 94 49 103 1 54 22 116 27 92 139 14 122 42 113 118 114 46 117 132 82 60 68 4 53 71 99 38 112 121 93 76 115 144 35 109 105 98 89 126 45 79 69 102 11 81 2 13 56 141 135 97 123 120 72 19 36 9 73 80 85 77 134 47 74 43 140 61 50 44 133 26 87 59 8 34 111 67 31 125 101 86 63 5 83 62 17 128 51 90 39 88 136 75 23 130 48 108 28 96 10 18 12 
16 13 135 12 102 4 103 75 125 49 134 87 108 67 52 144 6 90 123 34 24 137 82 48 79 139 138 50 136 39 68 94 81 104 66 22 53 122 133 2 7 105 73 57 32 43 88 111 3 29 126 70 100 27 21 114 119 19 77 101 25 91 140 84 112 106 89 92 146 116 11 141 17 35 60 113 51 10 23 28 31 42 74 1 65 86 26 120 85 45 54 18 127 132 8 130 131 40 107 97 98 118 76 145 124 46 38 69 110 72 30 143 20 33 0 
17 110 131 23 10 96 63 130 41 44 140 137 54 80 36 66 112 47 24 6 39 40 37 125 78 7 35 90 83 135 133 19 95 21 52 68 57 61 9 32 139 122 82 109 85 103 117 2 111 92 136 119 120 62 79 144 26 128 51 75 43 67 106 31 100 64 101 46 94 55 77 123 5 14 56 59 27 34 105 20 16 113 60 13 4 102 97 124 11 99 70 86 143 42 142 107 45 76 134 91 15 69 50 88 38 89 145 129 73 48 116 121 25 
18 69 78 116 47 107 37 88 90 48 36 121 56 84 123 2 118 77 136 13 71 108 91 26 83 41 93 65 9 81 72 80 122 8 106 70 128 114 60 59 1 29 67 134 51 139 137 19 39 11 133 50 22 45 54 33 32 135 23 142 57 61 105 3 129 126 10 24 143 53 97 127 14 119 117 31 125 62 144 73 28 34 130 146 85 0 27 16 79 68 94 95 86 44 21 96 25 76 103 140 138 102 101 145 15 87 55 113 
19 72 107 134 42 120 111 35 43 99 70 38 84 59 81 80 12 57 138 113 78 128 125 67 133 14 64 79 17 96 21 140 27 101 26 48 56 3 94 146 66 112 44 114 47 34 52 60 50 135 103 54 65 74 117 93 18 116 86 5 136 106 77 131 141 22 16 63 132 11 95 33 68 143 30 49 73 15 82 118 102 122 0 87 25 75 145 129 32 45 24 83 115 109 8 98 126 36 71 28 7 55 124 20 2 40 142 58 130 69 37 51 62 91 121 13 89 61 
20 66 110 35 50 101 43 99 106 136 89 26 124 25 61 88 122 127 133 8 2 91 131 37 39 71 1 128 40 78 68 143 51 14 54 74 42 81 13 60 95 32 80 107 84 113 111 22 48 49 96 86 46 114 24 130 129 77 44 63 12 0 142 93 72 45 36 17 125 3 6 67 47 59 10 38 5 115 132 30 138 55 82 118 102 144 65 90 29 28 109 121 27 23 85 119 120 41 75 19 21 141 123 105 112 62 94 92 16 108 57 83 9 87 137 11 
21 43 124 91 35 106 1 33 140 105 98 26 144 68 67 108 73 75 37 137 119 131 44 93 58 138 64 79 57 4 10 123 27 30 7 92 17 36 19 100 115 89 88 81 56 22 8 38 83 49 134 0 63 28 101 12 129 45 86 5 110 16 40 6 69 2 142 82 95 47 46 76 32 118 113 60 65 111 94 143 3 55 139 84 90 103 11 117 42 31 23 99 62 74 102 41 9 141 14 80 54 97 128 126 114 146 130 18 77 66 20 61 53 50 96 48 71 34 133 
22 139 121 123 43 143 120 27 32 58 133 138 87 12 28 103 29 1 68 45 113 91 11 144 69 141 15 129 82 23 97 57 136 0 112 4 80 21 50 46 49 16 130 90 119 20 37 26 79 83 111 13 100 59 110 53 61 18 19 105 114 33 132 36 86 54 137 64 122 42 34 40 31 117 108 98 127 101 66 60 77 74 48 35 10 38 99 94 62 71 41 88 78 145 109 146 93 76 24 6 75 2 3 14 128 134 102 126 115 131 65 67 56 7 
23 135 73 51 17 59 7 112 89 133 86 72 43 46 68 52 143 79 97 40 27 10 30 29 58 54 93 121 33 3 28 102 22 14 134 13 64 25 2 91 67 42 94 98 126 128 9 119 110 137 111 57 113 74 127 87 84 96 78 8 39 61 118 104 48 50 144 90 18 0 75 45 82 44 122 138 120 16 124 145 140 4 56 66 21 32 36 71 101 81 63 53 106 103 34 20 76 132 80 142 85 31 131 83 108 116 88 35 26 15 41 115 109 105 123 37 49 62 
24 92 77 126 63 45 114 87 13 82 88 67 55 43 31 27 68 142 17 16 6 0 99 105 83 134 58 112 47 29 101 78 9 115 4 111 137 85 50 59 123 48 64 65 20 10 26 119 93 57 138 95 94 69 8 40 96 49 14 133 76 146 106 103 107 124 52 139 5 74 60 129 90 18 80 118 2 44 25 113 19 104 72 3 143 28 30 71 117 130 22 97 61 110 53 121 54 136 36 128 37 81 
25 39 27 73 59 28 74 0 120 32 20 110 79 143 38 75 65 2 5 91 12 142 127 114 116 56 144 125 6 139 62 131 36 121 82 95 136 34 103 109 52 80 60 124 23 61 101 93 107 51 98 135 67 48 122 102 4 33 113 58 13 16 57 106 99 88 42 134 70 105 55 86 46 104 132 7 68 19 85 83 29 49 112 117 24 145 44 130 96 126 1 77 71 14 100 97 76 129 18 89 141 133 146 138 123 41 17 
26 84 124 125 20 63 129 21 75 58 27 81 77 109 90 117 141 39 38 33 97 112 91 85 18 43 103 46 31 101 19 49 48 53 123 61 47 55 9 106 7 57 74 35 4 34 17 14 79 132 22 139 52 96 64 37 65 59 66 24 137 107 93 28 95 111 138 8 130 50 10 32 42 0 51 30 73 140 44 144 15 119 40 69 110 128 82 142 12 86 16 71 80 83 89 1 122 72 102 54 98 134 76 146 135 99 36 121 29 133 127 23 67 108 13 94 
27 25 74 93 7 115 54 22 92 61 26 107 98 24 46 75 23 139 1 103 81 135 140 85 41 2 21 15 76 31 9 38 19 101 10 137 123 125 58 44 65 126 66 118 110 47 64 136 130 82 84 96 11 108 36 86 80 87 16 90 89 69 131 17 6 132 79 104 114 35 83 120 67 39 56 129 122 57 99 13 70 109 77 105 63 18 102 20 97 5 71 40 51 12 8 134 68 94 50 88 100 95 42 112 78 29 43 45 
28 96 103 25 6 124 1 143 135 81 8 35 10 59 71 101 116 53 22 140 134 78 3 13 43 68 73 46 33 98 58 69 23 36 115 133 44 38 74 99 29 112 76 131 102 42 97 107 40 85 21 108 136 88 65 55 31 34 56 26 146 141 86 90 129 127 5 49 37 45 137 89 52 50 9 16 111 79 63 84 64 18 122 100 128 41 92 4 120 126 2 142 87 20 67 48 24 19 66 11 82 0 39 95 144 15 14 110 80 
29 2 90 39 77 15 6 134 1 114 96 111 140 85 64 22 37 23 113 101 40 52 127 102 72 92 118 30 123 36 24 139 58 120 108 28 0 137 106 71 133 66 112 18 75 84 7 138 54 94 48 16 103 88 79 91 68 41 99 38 55 87 142 62 130 135 78 117 143 34 105 25 82 126 5 12 10 50 144 61 20 74 69 45 95 136 67 129 63 60 98 110 121 35 8 76 26 89 116 51 70 100 13 27 9 
30 96 46 99 133 116 132 142 123 35 95 113 74 107 15 146 129 126 124 23 75 137 69 60 119 6 85 4 21 82 29 84 118 10 76 117 83 89 64 71 81 101 9 58 143 112 42 56 31 45 2 100 122 104 138 52 130 144 0 40 94 105 37 72 67 19 102 38 8 80 26 7 109 114 12 108 145 20 62 128 78 13 36 127 65 1 92 115 24 93 33 68 131 55 106 50 125 48 41 121 43 3 97 110 16 111 70 91 
31 124 3 54 146 68 46 119 43 35 24 32 82 45 111 38 142 62 107 71 89 85 95 27 8 26 133 58 135 41 110 39 96 47 112 140 65 113 125 77 56 17 126 102 44 30 93 55 40 139 73 101 42 78 94 6 131 129 28 115 104 116 79 138 53 86 134 48 34 1 5 105 97 11 91 22 10 84 141 63 16 67 52 75 18 74 70 21 109 15 60 90 12 0 14 72 64 118 69 23 66 114 122 88 9 130 13 57 33 99 50 145 136 
32 13 137 41 95 79 59 43 88 99 136 91 58 12 25 22 35 85 68 31 111 63 3 6 9 93 96 102 73 65 75 108 17 87 20 109 98 51 127 134 60 64 113 48 45 76 89 125 16 101 110 33 8 82 0 11 90 57 18 143 21 77 84 126 7 26 67 34 10 5 78 38 94 4 139 142 140 61 19 23 69 92 124 121 54 81 36 118 132 44 46 131 107 104 53 39 37 120 138 145 146 
33 121 67 140 53 66 21 99 145 109 82 76 49 85 129 138 81 122 14 75 69 26 35 28 124 59 97 23 44 114 137 113 39 141 9 58 45 46 102 42 96 143 65 134 130 142 98 101 78 131 13 146 1 123 115 32 92 89 25 107 22 68 6 18 80 19 57 132 43 51 11 127 133 87 8 41 100 103 88 70 50 74 3 83 61 5 126 71 90 34 110 30 12 48 117 38 111 118 10 31 16 2 60 
34 36 133 102 135 12 53 77 122 1 5 39 9 91 86 79 69 16 11 101 47 114 134 2 48 96 106 109 108 99 120 141 129 25 45 93 74 136 7 75 98 127 46 19 26 131 142 132 71 84 4 55 92 59 125 130 13 121 143 28 124 3 56 94 17 144 31 145 97 38 42 82 40 32 6 105 22 76 112 104 111 29 123 88 83 15 18 117 113 68 80 85 23 119 103 35 33 66 128 138 107 54 52 8 49 21 137 67 50 146 81 
35 97 20 135 21 129 28 122 139 30 32 19 6 31 83 145 65 116 142 120 68 114 52 33 17 46 7 92 137 10 41 85 98 74 105 69 64 95 8 73 110 26 146 11 91 115 55 36 15 106 90 130 136 43 9 59 72 78 123 57 144 109 71 103 63 13 143 66 4 16 61 27 138 60 102 56 51 2 100 131 70 22 94 99 89 47 34 125 3 54 113 79 76 132 14 101 29 40 80 5 12 88 23 87 44 140 38 104 
36 34 71 144 109 79 54 106 143 70 98 8 17 18 110 48 68 11 39 92 10 65 0 7 14 107 49 72 73 52 127 38 132 75 140 25 28 29 21 115 131 60 136 125 119 116 124 86 67 40 130 9 35 62 85 37 91 27 100 113 58 95 103 90 63 2 138 12 45 146 97 22 20 53 13 42 126 15 1 64 99 44 51 128 47 137 23 135 77 30 108 142 19 32 82 139 117 121 26 112 134 81 118 57 93 24 133 6 87 89 
37 79 53 142 100 89 18 55 67 70 69 74 47 95 21 4 141 64 29 52 17 101 73 20 49 5 56 84 103 91 58 0 39 134 38 44 97 57 143 109 41 116 88 138 22 83 133 87 118 94 26 85 111 76 8 36 40 117 136 139 9 146 59 108 114 120 6 12 107 75 72 42 124 30 11 137 45 119 96 28 132 106 122 80 110 104 140 62 90 128 78 144 131 13 121 127 112 92 7 130 3 61 98 99 19 65 32 24 23 14 125 
38 116 122 55 119 62 57 61 129 59 81 53 134 19 25 144 97 8 13 146 75 54 136 26 106 31 104 56 36 145 71 95 65 27 100 37 3 60 70 132 28 88 66 115 63 51 45 14 21 103 15 85 39 125 46 42 113 89 99 41 137 128 94 139 10 121 30 80 29 34 87 48 2 110 101 20 58 32 79 47 92 44 1 102 72 22 9 90 91 12 111 5 33 126 17 105 143 123 16 7 114 131 69 35 
39 25 118 64 89 91 29 142 117 14 51 87 130 61 82 34 141 114 143 83 69 36 17 26 139 0 20 122 68 145 6 37 4 59 16 105 33 65 144 63 31 108 9 123 88 1 103 146 38 102 112 109 18 50 121 104 85 48 13 53 23 60 40 12 111 129 81 128 136 8 27 137 79 101 131 3 94 43 56 90 127 45 73 107 41 124 77 106 97 113 96 140 15 58 84 55 28 100 32 93 74 11 
40 5 62 140 135 0 114 87 113 74 14 12 2 23 88 111 64 120 99 67 57 7 17 73 63 13 68 15 122 126 81 82 51 4 29 20 115 105 130 70 49 54 78 56 125 65 109 134 89 103 110 143 102 80 46 43 36 100 101 128 94 28 10 108 95 76 31 59 69 71 98 37 97 11 117 141 21 24 39 30 9 104 123 34 86 124 22 85 136 26 1 131 106 92 72 48 96 53 77 42 61 75 133 52 145 112 132 129 27 66 83 118 19 16 35 6 137 
41 32 87 50 135 103 64 141 17 73 58 71 109 45 143 42 144 59 97 123 90 114 85 93 65 10 7 6 107 121 124 27 128 140 117 9 100 112 94 18 133 35 31 37 82 0 14 130 104 3 63 106 101 5 136 46 122 69 38 78 138 125 98 142 80 139 72 53 52 29 113 74 88 44 43 33 68 11 66 4 110 57 118 137 84 28 120 99 55 115 21 89 75 39 22 61 126 91 127 105 108 116 102 146 20 67 76 60 30 132 134 2 23 13 25 92 86 
42 123 11 100 114 19 54 116 104 41 14 136 58 122 2 97 47 65 15 20 78 128 94 142 33 130 56 23 28 30 49 134 83 13 95 38 1 51 101 69 71 31 66 82 3 140 76 86 52 37 12 62 146 36 80 25 108 26 85 99 34 127 53 8 63 79 121 22 98 59 50 9 57 118 102 16 17 105 43 103 21 133 40 75 107 45 125 92 129 110 112 77 109 124 120 135 64 144 44 27 55 84 5 106 
43 84 88 21 32 106 120 20 64 81 22 1 95 92 47 23 45 99 31 19 135 24 113 74 70 77 141 13 71 118 57 55 28 51 94 50 98 26 143 79 11 56 9 126 119 68 85 6 67 134 40 93 115 87 17 52 58 127 122 14 146 116 144 16 105 5 69 48 35 91 104 61 123 121 132 130 49 80 65 110 60 33 7 3 41 124 15 142 42 137 39 100 63 53 89 125 2 131 73 117 82 128 4 0 139 114 78 129 30 76 111 27 109 
44 113 131 84 75 122 17 1 126 9 140 94 21 67 70 120 101 97 10 102 141 107 77 74 117 121 33 78 37 28 48 124 56 118 96 87 144 19 6 76 123 27 143 51 79 82 54 111 31 135 81 58 50 110 130 137 83 93 146 20 90 65 114 69 142 13 55 72 108 46 53 23 86 66 105 41 62 49 45 36 112 2 26 7 133 15 98 103 71 88 132 24 115 38 3 0 125 128 25 95 136 4 47 73 139 18 32 57 52 109 91 42 35 92 116 8 59 
45 60 3 125 121 24 96 43 72 41 102 108 75 104 31 54 22 103 87 143 53 14 145 126 95 0 129 47 79 98 81 127 78 34 120 8 33 61 38 84 91 138 119 88 4 144 56 92 32 67 109 105 30 12 90 15 65 21 111 48 89 64 13 18 123 117 49 36 51 110 132 134 20 99 5 23 37 28 142 9 130 44 58 112 93 6 136 17 80 1 19 55 62 70 39 10 133 16 29 83 115 42 116 46 124 128 97 122 68 100 85 139 86 113 52 77 27 74 
46 138 30 99 54 146 106 137 51 31 23 133 65 128 114 13 27 79 89 98 119 2 141 8 78 87 28 35 72 0 117 127 91 26 135 50 136 10 60 126 15 12 47 105 97 7 33 107 22 85 34 40 130 142 3 68 118 14 20 38 41 139 17 144 5 1 103 21 120 121 71 145 44 109 4 56 25 59 110 115 113 96 11 75 116 123 81 6 112 88 104 108 124 102 84 111 100 45 9 58 32 93 77 16 52 94 62 129 63 66 
47 99 18 119 68 114 8 131 60 54 43 5 37 2 110 96 14 93 17 34 53 91 137 140 109 142 127 42 58 86 62 97 87 45 76 112 61 94 24 57 81 102 26 55 100 121 46 56 31 78 116 66 19 51 124 69 129 72 27 144 80 118 126 49 139 59 4 90 21 120 48 130 79 74 6 105 98 20 12 106 108 15 50 13 133 113 77 36 38 128 104 141 0 35 3 123 44 11 10 9 134 64 136 83 67 125 71 122 
48 80 108 12 82 71 100 18 103 91 9 138 141 72 65 36 3 114 57 34 73 68 116 49 16 135 98 127 77 115 117 76 26 19 44 143 58 85 13 142 107 113 20 53 86 32 24 128 126 118 60 59 81 25 106 110 29 43 39 45 121 129 23 64 78 54 55 8 47 31 52 144 101 112 50 105 38 92 109 139 61 6 56 51 145 140 88 62 40 122 22 5 102 1 75 93 134 124 28 89 33 95 96 30 125 132 7 21 15 17 130 
49 6 90 12 145 125 103 59 119 16 7 99 33 143 108 8 54 36 37 111 48 15 66 121 142 40 26 137 139 81 138 77 123 102 61 120 82 22 126 21 114 96 118 64 20 134 42 71 116 112 65 115 47 100 76 4 141 2 10 1 13 58 94 3 85 24 45 73 68 60 43 83 72 19 95 78 69 11 28 117 57 44 86 130 98 87 93 14 25 133 127 97 84 109 67 135 75 5 53 146 88 51 56 106 122 34 113 101 144 23 
50 106 20 41 2 74 139 68 73 72 86 63 8 100 115 92 111 3 62 120 11 12 126 138 98 43 16 77 54 87 95 66 96 46 124 129 76 22 113 59 52 97 104 19 24 4 88 140 89 79 44 9 143 39 53 70 18 13 71 109 0 23 137 26 107 60 69 133 48 80 55 51 131 82 28 47 118 42 142 15 144 108 33 1 83 117 57 110 29 67 136 84 130 56 101 65 17 30 99 64 27 21 61 91 102 114 119 105 31 141 34 75 134 
51 23 136 125 79 83 108 7 39 107 46 132 89 131 67 118 5 124 68 80 40 43 93 123 121 20 126 78 0 99 113 94 138 38 14 9 1 44 139 10 32 25 47 3 17 90 84 101 129 18 4 87 2 42 133 142 116 97 106 45 11 33 135 26 50 110 117 16 137 64 36 144 86 6 48 65 35 127 128 71 92 143 55 81 120 112 134 72 70 88 105 58 76 74 59 27 49 15 146 114 29 61 19 56 
52 92 116 130 103 58 89 73 83 142 53 129 145 110 133 23 16 111 119 37 84 107 36 104 35 112 29 76 114 4 17 138 56 64 127 6 25 137 102 70 50 108 19 26 43 123 68 63 85 79 10 93 124 139 106 30 88 134 132 42 48 41 69 80 135 95 117 14 24 8 66 90 65 28 141 9 77 31 128 99 67 118 126 120 100 3 140 40 55 5 101 109 44 144 34 86 7 122 91 78 82 71 46 45 97 113 0 57 146 115 
53 37 89 127 33 69 55 34 52 109 58 110 38 116 75 28 11 7 3 54 113 47 86 97 45 62 0 118 111 77 67 102 70 129 94 92 83 65 26 61 121 133 72 132 15 96 140 104 16 2 115 48 119 107 78 85 100 22 50 114 105 39 123 125 68 101 41 31 145 74 103 36 88 44 130 95 57 99 42 82 1 142 124 93 143 81 18 6 144 139 73 9 128 40 90 146 66 106 23 43 49 8 84 135 120 112 122 24 21 71 4 32 91 10 56 
54 93 12 143 68 95 31 111 46 27 101 36 47 42 17 59 13 66 53 104 89 62 63 145 38 45 49 23 107 115 15 50 9 136 20 56 40 67 146 85 78 3 91 88 92 71 14 128 19 126 44 105 8 10 130 132 134 133 29 109 125 142 102 18 119 48 144 22 81 139 123 74 0 116 103 60 99 97 83 7 114 87 61 6 86 110 100 69 135 84 118 96 32 106 58 57 113 26 16 21 73 75 35 34 1 80 55 141 127 24 137 112 82 94 
55 117 10 12 38 96 136 53 37 92 137 143 24 66 84 6 125 133 76 99 122 43 111 93 102 104 106 88 72 142 131 128 138 129 120 3 107 47 26 103 70 118 141 78 35 64 130 4 140 79 5 109 31 34 17 113 77 8 112 135 28 114 80 48 87 145 89 44 127 59 29 25 82 50 62 101 73 21 95 11 123 134 20 139 63 75 61 116 110 51 45 65 41 144 52 121 68 19 2 30 7 97 74 39 54 90 67 42 13 18 
56 10 77 70 115 76 93 104 9 84 18 106 11 71 135 141 25 38 120 37 94 78 1 96 114 79 64 54 100 103 137 52 19 40 91 43 21 44 47 42 92 31 45 75 138 109 73 30 95 122 144 128 4 89 123 59 124 34 28 126 15 17 63 97 90 133 8 111 142 0 46 60 102 143 65 98 35 48 27 107 23 130 2 118 99 39 85 136 13 80 69 50 61 67 58 72 49 110 57 86 87 14 145 105 127 5 66 3 51 22 53 
57 94 5 71 146 63 81 116 108 38 89 70 124 118 11 131 40 48 19 15 43 21 115 83 110 3 14 1 144 17 123 117 66 125 37 47 22 112 75 26 114 61 91 103 69 122 87 137 138 68 90 95 2 16 24 73 23 64 35 127 9 32 25 33 10 18 49 78 53 84 97 121 102 105 111 42 41 142 88 27 58 101 141 132 50 72 0 13 107 54 85 113 7 44 93 79 56 12 36 31 143 100 52 20 
58 87 52 139 97 105 95 32 73 41 66 53 26 117 4 22 128 123 63 103 135 42 21 79 132 145 146 23 75 8 91 47 6 115 93 37 28 3 24 110 108 88 127 102 31 100 118 12 29 107 33 48 84 27 68 30 65 43 11 74 61 44 134 125 13 10 71 120 36 49 138 25 141 92 124 104 133 45 67 9 0 38 137 94 114 60 101 144 126 1 85 112 96 57 140 129 59 82 99 51 54 5 130 80 56 121 46 39 19 14 64 
59 32 25 86 61 23 114 139 8 49 54 38 76 28 41 93 84 121 110 146 19 124 106 94 141 13 127 88 33 122 100 5 111 39 70 67 116 102 104 112 50 103 62 9 119 24 3 109 133 71 18 22 48 26 40 82 126 34 0 47 35 56 37 66 107 113 142 17 80 12 69 55 130 2 14 90 46 83 20 87 10 1 99 73 77 42 72 15 101 11 58 74 96 135 115 75 51 91 144 132 118 79 105 98 123 89 125 108 6 63 4 129 44 
60 105 45 71 68 47 137 114 108 113 78 81 1 90 9 123 62 30 82 122 10 101 4 115 75 36 38 120 125 128 20 99 46 12 13 96 94 84 15 5 25 64 138 133 19 93 129 32 76 63 103 132 18 48 2 6 146 121 85 39 110 70 49 43 50 130 117 21 17 56 16 126 139 54 24 144 124 35 58 112 73 116 8 95 22 31 89 127 134 98 87 79 145 119 29 141 66 41 109 91 80 104 0 33 
61 13 109 59 138 114 38 129 20 80 27 136 102 39 81 74 116 117 70 144 130 63 93 6 84 115 101 126 99 73 47 133 17 108 83 26 53 131 78 49 45 68 57 25 72 105 127 64 7 141 58 145 120 22 2 118 43 82 23 112 103 86 107 71 104 121 128 18 35 4 135 90 48 97 123 15 75 119 85 54 88 32 55 94 11 89 33 40 8 29 124 111 140 41 110 134 56 12 79 100 24 21 62 142 98 50 69 0 37 51 92 10 87 3 19 
62 40 38 92 10 87 82 142 106 105 129 54 81 60 73 80 115 53 50 31 125 47 25 3 130 84 143 137 99 98 144 136 2 126 59 109 68 17 121 36 100 83 12 111 74 117 114 133 93 42 77 70 95 29 97 91 65 132 6 55 9 44 8 140 64 102 0 127 79 18 30 48 63 21 37 72 120 145 45 22 108 138 78 15 1 139 116 119 104 88 110 123 61 20 122 128 113 19 46 5 23 
63 117 78 146 17 57 24 101 70 93 97 103 26 74 67 142 105 9 32 58 54 50 144 40 82 100 61 3 72 5 0 69 4 145 104 89 110 118 131 130 39 113 125 120 2 111 38 83 124 114 88 75 10 108 52 99 60 41 21 129 122 20 19 132 36 65 14 56 84 87 79 85 112 35 137 135 42 96 7 95 106 134 31 28 107 133 55 94 76 62 115 23 68 43 27 15 8 12 128 29 1 141 86 77 59 46 80 
64 15 39 71 10 9 1 110 43 41 66 146 97 99 29 37 40 72 0 21 14 19 2 101 56 124 113 121 86 115 131 133 117 52 135 78 35 30 23 5 80 60 122 108 11 102 49 32 55 76 26 61 88 24 27 87 103 17 93 69 109 70 4 8 57 45 104 48 77 139 90 75 22 118 3 120 91 114 100 36 67 62 73 127 51 119 68 28 7 132 79 130 83 111 142 31 6 106 81 50 137 47 42 13 128 126 112 58 94 
65 85 82 97 140 99 146 3 74 126 116 48 35 46 129 25 102 141 36 41 145 128 2 101 112 113 68 1 38 42 32 109 78 53 39 18 40 94 133 115 122 31 33 58 27 130 5 24 89 111 90 19 26 88 72 49 45 12 0 28 136 121 106 44 63 142 13 43 79 144 62 7 103 6 110 117 100 21 67 52 123 84 96 56 70 86 105 51 108 125 16 87 20 55 81 30 73 4 77 50 124 132 91 69 76 14 104 22 37 8 
66 20 84 33 64 87 9 58 8 106 117 79 55 17 54 11 13 118 122 68 146 3 100 7 102 83 89 49 143 97 145 101 50 136 115 90 112 57 78 111 107 81 38 139 114 19 16 74 120 127 47 93 130 27 29 109 26 86 133 42 116 73 59 110 0 103 88 96 69 71 91 35 85 132 14 67 108 44 94 72 52 77 10 121 124 99 98 80 41 142 125 138 23 22 53 123 129 34 6 28 31 40 60 21 70 113 12 82 140 92 56 46 1 
67 33 79 102 85 120 37 77 24 139 21 68 63 131 16 80 51 88 44 40 107 19 53 114 0 59 54 140 137 108 116 106 9 82 36 6 100 43 89 23 72 14 17 45 8 18 3 136 1 105 25 111 128 30 73 81 122 32 66 20 143 119 134 65 64 4 58 130 90 27 71 123 144 31 70 52 129 127 15 126 145 76 124 49 50 28 132 29 86 84 56 7 101 98 41 125 11 55 91 109 118 26 47 93 34 22 115 146 83 
68 60 54 47 125 31 109 86 128 120 21 10 67 142 75 133 122 23 32 112 50 36 146 119 24 66 117 12 22 48 40 51 35 39 115 4 28 20 126 2 87 85 98 65 130 144 78 17 16 140 79 70 129 134 11 95 43 15 61 58 62 121 52 46 57 80 141 123 118 69 100 76 33 53 72 49 19 145 29 114 111 74 135 104 14 25 71 41 0 64 93 6 92 102 105 34 63 106 132 77 99 8 55 18 137 30 27 9 13 45 82 94 108 124 1 81 
69 18 109 53 91 37 94 136 138 86 9 39 34 11 13 73 30 127 88 85 33 22 98 63 28 5 143 35 87 114 97 57 100 2 47 134 135 132 76 83 84 40 43 42 64 68 41 0 15 146 3 112 24 126 21 70 96 120 117 74 44 27 99 7 66 81 52 59 49 50 106 141 72 75 14 125 145 12 137 142 123 101 26 77 115 82 32 130 54 29 121 56 122 17 31 10 140 65 79 104 105 71 61 16 19 38 4 124 6 95 
70 56 96 72 108 63 37 7 36 103 138 128 84 57 71 110 130 12 19 109 43 44 61 4 141 113 123 143 111 40 53 92 8 59 38 97 68 55 73 52 88 137 80 95 18 11 146 142 74 127 99 81 64 16 50 78 89 114 69 60 106 5 9 25 62 85 122 139 2 79 125 6 17 98 91 83 65 67 33 119 31 126 115 82 35 27 13 51 144 1 45 140 107 133 124 66 77 0 135 29 102 120 94 132 30 
71 81 60 36 100 64 136 57 99 105 48 112 122 108 41 70 28 89 116 56 43 104 133 20 102 79 9 146 18 31 8 38 137 6 98 82 5 138 88 128 143 30 130 80 54 15 110 145 115 13 29 2 34 106 59 114 1 74 49 134 40 42 58 0 50 61 35 121 46 66 86 78 124 117 132 127 131 111 126 68 67 83 44 90 101 51 125 144 26 23 96 139 33 22 142 25 10 19 24 27 72 92 4 91 69 118 52 21 53 135 120 47 3 
72 19 125 141 87 85 82 70 23 83 145 143 117 7 121 115 45 48 100 88 50 64 2 36 81 131 63 119 99 80 29 46 55 122 140 112 129 76 133 136 53 98 18 138 14 107 61 89 67 47 105 65 79 124 90 111 116 35 20 37 41 68 1 12 30 5 74 49 44 110 106 15 96 69 66 4 109 59 104 135 132 40 13 38 62 51 57 24 97 26 127 77 31 108 101 130 144 56 71 95 78 126 16 146 128 103 
73 23 6 11 25 90 52 92 41 82 58 9 21 88 146 50 87 74 76 69 48 40 62 37 109 81 36 107 111 28 141 102 140 121 61 1 80 145 85 117 32 125 124 3 70 143 35 133 2 128 115 16 94 56 96 31 130 57 119 66 93 77 84 98 49 114 67 19 103 100 15 86 126 113 26 112 135 64 55 131 123 59 118 60 4 142 18 5 53 105 127 39 8 138 65 78 43 101 44 54 10 139 17 0 
74 76 103 129 27 25 14 37 141 63 40 65 50 92 30 61 43 1 143 73 13 96 101 90 102 120 146 44 75 78 0 20 113 119 121 28 35 34 66 133 26 140 139 136 8 58 86 71 127 128 19 70 85 100 62 122 23 3 123 2 69 126 82 72 53 47 9 83 68 10 54 41 135 116 6 24 106 117 15 124 4 16 31 33 22 59 21 12 80 11 29 99 125 51 89 118 79 138 108 7 55 142 95 97 39 45 
75 104 14 142 115 44 16 87 26 121 68 21 53 25 119 27 38 45 58 30 116 113 33 118 101 138 74 36 11 143 6 60 32 96 123 34 80 57 144 132 17 63 135 56 131 89 78 127 29 81 100 86 3 133 146 134 0 37 141 114 13 76 64 4 23 85 122 69 7 46 125 88 19 98 61 129 31 9 128 10 55 95 42 130 137 107 48 41 40 59 49 2 106 83 54 97 20 5 22 145 117 15 111 77 103 120 50 140 
76 74 56 140 131 5 116 59 137 33 133 11 55 145 73 142 105 84 130 52 27 122 9 78 93 47 96 48 30 94 72 50 44 97 114 86 28 144 60 15 89 101 126 64 32 90 69 138 37 40 3 146 49 77 132 68 2 95 42 124 10 104 92 75 21 24 87 111 12 134 103 143 34 108 110 136 107 63 127 17 7 123 80 67 141 51 115 118 14 23 99 26 119 22 100 35 25 121 41 16 29 65 18 8 43 1 
77 5 24 56 29 114 137 118 146 3 67 34 1 0 99 103 26 43 110 119 109 104 98 18 92 82 83 102 53 44 50 141 48 126 14 121 95 122 49 107 91 31 116 6 78 124 142 125 76 20 96 55 136 19 17 90 73 140 100 16 64 32 62 128 66 15 145 135 79 59 123 52 112 47 105 9 69 85 7 138 11 22 40 36 111 10 2 27 68 25 72 39 80 130 65 8 21 42 132 70 120 46 4 75 63 45 
78 124 63 18 11 91 12 100 87 2 130 60 15 136 79 97 9 115 95 143 104 28 1 108 17 19 46 81 20 8 56 74 76 84 68 93 51 44 132 66 45 40 65 54 42 64 142 61 5 0 24 99 128 47 55 133 122 92 53 77 144 33 75 103 31 4 23 70 35 41 145 48 112 135 49 71 139 57 6 90 82 141 125 86 32 88 29 13 30 3 101 117 131 37 126 146 62 73 83 22 7 113 102 43 98 120 111 72 52 118 27 106 138 
79 37 81 98 32 6 103 51 67 36 104 25 66 78 23 34 46 115 58 0 21 88 71 80 124 16 109 92 142 19 122 126 45 1 114 56 43 8 133 68 111 107 4 17 44 26 22 87 55 13 112 52 144 7 132 11 50 72 15 29 31 138 47 63 110 65 145 106 141 128 27 42 70 77 143 39 38 28 12 95 62 105 94 118 83 101 117 135 64 3 2 136 90 60 74 18 14 61 59 137 89 35 57 102 85 130 69 97 84 119 93 125 131 
80 140 48 122 131 130 17 110 61 83 129 67 100 88 105 136 19 62 95 139 51 113 79 72 132 107 73 119 98 114 144 99 22 20 75 25 71 127 64 18 97 40 90 138 10 93 70 9 68 47 11 126 0 2 27 85 143 41 33 116 55 43 59 52 38 42 118 128 135 30 50 15 7 14 84 37 24 66 5 101 112 45 76 74 26 56 34 96 21 77 94 82 23 111 104 58 12 134 108 54 35 124 133 60 8 28 63 86 117 146 
81 135 71 79 124 88 57 43 105 28 38 87 61 60 26 91 62 103 111 19 33 73 98 27 1 145 72 40 107 78 110 6 45 109 20 47 66 16 83 49 21 30 18 138 8 115 92 102 48 44 130 75 104 70 15 96 101 11 126 143 95 131 69 54 10 67 39 114 84 14 82 2 53 46 117 85 51 139 23 65 89 32 99 119 86 122 64 13 36 125 146 100 121 108 0 34 24 68 93 
82 65 139 141 13 86 72 120 5 134 48 24 73 6 4 127 33 140 62 39 136 102 31 103 135 125 8 84 63 16 60 77 40 101 30 97 22 71 25 0 131 123 11 92 95 17 112 15 41 49 130 67 87 44 115 118 142 113 98 59 14 27 119 83 32 146 94 137 42 61 129 21 74 99 23 19 34 88 55 85 53 7 78 50 81 29 143 26 20 10 69 70 138 3 58 124 128 109 43 80 36 9 96 91 28 66 52 68 132 145 54 
83 5 8 52 51 10 133 102 108 72 11 94 6 80 35 39 90 126 114 93 66 24 92 77 110 17 118 57 18 144 53 61 135 30 81 119 63 21 3 87 13 37 22 42 69 62 112 132 146 96 44 100 82 139 120 4 2 141 7 49 105 143 74 123 98 134 124 140 97 59 117 27 84 54 71 25 70 122 34 9 79 86 99 50 103 33 91 19 88 26 89 64 12 131 45 142 15 78 111 130 137 75 40 0 23 47 1 20 67 109 128 14 
84 2 43 26 66 125 139 136 11 92 44 126 0 142 70 56 5 18 55 59 19 52 105 106 87 82 146 76 37 61 130 30 78 108 90 62 116 89 1 20 60 127 58 45 112 99 115 98 120 51 14 69 34 29 27 23 86 12 9 73 16 63 122 32 121 7 81 143 57 118 65 124 83 114 80 97 138 145 107 31 100 21 28 134 6 117 41 104 144 135 49 46 54 50 67 96 110 53 137 102 39 109 93 79 42 129 91 132 119 
85 65 130 135 72 67 137 90 11 133 144 7 87 131 115 32 33 29 125 41 107 95 98 69 27 30 31 26 68 0 86 105 142 73 109 101 54 35 141 12 48 91 17 136 129 43 46 24 94 38 126 52 28 53 37 36 117 139 1 74 39 111 80 103 60 96 6 49 2 100 138 63 66 92 75 42 70 82 15 114 40 25 102 61 58 77 122 8 81 99 18 56 16 124 9 34 132 20 113 57 23 93 10 5 45 79 14 13 145 121 
86 82 59 89 133 13 23 68 141 87 140 108 142 69 34 137 122 50 53 6 0 132 96 47 5 85 105 128 114 135 64 2 146 9 106 36 76 123 8 48 100 20 74 91 19 66 14 21 111 84 27 129 75 113 95 92 116 42 61 121 31 28 22 71 3 104 101 73 136 44 25 139 40 98 94 78 134 49 99 17 51 65 16 109 120 83 26 54 130 112 15 131 127 81 11 67 18 4 126 52 56 143 63 102 45 41 80 
87 58 41 72 119 24 78 66 40 85 75 86 39 131 16 62 96 81 95 22 129 8 133 73 115 6 144 108 109 84 45 46 68 47 100 125 50 99 128 32 93 44 69 82 118 92 138 132 111 43 57 83 79 37 97 126 64 112 51 14 9 140 12 23 121 98 27 136 123 63 55 76 135 91 13 122 29 11 38 104 103 33 59 130 19 106 2 49 15 114 54 4 65 1 28 10 60 110 3 116 101 113 143 56 127 35 120 142 61 18 88 20 36 137 
88 92 43 97 125 32 10 98 81 96 18 24 20 73 138 137 40 146 80 99 72 93 67 0 91 121 69 79 131 59 89 126 55 95 101 58 71 21 38 8 129 54 13 37 70 45 112 106 107 39 143 63 144 1 64 124 50 65 16 28 7 29 52 12 90 117 94 134 66 25 53 119 82 113 41 122 78 75 118 33 34 57 48 108 44 61 46 140 111 83 51 133 22 103 62 100 17 49 2 9 5 15 31 127 27 128 110 132 23 35 135 87 142 
89 53 133 39 52 86 23 37 91 130 57 20 122 144 109 51 71 54 13 114 100 9 46 90 97 112 143 66 110 88 31 10 63 84 21 12 118 1 40 30 108 138 67 72 76 126 3 75 65 136 2 50 32 15 99 56 33 146 38 45 98 70 101 107 92 5 94 27 16 55 117 139 125 104 11 124 131 113 119 28 121 120 123 61 96 81 41 83 35 26 43 60 135 74 48 103 79 8 137 59 29 17 25 141 7 140 36 19 
90 113 121 73 29 130 85 49 14 104 18 92 140 60 83 116 41 16 26 132 94 89 122 135 74 109 103 0 17 97 120 128 93 96 145 84 66 102 108 11 123 5 112 22 141 139 80 118 51 125 57 76 65 138 45 35 72 110 44 77 129 88 36 47 124 27 32 23 56 64 28 126 6 78 52 59 61 24 67 21 1 71 7 53 143 37 134 39 31 20 136 4 131 33 79 38 137 15 127 115 119 101 55 133 12 2 105 107 
91 103 5 13 39 21 78 32 137 89 69 4 108 3 48 130 1 14 34 81 88 47 25 20 22 58 115 26 37 141 105 18 46 117 95 129 56 125 54 104 85 23 57 77 45 97 138 109 35 94 86 134 146 124 8 36 43 100 118 29 142 93 136 16 112 87 66 144 62 64 113 92 128 120 126 31 96 110 111 0 12 143 102 70 123 133 101 2 83 132 114 98 140 145 41 17 38 59 106 65 82 44 52 67 50 71 84 53 60 19 30 
92 88 52 24 98 73 84 62 134 7 125 55 43 27 90 124 74 100 137 93 36 50 77 121 83 141 35 79 29 103 15 21 70 53 108 101 4 122 135 111 138 82 11 128 54 17 87 139 56 106 143 45 78 81 5 99 34 33 116 109 86 146 112 89 126 76 8 58 16 105 131 114 85 91 2 97 48 9 132 1 119 38 68 40 51 28 32 129 94 12 127 30 142 110 123 42 96 37 95 3 115 71 66 61 20 44 41 118 
93 54 118 27 122 63 56 3 12 113 94 13 47 59 121 92 88 11 21 41 32 140 83 61 142 55 23 98 135 51 58 76 90 78 18 108 101 34 9 87 25 106 66 107 15 60 43 80 7 95 8 19 31 120 117 52 64 24 131 14 44 125 139 111 73 141 115 112 20 26 91 62 137 123 110 53 116 105 45 49 68 126 0 102 138 114 10 48 6 132 109 30 1 22 134 85 57 124 46 84 127 129 4 36 67 96 79 104 39 81 
94 119 57 83 9 69 98 93 44 145 139 90 136 59 132 143 15 43 56 117 41 47 16 53 19 10 65 76 7 99 42 51 146 131 60 138 11 116 134 97 106 85 23 73 40 37 91 102 96 8 29 17 107 24 82 31 103 2 101 49 104 125 30 38 89 88 34 133 66 0 86 21 6 95 58 32 127 141 123 79 120 39 63 61 22 35 3 144 92 80 109 5 130 18 137 114 12 128 27 20 14 105 68 108 129 46 70 121 64 140 126 54 26 
95 32 54 58 125 121 99 43 3 37 30 87 133 78 130 109 132 112 85 80 12 102 5 45 139 0 31 110 38 10 17 50 7 88 134 91 144 25 77 20 108 146 117 82 35 68 123 145 6 101 9 70 57 93 137 40 42 56 140 24 4 36 76 86 116 96 21 19 26 81 111 49 2 52 103 53 62 114 13 63 141 136 128 143 113 55 94 79 14 60 75 44 124 29 122 18 11 106 48 72 104 92 105 28 27 100 74 69 
96 30 28 133 17 70 55 97 88 110 29 45 8 106 47 4 87 135 13 130 117 116 34 74 32 86 141 142 90 103 56 19 50 76 124 10 138 109 75 2 31 60 44 131 127 53 14 33 122 49 108 26 20 128 113 3 118 94 73 83 27 77 81 23 6 95 85 104 69 134 24 66 99 5 145 111 72 37 63 91 46 120 65 0 125 58 40 89 71 119 59 54 25 80 132 143 126 84 92 100 144 39 1 82 18 48 21 93 15 140 
97 88 141 35 58 65 124 96 133 63 64 102 0 132 122 134 128 41 23 78 38 135 53 89 44 42 90 26 66 33 47 82 104 126 5 115 37 22 70 46 76 119 116 91 100 94 69 80 8 121 50 99 28 125 106 87 144 123 1 103 3 145 146 40 109 51 113 138 56 36 136 15 101 129 34 31 62 4 83 137 17 57 11 98 92 84 10 54 61 12 18 117 49 72 105 27 107 111 21 39 75 24 25 45 9 110 140 16 55 108 79 30 112 52 142 130 7 74 
98 118 79 146 144 137 0 88 92 102 21 36 120 94 121 27 12 8 130 77 81 85 46 122 48 93 69 28 100 68 143 50 112 71 43 45 80 99 35 62 106 34 72 32 84 7 132 25 23 33 11 3 119 15 82 117 40 136 5 89 87 127 108 41 73 141 109 115 83 47 86 101 42 97 125 135 116 49 105 70 22 56 44 66 75 104 91 4 19 107 128 60 2 133 126 26 113 131 29 67 78 59 16 61 37 134 
99 109 47 32 30 65 71 46 20 135 95 101 33 0 7 43 121 125 77 19 64 49 119 88 40 115 107 24 120 55 72 61 34 130 129 118 114 98 87 51 62 60 80 94 28 78 84 100 15 140 97 63 105 145 70 92 89 38 103 4 69 45 96 25 104 29 133 82 132 138 42 3 53 2 144 110 139 102 36 54 59 10 17 86 66 136 113 52 27 112 5 141 21 83 9 111 56 85 22 41 35 58 81 68 116 74 143 1 76 142 26 50 134 117 13 6 37 31 106 126 
100 71 110 37 42 78 48 92 112 133 72 80 127 107 143 89 104 50 15 66 111 117 123 63 106 2 98 59 41 87 105 129 38 21 56 1 11 58 132 141 47 145 130 116 99 97 67 121 69 40 86 62 22 53 17 142 126 30 49 134 75 139 74 83 68 91 16 36 109 77 4 85 12 73 137 65 64 84 33 113 103 28 35 43 54 52 140 46 9 125 96 88 76 61 25 7 45 27 101 135 95 39 29 81 114 8 6 57 138 
101 145 139 113 5 20 63 117 54 118 99 129 127 28 111 146 107 34 140 137 44 37 103 74 75 65 11 29 131 61 82 60 130 120 143 66 64 119 88 125 135 26 27 19 85 92 10 108 133 93 13 24 30 25 114 138 76 40 95 33 141 51 41 21 32 17 12 42 31 104 1 81 132 94 89 16 53 2 102 48 97 86 7 98 55 38 115 22 58 69 39 80 71 79 59 57 91 23 78 15 14 50 73 72 52 121 6 0 87 67 35 90 100 123 4 128 49 122 18 136 9 
102 121 139 145 10 67 124 34 134 16 98 83 128 97 140 61 11 45 82 113 65 108 136 66 71 95 74 44 131 77 55 142 73 29 53 90 23 32 126 116 58 47 59 146 5 49 105 52 33 40 111 64 28 2 6 31 81 39 94 112 9 25 15 54 104 137 133 30 101 130 141 19 17 99 56 138 57 62 8 35 91 42 85 93 68 38 20 144 21 48 46 27 7 26 41 13 78 84 3 79 127 125 50 22 70 86 129 18 114 115 
103 91 79 13 52 28 74 134 41 115 16 63 49 122 48 70 135 131 77 9 109 22 120 82 81 58 27 45 129 101 7 111 90 37 15 92 96 26 127 126 56 112 25 55 40 110 17 59 38 57 14 125 39 19 8 60 64 97 78 1 29 0 99 94 85 61 36 46 66 35 53 137 73 144 95 114 24 145 108 12 65 87 10 54 76 130 21 33 44 100 42 104 121 83 141 23 34 88 6 89 139 3 18 117 75 72 119 
104 106 121 75 108 90 79 56 4 139 119 12 42 134 136 54 140 107 45 78 100 0 77 71 125 9 52 38 55 118 11 63 10 127 97 123 137 129 59 91 16 7 138 53 117 50 120 41 8 81 30 109 101 39 115 43 133 64 102 94 96 23 31 76 61 58 143 40 99 135 86 89 68 14 27 105 25 87 34 126 72 6 98 145 103 37 122 47 84 46 130 142 116 113 24 124 2 62 132 80 95 111 69 112 65 32 93 60 110 35 
105 60 145 58 71 114 81 21 138 119 123 63 126 106 142 62 80 84 24 110 76 11 132 91 40 100 86 85 129 14 118 39 146 35 8 46 130 102 137 128 7 127 112 61 10 16 72 54 143 4 99 15 45 136 67 43 107 131 53 134 22 139 30 17 83 92 47 31 18 25 104 44 34 124 48 111 93 57 113 98 6 29 3 65 79 122 42 77 73 68 51 135 27 13 97 41 109 125 1 59 20 5 95 38 69 94 56 2 90 50 23 9 
106 104 50 43 1 21 140 20 46 36 0 137 111 96 123 5 66 105 141 112 62 56 146 84 59 34 38 110 100 55 6 134 107 131 115 118 98 26 86 67 93 13 88 29 92 94 132 18 97 17 71 136 41 124 35 3 11 7 48 19 52 65 51 145 16 25 122 9 109 70 72 79 69 24 114 4 37 47 74 128 87 2 63 12 40 53 125 68 23 54 142 39 75 126 127 116 64 30 91 95 49 135 10 129 78 99 42 
107 19 142 18 109 51 117 114 3 27 30 113 133 0 100 104 101 119 14 85 67 99 36 52 8 73 81 41 54 44 31 80 106 125 5 12 66 9 55 58 77 137 20 134 108 46 79 88 93 25 48 72 123 28 53 115 135 112 130 105 116 121 94 26 128 33 59 37 89 61 127 50 140 111 24 139 2 146 84 76 56 63 17 118 13 124 57 75 42 98 39 97 132 10 34 70 144 122 11 131 16 32 90 
108 11 136 124 51 70 48 104 57 60 83 122 91 71 3 21 16 111 86 45 129 102 49 87 131 78 34 18 5 123 84 139 58 61 9 32 92 93 101 90 1 95 29 107 67 7 89 39 118 52 64 0 127 63 96 117 121 40 114 14 130 10 132 28 27 8 37 125 98 4 12 116 42 44 138 103 66 110 137 135 112 47 76 22 30 146 141 65 88 50 46 36 62 72 41 80 74 2 23 97 59 15 68 94 81 120 26 20 142 
109 99 61 36 69 10 68 107 33 53 131 41 135 89 145 103 70 26 95 120 87 133 77 73 47 138 129 34 90 0 79 136 65 81 85 96 40 124 37 25 32 17 125 62 91 132 144 6 9 59 66 56 15 45 55 39 130 123 64 104 54 97 92 100 50 35 2 98 1 111 106 46 8 126 72 139 30 142 112 48 110 128 127 141 5 86 31 115 13 117 143 27 49 19 20 82 4 105 93 94 52 22 11 44 12 84 42 67 140 60 43 23 83 
110 17 20 2 100 131 64 139 119 12 133 96 8 80 121 128 25 141 53 47 52 36 70 145 114 59 77 125 105 106 89 83 81 57 0 95 63 58 118 31 103 40 134 124 71 35 5 116 7 27 22 23 44 32 3 48 90 113 13 21 129 60 66 45 142 43 79 72 108 65 99 93 46 38 51 91 112 140 136 76 109 37 26 41 6 115 138 55 50 54 143 135 1 137 127 4 61 33 92 87 84 42 62 9 29 24 117 56 97 88 30 16 28 104 
111 5 130 144 54 114 106 19 132 29 6 7 140 32 108 101 52 40 138 81 100 31 50 55 103 49 73 53 118 70 59 121 146 66 133 79 92 63 17 20 24 102 87 9 22 44 65 62 37 126 16 67 23 86 112 116 11 72 85 45 93 142 3 26 95 76 120 0 39 109 56 68 10 96 107 127 2 131 141 21 113 14 105 71 57 28 34 91 129 135 15 1 99 123 117 139 88 136 77 61 4 64 46 83 97 124 80 8 38 128 33 104 78 43 75 119 30 
112 23 145 5 7 71 9 14 141 137 0 4 68 100 106 17 128 120 95 89 52 65 26 127 132 98 47 41 72 66 24 115 142 103 22 146 119 8 130 57 59 19 82 31 28 90 84 88 15 105 131 121 30 114 29 2 140 79 107 49 10 83 39 87 102 111 55 69 135 61 93 129 92 125 126 16 91 63 78 124 48 134 133 73 108 113 44 109 110 34 45 60 11 77 13 58 80 99 25 46 3 51 86 40 123 136 37 144 53 138 36 42 20 116 104 97 27 117 64 54 
113 90 101 44 116 60 11 40 30 93 107 43 117 102 12 124 53 22 114 75 29 131 19 80 8 65 70 133 121 127 74 64 33 134 142 15 63 51 50 20 31 48 32 9 3 82 96 38 110 23 55 86 36 25 59 138 97 2 41 21 123 17 137 88 89 91 141 73 46 16 111 1 112 95 118 119 105 99 47 100 7 139 24 0 104 34 6 54 85 98 39 57 35 78 130 87 143 66 145 132 45 49 52 62 126 18 
114 10 140 77 61 24 59 137 128 47 111 42 105 60 29 40 116 107 39 110 46 48 41 133 83 34 89 126 113 125 25 35 3 67 52 56 79 99 33 86 80 1 145 130 15 66 57 76 19 69 49 63 101 139 135 127 4 143 112 18 71 108 20 144 53 37 55 22 16 70 129 44 75 62 14 73 68 92 103 9 81 106 95 27 64 134 84 85 30 58 8 54 87 142 93 91 131 124 21 94 31 43 118 51 100 50 38 102 141 
115 2 134 11 27 145 75 103 56 120 9 116 85 72 78 13 87 3 79 99 136 62 50 68 57 91 61 40 54 58 146 66 36 60 48 21 4 112 97 64 28 106 7 138 38 123 24 65 71 130 84 53 141 43 35 73 82 81 15 107 129 122 49 144 121 126 127 33 133 104 93 31 6 118 125 98 124 46 0 142 101 20 139 110 44 109 69 70 63 41 140 19 1 59 117 45 76 30 14 90 137 92 8 132 22 23 67 52 102 
116 52 38 18 125 113 30 133 132 57 3 135 115 114 42 76 65 1 28 53 35 90 71 61 124 96 75 5 12 25 129 48 15 139 84 4 127 59 102 120 128 36 140 134 67 100 37 47 94 97 119 77 121 137 143 2 110 7 43 49 145 19 107 8 111 92 72 66 14 51 95 10 86 80 31 108 16 13 118 54 74 141 0 117 130 93 98 46 60 11 131 55 104 99 45 9 62 41 87 106 23 112 29 136 146 17 44 
117 63 55 123 1 39 143 101 142 107 72 58 66 144 113 96 134 26 68 130 125 124 61 100 5 12 137 94 44 41 46 9 135 6 91 57 73 48 64 30 126 95 15 17 7 131 104 108 19 93 98 139 85 37 140 40 3 45 62 88 69 13 145 89 52 60 49 65 71 116 8 141 83 11 51 121 74 22 29 18 97 81 84 21 25 34 79 50 109 111 78 115 119 43 24 36 33 110 2 146 75 99 103 138 112 136 133 129 80 
118 98 4 93 39 77 101 142 122 125 124 57 66 51 43 18 75 53 104 139 111 143 83 29 140 0 146 99 30 105 63 126 58 15 110 106 89 44 136 108 87 55 49 90 27 46 13 82 48 37 47 68 96 2 144 61 91 23 137 14 115 21 134 80 64 19 116 121 84 145 10 113 1 50 119 73 88 42 24 129 79 20 52 41 56 120 107 12 130 54 135 123 76 74 141 32 31 59 8 40 33 16 133 36 114 78 71 9 67 127 6 92 
119 94 144 47 137 87 110 38 49 104 105 31 21 52 99 75 3 68 122 107 77 7 46 30 4 125 72 131 10 80 101 74 120 112 36 43 8 83 124 17 97 45 116 59 22 145 53 127 23 98 24 11 82 73 9 16 54 140 141 88 5 37 67 89 138 113 118 64 92 26 18 61 129 70 121 143 96 2 126 34 81 117 136 62 20 60 76 90 133 79 130 50 111 134 84 103 
120 43 82 10 122 67 25 22 115 19 68 4 98 121 136 103 40 44 112 109 35 99 56 141 127 74 50 90 101 34 1 14 55 119 60 116 138 63 29 45 49 123 66 17 104 84 93 134 140 61 58 128 124 83 37 69 47 46 125 146 111 131 15 64 12 23 130 91 27 96 7 89 9 94 52 86 118 51 41 28 16 62 11 20 53 126 78 42 129 13 133 77 6 87 70 108 32 75 71 
121 102 33 132 22 90 134 125 104 45 145 95 6 110 75 99 72 18 93 98 120 59 88 12 92 23 41 13 51 44 73 113 111 49 25 64 14 74 77 53 47 5 15 68 100 97 116 112 139 0 62 108 4 115 39 107 10 87 122 34 65 60 48 137 43 86 38 46 71 131 84 61 141 42 118 66 57 117 133 143 89 142 7 119 103 140 146 32 20 69 101 55 11 130 129 1 37 2 36 29 58 76 135 26 30 24 85 81 94 19 17 
122 12 38 93 44 146 80 120 71 144 108 34 103 127 89 35 118 20 97 68 14 66 86 130 42 119 33 55 39 40 90 9 60 98 59 76 79 140 72 15 123 7 1 92 77 17 133 6 65 64 4 96 18 16 57 143 137 78 43 128 63 115 41 30 56 25 74 129 11 0 136 125 121 135 131 84 106 142 67 139 22 87 70 23 75 19 88 2 37 83 27 105 28 85 104 48 26 81 95 69 124 107 31 53 45 138 49 52 132 62 13 101 5 47 
123 3 117 42 5 22 30 106 137 143 105 58 41 60 133 16 18 6 100 21 132 131 51 108 138 70 29 122 125 104 57 12 141 82 26 27 75 49 142 90 9 44 115 120 95 86 39 107 4 146 52 24 97 68 10 7 33 109 56 17 130 35 74 45 53 43 87 144 15 40 93 83 54 113 128 65 73 77 55 67 69 61 34 46 94 89 91 111 76 66 136 13 118 47 126 92 112 14 1 20 62 59 101 140 139 38 25 134 23 
124 78 108 81 7 21 31 102 97 28 26 128 20 92 118 57 113 59 30 135 117 116 51 4 13 79 41 33 129 131 64 8 96 146 5 50 44 109 14 36 73 139 119 110 25 63 47 143 88 77 106 72 52 91 132 10 120 56 34 90 76 37 58 140 11 112 71 24 89 83 115 105 40 142 84 17 66 53 23 43 60 74 136 138 3 2 133 107 32 46 104 61 67 85 82 95 39 48 45 111 65 114 122 9 19 127 42 70 80 93 16 141 126 144 1 130 69 68 
125 72 51 88 84 146 45 121 116 95 26 68 6 92 49 16 118 136 99 85 55 82 117 114 104 17 110 10 126 25 19 119 62 145 130 87 127 128 123 132 101 57 107 36 60 1 40 63 73 91 27 31 109 103 97 90 11 38 140 32 58 34 77 93 54 122 108 14 94 53 41 112 120 142 115 20 89 78 69 70 4 75 98 141 8 18 66 96 65 7 137 71 139 133 0 15 106 44 138 13 43 74 134 35 42 105 100 30 9 67 102 48 59 81 135 12 79 47 131 37 
126 130 24 137 84 44 135 133 65 143 105 140 83 30 114 40 45 125 141 61 88 68 50 79 131 6 77 97 51 12 103 118 102 142 117 46 43 49 62 4 27 85 76 89 31 54 23 48 87 14 80 111 47 146 100 15 59 115 16 1 69 81 56 92 74 145 112 2 32 9 90 36 73 132 60 91 109 10 18 71 8 136 104 29 58 52 93 70 67 28 78 33 119 25 41 3 123 19 98 96 21 106 13 86 120 38 129 124 72 138 22 64 113 94 99 
127 53 101 82 122 133 20 143 100 15 25 69 47 36 120 59 29 139 112 46 48 125 104 138 116 103 113 58 45 142 3 52 6 8 84 96 80 128 34 66 105 32 108 61 114 43 10 119 137 74 75 70 115 1 23 145 12 146 98 57 107 28 134 55 111 42 33 71 64 9 62 94 22 18 141 109 67 51 49 76 129 136 13 39 30 7 73 92 60 110 86 72 41 16 132 14 37 106 90 0 124 88 102 140 26 87 93 56 54 118 135 
128 9 8 114 124 13 102 110 68 70 11 97 58 46 112 141 65 19 20 140 41 90 86 125 55 133 71 60 87 116 42 144 131 78 92 105 127 17 73 54 40 18 122 48 96 23 74 56 136 120 107 7 38 6 67 134 61 80 135 79 39 123 77 145 91 95 106 36 109 52 26 75 30 28 51 47 53 5 37 44 82 139 98 63 45 34 43 15 21 94 111 22 88 4 12 143 64 101 62 24 72 83 
129 74 3 138 6 35 101 52 61 38 26 80 132 65 87 108 62 30 33 15 109 103 137 116 45 34 22 124 99 105 141 100 53 104 55 91 72 50 68 88 85 60 47 51 9 115 63 21 20 122 86 31 1 112 90 110 48 114 82 130 28 97 39 18 24 133 8 19 75 27 111 139 118 119 67 58 127 92 11 14 135 66 29 42 121 40 7 43 25 120 126 10 93 17 106 102 84 94 144 46 146 117 59 
130 85 126 52 132 111 90 17 89 78 80 133 91 39 70 96 95 122 117 98 61 6 76 101 137 68 40 99 125 84 62 114 145 63 112 105 71 100 131 82 42 22 115 66 46 33 36 55 41 65 135 108 138 20 81 54 107 44 109 27 73 13 35 34 30 123 0 142 43 47 129 3 26 144 60 59 102 53 29 120 45 87 103 116 67 49 4 7 56 18 104 2 118 69 64 75 86 25 50 58 77 94 121 24 83 146 72 14 21 16 113 9 79 37 15 119 31 19 139 97 124 8 48 
131 17 110 44 47 80 85 87 134 76 146 109 67 8 103 5 21 138 145 51 57 108 142 20 113 11 72 88 102 123 141 101 119 25 126 55 124 36 4 63 64 106 82 61 94 128 130 96 117 28 34 112 135 75 33 105 93 144 31 19 10 14 132 27 122 121 81 92 120 89 111 50 71 73 136 1 39 3 40 116 7 35 78 114 86 139 90 37 83 9 43 98 30 2 23 16 107 13 32 38 22 0 137 140 125 79 
132 121 130 116 30 111 97 2 129 51 90 141 95 58 86 94 105 123 36 12 112 14 80 136 125 78 38 9 100 15 3 53 87 75 109 34 26 133 106 98 69 60 8 145 108 79 83 54 137 142 11 138 124 4 76 101 63 52 19 5 7 43 131 22 45 146 33 66 99 27 62 126 37 71 25 92 20 72 44 57 91 64 68 85 93 67 107 96 135 23 127 40 16 104 59 32 6 65 35 77 88 122 41 143 48 113 82 115 84 70 134 
133 34 96 89 30 116 83 86 23 97 110 85 130 127 126 52 68 142 20 46 138 7 22 100 95 87 76 107 123 55 146 143 114 109 71 134 19 17 113 2 61 128 41 31 79 64 28 111 101 65 72 53 122 74 60 78 16 73 29 132 37 59 8 54 11 115 66 51 18 140 104 10 75 139 3 24 62 56 102 94 141 99 9 58 50 112 33 14 129 121 44 15 47 63 124 49 6 42 91 125 88 45 40 98 70 136 118 90 120 26 119 80 25 13 137 1 117 21 36 0 
134 19 121 115 103 102 135 29 82 92 4 131 16 97 104 38 117 28 34 133 24 142 106 37 140 144 95 136 113 23 40 68 107 116 110 94 32 43 33 49 21 69 42 146 14 71 18 120 91 54 58 100 137 13 105 75 52 96 88 31 45 128 8 118 25 127 11 12 67 83 112 15 114 76 86 63 7 0 55 84 139 51 90 17 48 125 60 61 26 80 93 27 36 47 9 99 138 22 41 98 119 132 123 5 50 
135 23 81 85 16 35 134 41 34 99 8 28 40 116 103 126 109 43 96 10 82 97 58 124 56 27 90 48 93 17 117 86 46 101 83 31 64 92 13 137 11 131 114 19 75 9 69 2 107 130 25 5 44 55 112 122 136 18 146 87 4 15 78 52 68 104 128 63 51 80 108 74 29 140 61 12 73 77 98 72 0 7 111 79 36 84 54 110 59 142 105 118 49 89 129 132 138 53 26 141 121 42 70 106 100 88 125 144 71 127 
136 143 108 51 71 84 32 55 20 3 61 125 78 82 69 104 120 42 102 80 6 115 38 18 94 139 54 16 66 132 109 36 134 46 25 22 145 34 72 85 118 17 62 74 106 144 89 67 41 105 27 28 37 35 140 19 128 77 122 98 65 87 91 135 97 14 2 86 39 4 95 1 110 99 5 126 76 40 124 45 131 141 127 12 111 56 123 90 138 50 79 29 44 119 112 15 133 47 116 117 24 101 31 
137 32 98 126 119 77 9 85 114 91 60 6 46 106 17 112 76 55 123 140 21 92 88 86 47 101 30 16 129 117 71 130 35 62 104 33 49 56 27 107 135 14 67 138 52 105 29 24 70 143 122 116 57 127 8 95 18 132 26 134 23 44 1 82 38 102 121 118 7 145 50 22 93 103 37 100 63 2 113 108 97 28 139 12 69 51 3 39 58 0 36 41 43 125 75 110 144 68 83 94 90 79 11 84 64 115 89 4 13 133 54 34 131 146 20 40 87 
138 15 46 61 0 129 140 105 70 48 88 145 133 22 69 131 111 33 109 21 19 7 75 143 123 50 16 127 142 55 52 96 71 120 49 92 115 137 51 94 104 87 72 37 45 89 60 91 81 101 80 57 56 130 90 76 29 24 6 132 30 11 9 41 1 58 36 113 97 31 79 3 26 85 146 99 108 23 119 102 84 35 20 124 66 110 77 82 93 10 8 125 136 62 73 139 74 34 135 112 5 122 134 18 117 126 25 32 100 78 
139 102 82 101 22 58 84 141 110 59 35 104 67 13 50 27 94 39 80 136 25 127 95 116 16 12 118 15 108 17 49 29 8 66 145 124 51 92 90 74 114 26 142 121 18 31 117 85 47 46 100 10 4 83 52 37 93 105 7 41 133 38 64 140 54 122 89 78 107 86 24 70 99 109 60 137 146 48 21 11 115 32 129 55 3 53 113 125 81 134 111 9 71 128 131 5 62 138 36 0 44 43 73 103 45 123 130 
140 80 114 33 65 106 40 21 17 6 138 76 102 44 90 82 111 86 137 29 126 28 104 93 101 47 2 27 12 128 73 41 14 36 118 122 72 134 19 68 67 116 31 74 53 99 10 1 55 5 112 50 142 125 120 136 117 87 95 133 77 42 119 16 3 139 124 107 83 135 62 26 110 15 7 23 146 48 4 32 58 37 88 121 100 115 61 91 52 70 39 11 13 69 97 8 127 123 18 66 109 35 141 96 89 131 145 94 75 
141 82 97 72 139 41 86 112 74 110 48 39 12 3 13 37 144 106 65 26 132 43 128 59 56 46 70 120 44 92 131 73 126 22 91 96 7 34 11 77 129 146 123 33 0 85 100 90 55 115 2 8 101 68 61 1 10 49 40 19 93 75 58 98 83 28 15 119 133 6 16 79 102 142 121 69 113 116 95 111 117 78 125 31 52 143 108 94 127 145 109 99 57 47 136 103 76 21 118 9 60 135 63 20 124 54 25 89 140 50 114 
142 37 14 39 75 107 52 117 118 30 145 84 68 63 133 105 86 62 143 24 9 35 131 25 47 76 93 31 102 146 79 134 96 8 55 85 138 49 113 112 127 126 78 42 4 123 48 34 33 46 139 7 82 140 70 100 77 132 51 11 54 111 20 91 21 41 59 65 130 122 110 44 18 125 56 5 141 29 45 53 124 12 109 115 69 121 50 43 66 57 32 73 17 144 13 26 114 104 28 135 71 83 92 64 36 106 23 99 19 61 74 2 87 97 88 108 
143 136 54 117 22 28 10 36 144 3 72 8 55 126 123 39 15 25 23 41 127 146 142 74 49 133 100 78 45 89 94 138 66 118 98 70 101 75 43 62 20 0 69 37 71 48 73 7 40 44 33 137 30 88 122 12 92 116 114 105 124 11 50 34 80 81 32 19 104 83 35 67 5 84 95 21 76 13 79 53 56 121 17 18 141 29 91 82 51 90 4 109 119 110 2 24 99 96 86 113 87 132 128 38 57 16 
144 98 11 36 119 111 143 85 122 21 89 117 41 16 38 141 87 63 1 61 0 25 22 6 146 83 68 57 134 80 95 39 128 44 62 75 76 17 109 45 88 15 97 78 145 79 136 47 114 115 43 56 46 118 131 30 8 12 35 23 54 34 48 123 130 103 91 65 7 99 60 26 51 67 58 50 53 18 142 71 84 102 20 29 70 14 94 37 55 137 59 10 96 107 13 72 112 52 5 42 124 28 129 135 49 
145 101 102 105 121 115 112 49 33 72 142 52 146 138 110 35 109 131 94 54 76 2 58 81 14 39 65 45 38 10 66 125 63 90 73 114 130 139 136 100 1 71 95 119 9 144 99 132 116 12 61 97 8 11 6 127 78 137 126 117 106 53 68 55 46 34 96 79 103 128 118 77 69 84 30 4 19 23 5 48 141 104 25 67 62 3 91 40 22 60 7 75 16 85 17 113 56 0 82 18 32 140 31 
146 63 98 125 15 57 31 65 46 122 77 64 131 145 73 143 30 88 68 101 106 59 66 38 133 7 58 84 71 74 142 144 115 118 1 111 141 11 14 124 54 105 4 112 102 95 86 19 94 3 35 8 39 123 43 134 70 33 126 83 76 91 97 13 44 69 82 89 37 60 127 75 92 12 28 0 135 36 120 132 16 42 138 24 107 139 108 140 10 5 53 18 121 2 78 22 130 26 41 21 49 51 117 116 81 25 72 52 67 129 34 137 80 32 
