0 104 20 14 130 115 58 79 17 168 12 161 125 
1 117 88 79 131 110 86 92 49 123 133 2 5 24 36 58 101 73 20 
2 8 91 4 88 123 81 19 1 13 87 148 117 7 45 12 60 146 25 
3 125 11 129 58 23 107 39 87 67 158 111 134 69 135 54 62 16 108 100 148 12 
4 95 157 158 28 96 2 13 42 160 121 29 69 135 164 45 109 89 61 
5 159 18 106 33 42 12 135 112 1 78 119 142 50 58 29 125 
6 121 81 132 68 120 101 156 153 17 74 112 
7 100 66 91 87 38 71 93 107 17 2 20 120 70 
8 131 70 92 136 2 134 74 106 142 90 96 60 44 89 58 167 121 53 61 104 
9 168 17 93 23 49 15 64 98 116 142 89 111 11 141 39 81 46 
10 89 12 38 106 75 32 155 104 169 118 50 129 59 133 36 108 22 
11 3 22 42 159 21 69 115 9 57 27 
12 152 10 64 85 150 100 49 126 155 5 18 138 0 162 26 2 28 3 59 127 118 
13 75 85 4 68 45 48 145 24 114 2 61 97 112 41 87 163 
14 23 0 61 95 80 68 163 157 131 73 88 104 99 108 158 
15 51 127 134 35 132 112 19 113 9 108 17 77 64 121 110 106 144 41 23 136 129 24 
16 68 130 125 77 71 61 157 113 69 46 100 84 121 80 156 49 128 3 118 146 
17 9 108 99 52 23 0 82 150 15 7 117 100 6 
18 94 5 123 96 78 91 37 133 69 124 48 140 12 119 36 
19 36 133 15 64 113 2 33 108 98 32 49 165 90 140 
20 0 145 142 125 157 156 42 143 154 129 118 110 23 128 29 7 51 43 1 
21 96 140 122 75 144 92 11 85 27 158 23 100 
22 146 167 136 101 11 115 24 60 41 93 150 157 138 161 61 10 148 28 
23 14 129 9 98 3 35 17 40 112 120 20 87 97 45 15 27 21 
24 112 113 140 152 164 157 22 120 137 80 51 55 13 85 142 1 26 117 121 147 129 15 30 
25 162 67 68 111 163 159 69 49 60 74 127 34 137 2 161 
26 154 142 108 40 126 117 65 37 49 92 67 24 12 100 162 90 169 84 102 
27 128 99 125 63 158 116 91 39 151 58 152 129 163 115 21 101 104 168 64 134 51 23 11 153 127 
28 4 63 36 66 150 59 127 158 156 57 52 152 159 157 104 12 78 134 22 
29 77 37 141 154 100 146 150 92 4 83 20 39 132 127 148 5 
30 54 77 161 158 128 34 71 31 120 72 144 44 112 55 68 35 101 162 38 92 70 24 
31 51 128 35 39 42 37 30 60 166 131 46 
32 161 109 123 91 140 10 34 19 49 75 124 143 157 160 
33 153 58 85 5 34 116 101 19 106 102 169 70 93 81 40 164 119 90 
34 169 93 33 96 71 160 65 30 135 126 146 87 106 75 32 25 84 72 54 86 
35 50 15 77 31 106 97 149 23 113 160 30 44 54 
36 19 110 47 124 50 54 28 66 146 1 147 10 18 55 122 132 
37 29 18 118 117 77 76 158 147 26 31 167 133 50 159 43 168 
38 112 147 10 7 69 80 86 139 96 90 108 118 39 97 154 30 149 89 161 
39 100 131 27 62 156 31 3 137 59 146 150 38 29 9 84 
40 116 57 96 87 26 71 66 60 156 157 23 83 128 86 74 147 158 53 125 33 163 162 124 143 
41 53 49 108 55 119 162 22 89 93 13 102 15 139 123 146 
42 92 98 52 151 20 11 50 90 100 5 4 68 31 51 130 137 85 157 49 
43 121 80 107 162 113 55 97 163 68 57 168 20 94 92 37 167 
44 60 123 91 90 122 63 149 8 95 30 49 139 35 117 103 
45 100 73 117 88 152 142 64 13 137 145 119 80 79 114 122 87 2 23 4 130 66 146 
46 151 56 68 58 16 83 75 118 55 31 9 166 
47 116 138 58 36 112 103 134 49 85 140 150 81 64 108 
48 111 108 13 117 18 50 
49 150 41 9 1 116 166 88 12 25 47 26 114 91 67 16 158 53 19 44 57 165 32 59 167 113 76 157 42 129 
50 35 124 36 119 96 133 42 122 74 161 37 5 10 48 90 127 
51 15 125 106 31 153 64 63 144 117 92 156 24 42 115 20 73 114 120 27 60 138 
52 59 42 128 79 17 156 135 95 28 70 74 60 103 85 90 
53 155 41 113 75 91 165 70 103 100 40 154 49 8 115 66 82 
54 30 104 36 78 144 145 135 82 112 3 34 35 71 
55 106 118 84 41 99 134 127 43 24 58 61 75 95 30 91 82 153 119 74 46 36 78 67 133 
56 46 97 113 81 115 108 116 79 
57 141 145 40 137 126 111 162 62 87 28 166 43 49 11 120 149 163 
58 64 111 102 47 125 33 124 3 46 0 27 55 166 8 1 5 96 112 169 
59 123 52 158 137 28 155 124 101 120 39 151 119 10 49 149 99 12 
60 112 44 82 75 111 63 40 77 22 89 72 62 8 25 121 81 103 31 98 52 2 69 51 
61 62 75 14 16 152 135 86 55 13 124 119 72 67 22 8 87 4 
62 61 126 39 91 167 60 123 57 151 3 166 105 135 
63 69 91 27 101 51 28 60 82 44 108 152 145 144 161 70 
64 58 163 51 12 45 19 68 9 15 166 75 154 134 47 27 105 107 79 
65 70 97 90 26 34 113 103 161 168 154 143 165 106 
66 7 95 103 40 149 28 36 150 67 92 164 81 142 53 114 45 
67 25 126 66 86 3 69 49 26 118 139 110 61 117 70 55 141 
68 16 25 86 46 6 13 14 64 120 42 141 147 43 162 115 30 143 123 105 
69 63 89 125 38 16 25 18 72 11 75 4 67 165 124 3 88 91 60 115 
70 65 149 8 125 152 138 88 53 97 102 123 159 128 136 80 52 33 7 146 154 67 63 30 104 81 130 
71 145 163 16 158 169 40 92 34 7 75 115 30 82 105 128 54 
72 114 90 163 69 85 60 30 101 61 34 158 
73 45 143 106 133 164 14 145 150 105 51 107 123 91 1 135 108 
74 150 166 8 114 84 50 40 25 78 169 52 6 164 55 
75 61 102 162 137 13 121 149 21 60 90 119 53 71 108 115 169 10 69 64 34 153 55 46 138 120 86 32 
76 93 95 37 145 167 140 124 78 150 77 49 88 
77 97 16 30 163 142 29 35 132 37 60 115 152 134 106 167 15 137 119 136 76 162 80 131 
78 18 159 147 54 161 93 144 133 135 111 5 106 168 76 74 109 55 28 
79 99 1 122 128 136 52 0 45 130 87 56 64 
80 101 43 112 158 14 132 38 130 24 16 139 156 45 137 122 70 119 77 
81 85 123 161 6 56 93 83 124 129 2 60 114 66 84 33 47 9 132 70 
82 60 124 115 151 63 17 137 118 54 71 55 144 143 150 53 
83 92 89 138 81 86 40 29 46 85 140 
84 132 55 74 16 153 106 161 81 34 141 159 113 26 39 
85 138 81 146 95 113 33 13 12 141 72 151 47 21 94 24 103 83 168 96 42 167 52 92 
86 169 68 143 1 122 67 38 83 61 40 105 136 120 75 158 34 92 166 
87 141 133 40 160 7 118 3 104 2 34 23 57 45 79 90 130 13 95 61 
88 1 45 89 139 2 122 49 70 90 102 14 69 159 76 
89 115 69 93 10 88 83 60 41 134 8 98 9 111 103 4 94 165 38 136 
90 44 75 72 42 117 88 65 158 8 164 38 87 26 19 33 50 52 
91 63 18 44 111 7 129 2 27 53 62 32 169 49 92 55 110 69 73 135 133 
92 42 8 83 129 1 71 21 51 66 29 26 91 159 102 149 30 43 86 85 
93 89 76 34 9 78 7 81 104 163 22 33 41 95 125 
94 18 101 97 127 85 163 43 89 111 126 
95 123 4 85 14 76 66 143 128 165 52 44 55 93 111 87 148 
96 21 18 136 100 4 40 124 50 139 110 34 127 8 137 38 58 85 
97 77 135 94 56 65 122 35 164 70 43 13 23 169 38 
98 42 116 23 107 9 19 89 152 60 
99 27 79 125 17 55 14 140 115 59 124 
100 45 159 39 96 7 165 102 113 16 29 42 12 163 121 53 123 111 17 26 3 21 
101 80 94 153 22 63 6 33 59 27 142 72 30 154 1 
102 75 58 100 119 112 70 88 33 104 165 123 137 105 92 41 118 26 111 
103 66 138 47 65 53 85 60 44 89 52 
104 164 0 54 124 131 122 136 93 87 27 10 14 102 144 125 28 162 70 161 8 166 
105 158 123 116 73 71 125 111 127 86 102 62 64 121 68 161 
106 55 165 51 149 5 123 73 35 120 145 8 10 128 147 77 33 84 129 34 78 15 153 65 133 141 
107 136 43 3 7 149 159 98 73 64 135 
108 158 118 17 157 128 48 26 41 150 146 145 15 75 130 63 127 19 163 56 38 3 14 47 10 73 
109 114 32 160 125 166 143 138 78 4 
110 36 167 1 96 139 162 20 15 91 67 133 121 132 
111 58 25 48 91 60 148 57 3 78 136 9 89 114 100 118 105 145 95 94 102 
112 24 60 38 47 15 80 124 102 142 23 168 147 5 30 121 54 13 114 6 136 58 
113 85 56 24 131 16 53 100 43 15 19 65 35 133 159 119 147 49 84 
114 147 72 160 109 74 138 49 13 81 45 130 111 51 112 144 66 
115 89 0 151 22 82 77 56 71 75 147 27 150 51 68 11 53 162 69 99 
116 150 47 40 98 27 118 122 49 132 105 33 131 149 166 9 56 134 
117 1 45 148 37 51 26 90 151 48 121 126 24 17 2 44 67 
118 108 55 143 128 148 144 37 116 87 82 20 10 38 111 67 141 46 161 102 167 16 12 
119 50 102 75 41 166 45 5 113 18 61 77 59 33 80 55 140 153 150 139 
120 6 106 24 68 59 23 30 165 141 75 57 86 51 7 
121 75 43 6 145 124 140 129 16 4 60 117 100 15 126 169 112 8 24 110 105 
122 21 79 86 163 97 116 88 145 104 50 44 131 45 149 80 155 36 
123 59 95 131 18 165 81 44 105 106 133 1 2 32 130 150 70 62 100 146 102 134 73 41 138 68 
124 50 36 58 104 96 82 121 112 18 169 81 155 59 134 69 76 61 156 40 32 128 99 
125 3 51 27 16 69 99 58 20 70 165 149 109 155 40 105 104 93 0 141 5 
126 62 137 67 26 57 164 136 12 145 34 117 121 163 133 94 
127 15 136 167 94 28 96 55 155 135 108 138 25 105 154 29 27 50 12 
128 27 132 118 108 31 79 52 95 106 40 30 20 70 16 71 163 124 160 141 
129 3 92 23 91 153 157 121 155 81 27 20 106 10 24 15 49 
130 16 132 134 0 141 123 80 108 144 157 79 114 42 87 169 45 70 
131 8 123 1 39 113 104 116 122 14 132 155 145 31 77 
132 128 130 15 6 84 77 116 80 145 137 131 29 155 133 81 169 110 36 
133 87 19 158 50 123 73 18 134 1 78 135 113 37 149 110 126 132 10 106 91 55 
134 15 152 130 8 133 140 77 55 47 159 89 124 3 64 123 150 27 116 28 
135 97 61 52 133 127 78 5 34 54 4 3 91 62 73 107 
136 96 107 8 22 167 127 140 79 126 104 166 111 70 138 86 112 77 15 139 89 
137 75 126 140 157 57 165 59 150 45 24 82 132 96 77 80 39 102 25 42 
138 85 47 83 70 103 114 143 127 109 12 136 75 22 150 123 51 
139 155 152 162 96 88 110 80 38 144 67 44 148 41 136 119 
140 21 137 24 121 136 134 161 32 18 76 47 158 99 119 83 19 
141 57 87 146 150 29 130 85 152 68 164 9 120 118 84 125 106 67 128 
142 77 20 26 45 166 112 8 24 9 101 66 5 
143 73 86 118 155 144 95 20 167 138 149 109 82 65 40 68 32 
144 147 160 162 150 118 21 78 51 143 54 130 139 63 30 104 152 82 15 114 166 
145 71 57 20 149 121 106 122 108 76 132 126 168 45 63 162 13 54 73 111 131 
146 22 85 141 108 29 36 34 123 39 2 70 45 41 16 
147 114 144 38 78 37 106 115 68 112 40 36 113 24 168 
148 118 117 111 149 2 29 139 95 3 154 22 
149 70 162 75 106 145 66 125 35 107 116 44 143 133 148 122 59 38 57 92 
150 153 116 74 144 49 141 157 28 108 12 137 66 123 29 115 17 73 22 39 47 76 167 82 134 138 119 
151 46 42 115 82 27 85 117 162 62 59 
152 12 134 139 45 24 61 70 77 155 141 27 63 161 165 28 98 144 
153 150 101 33 51 129 84 75 6 106 55 119 27 
154 26 29 167 164 157 20 64 53 127 101 65 38 70 148 169 
155 53 139 143 152 129 168 12 59 127 124 159 10 125 131 132 122 
156 162 20 52 40 51 39 16 80 6 28 160 124 
157 4 108 150 165 20 137 16 24 129 40 154 130 14 166 22 159 28 42 49 32 
158 108 4 105 27 161 71 133 30 59 80 167 37 90 3 28 40 49 140 14 86 21 72 
159 100 5 78 25 11 107 155 134 70 113 92 166 157 28 37 88 84 
160 144 114 87 109 34 163 4 156 35 164 128 32 
161 32 81 158 30 78 140 165 152 84 50 63 65 0 22 118 25 38 104 105 
162 144 25 75 149 139 156 43 41 145 57 110 68 151 12 40 26 30 115 104 77 
163 64 71 77 25 122 14 72 160 100 27 43 94 108 93 40 126 128 13 57 
164 104 24 97 154 126 166 73 66 90 141 33 74 160 4 
165 123 106 100 157 125 137 53 95 161 152 69 102 120 49 19 65 89 
166 74 49 142 109 164 119 136 64 116 157 57 58 159 62 31 144 86 104 46 
167 22 110 136 127 154 158 62 143 76 77 37 8 49 150 85 118 43 
168 9 155 145 112 27 0 78 65 85 43 147 37 
169 86 34 71 124 91 75 10 121 33 74 97 130 26 132 58 154 
