0 43 
0 153 
0 162 
0 7 
0 21 
0 123 
0 111 
0 114 
0 29 
0 32 
0 11 
0 37 
0 161 
0 116 
0 160 
0 5 
0 4 
0 10 
0 78 
0 176 
0 85 
0 134 
0 115 
0 150 
0 40 
0 26 
0 105 
0 14 
0 18 
0 97 
0 22 
0 61 
0 103 
0 67 
0 107 
0 135 
0 69 
1 25 
1 138 
1 69 
1 128 
1 157 
1 126 
1 52 
1 55 
1 13 
1 22 
1 28 
1 174 
1 134 
1 4 
1 148 
1 119 
1 175 
1 75 
1 62 
1 176 
1 101 
1 47 
1 35 
1 37 
1 18 
1 8 
1 168 
1 30 
1 125 
1 40 
1 50 
1 165 
1 16 
1 171 
1 136 
1 59 
1 41 
1 167 
1 56 
1 82 
1 162 
1 58 
1 114 
1 24 
1 94 
1 120 
2 54 
2 58 
2 168 
2 174 
2 151 
2 165 
2 175 
2 132 
2 137 
2 154 
2 93 
2 153 
2 167 
2 83 
2 114 
2 162 
2 161 
2 4 
2 160 
2 13 
2 60 
2 117 
2 107 
2 22 
2 110 
2 101 
2 113 
2 124 
2 131 
2 133 
2 90 
2 145 
2 140 
2 141 
2 82 
2 29 
3 124 
3 49 
3 165 
3 97 
3 94 
3 117 
3 96 
3 143 
3 14 
3 144 
3 151 
3 33 
3 116 
3 58 
3 38 
3 32 
3 85 
3 109 
3 17 
3 65 
3 78 
3 73 
3 68 
3 168 
3 43 
3 69 
3 178 
3 119 
3 84 
3 153 
3 81 
3 100 
3 149 
3 173 
3 50 
3 104 
3 131 
3 122 
4 98 
4 130 
4 86 
4 27 
4 22 
4 59 
4 169 
4 149 
4 176 
4 56 
4 1 
4 53 
4 16 
4 155 
4 7 
4 141 
4 153 
4 111 
4 109 
4 172 
4 112 
4 2 
4 116 
4 12 
4 0 
4 119 
4 57 
4 151 
4 101 
4 102 
4 129 
4 43 
4 75 
4 171 
4 161 
4 47 
4 150 
5 130 
5 100 
5 60 
5 22 
5 153 
5 145 
5 25 
5 92 
5 98 
5 85 
5 144 
5 172 
5 81 
5 59 
5 78 
5 0 
5 13 
5 161 
5 122 
5 108 
5 133 
5 178 
5 105 
5 72 
5 30 
5 138 
5 160 
5 79 
5 146 
5 158 
5 50 
5 127 
5 43 
6 119 
6 175 
6 104 
6 49 
6 76 
6 152 
6 174 
6 88 
6 115 
6 179 
6 71 
6 80 
6 132 
6 26 
6 69 
6 172 
6 121 
6 99 
6 157 
6 111 
6 62 
6 96 
6 101 
6 73 
6 7 
6 28 
6 46 
6 48 
6 156 
6 90 
6 139 
6 51 
6 15 
6 84 
6 107 
6 87 
6 135 
6 38 
6 167 
6 79 
6 122 
7 51 
7 20 
7 47 
7 32 
7 87 
7 55 
7 0 
7 57 
7 66 
7 49 
7 4 
7 40 
7 168 
7 147 
7 22 
7 25 
7 155 
7 73 
7 135 
7 129 
7 6 
7 149 
7 62 
7 111 
7 108 
7 81 
7 21 
7 116 
7 78 
7 90 
7 74 
7 19 
7 112 
7 126 
8 78 
8 139 
8 158 
8 26 
8 134 
8 58 
8 169 
8 121 
8 110 
8 69 
8 177 
8 73 
8 40 
8 113 
8 141 
8 104 
8 71 
8 1 
8 38 
8 95 
8 98 
8 138 
8 119 
8 157 
8 118 
8 32 
8 48 
8 62 
8 85 
8 53 
8 61 
8 46 
8 122 
9 35 
9 100 
9 159 
9 143 
9 136 
9 22 
9 134 
9 41 
9 61 
9 79 
9 153 
9 47 
9 38 
9 56 
9 113 
9 176 
9 110 
9 70 
9 72 
9 139 
9 180 
9 146 
9 179 
9 32 
9 155 
9 181 
9 166 
9 76 
9 63 
9 102 
9 127 
9 98 
9 68 
9 78 
9 173 
9 51 
9 123 
9 120 
9 81 
9 162 
10 33 
10 55 
10 48 
10 158 
10 44 
10 130 
10 21 
10 79 
10 75 
10 154 
10 88 
10 99 
10 113 
10 0 
10 108 
10 95 
10 148 
10 161 
10 181 
10 112 
10 78 
10 142 
10 159 
10 43 
10 166 
10 151 
10 39 
10 14 
10 118 
10 125 
10 19 
10 116 
10 32 
10 22 
10 41 
10 109 
11 125 
11 17 
11 107 
11 92 
11 30 
11 133 
11 25 
11 108 
11 121 
11 28 
11 153 
11 20 
11 94 
11 82 
11 102 
11 40 
11 159 
11 67 
11 176 
11 109 
11 86 
11 0 
11 95 
11 43 
11 93 
11 48 
11 174 
11 21 
11 56 
11 31 
11 172 
11 14 
11 12 
11 139 
11 38 
11 90 
11 75 
11 52 
11 162 
11 152 
11 71 
11 57 
11 73 
12 156 
12 159 
12 169 
12 99 
12 15 
12 157 
12 57 
12 129 
12 41 
12 29 
12 123 
12 147 
12 179 
12 158 
12 45 
12 137 
12 68 
12 121 
12 33 
12 171 
12 4 
12 51 
12 42 
12 24 
12 53 
12 163 
12 30 
12 71 
12 49 
12 149 
12 11 
12 118 
12 110 
12 173 
12 160 
12 136 
12 93 
12 115 
12 19 
12 106 
12 154 
12 89 
12 134 
13 141 
13 157 
13 61 
13 136 
13 98 
13 147 
13 153 
13 155 
13 1 
13 168 
13 109 
13 123 
13 32 
13 27 
13 34 
13 20 
13 52 
13 2 
13 5 
13 21 
13 69 
13 75 
13 66 
13 102 
13 125 
13 110 
13 95 
13 162 
13 64 
13 60 
13 161 
13 45 
13 163 
13 41 
13 151 
14 117 
14 123 
14 151 
14 81 
14 42 
14 135 
14 138 
14 3 
14 176 
14 27 
14 109 
14 112 
14 177 
14 153 
14 54 
14 106 
14 61 
14 55 
14 127 
14 46 
14 102 
14 114 
14 11 
14 79 
14 134 
14 101 
14 0 
14 130 
14 33 
14 38 
14 147 
14 10 
14 141 
14 131 
14 53 
14 37 
14 107 
14 122 
14 71 
14 146 
14 121 
14 52 
15 159 
15 172 
15 12 
15 34 
15 164 
15 144 
15 26 
15 145 
15 103 
15 90 
15 129 
15 120 
15 33 
15 31 
15 48 
15 49 
15 59 
15 105 
15 133 
15 107 
15 38 
15 66 
15 111 
15 35 
15 141 
15 63 
15 152 
15 174 
15 6 
15 114 
15 87 
15 86 
15 135 
15 112 
15 18 
15 89 
16 47 
16 33 
16 181 
16 89 
16 84 
16 83 
16 4 
16 149 
16 107 
16 167 
16 142 
16 111 
16 42 
16 161 
16 59 
16 128 
16 162 
16 53 
16 100 
16 25 
16 104 
16 1 
16 133 
16 176 
16 95 
16 63 
16 68 
16 74 
16 19 
16 77 
16 50 
16 141 
17 11 
17 41 
17 161 
17 25 
17 181 
17 114 
17 133 
17 39 
17 134 
17 56 
17 85 
17 22 
17 154 
17 131 
17 141 
17 95 
17 61 
17 66 
17 137 
17 153 
17 3 
17 101 
17 116 
17 108 
17 64 
17 31 
17 44 
17 178 
17 79 
17 91 
17 142 
17 129 
18 67 
18 56 
18 42 
18 36 
18 111 
18 122 
18 159 
18 47 
18 21 
18 131 
18 84 
18 150 
18 174 
18 75 
18 55 
18 121 
18 1 
18 176 
18 132 
18 147 
18 102 
18 109 
18 179 
18 180 
18 0 
18 19 
18 20 
18 116 
18 29 
18 113 
18 135 
18 151 
18 85 
18 82 
18 123 
18 15 
19 61 
19 86 
19 64 
19 91 
19 148 
19 49 
19 106 
19 134 
19 95 
19 90 
19 21 
19 52 
19 130 
19 165 
19 30 
19 103 
19 128 
19 159 
19 151 
19 73 
19 173 
19 119 
19 131 
19 70 
19 18 
19 10 
19 166 
19 16 
19 87 
19 12 
19 7 
19 158 
19 179 
19 99 
20 38 
20 131 
20 7 
20 70 
20 177 
20 170 
20 98 
20 175 
20 160 
20 121 
20 75 
20 46 
20 59 
20 11 
20 57 
20 63 
20 30 
20 174 
20 24 
20 29 
20 13 
20 150 
20 26 
20 73 
20 143 
20 25 
20 158 
20 99 
20 179 
20 22 
20 124 
20 128 
20 156 
20 136 
20 18 
20 135 
20 43 
20 78 
20 37 
20 125 
21 79 
21 33 
21 114 
21 78 
21 52 
21 126 
21 93 
21 18 
21 110 
21 0 
21 134 
21 105 
21 37 
21 10 
21 87 
21 60 
21 19 
21 124 
21 155 
21 90 
21 117 
21 133 
21 66 
21 99 
21 156 
21 11 
21 83 
21 168 
21 70 
21 31 
21 154 
21 13 
21 96 
21 132 
21 177 
21 147 
21 145 
21 39 
21 151 
21 7 
21 128 
21 173 
21 160 
21 137 
21 138 
21 41 
21 141 
21 167 
21 48 
22 152 
22 176 
22 88 
22 64 
22 5 
22 4 
22 9 
22 125 
22 164 
22 54 
22 107 
22 1 
22 53 
22 163 
22 141 
22 81 
22 17 
22 126 
22 95 
22 180 
22 76 
22 105 
22 99 
22 7 
22 170 
22 142 
22 50 
22 2 
22 113 
22 98 
22 20 
22 114 
22 80 
22 145 
22 58 
22 65 
22 0 
22 10 
22 63 
23 107 
23 139 
23 87 
23 53 
23 45 
23 177 
23 47 
23 99 
23 56 
23 174 
23 131 
23 169 
23 64 
23 120 
23 162 
23 161 
23 74 
23 168 
23 73 
23 61 
23 163 
23 25 
23 33 
23 51 
23 151 
23 80 
23 37 
23 175 
23 90 
23 165 
23 128 
23 68 
23 101 
23 111 
23 118 
23 67 
23 96 
23 24 
24 160 
24 40 
24 80 
24 178 
24 117 
24 54 
24 39 
24 146 
24 75 
24 115 
24 156 
24 20 
24 139 
24 63 
24 173 
24 38 
24 12 
24 127 
24 35 
24 32 
24 132 
24 170 
24 51 
24 62 
24 29 
24 101 
24 1 
24 177 
24 23 
24 83 
24 61 
25 1 
25 17 
25 5 
25 77 
25 11 
25 75 
25 162 
25 155 
25 150 
25 99 
25 178 
25 138 
25 70 
25 122 
25 117 
25 85 
25 97 
25 131 
25 7 
25 23 
25 20 
25 16 
25 37 
25 169 
25 119 
25 141 
25 134 
25 79 
25 96 
25 179 
25 41 
25 120 
25 170 
25 136 
25 135 
25 31 
25 167 
25 54 
26 97 
26 134 
26 8 
26 123 
26 182 
26 15 
26 50 
26 143 
26 75 
26 154 
26 53 
26 42 
26 6 
26 105 
26 124 
26 112 
26 104 
26 170 
26 20 
26 128 
26 95 
26 160 
26 109 
26 161 
26 121 
26 33 
26 57 
26 0 
26 117 
26 173 
26 141 
26 157 
26 96 
26 67 
26 60 
26 63 
26 166 
26 29 
26 46 
26 118 
26 64 
26 78 
26 83 
26 131 
26 90 
27 121 
27 4 
27 176 
27 179 
27 136 
27 62 
27 178 
27 56 
27 53 
27 131 
27 67 
27 157 
27 14 
27 82 
27 13 
27 171 
27 123 
27 54 
27 158 
27 66 
27 100 
27 117 
27 124 
27 89 
27 97 
27 108 
27 80 
27 90 
27 104 
27 34 
27 120 
27 105 
27 134 
27 122 
27 163 
27 111 
27 102 
27 44 
27 41 
27 147 
27 112 
28 72 
28 168 
28 144 
28 74 
28 87 
28 59 
28 64 
28 1 
28 11 
28 167 
28 99 
28 124 
28 79 
28 135 
28 163 
28 155 
28 173 
28 110 
28 77 
28 138 
28 6 
28 84 
28 106 
28 150 
28 164 
28 89 
28 54 
28 47 
28 105 
28 52 
28 33 
28 80 
28 35 
28 146 
29 158 
29 71 
29 49 
29 151 
29 58 
29 51 
29 109 
29 128 
29 12 
29 167 
29 141 
29 102 
29 82 
29 113 
29 85 
29 0 
29 175 
29 129 
29 77 
29 20 
29 43 
29 111 
29 64 
29 179 
29 157 
29 170 
29 31 
29 159 
29 97 
29 98 
29 96 
29 165 
29 18 
29 26 
29 30 
29 24 
29 78 
29 104 
29 2 
29 90 
29 112 
29 95 
30 169 
30 11 
30 46 
30 108 
30 95 
30 131 
30 47 
30 177 
30 81 
30 89 
30 52 
30 151 
30 58 
30 179 
30 19 
30 20 
30 110 
30 134 
30 152 
30 109 
30 64 
30 143 
30 171 
30 32 
30 1 
30 112 
30 12 
30 173 
30 63 
30 87 
30 93 
30 140 
30 113 
30 139 
30 5 
30 29 
30 111 
30 133 
30 101 
30 141 
30 176 
31 169 
31 62 
31 68 
31 124 
31 61 
31 135 
31 91 
31 34 
31 41 
31 15 
31 84 
31 104 
31 151 
31 161 
31 129 
31 46 
31 48 
31 21 
31 117 
31 11 
31 147 
31 29 
31 96 
31 79 
31 176 
31 17 
31 66 
31 71 
31 33 
31 37 
31 65 
31 73 
31 173 
31 25 
31 178 
31 85 
31 59 
31 52 
31 101 
32 84 
32 33 
32 126 
32 102 
32 7 
32 106 
32 109 
32 156 
32 132 
32 58 
32 77 
32 163 
32 13 
32 46 
32 0 
32 160 
32 3 
32 125 
32 35 
32 47 
32 30 
32 9 
32 86 
32 162 
32 157 
32 8 
32 24 
32 130 
32 70 
32 34 
32 161 
32 10 
32 38 
32 176 
32 75 
33 21 
33 10 
33 32 
33 16 
33 86 
33 84 
33 157 
33 153 
33 166 
33 129 
33 134 
33 135 
33 88 
33 109 
33 147 
33 123 
33 3 
33 15 
33 91 
33 176 
33 115 
33 40 
33 12 
33 105 
33 121 
33 76 
33 66 
33 89 
33 78 
33 23 
33 61 
33 68 
33 45 
33 156 
33 160 
33 177 
33 162 
33 26 
33 163 
33 56 
33 14 
33 35 
33 111 
33 31 
33 141 
33 159 
33 74 
33 28 
33 173 
34 124 
34 100 
34 62 
34 42 
34 113 
34 133 
34 15 
34 98 
34 110 
34 77 
34 59 
34 137 
34 103 
34 31 
34 119 
34 115 
34 13 
34 94 
34 144 
34 46 
34 75 
34 116 
34 65 
34 148 
34 172 
34 169 
34 128 
34 78 
34 168 
34 134 
34 93 
34 155 
34 145 
34 27 
34 32 
34 53 
34 180 
34 136 
34 166 
34 163 
34 142 
34 87 
34 177 
35 9 
35 177 
35 157 
35 82 
35 180 
35 143 
35 142 
35 97 
35 126 
35 137 
35 107 
35 87 
35 51 
35 140 
35 72 
35 103 
35 69 
35 182 
35 32 
35 1 
35 75 
35 78 
35 179 
35 40 
35 24 
35 109 
35 84 
35 168 
35 15 
35 59 
35 161 
35 108 
35 81 
35 115 
35 33 
35 175 
35 86 
35 160 
35 101 
35 149 
35 28 
36 66 
36 18 
36 152 
36 130 
36 99 
36 113 
36 109 
36 69 
36 150 
36 132 
36 75 
36 165 
36 47 
36 58 
36 135 
36 176 
36 119 
36 166 
36 140 
36 153 
36 163 
36 80 
36 93 
36 89 
36 105 
36 133 
36 168 
37 101 
37 169 
37 71 
37 134 
37 97 
37 121 
37 21 
37 171 
37 136 
37 131 
37 90 
37 76 
37 66 
37 0 
37 78 
37 175 
37 135 
37 60 
37 1 
37 109 
37 80 
37 25 
37 172 
37 23 
37 167 
37 52 
37 31 
37 130 
37 14 
37 126 
37 159 
37 20 
38 20 
38 127 
38 59 
38 121 
38 153 
38 140 
38 9 
38 104 
38 3 
38 91 
38 15 
38 24 
38 78 
38 8 
38 133 
38 163 
38 53 
38 149 
38 173 
38 93 
38 109 
38 162 
38 120 
38 96 
38 14 
38 123 
38 166 
38 11 
38 42 
38 58 
38 147 
38 143 
38 32 
38 6 
38 40 
39 118 
39 160 
39 59 
39 62 
39 17 
39 72 
39 158 
39 24 
39 178 
39 120 
39 181 
39 141 
39 113 
39 48 
39 124 
39 70 
39 101 
39 21 
39 90 
39 64 
39 10 
39 122 
39 147 
39 133 
39 108 
39 145 
39 115 
39 137 
39 173 
40 136 
40 42 
40 131 
40 24 
40 180 
40 102 
40 148 
40 86 
40 11 
40 106 
40 135 
40 7 
40 61 
40 33 
40 138 
40 8 
40 145 
40 160 
40 140 
40 48 
40 35 
40 155 
40 179 
40 175 
40 110 
40 124 
40 162 
40 1 
40 0 
40 90 
40 178 
40 158 
40 93 
40 168 
40 95 
40 156 
40 94 
40 101 
40 114 
40 38 
40 171 
41 60 
41 136 
41 17 
41 112 
41 87 
41 9 
41 89 
41 83 
41 12 
41 94 
41 130 
41 178 
41 97 
41 115 
41 31 
41 104 
41 86 
41 150 
41 133 
41 62 
41 73 
41 122 
41 1 
41 72 
41 25 
41 51 
41 13 
41 76 
41 52 
41 138 
41 10 
41 21 
41 27 
41 56 
42 106 
42 18 
42 175 
42 40 
42 34 
42 84 
42 100 
42 166 
42 14 
42 66 
42 70 
42 127 
42 162 
42 16 
42 124 
42 64 
42 133 
42 26 
42 47 
42 139 
42 157 
42 98 
42 12 
42 146 
42 71 
42 44 
42 56 
42 123 
42 171 
42 48 
42 38 
42 180 
42 135 
42 62 
42 121 
42 126 
43 98 
43 112 
43 0 
43 59 
43 143 
43 47 
43 74 
43 131 
43 179 
43 180 
43 11 
43 157 
43 29 
43 87 
43 54 
43 137 
43 68 
43 133 
43 90 
43 99 
43 124 
43 3 
43 129 
43 46 
43 10 
43 151 
43 125 
43 4 
43 73 
43 20 
43 5 
44 62 
44 148 
44 86 
44 119 
44 75 
44 128 
44 50 
44 142 
44 168 
44 67 
44 10 
44 172 
44 147 
44 156 
44 83 
44 52 
44 146 
44 103 
44 170 
44 57 
44 42 
44 104 
44 74 
44 131 
44 136 
44 145 
44 132 
44 17 
44 63 
44 89 
44 173 
44 105 
44 27 
44 90 
44 84 
45 150 
45 94 
45 81 
45 163 
45 23 
45 107 
45 64 
45 164 
45 143 
45 50 
45 82 
45 12 
45 174 
45 159 
45 62 
45 90 
45 33 
45 83 
45 98 
45 171 
45 180 
45 113 
45 136 
45 13 
45 127 
46 163 
46 138 
46 165 
46 108 
46 30 
46 145 
46 20 
46 110 
46 179 
46 50 
46 32 
46 166 
46 140 
46 98 
46 31 
46 117 
46 34 
46 148 
46 164 
46 6 
46 14 
46 106 
46 155 
46 43 
46 119 
46 62 
46 173 
46 153 
46 8 
46 26 
46 68 
46 162 
46 156 
46 97 
47 16 
47 151 
47 7 
47 82 
47 18 
47 105 
47 30 
47 107 
47 9 
47 84 
47 99 
47 67 
47 142 
47 23 
47 43 
47 87 
47 108 
47 42 
47 122 
47 66 
47 1 
47 88 
47 32 
47 143 
47 36 
47 177 
47 154 
47 133 
47 50 
47 97 
47 54 
47 28 
47 156 
47 176 
47 138 
47 148 
47 4 
47 161 
47 166 
47 53 
48 53 
48 98 
48 106 
48 10 
48 175 
48 86 
48 117 
48 55 
48 141 
48 15 
48 170 
48 159 
48 115 
48 73 
48 39 
48 136 
48 11 
48 118 
48 135 
48 93 
48 31 
48 40 
48 129 
48 134 
48 6 
48 119 
48 124 
48 8 
48 42 
48 66 
48 21 
49 125 
49 29 
49 3 
49 6 
49 153 
49 70 
49 131 
49 19 
49 103 
49 111 
49 7 
49 138 
49 170 
49 15 
49 178 
49 177 
49 132 
49 134 
49 146 
49 157 
49 163 
49 57 
49 12 
49 145 
49 175 
49 116 
49 55 
49 141 
49 77 
49 84 
49 149 
49 61 
49 56 
50 175 
50 141 
50 44 
50 45 
50 146 
50 52 
50 110 
50 26 
50 46 
50 59 
50 71 
50 156 
50 159 
50 22 
50 104 
50 125 
50 1 
50 74 
50 126 
50 3 
50 47 
50 165 
50 105 
50 5 
50 51 
50 16 
51 7 
51 145 
51 86 
51 155 
51 109 
51 153 
51 29 
51 57 
51 53 
51 35 
51 85 
51 121 
51 144 
51 12 
51 156 
51 112 
51 139 
51 115 
51 58 
51 23 
51 6 
51 143 
51 75 
51 130 
51 142 
51 182 
51 24 
51 41 
51 9 
51 117 
51 64 
51 50 
51 55 
51 62 
52 172 
52 21 
52 1 
52 104 
52 102 
52 136 
52 71 
52 50 
52 177 
52 19 
52 30 
52 103 
52 44 
52 145 
52 61 
52 13 
52 77 
52 123 
52 158 
52 86 
52 56 
52 142 
52 108 
52 37 
52 107 
52 11 
52 164 
52 41 
52 28 
52 148 
52 133 
52 14 
52 31 
53 173 
53 48 
53 152 
53 109 
53 178 
53 23 
53 98 
53 27 
53 106 
53 22 
53 4 
53 93 
53 51 
53 141 
53 87 
53 161 
53 26 
53 73 
53 172 
53 16 
53 12 
53 169 
53 38 
53 160 
53 120 
53 143 
53 124 
53 142 
53 8 
53 34 
53 65 
53 132 
53 144 
53 115 
53 60 
53 14 
53 129 
53 174 
53 56 
53 47 
54 76 
54 2 
54 91 
54 74 
54 79 
54 63 
54 170 
54 22 
54 101 
54 73 
54 145 
54 80 
54 143 
54 77 
54 24 
54 14 
54 43 
54 27 
54 111 
54 58 
54 164 
54 119 
54 28 
54 173 
54 99 
54 47 
54 25 
55 10 
55 94 
55 7 
55 1 
55 48 
55 160 
55 159 
55 56 
55 18 
55 87 
55 89 
55 106 
55 140 
55 14 
55 57 
55 182 
55 83 
55 137 
55 176 
55 178 
55 165 
55 154 
55 93 
55 81 
55 84 
55 49 
55 111 
55 170 
55 150 
55 174 
55 51 
55 88 
55 162 
55 146 
56 120 
56 18 
56 64 
56 133 
56 27 
56 4 
56 96 
56 17 
56 78 
56 23 
56 162 
56 160 
56 130 
56 55 
56 75 
56 9 
56 181 
56 111 
56 11 
56 152 
56 94 
56 86 
56 171 
56 85 
56 42 
56 168 
56 52 
56 74 
56 33 
56 136 
56 80 
56 182 
56 1 
56 177 
56 65 
56 79 
56 112 
56 118 
56 167 
56 114 
56 128 
56 57 
56 53 
56 159 
56 49 
56 41 
57 62 
57 80 
57 138 
57 72 
57 12 
57 181 
57 169 
57 97 
57 148 
57 51 
57 7 
57 20 
57 94 
57 140 
57 4 
57 177 
57 44 
57 55 
57 147 
57 109 
57 73 
57 137 
57 135 
57 130 
57 26 
57 81 
57 49 
57 158 
57 126 
57 71 
57 108 
57 88 
57 11 
57 56 
57 77 
58 2 
58 117 
58 69 
58 29 
58 122 
58 137 
58 156 
58 78 
58 8 
58 32 
58 153 
58 148 
58 158 
58 30 
58 170 
58 3 
58 157 
58 66 
58 113 
58 36 
58 51 
58 54 
58 60 
58 86 
58 100 
58 105 
58 181 
58 1 
58 22 
58 38 
58 131 
58 101 
58 72 
58 139 
59 141 
59 39 
59 174 
59 117 
59 4 
59 43 
59 110 
59 125 
59 127 
59 28 
59 38 
59 163 
59 161 
59 129 
59 62 
59 20 
59 89 
59 154 
59 34 
59 146 
59 50 
59 82 
59 179 
59 5 
59 130 
59 63 
59 15 
59 178 
59 159 
59 16 
59 140 
59 169 
59 96 
59 109 
59 85 
59 108 
59 124 
59 105 
59 35 
59 1 
59 142 
59 88 
59 153 
59 72 
59 98 
59 61 
59 94 
59 158 
59 31 
59 66 
60 5 
60 41 
60 89 
60 138 
60 93 
60 141 
60 164 
60 21 
60 158 
60 179 
60 73 
60 170 
60 85 
60 114 
60 107 
60 146 
60 157 
60 87 
60 37 
60 104 
60 2 
60 137 
60 63 
60 58 
60 160 
60 131 
60 143 
60 26 
60 154 
60 175 
60 13 
60 53 
60 95 
61 140 
61 13 
61 103 
61 19 
61 97 
61 109 
61 128 
61 31 
61 9 
61 179 
61 148 
61 40 
61 52 
61 146 
61 74 
61 17 
61 23 
61 159 
61 33 
61 164 
61 14 
61 102 
61 75 
61 147 
61 126 
61 8 
61 119 
61 0 
61 59 
61 152 
61 167 
61 49 
61 76 
61 24 
61 145 
62 44 
62 57 
62 39 
62 31 
62 34 
62 80 
62 27 
62 88 
62 70 
62 164 
62 59 
62 106 
62 85 
62 113 
62 163 
62 149 
62 1 
62 101 
62 45 
62 121 
62 6 
62 41 
62 180 
62 150 
62 109 
62 7 
62 46 
62 124 
62 8 
62 175 
62 116 
62 123 
62 24 
62 155 
62 181 
62 42 
62 145 
62 87 
62 51 
63 104 
63 135 
63 112 
63 131 
63 123 
63 90 
63 54 
63 88 
63 171 
63 97 
63 20 
63 114 
63 59 
63 148 
63 89 
63 24 
63 161 
63 95 
63 92 
63 93 
63 60 
63 107 
63 102 
63 142 
63 30 
63 15 
63 9 
63 165 
63 129 
63 44 
63 70 
63 16 
63 26 
63 85 
63 78 
63 84 
63 64 
63 157 
63 22 
64 22 
64 182 
64 149 
64 19 
64 121 
64 56 
64 45 
64 28 
64 108 
64 132 
64 70 
64 159 
64 96 
64 23 
64 42 
64 176 
64 30 
64 29 
64 150 
64 84 
64 112 
64 17 
64 39 
64 100 
64 13 
64 165 
64 117 
64 175 
64 26 
64 63 
64 51 
64 158 
64 88 
65 130 
65 70 
65 103 
65 102 
65 157 
65 131 
65 139 
65 83 
65 173 
65 84 
65 133 
65 79 
65 104 
65 100 
65 150 
65 3 
65 34 
65 71 
65 170 
65 140 
65 90 
65 153 
65 161 
65 149 
65 136 
65 177 
65 53 
65 56 
65 31 
65 22 
65 106 
65 111 
65 179 
65 72 
65 174 
65 99 
66 36 
66 79 
66 136 
66 99 
66 87 
66 73 
66 42 
66 150 
66 88 
66 7 
66 116 
66 122 
66 105 
66 21 
66 37 
66 47 
66 67 
66 17 
66 33 
66 58 
66 135 
66 80 
66 15 
66 27 
66 81 
66 13 
66 157 
66 181 
66 106 
66 31 
66 160 
66 113 
66 168 
66 89 
66 59 
66 48 
67 169 
67 18 
67 157 
67 104 
67 107 
67 147 
67 44 
67 103 
67 27 
67 47 
67 11 
67 75 
67 112 
67 117 
67 94 
67 66 
67 106 
67 110 
67 182 
67 76 
67 156 
67 168 
67 143 
67 26 
67 113 
67 93 
67 160 
67 0 
67 100 
67 23 
67 178 
67 173 
68 140 
68 154 
68 91 
68 31 
68 83 
68 77 
68 133 
68 181 
68 135 
68 121 
68 12 
68 95 
68 87 
68 33 
68 43 
68 100 
68 118 
68 3 
68 171 
68 143 
68 168 
68 164 
68 103 
68 125 
68 174 
68 23 
68 9 
68 117 
68 16 
68 114 
68 46 
68 161 
68 147 
68 76 
68 102 
68 101 
69 153 
69 87 
69 1 
69 161 
69 58 
69 154 
69 104 
69 167 
69 36 
69 8 
69 70 
69 6 
69 35 
69 144 
69 171 
69 99 
69 133 
69 13 
69 103 
69 3 
69 130 
69 86 
69 143 
69 145 
69 156 
69 73 
69 151 
69 116 
69 0 
70 133 
70 131 
70 65 
70 106 
70 154 
70 169 
70 20 
70 101 
70 49 
70 115 
70 161 
70 62 
70 42 
70 139 
70 181 
70 64 
70 25 
70 69 
70 9 
70 39 
70 21 
70 96 
70 98 
70 109 
70 19 
70 176 
70 32 
70 63 
70 121 
70 92 
70 126 
70 130 
70 85 
71 29 
71 127 
71 37 
71 162 
71 152 
71 134 
71 52 
71 81 
71 6 
71 50 
71 101 
71 89 
71 132 
71 131 
71 120 
71 154 
71 8 
71 42 
71 65 
71 82 
71 107 
71 165 
71 140 
71 117 
71 12 
71 92 
71 31 
71 99 
71 57 
71 151 
71 136 
71 86 
71 14 
71 11 
71 138 
72 28 
72 119 
72 106 
72 177 
72 93 
72 158 
72 75 
72 146 
72 57 
72 164 
72 81 
72 39 
72 133 
72 170 
72 135 
72 35 
72 114 
72 117 
72 125 
72 92 
72 157 
72 99 
72 9 
72 123 
72 102 
72 163 
72 118 
72 78 
72 41 
72 5 
72 168 
72 59 
72 126 
72 65 
72 73 
72 147 
72 58 
72 112 
72 134 
73 93 
73 66 
73 54 
73 155 
73 173 
73 99 
73 146 
73 60 
73 53 
73 8 
73 48 
73 144 
73 107 
73 23 
73 167 
73 7 
73 20 
73 182 
73 19 
73 6 
73 141 
73 154 
73 108 
73 3 
73 41 
73 142 
73 57 
73 156 
73 75 
73 85 
73 114 
73 77 
73 97 
73 115 
73 43 
73 69 
73 31 
73 72 
73 11 
73 138 
74 54 
74 104 
74 28 
74 170 
74 130 
74 132 
74 91 
74 98 
74 174 
74 43 
74 86 
74 114 
74 158 
74 168 
74 61 
74 23 
74 145 
74 157 
74 129 
74 44 
74 108 
74 56 
74 111 
74 89 
74 50 
74 103 
74 16 
74 152 
74 33 
74 125 
74 144 
74 179 
74 7 
74 116 
74 128 
75 140 
75 112 
75 137 
75 44 
75 81 
75 134 
75 72 
75 157 
75 25 
75 117 
75 20 
75 10 
75 26 
75 67 
75 1 
75 56 
75 24 
75 18 
75 77 
75 177 
75 98 
75 159 
75 135 
75 36 
75 35 
75 34 
75 168 
75 172 
75 107 
75 13 
75 61 
75 110 
75 73 
75 108 
75 51 
75 161 
75 11 
75 79 
75 180 
75 127 
75 4 
75 142 
75 156 
75 32 
75 94 
75 141 
76 54 
76 6 
76 99 
76 113 
76 150 
76 176 
76 37 
76 22 
76 33 
76 131 
76 100 
76 93 
76 67 
76 83 
76 175 
76 91 
76 9 
76 140 
76 119 
76 133 
76 41 
76 68 
76 61 
77 164 
77 68 
77 25 
77 139 
77 169 
77 122 
77 141 
77 34 
77 167 
77 137 
77 54 
77 32 
77 112 
77 75 
77 78 
77 94 
77 29 
77 109 
77 160 
77 113 
77 28 
77 52 
77 82 
77 161 
77 156 
77 73 
77 159 
77 136 
77 49 
77 16 
77 134 
77 57 
77 80 
78 8 
78 21 
78 110 
78 162 
78 155 
78 159 
78 58 
78 127 
78 140 
78 152 
78 56 
78 139 
78 111 
78 167 
78 182 
78 77 
78 37 
78 5 
78 104 
78 79 
78 33 
78 35 
78 0 
78 38 
78 95 
78 3 
78 177 
78 164 
78 34 
78 10 
78 150 
78 181 
78 97 
78 72 
78 107 
78 9 
78 89 
78 108 
78 26 
78 7 
78 29 
78 63 
78 20 
78 85 
79 21 
79 162 
79 66 
79 54 
79 95 
79 97 
79 104 
79 172 
79 87 
79 9 
79 120 
79 153 
79 10 
79 158 
79 170 
79 141 
79 28 
79 100 
79 86 
79 65 
79 122 
79 154 
79 160 
79 78 
79 146 
79 119 
79 90 
79 14 
79 31 
79 25 
79 152 
79 17 
79 56 
79 5 
79 75 
79 182 
79 84 
79 93 
79 6 
80 163 
80 141 
80 62 
80 57 
80 24 
80 92 
80 152 
80 118 
80 54 
80 104 
80 158 
80 81 
80 6 
80 148 
80 89 
80 108 
80 181 
80 66 
80 143 
80 179 
80 37 
80 162 
80 23 
80 27 
80 56 
80 114 
80 22 
80 164 
80 36 
80 93 
80 28 
80 77 
80 172 
81 45 
81 75 
81 138 
81 83 
81 14 
81 121 
81 5 
81 72 
81 30 
81 22 
81 71 
81 92 
81 169 
81 80 
81 174 
81 66 
81 135 
81 57 
81 3 
81 35 
81 149 
81 175 
81 55 
81 7 
81 140 
81 9 
82 35 
82 127 
82 177 
82 47 
82 153 
82 11 
82 45 
82 29 
82 96 
82 59 
82 27 
82 160 
82 161 
82 163 
82 146 
82 133 
82 142 
82 155 
82 71 
82 77 
82 89 
82 1 
82 116 
82 134 
82 169 
82 113 
82 97 
82 151 
82 2 
82 18 
82 156 
83 140 
83 168 
83 181 
83 144 
83 68 
83 123 
83 81 
83 41 
83 128 
83 16 
83 180 
83 65 
83 176 
83 2 
83 44 
83 172 
83 109 
83 163 
83 21 
83 45 
83 76 
83 55 
83 165 
83 170 
83 179 
83 157 
83 26 
83 135 
83 24 
83 175 
84 32 
84 128 
84 33 
84 104 
84 111 
84 42 
84 18 
84 16 
84 47 
84 108 
84 106 
84 65 
84 31 
84 182 
84 156 
84 167 
84 177 
84 64 
84 124 
84 35 
84 125 
84 28 
84 99 
84 3 
84 6 
84 55 
84 63 
84 49 
84 79 
84 153 
84 135 
84 44 
84 109 
85 115 
85 164 
85 5 
85 135 
85 153 
85 107 
85 130 
85 122 
85 174 
85 62 
85 29 
85 108 
85 177 
85 17 
85 60 
85 51 
85 119 
85 149 
85 3 
85 96 
85 25 
85 103 
85 139 
85 0 
85 125 
85 59 
85 160 
85 56 
85 73 
85 99 
85 8 
85 63 
85 114 
85 70 
85 93 
85 18 
85 159 
85 31 
85 124 
85 78 
86 4 
86 44 
86 33 
86 101 
86 128 
86 51 
86 137 
86 19 
86 152 
86 143 
86 48 
86 40 
86 74 
86 11 
86 123 
86 79 
86 41 
86 56 
86 153 
86 32 
86 58 
86 169 
86 52 
86 69 
86 87 
86 99 
86 15 
86 35 
86 71 
86 174 
86 167 
86 102 
86 176 
87 173 
87 69 
87 130 
87 23 
87 28 
87 164 
87 7 
87 89 
87 41 
87 66 
87 79 
87 158 
87 159 
87 21 
87 35 
87 53 
87 179 
87 47 
87 162 
87 68 
87 120 
87 55 
87 43 
87 60 
87 109 
87 110 
87 92 
87 100 
87 108 
87 30 
87 86 
87 15 
87 91 
87 137 
87 6 
87 19 
87 145 
87 152 
87 62 
87 34 
88 22 
88 159 
88 171 
88 89 
88 149 
88 63 
88 97 
88 177 
88 33 
88 62 
88 182 
88 66 
88 6 
88 152 
88 139 
88 151 
88 10 
88 47 
88 167 
88 122 
88 104 
88 118 
88 94 
88 154 
88 59 
88 124 
88 108 
88 147 
88 140 
88 57 
88 64 
88 55 
88 127 
89 60 
89 88 
89 87 
89 41 
89 16 
89 123 
89 59 
89 30 
89 173 
89 117 
89 80 
89 90 
89 63 
89 145 
89 128 
89 55 
89 71 
89 156 
89 33 
89 110 
89 148 
89 139 
89 182 
89 109 
89 27 
89 82 
89 179 
89 74 
89 28 
89 78 
89 92 
89 135 
89 137 
89 44 
89 142 
89 96 
89 36 
89 12 
89 15 
89 66 
89 124 
89 180 
89 129 
90 177 
90 63 
90 115 
90 158 
90 140 
90 148 
90 19 
90 15 
90 21 
90 37 
90 135 
90 171 
90 179 
90 89 
90 134 
90 180 
90 161 
90 45 
90 43 
90 182 
90 118 
90 79 
90 136 
90 6 
90 40 
90 65 
90 39 
90 23 
90 27 
90 124 
90 11 
90 116 
90 2 
90 94 
90 142 
90 119 
90 29 
90 7 
90 26 
90 108 
90 143 
90 44 
90 156 
91 54 
91 163 
91 68 
91 166 
91 19 
91 170 
91 162 
91 74 
91 172 
91 179 
91 31 
91 135 
91 152 
91 33 
91 175 
91 38 
91 93 
91 126 
91 115 
91 143 
91 155 
91 177 
91 76 
91 87 
91 122 
91 107 
91 17 
91 123 
92 11 
92 5 
92 80 
92 127 
92 100 
92 81 
92 133 
92 110 
92 72 
92 152 
92 63 
92 164 
92 87 
92 161 
92 108 
92 71 
92 89 
92 70 
92 154 
92 117 
92 123 
93 72 
93 21 
93 73 
93 60 
93 96 
93 120 
93 98 
93 53 
93 2 
93 134 
93 168 
93 163 
93 11 
93 91 
93 48 
93 63 
93 76 
93 116 
93 38 
93 122 
93 34 
93 30 
93 114 
93 179 
93 40 
93 55 
93 178 
93 155 
93 67 
93 12 
93 170 
93 36 
93 136 
93 164 
93 85 
93 132 
93 80 
93 154 
93 100 
93 79 
94 143 
94 129 
94 154 
94 45 
94 3 
94 55 
94 108 
94 97 
94 41 
94 11 
94 102 
94 162 
94 34 
94 77 
94 57 
94 67 
94 123 
94 166 
94 122 
94 56 
94 88 
94 145 
94 103 
94 90 
94 40 
94 136 
94 59 
94 149 
94 1 
94 172 
94 75 
95 103 
95 117 
95 164 
95 143 
95 79 
95 30 
95 136 
95 129 
95 131 
95 19 
95 177 
95 22 
95 68 
95 11 
95 17 
95 63 
95 26 
95 10 
95 78 
95 161 
95 8 
95 165 
95 134 
95 135 
95 99 
95 16 
95 146 
95 13 
95 172 
95 180 
95 163 
95 40 
95 60 
95 167 
95 156 
95 29 
96 169 
96 111 
96 110 
96 112 
96 3 
96 93 
96 159 
96 147 
96 82 
96 56 
96 152 
96 99 
96 64 
96 151 
96 85 
96 117 
96 6 
96 70 
96 59 
96 21 
96 144 
96 149 
96 31 
96 156 
96 38 
96 26 
96 124 
96 25 
96 29 
96 103 
96 108 
96 89 
96 127 
96 23 
96 119 
97 138 
97 26 
97 61 
97 3 
97 143 
97 37 
97 35 
97 79 
97 88 
97 108 
97 94 
97 57 
97 174 
97 167 
97 63 
97 41 
97 170 
97 25 
97 104 
97 152 
97 135 
97 132 
97 178 
97 78 
97 27 
97 29 
97 148 
97 47 
97 73 
97 0 
97 82 
97 112 
97 154 
97 180 
97 146 
97 46 
98 4 
98 43 
98 48 
98 13 
98 20 
98 5 
98 116 
98 160 
98 53 
98 34 
98 143 
98 74 
98 93 
98 171 
98 108 
98 168 
98 106 
98 46 
98 75 
98 42 
98 135 
98 8 
98 45 
98 22 
98 101 
98 148 
98 70 
98 170 
98 178 
98 9 
98 113 
98 29 
98 147 
98 59 
99 66 
99 12 
99 108 
99 119 
99 153 
99 118 
99 36 
99 112 
99 25 
99 76 
99 73 
99 47 
99 144 
99 28 
99 175 
99 23 
99 158 
99 146 
99 170 
99 96 
99 157 
99 100 
99 22 
99 21 
99 156 
99 10 
99 6 
99 72 
99 69 
99 43 
99 20 
99 84 
99 159 
99 173 
99 95 
99 101 
99 85 
99 138 
99 109 
99 169 
99 86 
99 54 
99 71 
99 105 
99 165 
99 166 
99 19 
99 65 
100 162 
100 9 
100 5 
100 179 
100 34 
100 172 
100 42 
100 137 
100 157 
100 92 
100 112 
100 150 
100 102 
100 99 
100 79 
100 131 
100 125 
100 65 
100 76 
100 68 
100 16 
100 27 
100 87 
100 58 
100 144 
100 3 
100 161 
100 64 
100 108 
100 155 
100 67 
100 173 
100 93 
100 109 
101 37 
101 153 
101 86 
101 169 
101 70 
101 54 
101 120 
101 71 
101 1 
101 62 
101 17 
101 123 
101 6 
101 39 
101 4 
101 2 
101 98 
101 14 
101 99 
101 23 
101 152 
101 165 
101 30 
101 40 
101 24 
101 58 
101 35 
101 148 
101 108 
101 68 
101 31 
102 32 
102 148 
102 156 
102 65 
102 130 
102 147 
102 40 
102 129 
102 29 
102 94 
102 52 
102 112 
102 11 
102 114 
102 157 
102 100 
102 119 
102 145 
102 132 
102 61 
102 135 
102 14 
102 63 
102 72 
102 18 
102 111 
102 13 
102 9 
102 4 
102 142 
102 105 
102 175 
102 176 
102 110 
102 68 
102 27 
102 86 
103 61 
103 171 
103 65 
103 146 
103 95 
103 179 
103 15 
103 67 
103 49 
103 34 
103 152 
103 145 
103 150 
103 134 
103 168 
103 52 
103 176 
103 35 
103 44 
103 19 
103 85 
103 174 
103 173 
103 172 
103 69 
103 94 
103 130 
103 68 
103 159 
103 74 
103 108 
103 153 
103 96 
103 132 
103 0 
103 151 
103 114 
104 74 
104 182 
104 63 
104 67 
104 84 
104 118 
104 6 
104 109 
104 69 
104 79 
104 134 
104 113 
104 52 
104 80 
104 38 
104 153 
104 31 
104 111 
104 41 
104 149 
104 158 
104 78 
104 60 
104 97 
104 65 
104 26 
104 8 
104 88 
104 44 
104 50 
104 16 
104 129 
104 27 
104 145 
104 115 
104 3 
104 29 
104 123 
104 124 
104 156 
105 156 
105 140 
105 47 
105 163 
105 21 
105 147 
105 149 
105 66 
105 132 
105 173 
105 22 
105 15 
105 26 
105 148 
105 33 
105 150 
105 174 
105 110 
105 114 
105 116 
105 164 
105 155 
105 59 
105 5 
105 0 
105 58 
105 119 
105 125 
105 168 
105 28 
105 102 
105 27 
105 181 
105 108 
105 50 
105 99 
105 36 
105 44 
105 126 
106 42 
106 70 
106 72 
106 48 
106 32 
106 125 
106 124 
106 53 
106 19 
106 62 
106 84 
106 40 
106 137 
106 98 
106 67 
106 55 
106 148 
106 14 
106 110 
106 121 
106 46 
106 159 
106 28 
106 141 
106 66 
106 129 
106 112 
106 65 
106 12 
106 127 
106 156 
106 175 
107 11 
107 23 
107 124 
107 67 
107 179 
107 45 
107 22 
107 85 
107 47 
107 142 
107 35 
107 16 
107 60 
107 15 
107 73 
107 114 
107 116 
107 63 
107 2 
107 71 
107 145 
107 75 
107 125 
107 109 
107 78 
107 52 
107 146 
107 6 
107 152 
107 14 
107 91 
107 130 
107 0 
107 138 
107 135 
107 149 
108 99 
108 46 
108 30 
108 97 
108 94 
108 119 
108 11 
108 64 
108 127 
108 129 
108 84 
108 122 
108 149 
108 85 
108 143 
108 98 
108 116 
108 47 
108 147 
108 80 
108 10 
108 161 
108 73 
108 5 
108 17 
108 59 
108 74 
108 92 
108 146 
108 87 
108 165 
108 35 
108 27 
108 7 
108 75 
108 52 
108 88 
108 78 
108 103 
108 100 
108 57 
108 96 
108 114 
108 105 
108 130 
108 39 
108 101 
108 90 
108 178 
108 132 
109 173 
109 145 
109 149 
109 53 
109 61 
109 51 
109 157 
109 104 
109 110 
109 33 
109 13 
109 29 
109 32 
109 123 
109 148 
109 36 
109 11 
109 4 
109 14 
109 77 
109 3 
109 30 
109 87 
109 83 
109 152 
109 35 
109 37 
109 59 
109 135 
109 89 
109 57 
109 62 
109 26 
109 18 
109 38 
109 114 
109 107 
109 137 
109 70 
109 99 
109 164 
109 151 
109 112 
109 143 
109 10 
109 84 
109 100 
109 162 
110 59 
110 78 
110 109 
110 21 
110 96 
110 134 
110 171 
110 142 
110 34 
110 46 
110 155 
110 50 
110 140 
110 149 
110 8 
110 30 
110 9 
110 92 
110 67 
110 89 
110 160 
110 28 
110 105 
110 106 
110 87 
110 40 
110 2 
110 167 
110 173 
110 172 
110 75 
110 117 
110 168 
110 161 
110 12 
110 13 
110 165 
110 123 
110 131 
110 102 
110 135 
111 132 
111 18 
111 148 
111 143 
111 96 
111 84 
111 175 
111 139 
111 160 
111 155 
111 0 
111 174 
111 178 
111 49 
111 114 
111 78 
111 16 
111 4 
111 149 
111 104 
111 134 
111 29 
111 54 
111 56 
111 6 
111 15 
111 102 
111 7 
111 74 
111 23 
111 33 
111 30 
111 55 
111 27 
111 65 
111 141 
111 147 
112 43 
112 75 
112 41 
112 63 
112 96 
112 99 
112 160 
112 102 
112 158 
112 100 
112 67 
112 77 
112 4 
112 14 
112 177 
112 123 
112 26 
112 128 
112 51 
112 144 
112 163 
112 30 
112 10 
112 64 
112 149 
112 137 
112 97 
112 106 
112 109 
112 15 
112 56 
112 159 
112 7 
112 29 
112 72 
112 27 
113 34 
113 158 
113 104 
113 174 
113 36 
113 29 
113 168 
113 76 
113 62 
113 9 
113 39 
113 10 
113 8 
113 77 
113 58 
113 116 
113 139 
113 22 
113 157 
113 2 
113 171 
113 30 
113 98 
113 162 
113 45 
113 67 
113 82 
113 18 
113 66 
113 176 
113 148 
113 181 
113 123 
114 21 
114 129 
114 17 
114 132 
114 154 
114 0 
114 111 
114 74 
114 63 
114 102 
114 60 
114 72 
114 131 
114 2 
114 135 
114 107 
114 160 
114 165 
114 143 
114 105 
114 161 
114 14 
114 109 
114 93 
114 73 
114 22 
114 80 
114 15 
114 176 
114 115 
114 174 
114 1 
114 68 
114 179 
114 85 
114 40 
114 108 
114 56 
114 168 
114 103 
115 124 
115 147 
115 85 
115 145 
115 141 
115 90 
115 157 
115 178 
115 70 
115 6 
115 41 
115 150 
115 118 
115 171 
115 24 
115 34 
115 33 
115 152 
115 148 
115 163 
115 48 
115 91 
115 51 
115 0 
115 35 
115 114 
115 104 
115 73 
115 53 
115 12 
115 39 
116 98 
116 134 
116 137 
116 66 
116 3 
116 123 
116 108 
116 4 
116 0 
116 107 
116 34 
116 17 
116 113 
116 105 
116 93 
116 129 
116 119 
116 149 
116 82 
116 90 
116 62 
116 49 
116 18 
116 10 
116 7 
116 166 
116 74 
116 69 
117 161 
117 181 
117 58 
117 59 
117 14 
117 95 
117 150 
117 3 
117 75 
117 48 
117 147 
117 128 
117 24 
117 175 
117 89 
117 136 
117 133 
117 67 
117 21 
117 118 
117 72 
117 25 
117 163 
117 46 
117 96 
117 2 
117 31 
117 27 
117 71 
117 26 
117 110 
117 68 
117 127 
117 64 
117 145 
117 159 
117 51 
117 92 
118 39 
118 104 
118 140 
118 165 
118 99 
118 155 
118 80 
118 157 
118 143 
118 115 
118 117 
118 48 
118 138 
118 168 
118 88 
118 68 
118 90 
118 174 
118 8 
118 72 
118 12 
118 10 
118 145 
118 26 
118 23 
118 149 
118 56 
118 123 
118 158 
119 6 
119 72 
119 44 
119 99 
119 171 
119 124 
119 108 
119 155 
119 1 
119 154 
119 153 
119 140 
119 34 
119 158 
119 102 
119 85 
119 4 
119 135 
119 172 
119 36 
119 79 
119 19 
119 25 
119 8 
119 48 
119 181 
119 3 
119 182 
119 121 
119 46 
119 116 
119 105 
119 54 
119 76 
119 61 
119 178 
119 90 
119 166 
119 152 
119 96 
120 56 
120 163 
120 160 
120 162 
120 79 
120 93 
120 15 
120 39 
120 101 
120 23 
120 141 
120 87 
120 71 
120 155 
120 53 
120 125 
120 38 
120 175 
120 121 
120 27 
120 25 
120 169 
120 127 
120 150 
120 130 
120 128 
120 1 
120 9 
120 138 
120 159 
121 27 
121 64 
121 20 
121 38 
121 37 
121 11 
121 68 
121 148 
121 81 
121 8 
121 12 
121 51 
121 153 
121 6 
121 62 
121 33 
121 152 
121 18 
121 126 
121 106 
121 160 
121 165 
121 26 
121 119 
121 168 
121 159 
121 155 
121 120 
121 70 
121 166 
121 162 
121 172 
121 14 
121 42 
121 175 
122 18 
122 58 
122 77 
122 178 
122 85 
122 108 
122 153 
122 66 
122 134 
122 25 
122 47 
122 135 
122 79 
122 88 
122 94 
122 5 
122 93 
122 41 
122 39 
122 140 
122 149 
122 91 
122 27 
122 14 
122 143 
122 3 
122 8 
122 6 
123 130 
123 26 
123 63 
123 14 
123 83 
123 167 
123 0 
123 89 
123 125 
123 12 
123 13 
123 174 
123 109 
123 33 
123 157 
123 86 
123 116 
123 27 
123 112 
123 94 
123 101 
123 72 
123 52 
123 42 
123 38 
123 62 
123 156 
123 110 
123 91 
123 118 
123 92 
123 18 
123 104 
123 9 
123 164 
123 135 
123 113 
124 115 
124 147 
124 3 
124 151 
124 107 
124 34 
124 31 
124 161 
124 154 
124 119 
124 106 
124 175 
124 125 
124 21 
124 28 
124 42 
124 26 
124 39 
124 84 
124 43 
124 172 
124 40 
124 59 
124 27 
124 134 
124 2 
124 48 
124 53 
124 62 
124 20 
124 90 
124 88 
124 96 
124 159 
124 155 
124 143 
124 169 
124 137 
124 176 
124 89 
124 182 
124 85 
124 104 
125 11 
125 147 
125 49 
125 154 
125 155 
125 22 
125 59 
125 106 
125 145 
125 179 
125 133 
125 123 
125 124 
125 166 
125 100 
125 32 
125 72 
125 163 
125 129 
125 84 
125 85 
125 1 
125 144 
125 50 
125 107 
125 13 
125 151 
125 120 
125 68 
125 156 
125 43 
125 105 
125 148 
125 10 
125 178 
125 176 
125 74 
125 20 
126 32 
126 21 
126 35 
126 1 
126 177 
126 178 
126 149 
126 150 
126 161 
126 22 
126 91 
126 121 
126 170 
126 50 
126 61 
126 139 
126 181 
126 70 
126 57 
126 72 
126 37 
126 42 
126 156 
126 105 
126 7 
126 167 
127 71 
127 82 
127 141 
127 38 
127 154 
127 182 
127 59 
127 78 
127 42 
127 108 
127 92 
127 178 
127 24 
127 14 
127 173 
127 9 
127 164 
127 177 
127 120 
127 117 
127 75 
127 153 
127 106 
127 96 
127 5 
127 168 
127 152 
127 45 
127 88 
128 148 
128 84 
128 86 
128 44 
128 1 
128 61 
128 181 
128 83 
128 29 
128 137 
128 182 
128 117 
128 158 
128 160 
128 89 
128 19 
128 151 
128 16 
128 171 
128 112 
128 26 
128 34 
128 149 
128 20 
128 23 
128 135 
128 21 
128 143 
128 140 
128 146 
128 56 
128 120 
128 159 
128 74 
129 143 
129 94 
129 136 
129 114 
129 33 
129 59 
129 95 
129 12 
129 102 
129 108 
129 173 
129 15 
129 138 
129 29 
129 141 
129 31 
129 7 
129 48 
129 74 
129 125 
129 43 
129 104 
129 116 
129 158 
129 167 
129 4 
129 106 
129 63 
129 137 
129 156 
129 53 
129 140 
129 164 
129 17 
129 89 
129 169 
130 4 
130 123 
130 5 
130 157 
130 65 
130 160 
130 87 
130 155 
130 74 
130 140 
130 102 
130 36 
130 159 
130 10 
130 85 
130 41 
130 19 
130 56 
130 59 
130 139 
130 177 
130 103 
130 69 
130 166 
130 57 
130 176 
130 32 
130 51 
130 14 
130 37 
130 70 
130 107 
130 174 
130 108 
130 120 
131 70 
131 133 
131 20 
131 63 
131 40 
131 138 
131 18 
131 30 
131 65 
131 170 
131 95 
131 49 
131 27 
131 37 
131 23 
131 43 
131 17 
131 100 
131 162 
131 114 
131 25 
131 71 
131 175 
131 76 
131 141 
131 44 
131 19 
131 2 
131 60 
131 142 
131 110 
131 14 
131 58 
131 158 
131 3 
131 26 
132 162 
132 150 
132 111 
132 154 
132 114 
132 2 
132 74 
132 32 
132 166 
132 64 
132 36 
132 6 
132 138 
132 105 
132 172 
132 71 
132 141 
132 49 
132 102 
132 18 
132 97 
132 21 
132 143 
132 24 
132 135 
132 44 
132 179 
132 163 
132 53 
132 103 
132 145 
132 93 
132 108 
133 70 
133 131 
133 34 
133 56 
133 11 
133 68 
133 125 
133 17 
133 142 
133 159 
133 72 
133 180 
133 117 
133 92 
133 42 
133 21 
133 15 
133 65 
133 155 
133 43 
133 41 
133 82 
133 38 
133 69 
133 5 
133 16 
133 161 
133 2 
133 47 
133 181 
133 76 
133 134 
133 30 
133 39 
133 52 
133 36 
133 176 
134 26 
134 37 
134 8 
134 9 
134 75 
134 145 
134 104 
134 33 
134 110 
134 21 
134 151 
134 116 
134 1 
134 19 
134 155 
134 135 
134 165 
134 71 
134 17 
134 93 
134 141 
134 163 
134 156 
134 103 
134 122 
134 30 
134 166 
134 180 
134 111 
134 90 
134 162 
134 178 
134 49 
134 48 
134 0 
134 182 
134 124 
134 95 
134 34 
134 14 
134 25 
134 82 
134 133 
134 27 
134 168 
134 77 
134 12 
134 170 
134 72 
135 63 
135 163 
135 171 
135 85 
135 166 
135 33 
135 31 
135 148 
135 68 
135 14 
135 134 
135 91 
135 40 
135 72 
135 28 
135 90 
135 147 
135 122 
135 114 
135 75 
135 66 
135 37 
135 48 
135 119 
135 7 
135 36 
135 160 
135 97 
135 98 
135 109 
135 102 
135 81 
135 57 
135 162 
135 132 
135 95 
135 128 
135 20 
135 89 
135 15 
135 6 
135 157 
135 139 
135 18 
135 25 
135 84 
135 42 
135 83 
135 123 
135 107 
135 110 
135 0 
135 153 
136 13 
136 66 
136 139 
136 41 
136 40 
136 9 
136 145 
136 129 
136 27 
136 181 
136 95 
136 152 
136 52 
136 37 
136 117 
136 173 
136 48 
136 156 
136 141 
136 142 
136 90 
136 44 
136 166 
136 180 
136 1 
136 56 
136 176 
136 161 
136 20 
136 155 
136 65 
136 12 
136 45 
136 34 
136 71 
136 77 
136 25 
136 93 
136 94 
136 165 
137 176 
137 75 
137 86 
137 177 
137 35 
137 58 
137 128 
137 2 
137 77 
137 100 
137 180 
137 116 
137 34 
137 12 
137 143 
137 106 
137 148 
137 157 
137 17 
137 139 
137 151 
137 60 
137 43 
137 158 
137 174 
137 57 
137 146 
137 55 
137 109 
137 112 
137 129 
137 178 
137 87 
137 21 
137 89 
137 124 
137 175 
137 39 
138 1 
138 97 
138 46 
138 147 
138 144 
138 81 
138 131 
138 57 
138 60 
138 14 
138 25 
138 49 
138 132 
138 40 
138 129 
138 142 
138 118 
138 28 
138 148 
138 158 
138 8 
138 99 
138 5 
138 47 
138 41 
138 21 
138 161 
138 71 
138 107 
138 120 
138 73 
139 8 
139 136 
139 148 
139 23 
139 77 
139 178 
139 111 
139 140 
139 65 
139 70 
139 78 
139 88 
139 24 
139 155 
139 42 
139 137 
139 130 
139 150 
139 9 
139 85 
139 51 
139 113 
139 169 
139 89 
139 6 
139 30 
139 11 
139 145 
139 126 
139 135 
139 160 
139 58 
140 61 
140 83 
140 68 
140 75 
140 105 
140 118 
140 139 
140 90 
140 130 
140 157 
140 78 
140 38 
140 110 
140 35 
140 119 
140 141 
140 46 
140 57 
140 40 
140 59 
140 55 
140 175 
140 65 
140 71 
140 30 
140 153 
140 36 
140 76 
140 122 
140 128 
140 163 
140 2 
140 88 
140 129 
140 81 
141 59 
141 13 
141 50 
141 80 
141 115 
141 179 
141 127 
141 77 
141 60 
141 29 
141 147 
141 22 
141 48 
141 53 
141 134 
141 176 
141 79 
141 4 
141 173 
141 39 
141 17 
141 120 
141 140 
141 129 
141 132 
141 8 
141 168 
141 73 
141 136 
141 131 
141 106 
141 15 
141 25 
141 26 
141 14 
141 2 
141 33 
141 49 
141 30 
141 75 
141 21 
141 111 
141 16 
142 35 
142 44 
142 110 
142 166 
142 133 
142 162 
142 107 
142 156 
142 47 
142 177 
142 180 
142 16 
142 152 
142 150 
142 22 
142 138 
142 82 
142 136 
142 73 
142 63 
142 10 
142 59 
142 52 
142 131 
142 102 
142 53 
142 51 
142 90 
142 89 
142 171 
142 75 
142 148 
142 17 
142 34 
143 178 
143 94 
143 170 
143 146 
143 111 
143 9 
143 35 
143 97 
143 129 
143 95 
143 173 
143 45 
143 86 
143 177 
143 43 
143 98 
143 3 
143 54 
143 108 
143 118 
143 26 
143 137 
143 47 
143 30 
143 151 
143 91 
143 20 
143 80 
143 114 
143 132 
143 53 
143 67 
143 68 
143 51 
143 159 
143 164 
143 60 
143 69 
143 128 
143 124 
143 155 
143 38 
143 109 
143 122 
143 148 
143 174 
143 90 
144 168 
144 179 
144 150 
144 83 
144 28 
144 138 
144 5 
144 15 
144 99 
144 3 
144 73 
144 51 
144 153 
144 69 
144 34 
144 151 
144 112 
144 96 
144 125 
144 173 
144 175 
144 146 
144 100 
144 164 
144 53 
144 156 
144 74 
145 109 
145 181 
145 51 
145 136 
145 5 
145 115 
145 134 
145 125 
145 46 
145 15 
145 54 
145 155 
145 103 
145 156 
145 52 
145 89 
145 102 
145 74 
145 40 
145 107 
145 94 
145 21 
145 44 
145 139 
145 34 
145 69 
145 104 
145 49 
145 22 
145 2 
145 118 
145 117 
145 132 
145 160 
145 87 
145 39 
145 62 
145 61 
146 143 
146 103 
146 72 
146 167 
146 50 
146 59 
146 73 
146 99 
146 24 
146 160 
146 159 
146 60 
146 44 
146 61 
146 42 
146 79 
146 82 
146 9 
146 49 
146 181 
146 137 
146 144 
146 108 
146 95 
146 180 
146 162 
146 107 
146 5 
146 128 
146 14 
146 97 
146 28 
146 55 
146 148 
147 125 
147 124 
147 115 
147 13 
147 182 
147 138 
147 67 
147 154 
147 102 
147 158 
147 117 
147 96 
147 141 
147 12 
147 33 
147 153 
147 44 
147 105 
147 135 
147 7 
147 108 
147 149 
147 57 
147 18 
147 31 
147 61 
147 21 
147 179 
147 98 
147 39 
147 14 
147 38 
147 88 
147 172 
147 68 
147 72 
147 27 
147 111 
148 44 
148 128 
148 111 
148 139 
148 102 
148 175 
148 151 
148 135 
148 158 
148 19 
148 121 
148 57 
148 40 
148 90 
148 1 
148 58 
148 109 
148 61 
148 80 
148 115 
148 63 
148 105 
148 137 
148 106 
148 46 
148 165 
148 89 
148 10 
148 34 
148 138 
148 98 
148 167 
148 166 
148 97 
148 125 
148 170 
148 52 
148 142 
148 113 
148 47 
148 143 
148 101 
148 146 
149 109 
149 64 
149 88 
149 4 
149 108 
149 175 
149 16 
149 126 
149 105 
149 110 
149 62 
149 111 
149 85 
149 104 
149 147 
149 128 
149 38 
149 96 
149 167 
149 7 
149 112 
149 180 
149 12 
149 81 
149 3 
149 116 
149 65 
149 122 
149 118 
149 49 
149 94 
149 35 
149 107 
150 45 
150 182 
150 132 
150 144 
150 159 
150 169 
150 117 
150 175 
150 25 
150 18 
150 66 
150 176 
150 126 
150 115 
150 76 
150 100 
150 103 
150 36 
150 160 
150 158 
150 20 
150 64 
150 142 
150 105 
150 65 
150 139 
150 41 
150 62 
150 0 
150 78 
150 28 
150 161 
150 170 
150 120 
150 55 
150 173 
150 4 
150 162 
151 47 
151 124 
151 2 
151 29 
151 14 
151 134 
151 148 
151 3 
151 30 
151 88 
151 96 
151 31 
151 165 
151 128 
151 137 
151 143 
151 144 
151 19 
151 4 
151 23 
151 166 
151 125 
151 10 
151 21 
151 43 
151 109 
151 71 
151 82 
151 13 
151 18 
151 103 
151 69 
151 157 
152 22 
152 53 
152 36 
152 166 
152 71 
152 86 
152 6 
152 80 
152 136 
152 78 
152 103 
152 178 
152 96 
152 88 
152 91 
152 115 
152 30 
152 142 
152 121 
152 97 
152 92 
152 56 
152 109 
152 170 
152 15 
152 79 
152 101 
152 107 
152 74 
152 11 
152 61 
152 87 
152 127 
152 119 
153 69 
153 101 
153 0 
153 13 
153 5 
153 33 
153 177 
153 49 
153 51 
153 85 
153 99 
153 9 
153 82 
153 11 
153 79 
153 38 
153 2 
153 58 
153 147 
153 122 
153 119 
153 4 
153 104 
153 121 
153 169 
153 14 
153 144 
153 17 
153 161 
153 86 
153 3 
153 173 
153 65 
153 140 
153 59 
153 36 
153 46 
153 103 
153 162 
153 84 
153 127 
153 135 
154 68 
154 70 
154 94 
154 125 
154 69 
154 177 
154 161 
154 127 
154 132 
154 114 
154 124 
154 147 
154 178 
154 2 
154 59 
154 119 
154 26 
154 10 
154 17 
154 175 
154 79 
154 71 
154 21 
154 180 
154 73 
154 181 
154 88 
154 55 
154 47 
154 60 
154 97 
154 92 
154 172 
154 12 
154 93 
155 162 
155 125 
155 51 
155 130 
155 13 
155 78 
155 111 
155 118 
155 119 
155 25 
155 73 
155 134 
155 110 
155 145 
155 4 
155 21 
155 28 
155 139 
155 133 
155 7 
155 91 
155 40 
155 82 
155 9 
155 120 
155 181 
155 46 
155 105 
155 168 
155 34 
155 121 
155 93 
155 136 
155 124 
155 143 
155 100 
155 62 
156 12 
156 102 
156 105 
156 58 
156 32 
156 142 
156 44 
156 134 
156 181 
156 171 
156 145 
156 24 
156 99 
156 50 
156 136 
156 84 
156 21 
156 51 
156 89 
156 161 
156 33 
156 165 
156 67 
156 6 
156 73 
156 176 
156 96 
156 125 
156 77 
156 20 
156 69 
156 159 
156 179 
156 47 
156 123 
156 40 
156 144 
156 129 
156 163 
156 167 
156 82 
156 75 
156 126 
156 46 
156 95 
156 106 
156 90 
156 104 
157 130 
157 13 
157 67 
157 35 
157 33 
157 167 
157 109 
157 115 
157 1 
157 158 
157 12 
157 65 
157 75 
157 140 
157 164 
157 173 
157 100 
157 118 
157 168 
157 123 
157 27 
157 102 
157 99 
157 160 
157 43 
157 60 
157 42 
157 72 
157 137 
157 58 
157 6 
157 74 
157 113 
157 29 
157 49 
157 8 
157 32 
157 180 
157 174 
157 66 
157 26 
157 135 
157 83 
157 63 
157 151 
158 29 
158 8 
158 72 
158 10 
158 157 
158 113 
158 90 
158 87 
158 147 
158 148 
158 39 
158 112 
158 79 
158 12 
158 58 
158 60 
158 99 
158 80 
158 128 
158 119 
158 74 
158 150 
158 104 
158 163 
158 27 
158 137 
158 181 
158 20 
158 138 
158 52 
158 129 
158 178 
158 57 
158 40 
158 174 
158 131 
158 64 
158 5 
158 118 
158 59 
158 169 
158 19 
159 88 
159 9 
159 15 
159 150 
159 12 
159 18 
159 78 
159 87 
159 130 
159 55 
159 96 
159 133 
159 11 
159 64 
159 146 
159 45 
159 48 
159 166 
159 59 
159 75 
159 61 
159 50 
159 19 
159 180 
159 106 
159 99 
159 10 
159 121 
159 29 
159 143 
159 103 
159 124 
159 156 
159 77 
159 33 
159 117 
159 85 
159 112 
159 128 
159 56 
159 120 
159 37 
160 120 
160 39 
160 130 
160 24 
160 20 
160 98 
160 111 
160 112 
160 55 
160 56 
160 146 
160 128 
160 32 
160 157 
160 82 
160 150 
160 0 
160 77 
160 2 
160 40 
160 114 
160 79 
160 110 
160 173 
160 135 
160 121 
160 26 
160 53 
160 33 
160 85 
160 60 
160 5 
160 12 
160 66 
160 21 
160 35 
160 145 
160 67 
160 139 
161 117 
161 69 
161 17 
161 154 
161 124 
161 59 
161 70 
161 164 
161 126 
161 53 
161 23 
161 2 
161 16 
161 0 
161 31 
161 82 
161 63 
161 153 
161 162 
161 5 
161 90 
161 10 
161 95 
161 108 
161 156 
161 114 
161 26 
161 92 
161 77 
161 133 
161 150 
161 35 
161 163 
161 65 
161 110 
161 75 
161 136 
161 100 
161 32 
161 13 
161 68 
161 179 
161 138 
161 4 
161 47 
162 100 
162 79 
162 155 
162 132 
162 71 
162 120 
162 171 
162 0 
162 78 
162 25 
162 91 
162 142 
162 170 
162 42 
162 94 
162 56 
162 87 
162 23 
162 131 
162 2 
162 164 
162 161 
162 16 
162 134 
162 80 
162 32 
162 40 
162 33 
162 38 
162 135 
162 113 
162 146 
162 1 
162 13 
162 179 
162 11 
162 153 
162 46 
162 167 
162 121 
162 55 
162 9 
162 109 
162 150 
163 120 
163 91 
163 135 
163 80 
163 46 
163 45 
163 105 
163 59 
163 22 
163 32 
163 134 
163 62 
163 93 
163 28 
163 115 
163 117 
163 23 
163 83 
163 82 
163 158 
163 125 
163 112 
163 38 
163 12 
163 171 
163 49 
163 33 
163 72 
163 161 
163 95 
163 132 
163 140 
163 13 
163 36 
163 156 
163 27 
163 34 
163 178 
164 77 
164 85 
164 22 
164 95 
164 87 
164 45 
164 15 
164 157 
164 62 
164 60 
164 72 
164 161 
164 180 
164 165 
164 179 
164 162 
164 61 
164 46 
164 92 
164 54 
164 78 
164 105 
164 28 
164 68 
164 143 
164 144 
164 109 
164 127 
164 80 
164 52 
164 129 
164 93 
164 123 
165 3 
165 46 
165 118 
165 2 
165 134 
165 19 
165 167 
165 164 
165 151 
165 36 
165 148 
165 174 
165 114 
165 156 
165 121 
165 71 
165 95 
165 1 
165 83 
165 179 
165 108 
165 63 
165 55 
165 23 
165 110 
165 29 
165 64 
165 50 
165 101 
165 99 
165 136 
166 152 
166 177 
166 91 
166 33 
166 135 
166 42 
166 142 
166 168 
166 132 
166 125 
166 134 
166 46 
166 159 
166 94 
166 36 
166 136 
166 130 
166 9 
166 151 
166 10 
166 148 
166 38 
166 26 
166 121 
166 19 
166 34 
166 116 
166 119 
166 99 
166 47 
167 171 
167 157 
167 123 
167 69 
167 77 
167 29 
167 146 
167 28 
167 97 
167 2 
167 165 
167 16 
167 78 
167 73 
167 88 
167 84 
167 149 
167 110 
167 129 
167 148 
167 1 
167 37 
167 162 
167 156 
167 25 
167 56 
167 61 
167 6 
167 86 
167 95 
167 21 
167 126 
168 83 
168 144 
168 2 
168 28 
168 171 
168 44 
168 13 
168 169 
168 166 
168 182 
168 113 
168 157 
168 93 
168 181 
168 7 
168 98 
168 103 
168 74 
168 23 
168 21 
168 118 
168 1 
168 141 
168 75 
168 3 
168 67 
168 35 
168 56 
168 155 
168 34 
168 68 
168 121 
168 110 
168 72 
168 172 
168 40 
168 105 
168 134 
168 66 
168 114 
168 127 
168 36 
169 67 
169 37 
169 96 
169 31 
169 12 
169 70 
169 101 
169 30 
169 150 
169 4 
169 77 
169 8 
169 57 
169 173 
169 168 
169 81 
169 23 
169 153 
169 59 
169 139 
169 34 
169 53 
169 25 
169 86 
169 99 
169 82 
169 120 
169 124 
169 158 
169 129 
170 143 
170 74 
170 20 
170 54 
170 91 
170 131 
170 162 
170 79 
170 72 
170 172 
170 97 
170 99 
170 58 
170 49 
170 60 
170 48 
170 22 
170 44 
170 26 
170 179 
170 65 
170 126 
170 152 
170 29 
170 83 
170 98 
170 150 
170 24 
170 25 
170 148 
170 93 
170 55 
170 134 
171 88 
171 103 
171 162 
171 167 
171 135 
171 119 
171 168 
171 110 
171 37 
171 63 
171 115 
171 98 
171 156 
171 90 
171 27 
171 12 
171 128 
171 30 
171 69 
171 56 
171 45 
171 163 
171 113 
171 1 
171 68 
171 42 
171 175 
171 142 
171 4 
171 40 
172 52 
172 15 
172 181 
172 173 
172 100 
172 79 
172 5 
172 91 
172 44 
172 170 
172 53 
172 4 
172 132 
172 83 
172 6 
172 119 
172 178 
172 34 
172 75 
172 103 
172 124 
172 11 
172 110 
172 37 
172 168 
172 95 
172 154 
172 147 
172 121 
172 174 
172 94 
172 80 
173 87 
173 109 
173 53 
173 172 
173 143 
173 175 
173 169 
173 73 
173 157 
173 129 
173 89 
173 65 
173 141 
173 105 
173 136 
173 28 
173 24 
173 160 
173 103 
173 127 
173 19 
173 38 
173 144 
173 110 
173 30 
173 99 
173 153 
173 26 
173 179 
173 54 
173 3 
173 12 
173 46 
173 21 
173 9 
173 31 
173 44 
173 150 
173 100 
173 33 
173 67 
173 39 
174 59 
174 2 
174 111 
174 1 
174 113 
174 6 
174 18 
174 74 
174 85 
174 97 
174 123 
174 23 
174 45 
174 181 
174 81 
174 20 
174 11 
174 105 
174 103 
174 165 
174 137 
174 118 
174 157 
174 15 
174 68 
174 114 
174 158 
174 86 
174 53 
174 130 
174 172 
174 55 
174 65 
174 143 
175 50 
175 42 
175 6 
175 20 
175 111 
175 148 
175 48 
175 150 
175 2 
175 173 
175 124 
175 99 
175 149 
175 117 
175 1 
175 29 
175 180 
175 154 
175 91 
175 37 
175 131 
175 40 
175 140 
175 76 
175 144 
175 23 
175 120 
175 62 
175 81 
175 35 
175 60 
175 49 
175 102 
175 64 
175 171 
175 182 
175 137 
175 121 
175 106 
175 83 
176 22 
176 137 
176 27 
176 177 
176 4 
176 14 
176 150 
176 141 
176 11 
176 76 
176 83 
176 33 
176 1 
176 9 
176 103 
176 64 
176 18 
176 36 
176 0 
176 55 
176 156 
176 130 
176 16 
176 31 
176 136 
176 70 
176 114 
176 47 
176 125 
176 102 
176 32 
176 113 
176 124 
176 133 
176 86 
176 30 
177 35 
177 82 
177 72 
177 90 
177 20 
177 137 
177 166 
177 154 
177 153 
177 126 
177 176 
177 88 
177 143 
177 30 
177 23 
177 142 
177 52 
177 85 
177 95 
177 75 
177 8 
177 14 
177 112 
177 49 
177 84 
177 57 
177 130 
177 91 
177 78 
177 33 
177 21 
177 47 
177 65 
177 56 
177 127 
177 181 
177 24 
177 34 
178 143 
178 53 
178 115 
178 139 
178 126 
178 24 
178 27 
178 154 
178 111 
178 25 
178 122 
178 41 
178 152 
178 39 
178 49 
178 59 
178 127 
178 134 
178 172 
178 3 
178 97 
178 5 
178 40 
178 55 
178 158 
178 98 
178 93 
178 17 
178 125 
178 137 
178 119 
178 31 
178 67 
178 108 
178 163 
179 144 
179 100 
179 141 
179 27 
179 103 
179 107 
179 125 
179 61 
179 91 
179 12 
179 46 
179 6 
179 60 
179 59 
179 87 
179 180 
179 43 
179 30 
179 90 
179 164 
179 182 
179 35 
179 170 
179 9 
179 80 
179 40 
179 29 
179 20 
179 165 
179 89 
179 83 
179 18 
179 93 
179 173 
179 147 
179 132 
179 25 
179 162 
179 156 
179 114 
179 161 
179 65 
179 74 
179 19 
180 35 
180 40 
180 164 
180 137 
180 83 
180 133 
180 142 
180 179 
180 43 
180 22 
180 175 
180 134 
180 90 
180 9 
180 154 
180 159 
180 62 
180 157 
180 136 
180 149 
180 45 
180 18 
180 146 
180 95 
180 42 
180 34 
180 75 
180 97 
180 89 
181 83 
181 117 
181 145 
181 172 
181 16 
181 17 
181 136 
181 57 
181 68 
181 128 
181 70 
181 168 
181 156 
181 174 
181 39 
181 56 
181 80 
181 10 
181 158 
181 146 
181 154 
181 155 
181 78 
181 119 
181 9 
181 66 
181 58 
181 133 
181 126 
181 177 
181 105 
181 62 
181 113 
182 104 
182 150 
182 147 
182 64 
182 127 
182 26 
182 88 
182 168 
182 128 
182 78 
182 84 
182 179 
182 35 
182 67 
182 73 
182 90 
182 89 
182 55 
182 134 
182 119 
182 56 
182 51 
182 175 
182 79 
182 124 
