0 81 107 73 76 60 1 90 26 48 54 17 94 31 42 70 51 41 99 38 92 93 64 11 30 23 40 105 87 36 89 44 28 18 39 88 98 19 59 58 5 61 52 27 29 103 
1 28 20 105 30 40 0 22 16 46 18 72 48 7 80 19 65 101 42 23 76 59 75 57 53 89 108 2 92 35 8 26 50 63 56 49 
2 22 37 43 41 24 40 95 96 97 51 19 60 34 3 47 64 21 28 63 109 76 94 4 14 1 11 45 8 110 27 13 5 75 58 68 7 
3 41 69 35 87 45 10 71 107 100 91 17 2 12 75 54 46 14 15 92 33 76 6 79 32 29 13 50 66 98 
4 54 28 47 33 62 69 10 92 75 21 100 60 53 13 34 27 29 17 93 37 2 104 86 88 52 23 71 31 49 102 89 
5 84 79 26 14 104 57 15 47 24 58 34 80 59 42 36 87 65 8 12 60 89 10 82 69 64 0 23 66 92 75 2 81 61 
6 65 85 23 72 57 41 8 74 89 49 29 108 19 64 24 12 3 103 55 59 39 36 27 95 92 90 66 67 101 
7 103 17 36 106 86 34 70 50 45 99 1 76 8 52 42 80 11 60 81 78 12 102 82 40 62 25 67 30 27 59 73 9 63 95 2 
8 78 73 15 56 49 62 65 37 53 88 40 27 6 7 90 109 68 60 86 5 101 20 1 2 51 46 54 17 77 26 102 96 107 74 108 11 
9 32 103 41 39 27 78 60 18 35 87 74 14 83 37 65 29 102 109 15 71 49 93 100 68 26 107 10 38 90 57 52 91 7 25 
10 89 52 100 98 3 94 86 109 51 4 64 84 11 38 73 48 87 26 35 18 23 17 46 43 106 5 72 9 34 71 16 47 44 70 
11 22 94 49 53 20 78 35 90 62 72 31 23 26 108 103 101 14 10 0 59 33 57 7 40 74 105 25 52 102 110 82 44 2 34 85 89 8 61 
12 51 68 84 28 103 61 26 14 85 37 107 80 3 90 60 38 15 62 96 5 7 66 81 88 18 25 54 6 27 39 70 32 77 87 
13 70 39 107 56 54 72 49 109 102 104 34 37 31 82 96 4 57 46 85 71 14 33 53 77 3 2 103 89 
14 108 5 39 9 12 99 101 11 85 49 78 54 21 66 56 23 76 84 53 3 2 13 94 45 69 105 75 
15 17 8 31 53 87 65 37 58 99 69 5 57 62 52 38 63 12 3 9 108 89 50 66 55 24 41 43 
16 55 45 1 94 41 106 50 49 29 18 90 97 39 31 26 86 38 78 54 10 56 30 75 
17 15 7 96 55 82 84 76 70 105 50 0 46 51 103 56 97 37 3 39 100 63 88 19 42 108 36 4 10 62 53 44 41 43 67 8 29 22 35 18 91 27 
18 104 30 51 75 1 9 32 95 86 27 39 31 33 36 42 47 94 82 34 0 16 84 10 26 44 46 70 58 12 69 22 43 71 21 77 97 17 79 37 
19 103 28 72 35 71 55 2 24 85 73 1 52 88 99 39 107 17 6 0 89 104 54 56 77 63 76 98 82 65 60 30 53 61 
20 101 1 54 24 11 102 79 85 31 51 26 33 40 104 30 64 95 108 97 55 66 21 83 74 8 45 42 100 56 105 61 39 
21 25 73 57 24 29 77 42 100 48 45 14 101 4 41 107 2 40 47 110 34 32 20 55 23 87 99 33 39 58 18 51 31 72 71 49 94 76 74 104 
22 11 2 71 1 59 50 54 70 49 35 25 33 105 93 98 18 90 74 45 89 28 17 94 100 76 78 69 
23 47 103 57 87 6 89 72 96 11 42 32 63 93 92 0 1 14 39 24 51 10 60 21 27 46 49 52 5 54 4 50 70 85 29 
24 85 89 66 78 81 20 38 70 21 2 74 5 31 19 79 86 47 28 76 88 80 87 23 35 52 51 83 6 65 63 101 59 92 99 15 82 
25 103 21 76 53 30 77 85 92 50 66 73 64 84 22 102 44 42 11 69 45 7 61 12 79 9 91 
26 75 52 98 5 0 51 12 11 63 20 104 56 109 81 84 103 88 54 73 83 10 71 108 18 79 95 105 16 9 106 41 1 107 38 100 8 67 42 76 
27 47 60 9 97 82 51 18 84 8 50 99 57 78 69 87 34 4 63 92 23 7 12 59 109 49 2 33 74 29 81 0 6 58 102 17 
28 1 92 31 19 51 44 98 4 93 12 59 99 101 57 84 43 49 37 24 36 48 58 90 2 0 80 67 54 45 100 34 56 39 71 30 22 62 29 106 46 
29 110 60 81 21 70 61 43 72 75 96 49 6 9 88 71 16 35 4 107 78 91 74 3 27 28 17 23 37 0 101 50 89 32 104 
30 67 1 18 73 70 47 25 86 20 34 0 49 87 98 78 35 95 32 76 53 102 37 7 44 28 52 82 110 16 45 19 106 
31 96 28 88 77 15 11 20 0 93 18 47 24 84 13 53 63 105 106 59 107 16 41 21 4 86 60 89 
32 9 53 68 44 100 86 18 97 73 23 74 64 59 50 110 81 57 21 30 102 71 55 75 3 12 101 66 48 47 29 106 
33 35 60 109 4 45 95 72 20 110 48 70 18 11 105 46 51 63 22 55 81 3 21 58 13 37 107 101 27 91 93 38 98 77 90 71 108 102 
34 56 73 83 46 7 44 65 5 2 74 30 13 92 89 27 18 60 4 50 80 62 21 91 99 28 106 38 108 11 10 48 105 53 102 
35 94 33 56 3 72 19 11 104 9 37 41 48 50 59 96 93 69 63 22 102 10 29 24 82 30 73 42 77 99 79 64 1 91 39 40 44 43 17 
36 110 69 7 97 80 88 71 109 77 89 40 18 44 28 5 87 0 76 17 90 60 105 75 73 6 108 83 
37 82 64 49 102 2 43 54 15 35 69 8 95 80 87 39 9 17 97 12 100 75 28 72 13 4 94 30 83 67 33 29 104 18 92 
38 24 103 69 107 0 43 10 102 70 95 73 12 15 57 55 77 51 96 34 16 9 26 33 58 105 88 
39 13 81 9 101 14 86 18 87 37 44 49 17 75 19 23 60 91 0 63 16 57 21 12 35 28 102 6 92 20 66 51 
40 80 55 1 98 63 58 2 8 20 36 76 89 67 11 82 0 21 64 7 51 96 71 49 57 53 66 95 106 35 47 94 41 97 93 
41 3 9 73 53 87 2 65 104 16 6 35 0 48 44 64 79 68 76 43 45 21 86 94 61 108 17 74 31 26 106 60 58 40 15 
42 107 45 47 72 74 66 23 0 98 21 86 62 91 7 18 106 88 1 5 54 81 44 105 17 46 25 71 67 20 35 51 75 79 26 
43 87 93 37 2 63 68 64 29 98 67 70 95 74 75 92 108 28 38 41 46 80 50 10 52 18 61 17 96 82 35 73 101 15 
44 95 32 28 66 74 34 94 41 98 39 36 75 64 48 0 42 57 25 17 18 11 83 107 79 56 30 70 103 35 91 88 10 
45 89 65 102 78 42 16 77 73 3 7 33 58 71 48 21 56 41 72 109 69 90 46 79 84 28 60 25 106 20 80 91 52 14 94 95 22 2 107 59 30 
46 73 50 34 84 66 1 103 52 74 63 78 17 47 104 33 83 96 55 43 3 13 45 42 10 70 18 97 23 92 8 109 99 77 75 28 
47 23 27 71 58 42 4 95 30 51 69 5 31 89 72 52 46 73 24 18 2 81 21 102 99 96 77 48 83 85 78 10 40 68 59 32 70 
48 64 0 108 49 1 35 110 41 33 21 45 28 96 10 51 44 73 59 62 91 78 83 47 87 81 34 32 
49 79 11 37 52 93 8 13 110 48 14 28 78 39 74 29 6 109 82 22 30 16 75 66 105 9 106 40 107 23 27 86 4 21 104 53 1 
50 70 101 77 46 87 7 17 22 79 59 27 62 100 98 105 35 25 16 82 32 43 34 89 73 60 15 68 1 23 3 29 95 67 
51 12 60 28 18 74 67 27 90 47 56 10 26 85 17 101 20 0 2 104 79 105 48 33 59 23 82 83 24 109 40 38 42 61 58 8 21 65 91 39 100 
52 107 10 49 26 46 63 47 110 7 105 19 77 74 70 80 15 61 90 24 92 99 11 43 85 45 23 4 30 0 9 103 82 55 
53 11 32 91 41 15 58 97 25 80 8 92 76 102 4 31 81 101 14 77 17 1 106 30 99 89 88 40 13 71 79 34 49 19 65 
54 102 90 83 20 4 13 37 85 0 73 22 74 100 86 77 82 14 26 42 3 106 61 28 58 64 76 19 12 23 16 94 95 104 8 62 
55 16 69 40 68 17 19 105 104 78 103 67 46 76 94 73 20 109 38 33 21 79 32 77 66 110 6 15 52 
56 57 34 35 67 60 76 13 63 85 8 51 103 17 26 66 14 45 82 20 19 44 59 28 109 108 16 1 106 88 
57 56 23 21 66 6 99 86 98 5 65 28 15 77 63 27 11 71 95 81 44 13 90 38 1 32 39 40 74 59 9 
58 47 59 53 40 45 15 95 5 75 28 98 78 54 63 18 68 33 0 51 21 88 110 61 92 79 2 27 38 41 90 105 83 
59 79 106 62 70 108 58 28 22 50 90 35 5 11 104 91 78 32 1 51 67 48 0 84 69 31 103 74 27 56 24 57 7 6 47 45 
60 51 88 75 106 56 33 0 29 27 9 67 70 2 82 7 4 8 12 39 34 92 71 23 5 45 36 50 81 83 104 76 107 41 31 102 19 80 97 
61 104 78 94 82 106 29 12 105 85 101 96 52 68 54 41 95 107 25 51 0 43 58 20 75 63 19 81 5 11 
62 59 79 8 72 11 101 103 4 65 50 42 77 97 15 107 92 34 12 48 17 7 82 84 28 96 95 54 81 
63 93 106 43 56 40 46 26 52 57 109 23 69 17 35 68 15 67 78 2 31 33 71 27 91 74 58 39 105 24 84 19 1 110 100 66 7 61 
64 81 37 48 43 91 66 70 105 10 41 93 79 0 109 25 32 20 44 99 2 40 6 54 74 102 92 35 98 86 75 5 85 84 72 69 
65 45 6 15 41 8 93 62 34 57 1 106 72 9 104 5 78 97 94 24 66 51 92 19 87 99 53 
66 24 107 105 46 57 103 44 42 64 90 104 25 14 85 56 89 74 93 49 12 20 5 40 55 15 65 78 32 3 39 63 6 69 
67 30 56 51 85 60 43 91 73 86 40 55 95 108 63 59 28 42 82 7 70 37 80 17 26 50 103 6 
68 110 12 32 55 43 75 105 91 41 81 8 63 61 78 58 9 109 107 50 88 47 102 83 79 2 
69 55 84 72 36 3 75 87 37 38 15 93 4 47 110 63 27 35 83 45 25 59 109 18 5 77 78 14 99 64 81 22 66 
70 90 50 13 24 59 88 78 108 30 17 103 7 29 64 43 0 60 33 22 38 52 110 75 46 96 18 67 95 12 44 87 23 77 97 47 10 
71 47 22 19 36 3 45 106 57 98 29 26 63 42 92 13 60 32 9 40 91 18 28 4 53 10 96 21 100 33 78 
72 69 108 42 35 19 6 13 23 89 62 11 1 33 88 29 47 83 76 65 93 96 109 37 45 90 106 94 10 110 95 102 21 103 64 85 79 
73 46 34 0 8 21 105 41 30 96 45 93 95 81 32 54 67 79 97 19 47 10 109 25 26 38 86 55 48 94 76 35 50 88 36 7 108 43 102 
74 90 51 9 46 42 44 85 99 75 24 54 43 96 100 6 34 49 32 52 11 66 82 63 41 20 64 59 29 22 57 27 97 21 8 
75 60 26 69 76 68 18 80 74 29 43 77 37 4 110 44 58 101 39 3 70 109 49 1 103 85 32 81 42 64 36 5 79 2 46 61 16 14 
76 93 0 56 25 75 17 86 110 7 98 53 72 41 40 24 1 14 77 55 36 73 2 89 30 54 95 3 80 60 85 19 105 21 22 109 26 
77 92 50 31 45 97 85 95 21 36 25 57 75 84 54 62 52 76 102 53 93 38 47 105 35 88 55 19 13 69 18 12 8 46 33 70 
78 8 24 83 61 45 11 94 9 70 46 14 27 55 49 101 59 100 109 7 63 58 30 68 48 89 29 65 80 16 69 66 47 71 22 93 
79 49 59 91 62 109 5 20 50 73 41 64 24 51 100 45 26 55 25 35 44 90 3 92 82 75 53 97 58 83 42 88 18 72 94 68 
80 40 36 91 82 75 53 37 95 5 1 99 104 7 12 24 52 43 86 34 110 28 98 45 78 106 76 67 60 85 102 
81 106 0 24 64 39 109 29 73 100 101 96 26 68 42 7 47 57 53 32 12 33 75 85 60 48 98 5 27 69 62 61 105 91 
82 37 108 92 84 17 61 27 80 101 106 95 54 40 18 60 50 74 49 13 94 51 87 35 7 56 93 67 11 107 5 62 79 30 43 19 83 52 24 88 
83 78 54 34 85 9 72 46 69 26 51 20 48 37 24 44 60 47 104 79 106 108 82 68 58 36 93 99 100 
84 12 5 69 46 82 17 89 91 27 10 28 77 26 31 25 101 14 18 45 95 59 63 64 62 85 100 
85 24 6 56 110 77 54 20 83 67 74 51 12 88 14 25 19 61 86 66 109 91 90 101 13 75 81 52 102 64 47 76 23 11 94 84 72 80 
86 110 93 99 7 32 76 18 10 90 57 39 102 101 30 42 54 67 24 85 105 41 96 80 73 8 89 100 87 4 64 49 16 106 31 103 
87 108 43 23 15 3 41 50 69 96 98 9 37 39 27 90 5 10 36 0 92 24 30 82 21 86 48 70 97 91 65 12 103 
88 105 60 31 70 36 97 72 8 92 85 109 42 19 26 24 29 17 0 108 12 73 90 95 53 77 4 58 107 68 44 79 56 82 38 
89 45 24 94 10 100 93 97 98 23 72 84 36 47 40 6 34 66 0 86 76 19 50 1 5 15 78 53 104 22 96 31 11 13 29 4 107 
90 70 54 74 104 105 93 0 11 51 86 66 59 99 8 101 87 106 12 85 28 57 45 52 16 72 36 88 22 79 98 9 107 33 58 6 
91 107 79 53 64 80 84 67 3 68 42 59 85 39 34 63 48 109 29 71 35 45 95 33 96 87 51 44 9 25 81 17 
92 28 77 82 108 88 53 43 0 25 4 23 34 94 87 62 60 93 71 52 100 3 27 64 1 46 5 79 58 24 65 39 6 37 
93 63 76 98 86 89 43 49 90 28 73 65 69 31 64 0 23 72 35 66 92 4 77 82 22 9 94 33 103 40 83 78 
94 102 11 35 89 61 78 16 10 0 44 18 92 55 82 109 41 73 2 37 72 110 14 93 65 45 54 100 40 85 22 21 79 104 
95 44 73 47 77 33 2 58 37 18 82 43 80 57 67 38 20 61 30 84 26 76 88 70 45 72 40 54 91 62 6 50 108 7 109 
96 31 17 73 87 23 2 74 81 35 29 61 46 102 48 72 108 86 13 12 70 40 47 38 43 91 71 62 89 8 
97 89 77 36 27 88 32 53 2 73 17 37 62 20 46 16 65 99 109 106 98 87 79 18 40 74 70 60 
98 93 89 10 40 28 26 87 99 43 57 42 76 44 50 102 71 58 30 80 0 22 64 90 81 103 97 107 19 33 100 3 106 
99 100 86 7 57 15 98 74 28 14 0 27 90 80 19 64 34 52 47 53 21 35 97 107 46 24 69 103 65 83 
100 89 10 99 32 3 81 54 50 21 74 37 78 4 17 107 79 92 86 28 9 101 20 94 26 63 98 71 22 51 84 83 
101 20 50 39 62 82 28 51 14 11 86 81 107 1 61 21 78 90 75 104 85 84 53 8 106 100 24 33 105 32 29 43 6 
102 54 94 45 37 20 108 86 107 13 53 38 98 96 77 9 35 25 7 47 32 11 30 64 85 105 39 72 4 60 8 68 33 27 73 80 34 
103 25 23 19 7 9 66 46 105 70 38 12 62 11 17 56 109 55 26 107 75 59 6 98 44 13 86 72 93 52 99 67 87 0 
104 18 61 90 35 105 41 5 26 51 55 66 20 13 59 80 46 65 101 19 4 89 60 54 83 37 107 21 49 94 29 
105 88 66 1 107 73 90 103 104 17 64 55 68 61 50 106 52 33 51 86 0 11 42 31 22 49 63 26 77 36 102 20 101 34 76 38 14 58 81 
106 81 59 63 60 7 61 82 16 105 42 65 71 90 54 31 72 53 101 45 10 49 34 26 80 41 40 97 86 83 56 28 98 32 30 
107 42 66 91 0 52 105 13 3 38 102 12 101 62 100 21 19 103 29 61 31 82 44 49 68 9 26 33 60 88 90 99 98 45 104 8 89 
108 87 14 82 72 92 59 70 48 102 11 43 96 67 6 20 26 17 110 41 88 15 1 56 34 83 73 36 95 33 8 
109 81 79 33 13 36 10 88 26 63 103 8 85 73 64 72 78 49 45 75 9 94 2 55 51 91 69 68 27 56 110 97 46 76 95 
110 68 36 86 29 85 49 76 69 48 33 52 75 70 32 21 80 108 11 94 72 58 109 55 2 63 30 
