0 45 
0 38 
0 39 
0 55 
0 27 
0 62 
0 102 
0 96 
0 110 
0 11 
0 29 
0 67 
0 56 
0 91 
0 58 
0 81 
0 115 
0 43 
0 89 
0 108 
0 98 
0 92 
0 60 
0 49 
0 44 
0 23 
0 64 
0 75 
0 10 
0 35 
0 17 
0 65 
0 52 
0 7 
0 68 
0 71 
0 1 
0 30 
0 116 
0 20 
0 99 
0 46 
0 84 
0 117 
0 93 
0 4 
0 79 
0 61 
0 72 
0 14 
0 48 
0 18 
0 8 
0 12 
0 41 
0 77 
0 2 
0 120 
0 28 
0 90 
0 122 
0 25 
0 114 
0 51 
0 76 
0 82 
0 15 
0 121 
0 94 
0 3 
0 88 
0 33 
0 118 
0 53 
0 100 
0 24 
0 31 
0 37 
0 42 
0 47 
0 32 
0 86 
0 50 
0 112 
0 70 
0 78 
0 26 
0 34 
0 113 
0 87 
1 39 
1 49 
1 65 
1 18 
1 6 
1 111 
1 73 
1 118 
1 107 
1 117 
1 5 
1 44 
1 67 
1 84 
1 105 
1 64 
1 23 
1 95 
1 80 
1 20 
1 96 
1 114 
1 4 
1 108 
1 88 
1 26 
1 29 
1 102 
1 116 
1 40 
1 82 
1 0 
1 90 
1 13 
1 38 
1 17 
1 16 
1 81 
1 55 
1 33 
1 104 
1 86 
1 34 
1 57 
1 24 
1 41 
1 121 
1 113 
1 76 
1 42 
1 22 
1 36 
1 70 
1 43 
1 72 
1 79 
1 19 
1 94 
1 85 
1 53 
1 45 
1 69 
1 83 
1 46 
1 51 
1 71 
1 99 
1 62 
1 97 
1 31 
1 74 
1 3 
1 68 
1 78 
1 75 
1 35 
1 63 
1 100 
1 122 
1 109 
1 115 
1 58 
1 12 
1 15 
1 50 
1 91 
1 60 
1 48 
1 11 
2 64 
2 89 
2 77 
2 103 
2 114 
2 37 
2 100 
2 70 
2 66 
2 92 
2 63 
2 16 
2 65 
2 122 
2 113 
2 41 
2 4 
2 47 
2 115 
2 24 
2 108 
2 80 
2 117 
2 32 
2 99 
2 44 
2 27 
2 25 
2 30 
2 67 
2 112 
2 101 
2 120 
2 51 
2 118 
2 57 
2 56 
2 26 
2 78 
2 91 
2 61 
2 95 
2 23 
2 10 
2 90 
2 111 
2 7 
2 97 
2 86 
2 42 
2 75 
2 83 
2 43 
2 53 
2 85 
2 68 
2 31 
2 79 
2 3 
2 0 
2 54 
2 87 
2 121 
2 104 
2 93 
2 21 
2 62 
2 69 
2 19 
2 102 
2 40 
2 116 
2 38 
2 36 
2 72 
2 110 
2 106 
2 88 
2 55 
2 49 
2 105 
2 14 
2 12 
2 15 
2 60 
2 73 
2 17 
2 13 
2 98 
2 81 
2 28 
2 50 
2 94 
2 18 
2 74 
2 84 
2 5 
2 59 
2 45 
3 117 
3 38 
3 107 
3 50 
3 109 
3 40 
3 80 
3 59 
3 30 
3 39 
3 75 
3 48 
3 44 
3 73 
3 35 
3 4 
3 91 
3 76 
3 6 
3 34 
3 118 
3 95 
3 79 
3 115 
3 54 
3 25 
3 106 
3 23 
3 97 
3 46 
3 22 
3 49 
3 110 
3 17 
3 104 
3 55 
3 92 
3 53 
3 64 
3 31 
3 67 
3 122 
3 11 
3 42 
3 8 
3 41 
3 45 
3 99 
3 2 
3 94 
3 33 
3 29 
3 100 
3 116 
3 52 
3 85 
3 113 
3 81 
3 96 
3 16 
3 20 
3 111 
3 43 
3 13 
3 7 
3 105 
3 77 
3 28 
3 0 
3 65 
3 37 
3 83 
3 14 
3 112 
3 66 
3 1 
3 98 
3 5 
3 15 
3 24 
3 19 
3 108 
3 10 
3 89 
3 119 
3 70 
3 74 
3 58 
3 27 
3 93 
3 61 
3 121 
3 47 
3 12 
3 114 
4 103 
4 63 
4 50 
4 97 
4 93 
4 74 
4 112 
4 2 
4 25 
4 117 
4 44 
4 86 
4 120 
4 119 
4 3 
4 19 
4 67 
4 96 
4 95 
4 26 
4 21 
4 84 
4 113 
4 1 
4 118 
4 104 
4 11 
4 76 
4 7 
4 33 
4 36 
4 35 
4 14 
4 37 
4 8 
4 20 
4 12 
4 100 
4 90 
4 55 
4 46 
4 52 
4 0 
4 34 
4 71 
4 77 
4 32 
4 81 
4 17 
4 72 
4 39 
4 30 
4 111 
4 48 
4 109 
4 89 
4 79 
4 75 
4 24 
4 56 
4 80 
4 18 
4 122 
4 61 
4 59 
4 106 
4 87 
4 16 
4 68 
4 5 
4 23 
4 98 
4 108 
4 9 
4 13 
4 107 
4 65 
4 94 
4 85 
4 31 
4 58 
5 104 
5 115 
5 87 
5 24 
5 34 
5 100 
5 109 
5 70 
5 62 
5 58 
5 108 
5 1 
5 112 
5 35 
5 30 
5 66 
5 103 
5 119 
5 14 
5 20 
5 65 
5 18 
5 61 
5 29 
5 32 
5 17 
5 83 
5 72 
5 7 
5 94 
5 6 
5 89 
5 21 
5 25 
5 55 
5 117 
5 114 
5 13 
5 71 
5 93 
5 110 
5 121 
5 50 
5 67 
5 28 
5 90 
5 116 
5 85 
5 37 
5 41 
5 26 
5 107 
5 98 
5 91 
5 22 
5 118 
5 86 
5 44 
5 122 
5 97 
5 38 
5 105 
5 101 
5 106 
5 15 
5 76 
5 111 
5 16 
5 120 
5 49 
5 88 
5 75 
5 78 
5 69 
5 52 
5 42 
5 19 
5 12 
5 3 
5 63 
5 48 
5 39 
5 102 
5 81 
5 4 
5 80 
5 59 
5 73 
5 33 
5 9 
5 46 
5 96 
5 2 
5 31 
5 23 
5 79 
5 53 
6 97 
6 114 
6 18 
6 15 
6 79 
6 8 
6 12 
6 105 
6 90 
6 1 
6 61 
6 82 
6 78 
6 92 
6 34 
6 51 
6 27 
6 84 
6 66 
6 108 
6 24 
6 44 
6 122 
6 3 
6 50 
6 28 
6 62 
6 33 
6 43 
6 110 
6 11 
6 5 
6 103 
6 91 
6 14 
6 19 
6 106 
6 39 
6 70 
6 87 
6 16 
6 48 
6 118 
6 21 
6 41 
6 38 
6 68 
6 22 
6 30 
6 117 
6 20 
6 29 
6 121 
6 47 
6 119 
6 98 
6 96 
6 56 
6 75 
6 17 
6 52 
6 64 
6 9 
6 71 
6 81 
6 10 
6 60 
6 55 
6 109 
6 93 
6 76 
6 67 
6 26 
6 45 
6 77 
6 102 
6 111 
6 49 
6 116 
6 73 
6 113 
6 32 
6 37 
7 60 
7 21 
7 90 
7 119 
7 111 
7 79 
7 121 
7 75 
7 35 
7 104 
7 99 
7 120 
7 80 
7 31 
7 74 
7 114 
7 43 
7 8 
7 20 
7 58 
7 81 
7 53 
7 112 
7 92 
7 5 
7 4 
7 24 
7 63 
7 0 
7 77 
7 113 
7 10 
7 59 
7 48 
7 107 
7 62 
7 2 
7 70 
7 85 
7 91 
7 37 
7 28 
7 102 
7 42 
7 11 
7 69 
7 118 
7 26 
7 40 
7 83 
7 29 
7 61 
7 78 
7 100 
7 3 
7 109 
7 41 
7 30 
7 50 
7 116 
7 110 
7 82 
7 96 
7 84 
7 55 
7 98 
7 103 
7 34 
7 95 
7 52 
7 87 
7 38 
7 12 
7 14 
7 88 
7 57 
7 54 
7 27 
7 68 
7 67 
7 13 
7 86 
7 17 
7 65 
7 25 
7 64 
7 18 
7 15 
7 106 
7 46 
7 108 
7 101 
8 120 
8 73 
8 108 
8 6 
8 52 
8 121 
8 22 
8 88 
8 27 
8 107 
8 40 
8 60 
8 78 
8 103 
8 99 
8 97 
8 19 
8 115 
8 34 
8 119 
8 7 
8 118 
8 16 
8 101 
8 81 
8 29 
8 32 
8 102 
8 46 
8 13 
8 30 
8 38 
8 92 
8 71 
8 75 
8 4 
8 57 
8 41 
8 100 
8 21 
8 89 
8 70 
8 43 
8 72 
8 3 
8 106 
8 66 
8 0 
8 56 
8 39 
8 58 
8 26 
8 17 
8 109 
8 117 
8 59 
8 49 
8 37 
8 93 
8 82 
8 31 
8 96 
8 28 
8 90 
8 54 
8 10 
8 24 
8 94 
8 35 
8 20 
8 80 
8 64 
8 11 
8 18 
8 69 
8 67 
8 122 
8 77 
8 83 
8 76 
8 62 
8 36 
8 15 
8 44 
8 23 
8 55 
8 110 
8 85 
8 51 
8 95 
8 25 
8 12 
8 63 
8 105 
9 16 
9 97 
9 27 
9 64 
9 109 
9 26 
9 29 
9 115 
9 86 
9 65 
9 73 
9 93 
9 85 
9 114 
9 40 
9 99 
9 70 
9 41 
9 17 
9 44 
9 47 
9 101 
9 69 
9 15 
9 67 
9 62 
9 20 
9 96 
9 120 
9 102 
9 71 
9 119 
9 66 
9 91 
9 19 
9 113 
9 89 
9 10 
9 83 
9 60 
9 107 
9 98 
9 94 
9 43 
9 46 
9 25 
9 61 
9 108 
9 49 
9 106 
9 34 
9 53 
9 18 
9 52 
9 75 
9 116 
9 28 
9 117 
9 121 
9 81 
9 50 
9 56 
9 88 
9 77 
9 55 
9 6 
9 11 
9 110 
9 45 
9 42 
9 35 
9 79 
9 122 
9 84 
9 74 
9 54 
9 95 
9 80 
9 32 
9 48 
9 63 
9 24 
9 87 
9 21 
9 33 
9 30 
9 104 
9 31 
9 59 
9 5 
9 4 
9 12 
9 22 
10 56 
10 24 
10 20 
10 25 
10 101 
10 107 
10 65 
10 64 
10 11 
10 27 
10 19 
10 30 
10 54 
10 46 
10 57 
10 15 
10 82 
10 40 
10 0 
10 67 
10 109 
10 12 
10 103 
10 81 
10 50 
10 9 
10 116 
10 23 
10 102 
10 52 
10 98 
10 7 
10 26 
10 2 
10 70 
10 75 
10 18 
10 22 
10 69 
10 37 
10 35 
10 53 
10 73 
10 119 
10 47 
10 32 
10 38 
10 77 
10 68 
10 96 
10 41 
10 13 
10 78 
10 84 
10 62 
10 28 
10 92 
10 58 
10 39 
10 120 
10 108 
10 122 
10 8 
10 121 
10 115 
10 99 
10 6 
10 43 
10 71 
10 66 
10 42 
10 76 
10 110 
10 79 
10 16 
10 90 
10 55 
10 87 
10 3 
10 89 
10 117 
10 63 
10 94 
10 14 
10 100 
10 104 
10 31 
10 85 
10 86 
10 61 
10 95 
10 113 
10 114 
10 83 
10 105 
10 21 
11 49 
11 17 
11 16 
11 88 
11 35 
11 121 
11 68 
11 81 
11 47 
11 93 
11 103 
11 0 
11 10 
11 67 
11 66 
11 111 
11 53 
11 72 
11 44 
11 89 
11 94 
11 32 
11 80 
11 87 
11 122 
11 43 
11 46 
11 73 
11 4 
11 101 
11 74 
11 62 
11 6 
11 112 
11 25 
11 22 
11 33 
11 64 
11 42 
11 23 
11 78 
11 3 
11 77 
11 105 
11 19 
11 7 
11 97 
11 20 
11 28 
11 55 
11 30 
11 36 
11 26 
11 113 
11 60 
11 117 
11 14 
11 115 
11 118 
11 12 
11 120 
11 69 
11 56 
11 27 
11 9 
11 116 
11 29 
11 85 
11 15 
11 8 
11 99 
11 119 
11 76 
11 54 
11 41 
11 31 
11 95 
11 114 
11 70 
11 90 
11 59 
11 37 
11 61 
11 1 
12 84 
12 56 
12 62 
12 13 
12 87 
12 93 
12 15 
12 17 
12 82 
12 117 
12 49 
12 6 
12 92 
12 94 
12 46 
12 67 
12 116 
12 120 
12 74 
12 35 
12 71 
12 41 
12 102 
12 53 
12 111 
12 73 
12 79 
12 81 
12 10 
12 97 
12 108 
12 51 
12 64 
12 107 
12 14 
12 60 
12 119 
12 52 
12 115 
12 66 
12 59 
12 43 
12 86 
12 85 
12 4 
12 37 
12 100 
12 105 
12 65 
12 24 
12 33 
12 0 
12 58 
12 32 
12 69 
12 31 
12 89 
12 83 
12 112 
12 34 
12 91 
12 11 
12 36 
12 39 
12 23 
12 55 
12 70 
12 44 
12 80 
12 2 
12 5 
12 16 
12 77 
12 7 
12 96 
12 118 
12 63 
12 110 
12 113 
12 68 
12 50 
12 28 
12 20 
12 1 
12 90 
12 101 
12 3 
12 45 
12 38 
12 78 
12 9 
12 8 
12 40 
13 12 
13 46 
13 60 
13 24 
13 35 
13 108 
13 56 
13 91 
13 76 
13 23 
13 51 
13 14 
13 17 
13 101 
13 73 
13 22 
13 109 
13 36 
13 64 
13 65 
13 8 
13 84 
13 48 
13 90 
13 27 
13 43 
13 5 
13 71 
13 1 
13 87 
13 72 
13 85 
13 47 
13 66 
13 110 
13 19 
13 33 
13 54 
13 41 
13 18 
13 86 
13 16 
13 67 
13 59 
13 119 
13 95 
13 10 
13 52 
13 118 
13 82 
13 26 
13 92 
13 104 
13 75 
13 3 
13 89 
13 111 
13 105 
13 100 
13 42 
13 31 
13 113 
13 116 
13 117 
13 32 
13 112 
13 99 
13 62 
13 94 
13 39 
13 81 
13 49 
13 120 
13 30 
13 50 
13 70 
13 63 
13 2 
13 80 
13 7 
13 78 
13 69 
13 37 
13 25 
13 57 
13 96 
13 15 
13 21 
13 4 
13 34 
13 107 
13 40 
13 79 
13 122 
13 77 
14 71 
14 33 
14 70 
14 118 
14 78 
14 121 
14 21 
14 38 
14 34 
14 65 
14 90 
14 119 
14 13 
14 68 
14 5 
14 23 
14 29 
14 67 
14 58 
14 66 
14 46 
14 94 
14 75 
14 74 
14 12 
14 69 
14 43 
14 115 
14 102 
14 4 
14 116 
14 62 
14 48 
14 107 
14 6 
14 57 
14 105 
14 30 
14 50 
14 47 
14 92 
14 117 
14 0 
14 76 
14 24 
14 101 
14 87 
14 104 
14 44 
14 54 
14 51 
14 40 
14 45 
14 55 
14 26 
14 85 
14 81 
14 15 
14 56 
14 11 
14 99 
14 103 
14 82 
14 120 
14 28 
14 91 
14 80 
14 97 
14 113 
14 3 
14 42 
14 114 
14 22 
14 32 
14 60 
14 2 
14 122 
14 79 
14 41 
14 25 
14 77 
14 86 
14 7 
14 37 
14 39 
14 93 
14 64 
14 89 
14 35 
14 10 
14 19 
14 31 
14 52 
14 36 
14 109 
14 53 
14 27 
14 17 
15 75 
15 6 
15 101 
15 74 
15 12 
15 70 
15 81 
15 21 
15 119 
15 55 
15 86 
15 107 
15 57 
15 114 
15 66 
15 71 
15 110 
15 65 
15 49 
15 10 
15 9 
15 18 
15 54 
15 27 
15 116 
15 90 
15 35 
15 64 
15 99 
15 29 
15 85 
15 108 
15 72 
15 106 
15 77 
15 30 
15 56 
15 61 
15 25 
15 53 
15 67 
15 68 
15 36 
15 44 
15 88 
15 33 
15 48 
15 47 
15 109 
15 34 
15 93 
15 92 
15 60 
15 62 
15 113 
15 111 
15 94 
15 117 
15 80 
15 14 
15 102 
15 43 
15 82 
15 28 
15 26 
15 42 
15 95 
15 5 
15 0 
15 59 
15 39 
15 121 
15 46 
15 69 
15 11 
15 22 
15 76 
15 32 
15 2 
15 3 
15 89 
15 37 
15 115 
15 83 
15 84 
15 8 
15 122 
15 17 
15 87 
15 7 
15 45 
15 1 
15 96 
15 16 
15 13 
15 103 
15 31 
16 57 
16 11 
16 119 
16 9 
16 51 
16 66 
16 2 
16 70 
16 30 
16 102 
16 55 
16 103 
16 8 
16 104 
16 97 
16 107 
16 114 
16 20 
16 108 
16 79 
16 47 
16 120 
16 87 
16 74 
16 40 
16 82 
16 71 
16 23 
16 75 
16 1 
16 35 
16 89 
16 34 
16 46 
16 62 
16 121 
16 64 
16 29 
16 72 
16 109 
16 61 
16 91 
16 90 
16 6 
16 33 
16 118 
16 53 
16 56 
16 122 
16 13 
16 25 
16 41 
16 48 
16 84 
16 88 
16 68 
16 3 
16 81 
16 27 
16 19 
16 5 
16 113 
16 58 
16 112 
16 39 
16 18 
16 117 
16 22 
16 28 
16 77 
16 21 
16 37 
16 115 
16 85 
16 26 
16 12 
16 111 
16 54 
16 10 
16 4 
16 24 
16 95 
16 86 
16 60 
16 43 
16 63 
16 96 
16 45 
16 93 
16 15 
16 83 
16 92 
16 76 
16 59 
16 80 
17 29 
17 11 
17 117 
17 24 
17 44 
17 65 
17 20 
17 35 
17 108 
17 12 
17 25 
17 94 
17 92 
17 72 
17 98 
17 59 
17 90 
17 96 
17 9 
17 116 
17 37 
17 30 
17 62 
17 34 
17 13 
17 102 
17 57 
17 75 
17 64 
17 50 
17 5 
17 0 
17 113 
17 27 
17 88 
17 58 
17 38 
17 118 
17 1 
17 73 
17 97 
17 109 
17 3 
17 83 
17 89 
17 106 
17 104 
17 120 
17 4 
17 114 
17 8 
17 110 
17 39 
17 46 
17 111 
17 69 
17 112 
17 54 
17 6 
17 122 
17 121 
17 86 
17 84 
17 41 
17 77 
17 63 
17 67 
17 78 
17 87 
17 55 
17 74 
17 49 
17 53 
17 76 
17 23 
17 31 
17 32 
17 2 
17 19 
17 7 
17 40 
17 22 
17 15 
17 47 
17 91 
17 100 
17 36 
17 68 
17 85 
17 14 
17 95 
17 105 
18 6 
18 1 
18 119 
18 56 
18 75 
18 103 
18 45 
18 57 
18 33 
18 109 
18 117 
18 51 
18 94 
18 31 
18 46 
18 50 
18 74 
18 61 
18 36 
18 15 
18 73 
18 35 
18 5 
18 28 
18 87 
18 26 
18 97 
18 112 
18 60 
18 72 
18 106 
18 93 
18 98 
18 99 
18 107 
18 92 
18 29 
18 105 
18 114 
18 108 
18 22 
18 10 
18 48 
18 65 
18 9 
18 95 
18 54 
18 0 
18 40 
18 13 
18 67 
18 120 
18 59 
18 81 
18 64 
18 104 
18 24 
18 86 
18 76 
18 79 
18 84 
18 16 
18 77 
18 80 
18 4 
18 53 
18 8 
18 88 
18 20 
18 19 
18 78 
18 21 
18 70 
18 122 
18 68 
18 100 
18 39 
18 2 
18 7 
18 42 
18 38 
18 121 
18 25 
18 30 
18 62 
19 104 
19 24 
19 66 
19 56 
19 40 
19 88 
19 65 
19 57 
19 98 
19 85 
19 58 
19 63 
19 44 
19 52 
19 10 
19 67 
19 59 
19 8 
19 114 
19 79 
19 4 
19 26 
19 47 
19 36 
19 105 
19 49 
19 87 
19 29 
19 43 
19 92 
19 51 
19 73 
19 68 
19 113 
19 9 
19 46 
19 95 
19 101 
19 50 
19 76 
19 64 
19 122 
19 37 
19 6 
19 55 
19 23 
19 13 
19 48 
19 96 
19 38 
19 70 
19 11 
19 74 
19 28 
19 30 
19 80 
19 77 
19 33 
19 84 
19 103 
19 107 
19 90 
19 69 
19 45 
19 62 
19 2 
19 16 
19 20 
19 111 
19 1 
19 106 
19 42 
19 35 
19 82 
19 115 
19 75 
19 91 
19 121 
19 5 
19 41 
19 18 
19 72 
19 3 
19 60 
19 120 
19 17 
19 14 
19 94 
19 39 
19 21 
19 89 
20 63 
20 79 
20 113 
20 48 
20 17 
20 10 
20 43 
20 91 
20 75 
20 77 
20 45 
20 101 
20 112 
20 41 
20 27 
20 86 
20 29 
20 54 
20 32 
20 85 
20 7 
20 5 
20 24 
20 9 
20 16 
20 1 
20 34 
20 109 
20 83 
20 58 
20 26 
20 40 
20 93 
20 0 
20 39 
20 97 
20 52 
20 4 
20 116 
20 82 
20 33 
20 68 
20 72 
20 119 
20 81 
20 11 
20 110 
20 121 
20 6 
20 78 
20 115 
20 88 
20 49 
20 76 
20 94 
20 36 
20 66 
20 120 
20 21 
20 69 
20 3 
20 87 
20 19 
20 103 
20 106 
20 96 
20 51 
20 50 
20 92 
20 8 
20 65 
20 98 
20 18 
20 38 
20 80 
20 84 
20 62 
20 44 
20 56 
20 111 
20 70 
20 100 
20 74 
20 47 
20 57 
20 108 
20 89 
20 12 
20 64 
20 55 
20 90 
20 107 
21 7 
21 37 
21 115 
21 91 
21 56 
21 70 
21 121 
21 15 
21 51 
21 29 
21 14 
21 108 
21 82 
21 77 
21 122 
21 86 
21 81 
21 109 
21 79 
21 4 
21 58 
21 38 
21 74 
21 57 
21 47 
21 5 
21 118 
21 75 
21 117 
21 97 
21 112 
21 96 
21 93 
21 76 
21 71 
21 8 
21 26 
21 95 
21 6 
21 107 
21 68 
21 120 
21 63 
21 36 
21 30 
21 42 
21 2 
21 27 
21 102 
21 20 
21 31 
21 44 
21 34 
21 40 
21 45 
21 78 
21 100 
21 99 
21 39 
21 90 
21 55 
21 46 
21 43 
21 35 
21 85 
21 50 
21 28 
21 16 
21 84 
21 61 
21 72 
21 101 
21 67 
21 104 
21 105 
21 22 
21 80 
21 18 
21 119 
21 92 
21 66 
21 9 
21 41 
21 87 
21 48 
21 110 
21 111 
21 98 
21 60 
21 13 
21 19 
21 24 
21 10 
21 88 
22 77 
22 49 
22 102 
22 93 
22 39 
22 121 
22 8 
22 115 
22 55 
22 97 
22 74 
22 75 
22 51 
22 63 
22 103 
22 107 
22 50 
22 117 
22 69 
22 65 
22 112 
22 76 
22 13 
22 24 
22 62 
22 34 
22 70 
22 67 
22 91 
22 116 
22 37 
22 3 
22 80 
22 11 
22 53 
22 89 
22 108 
22 109 
22 18 
22 38 
22 10 
22 79 
22 99 
22 113 
22 32 
22 25 
22 87 
22 6 
22 101 
22 26 
22 31 
22 5 
22 1 
22 73 
22 42 
22 36 
22 66 
22 23 
22 110 
22 71 
22 122 
22 96 
22 105 
22 57 
22 16 
22 29 
22 14 
22 83 
22 119 
22 84 
22 15 
22 94 
22 21 
22 88 
22 90 
22 104 
22 72 
22 85 
22 98 
22 61 
22 17 
22 120 
22 58 
22 78 
22 9 
23 81 
23 113 
23 31 
23 72 
23 60 
23 88 
23 55 
23 41 
23 62 
23 79 
23 54 
23 13 
23 100 
23 114 
23 51 
23 61 
23 82 
23 24 
23 83 
23 1 
23 40 
23 14 
23 0 
23 46 
23 64 
23 111 
23 105 
23 52 
23 102 
23 44 
23 59 
23 108 
23 87 
23 3 
23 73 
23 10 
23 16 
23 43 
23 35 
23 27 
23 93 
23 2 
23 38 
23 70 
23 11 
23 19 
23 112 
23 99 
23 34 
23 119 
23 66 
23 122 
23 94 
23 58 
23 57 
23 109 
23 95 
23 115 
23 47 
23 75 
23 69 
23 26 
23 22 
23 48 
23 86 
23 12 
23 29 
23 80 
23 91 
23 120 
23 39 
23 33 
23 28 
23 89 
23 97 
23 32 
23 117 
23 17 
23 104 
23 84 
23 85 
23 4 
23 36 
23 116 
23 8 
23 90 
23 50 
23 78 
23 5 
24 92 
24 19 
24 17 
24 71 
24 37 
24 10 
24 69 
24 13 
24 91 
24 5 
24 88 
24 50 
24 102 
24 82 
24 35 
24 33 
24 36 
24 63 
24 70 
24 2 
24 6 
24 23 
24 20 
24 105 
24 26 
24 115 
24 110 
24 22 
24 47 
24 53 
24 46 
24 68 
24 7 
24 64 
24 100 
24 27 
24 43 
24 45 
24 74 
24 54 
24 58 
24 49 
24 75 
24 28 
24 95 
24 108 
24 106 
24 1 
24 12 
24 34 
24 97 
24 119 
24 14 
24 39 
24 87 
24 59 
24 57 
24 98 
24 85 
24 101 
24 78 
24 60 
24 109 
24 66 
24 40 
24 31 
24 18 
24 79 
24 4 
24 112 
24 8 
24 113 
24 62 
24 94 
24 25 
24 99 
24 44 
24 48 
24 65 
24 76 
24 52 
24 61 
24 0 
24 3 
24 122 
24 16 
24 103 
24 9 
24 41 
24 77 
24 80 
24 42 
24 56 
24 21 
25 87 
25 91 
25 98 
25 78 
25 53 
25 69 
25 17 
25 88 
25 59 
25 41 
25 102 
25 10 
25 4 
25 35 
25 109 
25 105 
25 67 
25 49 
25 66 
25 42 
25 92 
25 64 
25 70 
25 2 
25 111 
25 3 
25 11 
25 37 
25 5 
25 52 
25 96 
25 115 
25 104 
25 95 
25 99 
25 9 
25 117 
25 85 
25 82 
25 15 
25 77 
25 80 
25 22 
25 79 
25 16 
25 84 
25 46 
25 34 
25 107 
25 0 
25 27 
25 93 
25 101 
25 62 
25 47 
25 60 
25 86 
25 94 
25 40 
25 112 
25 28 
25 108 
25 26 
25 45 
25 24 
25 83 
25 118 
25 54 
25 51 
25 29 
25 14 
25 72 
25 44 
25 76 
25 30 
25 110 
25 33 
25 7 
25 73 
25 71 
25 100 
25 13 
25 81 
25 65 
25 116 
25 18 
25 89 
25 8 
26 90 
26 46 
26 59 
26 27 
26 96 
26 111 
26 97 
26 9 
26 52 
26 99 
26 81 
26 106 
26 38 
26 19 
26 114 
26 4 
26 95 
26 118 
26 87 
26 24 
26 18 
26 110 
26 1 
26 42 
26 54 
26 122 
26 82 
26 20 
26 2 
26 67 
26 119 
26 113 
26 51 
26 10 
26 71 
26 69 
26 120 
26 72 
26 28 
26 21 
26 88 
26 89 
26 29 
26 68 
26 7 
26 5 
26 30 
26 93 
26 103 
26 22 
26 8 
26 36 
26 98 
26 80 
26 11 
26 14 
26 85 
26 13 
26 57 
26 23 
26 50 
26 15 
26 112 
26 79 
26 121 
26 70 
26 25 
26 49 
26 77 
26 63 
26 37 
26 16 
26 61 
26 48 
26 91 
26 44 
26 35 
26 6 
26 53 
26 66 
26 84 
26 108 
26 41 
26 83 
26 62 
26 109 
26 0 
26 74 
27 81 
27 9 
27 31 
27 26 
27 0 
27 47 
27 72 
27 8 
27 64 
27 120 
27 69 
27 45 
27 100 
27 110 
27 74 
27 70 
27 98 
27 10 
27 56 
27 20 
27 67 
27 95 
27 6 
27 78 
27 86 
27 15 
27 2 
27 39 
27 33 
27 50 
27 62 
27 101 
27 89 
27 68 
27 17 
27 57 
27 63 
27 107 
27 77 
27 24 
27 13 
27 23 
27 99 
27 41 
27 83 
27 79 
27 97 
27 122 
27 28 
27 40 
27 49 
27 55 
27 94 
27 35 
27 73 
27 21 
27 84 
27 44 
27 25 
27 46 
27 29 
27 93 
27 32 
27 16 
27 91 
27 103 
27 108 
27 106 
27 34 
27 48 
27 76 
27 82 
27 61 
27 38 
27 11 
27 42 
27 116 
27 117 
27 112 
27 80 
27 36 
27 58 
27 60 
27 105 
27 37 
27 7 
27 111 
27 85 
27 3 
27 119 
27 75 
27 114 
27 90 
27 14 
27 109 
28 97 
28 69 
28 80 
28 91 
28 32 
28 99 
28 45 
28 73 
28 65 
28 36 
28 88 
28 76 
28 84 
28 55 
28 117 
28 54 
28 51 
28 67 
28 79 
28 74 
28 18 
28 58 
28 34 
28 6 
28 82 
28 120 
28 95 
28 39 
28 71 
28 118 
28 92 
28 94 
28 60 
28 24 
28 5 
28 122 
28 26 
28 86 
28 111 
28 7 
28 90 
28 19 
28 68 
28 121 
28 27 
28 102 
28 52 
28 11 
28 61 
28 81 
28 0 
28 77 
28 114 
28 9 
28 108 
28 53 
28 10 
28 49 
28 15 
28 8 
28 42 
28 14 
28 62 
28 25 
28 3 
28 35 
28 33 
28 37 
28 63 
28 41 
28 116 
28 115 
28 107 
28 16 
28 21 
28 98 
28 23 
28 64 
28 40 
28 87 
28 119 
28 110 
28 70 
28 103 
28 2 
28 44 
28 89 
28 12 
28 96 
28 38 
28 56 
28 57 
28 29 
28 113 
28 30 
28 93 
29 17 
29 37 
29 54 
29 119 
29 36 
29 64 
29 112 
29 113 
29 77 
29 120 
29 58 
29 9 
29 21 
29 0 
29 87 
29 69 
29 84 
29 66 
29 107 
29 86 
29 89 
29 65 
29 20 
29 103 
29 63 
29 50 
29 14 
29 8 
29 73 
29 5 
29 19 
29 15 
29 60 
29 1 
29 49 
29 55 
29 81 
29 59 
29 18 
29 16 
29 32 
29 75 
29 100 
29 121 
29 122 
29 26 
29 71 
29 116 
29 101 
29 114 
29 110 
29 6 
29 91 
29 108 
29 3 
29 7 
29 97 
29 94 
29 38 
29 27 
29 102 
29 34 
29 56 
29 61 
29 52 
29 105 
29 83 
29 22 
29 23 
29 11 
29 78 
29 106 
29 80 
29 98 
29 25 
29 42 
29 44 
29 43 
29 46 
29 111 
29 70 
29 40 
29 33 
29 47 
29 118 
29 28 
29 39 
29 104 
29 67 
29 68 
29 96 
29 62 
29 41 
29 79 
30 74 
30 117 
30 72 
30 100 
30 60 
30 122 
30 43 
30 47 
30 3 
30 16 
30 120 
30 113 
30 61 
30 115 
30 83 
30 57 
30 10 
30 86 
30 91 
30 5 
30 32 
30 17 
30 56 
30 89 
30 2 
30 39 
30 35 
30 105 
30 66 
30 65 
30 50 
30 119 
30 8 
30 0 
30 88 
30 48 
30 107 
30 40 
30 15 
30 114 
30 85 
30 76 
30 14 
30 81 
30 97 
30 49 
30 80 
30 19 
30 77 
30 69 
30 67 
30 55 
30 26 
30 6 
30 54 
30 68 
30 21 
30 11 
30 109 
30 4 
30 70 
30 41 
30 79 
30 102 
30 7 
30 110 
30 104 
30 96 
30 64 
30 101 
30 121 
30 111 
30 90 
30 42 
30 87 
30 51 
30 94 
30 58 
30 13 
30 63 
30 25 
30 106 
30 73 
30 9 
30 34 
30 112 
30 37 
30 18 
30 84 
30 28 
31 113 
31 61 
31 105 
31 27 
31 37 
31 42 
31 50 
31 23 
31 72 
31 108 
31 87 
31 120 
31 73 
31 81 
31 86 
31 39 
31 107 
31 89 
31 93 
31 44 
31 85 
31 47 
31 18 
31 7 
31 66 
31 103 
31 71 
31 94 
31 49 
31 78 
31 83 
31 64 
31 112 
31 51 
31 59 
31 97 
31 70 
31 122 
31 101 
31 60 
31 3 
31 119 
31 111 
31 2 
31 22 
31 74 
31 32 
31 38 
31 84 
31 21 
31 34 
31 8 
31 46 
31 12 
31 24 
31 88 
31 90 
31 121 
31 75 
31 106 
31 40 
31 13 
31 41 
31 55 
31 53 
31 76 
31 1 
31 35 
31 65 
31 96 
31 114 
31 0 
31 56 
31 98 
31 33 
31 17 
31 11 
31 92 
31 99 
31 36 
31 10 
31 9 
31 104 
31 91 
31 48 
31 68 
31 14 
31 102 
31 5 
31 15 
31 4 
32 48 
32 36 
32 75 
32 28 
32 72 
32 73 
32 119 
32 83 
32 58 
32 74 
32 70 
32 68 
32 30 
32 112 
32 81 
32 20 
32 110 
32 11 
32 2 
32 109 
32 50 
32 77 
32 37 
32 5 
32 8 
32 49 
32 114 
32 122 
32 108 
32 39 
32 105 
32 100 
32 79 
32 107 
32 47 
32 51 
32 29 
32 64 
32 92 
32 4 
32 22 
32 10 
32 104 
32 31 
32 106 
32 80 
32 12 
32 76 
32 117 
32 57 
32 27 
32 71 
32 46 
32 52 
32 85 
32 66 
32 82 
32 13 
32 103 
32 65 
32 14 
32 33 
32 98 
32 99 
32 45 
32 69 
32 56 
32 113 
32 87 
32 67 
32 88 
32 15 
32 54 
32 93 
32 23 
32 94 
32 91 
32 96 
32 44 
32 84 
32 55 
32 116 
32 9 
32 101 
32 120 
32 17 
32 97 
32 40 
32 102 
32 86 
32 0 
32 61 
32 38 
32 89 
32 78 
32 34 
32 62 
32 6 
32 42 
32 63 
33 78 
33 14 
33 49 
33 95 
33 75 
33 18 
33 115 
33 102 
33 38 
33 44 
33 24 
33 85 
33 40 
33 103 
33 86 
33 68 
33 87 
33 89 
33 57 
33 27 
33 121 
33 6 
33 42 
33 4 
33 72 
33 64 
33 60 
33 11 
33 99 
33 1 
33 20 
33 13 
33 16 
33 118 
33 12 
33 15 
33 66 
33 93 
33 3 
33 109 
33 107 
33 88 
33 100 
33 55 
33 19 
33 120 
33 50 
33 105 
33 80 
33 51 
33 71 
33 91 
33 54 
33 65 
33 117 
33 81 
33 104 
33 28 
33 90 
33 106 
33 46 
33 112 
33 32 
33 74 
33 0 
33 43 
33 76 
33 77 
33 23 
33 59 
33 122 
33 41 
33 31 
33 101 
33 35 
33 25 
33 29 
33 9 
33 83 
33 53 
33 5 
33 79 
33 62 
33 119 
33 36 
33 114 
33 61 
34 39 
34 87 
34 36 
34 71 
34 5 
34 95 
34 50 
34 47 
34 94 
34 45 
34 43 
34 106 
34 14 
34 72 
34 110 
34 6 
34 48 
34 90 
34 8 
34 79 
34 17 
34 37 
34 62 
34 3 
34 35 
34 28 
34 20 
34 65 
34 22 
34 74 
34 41 
34 119 
34 111 
34 63 
34 100 
34 113 
34 16 
34 80 
34 86 
34 76 
34 40 
34 9 
34 1 
34 109 
34 4 
34 52 
34 24 
34 23 
34 15 
34 75 
34 25 
34 108 
34 112 
34 31 
34 21 
34 29 
34 68 
34 83 
34 12 
34 46 
34 49 
34 97 
34 27 
34 51 
34 102 
34 44 
34 117 
34 96 
34 93 
34 107 
34 7 
34 85 
34 99 
34 66 
34 67 
34 92 
34 115 
34 42 
34 69 
34 70 
34 30 
34 88 
34 104 
34 64 
34 61 
34 32 
34 0 
34 13 
34 116 
34 73 
35 73 
35 80 
35 11 
35 122 
35 42 
35 17 
35 82 
35 13 
35 79 
35 7 
35 72 
35 68 
35 87 
35 25 
35 24 
35 57 
35 91 
35 97 
35 12 
35 111 
35 44 
35 101 
35 107 
35 5 
35 3 
35 70 
35 69 
35 53 
35 56 
35 18 
35 34 
35 0 
35 46 
35 15 
35 51 
35 30 
35 66 
35 121 
35 115 
35 4 
35 105 
35 23 
35 62 
35 55 
35 54 
35 16 
35 60 
35 120 
35 50 
35 109 
35 45 
35 10 
35 92 
35 94 
35 27 
35 96 
35 74 
35 108 
35 100 
35 75 
35 95 
35 58 
35 93 
35 63 
35 48 
35 81 
35 90 
35 61 
35 28 
35 21 
35 8 
35 104 
35 19 
35 9 
35 37 
35 59 
35 38 
35 83 
35 106 
35 110 
35 113 
35 118 
35 31 
35 1 
35 26 
35 85 
35 86 
35 33 
35 99 
35 14 
35 49 
35 112 
35 64 
35 43 
35 84 
35 67 
35 36 
35 98 
36 34 
36 29 
36 41 
36 32 
36 102 
36 50 
36 28 
36 105 
36 82 
36 117 
36 114 
36 51 
36 80 
36 63 
36 24 
36 65 
36 19 
36 76 
36 18 
36 46 
36 39 
36 13 
36 47 
36 58 
36 4 
36 110 
36 70 
36 87 
36 106 
36 74 
36 118 
36 44 
36 52 
36 15 
36 104 
36 120 
36 21 
36 89 
36 26 
36 98 
36 1 
36 59 
36 108 
36 11 
36 86 
36 97 
36 20 
36 49 
36 22 
36 78 
36 68 
36 79 
36 101 
36 103 
36 53 
36 54 
36 12 
36 95 
36 69 
36 40 
36 2 
36 66 
36 93 
36 73 
36 37 
36 109 
36 119 
36 27 
36 85 
36 67 
36 8 
36 43 
36 60 
36 90 
36 84 
36 31 
36 23 
36 92 
36 111 
36 57 
36 17 
36 48 
36 14 
36 33 
36 35 
36 94 
37 68 
37 29 
37 21 
37 24 
37 31 
37 42 
37 2 
37 59 
37 75 
37 46 
37 93 
37 55 
37 72 
37 81 
37 62 
37 43 
37 40 
37 17 
37 34 
37 32 
37 105 
37 41 
37 65 
37 87 
37 25 
37 22 
37 4 
37 98 
37 100 
37 107 
37 19 
37 50 
37 12 
37 118 
37 52 
37 67 
37 119 
37 90 
37 45 
37 5 
37 92 
37 7 
37 58 
37 80 
37 10 
37 38 
37 114 
37 110 
37 103 
37 60 
37 104 
37 8 
37 77 
37 108 
37 99 
37 84 
37 78 
37 94 
37 3 
37 28 
37 86 
37 95 
37 71 
37 35 
37 16 
37 51 
37 74 
37 102 
37 79 
37 61 
37 120 
37 26 
37 36 
37 76 
37 0 
37 14 
37 113 
37 27 
37 63 
37 15 
37 121 
37 39 
37 122 
37 13 
37 11 
37 47 
37 30 
37 112 
37 82 
37 6 
37 49 
38 57 
38 3 
38 48 
38 0 
38 89 
38 58 
38 44 
38 96 
38 67 
38 33 
38 14 
38 98 
38 26 
38 53 
38 119 
38 41 
38 107 
38 120 
38 51 
38 52 
38 21 
38 56 
38 46 
38 92 
38 42 
38 104 
38 108 
38 70 
38 110 
38 8 
38 106 
38 17 
38 88 
38 81 
38 71 
38 1 
38 74 
38 47 
38 23 
38 101 
38 116 
38 50 
38 43 
38 22 
38 79 
38 19 
38 54 
38 37 
38 82 
38 6 
38 95 
38 10 
38 55 
38 86 
38 31 
38 112 
38 75 
38 29 
38 5 
38 90 
38 99 
38 49 
38 66 
38 2 
38 45 
38 27 
38 113 
38 60 
38 35 
38 91 
38 62 
38 20 
38 7 
38 59 
38 61 
38 72 
38 65 
38 121 
38 78 
38 85 
38 64 
38 32 
38 18 
38 117 
38 28 
38 68 
38 114 
38 12 
39 34 
39 1 
39 54 
39 0 
39 98 
39 122 
39 80 
39 22 
39 57 
39 31 
39 40 
39 102 
39 55 
39 3 
39 86 
39 89 
39 41 
39 77 
39 111 
39 51 
39 106 
39 36 
39 30 
39 27 
39 64 
39 85 
39 74 
39 121 
39 71 
39 28 
39 32 
39 46 
39 59 
39 20 
39 90 
39 94 
39 70 
39 114 
39 6 
39 88 
39 65 
39 62 
39 93 
39 82 
39 24 
39 61 
39 8 
39 81 
39 109 
39 45 
39 4 
39 101 
39 17 
39 53 
39 44 
39 10 
39 42 
39 21 
39 99 
39 105 
39 12 
39 47 
39 16 
39 15 
39 113 
39 92 
39 78 
39 23 
39 116 
39 67 
39 97 
39 87 
39 48 
39 43 
39 13 
39 95 
39 14 
39 5 
39 119 
39 100 
39 37 
39 18 
39 117 
39 52 
39 108 
39 19 
39 49 
39 29 
39 112 
39 68 
39 75 
40 93 
40 19 
40 3 
40 94 
40 95 
40 118 
40 101 
40 39 
40 56 
40 120 
40 55 
40 48 
40 8 
40 9 
40 122 
40 97 
40 121 
40 79 
40 117 
40 33 
40 87 
40 37 
40 50 
40 23 
40 98 
40 41 
40 10 
40 82 
40 86 
40 116 
40 43 
40 89 
40 72 
40 20 
40 1 
40 115 
40 109 
40 16 
40 54 
40 60 
40 81 
40 65 
40 83 
40 91 
40 30 
40 90 
40 111 
40 69 
40 34 
40 70 
40 77 
40 18 
40 113 
40 27 
40 7 
40 63 
40 14 
40 105 
40 24 
40 21 
40 76 
40 68 
40 31 
40 2 
40 25 
40 42 
40 44 
40 53 
40 36 
40 100 
40 73 
40 28 
40 66 
40 99 
40 29 
40 64 
40 78 
40 32 
40 96 
40 57 
40 17 
40 62 
40 85 
40 51 
40 58 
40 13 
40 104 
40 110 
40 112 
40 49 
40 119 
40 12 
41 56 
41 36 
41 73 
41 25 
41 89 
41 83 
41 67 
41 2 
41 23 
41 91 
41 60 
41 100 
41 20 
41 80 
41 87 
41 68 
41 12 
41 39 
41 92 
41 9 
41 38 
41 84 
41 72 
41 117 
41 95 
41 75 
41 58 
41 40 
41 109 
41 90 
41 88 
41 37 
41 74 
41 82 
41 34 
41 61 
41 8 
41 107 
41 27 
41 5 
41 1 
41 13 
41 6 
41 3 
41 0 
41 46 
41 105 
41 112 
41 102 
41 16 
41 65 
41 116 
41 10 
41 42 
41 30 
41 44 
41 110 
41 97 
41 111 
41 7 
41 96 
41 63 
41 76 
41 31 
41 54 
41 71 
41 94 
41 55 
41 28 
41 57 
41 49 
41 79 
41 119 
41 17 
41 19 
41 115 
41 14 
41 64 
41 121 
41 62 
41 33 
41 11 
41 69 
41 21 
41 24 
41 51 
41 26 
41 113 
41 52 
41 98 
41 59 
41 47 
41 118 
41 29 
42 82 
42 35 
42 31 
42 37 
42 92 
42 51 
42 83 
42 79 
42 86 
42 71 
42 75 
42 109 
42 113 
42 66 
42 101 
42 25 
42 106 
42 100 
42 68 
42 64 
42 38 
42 26 
42 33 
42 81 
42 49 
42 65 
42 56 
42 76 
42 11 
42 59 
42 47 
42 2 
42 45 
42 3 
42 73 
42 7 
42 117 
42 48 
42 57 
42 87 
42 74 
42 99 
42 88 
42 84 
42 1 
42 21 
42 41 
42 22 
42 95 
42 98 
42 61 
42 15 
42 39 
42 13 
42 28 
42 94 
42 40 
42 27 
42 91 
42 90 
42 121 
42 14 
42 116 
42 19 
42 9 
42 52 
42 120 
42 5 
42 10 
42 43 
42 102 
42 62 
42 30 
42 29 
42 70 
42 89 
42 105 
42 0 
42 60 
42 77 
42 34 
42 122 
42 103 
42 108 
42 63 
42 18 
42 67 
42 24 
42 118 
42 69 
42 32 
42 46 
43 44 
43 92 
43 20 
43 61 
43 30 
43 46 
43 66 
43 34 
43 73 
43 0 
43 37 
43 72 
43 56 
43 7 
43 54 
43 68 
43 69 
43 59 
43 48 
43 97 
43 11 
43 19 
43 40 
43 6 
43 55 
43 14 
43 95 
43 24 
43 100 
43 13 
43 23 
43 9 
43 85 
43 65 
43 12 
43 119 
43 38 
43 116 
43 112 
43 122 
43 8 
43 2 
43 64 
43 93 
43 94 
43 57 
43 110 
43 67 
43 91 
43 1 
43 3 
43 15 
43 87 
43 81 
43 103 
43 118 
43 86 
43 50 
43 88 
43 109 
43 21 
43 98 
43 52 
43 33 
43 10 
43 42 
43 45 
43 58 
43 39 
43 51 
43 71 
43 29 
43 63 
43 75 
43 120 
43 106 
43 36 
43 117 
43 108 
43 99 
43 49 
43 16 
43 111 
43 90 
43 96 
43 35 
43 104 
43 76 
43 89 
43 78 
44 43 
44 73 
44 17 
44 38 
44 53 
44 84 
44 50 
44 19 
44 4 
44 31 
44 33 
44 35 
44 3 
44 1 
44 86 
44 116 
44 6 
44 11 
44 52 
44 9 
44 110 
44 95 
44 0 
44 115 
44 121 
44 80 
44 2 
44 78 
44 120 
44 111 
44 90 
44 81 
44 23 
44 91 
44 63 
44 75 
44 85 
44 70 
44 122 
44 93 
44 65 
44 46 
44 36 
44 15 
44 48 
44 57 
44 74 
44 14 
44 107 
44 5 
44 27 
44 89 
44 41 
44 21 
44 99 
44 87 
44 47 
44 39 
44 76 
44 92 
44 56 
44 69 
44 104 
44 67 
44 34 
44 106 
44 58 
44 40 
44 103 
44 62 
44 94 
44 45 
44 24 
44 12 
44 77 
44 119 
44 83 
44 26 
44 20 
44 25 
44 29 
44 55 
44 32 
44 97 
44 105 
44 54 
44 71 
44 49 
44 8 
44 28 
44 101 
44 60 
44 100 
44 64 
44 109 
45 0 
45 53 
45 67 
45 49 
45 114 
45 64 
45 70 
45 105 
45 96 
45 57 
45 20 
45 28 
45 27 
45 48 
45 18 
45 34 
45 115 
45 65 
45 55 
45 85 
45 81 
45 122 
45 102 
45 63 
45 52 
45 86 
45 121 
45 83 
45 54 
45 68 
45 24 
45 79 
45 101 
45 75 
45 89 
45 112 
45 56 
45 109 
45 37 
45 104 
45 42 
45 35 
45 78 
45 50 
45 61 
45 106 
45 3 
45 59 
45 39 
45 107 
45 97 
45 72 
45 14 
45 93 
45 74 
45 19 
45 21 
45 113 
45 118 
45 1 
45 71 
45 38 
45 84 
45 87 
45 25 
45 9 
45 44 
45 32 
45 43 
45 47 
45 98 
45 103 
45 116 
45 108 
45 6 
45 58 
45 15 
45 16 
45 110 
45 90 
45 88 
45 12 
45 92 
45 2 
45 60 
45 51 
46 54 
46 13 
46 97 
46 107 
46 110 
46 26 
46 112 
46 58 
46 62 
46 57 
46 37 
46 43 
46 119 
46 12 
46 77 
46 95 
46 70 
46 85 
46 18 
46 55 
46 10 
46 65 
46 116 
46 36 
46 35 
46 47 
46 23 
46 104 
46 69 
46 11 
46 105 
46 38 
46 14 
46 73 
46 8 
46 24 
46 84 
46 108 
46 56 
46 59 
46 53 
46 19 
46 3 
46 39 
46 117 
46 86 
46 71 
46 68 
46 9 
46 0 
46 16 
46 115 
46 79 
46 64 
46 44 
46 63 
46 4 
46 74 
46 99 
46 92 
46 51 
46 41 
46 113 
46 25 
46 101 
46 61 
46 87 
46 106 
46 27 
46 31 
46 17 
46 32 
46 34 
46 21 
46 93 
46 1 
46 33 
46 15 
46 88 
46 120 
46 49 
46 100 
46 76 
46 72 
46 75 
46 29 
46 96 
46 80 
46 50 
46 102 
46 48 
46 89 
46 67 
46 60 
46 98 
46 122 
46 5 
46 121 
46 83 
46 7 
46 42 
47 121 
47 52 
47 50 
47 103 
47 72 
47 63 
47 27 
47 11 
47 86 
47 30 
47 34 
47 118 
47 97 
47 51 
47 2 
47 76 
47 106 
47 59 
47 31 
47 74 
47 58 
47 66 
47 19 
47 9 
47 116 
47 111 
47 60 
47 78 
47 80 
47 79 
47 64 
47 71 
47 46 
47 24 
47 65 
47 92 
47 84 
47 36 
47 16 
47 75 
47 21 
47 110 
47 83 
47 87 
47 100 
47 38 
47 81 
47 119 
47 32 
47 13 
47 98 
47 42 
47 14 
47 114 
47 10 
47 15 
47 61 
47 109 
47 6 
47 107 
47 122 
47 56 
47 89 
47 23 
47 44 
47 25 
47 115 
47 113 
47 39 
47 73 
47 117 
47 57 
47 99 
47 45 
47 69 
47 0 
47 67 
47 108 
47 62 
47 91 
47 95 
47 20 
47 29 
47 90 
47 112 
47 17 
47 53 
47 96 
47 85 
47 37 
47 3 
47 48 
47 70 
47 105 
47 41 
48 38 
48 51 
48 20 
48 90 
48 32 
48 89 
48 67 
48 53 
48 121 
48 97 
48 45 
48 76 
48 40 
48 3 
48 103 
48 69 
48 34 
48 50 
48 78 
48 75 
48 71 
48 79 
48 43 
48 87 
48 13 
48 100 
48 109 
48 83 
48 96 
48 57 
48 14 
48 54 
48 104 
48 101 
48 30 
48 63 
48 7 
48 122 
48 19 
48 117 
48 6 
48 18 
48 64 
48 0 
48 42 
48 44 
48 116 
48 15 
48 58 
48 70 
48 16 
48 56 
48 4 
48 110 
48 102 
48 106 
48 60 
48 80 
48 65 
48 81 
48 73 
48 27 
48 35 
48 23 
48 92 
48 86 
48 24 
48 74 
48 61 
48 39 
48 26 
48 111 
48 55 
48 5 
48 119 
48 112 
48 52 
48 59 
48 9 
48 46 
48 21 
48 113 
48 31 
48 66 
48 36 
48 47 
48 99 
48 98 
48 1 
48 77 
48 107 
49 11 
49 1 
49 73 
49 91 
49 57 
49 45 
49 58 
49 22 
49 33 
49 12 
49 111 
49 64 
49 98 
49 102 
49 68 
49 56 
49 89 
49 25 
49 110 
49 112 
49 114 
49 15 
49 87 
49 113 
49 0 
49 116 
49 103 
49 19 
49 104 
49 31 
49 59 
49 75 
49 32 
49 50 
49 106 
49 108 
49 115 
49 42 
49 94 
49 60 
49 29 
49 3 
49 24 
49 85 
49 9 
49 88 
49 105 
49 55 
49 71 
49 67 
49 62 
49 53 
49 30 
49 65 
49 27 
49 117 
49 20 
49 8 
49 36 
49 76 
49 63 
49 38 
49 28 
49 34 
49 118 
49 5 
49 26 
49 41 
49 119 
49 84 
49 2 
49 46 
49 79 
49 13 
49 17 
49 97 
49 74 
49 109 
49 35 
49 43 
49 44 
49 100 
49 121 
49 6 
49 69 
49 39 
49 90 
49 122 
49 37 
49 40 
50 116 
50 60 
50 3 
50 85 
50 47 
50 70 
50 53 
50 31 
50 24 
50 4 
50 57 
50 36 
50 34 
50 92 
50 54 
50 44 
50 102 
50 62 
50 100 
50 77 
50 114 
50 98 
50 56 
50 48 
50 18 
50 40 
50 115 
50 29 
50 32 
50 22 
50 110 
50 119 
50 52 
50 72 
50 6 
50 17 
50 10 
50 27 
50 49 
50 55 
50 86 
50 107 
50 30 
50 66 
50 118 
50 51 
50 19 
50 59 
50 58 
50 37 
50 121 
50 38 
50 5 
50 93 
50 35 
50 14 
50 108 
50 122 
50 74 
50 80 
50 45 
50 99 
50 68 
50 104 
50 82 
50 105 
50 75 
50 33 
50 89 
50 90 
50 97 
50 26 
50 87 
50 64 
50 91 
50 9 
50 43 
50 7 
50 67 
50 78 
50 20 
50 71 
50 21 
50 106 
50 117 
50 65 
50 79 
50 76 
50 88 
50 109 
50 13 
50 46 
50 0 
50 2 
50 12 
50 23 
50 1 
50 73 
51 48 
51 95 
51 16 
51 111 
51 94 
51 122 
51 21 
51 112 
51 42 
51 81 
51 100 
51 91 
51 47 
51 36 
51 18 
51 83 
51 99 
51 80 
51 13 
51 23 
51 53 
51 6 
51 87 
51 22 
51 39 
51 28 
51 70 
51 58 
51 38 
51 59 
51 78 
51 60 
51 19 
51 12 
51 35 
51 2 
51 119 
51 31 
51 79 
51 77 
51 50 
51 110 
51 73 
51 26 
51 96 
51 32 
51 75 
51 104 
51 61 
51 98 
51 97 
51 76 
51 115 
51 62 
51 109 
51 46 
51 86 
51 55 
51 14 
51 107 
51 85 
51 121 
51 0 
51 33 
51 64 
51 34 
51 116 
51 114 
51 117 
51 1 
51 20 
51 103 
51 37 
51 25 
51 30 
51 43 
51 93 
51 54 
51 65 
51 105 
51 57 
51 66 
51 52 
51 41 
51 88 
51 89 
51 113 
51 84 
51 82 
51 106 
51 40 
51 74 
51 8 
51 45 
51 102 
52 47 
52 90 
52 79 
52 74 
52 106 
52 8 
52 82 
52 115 
52 87 
52 26 
52 72 
52 67 
52 93 
52 101 
52 19 
52 63 
52 112 
52 84 
52 89 
52 111 
52 44 
52 45 
52 38 
52 116 
52 50 
52 121 
52 71 
52 104 
52 56 
52 23 
52 86 
52 0 
52 70 
52 97 
52 12 
52 62 
52 65 
52 25 
52 55 
52 10 
52 20 
52 110 
52 60 
52 37 
52 4 
52 36 
52 113 
52 34 
52 9 
52 122 
52 119 
52 28 
52 102 
52 57 
52 61 
52 85 
52 118 
52 13 
52 3 
52 114 
52 120 
52 32 
52 29 
52 6 
52 83 
52 117 
52 108 
52 43 
52 42 
52 92 
52 105 
52 96 
52 5 
52 68 
52 94 
52 91 
52 58 
52 59 
52 24 
52 7 
52 54 
52 77 
52 48 
52 99 
52 103 
52 51 
52 39 
52 14 
52 109 
52 41 
52 80 
52 64 
52 69 
52 88 
53 121 
53 45 
53 117 
53 86 
53 50 
53 25 
53 44 
53 119 
53 118 
53 67 
53 48 
53 71 
53 112 
53 69 
53 51 
53 38 
53 12 
53 11 
53 97 
53 35 
53 104 
53 109 
53 55 
53 24 
53 7 
53 57 
53 80 
53 46 
53 120 
53 102 
53 87 
53 108 
53 22 
53 3 
53 99 
53 15 
53 59 
53 49 
53 9 
53 122 
53 2 
53 16 
53 10 
53 88 
53 111 
53 28 
53 39 
53 1 
53 56 
53 79 
53 94 
53 36 
53 40 
53 31 
53 100 
53 92 
53 74 
53 18 
53 110 
53 78 
53 0 
53 93 
53 98 
53 65 
53 116 
53 17 
53 81 
53 26 
53 89 
53 85 
53 68 
53 47 
53 95 
53 33 
53 103 
53 14 
53 106 
53 5 
54 46 
54 29 
54 39 
54 65 
54 101 
54 103 
54 85 
54 66 
54 50 
54 70 
54 87 
54 104 
54 114 
54 23 
54 10 
54 28 
54 118 
54 20 
54 43 
54 108 
54 120 
54 61 
54 92 
54 116 
54 107 
54 78 
54 15 
54 62 
54 55 
54 26 
54 3 
54 40 
54 68 
54 105 
54 112 
54 45 
54 60 
54 24 
54 48 
54 35 
54 111 
54 99 
54 79 
54 59 
54 63 
54 71 
54 13 
54 72 
54 38 
54 18 
54 90 
54 106 
54 2 
54 122 
54 30 
54 14 
54 110 
54 98 
54 88 
54 113 
54 89 
54 33 
54 100 
54 67 
54 97 
54 86 
54 69 
54 17 
54 80 
54 8 
54 41 
54 36 
54 74 
54 25 
54 119 
54 9 
54 77 
54 16 
54 51 
54 32 
54 57 
54 11 
54 7 
54 52 
54 44 
54 93 
54 94 
54 95 
54 115 
54 83 
55 95 
55 74 
55 0 
55 94 
55 98 
55 85 
55 23 
55 15 
55 70 
55 39 
55 37 
55 22 
55 67 
55 66 
55 40 
55 86 
55 28 
55 16 
55 46 
55 45 
55 110 
55 112 
55 99 
55 116 
55 53 
55 60 
55 50 
55 69 
55 90 
55 54 
55 43 
55 57 
55 58 
55 5 
55 52 
55 73 
55 35 
55 118 
55 29 
55 63 
55 1 
55 103 
55 4 
55 3 
55 19 
55 65 
55 83 
55 120 
55 49 
55 61 
55 102 
55 109 
55 51 
55 78 
55 30 
55 106 
55 82 
55 27 
55 11 
55 105 
55 38 
55 93 
55 119 
55 33 
55 14 
55 62 
55 72 
55 21 
55 68 
55 101 
55 9 
55 76 
55 92 
55 114 
55 31 
55 41 
55 12 
55 7 
55 6 
55 2 
55 48 
55 97 
55 17 
55 91 
55 10 
55 44 
55 32 
55 64 
55 117 
55 100 
55 79 
55 80 
55 8 
55 81 
55 88 
55 20 
55 115 
56 73 
56 12 
56 41 
56 19 
56 92 
56 10 
56 76 
56 87 
56 119 
56 21 
56 93 
56 18 
56 66 
56 13 
56 40 
56 0 
56 27 
56 49 
56 59 
56 50 
56 79 
56 65 
56 43 
56 116 
56 68 
56 102 
56 64 
56 35 
56 30 
56 107 
56 38 
56 91 
56 69 
56 52 
56 46 
56 2 
56 110 
56 88 
56 42 
56 63 
56 108 
56 95 
56 45 
56 15 
56 84 
56 97 
56 90 
56 57 
56 16 
56 121 
56 106 
56 8 
56 62 
56 48 
56 47 
56 67 
56 82 
56 113 
56 14 
56 100 
56 6 
56 44 
56 9 
56 60 
56 53 
56 29 
56 4 
56 94 
56 89 
56 104 
56 11 
56 122 
56 103 
56 115 
56 112 
56 86 
56 99 
56 111 
56 32 
56 78 
56 61 
56 77 
56 31 
56 20 
56 71 
56 105 
56 98 
56 28 
56 83 
56 24 
56 58 
57 38 
57 16 
57 49 
57 119 
57 46 
57 19 
57 45 
57 67 
57 50 
57 39 
57 18 
57 114 
57 30 
57 115 
57 35 
57 65 
57 113 
57 15 
57 117 
57 97 
57 107 
57 10 
57 17 
57 33 
57 21 
57 53 
57 2 
57 77 
57 27 
57 90 
57 55 
57 99 
57 58 
57 66 
57 48 
57 8 
57 83 
57 14 
57 108 
57 100 
57 1 
57 73 
57 80 
57 56 
57 42 
57 44 
57 102 
57 69 
57 109 
57 72 
57 52 
57 64 
57 120 
57 24 
57 87 
57 43 
57 23 
57 32 
57 74 
57 26 
57 91 
57 122 
57 59 
57 89 
57 116 
57 22 
57 41 
57 98 
57 71 
57 110 
57 47 
57 61 
57 76 
57 85 
57 54 
57 7 
57 112 
57 40 
57 51 
57 82 
57 60 
57 93 
57 20 
57 36 
57 94 
57 13 
57 104 
57 28 
58 90 
58 49 
58 100 
58 38 
58 80 
58 119 
58 46 
58 78 
58 29 
58 63 
58 65 
58 19 
58 32 
58 5 
58 73 
58 79 
58 105 
58 0 
58 82 
58 47 
58 97 
58 51 
58 7 
58 41 
58 94 
58 21 
58 28 
58 14 
58 86 
58 106 
58 99 
58 111 
58 20 
58 36 
58 108 
58 116 
58 55 
58 17 
58 57 
58 122 
58 50 
58 24 
58 88 
58 96 
58 113 
58 61 
58 66 
58 104 
58 37 
58 98 
58 48 
58 8 
58 70 
58 107 
58 12 
58 95 
58 71 
58 75 
58 35 
58 23 
58 62 
58 68 
58 10 
58 72 
58 121 
58 89 
58 44 
58 16 
58 101 
58 60 
58 69 
58 52 
58 91 
58 43 
58 30 
58 27 
58 103 
58 59 
58 83 
58 114 
58 76 
58 45 
58 3 
58 102 
58 64 
58 1 
58 109 
58 22 
58 120 
58 40 
58 118 
58 56 
58 92 
58 4 
59 87 
59 26 
59 37 
59 73 
59 25 
59 121 
59 3 
59 82 
59 116 
59 76 
59 118 
59 72 
59 17 
59 56 
59 19 
59 47 
59 64 
59 51 
59 43 
59 49 
59 105 
59 86 
59 98 
59 107 
59 88 
59 70 
59 114 
59 46 
59 23 
59 31 
59 110 
59 104 
59 77 
59 102 
59 39 
59 50 
59 12 
59 106 
59 7 
59 29 
59 54 
59 69 
59 42 
59 53 
59 95 
59 94 
59 91 
59 97 
59 79 
59 45 
59 122 
59 24 
59 80 
59 60 
59 13 
59 120 
59 119 
59 8 
59 36 
59 18 
59 63 
59 57 
59 103 
59 89 
59 96 
59 100 
59 15 
59 62 
59 61 
59 85 
59 113 
59 115 
59 112 
59 35 
59 52 
59 33 
59 92 
59 38 
59 4 
59 93 
59 71 
59 90 
59 66 
59 58 
59 48 
59 84 
59 5 
59 9 
59 11 
59 41 
59 2 
59 16 
60 50 
60 7 
60 91 
60 13 
60 30 
60 84 
60 108 
60 23 
60 114 
60 79 
60 83 
60 61 
60 41 
60 67 
60 8 
60 81 
60 103 
60 101 
60 94 
60 0 
60 47 
60 102 
60 51 
60 120 
60 77 
60 80 
60 18 
60 55 
60 29 
60 99 
60 78 
60 63 
60 116 
60 87 
60 96 
60 12 
60 9 
60 40 
60 49 
60 122 
60 54 
60 33 
60 35 
60 52 
60 73 
60 28 
60 31 
60 64 
60 113 
60 95 
60 109 
60 37 
60 85 
60 59 
60 15 
60 24 
60 72 
60 48 
60 104 
60 68 
60 11 
60 90 
60 74 
60 65 
60 25 
60 86 
60 56 
60 119 
60 82 
60 93 
60 100 
60 14 
60 38 
60 6 
60 58 
60 105 
60 89 
60 69 
60 27 
60 42 
60 66 
60 19 
60 62 
60 2 
60 36 
60 107 
60 16 
60 57 
60 71 
60 44 
60 46 
60 98 
60 21 
60 1 
60 45 
61 31 
61 107 
61 85 
61 71 
61 101 
61 43 
61 119 
61 86 
61 30 
61 106 
61 60 
61 6 
61 79 
61 81 
61 111 
61 122 
61 114 
61 23 
61 18 
61 54 
61 63 
61 5 
61 91 
61 89 
61 90 
61 2 
61 41 
61 9 
61 15 
61 51 
61 58 
61 65 
61 16 
61 88 
61 83 
61 55 
61 95 
61 0 
61 118 
61 94 
61 45 
61 99 
61 39 
61 113 
61 52 
61 28 
61 47 
61 7 
61 46 
61 78 
61 74 
61 80 
61 69 
61 68 
61 42 
61 64 
61 29 
61 27 
61 116 
61 35 
61 59 
61 92 
61 100 
61 84 
61 117 
61 57 
61 37 
61 48 
61 21 
61 56 
61 26 
61 98 
61 77 
61 4 
61 24 
61 66 
61 105 
61 38 
61 70 
61 76 
61 67 
61 93 
61 22 
61 97 
61 32 
61 10 
61 3 
61 34 
61 11 
61 121 
61 33 
61 73 
62 92 
62 12 
62 71 
62 0 
62 116 
62 46 
62 5 
62 66 
62 79 
62 50 
62 23 
62 37 
62 81 
62 80 
62 72 
62 121 
62 17 
62 34 
62 9 
62 22 
62 54 
62 27 
62 91 
62 6 
62 11 
62 119 
62 65 
62 74 
62 105 
62 52 
62 112 
62 14 
62 90 
62 35 
62 89 
62 16 
62 7 
62 86 
62 114 
62 122 
62 49 
62 85 
62 39 
62 51 
62 118 
62 15 
62 56 
62 2 
62 58 
62 68 
62 10 
62 82 
62 19 
62 99 
62 55 
62 25 
62 110 
62 69 
62 76 
62 28 
62 59 
62 24 
62 78 
62 73 
62 100 
62 104 
62 111 
62 44 
62 94 
62 115 
62 108 
62 1 
62 38 
62 13 
62 42 
62 93 
62 20 
62 41 
62 60 
62 8 
62 47 
62 120 
62 113 
62 75 
62 102 
62 26 
62 33 
62 40 
62 32 
62 18 
62 29 
63 20 
63 101 
63 75 
63 47 
63 2 
63 4 
63 58 
63 103 
63 19 
63 100 
63 36 
63 52 
63 24 
63 96 
63 102 
63 22 
63 116 
63 69 
63 29 
63 45 
63 61 
63 83 
63 60 
63 27 
63 7 
63 44 
63 79 
63 64 
63 34 
63 74 
63 56 
63 55 
63 48 
63 54 
63 46 
63 118 
63 73 
63 110 
63 107 
63 92 
63 21 
63 91 
63 108 
63 93 
63 40 
63 85 
63 114 
63 84 
63 59 
63 119 
63 104 
63 49 
63 35 
63 98 
63 66 
63 76 
63 113 
63 41 
63 70 
63 97 
63 28 
63 115 
63 90 
63 26 
63 111 
63 120 
63 67 
63 17 
63 81 
63 65 
63 5 
63 1 
63 43 
63 12 
63 37 
63 30 
63 105 
63 13 
63 9 
63 10 
63 78 
63 94 
63 42 
63 16 
63 112 
63 68 
63 32 
63 8 
64 2 
64 79 
64 9 
64 68 
64 45 
64 29 
64 83 
64 27 
64 75 
64 49 
64 10 
64 59 
64 91 
64 1 
64 89 
64 56 
64 25 
64 112 
64 0 
64 47 
64 17 
64 117 
64 23 
64 39 
64 15 
64 13 
64 99 
64 12 
64 42 
64 31 
64 24 
64 118 
64 71 
64 63 
64 33 
64 74 
64 113 
64 101 
64 19 
64 82 
64 11 
64 107 
64 103 
64 16 
64 46 
64 80 
64 32 
64 122 
64 3 
64 120 
64 119 
64 60 
64 48 
64 121 
64 78 
64 57 
64 72 
64 93 
64 43 
64 97 
64 84 
64 90 
64 18 
64 109 
64 88 
64 87 
64 50 
64 85 
64 51 
64 61 
64 6 
64 102 
64 73 
64 30 
64 111 
64 8 
64 41 
64 116 
64 28 
64 94 
64 81 
64 14 
64 55 
64 40 
64 108 
64 76 
64 7 
64 58 
64 38 
64 104 
64 34 
64 98 
64 77 
64 35 
64 67 
64 100 
64 20 
64 52 
64 44 
65 120 
65 1 
65 95 
65 54 
65 85 
65 17 
65 101 
65 114 
65 116 
65 19 
65 2 
65 112 
65 58 
65 10 
65 103 
65 81 
65 9 
65 28 
65 111 
65 57 
65 68 
65 14 
65 36 
65 15 
65 56 
65 29 
65 69 
65 45 
65 46 
65 5 
65 22 
65 113 
65 88 
65 47 
65 77 
65 34 
65 0 
65 30 
65 13 
65 37 
65 94 
65 62 
65 42 
65 52 
65 76 
65 40 
65 43 
65 119 
65 98 
65 44 
65 12 
65 61 
65 82 
65 39 
65 55 
65 109 
65 104 
65 18 
65 75 
65 79 
65 73 
65 49 
65 70 
65 86 
65 97 
65 92 
65 41 
65 99 
65 48 
65 60 
65 122 
65 33 
65 121 
65 91 
65 108 
65 3 
65 87 
65 115 
65 32 
65 90 
65 20 
65 83 
65 106 
65 24 
65 67 
65 50 
65 31 
65 53 
65 63 
65 51 
65 96 
65 102 
65 38 
65 66 
65 7 
65 105 
65 100 
65 25 
65 118 
65 4 
66 67 
66 122 
66 19 
66 113 
66 72 
66 111 
66 2 
66 115 
66 107 
66 16 
66 43 
66 56 
66 62 
66 54 
66 55 
66 91 
66 15 
66 29 
66 42 
66 102 
66 11 
66 31 
66 47 
66 88 
66 6 
66 5 
66 25 
66 98 
66 89 
66 120 
66 90 
66 14 
66 35 
66 30 
66 9 
66 50 
66 57 
66 12 
66 74 
66 13 
66 95 
66 118 
66 58 
66 8 
66 116 
66 33 
66 73 
66 87 
66 23 
66 20 
66 24 
66 76 
66 22 
66 63 
66 69 
66 38 
66 86 
66 32 
66 93 
66 97 
66 36 
66 3 
66 10 
66 81 
66 34 
66 117 
66 79 
66 110 
66 103 
66 121 
66 78 
66 61 
66 83 
66 40 
66 99 
66 101 
66 60 
66 59 
66 26 
66 21 
66 65 
66 100 
66 84 
66 51 
66 114 
66 48 
66 112 
67 66 
67 45 
67 71 
67 87 
67 77 
67 57 
67 48 
67 53 
67 41 
67 38 
67 52 
67 101 
67 12 
67 0 
67 55 
67 60 
67 25 
67 19 
67 11 
67 120 
67 27 
67 122 
67 1 
67 108 
67 4 
67 28 
67 118 
67 107 
67 9 
67 14 
67 10 
67 79 
67 96 
67 2 
67 88 
67 121 
67 22 
67 116 
67 80 
67 26 
67 68 
67 119 
67 90 
67 5 
67 99 
67 81 
67 37 
67 102 
67 3 
67 15 
67 49 
67 104 
67 95 
67 72 
67 109 
67 30 
67 70 
67 82 
67 13 
67 18 
67 43 
67 97 
67 56 
67 54 
67 44 
67 50 
67 98 
67 84 
67 94 
67 91 
67 78 
67 39 
67 63 
67 8 
67 110 
67 65 
67 17 
67 32 
67 6 
67 69 
67 92 
67 21 
67 34 
67 89 
67 61 
67 75 
67 117 
67 47 
67 36 
67 7 
67 103 
67 105 
67 86 
67 85 
67 83 
67 74 
67 106 
67 46 
67 115 
67 64 
67 42 
67 35 
67 29 
68 37 
68 64 
68 74 
68 11 
68 97 
68 86 
68 35 
68 110 
68 49 
68 109 
68 65 
68 85 
68 41 
68 81 
68 87 
68 32 
68 14 
68 89 
68 88 
68 56 
68 43 
68 82 
68 113 
68 33 
68 107 
68 108 
68 73 
68 42 
68 19 
68 71 
68 24 
68 27 
68 101 
68 0 
68 54 
68 95 
68 45 
68 67 
68 99 
68 46 
68 90 
68 69 
68 77 
68 100 
68 20 
68 15 
68 114 
68 116 
68 26 
68 28 
68 21 
68 2 
68 104 
68 50 
68 6 
68 30 
68 10 
68 106 
68 16 
68 93 
68 60 
68 79 
68 62 
68 36 
68 61 
68 58 
68 34 
68 40 
68 118 
68 55 
68 102 
68 83 
68 52 
68 76 
68 112 
68 1 
68 121 
68 92 
68 7 
68 4 
68 103 
68 84 
68 119 
68 53 
68 80 
68 18 
68 98 
68 122 
68 12 
68 17 
68 31 
68 96 
68 38 
68 39 
68 29 
68 63 
69 107 
69 28 
69 83 
69 24 
69 121 
69 25 
69 73 
69 74 
69 27 
69 29 
69 94 
69 53 
69 105 
69 48 
69 87 
69 65 
69 63 
69 35 
69 120 
69 43 
69 9 
69 22 
69 111 
69 101 
69 46 
69 103 
69 88 
69 56 
69 55 
69 119 
69 86 
69 14 
69 78 
69 95 
69 59 
69 68 
69 26 
69 40 
69 102 
69 10 
69 76 
69 89 
69 7 
69 57 
69 30 
69 110 
69 80 
69 97 
69 84 
69 96 
69 12 
69 19 
69 20 
69 2 
69 61 
69 23 
69 17 
69 44 
69 54 
69 66 
69 11 
69 62 
69 81 
69 1 
69 100 
69 115 
69 36 
69 85 
69 109 
69 5 
69 15 
69 58 
69 32 
69 8 
69 72 
69 60 
69 47 
69 92 
69 116 
69 67 
69 112 
69 41 
69 34 
69 71 
69 99 
69 13 
69 93 
69 82 
69 104 
69 49 
69 114 
69 52 
69 42 
69 79 
69 118 
70 50 
70 14 
70 2 
70 45 
70 15 
70 21 
70 16 
70 5 
70 55 
70 54 
70 27 
70 73 
70 117 
70 101 
70 46 
70 9 
70 32 
70 24 
70 122 
70 35 
70 51 
70 95 
70 97 
70 107 
70 25 
70 121 
70 92 
70 111 
70 114 
70 22 
70 52 
70 59 
70 38 
70 110 
70 79 
70 116 
70 44 
70 93 
70 112 
70 31 
70 23 
70 98 
70 105 
70 39 
70 36 
70 10 
70 6 
70 7 
70 8 
70 19 
70 40 
70 48 
70 88 
70 65 
70 104 
70 67 
70 58 
70 87 
70 30 
70 1 
70 75 
70 94 
70 100 
70 84 
70 72 
70 26 
70 63 
70 12 
70 85 
70 74 
70 91 
70 42 
70 61 
70 115 
70 20 
70 29 
70 71 
70 28 
70 13 
70 113 
70 18 
70 3 
70 11 
70 34 
70 109 
70 0 
70 77 
70 47 
70 90 
70 78 
70 118 
70 106 
71 86 
71 14 
71 62 
71 34 
71 24 
71 112 
71 61 
71 80 
71 67 
71 85 
71 99 
71 117 
71 53 
71 108 
71 92 
71 101 
71 42 
71 15 
71 115 
71 12 
71 48 
71 83 
71 31 
71 78 
71 96 
71 47 
71 102 
71 52 
71 9 
71 82 
71 68 
71 39 
71 64 
71 75 
71 0 
71 28 
71 16 
71 8 
71 111 
71 94 
71 91 
71 122 
71 13 
71 110 
71 38 
71 46 
71 88 
71 5 
71 26 
71 100 
71 21 
71 74 
71 54 
71 49 
71 121 
71 29 
71 4 
71 89 
71 58 
71 33 
71 32 
71 114 
71 22 
71 107 
71 41 
71 45 
71 119 
71 50 
71 6 
71 1 
71 57 
71 37 
71 87 
71 77 
71 10 
71 72 
71 43 
71 98 
71 103 
71 113 
71 95 
71 59 
71 56 
71 70 
71 44 
71 73 
71 60 
71 69 
71 25 
71 81 
71 93 
72 113 
72 66 
72 30 
72 121 
72 47 
72 23 
72 31 
72 27 
72 32 
72 119 
72 35 
72 106 
72 17 
72 52 
72 59 
72 37 
72 109 
72 34 
72 43 
72 11 
72 62 
72 41 
72 115 
72 50 
72 81 
72 5 
72 96 
72 18 
72 40 
72 78 
72 15 
72 122 
72 33 
72 86 
72 117 
72 94 
72 110 
72 13 
72 16 
72 89 
72 91 
72 26 
72 100 
72 54 
72 8 
72 20 
72 107 
72 0 
72 87 
72 67 
72 93 
72 88 
72 57 
72 64 
72 4 
72 82 
72 60 
72 85 
72 45 
72 75 
72 1 
72 77 
72 58 
72 55 
72 70 
72 2 
72 79 
72 99 
72 21 
72 69 
72 71 
72 46 
72 25 
72 92 
72 19 
72 22 
72 38 
72 98 
72 90 
72 84 
72 105 
72 97 
73 35 
73 56 
73 44 
73 49 
73 109 
73 102 
73 8 
73 41 
73 59 
73 69 
73 32 
73 31 
73 1 
73 28 
73 9 
73 70 
73 58 
73 121 
73 43 
73 3 
73 77 
73 98 
73 12 
73 90 
73 18 
73 13 
73 29 
73 68 
73 11 
73 46 
73 19 
73 105 
73 94 
73 23 
73 114 
73 55 
73 84 
73 103 
73 51 
73 17 
73 113 
73 60 
73 104 
73 81 
73 79 
73 63 
73 120 
73 122 
73 42 
73 57 
73 91 
73 10 
73 87 
73 65 
73 27 
73 66 
73 22 
73 92 
73 48 
73 96 
73 116 
73 64 
73 47 
73 62 
73 110 
73 107 
73 76 
73 36 
73 40 
73 117 
73 95 
73 119 
73 111 
73 2 
73 106 
73 118 
73 108 
73 30 
73 71 
73 25 
73 5 
73 86 
73 100 
73 50 
73 115 
73 34 
73 6 
73 82 
73 61 
74 119 
74 55 
74 82 
74 30 
74 15 
74 68 
74 52 
74 69 
74 4 
74 27 
74 113 
74 32 
74 22 
74 110 
74 12 
74 109 
74 105 
74 47 
74 7 
74 83 
74 18 
74 102 
74 122 
74 28 
74 121 
74 90 
74 21 
74 14 
74 11 
74 41 
74 118 
74 39 
74 34 
74 16 
74 62 
74 64 
74 63 
74 24 
74 38 
74 66 
74 96 
74 71 
74 78 
74 85 
74 115 
74 50 
74 36 
74 107 
74 92 
74 108 
74 19 
74 46 
74 42 
74 44 
74 95 
74 31 
74 35 
74 89 
74 77 
74 45 
74 61 
74 60 
74 57 
74 87 
74 76 
74 112 
74 114 
74 101 
74 97 
74 54 
74 53 
74 33 
74 116 
74 48 
74 37 
74 70 
74 1 
74 9 
74 104 
74 100 
74 117 
74 17 
74 20 
74 106 
74 99 
74 49 
74 88 
74 67 
74 3 
74 120 
74 2 
74 51 
74 26 
74 79 
75 112 
75 15 
75 115 
75 101 
75 111 
75 63 
75 32 
75 37 
75 20 
75 33 
75 7 
75 113 
75 98 
75 64 
75 18 
75 99 
75 78 
75 3 
75 42 
75 76 
75 22 
75 48 
75 122 
75 105 
75 41 
75 116 
75 17 
75 0 
75 82 
75 91 
75 14 
75 49 
75 47 
75 102 
75 71 
75 21 
75 44 
75 8 
75 79 
75 16 
75 110 
75 45 
75 109 
75 81 
75 51 
75 24 
75 29 
75 10 
75 95 
75 2 
75 65 
75 106 
75 9 
75 120 
75 34 
75 119 
75 35 
75 58 
75 50 
75 38 
75 121 
75 72 
75 70 
75 13 
75 23 
75 90 
75 31 
75 6 
75 4 
75 118 
75 5 
75 93 
75 80 
75 19 
75 100 
75 1 
75 87 
75 84 
75 46 
75 67 
75 114 
75 43 
75 103 
75 85 
75 107 
75 62 
75 27 
75 94 
75 86 
75 96 
75 39 
76 83 
76 56 
76 109 
76 115 
76 59 
76 48 
76 107 
76 28 
76 13 
76 47 
76 91 
76 75 
76 80 
76 84 
76 36 
76 3 
76 22 
76 119 
76 4 
76 85 
76 114 
76 99 
76 92 
76 19 
76 65 
76 42 
76 77 
76 78 
76 21 
76 34 
76 30 
76 87 
76 51 
76 69 
76 14 
76 88 
76 118 
76 82 
76 1 
76 20 
76 66 
76 0 
76 32 
76 110 
76 49 
76 112 
76 40 
76 117 
76 98 
76 74 
76 44 
76 63 
76 18 
76 5 
76 41 
76 62 
76 27 
76 55 
76 113 
76 33 
76 31 
76 68 
76 73 
76 24 
76 10 
76 100 
76 57 
76 102 
76 6 
76 46 
76 37 
76 15 
76 104 
76 11 
76 50 
76 90 
76 61 
76 111 
76 17 
76 25 
76 8 
76 58 
76 106 
76 64 
76 93 
76 43 
76 16 
76 116 
77 22 
77 116 
77 2 
77 108 
77 29 
77 67 
77 85 
77 20 
77 46 
77 21 
77 50 
77 118 
77 73 
77 39 
77 32 
77 87 
77 109 
77 60 
77 80 
77 65 
77 96 
77 105 
77 119 
77 106 
77 57 
77 51 
77 27 
77 7 
77 93 
77 15 
77 59 
77 79 
77 76 
77 84 
77 68 
77 111 
77 120 
77 11 
77 114 
77 25 
77 4 
77 40 
77 30 
77 0 
77 115 
77 10 
77 28 
77 104 
77 19 
77 81 
77 37 
77 74 
77 102 
77 72 
77 9 
77 3 
77 121 
77 83 
77 103 
77 82 
77 18 
77 26 
77 95 
77 16 
77 44 
77 100 
77 33 
77 71 
77 17 
77 54 
77 56 
77 61 
77 97 
77 12 
77 14 
77 99 
77 52 
77 122 
77 6 
77 42 
77 8 
77 94 
77 113 
77 89 
77 98 
77 24 
77 64 
77 70 
77 48 
77 117 
77 13 
78 33 
78 112 
78 96 
78 89 
78 97 
78 25 
78 58 
78 83 
78 14 
78 75 
78 84 
78 6 
78 80 
78 8 
78 102 
78 79 
78 94 
78 48 
78 116 
78 27 
78 71 
78 54 
78 51 
78 47 
78 99 
78 93 
78 44 
78 31 
78 109 
78 60 
78 2 
78 72 
78 122 
78 115 
78 69 
78 81 
78 11 
78 76 
78 111 
78 106 
78 74 
78 118 
78 88 
78 45 
78 119 
78 64 
78 55 
78 24 
78 20 
78 10 
78 61 
78 7 
78 36 
78 21 
78 37 
78 50 
78 62 
78 103 
78 5 
78 67 
78 39 
78 29 
78 53 
78 114 
78 56 
78 120 
78 1 
78 82 
78 66 
78 117 
78 104 
78 17 
78 87 
78 18 
78 100 
78 90 
78 40 
78 110 
78 63 
78 121 
78 13 
78 38 
78 0 
78 23 
78 95 
78 32 
78 12 
78 113 
78 70 
78 22 
78 43 
79 108 
79 103 
79 119 
79 20 
79 64 
79 52 
79 6 
79 7 
79 35 
79 60 
79 42 
79 62 
79 121 
79 61 
79 58 
79 23 
79 78 
79 56 
79 40 
79 19 
79 34 
79 48 
79 114 
79 110 
79 28 
79 21 
79 118 
79 47 
79 12 
79 67 
79 93 
79 16 
79 3 
79 51 
79 63 
79 70 
79 116 
79 94 
79 75 
79 101 
79 77 
79 45 
79 115 
79 32 
79 91 
79 46 
79 54 
79 73 
79 107 
79 38 
79 22 
79 0 
79 27 
79 100 
79 97 
79 65 
79 59 
79 113 
79 2 
79 25 
79 98 
79 68 
79 1 
79 24 
79 30 
79 36 
79 26 
79 4 
79 53 
79 18 
79 102 
79 95 
79 72 
79 41 
79 86 
79 9 
79 37 
79 49 
79 66 
79 87 
79 14 
79 10 
79 50 
79 85 
79 120 
79 55 
79 92 
79 96 
79 122 
79 89 
79 33 
79 88 
79 5 
79 81 
79 74 
79 69 
79 13 
79 29 
80 35 
80 88 
80 117 
80 71 
80 39 
80 58 
80 3 
80 28 
80 110 
80 83 
80 118 
80 36 
80 41 
80 78 
80 84 
80 51 
80 7 
80 76 
80 106 
80 62 
80 2 
80 11 
80 105 
80 47 
80 44 
80 1 
80 90 
80 60 
80 77 
80 82 
80 100 
80 119 
80 53 
80 67 
80 95 
80 115 
80 103 
80 22 
80 121 
80 34 
80 111 
80 64 
80 50 
80 57 
80 30 
80 37 
80 25 
80 93 
80 69 
80 59 
80 19 
80 32 
80 26 
80 33 
80 48 
80 61 
80 15 
80 92 
80 116 
80 54 
80 98 
80 109 
80 14 
80 4 
80 107 
80 122 
80 18 
80 87 
80 23 
80 81 
80 8 
80 75 
80 97 
80 12 
80 29 
80 20 
80 27 
80 9 
80 21 
80 114 
80 46 
80 13 
80 68 
80 5 
80 55 
80 86 
80 24 
80 104 
80 101 
80 52 
80 16 
81 23 
81 27 
81 102 
81 114 
81 93 
81 11 
81 15 
81 120 
81 116 
81 121 
81 31 
81 65 
81 51 
81 26 
81 61 
81 60 
81 37 
81 0 
81 68 
81 62 
81 21 
81 32 
81 45 
81 118 
81 8 
81 12 
81 117 
81 7 
81 10 
81 72 
81 99 
81 44 
81 108 
81 111 
81 42 
81 94 
81 98 
81 105 
81 40 
81 78 
81 38 
81 47 
81 29 
81 85 
81 1 
81 75 
81 89 
81 67 
81 97 
81 73 
81 30 
81 119 
81 20 
81 4 
81 39 
81 28 
81 83 
81 77 
81 18 
81 3 
81 16 
81 14 
81 48 
81 43 
81 9 
81 101 
81 82 
81 35 
81 69 
81 33 
81 95 
81 6 
81 80 
81 66 
81 103 
81 13 
81 63 
81 109 
81 64 
81 53 
81 5 
81 84 
81 2 
81 112 
81 110 
81 25 
81 55 
81 71 
81 79 
81 113 
81 106 
82 42 
82 114 
82 74 
82 108 
82 83 
82 35 
82 94 
82 95 
82 12 
82 52 
82 85 
82 89 
82 59 
82 21 
82 36 
82 24 
82 6 
82 111 
82 113 
82 58 
82 92 
82 23 
82 102 
82 90 
82 68 
82 10 
82 120 
82 75 
82 40 
82 80 
82 71 
82 28 
82 26 
82 41 
82 1 
82 16 
82 103 
82 64 
82 93 
82 109 
82 20 
82 25 
82 65 
82 121 
82 98 
82 39 
82 38 
82 87 
82 55 
82 115 
82 67 
82 50 
82 72 
82 76 
82 112 
82 8 
82 13 
82 62 
82 56 
82 0 
82 15 
82 119 
82 14 
82 81 
82 27 
82 32 
82 107 
82 60 
82 7 
82 77 
82 19 
82 118 
82 78 
82 86 
82 101 
82 100 
82 117 
82 57 
82 69 
82 106 
82 51 
82 37 
82 73 
83 94 
83 69 
83 76 
83 82 
83 64 
83 122 
83 80 
83 78 
83 41 
83 93 
83 32 
83 60 
83 42 
83 30 
83 109 
83 101 
83 51 
83 74 
83 121 
83 89 
83 91 
83 23 
83 71 
83 96 
83 5 
83 63 
83 31 
83 20 
83 85 
83 110 
83 9 
83 48 
83 45 
83 47 
83 40 
83 57 
83 17 
83 55 
83 104 
83 61 
83 27 
83 114 
83 2 
83 81 
83 7 
83 108 
83 92 
83 120 
83 100 
83 34 
83 12 
83 98 
83 86 
83 117 
83 77 
83 52 
83 1 
83 3 
83 29 
83 25 
83 68 
83 22 
83 65 
83 35 
83 44 
83 119 
83 66 
83 8 
83 97 
83 58 
83 67 
83 15 
83 115 
83 33 
83 112 
83 26 
83 56 
83 16 
83 46 
83 90 
83 10 
83 54 
83 88 
83 105 
84 12 
84 103 
84 99 
84 60 
84 94 
84 44 
84 87 
84 78 
84 28 
84 80 
84 29 
84 52 
84 1 
84 6 
84 41 
84 76 
84 4 
84 47 
84 116 
84 89 
84 46 
84 98 
84 13 
84 105 
84 73 
84 0 
84 77 
84 56 
84 107 
84 104 
84 64 
84 25 
84 42 
84 69 
84 111 
84 27 
84 16 
84 63 
84 19 
84 110 
84 10 
84 31 
84 113 
84 37 
84 93 
84 70 
84 18 
84 88 
84 45 
84 67 
84 7 
84 17 
84 112 
84 61 
84 49 
84 85 
84 9 
84 21 
84 22 
84 86 
84 20 
84 122 
84 75 
84 32 
84 90 
84 23 
84 68 
84 81 
84 101 
84 15 
84 26 
84 36 
84 66 
84 106 
84 59 
84 2 
84 72 
84 51 
84 35 
84 121 
84 97 
84 30 
85 89 
85 50 
85 65 
85 61 
85 71 
85 55 
85 82 
85 77 
85 19 
85 54 
85 112 
85 9 
85 68 
85 31 
85 33 
85 46 
85 45 
85 20 
85 113 
85 76 
85 15 
85 39 
85 98 
85 83 
85 116 
85 44 
85 122 
85 94 
85 117 
85 43 
85 81 
85 12 
85 13 
85 49 
85 30 
85 25 
85 74 
85 88 
85 5 
85 7 
85 62 
85 106 
85 2 
85 60 
85 118 
85 52 
85 24 
85 107 
85 110 
85 86 
85 63 
85 51 
85 3 
85 72 
85 105 
85 101 
85 26 
85 14 
85 1 
85 92 
85 64 
85 32 
85 119 
85 59 
85 21 
85 69 
85 120 
85 70 
85 84 
85 111 
85 97 
85 11 
85 16 
85 34 
85 57 
85 35 
85 36 
85 109 
85 79 
85 22 
85 67 
85 75 
85 53 
85 90 
85 23 
85 108 
85 27 
85 10 
85 91 
85 38 
85 100 
85 87 
85 95 
85 47 
85 17 
85 40 
85 8 
85 4 
86 99 
86 71 
86 87 
86 94 
86 53 
86 98 
86 89 
86 101 
86 68 
86 47 
86 61 
86 31 
86 9 
86 121 
86 42 
86 15 
86 55 
86 4 
86 39 
86 104 
86 30 
86 29 
86 95 
86 118 
86 44 
86 21 
86 20 
86 27 
86 107 
86 33 
86 45 
86 58 
86 91 
86 112 
86 120 
86 40 
86 59 
86 50 
86 52 
86 69 
86 117 
86 72 
86 46 
86 114 
86 12 
86 113 
86 34 
86 105 
86 62 
86 2 
86 1 
86 115 
86 28 
86 51 
86 108 
86 13 
86 65 
86 38 
86 5 
86 85 
86 36 
86 93 
86 18 
86 60 
86 43 
86 54 
86 25 
86 83 
86 66 
86 119 
86 23 
86 37 
86 17 
86 48 
86 56 
86 79 
86 84 
86 82 
86 109 
86 14 
86 35 
86 67 
86 7 
86 16 
86 32 
86 97 
86 88 
86 0 
86 10 
86 80 
86 73 
86 75 
86 122 
87 86 
87 34 
87 59 
87 5 
87 25 
87 12 
87 56 
87 67 
87 31 
87 105 
87 52 
87 35 
87 29 
87 84 
87 54 
87 41 
87 68 
87 40 
87 69 
87 51 
87 49 
87 111 
87 101 
87 11 
87 107 
87 121 
87 33 
87 18 
87 77 
87 26 
87 19 
87 98 
87 89 
87 95 
87 122 
87 114 
87 93 
87 48 
87 16 
87 37 
87 60 
87 103 
87 23 
87 47 
87 13 
87 53 
87 102 
87 108 
87 36 
87 6 
87 76 
87 110 
87 118 
87 72 
87 90 
87 42 
87 73 
87 22 
87 14 
87 82 
87 24 
87 2 
87 66 
87 57 
87 94 
87 70 
87 46 
87 116 
87 44 
87 74 
87 20 
87 43 
87 64 
87 50 
87 120 
87 45 
87 65 
87 91 
87 80 
87 71 
87 113 
87 39 
87 88 
87 79 
87 7 
87 32 
87 30 
87 75 
87 17 
87 78 
87 4 
87 10 
87 28 
87 97 
87 100 
87 9 
87 21 
87 15 
87 85 
87 0 
88 108 
88 11 
88 80 
88 121 
88 19 
88 24 
88 25 
88 23 
88 99 
88 8 
88 93 
88 28 
88 120 
88 116 
88 101 
88 66 
88 68 
88 65 
88 89 
88 41 
88 67 
88 69 
88 95 
88 1 
88 59 
88 92 
88 17 
88 56 
88 38 
88 30 
88 71 
88 58 
88 96 
88 39 
88 49 
88 85 
88 61 
88 26 
88 98 
88 122 
88 78 
88 15 
88 76 
88 53 
88 72 
88 70 
88 42 
88 33 
88 20 
88 54 
88 104 
88 94 
88 16 
88 90 
88 64 
88 31 
88 43 
88 9 
88 84 
88 5 
88 0 
88 107 
88 2 
88 46 
88 18 
88 87 
88 32 
88 7 
88 50 
88 22 
88 114 
88 109 
88 97 
88 74 
88 86 
88 102 
88 34 
88 51 
88 79 
88 45 
88 55 
88 100 
88 111 
88 83 
88 52 
88 21 
89 85 
89 2 
89 38 
89 78 
89 86 
89 113 
89 111 
89 48 
89 109 
89 82 
89 41 
89 31 
89 112 
89 49 
89 39 
89 29 
89 0 
89 106 
89 52 
89 83 
89 11 
89 68 
89 64 
89 66 
89 33 
89 30 
89 87 
89 88 
89 61 
89 84 
89 40 
89 27 
89 9 
89 5 
89 101 
89 62 
89 22 
89 16 
89 45 
89 81 
89 95 
89 72 
89 99 
89 98 
89 8 
89 17 
89 26 
89 122 
89 69 
89 102 
89 71 
89 94 
89 114 
89 108 
89 96 
89 36 
89 118 
89 74 
89 44 
89 50 
89 47 
89 54 
89 90 
89 57 
89 116 
89 13 
89 59 
89 12 
89 103 
89 110 
89 4 
89 121 
89 58 
89 100 
89 56 
89 120 
89 23 
89 60 
89 105 
89 42 
89 15 
89 67 
89 10 
89 14 
89 53 
89 107 
89 3 
89 46 
89 77 
89 93 
89 20 
89 79 
89 28 
89 117 
89 32 
89 51 
89 119 
89 19 
89 43 
89 25 
90 26 
90 52 
90 110 
90 58 
90 7 
90 48 
90 100 
90 6 
90 118 
90 96 
90 14 
90 17 
90 34 
90 111 
90 82 
90 73 
90 103 
90 66 
90 109 
90 15 
90 80 
90 74 
90 41 
90 44 
90 106 
90 55 
90 61 
90 117 
90 101 
90 57 
90 13 
90 1 
90 62 
90 67 
90 39 
90 68 
90 94 
90 93 
90 2 
90 40 
90 4 
90 5 
90 97 
90 37 
90 115 
90 16 
90 56 
90 28 
90 87 
90 54 
90 99 
90 0 
90 64 
90 120 
90 19 
90 38 
90 60 
90 50 
90 88 
90 121 
90 89 
90 75 
90 31 
90 21 
90 8 
90 35 
90 105 
90 33 
90 63 
90 42 
90 122 
90 65 
90 30 
90 119 
90 114 
90 10 
90 76 
90 84 
90 22 
90 59 
90 102 
90 78 
90 107 
90 85 
90 36 
90 116 
90 47 
90 43 
90 11 
90 23 
90 12 
90 27 
90 72 
90 45 
90 49 
90 92 
90 70 
90 83 
90 20 
90 112 
91 100 
91 60 
91 49 
91 98 
91 25 
91 24 
91 113 
91 21 
91 20 
91 108 
91 28 
91 115 
91 51 
91 101 
91 41 
91 35 
91 13 
91 0 
91 76 
91 66 
91 30 
91 112 
91 64 
91 83 
91 3 
91 107 
91 105 
91 122 
91 61 
91 56 
91 75 
91 86 
91 62 
91 22 
91 114 
91 109 
91 9 
91 44 
91 2 
91 71 
91 40 
91 6 
91 79 
91 16 
91 72 
91 93 
91 7 
91 96 
91 94 
91 73 
91 59 
91 63 
91 95 
91 5 
91 116 
91 29 
91 43 
91 27 
91 33 
91 57 
91 50 
91 12 
91 65 
91 14 
91 42 
91 106 
91 87 
91 103 
91 67 
91 23 
91 38 
91 70 
91 19 
91 52 
91 58 
91 26 
91 55 
91 32 
91 118 
91 111 
91 47 
91 121 
91 119 
91 85 
91 17 
91 117 
91 31 
91 110 
91 1 
91 102 
92 62 
92 24 
92 43 
92 56 
92 2 
92 42 
92 17 
92 12 
92 50 
92 96 
92 116 
92 117 
92 71 
92 6 
92 41 
92 82 
92 0 
92 25 
92 54 
92 104 
92 70 
92 19 
92 47 
92 38 
92 7 
92 88 
92 8 
92 76 
92 109 
92 28 
92 18 
92 3 
92 32 
92 37 
92 103 
92 74 
92 14 
92 35 
92 63 
92 100 
92 46 
92 110 
92 15 
92 65 
92 83 
92 13 
92 73 
92 10 
92 107 
92 80 
92 85 
92 44 
92 119 
92 99 
92 108 
92 55 
92 48 
92 20 
92 61 
92 53 
92 39 
92 113 
92 52 
92 93 
92 59 
92 69 
92 67 
92 97 
92 72 
92 68 
92 115 
92 34 
92 122 
92 21 
92 31 
92 79 
92 94 
92 36 
92 102 
92 120 
92 90 
92 16 
92 45 
92 58 
93 40 
93 116 
93 12 
93 22 
93 81 
93 56 
93 37 
93 11 
93 4 
93 83 
93 101 
93 104 
93 88 
93 9 
93 115 
93 52 
93 31 
93 114 
93 110 
93 109 
93 78 
93 79 
93 87 
93 18 
93 77 
93 20 
93 70 
93 23 
93 82 
93 5 
93 21 
93 90 
93 44 
93 50 
93 0 
93 91 
93 120 
93 39 
93 72 
93 80 
93 26 
93 121 
93 33 
93 64 
93 63 
93 97 
93 43 
93 55 
93 15 
93 2 
93 8 
93 86 
93 35 
93 45 
93 68 
93 99 
93 27 
93 25 
93 119 
93 84 
93 46 
93 34 
93 118 
93 96 
93 60 
93 66 
93 111 
93 75 
93 92 
93 53 
93 6 
93 36 
93 62 
93 51 
93 32 
93 108 
93 59 
93 14 
93 61 
93 107 
93 54 
93 3 
93 57 
93 89 
93 76 
93 69 
93 95 
93 16 
93 100 
93 113 
93 71 
93 28 
94 86 
94 83 
94 40 
94 55 
94 82 
94 51 
94 17 
94 84 
94 111 
94 107 
94 12 
94 34 
94 116 
94 69 
94 78 
94 112 
94 18 
94 60 
94 11 
94 99 
94 121 
94 31 
94 58 
94 110 
94 14 
94 118 
94 5 
94 65 
94 106 
94 73 
94 81 
94 49 
94 71 
94 72 
94 85 
94 9 
94 79 
94 90 
94 39 
94 28 
94 95 
94 91 
94 61 
94 59 
94 89 
94 3 
94 35 
94 27 
94 43 
94 87 
94 23 
94 96 
94 20 
94 88 
94 15 
94 29 
94 70 
94 101 
94 1 
94 98 
94 25 
94 42 
94 56 
94 0 
94 53 
94 37 
94 41 
94 8 
94 24 
94 67 
94 44 
94 62 
94 119 
94 97 
94 52 
94 13 
94 122 
94 120 
94 30 
94 22 
94 64 
94 32 
94 114 
94 10 
94 63 
94 77 
94 2 
94 54 
94 92 
94 19 
94 102 
94 105 
94 57 
94 75 
94 113 
94 104 
94 100 
94 4 
94 36 
94 103 
95 55 
95 65 
95 51 
95 40 
95 82 
95 33 
95 106 
95 34 
95 121 
95 46 
95 86 
95 27 
95 104 
95 44 
95 70 
95 1 
95 103 
95 41 
95 4 
95 100 
95 26 
95 87 
95 117 
95 88 
95 115 
95 3 
95 80 
95 98 
95 28 
95 43 
95 101 
95 68 
95 19 
95 2 
95 96 
95 56 
95 25 
95 69 
95 66 
95 89 
95 94 
95 24 
95 75 
95 21 
95 61 
95 59 
95 60 
95 67 
95 18 
95 38 
95 91 
95 74 
95 13 
95 58 
95 35 
95 102 
95 42 
95 23 
95 119 
95 15 
95 110 
95 113 
95 36 
95 81 
95 79 
95 37 
95 77 
95 7 
95 39 
95 105 
95 73 
95 9 
95 71 
95 11 
95 47 
95 16 
95 111 
95 93 
95 53 
95 85 
95 10 
95 78 
95 54 
95 17 
95 8 
96 98 
96 78 
96 26 
96 45 
96 118 
96 0 
96 100 
96 113 
96 120 
96 38 
96 92 
96 90 
96 119 
96 63 
96 17 
96 4 
96 104 
96 9 
96 71 
96 1 
96 83 
96 67 
96 105 
96 121 
96 72 
96 116 
96 77 
96 106 
96 60 
96 110 
96 25 
96 48 
96 95 
96 21 
96 51 
96 74 
96 58 
96 88 
96 19 
96 103 
96 91 
96 115 
96 35 
96 99 
96 89 
96 10 
96 69 
96 94 
96 3 
96 97 
96 101 
96 107 
96 59 
96 6 
96 8 
96 41 
96 73 
96 30 
96 34 
96 22 
96 20 
96 7 
96 114 
96 93 
96 108 
96 52 
96 12 
96 31 
96 112 
96 32 
96 65 
96 46 
96 40 
96 79 
96 102 
96 16 
96 43 
96 47 
96 28 
96 15 
96 13 
96 68 
96 5 
96 75 
96 29 
97 6 
97 9 
97 28 
97 102 
97 46 
97 78 
97 104 
97 26 
97 68 
97 4 
97 48 
97 47 
97 22 
97 116 
97 35 
97 40 
97 8 
97 57 
97 111 
97 53 
97 58 
97 121 
97 99 
97 16 
97 70 
97 43 
97 12 
97 18 
97 115 
97 52 
97 3 
97 31 
97 21 
97 20 
97 100 
97 17 
97 81 
97 122 
97 56 
97 90 
97 2 
97 51 
97 30 
97 120 
97 27 
97 24 
97 59 
97 79 
97 11 
97 64 
97 65 
97 93 
97 101 
97 69 
97 119 
97 45 
97 36 
97 67 
97 29 
97 5 
97 96 
97 41 
97 50 
97 54 
97 34 
97 114 
97 117 
97 74 
97 105 
97 14 
97 63 
97 66 
97 85 
97 94 
97 1 
97 80 
97 39 
97 77 
97 103 
97 55 
97 23 
97 92 
97 109 
97 49 
97 108 
97 44 
97 83 
97 32 
97 88 
97 87 
97 61 
97 86 
97 107 
97 84 
97 72 
98 39 
98 96 
98 86 
98 91 
98 25 
98 55 
98 19 
98 75 
98 49 
98 103 
98 17 
98 27 
98 50 
98 38 
98 118 
98 73 
98 0 
98 101 
98 66 
98 40 
98 87 
98 108 
98 59 
98 84 
98 85 
98 18 
98 95 
98 81 
98 10 
98 9 
98 104 
98 100 
98 114 
98 37 
98 70 
98 65 
98 47 
98 51 
98 89 
98 88 
98 82 
98 111 
98 105 
98 58 
98 5 
98 116 
98 24 
98 120 
98 36 
98 79 
98 26 
98 54 
98 122 
98 117 
98 42 
98 76 
98 99 
98 6 
98 112 
98 121 
98 94 
98 102 
98 63 
98 83 
98 80 
98 43 
98 67 
98 57 
98 32 
98 7 
98 20 
98 53 
98 28 
98 29 
98 3 
98 61 
98 45 
98 71 
98 31 
98 2 
98 22 
98 4 
98 77 
98 68 
98 72 
98 56 
98 64 
98 46 
98 21 
98 60 
98 106 
98 48 
98 41 
98 35 
99 86 
99 84 
99 71 
99 88 
99 28 
99 115 
99 75 
99 26 
99 104 
99 8 
99 7 
99 9 
99 51 
99 97 
99 2 
99 94 
99 55 
99 120 
99 78 
99 102 
99 15 
99 81 
99 58 
99 64 
99 60 
99 18 
99 57 
99 76 
99 0 
99 68 
99 27 
99 114 
99 111 
99 33 
99 25 
99 54 
99 121 
99 67 
99 89 
99 53 
99 23 
99 22 
99 101 
99 46 
99 122 
99 50 
99 61 
99 42 
99 3 
99 96 
99 90 
99 65 
99 118 
99 38 
99 93 
99 44 
99 98 
99 62 
99 37 
99 14 
99 21 
99 92 
99 39 
99 100 
99 107 
99 24 
99 119 
99 10 
99 32 
99 72 
99 56 
99 1 
99 13 
99 34 
99 47 
99 11 
99 116 
99 77 
99 66 
99 40 
99 74 
99 35 
99 43 
99 31 
99 52 
99 69 
99 48 
100 91 
100 112 
100 58 
100 30 
100 2 
100 90 
100 96 
100 5 
100 27 
100 51 
100 110 
100 50 
100 41 
100 63 
100 113 
100 23 
100 105 
100 95 
100 42 
100 114 
100 80 
100 111 
100 106 
100 24 
100 48 
100 34 
100 43 
100 47 
100 98 
100 116 
100 32 
100 37 
100 122 
100 101 
100 97 
100 121 
100 4 
100 71 
100 8 
100 12 
100 68 
100 117 
100 118 
100 57 
100 29 
100 72 
100 79 
100 92 
100 115 
100 35 
100 3 
100 33 
100 7 
100 21 
100 54 
100 119 
100 56 
100 83 
100 70 
100 13 
100 89 
100 59 
100 69 
100 99 
100 62 
100 53 
100 60 
100 108 
100 61 
100 77 
100 75 
100 76 
100 46 
100 40 
100 0 
100 74 
100 1 
100 82 
100 78 
100 20 
100 55 
100 39 
100 87 
100 66 
100 10 
100 18 
100 49 
100 25 
100 17 
100 85 
100 64 
100 65 
100 73 
100 93 
100 88 
100 44 
100 94 
101 75 
101 63 
101 15 
101 121 
101 61 
101 65 
101 110 
101 86 
101 54 
101 107 
101 10 
101 40 
101 93 
101 20 
101 67 
101 91 
101 52 
101 71 
101 83 
101 70 
101 88 
101 35 
101 42 
101 98 
101 60 
101 87 
101 8 
101 9 
101 13 
101 113 
101 69 
101 2 
101 27 
101 11 
101 120 
101 68 
101 90 
101 95 
101 19 
101 64 
101 79 
101 89 
101 45 
101 48 
101 100 
101 38 
101 31 
101 106 
101 104 
101 99 
101 29 
101 14 
101 115 
101 22 
101 46 
101 24 
101 97 
101 39 
101 85 
101 5 
101 96 
101 94 
101 25 
101 36 
101 81 
101 55 
101 74 
101 109 
101 116 
101 30 
101 58 
101 82 
101 112 
101 21 
101 66 
101 33 
101 105 
101 32 
101 103 
101 84 
101 122 
101 44 
101 12 
101 80 
101 118 
101 7 
101 111 
102 97 
102 81 
102 22 
102 73 
102 0 
102 25 
102 36 
102 24 
102 16 
102 49 
102 50 
102 39 
102 112 
102 106 
102 33 
102 78 
102 66 
102 12 
102 63 
102 56 
102 74 
102 82 
102 17 
102 45 
102 60 
102 99 
102 71 
102 9 
102 8 
102 1 
102 23 
102 14 
102 75 
102 113 
102 104 
102 10 
102 59 
102 53 
102 87 
102 69 
102 115 
102 67 
102 110 
102 107 
102 7 
102 55 
102 117 
102 28 
102 57 
102 89 
102 52 
102 41 
102 21 
102 48 
102 77 
102 95 
102 29 
102 15 
102 2 
102 98 
102 30 
102 34 
102 64 
102 79 
102 68 
102 118 
102 103 
102 121 
102 37 
102 42 
102 76 
102 119 
102 105 
102 116 
102 5 
102 65 
102 90 
102 32 
102 46 
102 6 
102 96 
102 58 
102 88 
102 92 
102 94 
102 62 
102 31 
102 91 
102 109 
102 51 
103 84 
103 79 
103 47 
103 2 
103 122 
103 4 
103 11 
103 63 
103 54 
103 18 
103 65 
103 98 
103 8 
103 60 
103 48 
103 114 
103 16 
103 29 
103 31 
103 22 
103 5 
103 95 
103 33 
103 49 
103 90 
103 115 
103 10 
103 69 
103 105 
103 104 
103 87 
103 6 
103 112 
103 82 
103 80 
103 73 
103 64 
103 55 
103 92 
103 96 
103 37 
103 26 
103 118 
103 19 
103 27 
103 59 
103 89 
103 113 
103 43 
103 14 
103 20 
103 36 
103 77 
103 51 
103 56 
103 91 
103 44 
103 32 
103 78 
103 7 
103 102 
103 120 
103 81 
103 66 
103 45 
103 97 
103 108 
103 71 
103 106 
103 117 
103 68 
103 58 
103 67 
103 119 
103 75 
103 28 
103 24 
103 101 
103 42 
103 52 
103 53 
103 15 
103 109 
103 94 
104 5 
104 109 
104 19 
104 97 
104 93 
104 116 
104 99 
104 7 
104 54 
104 86 
104 119 
104 95 
104 96 
104 16 
104 53 
104 92 
104 49 
104 46 
104 4 
104 52 
104 110 
104 103 
104 38 
104 122 
104 102 
104 59 
104 113 
104 98 
104 25 
104 48 
104 107 
104 51 
104 73 
104 3 
104 101 
104 45 
104 1 
104 58 
104 83 
104 65 
104 67 
104 36 
104 84 
104 68 
104 17 
104 32 
104 14 
104 70 
104 50 
104 77 
104 2 
104 120 
104 37 
104 88 
104 60 
104 63 
104 18 
104 13 
104 112 
104 44 
104 30 
104 56 
104 33 
104 62 
104 35 
104 74 
104 76 
104 78 
104 21 
104 22 
104 23 
104 10 
104 9 
104 34 
104 31 
104 64 
104 69 
104 80 
104 57 
104 43 
104 108 
104 29 
104 94 
104 40 
105 31 
105 113 
105 45 
105 121 
105 87 
105 6 
105 36 
105 25 
105 58 
105 108 
105 114 
105 112 
105 69 
105 74 
105 106 
105 1 
105 19 
105 75 
105 80 
105 91 
105 100 
105 37 
105 24 
105 117 
105 96 
105 46 
105 59 
105 30 
105 110 
105 103 
105 23 
105 77 
105 73 
105 62 
105 35 
105 84 
105 54 
105 81 
105 32 
105 70 
105 86 
105 119 
105 18 
105 14 
105 12 
105 49 
105 11 
105 98 
105 41 
105 55 
105 50 
105 40 
105 33 
105 85 
105 5 
105 109 
105 3 
105 13 
105 39 
105 90 
105 97 
105 22 
105 29 
105 52 
105 2 
105 60 
105 107 
105 115 
105 102 
105 89 
105 95 
105 42 
105 61 
105 21 
105 27 
105 111 
105 51 
105 101 
105 67 
105 63 
105 44 
105 56 
105 65 
105 94 
105 47 
105 10 
105 83 
105 72 
105 8 
105 17 
106 52 
106 95 
106 72 
106 61 
106 102 
106 47 
106 34 
106 26 
106 105 
106 89 
106 80 
106 42 
106 39 
106 58 
106 90 
106 18 
106 115 
106 49 
106 77 
106 3 
106 94 
106 100 
106 96 
106 15 
106 38 
106 117 
106 59 
106 78 
106 6 
106 9 
106 101 
106 36 
106 24 
106 85 
106 8 
106 107 
106 75 
106 17 
106 45 
106 54 
106 56 
106 55 
106 113 
106 32 
106 68 
106 48 
106 110 
106 46 
106 5 
106 27 
106 31 
106 44 
106 20 
106 19 
106 33 
106 91 
106 118 
106 2 
106 109 
106 50 
106 119 
106 29 
106 120 
106 65 
106 35 
106 4 
106 103 
106 43 
106 73 
106 74 
106 76 
106 108 
106 122 
106 30 
106 67 
106 84 
106 98 
106 82 
106 7 
106 53 
106 51 
106 81 
106 70 
107 69 
107 122 
107 3 
107 46 
107 61 
107 66 
107 101 
107 94 
107 10 
107 8 
107 76 
107 31 
107 15 
107 1 
107 29 
107 57 
107 35 
107 114 
107 38 
107 91 
107 22 
107 54 
107 16 
107 67 
107 70 
107 87 
107 86 
107 68 
107 56 
107 12 
107 50 
107 118 
107 59 
107 27 
107 18 
107 9 
107 37 
107 104 
107 30 
107 32 
107 14 
107 64 
107 7 
107 102 
107 79 
107 41 
107 74 
107 63 
107 84 
107 72 
107 106 
107 21 
107 5 
107 113 
107 85 
107 33 
107 25 
107 58 
107 45 
107 44 
107 51 
107 47 
107 19 
107 120 
107 96 
107 92 
107 115 
107 71 
107 82 
107 80 
107 28 
107 88 
107 99 
107 34 
107 73 
107 117 
107 105 
107 110 
107 93 
107 89 
107 90 
107 75 
107 60 
107 111 
107 119 
107 13 
107 109 
107 97 
107 112 
107 4 
107 20 
107 48 
108 79 
108 88 
108 77 
108 82 
108 17 
108 8 
108 60 
108 91 
108 13 
108 31 
108 21 
108 71 
108 5 
108 105 
108 0 
108 67 
108 2 
108 6 
108 54 
108 121 
108 68 
108 16 
108 98 
108 1 
108 12 
108 32 
108 46 
108 15 
108 81 
108 38 
108 49 
108 58 
108 114 
108 23 
108 53 
108 56 
108 22 
108 116 
108 109 
108 87 
108 9 
108 18 
108 110 
108 57 
108 50 
108 24 
108 74 
108 86 
108 63 
108 89 
108 35 
108 29 
108 34 
108 111 
108 36 
108 28 
108 83 
108 122 
108 37 
108 113 
108 27 
108 117 
108 10 
108 65 
108 92 
108 25 
108 52 
108 100 
108 96 
108 62 
108 112 
108 103 
108 119 
108 93 
108 45 
108 3 
108 97 
108 47 
108 73 
108 85 
108 106 
108 42 
108 64 
108 43 
108 26 
108 120 
108 20 
108 39 
108 4 
108 104 
108 115 
108 7 
109 104 
109 73 
109 3 
109 113 
109 9 
109 89 
109 76 
109 5 
109 115 
109 83 
109 25 
109 18 
109 68 
109 72 
109 42 
109 74 
109 21 
109 32 
109 116 
109 93 
109 114 
109 111 
109 41 
109 90 
109 10 
109 77 
109 53 
109 121 
109 118 
109 13 
109 20 
109 78 
109 91 
109 119 
109 40 
109 48 
109 92 
109 82 
109 75 
109 17 
109 108 
109 45 
109 16 
109 22 
109 65 
109 35 
109 34 
109 55 
109 51 
109 67 
109 57 
109 60 
109 15 
109 33 
109 39 
109 47 
109 8 
109 30 
109 24 
109 23 
109 64 
109 105 
109 4 
109 7 
109 43 
109 80 
109 101 
109 106 
109 69 
109 6 
109 81 
109 117 
109 86 
109 36 
109 97 
109 85 
109 1 
109 50 
109 88 
109 49 
109 122 
109 70 
109 14 
109 58 
109 52 
109 26 
109 27 
109 107 
109 103 
109 102 
109 44 
110 46 
110 90 
110 101 
110 80 
110 0 
110 111 
110 27 
110 68 
110 100 
110 74 
110 49 
110 34 
110 15 
110 32 
110 55 
110 44 
110 79 
110 93 
110 50 
110 94 
110 24 
110 26 
110 105 
110 104 
110 6 
110 38 
110 83 
110 96 
110 47 
110 70 
110 59 
110 56 
110 51 
110 71 
110 75 
110 36 
110 72 
110 52 
110 5 
110 3 
110 108 
110 13 
110 102 
110 122 
110 63 
110 87 
110 37 
110 121 
110 69 
110 20 
110 92 
110 29 
110 85 
110 17 
110 43 
110 48 
110 54 
110 84 
110 106 
110 76 
110 41 
110 115 
110 119 
110 89 
110 117 
110 95 
110 22 
110 30 
110 62 
110 7 
110 2 
110 73 
110 9 
110 57 
110 53 
110 35 
110 67 
110 10 
110 66 
110 107 
110 113 
110 28 
110 78 
110 12 
110 25 
110 21 
110 45 
110 81 
110 8 
110 91 
110 120 
110 40 
111 75 
111 66 
111 51 
111 7 
111 89 
111 26 
111 110 
111 94 
111 49 
111 1 
111 65 
111 114 
111 82 
111 61 
111 35 
111 97 
111 39 
111 52 
111 11 
111 90 
111 12 
111 87 
111 47 
111 109 
111 69 
111 44 
111 70 
111 113 
111 25 
111 23 
111 58 
111 81 
111 100 
111 34 
111 118 
111 71 
111 120 
111 54 
111 80 
111 99 
111 2 
111 40 
111 78 
111 77 
111 117 
111 28 
111 98 
111 31 
111 53 
111 4 
111 84 
111 108 
111 15 
111 3 
111 41 
111 19 
111 17 
111 13 
111 121 
111 5 
111 62 
111 64 
111 119 
111 93 
111 85 
111 56 
111 30 
111 63 
111 48 
111 16 
111 105 
111 76 
111 20 
111 29 
111 91 
111 73 
111 27 
111 6 
111 43 
111 36 
111 95 
111 21 
111 107 
111 88 
111 112 
111 101 
112 75 
112 100 
112 78 
112 71 
112 46 
112 29 
112 65 
112 121 
112 51 
112 4 
112 114 
112 85 
112 20 
112 102 
112 89 
112 53 
112 105 
112 52 
112 94 
112 5 
112 91 
112 49 
112 32 
112 55 
112 64 
112 22 
112 18 
112 2 
112 7 
112 86 
112 31 
112 11 
112 103 
112 54 
112 119 
112 62 
112 21 
112 70 
112 45 
112 117 
112 43 
112 23 
112 115 
112 41 
112 34 
112 38 
112 82 
112 76 
112 98 
112 74 
112 104 
112 12 
112 26 
112 17 
112 25 
112 24 
112 16 
112 33 
112 56 
112 84 
112 13 
112 59 
112 3 
112 108 
112 118 
112 113 
112 68 
112 27 
112 101 
112 69 
112 48 
112 96 
112 57 
112 35 
112 0 
112 47 
112 81 
112 63 
112 83 
112 30 
112 66 
112 107 
112 122 
112 37 
112 39 
112 40 
112 111 
112 90 
113 72 
113 31 
113 20 
113 66 
113 109 
113 23 
113 105 
113 89 
113 29 
113 91 
113 75 
113 96 
113 30 
113 2 
113 74 
113 57 
113 100 
113 82 
113 42 
113 117 
113 49 
113 68 
113 101 
113 65 
113 4 
113 85 
113 120 
113 111 
113 17 
113 19 
113 9 
113 102 
113 7 
113 104 
113 64 
113 26 
113 121 
113 86 
113 34 
113 73 
113 58 
113 60 
113 52 
113 22 
113 79 
113 40 
113 61 
113 46 
113 107 
113 106 
113 1 
113 15 
113 3 
113 54 
113 11 
113 108 
113 84 
113 56 
113 103 
113 45 
113 114 
113 63 
113 47 
113 16 
113 95 
113 13 
113 24 
113 115 
113 14 
113 59 
113 76 
113 39 
113 92 
113 38 
113 87 
113 112 
113 35 
113 32 
113 71 
113 37 
113 110 
113 70 
113 12 
113 77 
113 62 
113 48 
113 41 
113 51 
113 10 
113 0 
113 94 
113 6 
113 81 
113 93 
113 28 
113 78 
114 6 
114 82 
114 45 
114 2 
114 65 
114 81 
114 60 
114 112 
114 57 
114 36 
114 9 
114 111 
114 50 
114 54 
114 15 
114 105 
114 23 
114 93 
114 103 
114 49 
114 7 
114 61 
114 19 
114 107 
114 26 
114 79 
114 16 
114 109 
114 1 
114 87 
114 100 
114 32 
114 70 
114 91 
114 59 
114 108 
114 76 
114 73 
114 5 
114 86 
114 98 
114 99 
114 30 
114 39 
114 18 
114 62 
114 83 
114 77 
114 68 
114 47 
114 37 
114 116 
114 89 
114 17 
114 29 
114 28 
114 63 
114 0 
114 52 
114 71 
114 121 
114 113 
114 74 
114 97 
114 51 
114 55 
114 96 
114 14 
114 78 
114 31 
114 90 
114 75 
114 88 
114 94 
114 80 
114 115 
114 58 
114 11 
114 117 
114 27 
114 66 
114 69 
114 33 
114 38 
114 3 
114 10 
115 5 
115 75 
115 21 
115 66 
115 76 
115 22 
115 52 
115 109 
115 99 
115 30 
115 9 
115 91 
115 93 
115 57 
115 33 
115 45 
115 71 
115 0 
115 2 
115 8 
115 50 
115 44 
115 72 
115 24 
115 103 
115 97 
115 95 
115 106 
115 3 
115 14 
115 40 
115 49 
115 35 
115 78 
115 80 
115 122 
115 25 
115 12 
115 79 
115 120 
115 46 
115 118 
115 102 
115 90 
115 86 
115 74 
115 51 
115 96 
115 100 
115 101 
115 77 
115 82 
115 112 
115 20 
115 119 
115 23 
115 110 
115 11 
115 107 
115 47 
115 69 
115 113 
115 63 
115 28 
115 10 
115 65 
115 56 
115 59 
115 62 
115 19 
115 16 
115 121 
115 41 
115 105 
115 92 
115 70 
115 34 
115 114 
115 15 
115 1 
115 83 
115 67 
115 54 
115 108 
115 73 
115 55 
116 50 
116 93 
116 120 
116 77 
116 118 
116 65 
116 62 
116 121 
116 59 
116 81 
116 92 
116 104 
116 12 
116 88 
116 94 
116 97 
116 44 
116 78 
116 17 
116 63 
116 56 
116 47 
116 109 
116 54 
116 49 
116 75 
116 46 
116 55 
116 52 
116 15 
116 84 
116 40 
116 96 
116 22 
116 1 
116 67 
116 60 
116 58 
116 10 
116 85 
116 70 
116 0 
116 79 
116 14 
116 119 
116 100 
116 108 
116 38 
116 20 
116 43 
116 5 
116 68 
116 29 
116 66 
116 48 
116 114 
116 98 
116 117 
116 91 
116 9 
116 41 
116 3 
116 87 
116 89 
116 80 
116 57 
116 51 
116 7 
116 2 
116 61 
116 73 
116 13 
116 11 
116 28 
116 101 
116 42 
116 27 
116 74 
116 39 
116 99 
116 53 
116 69 
116 64 
116 102 
116 45 
116 32 
116 90 
116 23 
116 25 
116 34 
116 6 
116 76 
117 3 
117 17 
117 53 
117 30 
117 80 
117 12 
117 71 
117 92 
117 36 
117 4 
117 18 
117 70 
117 57 
117 1 
117 40 
117 28 
117 113 
117 2 
117 41 
117 22 
117 81 
117 105 
117 64 
117 95 
117 90 
117 86 
117 5 
117 72 
117 106 
117 46 
117 21 
117 85 
117 119 
117 25 
117 0 
117 112 
117 100 
117 48 
117 111 
117 14 
117 42 
117 102 
117 116 
117 6 
117 49 
117 8 
117 98 
117 15 
117 9 
117 32 
117 11 
117 76 
117 110 
117 108 
117 33 
117 34 
117 121 
117 83 
117 52 
117 97 
117 13 
117 51 
117 16 
117 47 
117 61 
117 50 
117 107 
117 27 
117 66 
117 73 
117 109 
117 78 
117 74 
117 103 
117 82 
117 67 
117 23 
117 55 
117 10 
117 43 
117 39 
117 91 
117 114 
117 89 
117 38 
117 77 
118 120 
118 116 
118 96 
118 40 
118 14 
118 53 
118 80 
118 47 
118 59 
118 1 
118 90 
118 77 
118 119 
118 98 
118 86 
118 54 
118 8 
118 67 
118 79 
118 81 
118 26 
118 3 
118 4 
118 109 
118 94 
118 2 
118 74 
118 107 
118 64 
118 50 
118 21 
118 111 
118 28 
118 55 
118 17 
118 37 
118 66 
118 115 
118 100 
118 63 
118 78 
118 36 
118 6 
118 87 
118 16 
118 61 
118 33 
118 7 
118 76 
118 85 
118 62 
118 5 
118 52 
118 89 
118 103 
118 99 
118 13 
118 11 
118 45 
118 43 
118 68 
118 49 
118 75 
118 93 
118 106 
118 102 
118 25 
118 0 
118 82 
118 112 
118 122 
118 35 
118 12 
118 91 
118 73 
118 101 
118 29 
118 65 
118 42 
118 58 
118 70 
118 41 
118 69 
119 16 
119 74 
119 79 
119 29 
119 57 
119 7 
119 56 
119 58 
119 61 
119 53 
119 18 
119 46 
119 15 
119 32 
119 72 
119 96 
119 118 
119 4 
119 104 
119 14 
119 38 
119 8 
119 5 
119 50 
119 76 
119 121 
119 80 
119 9 
119 51 
119 77 
119 69 
119 30 
119 62 
119 120 
119 109 
119 34 
119 12 
119 26 
119 112 
119 116 
119 67 
119 117 
119 47 
119 65 
119 43 
119 105 
119 37 
119 64 
119 31 
119 81 
119 20 
119 78 
119 10 
119 24 
119 52 
119 75 
119 13 
119 55 
119 59 
119 23 
119 97 
119 115 
119 6 
119 63 
119 95 
119 100 
119 110 
119 92 
119 93 
119 82 
119 85 
119 60 
119 86 
119 71 
119 49 
119 111 
119 94 
119 99 
119 41 
119 54 
119 44 
119 106 
119 22 
119 90 
119 102 
119 11 
119 83 
119 108 
119 48 
119 36 
119 73 
119 39 
119 21 
119 28 
119 103 
119 68 
119 3 
119 91 
119 27 
119 33 
119 89 
119 107 
119 40 
120 65 
120 116 
120 118 
120 8 
120 29 
120 81 
120 27 
120 30 
120 96 
120 31 
120 40 
120 88 
120 4 
120 12 
120 67 
120 7 
120 69 
120 54 
120 38 
120 82 
120 99 
120 66 
120 44 
120 60 
120 113 
120 9 
120 86 
120 2 
120 101 
120 16 
120 119 
120 28 
120 53 
120 111 
120 122 
120 115 
120 26 
120 35 
120 77 
120 64 
120 55 
120 73 
120 121 
120 93 
120 97 
120 21 
120 36 
120 17 
120 57 
120 0 
120 75 
120 98 
120 59 
120 18 
120 104 
120 33 
120 90 
120 20 
120 107 
120 83 
120 52 
120 10 
120 11 
120 14 
120 87 
120 5 
120 85 
120 89 
120 42 
120 23 
120 46 
120 63 
120 103 
120 106 
120 37 
120 78 
120 94 
120 13 
120 43 
120 19 
120 32 
120 79 
120 62 
120 108 
120 74 
120 22 
120 92 
120 110 
120 58 
121 47 
121 53 
121 88 
121 101 
121 11 
121 72 
121 69 
121 7 
121 22 
121 21 
121 8 
121 105 
121 59 
121 116 
121 112 
121 48 
121 14 
121 81 
121 86 
121 79 
121 95 
121 40 
121 73 
121 83 
121 62 
121 97 
121 108 
121 94 
121 44 
121 87 
121 74 
121 52 
121 70 
121 109 
121 96 
121 119 
121 33 
121 67 
121 35 
121 39 
121 45 
121 122 
121 80 
121 113 
121 100 
121 5 
121 50 
121 16 
121 99 
121 82 
121 29 
121 71 
121 120 
121 56 
121 64 
121 28 
121 110 
121 1 
121 93 
121 2 
121 20 
121 6 
121 51 
121 75 
121 90 
121 9 
121 98 
121 114 
121 65 
121 58 
121 31 
121 89 
121 0 
121 111 
121 117 
121 26 
121 77 
121 10 
121 42 
121 17 
121 15 
121 30 
121 102 
121 19 
121 115 
121 68 
121 66 
121 41 
121 37 
121 78 
121 91 
121 38 
121 49 
121 3 
121 46 
121 84 
121 18 
121 61 
122 107 
122 66 
122 39 
122 35 
122 51 
122 83 
122 30 
122 103 
122 2 
122 21 
122 40 
122 67 
122 70 
122 61 
122 75 
122 45 
122 74 
122 6 
122 91 
122 11 
122 87 
122 32 
122 104 
122 26 
122 72 
122 78 
122 85 
122 58 
122 115 
122 60 
122 71 
122 121 
122 120 
122 44 
122 100 
122 19 
122 48 
122 31 
122 97 
122 64 
122 110 
122 28 
122 43 
122 3 
122 50 
122 62 
122 73 
122 88 
122 53 
122 29 
122 89 
122 27 
122 16 
122 52 
122 99 
122 59 
122 54 
122 23 
122 0 
122 5 
122 47 
122 98 
122 108 
122 57 
122 65 
122 10 
122 17 
122 22 
122 56 
122 90 
122 80 
122 9 
122 118 
122 14 
122 4 
122 84 
122 94 
122 8 
122 33 
122 1 
122 24 
122 77 
122 92 
122 42 
122 109 
122 37 
122 106 
122 101 
122 18 
122 15 
122 68 
122 79 
122 46 
122 112 
122 86 
122 49 
122 13 
