0 21 
0 101 
0 116 
0 54 
0 79 
0 50 
0 31 
0 65 
0 34 
0 10 
0 73 
0 100 
0 126 
0 130 
0 51 
0 17 
0 125 
0 115 
0 96 
0 57 
0 88 
0 97 
0 87 
0 106 
0 68 
0 99 
0 135 
0 86 
1 81 
1 51 
1 129 
1 133 
1 56 
1 96 
1 60 
1 74 
1 119 
1 32 
1 130 
1 2 
1 99 
1 78 
1 70 
1 18 
1 66 
1 62 
1 93 
1 15 
1 146 
1 80 
1 10 
1 117 
1 139 
1 57 
1 132 
1 22 
2 105 
2 57 
2 78 
2 79 
2 74 
2 99 
2 120 
2 25 
2 134 
2 106 
2 98 
2 95 
2 27 
2 41 
2 147 
2 31 
2 21 
2 116 
2 1 
2 35 
2 73 
2 144 
2 111 
2 9 
2 104 
2 43 
2 109 
2 133 
2 90 
2 30 
2 108 
2 46 
2 51 
2 11 
3 128 
3 70 
3 88 
3 103 
3 14 
3 11 
3 68 
3 60 
3 23 
3 102 
3 135 
3 134 
3 89 
3 122 
3 74 
3 79 
3 47 
3 142 
3 15 
3 69 
3 43 
3 119 
3 41 
3 95 
4 5 
4 85 
4 47 
4 92 
4 88 
4 109 
4 17 
4 78 
4 142 
4 9 
4 132 
4 122 
4 45 
4 107 
4 12 
4 40 
4 59 
4 104 
4 41 
4 7 
4 126 
5 4 
5 111 
5 68 
5 19 
5 84 
5 99 
5 18 
5 142 
5 89 
5 33 
5 140 
5 118 
5 128 
5 120 
5 31 
5 134 
5 126 
5 49 
5 11 
5 145 
5 35 
5 82 
5 42 
5 113 
5 105 
5 96 
5 108 
5 130 
5 50 
6 46 
6 31 
6 42 
6 70 
6 123 
6 86 
6 61 
6 143 
6 69 
6 100 
6 125 
6 146 
6 114 
6 115 
6 144 
6 16 
6 133 
6 36 
6 101 
6 29 
6 84 
6 109 
7 62 
7 147 
7 66 
7 55 
7 133 
7 60 
7 86 
7 71 
7 83 
7 16 
7 78 
7 105 
7 61 
7 72 
7 128 
7 35 
7 119 
7 100 
7 33 
7 9 
7 95 
7 111 
7 99 
7 106 
7 14 
7 117 
7 20 
7 46 
7 4 
7 85 
8 59 
8 12 
8 111 
8 91 
8 39 
8 43 
8 79 
8 94 
8 85 
8 28 
8 120 
8 109 
8 46 
8 128 
8 30 
8 31 
8 35 
8 129 
8 64 
8 97 
8 123 
8 88 
8 99 
8 36 
8 134 
8 98 
8 58 
8 118 
8 40 
8 23 
9 72 
9 145 
9 64 
9 91 
9 50 
9 137 
9 136 
9 144 
9 67 
9 93 
9 121 
9 4 
9 98 
9 47 
9 113 
9 140 
9 32 
9 66 
9 117 
9 123 
9 38 
9 139 
9 2 
9 73 
9 13 
9 58 
9 65 
9 7 
9 57 
9 130 
9 110 
9 30 
9 80 
9 77 
9 120 
10 137 
10 104 
10 52 
10 126 
10 49 
10 0 
10 35 
10 13 
10 21 
10 70 
10 145 
10 51 
10 81 
10 138 
10 65 
10 102 
10 18 
10 143 
10 31 
10 121 
10 100 
10 116 
10 1 
10 93 
10 85 
10 82 
10 132 
10 33 
11 45 
11 62 
11 39 
11 3 
11 40 
11 135 
11 96 
11 50 
11 66 
11 114 
11 93 
11 13 
11 48 
11 103 
11 34 
11 119 
11 126 
11 5 
11 69 
11 79 
11 43 
11 108 
11 117 
11 100 
11 121 
11 2 
12 8 
12 120 
12 82 
12 52 
12 47 
12 117 
12 68 
12 26 
12 103 
12 4 
12 96 
12 30 
12 90 
12 20 
12 35 
12 13 
12 136 
12 133 
12 64 
12 125 
12 86 
12 45 
13 40 
13 94 
13 126 
13 124 
13 50 
13 10 
13 57 
13 22 
13 66 
13 11 
13 136 
13 34 
13 59 
13 79 
13 73 
13 70 
13 88 
13 145 
13 77 
13 9 
13 41 
13 25 
13 108 
13 137 
13 12 
13 103 
13 95 
13 141 
13 37 
14 77 
14 81 
14 3 
14 40 
14 109 
14 54 
14 42 
14 78 
14 134 
14 74 
14 104 
14 27 
14 41 
14 122 
14 66 
14 21 
14 130 
14 80 
14 71 
14 93 
14 67 
14 7 
14 75 
15 20 
15 135 
15 147 
15 70 
15 114 
15 51 
15 33 
15 141 
15 101 
15 87 
15 56 
15 143 
15 66 
15 76 
15 126 
15 44 
15 63 
15 89 
15 26 
15 86 
15 52 
15 85 
15 58 
15 80 
15 100 
15 107 
15 1 
15 3 
15 36 
15 82 
15 81 
15 129 
15 97 
15 42 
15 35 
15 57 
16 77 
16 137 
16 90 
16 141 
16 62 
16 46 
16 128 
16 89 
16 116 
16 34 
16 91 
16 7 
16 45 
16 57 
16 75 
16 142 
16 136 
16 79 
16 73 
16 109 
16 92 
16 104 
16 6 
16 53 
16 50 
16 26 
16 135 
16 30 
16 32 
16 38 
16 123 
16 84 
17 75 
17 141 
17 61 
17 107 
17 84 
17 19 
17 30 
17 83 
17 47 
17 4 
17 104 
17 0 
17 76 
17 54 
17 79 
17 120 
17 101 
17 133 
17 130 
17 18 
17 49 
17 145 
17 58 
17 63 
17 20 
17 125 
17 90 
17 115 
17 29 
17 97 
17 138 
18 46 
18 137 
18 5 
18 132 
18 83 
18 70 
18 61 
18 123 
18 124 
18 97 
18 100 
18 10 
18 52 
18 47 
18 17 
18 1 
18 74 
18 96 
18 19 
18 133 
18 128 
18 71 
18 82 
18 45 
18 29 
18 21 
18 50 
18 88 
18 117 
18 145 
19 31 
19 95 
19 130 
19 86 
19 83 
19 135 
19 134 
19 5 
19 58 
19 17 
19 26 
19 54 
19 38 
19 52 
19 146 
19 18 
19 99 
19 43 
19 51 
19 35 
19 44 
19 57 
20 82 
20 15 
20 107 
20 44 
20 32 
20 105 
20 51 
20 30 
20 94 
20 116 
20 110 
20 62 
20 87 
20 137 
20 50 
20 41 
20 53 
20 135 
20 142 
20 128 
20 88 
20 73 
20 66 
20 91 
20 141 
20 12 
20 129 
20 43 
20 27 
20 45 
20 17 
20 63 
20 7 
21 0 
21 48 
21 135 
21 139 
21 53 
21 136 
21 89 
21 10 
21 37 
21 129 
21 2 
21 58 
21 119 
21 108 
21 103 
21 69 
21 122 
21 14 
21 46 
21 123 
21 67 
21 130 
21 145 
21 35 
21 18 
21 29 
21 30 
21 34 
21 134 
22 135 
22 116 
22 101 
22 111 
22 84 
22 110 
22 77 
22 13 
22 52 
22 74 
22 46 
22 142 
22 34 
22 145 
22 89 
22 147 
22 45 
22 117 
22 25 
22 73 
22 102 
22 1 
22 115 
23 126 
23 74 
23 84 
23 91 
23 59 
23 83 
23 50 
23 47 
23 95 
23 61 
23 66 
23 3 
23 90 
23 133 
23 127 
23 93 
23 69 
23 81 
23 97 
23 24 
23 62 
23 147 
23 114 
23 8 
24 100 
24 126 
24 121 
24 54 
24 53 
24 132 
24 111 
24 129 
24 47 
24 73 
24 26 
24 144 
24 48 
24 145 
24 90 
24 67 
24 103 
24 89 
24 110 
24 36 
24 23 
24 84 
24 135 
24 146 
24 143 
24 65 
24 35 
25 40 
25 75 
25 57 
25 2 
25 109 
25 105 
25 87 
25 104 
25 67 
25 80 
25 102 
25 133 
25 78 
25 115 
25 112 
25 138 
25 22 
25 13 
25 132 
25 129 
25 111 
25 62 
25 77 
25 76 
25 59 
25 136 
26 138 
26 51 
26 58 
26 24 
26 137 
26 19 
26 82 
26 12 
26 89 
26 88 
26 98 
26 79 
26 27 
26 124 
26 103 
26 73 
26 84 
26 92 
26 55 
26 15 
26 125 
26 120 
26 47 
26 65 
26 48 
26 104 
26 16 
26 87 
26 86 
27 98 
27 131 
27 40 
27 72 
27 53 
27 93 
27 26 
27 51 
27 2 
27 42 
27 128 
27 82 
27 56 
27 69 
27 134 
27 101 
27 29 
27 62 
27 14 
27 124 
27 147 
27 20 
27 94 
27 44 
27 106 
27 38 
27 139 
27 97 
28 119 
28 136 
28 72 
28 111 
28 99 
28 133 
28 31 
28 144 
28 142 
28 8 
28 135 
28 137 
28 29 
28 103 
28 73 
28 55 
28 92 
28 33 
28 68 
28 74 
28 100 
28 35 
28 89 
28 86 
29 34 
29 68 
29 89 
29 80 
29 55 
29 142 
29 41 
29 140 
29 46 
29 113 
29 137 
29 105 
29 73 
29 28 
29 96 
29 50 
29 53 
29 116 
29 27 
29 145 
29 57 
29 62 
29 38 
29 51 
29 18 
29 21 
29 84 
29 6 
29 17 
30 78 
30 88 
30 140 
30 33 
30 20 
30 17 
30 82 
30 61 
30 48 
30 53 
30 128 
30 143 
30 46 
30 134 
30 99 
30 37 
30 51 
30 39 
30 104 
30 76 
30 8 
30 137 
30 146 
30 122 
30 31 
30 126 
30 12 
30 130 
30 49 
30 108 
30 116 
30 67 
30 60 
30 2 
30 115 
30 16 
30 58 
30 9 
30 71 
30 97 
30 113 
30 32 
30 21 
30 107 
31 19 
31 136 
31 6 
31 35 
31 40 
31 117 
31 0 
31 69 
31 62 
31 85 
31 55 
31 146 
31 68 
31 28 
31 79 
31 114 
31 2 
31 65 
31 100 
31 104 
31 30 
31 116 
31 5 
31 8 
31 10 
31 120 
31 91 
31 98 
31 41 
31 147 
31 51 
31 128 
32 130 
32 49 
32 136 
32 20 
32 105 
32 86 
32 113 
32 110 
32 133 
32 124 
32 65 
32 96 
32 1 
32 121 
32 75 
32 78 
32 109 
32 9 
32 46 
32 76 
32 80 
32 102 
32 129 
32 77 
32 16 
32 62 
32 38 
32 30 
32 87 
33 109 
33 30 
33 132 
33 134 
33 116 
33 120 
33 147 
33 141 
33 15 
33 5 
33 119 
33 93 
33 138 
33 129 
33 39 
33 123 
33 112 
33 28 
33 71 
33 79 
33 36 
33 7 
33 102 
33 118 
33 86 
33 77 
33 127 
33 10 
33 78 
33 50 
33 145 
33 85 
33 38 
34 29 
34 74 
34 117 
34 0 
34 58 
34 137 
34 107 
34 94 
34 16 
34 75 
34 53 
34 22 
34 13 
34 41 
34 11 
34 56 
34 48 
34 136 
34 131 
34 99 
34 124 
34 134 
34 62 
34 92 
34 72 
34 95 
34 113 
34 21 
34 133 
34 100 
35 67 
35 64 
35 31 
35 59 
35 40 
35 122 
35 10 
35 137 
35 36 
35 54 
35 117 
35 106 
35 58 
35 2 
35 88 
35 7 
35 140 
35 5 
35 8 
35 12 
35 71 
35 123 
35 28 
35 94 
35 132 
35 76 
35 83 
35 15 
35 43 
35 21 
35 95 
35 19 
35 24 
36 94 
36 137 
36 43 
36 120 
36 98 
36 108 
36 35 
36 56 
36 109 
36 40 
36 111 
36 76 
36 33 
36 24 
36 15 
36 121 
36 6 
36 8 
36 69 
36 100 
37 108 
37 97 
37 116 
37 70 
37 107 
37 45 
37 103 
37 84 
37 21 
37 71 
37 30 
37 112 
37 50 
37 64 
37 122 
37 123 
37 91 
37 118 
37 127 
37 114 
37 117 
37 55 
37 13 
37 137 
38 47 
38 40 
38 52 
38 77 
38 145 
38 19 
38 53 
38 96 
38 121 
38 103 
38 144 
38 118 
38 9 
38 92 
38 78 
38 29 
38 51 
38 129 
38 106 
38 27 
38 16 
38 120 
38 123 
38 32 
38 33 
39 43 
39 8 
39 65 
39 11 
39 134 
39 74 
39 88 
39 50 
39 105 
39 118 
39 103 
39 119 
39 33 
39 30 
39 55 
39 68 
39 47 
39 90 
39 122 
39 114 
39 113 
39 143 
39 89 
39 94 
39 77 
39 45 
39 49 
40 88 
40 25 
40 13 
40 133 
40 102 
40 31 
40 35 
40 27 
40 87 
40 11 
40 51 
40 14 
40 38 
40 92 
40 78 
40 36 
40 136 
40 116 
40 138 
40 66 
40 53 
40 55 
40 47 
40 81 
40 137 
40 140 
40 139 
40 4 
40 120 
40 134 
40 108 
40 104 
40 123 
40 58 
40 128 
40 68 
40 8 
41 94 
41 126 
41 56 
41 81 
41 29 
41 103 
41 112 
41 137 
41 2 
41 20 
41 115 
41 34 
41 58 
41 105 
41 106 
41 95 
41 14 
41 99 
41 80 
41 125 
41 13 
41 3 
41 138 
41 71 
41 31 
41 4 
41 144 
41 79 
42 119 
42 6 
42 53 
42 144 
42 117 
42 68 
42 94 
42 78 
42 49 
42 63 
42 27 
42 14 
42 140 
42 104 
42 100 
42 86 
42 57 
42 131 
42 83 
42 77 
42 102 
42 143 
42 60 
42 138 
42 136 
42 54 
42 5 
42 107 
42 133 
42 15 
42 73 
42 147 
42 142 
42 134 
42 139 
42 64 
42 74 
43 39 
43 122 
43 52 
43 68 
43 36 
43 8 
43 119 
43 59 
43 94 
43 114 
43 115 
43 2 
43 3 
43 116 
43 121 
43 20 
43 35 
43 11 
43 19 
43 87 
43 123 
44 52 
44 20 
44 133 
44 80 
44 128 
44 108 
44 105 
44 144 
44 45 
44 70 
44 122 
44 147 
44 139 
44 51 
44 65 
44 15 
44 118 
44 64 
44 67 
44 74 
44 98 
44 57 
44 131 
44 125 
44 81 
44 69 
44 91 
44 116 
44 27 
44 142 
44 97 
44 48 
44 19 
45 11 
45 123 
45 117 
45 52 
45 139 
45 44 
45 58 
45 46 
45 127 
45 71 
45 37 
45 147 
45 4 
45 146 
45 130 
45 64 
45 16 
45 68 
45 22 
45 102 
45 118 
45 144 
45 20 
45 84 
45 60 
45 96 
45 39 
45 18 
45 61 
45 54 
45 89 
45 57 
45 12 
46 6 
46 48 
46 54 
46 139 
46 18 
46 114 
46 78 
46 128 
46 115 
46 82 
46 144 
46 85 
46 16 
46 87 
46 45 
46 95 
46 29 
46 30 
46 22 
46 55 
46 81 
46 8 
46 135 
46 32 
46 98 
46 117 
46 88 
46 145 
46 122 
46 52 
46 56 
46 74 
46 147 
46 76 
46 110 
46 106 
46 21 
46 2 
46 7 
47 107 
47 99 
47 38 
47 12 
47 4 
47 23 
47 24 
47 61 
47 17 
47 96 
47 102 
47 123 
47 9 
47 69 
47 51 
47 56 
47 39 
47 65 
47 3 
47 91 
47 18 
47 132 
47 40 
47 26 
47 128 
47 67 
47 145 
47 95 
47 108 
47 121 
47 74 
47 50 
47 136 
47 101 
47 77 
47 52 
48 108 
48 94 
48 146 
48 21 
48 71 
48 46 
48 55 
48 99 
48 59 
48 93 
48 109 
48 30 
48 24 
48 110 
48 11 
48 34 
48 77 
48 58 
48 86 
48 120 
48 26 
48 123 
48 97 
48 91 
48 62 
48 85 
48 107 
48 44 
49 32 
49 110 
49 52 
49 103 
49 10 
49 87 
49 96 
49 42 
49 125 
49 92 
49 106 
49 138 
49 136 
49 5 
49 30 
49 53 
49 94 
49 17 
49 88 
49 140 
49 59 
49 141 
49 144 
49 39 
50 104 
50 9 
50 0 
50 51 
50 23 
50 69 
50 13 
50 39 
50 89 
50 142 
50 136 
50 11 
50 20 
50 94 
50 54 
50 29 
50 92 
50 37 
50 147 
50 68 
50 66 
50 52 
50 16 
50 123 
50 128 
50 103 
50 18 
50 47 
50 5 
50 33 
50 115 
51 1 
51 95 
51 135 
51 77 
51 20 
51 133 
51 26 
51 50 
51 118 
51 15 
51 40 
51 101 
51 0 
51 54 
51 27 
51 61 
51 124 
51 44 
51 63 
51 10 
51 93 
51 47 
51 30 
51 142 
51 92 
51 102 
51 126 
51 113 
51 38 
51 29 
51 147 
51 31 
51 19 
51 53 
51 112 
51 90 
51 2 
52 43 
52 44 
52 130 
52 133 
52 131 
52 12 
52 10 
52 49 
52 45 
52 121 
52 136 
52 134 
52 38 
52 144 
52 145 
52 22 
52 98 
52 19 
52 102 
52 60 
52 15 
52 18 
52 135 
52 123 
52 114 
52 46 
52 50 
52 69 
52 63 
52 66 
52 47 
53 56 
53 24 
53 75 
53 21 
53 42 
53 104 
53 84 
53 27 
53 142 
53 30 
53 106 
53 70 
53 34 
53 20 
53 38 
53 109 
53 29 
53 40 
53 91 
53 49 
53 94 
53 145 
53 16 
53 88 
53 71 
53 125 
53 51 
53 121 
54 123 
54 56 
54 24 
54 0 
54 46 
54 78 
54 58 
54 114 
54 80 
54 111 
54 141 
54 128 
54 51 
54 14 
54 139 
54 35 
54 19 
54 50 
54 17 
54 67 
54 88 
54 124 
54 106 
54 122 
54 119 
54 42 
54 84 
54 62 
54 96 
54 45 
54 100 
54 71 
55 62 
55 113 
55 29 
55 48 
55 31 
55 143 
55 7 
55 86 
55 66 
55 123 
55 128 
55 46 
55 56 
55 65 
55 26 
55 39 
55 28 
55 40 
55 103 
55 73 
55 82 
55 135 
55 114 
55 37 
55 136 
55 78 
56 53 
56 76 
56 54 
56 69 
56 83 
56 41 
56 1 
56 114 
56 86 
56 55 
56 36 
56 15 
56 122 
56 27 
56 104 
56 47 
56 34 
56 96 
56 87 
56 80 
56 134 
56 46 
56 135 
56 75 
56 97 
56 124 
56 70 
56 125 
57 81 
57 2 
57 96 
57 25 
57 69 
57 126 
57 129 
57 130 
57 13 
57 73 
57 115 
57 78 
57 121 
57 141 
57 79 
57 131 
57 42 
57 16 
57 139 
57 83 
57 109 
57 104 
57 0 
57 44 
57 29 
57 128 
57 123 
57 142 
57 147 
57 9 
57 15 
57 1 
57 45 
57 145 
57 19 
58 113 
58 26 
58 131 
58 54 
58 19 
58 124 
58 135 
58 34 
58 127 
58 45 
58 68 
58 83 
58 75 
58 94 
58 21 
58 41 
58 35 
58 146 
58 129 
58 15 
58 48 
58 69 
58 88 
58 137 
58 103 
58 9 
58 17 
58 141 
58 84 
58 93 
58 30 
58 76 
58 40 
58 136 
58 61 
58 8 
59 8 
59 114 
59 81 
59 91 
59 82 
59 23 
59 35 
59 119 
59 134 
59 48 
59 87 
59 100 
59 43 
59 109 
59 13 
59 94 
59 107 
59 95 
59 99 
59 116 
59 135 
59 123 
59 92 
59 139 
59 4 
59 122 
59 49 
59 25 
59 84 
60 1 
60 3 
60 7 
60 101 
60 105 
60 61 
60 129 
60 52 
60 128 
60 119 
60 103 
60 42 
60 147 
60 107 
60 136 
60 30 
60 96 
60 45 
60 74 
60 88 
60 63 
61 107 
61 135 
61 17 
61 123 
61 6 
61 23 
61 103 
61 47 
61 125 
61 30 
61 132 
61 51 
61 76 
61 113 
61 67 
61 18 
61 60 
61 90 
61 7 
61 104 
61 136 
61 94 
61 65 
61 95 
61 75 
61 45 
61 58 
61 81 
61 83 
61 137 
62 11 
62 7 
62 105 
62 55 
62 98 
62 31 
62 16 
62 145 
62 20 
62 127 
62 94 
62 125 
62 89 
62 69 
62 110 
62 102 
62 126 
62 121 
62 27 
62 137 
62 114 
62 1 
62 86 
62 117 
62 54 
62 34 
62 109 
62 29 
62 25 
62 23 
62 75 
62 32 
62 48 
63 146 
63 125 
63 75 
63 122 
63 77 
63 117 
63 147 
63 42 
63 51 
63 15 
63 140 
63 99 
63 101 
63 17 
63 66 
63 52 
63 127 
63 20 
63 113 
63 100 
63 91 
63 60 
64 9 
64 35 
64 106 
64 145 
64 85 
64 123 
64 72 
64 111 
64 45 
64 44 
64 37 
64 126 
64 68 
64 122 
64 132 
64 90 
64 8 
64 118 
64 143 
64 12 
64 92 
64 42 
65 138 
65 99 
65 80 
65 39 
65 144 
65 95 
65 0 
65 118 
65 67 
65 124 
65 90 
65 93 
65 66 
65 32 
65 55 
65 44 
65 70 
65 31 
65 100 
65 10 
65 98 
65 85 
65 47 
65 61 
65 104 
65 146 
65 72 
65 113 
65 9 
65 26 
65 24 
65 137 
65 128 
66 99 
66 91 
66 88 
66 7 
66 23 
66 89 
66 55 
66 13 
66 11 
66 79 
66 101 
66 73 
66 15 
66 65 
66 100 
66 80 
66 143 
66 86 
66 112 
66 40 
66 9 
66 20 
66 116 
66 1 
66 103 
66 14 
66 50 
66 130 
66 63 
66 85 
66 133 
66 82 
66 117 
66 70 
66 92 
66 52 
67 35 
67 126 
67 112 
67 97 
67 146 
67 65 
67 9 
67 125 
67 86 
67 25 
67 143 
67 61 
67 54 
67 108 
67 24 
67 79 
67 96 
67 44 
67 142 
67 87 
67 30 
67 47 
67 140 
67 21 
67 14 
68 123 
68 29 
68 5 
68 97 
68 43 
68 12 
68 31 
68 3 
68 42 
68 119 
68 58 
68 106 
68 87 
68 83 
68 131 
68 142 
68 39 
68 138 
68 45 
68 64 
68 28 
68 50 
68 74 
68 126 
68 134 
68 88 
68 104 
68 135 
68 0 
68 115 
68 99 
68 81 
68 40 
69 56 
69 138 
69 146 
69 31 
69 50 
69 57 
69 142 
69 135 
69 6 
69 62 
69 23 
69 107 
69 72 
69 47 
69 27 
69 145 
69 21 
69 58 
69 96 
69 3 
69 11 
69 52 
69 44 
69 94 
69 36 
69 99 
69 93 
69 147 
69 112 
69 113 
70 72 
70 140 
70 96 
70 89 
70 3 
70 6 
70 15 
70 44 
70 141 
70 18 
70 37 
70 10 
70 53 
70 65 
70 13 
70 1 
70 98 
70 144 
70 103 
70 78 
70 66 
70 56 
70 90 
71 99 
71 48 
71 105 
71 88 
71 131 
71 137 
71 129 
71 109 
71 117 
71 123 
71 96 
71 45 
71 37 
71 7 
71 115 
71 91 
71 118 
71 103 
71 33 
71 78 
71 87 
71 35 
71 76 
71 18 
71 111 
71 14 
71 53 
71 30 
71 41 
71 94 
71 54 
72 9 
72 70 
72 136 
72 27 
72 28 
72 69 
72 64 
72 128 
72 97 
72 86 
72 101 
72 7 
72 65 
72 112 
72 103 
72 98 
72 88 
72 34 
72 139 
72 92 
72 141 
72 95 
73 129 
73 102 
73 24 
73 120 
73 0 
73 57 
73 26 
73 66 
73 76 
73 29 
73 28 
73 123 
73 20 
73 2 
73 13 
73 91 
73 55 
73 147 
73 16 
73 9 
73 117 
73 134 
73 100 
73 80 
73 42 
73 110 
73 22 
73 82 
74 23 
74 34 
74 2 
74 124 
74 39 
74 146 
74 1 
74 126 
74 101 
74 145 
74 105 
74 22 
74 99 
74 77 
74 3 
74 142 
74 14 
74 117 
74 108 
74 44 
74 82 
74 28 
74 18 
74 68 
74 46 
74 132 
74 47 
74 60 
74 121 
74 42 
75 17 
75 116 
75 82 
75 25 
75 53 
75 131 
75 147 
75 114 
75 63 
75 105 
75 90 
75 34 
75 118 
75 58 
75 85 
75 111 
75 32 
75 79 
75 141 
75 16 
75 56 
75 102 
75 61 
75 62 
75 81 
75 101 
75 91 
75 14 
75 144 
76 56 
76 100 
76 129 
76 118 
76 142 
76 61 
76 17 
76 73 
76 102 
76 93 
76 81 
76 15 
76 30 
76 32 
76 36 
76 95 
76 97 
76 46 
76 112 
76 134 
76 127 
76 35 
76 106 
76 71 
76 135 
76 25 
76 58 
77 14 
77 108 
77 16 
77 51 
77 91 
77 87 
77 22 
77 84 
77 63 
77 38 
77 112 
77 86 
77 142 
77 126 
77 74 
77 118 
77 48 
77 101 
77 107 
77 42 
77 90 
77 141 
77 13 
77 32 
77 138 
77 39 
77 33 
77 106 
77 83 
77 25 
77 109 
77 9 
77 94 
77 47 
78 105 
78 133 
78 83 
78 2 
78 93 
78 30 
78 122 
78 107 
78 54 
78 46 
78 85 
78 130 
78 4 
78 101 
78 119 
78 42 
78 40 
78 57 
78 14 
78 116 
78 109 
78 7 
78 32 
78 25 
78 1 
78 145 
78 71 
78 124 
78 38 
78 70 
78 33 
78 87 
78 55 
78 94 
79 2 
79 0 
79 131 
79 8 
79 26 
79 66 
79 31 
79 17 
79 3 
79 57 
79 67 
79 75 
79 112 
79 13 
79 82 
79 33 
79 16 
79 96 
79 11 
79 134 
79 133 
79 41 
80 65 
80 44 
80 97 
80 29 
80 103 
80 54 
80 85 
80 84 
80 107 
80 95 
80 66 
80 90 
80 106 
80 25 
80 102 
80 141 
80 118 
80 127 
80 15 
80 56 
80 32 
80 41 
80 73 
80 139 
80 1 
80 99 
80 14 
80 138 
80 9 
80 91 
80 82 
81 1 
81 59 
81 57 
81 14 
81 144 
81 145 
81 41 
81 89 
81 116 
81 46 
81 10 
81 76 
81 91 
81 85 
81 94 
81 112 
81 124 
81 103 
81 40 
81 23 
81 15 
81 44 
81 138 
81 137 
81 75 
81 68 
81 61 
82 12 
82 20 
82 110 
82 75 
82 59 
82 96 
82 46 
82 30 
82 26 
82 103 
82 94 
82 27 
82 128 
82 101 
82 122 
82 115 
82 79 
82 74 
82 5 
82 55 
82 15 
82 73 
82 85 
82 147 
82 66 
82 10 
82 18 
82 80 
82 98 
83 78 
83 56 
83 19 
83 23 
83 17 
83 18 
83 119 
83 68 
83 89 
83 58 
83 7 
83 126 
83 111 
83 57 
83 141 
83 42 
83 142 
83 35 
83 77 
83 105 
83 117 
83 61 
83 115 
84 23 
84 106 
84 101 
84 5 
84 53 
84 17 
84 22 
84 124 
84 77 
84 125 
84 100 
84 131 
84 80 
84 37 
84 26 
84 98 
84 140 
84 24 
84 54 
84 97 
84 45 
84 58 
84 29 
84 59 
84 6 
84 16 
85 143 
85 4 
85 89 
85 31 
85 46 
85 78 
85 131 
85 80 
85 121 
85 64 
85 8 
85 75 
85 65 
85 15 
85 81 
85 106 
85 133 
85 66 
85 94 
85 82 
85 103 
85 10 
85 91 
85 142 
85 48 
85 116 
85 33 
85 7 
86 119 
86 19 
86 131 
86 32 
86 89 
86 90 
86 6 
86 55 
86 67 
86 56 
86 7 
86 77 
86 112 
86 66 
86 42 
86 15 
86 72 
86 117 
86 125 
86 48 
86 146 
86 62 
86 138 
86 120 
86 33 
86 91 
86 26 
86 0 
86 12 
86 140 
86 127 
86 28 
87 40 
87 93 
87 59 
87 77 
87 20 
87 49 
87 25 
87 46 
87 112 
87 15 
87 68 
87 115 
87 134 
87 125 
87 141 
87 100 
87 92 
87 143 
87 107 
87 145 
87 56 
87 71 
87 131 
87 99 
87 67 
87 137 
87 26 
87 0 
87 110 
87 43 
87 78 
87 32 
88 119 
88 40 
88 3 
88 66 
88 30 
88 139 
88 98 
88 4 
88 71 
88 39 
88 133 
88 93 
88 123 
88 103 
88 26 
88 128 
88 145 
88 54 
88 126 
88 20 
88 130 
88 35 
88 105 
88 102 
88 58 
88 46 
88 13 
88 101 
88 0 
88 142 
88 49 
88 53 
88 72 
88 8 
88 68 
88 121 
88 94 
88 60 
88 18 
89 140 
89 70 
89 85 
89 86 
89 29 
89 5 
89 21 
89 50 
89 66 
89 26 
89 81 
89 122 
89 16 
89 62 
89 3 
89 83 
89 95 
89 94 
89 120 
89 113 
89 15 
89 22 
89 24 
89 103 
89 128 
89 39 
89 134 
89 147 
89 28 
89 109 
89 45 
90 136 
90 86 
90 16 
90 92 
90 121 
90 114 
90 75 
90 23 
90 65 
90 24 
90 80 
90 94 
90 61 
90 144 
90 39 
90 77 
90 64 
90 12 
90 103 
90 96 
90 2 
90 123 
90 17 
90 138 
90 137 
90 70 
90 51 
91 66 
91 8 
91 59 
91 9 
91 23 
91 125 
91 127 
91 77 
91 123 
91 131 
91 137 
91 16 
91 107 
91 71 
91 106 
91 81 
91 47 
91 53 
91 20 
91 73 
91 113 
91 142 
91 92 
91 124 
91 31 
91 37 
91 44 
91 80 
91 86 
91 75 
91 63 
91 48 
91 85 
92 111 
92 93 
92 123 
92 4 
92 90 
92 130 
92 113 
92 99 
92 40 
92 101 
92 87 
92 26 
92 49 
92 50 
92 28 
92 112 
92 16 
92 38 
92 91 
92 134 
92 51 
92 137 
92 59 
92 34 
92 126 
92 72 
92 64 
92 66 
92 128 
93 92 
93 78 
93 106 
93 88 
93 144 
93 87 
93 48 
93 96 
93 142 
93 27 
93 33 
93 9 
93 23 
93 65 
93 51 
93 11 
93 76 
93 118 
93 95 
93 126 
93 133 
93 1 
93 58 
93 10 
93 14 
93 69 
94 41 
94 133 
94 48 
94 36 
94 13 
94 20 
94 128 
94 139 
94 62 
94 82 
94 8 
94 34 
94 42 
94 50 
94 89 
94 43 
94 58 
94 90 
94 59 
94 81 
94 61 
94 112 
94 53 
94 98 
94 130 
94 49 
94 39 
94 110 
94 35 
94 27 
94 85 
94 69 
94 71 
94 88 
94 77 
94 78 
94 107 
94 135 
95 106 
95 19 
95 51 
95 114 
95 139 
95 65 
95 23 
95 2 
95 121 
95 46 
95 89 
95 80 
95 97 
95 134 
95 124 
95 93 
95 59 
95 41 
95 76 
95 61 
95 111 
95 136 
95 7 
95 119 
95 13 
95 47 
95 34 
95 145 
95 72 
95 144 
95 35 
95 146 
95 3 
96 70 
96 112 
96 57 
96 134 
96 82 
96 1 
96 118 
96 93 
96 11 
96 47 
96 71 
96 49 
96 126 
96 115 
96 29 
96 32 
96 38 
96 67 
96 56 
96 12 
96 0 
96 103 
96 69 
96 90 
96 18 
96 60 
96 5 
96 79 
96 45 
96 54 
96 117 
97 80 
97 67 
97 68 
97 106 
97 37 
97 113 
97 95 
97 101 
97 72 
97 18 
97 23 
97 99 
97 8 
97 76 
97 84 
97 0 
97 141 
97 56 
97 146 
97 15 
97 30 
97 27 
97 143 
97 102 
97 48 
97 44 
97 17 
98 27 
98 99 
98 146 
98 88 
98 62 
98 140 
98 114 
98 36 
98 26 
98 2 
98 133 
98 9 
98 52 
98 134 
98 123 
98 84 
98 65 
98 131 
98 139 
98 115 
98 46 
98 44 
98 94 
98 111 
98 126 
98 70 
98 72 
98 129 
98 31 
98 128 
98 82 
98 8 
99 66 
99 71 
99 65 
99 47 
99 98 
99 2 
99 127 
99 128 
99 5 
99 48 
99 92 
99 28 
99 137 
99 143 
99 30 
99 74 
99 124 
99 1 
99 59 
99 63 
99 34 
99 41 
99 87 
99 97 
99 144 
99 113 
99 80 
99 8 
99 7 
99 19 
99 0 
99 68 
99 69 
99 101 
100 24 
100 144 
100 76 
100 120 
100 110 
100 0 
100 132 
100 84 
100 134 
100 59 
100 138 
100 87 
100 66 
100 113 
100 65 
100 106 
100 42 
100 31 
100 18 
100 6 
100 7 
100 15 
100 117 
100 73 
100 28 
100 10 
100 130 
100 137 
100 136 
100 111 
100 36 
100 63 
100 11 
100 54 
100 34 
101 0 
101 22 
101 84 
101 51 
101 15 
101 133 
101 78 
101 92 
101 74 
101 132 
101 66 
101 60 
101 128 
101 97 
101 82 
101 27 
101 17 
101 72 
101 77 
101 63 
101 122 
101 88 
101 139 
101 121 
101 6 
101 75 
101 47 
101 135 
101 99 
102 73 
102 40 
102 129 
102 113 
102 3 
102 132 
102 47 
102 147 
102 124 
102 62 
102 52 
102 76 
102 80 
102 10 
102 25 
102 145 
102 32 
102 88 
102 42 
102 114 
102 45 
102 75 
102 33 
102 51 
102 126 
102 146 
102 116 
102 22 
102 97 
103 110 
103 3 
103 49 
103 80 
103 41 
103 61 
103 138 
103 88 
103 82 
103 26 
103 142 
103 37 
103 12 
103 124 
103 39 
103 11 
103 28 
103 24 
103 38 
103 21 
103 106 
103 71 
103 60 
103 55 
103 81 
103 89 
103 96 
103 125 
103 90 
103 121 
103 58 
103 66 
103 144 
103 72 
103 145 
103 13 
103 70 
103 50 
103 85 
103 111 
104 50 
104 10 
104 53 
104 113 
104 25 
104 17 
104 117 
104 56 
104 42 
104 30 
104 14 
104 31 
104 61 
104 57 
104 110 
104 65 
104 2 
104 16 
104 26 
104 68 
104 40 
104 124 
104 4 
105 78 
105 2 
105 143 
105 20 
105 62 
105 32 
105 44 
105 71 
105 119 
105 145 
105 75 
105 25 
105 39 
105 74 
105 60 
105 29 
105 120 
105 7 
105 41 
105 144 
105 88 
105 5 
105 137 
105 133 
105 121 
105 106 
105 83 
106 95 
106 93 
106 84 
106 97 
106 64 
106 2 
106 68 
106 53 
106 135 
106 100 
106 35 
106 80 
106 49 
106 91 
106 54 
106 103 
106 85 
106 41 
106 123 
106 144 
106 46 
106 76 
106 128 
106 77 
106 0 
106 7 
106 27 
106 38 
106 105 
106 110 
106 119 
107 61 
107 47 
107 20 
107 130 
107 117 
107 78 
107 17 
107 115 
107 34 
107 134 
107 37 
107 80 
107 91 
107 69 
107 4 
107 87 
107 122 
107 135 
107 59 
107 119 
107 77 
107 138 
107 143 
107 15 
107 139 
107 60 
107 42 
107 121 
107 141 
107 48 
107 30 
107 94 
108 126 
108 77 
108 48 
108 120 
108 44 
108 37 
108 36 
108 144 
108 119 
108 128 
108 129 
108 67 
108 21 
108 143 
108 74 
108 113 
108 133 
108 30 
108 13 
108 40 
108 2 
108 112 
108 47 
108 5 
108 11 
109 33 
109 146 
109 133 
109 25 
109 48 
109 14 
109 71 
109 4 
109 145 
109 36 
109 59 
109 8 
109 78 
109 53 
109 32 
109 147 
109 127 
109 57 
109 123 
109 16 
109 2 
109 62 
109 77 
109 89 
109 6 
110 82 
110 49 
110 103 
110 100 
110 20 
110 129 
110 32 
110 22 
110 62 
110 48 
110 117 
110 135 
110 104 
110 24 
110 126 
110 111 
110 46 
110 94 
110 73 
110 122 
110 87 
110 9 
110 106 
111 8 
111 92 
111 5 
111 24 
111 123 
111 22 
111 54 
111 135 
111 28 
111 126 
111 127 
111 75 
111 83 
111 64 
111 36 
111 2 
111 95 
111 98 
111 110 
111 119 
111 7 
111 25 
111 71 
111 100 
111 103 
111 137 
111 144 
112 131 
112 132 
112 126 
112 96 
112 67 
112 147 
112 119 
112 137 
112 87 
112 41 
112 77 
112 86 
112 66 
112 33 
112 37 
112 79 
112 25 
112 140 
112 81 
112 92 
112 94 
112 72 
112 76 
112 108 
112 69 
112 51 
112 118 
113 135 
113 58 
113 55 
113 143 
113 32 
113 139 
113 102 
113 104 
113 92 
113 97 
113 29 
113 61 
113 100 
113 9 
113 89 
113 108 
113 91 
113 39 
113 5 
113 65 
113 124 
113 99 
113 51 
113 128 
113 63 
113 34 
113 30 
113 136 
113 69 
114 59 
114 95 
114 46 
114 123 
114 75 
114 56 
114 15 
114 54 
114 90 
114 98 
114 130 
114 11 
114 121 
114 31 
114 43 
114 142 
114 6 
114 52 
114 62 
114 102 
114 39 
114 119 
114 126 
114 37 
114 23 
114 55 
114 144 
115 146 
115 128 
115 46 
115 140 
115 107 
115 87 
115 137 
115 57 
115 41 
115 71 
115 133 
115 96 
115 25 
115 0 
115 82 
115 98 
115 43 
115 138 
115 6 
115 30 
115 126 
115 68 
115 17 
115 143 
115 50 
115 22 
115 83 
116 75 
116 22 
116 0 
116 124 
116 33 
116 20 
116 81 
116 37 
116 16 
116 122 
116 78 
116 40 
116 2 
116 29 
116 31 
116 59 
116 147 
116 66 
116 43 
116 30 
116 10 
116 44 
116 102 
116 85 
116 138 
117 107 
117 34 
117 45 
117 31 
117 12 
117 42 
117 71 
117 124 
117 63 
117 35 
117 119 
117 132 
117 130 
117 104 
117 147 
117 74 
117 125 
117 110 
117 9 
117 86 
117 46 
117 100 
117 22 
117 73 
117 62 
117 133 
117 138 
117 66 
117 1 
117 7 
117 11 
117 83 
117 37 
117 18 
117 96 
118 128 
118 76 
118 65 
118 124 
118 51 
118 96 
118 39 
118 5 
118 126 
118 130 
118 131 
118 75 
118 77 
118 93 
118 44 
118 71 
118 80 
118 135 
118 38 
118 45 
118 64 
118 33 
118 37 
118 119 
118 8 
118 112 
119 42 
119 88 
119 86 
119 28 
119 105 
119 59 
119 112 
119 68 
119 33 
119 83 
119 78 
119 135 
119 43 
119 117 
119 108 
119 1 
119 39 
119 137 
119 21 
119 121 
119 60 
119 107 
119 11 
119 54 
119 7 
119 114 
119 3 
119 111 
119 95 
119 146 
119 118 
119 127 
119 106 
120 12 
120 108 
120 100 
120 33 
120 2 
120 73 
120 36 
120 136 
120 125 
120 8 
120 122 
120 89 
120 5 
120 105 
120 17 
120 140 
120 147 
120 26 
120 48 
120 31 
120 40 
120 86 
120 133 
120 38 
120 9 
120 131 
121 24 
121 144 
121 52 
121 90 
121 140 
121 95 
121 142 
121 85 
121 9 
121 57 
121 114 
121 129 
121 141 
121 62 
121 32 
121 38 
121 119 
121 124 
121 103 
121 10 
121 131 
121 43 
121 101 
121 36 
121 107 
121 47 
121 88 
121 105 
121 145 
121 74 
121 11 
121 53 
122 43 
122 78 
122 35 
122 44 
122 63 
122 89 
122 3 
122 116 
122 120 
122 4 
122 56 
122 129 
122 107 
122 54 
122 82 
122 142 
122 30 
122 139 
122 39 
122 64 
122 127 
122 21 
122 101 
122 37 
122 46 
122 14 
122 110 
122 59 
122 126 
123 54 
123 68 
123 45 
123 61 
123 111 
123 6 
123 92 
123 126 
123 114 
123 88 
123 91 
123 55 
123 71 
123 64 
123 47 
123 18 
123 136 
123 98 
123 33 
123 73 
123 138 
123 106 
123 9 
123 52 
123 109 
123 57 
123 37 
123 59 
123 8 
123 35 
123 141 
123 48 
123 90 
123 21 
123 40 
123 50 
123 38 
123 16 
123 43 
124 135 
124 74 
124 144 
124 116 
124 141 
124 118 
124 128 
124 58 
124 13 
124 84 
124 32 
124 65 
124 26 
124 117 
124 51 
124 102 
124 103 
124 99 
124 18 
124 95 
124 54 
124 81 
124 27 
124 129 
124 34 
124 121 
124 140 
124 91 
124 78 
124 131 
124 147 
124 113 
124 56 
124 104 
124 138 
125 91 
125 63 
125 136 
125 131 
125 67 
125 61 
125 84 
125 62 
125 120 
125 49 
125 0 
125 87 
125 117 
125 26 
125 6 
125 140 
125 86 
125 103 
125 41 
125 44 
125 17 
125 144 
125 12 
125 53 
125 56 
126 108 
126 23 
126 24 
126 112 
126 67 
126 41 
126 10 
126 123 
126 13 
126 57 
126 0 
126 74 
126 118 
126 96 
126 131 
126 77 
126 138 
126 111 
126 62 
126 83 
126 15 
126 88 
126 93 
126 64 
126 30 
126 5 
126 11 
126 114 
126 143 
126 110 
126 98 
126 68 
126 51 
126 146 
126 92 
126 102 
126 122 
126 115 
126 4 
127 91 
127 99 
127 132 
127 133 
127 58 
127 62 
127 45 
127 137 
127 23 
127 140 
127 111 
127 80 
127 109 
127 122 
127 128 
127 76 
127 37 
127 63 
127 33 
127 119 
127 86 
128 3 
128 118 
128 44 
128 115 
128 99 
128 46 
128 124 
128 94 
128 54 
128 88 
128 16 
128 30 
128 55 
128 144 
128 27 
128 131 
128 108 
128 5 
128 82 
128 72 
128 101 
128 20 
128 8 
128 60 
128 7 
128 57 
128 89 
128 132 
128 127 
128 47 
128 18 
128 106 
128 50 
128 98 
128 113 
128 40 
128 31 
128 65 
128 92 
129 73 
129 1 
129 130 
129 132 
129 76 
129 24 
129 139 
129 102 
129 110 
129 57 
129 71 
129 121 
129 21 
129 122 
129 33 
129 60 
129 108 
129 58 
129 141 
129 124 
129 32 
129 8 
129 20 
129 98 
129 15 
129 25 
129 38 
130 32 
130 19 
130 52 
130 129 
130 107 
130 92 
130 57 
130 114 
130 0 
130 78 
130 146 
130 118 
130 117 
130 45 
130 1 
130 17 
130 88 
130 30 
130 94 
130 66 
130 100 
130 14 
130 9 
130 21 
130 5 
131 112 
131 52 
131 86 
131 58 
131 75 
131 27 
131 79 
131 71 
131 125 
131 85 
131 91 
131 84 
131 126 
131 128 
131 118 
131 68 
131 141 
131 57 
131 98 
131 42 
131 34 
131 87 
131 44 
131 121 
131 124 
131 134 
131 120 
132 129 
132 112 
132 24 
132 33 
132 127 
132 18 
132 100 
132 61 
132 102 
132 101 
132 117 
132 4 
132 135 
132 133 
132 47 
132 64 
132 128 
132 25 
132 35 
132 134 
132 74 
132 10 
132 1 
133 78 
133 94 
133 52 
133 44 
133 40 
133 51 
133 1 
133 88 
133 127 
133 109 
133 101 
133 7 
133 32 
133 28 
133 23 
133 98 
133 134 
133 115 
133 25 
133 144 
133 17 
133 132 
133 93 
133 108 
133 85 
133 2 
133 105 
133 18 
133 117 
133 42 
133 6 
133 12 
133 66 
133 120 
133 79 
133 34 
134 139 
134 96 
134 39 
134 136 
134 19 
134 33 
134 59 
134 52 
134 2 
134 3 
134 100 
134 133 
134 107 
134 30 
134 87 
134 95 
134 98 
134 14 
134 27 
134 147 
134 5 
134 56 
134 73 
134 92 
134 40 
134 34 
134 76 
134 68 
134 132 
134 79 
134 89 
134 8 
134 21 
134 42 
134 131 
135 61 
135 22 
135 51 
135 15 
135 113 
135 124 
135 21 
135 19 
135 58 
135 11 
135 69 
135 111 
135 3 
135 119 
135 106 
135 28 
135 132 
135 20 
135 46 
135 107 
135 118 
135 52 
135 144 
135 110 
135 59 
135 141 
135 56 
135 24 
135 68 
135 16 
135 55 
135 76 
135 0 
135 101 
135 94 
136 90 
136 32 
136 31 
136 134 
136 28 
136 72 
136 125 
136 21 
136 9 
136 52 
136 120 
136 50 
136 40 
136 13 
136 123 
136 34 
136 49 
136 61 
136 16 
136 42 
136 60 
136 95 
136 12 
136 100 
136 58 
136 47 
136 25 
136 113 
136 55 
137 10 
137 9 
137 36 
137 16 
137 18 
137 71 
137 26 
137 142 
137 20 
137 99 
137 35 
137 34 
137 112 
137 127 
137 41 
137 115 
137 91 
137 29 
137 28 
137 119 
137 30 
137 62 
137 58 
137 40 
137 105 
137 92 
137 87 
137 13 
137 100 
137 81 
137 111 
137 90 
137 65 
137 61 
137 37 
138 65 
138 26 
138 69 
138 103 
138 33 
138 100 
138 126 
138 10 
138 49 
138 40 
138 68 
138 123 
138 115 
138 107 
138 42 
138 25 
138 86 
138 77 
138 81 
138 41 
138 117 
138 80 
138 90 
138 116 
138 17 
138 124 
139 134 
139 145 
139 88 
139 95 
139 21 
139 46 
139 45 
139 129 
139 113 
139 94 
139 54 
139 44 
139 98 
139 57 
139 122 
139 9 
139 101 
139 40 
139 107 
139 80 
139 59 
139 72 
139 1 
139 27 
139 42 
140 89 
140 70 
140 30 
140 145 
140 98 
140 115 
140 121 
140 29 
140 5 
140 127 
140 9 
140 42 
140 63 
140 120 
140 125 
140 112 
140 84 
140 35 
140 124 
140 40 
140 67 
140 49 
140 144 
140 86 
141 17 
141 124 
141 16 
141 33 
141 15 
141 70 
141 54 
141 57 
141 87 
141 121 
141 131 
141 80 
141 75 
141 83 
141 145 
141 129 
141 20 
141 77 
141 135 
141 97 
141 123 
141 58 
141 72 
141 13 
141 107 
141 49 
142 29 
142 5 
142 69 
142 76 
142 50 
142 137 
142 143 
142 93 
142 121 
142 53 
142 28 
142 4 
142 103 
142 77 
142 145 
142 22 
142 74 
142 20 
142 68 
142 114 
142 122 
142 3 
142 16 
142 67 
142 91 
142 57 
142 51 
142 83 
142 88 
142 44 
142 85 
142 42 
143 85 
143 105 
143 113 
143 6 
143 55 
143 142 
143 99 
143 30 
143 145 
143 67 
143 15 
143 66 
143 87 
143 108 
143 10 
143 42 
143 39 
143 107 
143 126 
143 64 
143 24 
143 97 
143 115 
144 100 
144 81 
144 65 
144 124 
144 9 
144 46 
144 42 
144 93 
144 121 
144 44 
144 52 
144 28 
144 24 
144 128 
144 108 
144 133 
144 105 
144 38 
144 135 
144 2 
144 90 
144 6 
144 103 
144 45 
144 106 
144 99 
144 70 
144 125 
144 146 
144 140 
144 41 
144 95 
144 49 
144 114 
144 75 
144 111 
144 145 
145 9 
145 139 
145 81 
145 140 
145 105 
145 62 
145 64 
145 52 
145 74 
145 143 
145 10 
145 38 
145 109 
145 24 
145 88 
145 142 
145 87 
145 22 
145 69 
145 102 
145 29 
145 78 
145 141 
145 13 
145 5 
145 46 
145 53 
145 103 
145 17 
145 47 
145 21 
145 95 
145 121 
145 33 
145 18 
145 57 
145 144 
146 115 
146 48 
146 98 
146 63 
146 69 
146 67 
146 109 
146 74 
146 31 
146 130 
146 45 
146 19 
146 58 
146 30 
146 147 
146 6 
146 86 
146 65 
146 1 
146 97 
146 24 
146 126 
146 102 
146 144 
146 119 
146 95 
147 112 
147 75 
147 15 
147 7 
147 33 
147 44 
147 2 
147 63 
147 102 
147 45 
147 117 
147 134 
147 22 
147 146 
147 120 
147 109 
147 50 
147 116 
147 73 
147 60 
147 46 
147 57 
147 27 
147 124 
147 42 
147 82 
147 51 
147 23 
147 31 
147 89 
147 69 
