0 79 
0 50 
0 13 
0 99 
0 106 
0 90 
0 62 
0 43 
0 31 
0 133 
0 89 
0 103 
0 120 
0 83 
0 22 
0 18 
0 117 
0 139 
0 36 
0 140 
0 124 
0 54 
0 73 
0 104 
0 126 
0 141 
0 3 
0 114 
0 131 
0 64 
0 74 
0 110 
0 32 
0 134 
0 60 
0 91 
0 48 
0 92 
0 86 
0 30 
0 65 
0 7 
0 144 
0 44 
0 25 
0 35 
1 5 
1 57 
1 19 
1 117 
1 131 
1 101 
1 102 
1 44 
1 100 
1 95 
1 85 
1 46 
1 141 
1 94 
1 27 
1 51 
1 82 
1 23 
1 59 
1 43 
1 84 
1 125 
1 96 
1 115 
1 2 
1 114 
1 88 
1 98 
1 128 
1 130 
1 30 
1 68 
1 81 
1 127 
1 17 
1 60 
1 56 
1 28 
1 62 
1 78 
1 135 
1 142 
1 145 
2 23 
2 110 
2 21 
2 145 
2 143 
2 4 
2 140 
2 39 
2 64 
2 5 
2 144 
2 58 
2 26 
2 54 
2 126 
2 106 
2 97 
2 107 
2 13 
2 71 
2 125 
2 56 
2 53 
2 101 
2 104 
2 22 
2 10 
2 111 
2 122 
2 30 
2 34 
2 84 
2 130 
2 35 
2 102 
2 81 
2 62 
2 1 
2 114 
2 32 
2 142 
2 127 
2 67 
2 48 
2 59 
2 108 
2 132 
2 141 
3 31 
3 91 
3 82 
3 41 
3 38 
3 136 
3 121 
3 86 
3 27 
3 12 
3 57 
3 105 
3 138 
3 26 
3 25 
3 23 
3 98 
3 137 
3 135 
3 128 
3 16 
3 47 
3 56 
3 141 
3 43 
3 89 
3 0 
3 22 
3 4 
3 19 
3 17 
3 129 
3 85 
3 94 
3 55 
3 40 
3 142 
3 67 
4 10 
4 106 
4 124 
4 95 
4 56 
4 2 
4 133 
4 94 
4 26 
4 109 
4 42 
4 43 
4 76 
4 51 
4 13 
4 38 
4 82 
4 21 
4 6 
4 78 
4 103 
4 58 
4 101 
4 127 
4 117 
4 59 
4 66 
4 41 
4 137 
4 85 
4 16 
4 126 
4 3 
4 36 
4 12 
4 72 
4 140 
4 88 
4 18 
4 68 
5 1 
5 102 
5 84 
5 48 
5 93 
5 56 
5 107 
5 137 
5 98 
5 2 
5 49 
5 122 
5 34 
5 20 
5 76 
5 117 
5 64 
5 81 
5 10 
5 16 
5 62 
5 100 
5 31 
5 60 
5 73 
5 140 
5 33 
5 35 
5 61 
5 7 
5 125 
5 129 
5 95 
5 136 
5 89 
5 124 
5 69 
5 45 
5 6 
5 59 
5 92 
5 32 
5 58 
5 27 
5 116 
5 75 
5 44 
6 65 
6 85 
6 59 
6 134 
6 143 
6 32 
6 47 
6 30 
6 58 
6 126 
6 122 
6 102 
6 119 
6 84 
6 132 
6 141 
6 38 
6 98 
6 127 
6 4 
6 91 
6 106 
6 62 
6 140 
6 107 
6 24 
6 115 
6 27 
6 40 
6 44 
6 136 
6 104 
6 86 
6 33 
6 14 
6 76 
6 5 
6 68 
6 69 
6 72 
6 142 
6 8 
6 110 
6 101 
6 147 
6 116 
6 15 
6 146 
7 143 
7 89 
7 14 
7 100 
7 94 
7 48 
7 81 
7 102 
7 119 
7 128 
7 69 
7 76 
7 92 
7 61 
7 5 
7 78 
7 31 
7 36 
7 98 
7 62 
7 86 
7 146 
7 87 
7 145 
7 110 
7 70 
7 60 
7 57 
7 24 
7 17 
7 127 
7 34 
7 30 
7 105 
7 0 
7 64 
8 87 
8 103 
8 50 
8 133 
8 44 
8 77 
8 102 
8 49 
8 62 
8 16 
8 86 
8 92 
8 14 
8 120 
8 146 
8 93 
8 136 
8 108 
8 132 
8 127 
8 111 
8 59 
8 147 
8 6 
8 21 
8 33 
8 20 
8 9 
8 56 
8 138 
9 60 
9 120 
9 129 
9 20 
9 108 
9 29 
9 111 
9 30 
9 98 
9 128 
9 119 
9 57 
9 86 
9 69 
9 71 
9 127 
9 40 
9 35 
9 63 
9 11 
9 99 
9 145 
9 19 
9 90 
9 104 
9 130 
9 46 
9 70 
9 146 
9 143 
9 133 
9 67 
9 8 
9 107 
10 4 
10 19 
10 44 
10 102 
10 47 
10 16 
10 51 
10 97 
10 109 
10 42 
10 53 
10 121 
10 54 
10 140 
10 101 
10 95 
10 5 
10 145 
10 105 
10 27 
10 118 
10 57 
10 2 
10 94 
10 46 
10 18 
10 75 
10 29 
10 36 
10 31 
10 73 
10 144 
10 142 
10 62 
10 81 
10 116 
10 111 
10 34 
10 130 
10 131 
10 136 
10 129 
10 71 
10 74 
11 90 
11 76 
11 64 
11 143 
11 146 
11 123 
11 60 
11 86 
11 46 
11 135 
11 33 
11 107 
11 142 
11 40 
11 24 
11 110 
11 28 
11 50 
11 49 
11 35 
11 105 
11 83 
11 63 
11 16 
11 47 
11 21 
11 84 
11 125 
11 51 
11 9 
11 111 
11 101 
11 114 
11 79 
11 136 
11 13 
11 130 
11 121 
11 66 
11 140 
11 43 
12 113 
12 122 
12 73 
12 34 
12 132 
12 126 
12 22 
12 74 
12 143 
12 91 
12 97 
12 23 
12 26 
12 43 
12 106 
12 3 
12 35 
12 70 
12 144 
12 108 
12 78 
12 131 
12 28 
12 88 
12 27 
12 68 
12 137 
12 145 
12 63 
12 55 
12 85 
12 118 
12 140 
12 47 
12 93 
12 42 
12 64 
12 15 
12 65 
12 58 
12 83 
12 4 
12 119 
12 46 
12 112 
12 17 
12 89 
12 29 
12 105 
12 40 
12 32 
12 53 
12 125 
13 137 
13 94 
13 30 
13 0 
13 123 
13 78 
13 139 
13 16 
13 127 
13 104 
13 68 
13 107 
13 37 
13 135 
13 85 
13 108 
13 23 
13 42 
13 74 
13 4 
13 2 
13 50 
13 56 
13 83 
13 112 
13 24 
13 86 
13 96 
13 90 
13 40 
13 98 
13 72 
13 17 
13 106 
13 133 
13 95 
13 99 
13 103 
13 134 
13 80 
13 76 
13 11 
13 29 
13 87 
13 130 
13 53 
13 49 
14 105 
14 134 
14 137 
14 7 
14 43 
14 140 
14 142 
14 25 
14 80 
14 122 
14 66 
14 33 
14 92 
14 8 
14 131 
14 35 
14 74 
14 91 
14 24 
14 71 
14 47 
14 19 
14 94 
14 89 
14 127 
14 102 
14 46 
14 51 
14 135 
14 79 
14 6 
14 76 
14 99 
14 121 
14 75 
14 63 
14 128 
14 145 
14 136 
14 36 
14 120 
14 111 
14 69 
15 113 
15 120 
15 116 
15 127 
15 86 
15 59 
15 85 
15 77 
15 35 
15 48 
15 30 
15 143 
15 129 
15 117 
15 16 
15 80 
15 111 
15 71 
15 107 
15 141 
15 26 
15 58 
15 118 
15 12 
15 110 
15 108 
15 46 
15 22 
15 123 
15 74 
15 114 
15 112 
15 106 
15 109 
15 136 
15 6 
16 25 
16 44 
16 10 
16 132 
16 13 
16 35 
16 84 
16 40 
16 37 
16 118 
16 126 
16 8 
16 142 
16 81 
16 5 
16 140 
16 70 
16 39 
16 15 
16 96 
16 52 
16 42 
16 48 
16 3 
16 50 
16 104 
16 11 
16 51 
16 21 
16 64 
16 4 
16 136 
16 67 
16 45 
16 115 
16 33 
16 111 
16 79 
16 119 
16 101 
16 55 
17 114 
17 120 
17 121 
17 23 
17 70 
17 30 
17 106 
17 88 
17 73 
17 100 
17 22 
17 65 
17 62 
17 61 
17 105 
17 126 
17 76 
17 98 
17 139 
17 68 
17 143 
17 129 
17 43 
17 13 
17 138 
17 140 
17 40 
17 77 
17 146 
17 53 
17 56 
17 116 
17 29 
17 52 
17 1 
17 91 
17 7 
17 101 
17 3 
17 12 
17 82 
17 47 
17 84 
18 47 
18 101 
18 45 
18 89 
18 25 
18 113 
18 55 
18 109 
18 79 
18 129 
18 120 
18 62 
18 57 
18 107 
18 0 
18 33 
18 83 
18 22 
18 31 
18 135 
18 75 
18 100 
18 48 
18 91 
18 10 
18 73 
18 146 
18 40 
18 50 
18 67 
18 112 
18 86 
18 80 
18 92 
18 132 
18 58 
18 29 
18 52 
18 98 
18 43 
18 106 
18 66 
18 142 
18 71 
18 99 
18 4 
18 77 
19 112 
19 10 
19 116 
19 49 
19 25 
19 1 
19 92 
19 42 
19 131 
19 111 
19 36 
19 122 
19 115 
19 107 
19 39 
19 41 
19 140 
19 27 
19 120 
19 56 
19 68 
19 61 
19 62 
19 76 
19 77 
19 105 
19 100 
19 54 
19 75 
19 121 
19 22 
19 14 
19 102 
19 69 
19 53 
19 127 
19 52 
19 113 
19 135 
19 129 
19 65 
19 9 
19 48 
19 28 
19 139 
19 3 
19 98 
19 60 
19 24 
19 29 
19 101 
19 73 
20 137 
20 40 
20 128 
20 9 
20 53 
20 112 
20 5 
20 102 
20 122 
20 35 
20 86 
20 138 
20 139 
20 72 
20 81 
20 95 
20 79 
20 124 
20 91 
20 147 
20 133 
20 103 
20 97 
20 96 
20 51 
20 140 
20 114 
20 88 
20 37 
20 120 
20 8 
20 80 
20 98 
20 34 
20 32 
21 46 
21 104 
21 70 
21 28 
21 25 
21 2 
21 74 
21 59 
21 51 
21 144 
21 35 
21 135 
21 49 
21 89 
21 4 
21 52 
21 115 
21 116 
21 136 
21 118 
21 123 
21 76 
21 129 
21 16 
21 137 
21 11 
21 106 
21 80 
21 105 
21 83 
21 50 
21 147 
21 146 
21 58 
21 61 
21 8 
21 78 
21 66 
21 68 
21 142 
21 67 
22 88 
22 62 
22 84 
22 103 
22 12 
22 141 
22 64 
22 17 
22 0 
22 114 
22 55 
22 66 
22 80 
22 18 
22 56 
22 63 
22 124 
22 90 
22 33 
22 2 
22 48 
22 112 
22 92 
22 133 
22 19 
22 95 
22 26 
22 105 
22 137 
22 58 
22 52 
22 113 
22 54 
22 3 
22 39 
22 45 
22 15 
22 93 
22 32 
22 71 
22 61 
22 70 
22 44 
22 89 
22 81 
23 88 
23 31 
23 2 
23 78 
23 76 
23 137 
23 70 
23 134 
23 133 
23 65 
23 12 
23 17 
23 52 
23 40 
23 13 
23 106 
23 64 
23 146 
23 85 
23 3 
23 90 
23 48 
23 42 
23 34 
23 99 
23 1 
23 58 
23 63 
23 61 
23 27 
23 59 
23 94 
23 39 
23 82 
23 72 
23 96 
23 51 
23 45 
24 42 
24 118 
24 119 
24 142 
24 134 
24 87 
24 141 
24 84 
24 33 
24 133 
24 32 
24 43 
24 93 
24 78 
24 26 
24 123 
24 25 
24 11 
24 65 
24 100 
24 96 
24 54 
24 13 
24 55 
24 14 
24 108 
24 71 
24 95 
24 6 
24 146 
24 137 
24 132 
24 29 
24 27 
24 111 
24 45 
24 127 
24 114 
24 147 
24 7 
24 57 
24 144 
24 138 
24 64 
24 19 
24 110 
24 124 
24 120 
24 81 
24 130 
25 77 
25 72 
25 16 
25 47 
25 52 
25 124 
25 19 
25 21 
25 18 
25 14 
25 60 
25 49 
25 82 
25 56 
25 3 
25 24 
25 83 
25 93 
25 121 
25 102 
25 43 
25 33 
25 135 
25 32 
25 98 
25 92 
25 64 
25 80 
25 89 
25 113 
25 87 
25 68 
25 84 
25 91 
25 129 
25 44 
25 114 
25 100 
25 37 
25 55 
25 0 
25 62 
25 73 
25 105 
25 61 
25 106 
25 136 
25 30 
26 100 
26 59 
26 44 
26 72 
26 129 
26 63 
26 98 
26 4 
26 133 
26 48 
26 94 
26 122 
26 56 
26 12 
26 2 
26 43 
26 24 
26 3 
26 127 
26 95 
26 145 
26 128 
26 22 
26 33 
26 66 
26 83 
26 137 
26 32 
26 46 
26 15 
26 37 
26 96 
26 126 
26 108 
26 110 
26 60 
26 52 
26 51 
26 139 
26 36 
26 118 
26 69 
26 73 
27 75 
27 72 
27 65 
27 91 
27 108 
27 55 
27 107 
27 49 
27 3 
27 104 
27 30 
27 19 
27 10 
27 99 
27 12 
27 109 
27 1 
27 113 
27 87 
27 95 
27 6 
27 110 
27 98 
27 77 
27 23 
27 24 
27 112 
27 143 
27 34 
27 134 
27 141 
27 76 
27 46 
27 114 
27 50 
27 123 
27 81 
27 5 
27 132 
27 142 
27 133 
27 101 
27 121 
27 74 
27 83 
28 70 
28 31 
28 21 
28 83 
28 106 
28 133 
28 124 
28 42 
28 71 
28 99 
28 39 
28 80 
28 30 
28 38 
28 95 
28 58 
28 115 
28 12 
28 11 
28 66 
28 69 
28 90 
28 137 
28 68 
28 88 
28 73 
28 52 
28 114 
28 77 
28 74 
28 147 
28 54 
28 104 
28 87 
28 50 
28 107 
28 132 
28 121 
28 131 
28 122 
28 19 
28 1 
28 81 
28 141 
28 67 
28 35 
28 100 
28 33 
28 36 
28 59 
28 89 
29 108 
29 54 
29 141 
29 115 
29 142 
29 104 
29 92 
29 134 
29 9 
29 109 
29 121 
29 144 
29 84 
29 93 
29 125 
29 37 
29 55 
29 65 
29 10 
29 24 
29 96 
29 63 
29 47 
29 100 
29 131 
29 135 
29 98 
29 18 
29 17 
29 146 
29 130 
29 13 
29 79 
29 52 
29 12 
29 73 
29 31 
29 123 
29 19 
29 43 
30 13 
30 52 
30 99 
30 58 
30 6 
30 34 
30 9 
30 38 
30 17 
30 98 
30 88 
30 77 
30 43 
30 27 
30 28 
30 105 
30 145 
30 121 
30 15 
30 47 
30 64 
30 91 
30 112 
30 2 
30 103 
30 139 
30 54 
30 75 
30 32 
30 126 
30 135 
30 114 
30 95 
30 67 
30 93 
30 108 
30 44 
30 122 
30 76 
30 142 
30 71 
30 1 
30 100 
30 49 
30 65 
30 90 
30 0 
30 80 
30 57 
30 7 
30 146 
30 144 
30 96 
30 92 
30 25 
31 23 
31 3 
31 81 
31 88 
31 145 
31 28 
31 127 
31 109 
31 113 
31 137 
31 78 
31 57 
31 0 
31 42 
31 59 
31 114 
31 107 
31 18 
31 128 
31 140 
31 104 
31 92 
31 5 
31 10 
31 98 
31 7 
31 56 
31 103 
31 38 
31 102 
31 141 
31 83 
31 115 
31 136 
31 51 
31 39 
31 106 
31 85 
31 69 
31 105 
31 67 
31 35 
31 29 
31 66 
31 43 
31 94 
32 136 
32 117 
32 6 
32 56 
32 65 
32 46 
32 40 
32 141 
32 132 
32 94 
32 24 
32 83 
32 131 
32 115 
32 114 
32 145 
32 44 
32 25 
32 92 
32 116 
32 99 
32 95 
32 30 
32 63 
32 72 
32 37 
32 26 
32 69 
32 2 
32 84 
32 109 
32 0 
32 41 
32 5 
32 111 
32 22 
32 121 
32 125 
32 12 
32 86 
32 96 
32 104 
32 20 
33 147 
33 138 
33 74 
33 115 
33 76 
33 130 
33 24 
33 38 
33 43 
33 48 
33 64 
33 11 
33 56 
33 75 
33 139 
33 14 
33 18 
33 126 
33 134 
33 62 
33 25 
33 22 
33 45 
33 71 
33 46 
33 145 
33 111 
33 26 
33 122 
33 5 
33 47 
33 117 
33 6 
33 49 
33 96 
33 109 
33 16 
33 128 
33 8 
33 28 
34 130 
34 146 
34 99 
34 12 
34 83 
34 30 
34 101 
34 139 
34 81 
34 5 
34 84 
34 72 
34 123 
34 105 
34 58 
34 86 
34 42 
34 111 
34 23 
34 92 
34 138 
34 80 
34 109 
34 2 
34 124 
34 145 
34 140 
34 27 
34 116 
34 102 
34 38 
34 10 
34 131 
34 88 
34 68 
34 95 
34 61 
34 7 
34 100 
34 120 
34 117 
34 128 
34 129 
34 97 
34 20 
34 43 
35 110 
35 145 
35 109 
35 118 
35 81 
35 61 
35 91 
35 16 
35 20 
35 15 
35 132 
35 12 
35 21 
35 68 
35 124 
35 99 
35 63 
35 58 
35 14 
35 11 
35 76 
35 60 
35 113 
35 72 
35 55 
35 87 
35 78 
35 5 
35 2 
35 86 
35 69 
35 89 
35 77 
35 9 
35 50 
35 102 
35 108 
35 100 
35 42 
35 135 
35 128 
35 130 
35 123 
35 31 
35 28 
35 133 
35 144 
35 0 
36 142 
36 93 
36 103 
36 77 
36 137 
36 19 
36 60 
36 38 
36 134 
36 66 
36 104 
36 108 
36 113 
36 114 
36 116 
36 0 
36 121 
36 50 
36 90 
36 136 
36 87 
36 126 
36 10 
36 128 
36 7 
36 124 
36 117 
36 49 
36 86 
36 115 
36 100 
36 119 
36 85 
36 37 
36 4 
36 72 
36 14 
36 71 
36 40 
36 94 
36 28 
36 74 
36 26 
37 74 
37 128 
37 13 
37 16 
37 107 
37 147 
37 83 
37 86 
37 29 
37 139 
37 42 
37 69 
37 120 
37 116 
37 102 
37 141 
37 47 
37 73 
37 32 
37 61 
37 98 
37 140 
37 68 
37 26 
37 95 
37 127 
37 105 
37 78 
37 58 
37 66 
37 50 
37 36 
37 20 
37 39 
37 52 
37 80 
37 130 
37 110 
37 25 
38 71 
38 70 
38 60 
38 44 
38 45 
38 3 
38 33 
38 99 
38 30 
38 36 
38 134 
38 114 
38 130 
38 28 
38 6 
38 4 
38 125 
38 78 
38 103 
38 120 
38 75 
38 67 
38 128 
38 66 
38 142 
38 111 
38 97 
38 122 
38 31 
38 34 
38 55 
38 56 
38 140 
38 64 
38 50 
38 146 
38 57 
38 46 
38 94 
38 117 
38 65 
38 68 
39 74 
39 56 
39 2 
39 73 
39 133 
39 101 
39 19 
39 147 
39 94 
39 28 
39 97 
39 52 
39 59 
39 88 
39 130 
39 123 
39 112 
39 16 
39 40 
39 145 
39 70 
39 41 
39 86 
39 64 
39 65 
39 63 
39 45 
39 102 
39 96 
39 22 
39 50 
39 68 
39 116 
39 42 
39 31 
39 37 
39 23 
39 48 
39 131 
39 114 
39 140 
40 137 
40 20 
40 46 
40 99 
40 135 
40 16 
40 23 
40 32 
40 42 
40 11 
40 68 
40 81 
40 141 
40 147 
40 97 
40 140 
40 79 
40 13 
40 51 
40 39 
40 107 
40 98 
40 45 
40 6 
40 18 
40 95 
40 146 
40 9 
40 110 
40 17 
40 143 
40 128 
40 94 
40 129 
40 61 
40 101 
40 36 
40 111 
40 56 
40 12 
40 3 
40 76 
41 142 
41 123 
41 90 
41 74 
41 144 
41 100 
41 3 
41 63 
41 105 
41 130 
41 103 
41 19 
41 86 
41 76 
41 93 
41 117 
41 145 
41 108 
41 101 
41 66 
41 116 
41 39 
41 4 
41 64 
41 95 
41 129 
41 87 
41 32 
41 119 
41 47 
41 81 
41 133 
41 109 
41 61 
41 120 
41 48 
41 131 
42 73 
42 87 
42 24 
42 99 
42 116 
42 140 
42 67 
42 141 
42 19 
42 49 
42 131 
42 98 
42 80 
42 28 
42 58 
42 31 
42 72 
42 13 
42 10 
42 88 
42 132 
42 4 
42 40 
42 107 
42 125 
42 100 
42 46 
42 34 
42 23 
42 16 
42 37 
42 124 
42 12 
42 102 
42 50 
42 51 
42 97 
42 35 
42 39 
42 101 
42 59 
42 83 
42 56 
42 54 
42 118 
43 61 
43 134 
43 14 
43 136 
43 54 
43 0 
43 120 
43 87 
43 33 
43 12 
43 26 
43 69 
43 24 
43 30 
43 4 
43 49 
43 115 
43 109 
43 25 
43 59 
43 77 
43 131 
43 135 
43 1 
43 82 
43 17 
43 84 
43 141 
43 133 
43 73 
43 3 
43 89 
43 85 
43 72 
43 71 
43 64 
43 114 
43 18 
43 46 
43 60 
43 29 
43 11 
43 34 
43 31 
43 145 
44 10 
44 61 
44 38 
44 26 
44 16 
44 1 
44 143 
44 8 
44 130 
44 105 
44 123 
44 59 
44 135 
44 99 
44 32 
44 84 
44 136 
44 97 
44 86 
44 47 
44 137 
44 146 
44 122 
44 6 
44 30 
44 53 
44 106 
44 78 
44 96 
44 93 
44 25 
44 22 
44 109 
44 5 
44 0 
44 57 
45 114 
45 83 
45 48 
45 61 
45 18 
45 82 
45 38 
45 87 
45 132 
45 59 
45 78 
45 110 
45 86 
45 57 
45 107 
45 49 
45 33 
45 98 
45 120 
45 40 
45 100 
45 104 
45 130 
45 140 
45 24 
45 125 
45 39 
45 101 
45 93 
45 16 
45 5 
45 22 
45 141 
45 85 
45 75 
45 23 
45 127 
45 136 
45 96 
46 131 
46 21 
46 53 
46 72 
46 40 
46 106 
46 141 
46 11 
46 32 
46 50 
46 1 
46 147 
46 42 
46 129 
46 103 
46 33 
46 84 
46 10 
46 116 
46 85 
46 14 
46 26 
46 120 
46 70 
46 93 
46 57 
46 109 
46 27 
46 132 
46 62 
46 123 
46 15 
46 9 
46 48 
46 99 
46 12 
46 43 
46 105 
46 75 
46 38 
46 71 
46 114 
46 97 
46 111 
47 18 
47 25 
47 59 
47 6 
47 107 
47 79 
47 10 
47 122 
47 130 
47 134 
47 94 
47 129 
47 121 
47 103 
47 147 
47 141 
47 83 
47 144 
47 105 
47 102 
47 85 
47 57 
47 30 
47 137 
47 71 
47 86 
47 14 
47 143 
47 3 
47 44 
47 33 
47 11 
47 37 
47 135 
47 12 
47 112 
47 29 
47 91 
47 116 
47 106 
47 133 
47 99 
47 48 
47 41 
47 63 
47 77 
47 17 
48 76 
48 45 
48 5 
48 91 
48 126 
48 137 
48 78 
48 55 
48 26 
48 7 
48 60 
48 65 
48 33 
48 15 
48 146 
48 131 
48 147 
48 73 
48 136 
48 23 
48 122 
48 18 
48 22 
48 90 
48 121 
48 59 
48 16 
48 114 
48 104 
48 132 
48 140 
48 111 
48 139 
48 92 
48 129 
48 47 
48 19 
48 0 
48 2 
48 46 
48 127 
48 56 
48 99 
48 39 
48 63 
48 41 
49 19 
49 42 
49 5 
49 27 
49 136 
49 25 
49 8 
49 114 
49 43 
49 50 
49 65 
49 68 
49 21 
49 75 
49 91 
49 11 
49 132 
49 100 
49 45 
49 129 
49 80 
49 36 
49 108 
49 33 
49 141 
49 133 
49 30 
49 146 
49 59 
49 85 
49 84 
49 13 
50 73 
50 0 
50 119 
50 8 
50 135 
50 89 
50 46 
50 126 
50 147 
50 49 
50 74 
50 13 
50 116 
50 11 
50 114 
50 123 
50 69 
50 134 
50 121 
50 107 
50 36 
50 82 
50 96 
50 65 
50 16 
50 79 
50 18 
50 110 
50 61 
50 42 
50 72 
50 28 
50 100 
50 88 
50 113 
50 102 
50 35 
50 39 
50 27 
50 21 
50 37 
50 83 
50 111 
50 55 
50 93 
50 128 
50 38 
50 115 
50 64 
50 85 
50 76 
50 58 
51 117 
51 54 
51 21 
51 125 
51 10 
51 107 
51 122 
51 97 
51 58 
51 141 
51 75 
51 4 
51 136 
51 111 
51 1 
51 96 
51 40 
51 131 
51 16 
51 112 
51 142 
51 139 
51 14 
51 138 
51 42 
51 11 
51 95 
51 20 
51 67 
51 31 
51 104 
51 84 
51 128 
51 26 
51 23 
51 68 
52 122 
52 84 
52 30 
52 135 
52 25 
52 111 
52 75 
52 86 
52 65 
52 23 
52 54 
52 143 
52 39 
52 129 
52 80 
52 21 
52 105 
52 28 
52 16 
52 63 
52 104 
52 98 
52 70 
52 68 
52 93 
52 81 
52 108 
52 60 
52 19 
52 22 
52 18 
52 114 
52 115 
52 17 
52 136 
52 26 
52 96 
52 37 
52 29 
52 112 
52 144 
52 73 
52 116 
53 65 
53 46 
53 142 
53 127 
53 20 
53 139 
53 124 
53 57 
53 10 
53 63 
53 107 
53 64 
53 120 
53 83 
53 110 
53 2 
53 130 
53 125 
53 147 
53 19 
53 78 
53 129 
53 117 
53 17 
53 134 
53 77 
53 135 
53 44 
53 56 
53 85 
53 68 
53 126 
53 13 
53 12 
53 90 
53 88 
54 112 
54 29 
54 51 
54 119 
54 129 
54 109 
54 43 
54 124 
54 61 
54 2 
54 52 
54 123 
54 10 
54 147 
54 88 
54 70 
54 24 
54 116 
54 19 
54 0 
54 30 
54 28 
54 66 
54 80 
54 144 
54 60 
54 22 
54 108 
54 133 
54 83 
54 98 
54 64 
54 111 
54 75 
54 99 
54 131 
54 65 
54 115 
54 42 
55 102 
55 140 
55 137 
55 132 
55 105 
55 91 
55 27 
55 18 
55 48 
55 72 
55 127 
55 99 
55 93 
55 69 
55 81 
55 22 
55 80 
55 141 
55 92 
55 24 
55 96 
55 35 
55 104 
55 29 
55 73 
55 103 
55 12 
55 117 
55 144 
55 116 
55 87 
55 38 
55 88 
55 89 
55 77 
55 50 
55 145 
55 3 
55 25 
55 16 
56 39 
56 68 
56 5 
56 32 
56 93 
56 101 
56 82 
56 4 
56 110 
56 67 
56 120 
56 26 
56 70 
56 84 
56 130 
56 33 
56 25 
56 19 
56 22 
56 2 
56 95 
56 13 
56 81 
56 147 
56 138 
56 123 
56 92 
56 125 
56 126 
56 3 
56 31 
56 115 
56 109 
56 113 
56 17 
56 142 
56 119 
56 53 
56 134 
56 38 
56 1 
56 122 
56 61 
56 48 
56 40 
56 8 
56 42 
57 79 
57 1 
57 125 
57 99 
57 53 
57 31 
57 18 
57 109 
57 96 
57 3 
57 113 
57 128 
57 45 
57 47 
57 108 
57 9 
57 10 
57 124 
57 70 
57 92 
57 107 
57 59 
57 131 
57 145 
57 129 
57 89 
57 46 
57 147 
57 7 
57 134 
57 106 
57 88 
57 103 
57 62 
57 24 
57 30 
57 91 
57 132 
57 38 
57 144 
57 44 
57 122 
58 30 
58 6 
58 80 
58 92 
58 2 
58 146 
58 42 
58 51 
58 88 
58 101 
58 112 
58 79 
58 28 
58 140 
58 34 
58 35 
58 116 
58 142 
58 23 
58 4 
58 66 
58 126 
58 69 
58 77 
58 143 
58 15 
58 22 
58 62 
58 99 
58 18 
58 70 
58 12 
58 37 
58 74 
58 93 
58 5 
58 21 
58 122 
58 110 
58 120 
58 78 
58 131 
58 71 
58 108 
58 72 
58 81 
58 123 
58 50 
59 81 
59 6 
59 26 
59 47 
59 102 
59 145 
59 21 
59 120 
59 15 
59 142 
59 143 
59 90 
59 45 
59 105 
59 31 
59 80 
59 92 
59 39 
59 69 
59 44 
59 88 
59 76 
59 97 
59 43 
59 89 
59 122 
59 1 
59 48 
59 104 
59 82 
59 98 
59 131 
59 4 
59 57 
59 95 
59 139 
59 140 
59 136 
59 8 
59 99 
59 23 
59 116 
59 133 
59 5 
59 127 
59 49 
59 2 
59 121 
59 42 
59 66 
59 28 
59 107 
59 128 
59 130 
60 9 
60 89 
60 38 
60 101 
60 36 
60 123 
60 48 
60 67 
60 11 
60 25 
60 124 
60 127 
60 121 
60 117 
60 75 
60 107 
60 92 
60 35 
60 68 
60 72 
60 5 
60 94 
60 146 
60 62 
60 115 
60 104 
60 52 
60 71 
60 84 
60 95 
60 54 
60 97 
60 96 
60 7 
60 0 
60 66 
60 26 
60 1 
60 113 
60 76 
60 19 
60 87 
60 98 
60 130 
60 91 
60 43 
60 64 
60 133 
61 43 
61 139 
61 83 
61 76 
61 44 
61 45 
61 137 
61 35 
61 95 
61 105 
61 66 
61 54 
61 147 
61 144 
61 94 
61 89 
61 17 
61 19 
61 110 
61 64 
61 119 
61 68 
61 114 
61 92 
61 23 
61 7 
61 5 
61 97 
61 37 
61 134 
61 50 
61 101 
61 140 
61 130 
61 126 
61 40 
61 78 
61 21 
61 56 
61 34 
61 41 
61 22 
61 99 
61 62 
61 91 
61 25 
61 141 
62 72 
62 134 
62 122 
62 22 
62 84 
62 114 
62 70 
62 147 
62 0 
62 130 
62 18 
62 129 
62 64 
62 118 
62 82 
62 8 
62 94 
62 17 
62 91 
62 73 
62 96 
62 19 
62 33 
62 87 
62 5 
62 6 
62 128 
62 100 
62 60 
62 2 
62 125 
62 58 
62 116 
62 7 
62 10 
62 105 
62 76 
62 143 
62 108 
62 46 
62 103 
62 57 
62 119 
62 1 
62 126 
62 90 
62 63 
62 99 
62 111 
62 61 
62 25 
62 89 
62 98 
63 105 
63 102 
63 115 
63 41 
63 26 
63 126 
63 53 
63 71 
63 103 
63 118 
63 77 
63 81 
63 35 
63 134 
63 22 
63 145 
63 12 
63 52 
63 127 
63 131 
63 23 
63 11 
63 101 
63 121 
63 108 
63 32 
63 92 
63 29 
63 88 
63 39 
63 9 
63 129 
63 110 
63 14 
63 47 
63 48 
63 93 
63 62 
64 126 
64 128 
64 146 
64 131 
64 89 
64 11 
64 145 
64 99 
64 127 
64 82 
64 2 
64 62 
64 112 
64 90 
64 98 
64 22 
64 33 
64 5 
64 23 
64 53 
64 109 
64 61 
64 30 
64 104 
64 25 
64 93 
64 16 
64 39 
64 41 
64 12 
64 43 
64 108 
64 123 
64 0 
64 142 
64 54 
64 136 
64 91 
64 38 
64 74 
64 137 
64 144 
64 24 
64 50 
64 7 
64 60 
64 135 
64 88 
64 130 
64 121 
64 138 
65 6 
65 53 
65 115 
65 27 
65 103 
65 70 
65 106 
65 32 
65 77 
65 52 
65 23 
65 48 
65 94 
65 17 
65 101 
65 125 
65 49 
65 24 
65 132 
65 134 
65 90 
65 50 
65 29 
65 84 
65 104 
65 78 
65 93 
65 39 
65 12 
65 85 
65 19 
65 30 
65 76 
65 119 
65 0 
65 54 
65 113 
65 38 
66 127 
66 126 
66 120 
66 94 
66 61 
66 36 
66 14 
66 128 
66 104 
66 81 
66 22 
66 107 
66 28 
66 114 
66 80 
66 143 
66 130 
66 109 
66 136 
66 38 
66 41 
66 58 
66 134 
66 26 
66 71 
66 54 
66 4 
66 97 
66 135 
66 105 
66 111 
66 91 
66 113 
66 37 
66 89 
66 60 
66 18 
66 147 
66 11 
66 59 
66 21 
66 87 
66 31 
66 129 
67 118 
67 136 
67 42 
67 130 
67 56 
67 97 
67 60 
67 106 
67 117 
67 138 
67 146 
67 131 
67 98 
67 38 
67 75 
67 108 
67 111 
67 110 
67 140 
67 71 
67 92 
67 18 
67 30 
67 144 
67 16 
67 109 
67 116 
67 77 
67 51 
67 2 
67 113 
67 28 
67 31 
67 132 
67 85 
67 128 
67 9 
67 123 
67 90 
67 21 
67 3 
68 131 
68 56 
68 72 
68 120 
68 101 
68 13 
68 84 
68 73 
68 139 
68 145 
68 115 
68 93 
68 35 
68 80 
68 40 
68 75 
68 19 
68 49 
68 104 
68 28 
68 12 
68 60 
68 61 
68 95 
68 94 
68 17 
68 52 
68 118 
68 98 
68 96 
68 86 
68 37 
68 25 
68 39 
68 1 
68 83 
68 108 
68 6 
68 53 
68 130 
68 34 
68 121 
68 113 
68 102 
68 21 
68 51 
68 87 
68 4 
68 38 
69 143 
69 105 
69 104 
69 92 
69 115 
69 97 
69 43 
69 55 
69 59 
69 28 
69 50 
69 146 
69 124 
69 37 
69 9 
69 19 
69 7 
69 72 
69 35 
69 58 
69 113 
69 32 
69 88 
69 135 
69 5 
69 73 
69 144 
69 6 
69 137 
69 114 
69 93 
69 31 
69 86 
69 89 
69 14 
69 142 
69 26 
70 38 
70 28 
70 21 
70 117 
70 62 
70 65 
70 125 
70 23 
70 17 
70 56 
70 97 
70 12 
70 76 
70 127 
70 81 
70 98 
70 120 
70 132 
70 54 
70 82 
70 73 
70 16 
70 57 
70 124 
70 52 
70 39 
70 104 
70 122 
70 130 
70 141 
70 147 
70 46 
70 75 
70 79 
70 7 
70 78 
70 58 
70 9 
70 144 
70 22 
70 143 
70 126 
70 105 
70 145 
71 38 
71 100 
71 137 
71 91 
71 88 
71 85 
71 28 
71 108 
71 111 
71 63 
71 89 
71 2 
71 14 
71 33 
71 24 
71 47 
71 99 
71 82 
71 143 
71 9 
71 67 
71 66 
71 15 
71 139 
71 60 
71 78 
71 90 
71 116 
71 43 
71 126 
71 30 
71 134 
71 118 
71 36 
71 18 
71 22 
71 46 
71 58 
71 10 
72 25 
72 68 
72 27 
72 142 
72 62 
72 46 
72 134 
72 99 
72 26 
72 77 
72 79 
72 55 
72 87 
72 98 
72 42 
72 139 
72 132 
72 126 
72 34 
72 127 
72 128 
72 136 
72 124 
72 20 
72 35 
72 60 
72 13 
72 69 
72 116 
72 32 
72 43 
72 50 
72 76 
72 129 
72 6 
72 140 
72 4 
72 36 
72 23 
72 131 
72 123 
72 82 
72 147 
72 119 
72 58 
72 83 
73 42 
73 50 
73 133 
73 12 
73 84 
73 76 
73 137 
73 39 
73 88 
73 94 
73 17 
73 68 
73 145 
73 100 
73 112 
73 89 
73 62 
73 48 
73 93 
73 28 
73 70 
73 101 
73 107 
73 74 
73 118 
73 55 
73 18 
73 5 
73 116 
73 0 
73 10 
73 37 
73 43 
73 136 
73 87 
73 69 
73 104 
73 78 
73 29 
73 52 
73 25 
73 19 
73 135 
73 26 
74 39 
74 33 
74 120 
74 41 
74 115 
74 21 
74 12 
74 37 
74 114 
74 13 
74 131 
74 101 
74 50 
74 137 
74 97 
74 14 
74 147 
74 73 
74 117 
74 28 
74 107 
74 125 
74 82 
74 78 
74 100 
74 86 
74 140 
74 128 
74 103 
74 0 
74 112 
74 58 
74 96 
74 15 
74 64 
74 36 
74 116 
74 27 
74 10 
75 113 
75 27 
75 91 
75 97 
75 82 
75 111 
75 121 
75 78 
75 52 
75 115 
75 106 
75 33 
75 68 
75 51 
75 49 
75 108 
75 60 
75 18 
75 19 
75 86 
75 101 
75 38 
75 67 
75 10 
75 30 
75 117 
75 140 
75 125 
75 76 
75 139 
75 133 
75 77 
75 143 
75 70 
75 129 
75 14 
75 54 
75 146 
75 5 
75 45 
75 46 
75 103 
75 136 
75 94 
76 93 
76 48 
76 11 
76 61 
76 23 
76 94 
76 33 
76 73 
76 5 
76 70 
76 41 
76 124 
76 100 
76 4 
76 130 
76 88 
76 19 
76 59 
76 99 
76 17 
76 35 
76 111 
76 21 
76 7 
76 75 
76 146 
76 89 
76 72 
76 62 
76 30 
76 6 
76 27 
76 14 
76 123 
76 13 
76 65 
76 60 
76 113 
76 131 
76 92 
76 50 
76 140 
76 40 
77 25 
77 90 
77 36 
77 72 
77 125 
77 65 
77 15 
77 136 
77 97 
77 8 
77 30 
77 96 
77 120 
77 95 
77 63 
77 106 
77 19 
77 98 
77 143 
77 118 
77 28 
77 43 
77 101 
77 145 
77 27 
77 94 
77 58 
77 122 
77 17 
77 131 
77 126 
77 35 
77 99 
77 75 
77 53 
77 144 
77 137 
77 67 
77 55 
77 117 
77 47 
77 18 
77 119 
77 116 
78 23 
78 13 
78 116 
78 89 
78 122 
78 103 
78 48 
78 75 
78 31 
78 117 
78 45 
78 133 
78 12 
78 24 
78 38 
78 96 
78 4 
78 121 
78 126 
78 144 
78 105 
78 115 
78 35 
78 104 
78 65 
78 7 
78 53 
78 85 
78 74 
78 71 
78 127 
78 129 
78 135 
78 130 
78 70 
78 37 
78 44 
78 114 
78 79 
78 73 
78 61 
78 112 
78 111 
78 82 
78 21 
78 1 
78 58 
78 99 
78 80 
79 0 
79 57 
79 102 
79 112 
79 90 
79 120 
79 47 
79 72 
79 18 
79 107 
79 92 
79 101 
79 58 
79 80 
79 132 
79 40 
79 20 
79 50 
79 140 
79 99 
79 14 
79 96 
79 70 
79 136 
79 11 
79 78 
79 113 
79 98 
79 103 
79 134 
79 146 
79 93 
79 29 
79 109 
79 88 
79 147 
79 16 
80 95 
80 130 
80 108 
80 42 
80 139 
80 14 
80 81 
80 58 
80 121 
80 28 
80 68 
80 59 
80 55 
80 22 
80 105 
80 52 
80 15 
80 79 
80 66 
80 25 
80 34 
80 100 
80 98 
80 117 
80 54 
80 112 
80 18 
80 141 
80 49 
80 144 
80 125 
80 21 
80 87 
80 13 
80 99 
80 30 
80 120 
80 127 
80 37 
80 110 
80 20 
80 78 
80 145 
81 59 
81 109 
81 31 
81 102 
81 35 
81 134 
81 96 
81 34 
81 80 
81 143 
81 82 
81 117 
81 5 
81 70 
81 7 
81 40 
81 55 
81 16 
81 66 
81 63 
81 56 
81 20 
81 52 
81 2 
81 88 
81 108 
81 10 
81 1 
81 144 
81 128 
81 27 
81 111 
81 41 
81 28 
81 141 
81 22 
81 97 
81 113 
81 123 
81 58 
81 24 
81 114 
82 99 
82 45 
82 56 
82 75 
82 64 
82 3 
82 81 
82 135 
82 62 
82 25 
82 96 
82 93 
82 4 
82 70 
82 122 
82 129 
82 128 
82 1 
82 86 
82 50 
82 101 
82 119 
82 59 
82 71 
82 111 
82 85 
82 104 
82 74 
82 43 
82 100 
82 141 
82 23 
82 78 
82 72 
82 17 
82 140 
82 94 
82 84 
83 95 
83 120 
83 45 
83 61 
83 88 
83 28 
83 115 
83 34 
83 93 
83 37 
83 0 
83 86 
83 32 
83 146 
83 47 
83 18 
83 53 
83 25 
83 13 
83 134 
83 96 
83 11 
83 116 
83 100 
83 108 
83 26 
83 140 
83 136 
83 107 
83 31 
83 87 
83 21 
83 68 
83 54 
83 122 
83 12 
83 50 
83 90 
83 144 
83 133 
83 103 
83 128 
83 42 
83 72 
83 27 
84 52 
84 101 
84 5 
84 85 
84 22 
84 62 
84 98 
84 146 
84 73 
84 24 
84 128 
84 16 
84 34 
84 68 
84 29 
84 120 
84 56 
84 109 
84 6 
84 99 
84 138 
84 46 
84 44 
84 133 
84 2 
84 65 
84 123 
84 142 
84 43 
84 1 
84 139 
84 112 
84 11 
84 60 
84 32 
84 147 
84 25 
84 89 
84 125 
84 86 
84 105 
84 137 
84 51 
84 110 
84 135 
84 49 
84 140 
84 17 
84 82 
85 110 
85 6 
85 84 
85 122 
85 145 
85 97 
85 71 
85 15 
85 13 
85 115 
85 1 
85 130 
85 111 
85 131 
85 23 
85 47 
85 86 
85 142 
85 140 
85 82 
85 46 
85 94 
85 12 
85 95 
85 78 
85 4 
85 124 
85 43 
85 143 
85 114 
85 65 
85 53 
85 36 
85 31 
85 147 
85 104 
85 45 
85 49 
85 67 
85 3 
85 50 
85 138 
86 105 
86 112 
86 15 
86 52 
86 3 
86 100 
86 11 
86 41 
86 137 
86 8 
86 83 
86 37 
86 20 
86 138 
86 85 
86 45 
86 34 
86 117 
86 13 
86 140 
86 89 
86 9 
86 75 
86 82 
86 135 
86 47 
86 95 
86 146 
86 108 
86 44 
86 35 
86 39 
86 116 
86 136 
86 18 
86 6 
86 68 
86 36 
86 74 
86 7 
86 118 
86 130 
86 102 
86 84 
86 0 
86 91 
86 111 
86 32 
86 69 
87 42 
87 92 
87 101 
87 8 
87 146 
87 127 
87 120 
87 24 
87 72 
87 45 
87 110 
87 43 
87 107 
87 103 
87 109 
87 94 
87 115 
87 144 
87 131 
87 102 
87 104 
87 112 
87 62 
87 134 
87 27 
87 97 
87 106 
87 123 
87 124 
87 36 
87 96 
87 35 
87 143 
87 89 
87 121 
87 99 
87 25 
87 28 
87 125 
87 73 
87 55 
87 80 
87 83 
87 7 
87 41 
87 98 
87 114 
87 13 
87 137 
87 60 
87 66 
87 68 
88 23 
88 31 
88 83 
88 22 
88 71 
88 113 
88 115 
88 98 
88 73 
88 30 
88 17 
88 111 
88 42 
88 116 
88 58 
88 144 
88 76 
88 54 
88 39 
88 59 
88 12 
88 28 
88 120 
88 110 
88 118 
88 129 
88 137 
88 99 
88 90 
88 125 
88 123 
88 63 
88 81 
88 69 
88 122 
88 50 
88 1 
88 55 
88 34 
88 20 
88 57 
88 105 
88 109 
88 79 
88 4 
88 53 
88 64 
89 64 
89 7 
89 60 
89 78 
89 18 
89 104 
89 133 
89 136 
89 142 
89 0 
89 50 
89 122 
89 71 
89 61 
89 73 
89 146 
89 21 
89 113 
89 59 
89 86 
89 101 
89 117 
89 14 
89 87 
89 100 
89 25 
89 35 
89 3 
89 76 
89 43 
89 5 
89 57 
89 84 
89 139 
89 55 
89 66 
89 106 
89 112 
89 12 
89 126 
89 22 
89 69 
89 62 
89 95 
89 28 
90 11 
90 129 
90 79 
90 77 
90 41 
90 145 
90 123 
90 0 
90 124 
90 136 
90 64 
90 101 
90 59 
90 113 
90 141 
90 23 
90 28 
90 107 
90 22 
90 48 
90 13 
90 147 
90 36 
90 65 
90 88 
90 128 
90 116 
90 71 
90 142 
90 9 
90 127 
90 134 
90 83 
90 115 
90 30 
90 62 
90 118 
90 53 
90 67 
90 91 
91 94 
91 75 
91 27 
91 48 
91 3 
91 55 
91 118 
91 116 
91 12 
91 71 
91 35 
91 115 
91 109 
91 62 
91 122 
91 100 
91 138 
91 49 
91 14 
91 30 
91 6 
91 18 
91 105 
91 97 
91 144 
91 20 
91 47 
91 114 
91 66 
91 25 
91 101 
91 0 
91 17 
91 64 
91 86 
91 123 
91 57 
91 60 
91 61 
91 90 
92 87 
92 101 
92 129 
92 19 
92 121 
92 95 
92 29 
92 58 
92 69 
92 122 
92 118 
92 135 
92 79 
92 8 
92 14 
92 59 
92 93 
92 99 
92 55 
92 60 
92 34 
92 32 
92 22 
92 25 
92 57 
92 31 
92 56 
92 61 
92 7 
92 67 
92 63 
92 143 
92 18 
92 138 
92 127 
92 48 
92 124 
92 147 
92 117 
92 5 
92 0 
92 97 
92 103 
92 114 
92 76 
92 30 
93 76 
93 117 
93 5 
93 36 
93 108 
93 56 
93 145 
93 98 
93 55 
93 83 
93 124 
93 135 
93 68 
93 24 
93 41 
93 29 
93 92 
93 129 
93 82 
93 114 
93 73 
93 8 
93 25 
93 138 
93 147 
93 64 
93 143 
93 134 
93 118 
93 65 
93 100 
93 52 
93 12 
93 131 
93 30 
93 142 
93 46 
93 45 
93 111 
93 106 
93 58 
93 69 
93 22 
93 44 
93 50 
93 79 
93 63 
93 146 
93 94 
94 140 
94 13 
94 91 
94 118 
94 128 
94 116 
94 76 
94 4 
94 107 
94 66 
94 7 
94 26 
94 47 
94 73 
94 39 
94 65 
94 32 
94 87 
94 62 
94 61 
94 1 
94 135 
94 10 
94 14 
94 68 
94 60 
94 109 
94 85 
94 77 
94 101 
94 119 
94 147 
94 113 
94 40 
94 23 
94 110 
94 98 
94 36 
94 124 
94 3 
94 93 
94 38 
94 75 
94 133 
94 82 
94 122 
94 31 
94 117 
95 83 
95 80 
95 135 
95 92 
95 4 
95 129 
95 61 
95 112 
95 119 
95 1 
95 122 
95 108 
95 28 
95 139 
95 77 
95 10 
95 26 
95 56 
95 105 
95 142 
95 24 
95 128 
95 27 
95 68 
95 86 
95 20 
95 22 
95 32 
95 85 
95 40 
95 59 
95 144 
95 5 
95 30 
95 60 
95 132 
95 13 
95 41 
95 51 
95 37 
95 103 
95 34 
95 130 
95 89 
96 115 
96 145 
96 122 
96 81 
96 99 
96 125 
96 111 
96 57 
96 136 
96 127 
96 77 
96 82 
96 62 
96 24 
96 117 
96 78 
96 83 
96 55 
96 51 
96 16 
96 13 
96 114 
96 50 
96 87 
96 131 
96 29 
96 108 
96 68 
96 1 
96 128 
96 60 
96 135 
96 110 
96 79 
96 20 
96 39 
96 147 
96 26 
96 33 
96 44 
96 129 
96 74 
96 52 
96 23 
96 32 
96 30 
96 97 
96 45 
97 141 
97 75 
97 12 
97 85 
97 67 
97 98 
97 10 
97 70 
97 77 
97 51 
97 99 
97 39 
97 127 
97 69 
97 100 
97 2 
97 40 
97 74 
97 59 
97 87 
97 44 
97 91 
97 61 
97 66 
97 38 
97 146 
97 60 
97 107 
97 105 
97 20 
97 42 
97 120 
97 115 
97 137 
97 130 
97 92 
97 111 
97 129 
97 46 
97 81 
97 34 
97 96 
98 120 
98 84 
98 109 
98 5 
98 147 
98 42 
98 26 
98 128 
98 97 
98 93 
98 72 
98 30 
98 88 
98 64 
98 127 
98 115 
98 70 
98 6 
98 138 
98 100 
98 3 
98 9 
98 112 
98 111 
98 117 
98 77 
98 67 
98 25 
98 45 
98 17 
98 52 
98 40 
98 126 
98 80 
98 13 
98 59 
98 27 
98 31 
98 114 
98 119 
98 105 
98 68 
98 123 
98 7 
98 37 
98 29 
98 1 
98 18 
98 135 
98 54 
98 87 
98 79 
98 19 
98 94 
98 146 
98 60 
98 20 
98 62 
99 82 
99 42 
99 115 
99 0 
99 34 
99 30 
99 72 
99 64 
99 96 
99 40 
99 55 
99 57 
99 38 
99 28 
99 97 
99 103 
99 92 
99 35 
99 145 
99 27 
99 76 
99 44 
99 84 
99 23 
99 111 
99 71 
99 135 
99 32 
99 118 
99 87 
99 136 
99 88 
99 79 
99 58 
99 138 
99 77 
99 59 
99 13 
99 9 
99 14 
99 47 
99 113 
99 80 
99 46 
99 127 
99 137 
99 48 
99 54 
99 18 
99 61 
99 62 
99 78 
100 71 
100 127 
100 26 
100 41 
100 7 
100 110 
100 1 
100 86 
100 17 
100 106 
100 139 
100 97 
100 73 
100 76 
100 114 
100 24 
100 115 
100 111 
100 91 
100 42 
100 98 
100 49 
100 19 
100 18 
100 124 
100 5 
100 80 
100 45 
100 89 
100 105 
100 62 
100 83 
100 93 
100 101 
100 131 
100 82 
100 29 
100 74 
100 50 
100 143 
100 36 
100 113 
100 35 
100 30 
100 132 
100 34 
100 28 
100 25 
100 146 
100 135 
101 87 
101 84 
101 92 
101 18 
101 60 
101 56 
101 1 
101 68 
101 34 
101 130 
101 39 
101 90 
101 108 
101 135 
101 128 
101 58 
101 137 
101 74 
101 65 
101 79 
101 110 
101 10 
101 146 
101 2 
101 73 
101 89 
101 41 
101 75 
101 82 
101 63 
101 4 
101 114 
101 77 
101 94 
101 100 
101 132 
101 147 
101 103 
101 45 
101 61 
101 91 
101 11 
101 42 
101 17 
101 122 
101 40 
101 6 
101 134 
101 115 
101 27 
101 106 
101 19 
101 16 
102 55 
102 5 
102 79 
102 81 
102 114 
102 10 
102 59 
102 63 
102 1 
102 141 
102 20 
102 8 
102 120 
102 113 
102 142 
102 6 
102 135 
102 87 
102 7 
102 115 
102 47 
102 146 
102 128 
102 25 
102 147 
102 37 
102 19 
102 2 
102 14 
102 116 
102 42 
102 31 
102 34 
102 50 
102 139 
102 39 
102 35 
102 86 
102 123 
102 127 
102 68 
102 133 
103 8 
103 36 
103 65 
103 22 
103 78 
103 41 
103 87 
103 0 
103 63 
103 47 
103 99 
103 143 
103 38 
103 46 
103 4 
103 30 
103 55 
103 31 
103 110 
103 101 
103 20 
103 13 
103 139 
103 74 
103 95 
103 62 
103 120 
103 57 
103 115 
103 79 
103 109 
103 83 
103 92 
103 75 
103 142 
104 21 
104 29 
104 89 
104 13 
104 69 
104 27 
104 36 
104 66 
104 139 
104 143 
104 87 
104 68 
104 113 
104 2 
104 144 
104 64 
104 52 
104 55 
104 31 
104 59 
104 16 
104 45 
104 70 
104 82 
104 78 
104 65 
104 48 
104 121 
104 60 
104 0 
104 6 
104 127 
104 28 
104 138 
104 114 
104 134 
104 9 
104 116 
104 115 
104 73 
104 51 
104 85 
104 145 
104 129 
104 32 
104 124 
105 63 
105 86 
105 14 
105 125 
105 55 
105 69 
105 123 
105 61 
105 41 
105 59 
105 106 
105 44 
105 3 
105 30 
105 146 
105 17 
105 34 
105 47 
105 80 
105 10 
105 52 
105 19 
105 120 
105 95 
105 11 
105 78 
105 91 
105 100 
105 108 
105 118 
105 98 
105 22 
105 132 
105 66 
105 97 
105 62 
105 21 
105 37 
105 107 
105 84 
105 127 
105 88 
105 136 
105 46 
105 31 
105 7 
105 122 
105 12 
105 134 
105 25 
105 70 
106 4 
106 134 
106 0 
106 28 
106 65 
106 46 
106 75 
106 17 
106 67 
106 12 
106 113 
106 23 
106 100 
106 109 
106 105 
106 2 
106 77 
106 107 
106 140 
106 6 
106 87 
106 124 
106 13 
106 21 
106 128 
106 47 
106 44 
106 93 
106 57 
106 89 
106 31 
106 135 
106 18 
106 15 
106 118 
106 136 
106 129 
106 101 
106 143 
106 25 
107 115 
107 5 
107 47 
107 94 
107 27 
107 13 
107 19 
107 51 
107 135 
107 37 
107 87 
107 79 
107 11 
107 53 
107 42 
107 18 
107 31 
107 2 
107 66 
107 106 
107 136 
107 45 
107 90 
107 120 
107 60 
107 73 
107 50 
107 6 
107 40 
107 74 
107 57 
107 113 
107 137 
107 15 
107 28 
107 83 
107 97 
107 105 
107 117 
107 114 
107 9 
107 59 
107 124 
108 29 
108 93 
108 27 
108 9 
108 80 
108 121 
108 13 
108 71 
108 117 
108 101 
108 36 
108 12 
108 143 
108 95 
108 119 
108 57 
108 75 
108 8 
108 135 
108 41 
108 24 
108 67 
108 86 
108 109 
108 83 
108 63 
108 52 
108 105 
108 96 
108 30 
108 81 
108 49 
108 64 
108 134 
108 62 
108 113 
108 35 
108 54 
108 124 
108 15 
108 142 
108 68 
108 26 
108 58 
108 2 
108 111 
109 81 
109 112 
109 35 
109 98 
109 31 
109 18 
109 54 
109 29 
109 4 
109 57 
109 10 
109 87 
109 106 
109 129 
109 84 
109 91 
109 64 
109 43 
109 27 
109 145 
109 66 
109 34 
109 127 
109 94 
109 108 
109 56 
109 32 
109 46 
109 67 
109 115 
109 33 
109 41 
109 103 
109 88 
109 79 
109 15 
109 44 
109 142 
110 85 
110 119 
110 2 
110 35 
110 56 
110 100 
110 87 
110 145 
110 101 
110 11 
110 45 
110 61 
110 53 
110 114 
110 88 
110 117 
110 141 
110 27 
110 67 
110 50 
110 40 
110 103 
110 134 
110 96 
110 111 
110 15 
110 0 
110 128 
110 7 
110 63 
110 26 
110 94 
110 58 
110 143 
110 6 
110 126 
110 84 
110 131 
110 144 
110 24 
110 37 
110 80 
111 112 
111 126 
111 131 
111 19 
111 52 
111 75 
111 9 
111 96 
111 123 
111 71 
111 88 
111 136 
111 85 
111 100 
111 51 
111 34 
111 98 
111 128 
111 2 
111 99 
111 76 
111 82 
111 33 
111 67 
111 8 
111 118 
111 38 
111 15 
111 24 
111 146 
111 143 
111 66 
111 110 
111 48 
111 142 
111 93 
111 11 
111 10 
111 137 
111 54 
111 81 
111 50 
111 32 
111 16 
111 78 
111 40 
111 86 
111 97 
111 62 
111 14 
111 108 
111 46 
112 19 
112 54 
112 141 
112 111 
112 79 
112 109 
112 125 
112 86 
112 95 
112 20 
112 145 
112 64 
112 73 
112 58 
112 87 
112 98 
112 127 
112 13 
112 39 
112 30 
112 22 
112 147 
112 51 
112 80 
112 27 
112 84 
112 18 
112 47 
112 74 
112 89 
112 78 
112 12 
112 15 
112 52 
112 143 
112 139 
112 146 
113 75 
113 12 
113 147 
113 15 
113 140 
113 146 
113 18 
113 31 
113 125 
113 88 
113 106 
113 102 
113 36 
113 57 
113 90 
113 126 
113 89 
113 104 
113 27 
113 35 
113 107 
113 124 
113 25 
113 69 
113 56 
113 19 
113 22 
113 94 
113 50 
113 108 
113 100 
113 134 
113 66 
113 99 
113 67 
113 60 
113 76 
113 79 
113 68 
113 129 
113 65 
113 81 
114 17 
114 127 
114 45 
114 102 
114 147 
114 62 
114 74 
114 31 
114 38 
114 22 
114 49 
114 36 
114 100 
114 93 
114 50 
114 32 
114 28 
114 110 
114 96 
114 66 
114 146 
114 61 
114 101 
114 136 
114 48 
114 98 
114 30 
114 129 
114 115 
114 0 
114 91 
114 1 
114 2 
114 122 
114 24 
114 104 
114 43 
114 85 
114 52 
114 27 
114 20 
114 78 
114 87 
114 11 
114 69 
114 118 
114 25 
114 15 
114 120 
114 92 
114 126 
114 46 
114 107 
114 39 
114 81 
115 65 
115 99 
115 96 
115 33 
115 74 
115 29 
115 107 
115 127 
115 83 
115 133 
115 63 
115 75 
115 19 
115 88 
115 91 
115 85 
115 69 
115 68 
115 98 
115 87 
115 43 
115 100 
115 32 
115 102 
115 28 
115 21 
115 6 
115 132 
115 78 
115 130 
115 117 
115 60 
115 56 
115 114 
115 1 
115 142 
115 134 
115 36 
115 31 
115 135 
115 52 
115 16 
115 128 
115 109 
115 103 
115 97 
115 104 
115 90 
115 50 
115 101 
115 54 
115 129 
116 145 
116 42 
116 19 
116 78 
116 94 
116 15 
116 129 
116 91 
116 88 
116 122 
116 36 
116 50 
116 58 
116 21 
116 54 
116 46 
116 136 
116 83 
116 37 
116 32 
116 73 
116 41 
116 72 
116 86 
116 102 
116 90 
116 34 
116 47 
116 62 
116 55 
116 71 
116 139 
116 137 
116 10 
116 17 
116 67 
116 39 
116 59 
116 123 
116 104 
116 117 
116 126 
116 5 
116 6 
116 74 
116 77 
116 52 
117 93 
117 125 
117 32 
117 51 
117 140 
117 70 
117 1 
117 146 
117 131 
117 145 
117 78 
117 108 
117 5 
117 81 
117 67 
117 41 
117 0 
117 60 
117 96 
117 136 
117 86 
117 98 
117 15 
117 138 
117 74 
117 141 
117 110 
117 89 
117 80 
117 4 
117 115 
117 75 
117 55 
117 33 
117 36 
117 53 
117 92 
117 107 
117 116 
117 77 
117 34 
117 38 
117 94 
118 67 
118 94 
118 24 
118 91 
118 35 
118 121 
118 139 
118 16 
118 92 
118 62 
118 63 
118 10 
118 77 
118 143 
118 73 
118 21 
118 135 
118 93 
118 88 
118 111 
118 99 
118 12 
118 68 
118 105 
118 15 
118 86 
118 71 
118 133 
118 114 
118 106 
118 90 
118 42 
118 26 
119 110 
119 50 
119 54 
119 24 
119 135 
119 95 
119 6 
119 129 
119 108 
119 122 
119 7 
119 138 
119 120 
119 9 
119 61 
119 127 
119 139 
119 82 
119 121 
119 131 
119 98 
119 94 
119 56 
119 140 
119 132 
119 36 
119 126 
119 144 
119 41 
119 12 
119 62 
119 65 
119 72 
119 77 
119 16 
119 130 
120 83 
120 143 
120 66 
120 98 
120 74 
120 79 
120 9 
120 135 
120 87 
120 15 
120 68 
120 59 
120 17 
120 43 
120 18 
120 124 
120 56 
120 84 
120 102 
120 0 
120 77 
120 19 
120 8 
120 53 
120 142 
120 70 
120 128 
120 119 
120 105 
120 107 
120 88 
120 141 
120 38 
120 45 
120 37 
120 46 
120 103 
120 125 
120 97 
120 80 
120 58 
120 114 
120 20 
120 41 
120 14 
120 34 
120 129 
120 24 
121 134 
121 92 
121 118 
121 131 
121 75 
121 17 
121 3 
121 108 
121 29 
121 80 
121 47 
121 10 
121 60 
121 30 
121 36 
121 25 
121 78 
121 50 
121 48 
121 145 
121 19 
121 87 
121 119 
121 63 
121 104 
121 138 
121 123 
121 141 
121 28 
121 14 
121 135 
121 68 
121 32 
121 11 
121 59 
121 27 
121 127 
121 130 
121 64 
122 52 
122 12 
122 125 
122 62 
122 136 
122 96 
122 85 
122 123 
122 78 
122 128 
122 47 
122 19 
122 14 
122 132 
122 5 
122 26 
122 20 
122 92 
122 51 
122 95 
122 116 
122 6 
122 89 
122 91 
122 130 
122 119 
122 82 
122 48 
122 59 
122 2 
122 70 
122 33 
122 44 
122 38 
122 77 
122 114 
122 88 
122 30 
122 147 
122 83 
122 137 
122 28 
122 101 
122 58 
122 56 
122 105 
122 57 
122 94 
123 41 
123 13 
123 90 
123 122 
123 105 
123 137 
123 60 
123 11 
123 126 
123 111 
123 54 
123 34 
123 24 
123 135 
123 44 
123 124 
123 50 
123 39 
123 87 
123 56 
123 21 
123 145 
123 132 
123 84 
123 88 
123 98 
123 136 
123 121 
123 130 
123 64 
123 76 
123 46 
123 27 
123 116 
123 15 
123 102 
123 91 
123 35 
123 72 
123 29 
123 67 
123 81 
123 58 
123 146 
124 25 
124 4 
124 141 
124 28 
124 90 
124 54 
124 120 
124 53 
124 147 
124 142 
124 93 
124 139 
124 35 
124 76 
124 60 
124 123 
124 22 
124 57 
124 72 
124 100 
124 69 
124 0 
124 70 
124 87 
124 20 
124 34 
124 113 
124 106 
124 126 
124 134 
124 138 
124 85 
124 36 
124 42 
124 5 
124 92 
124 108 
124 94 
124 125 
124 136 
124 24 
124 104 
124 107 
124 133 
125 146 
125 117 
125 105 
125 122 
125 144 
125 112 
125 136 
125 70 
125 113 
125 77 
125 51 
125 57 
125 96 
125 65 
125 42 
125 38 
125 2 
125 29 
125 74 
125 56 
125 53 
125 5 
125 75 
125 88 
125 11 
125 45 
125 1 
125 80 
125 62 
125 132 
125 87 
125 133 
125 130 
125 84 
125 120 
125 32 
125 124 
125 12 
126 66 
126 64 
126 111 
126 145 
126 12 
126 48 
126 63 
126 146 
126 123 
126 2 
126 142 
126 141 
126 6 
126 16 
126 72 
126 50 
126 33 
126 113 
126 17 
126 136 
126 78 
126 98 
126 36 
126 56 
126 124 
126 58 
126 130 
126 127 
126 30 
126 0 
126 77 
126 71 
126 4 
126 119 
126 61 
126 26 
126 53 
126 116 
126 110 
126 135 
126 89 
126 62 
126 114 
126 70 
127 114 
127 66 
127 100 
127 140 
127 87 
127 135 
127 115 
127 15 
127 53 
127 31 
127 64 
127 13 
127 55 
127 144 
127 97 
127 70 
127 96 
127 98 
127 72 
127 60 
127 26 
127 6 
127 112 
127 138 
127 119 
127 63 
127 8 
127 4 
127 109 
127 14 
127 126 
127 19 
127 9 
127 24 
127 104 
127 92 
127 78 
127 37 
127 2 
127 136 
127 1 
127 90 
127 59 
127 105 
127 48 
127 139 
127 7 
127 99 
127 102 
127 80 
127 133 
127 45 
127 121 
128 139 
128 94 
128 64 
128 20 
128 146 
128 122 
128 84 
128 98 
128 37 
128 66 
128 101 
128 72 
128 57 
128 137 
128 120 
128 102 
128 9 
128 7 
128 111 
128 82 
128 26 
128 31 
128 95 
128 62 
128 3 
128 38 
128 36 
128 90 
128 96 
128 106 
128 40 
128 74 
128 1 
128 110 
128 81 
128 115 
128 144 
128 14 
128 35 
128 50 
128 33 
128 51 
128 67 
128 131 
128 83 
128 34 
128 59 
129 90 
129 135 
129 92 
129 9 
129 132 
129 54 
129 116 
129 95 
129 26 
129 18 
129 130 
129 62 
129 47 
129 109 
129 119 
129 93 
129 52 
129 82 
129 15 
129 46 
129 21 
129 49 
129 88 
129 17 
129 145 
129 5 
129 136 
129 114 
129 53 
129 57 
129 63 
129 78 
129 41 
129 19 
129 75 
129 48 
129 40 
129 25 
129 96 
129 72 
129 139 
129 104 
129 3 
129 113 
129 97 
129 10 
129 106 
129 115 
129 120 
129 34 
129 66 
130 34 
130 80 
130 67 
130 62 
130 33 
130 101 
130 47 
130 41 
130 129 
130 44 
130 56 
130 85 
130 38 
130 76 
130 122 
130 39 
130 138 
130 53 
130 66 
130 115 
130 45 
130 70 
130 2 
130 126 
130 140 
130 139 
130 123 
130 1 
130 78 
130 86 
130 61 
130 125 
130 29 
130 10 
130 9 
130 68 
130 35 
130 11 
130 97 
130 13 
130 60 
130 37 
130 146 
130 144 
130 64 
130 121 
130 119 
130 59 
130 95 
130 24 
131 46 
131 68 
131 64 
131 111 
131 1 
131 19 
131 42 
131 117 
131 121 
131 140 
131 74 
131 48 
131 87 
131 12 
131 32 
131 85 
131 145 
131 14 
131 67 
131 63 
131 43 
131 141 
131 51 
131 96 
131 59 
131 119 
131 57 
131 100 
131 77 
131 93 
131 29 
131 0 
131 34 
131 133 
131 10 
131 28 
131 136 
131 76 
131 110 
131 72 
131 128 
131 58 
131 41 
131 54 
131 39 
132 141 
132 55 
132 12 
132 129 
132 144 
132 16 
132 45 
132 122 
132 136 
132 72 
132 32 
132 35 
132 42 
132 6 
132 70 
132 49 
132 65 
132 8 
132 137 
132 79 
132 115 
132 123 
132 24 
132 48 
132 101 
132 125 
132 105 
132 18 
132 95 
132 146 
132 28 
132 46 
132 119 
132 27 
132 138 
132 139 
132 67 
132 57 
132 100 
132 2 
133 73 
133 134 
133 28 
133 115 
133 4 
133 23 
133 26 
133 24 
133 8 
133 89 
133 39 
133 0 
133 139 
133 78 
133 135 
133 144 
133 22 
133 84 
133 43 
133 13 
133 75 
133 125 
133 20 
133 47 
133 140 
133 54 
133 131 
133 59 
133 49 
133 118 
133 41 
133 83 
133 27 
133 9 
133 141 
133 35 
133 127 
133 94 
133 60 
133 102 
133 124 
134 43 
134 133 
134 121 
134 6 
134 62 
134 106 
134 14 
134 72 
134 81 
134 24 
134 29 
134 23 
134 36 
134 47 
134 143 
134 38 
134 33 
134 63 
134 83 
134 87 
134 50 
134 65 
134 93 
134 66 
134 124 
134 61 
134 115 
134 110 
134 53 
134 27 
134 108 
134 104 
134 140 
134 113 
134 71 
134 13 
134 0 
134 57 
134 90 
134 56 
134 79 
134 101 
134 105 
135 52 
135 129 
135 120 
135 127 
135 95 
135 50 
135 119 
135 40 
135 13 
135 137 
135 107 
135 82 
135 101 
135 11 
135 93 
135 138 
135 92 
135 102 
135 123 
135 21 
135 133 
135 44 
135 18 
135 94 
135 108 
135 25 
135 86 
135 3 
135 118 
135 99 
135 43 
135 66 
135 47 
135 30 
135 14 
135 29 
135 19 
135 96 
135 78 
135 53 
135 115 
135 69 
135 145 
135 98 
135 35 
135 121 
135 106 
135 126 
135 84 
135 1 
135 64 
135 73 
135 100 
136 32 
136 67 
136 122 
136 125 
136 43 
136 3 
136 90 
136 89 
136 132 
136 77 
136 147 
136 49 
136 96 
136 111 
136 51 
136 48 
136 117 
136 8 
136 107 
136 126 
136 72 
136 21 
136 36 
136 116 
136 66 
136 44 
136 114 
136 99 
136 83 
136 86 
136 129 
136 6 
136 5 
136 123 
136 59 
136 73 
136 16 
136 127 
136 31 
136 79 
136 52 
136 143 
136 141 
136 64 
136 131 
136 11 
136 14 
136 105 
136 15 
136 142 
136 106 
136 75 
136 10 
136 124 
136 45 
136 25 
137 13 
137 20 
137 40 
137 55 
137 5 
137 14 
137 71 
137 36 
137 48 
137 23 
137 61 
137 31 
137 123 
137 73 
137 135 
137 140 
137 86 
137 101 
137 147 
137 74 
137 128 
137 28 
137 47 
137 12 
137 3 
137 132 
137 24 
137 138 
137 107 
137 88 
137 44 
137 21 
137 26 
137 4 
137 22 
137 116 
137 77 
137 111 
137 69 
137 122 
137 84 
137 97 
137 99 
137 64 
137 87 
138 33 
138 141 
138 146 
138 135 
138 3 
138 67 
138 98 
138 91 
138 86 
138 119 
138 20 
138 139 
138 93 
138 127 
138 34 
138 84 
138 130 
138 117 
138 56 
138 137 
138 124 
138 17 
138 121 
138 92 
138 51 
138 104 
138 99 
138 132 
138 24 
138 85 
138 8 
138 64 
139 128 
139 61 
139 13 
139 34 
139 80 
139 118 
139 53 
139 72 
139 133 
139 100 
139 68 
139 124 
139 33 
139 95 
139 104 
139 0 
139 138 
139 20 
139 37 
139 119 
139 30 
139 17 
139 140 
139 84 
139 71 
139 59 
139 51 
139 130 
139 75 
139 116 
139 102 
139 48 
139 103 
139 89 
139 132 
139 19 
139 127 
139 129 
139 26 
139 112 
140 94 
140 55 
140 113 
140 42 
140 127 
140 117 
140 14 
140 2 
140 131 
140 137 
140 19 
140 10 
140 58 
140 16 
140 40 
140 0 
140 86 
140 106 
140 85 
140 6 
140 31 
140 5 
140 67 
140 45 
140 75 
140 79 
140 147 
140 139 
140 83 
140 130 
140 34 
140 59 
140 17 
140 12 
140 48 
140 37 
140 119 
140 74 
140 133 
140 134 
140 20 
140 61 
140 72 
140 38 
140 4 
140 11 
140 82 
140 76 
140 39 
140 84 
141 97 
141 112 
141 132 
141 138 
141 29 
141 124 
141 42 
141 24 
141 22 
141 102 
141 46 
141 126 
141 32 
141 51 
141 1 
141 47 
141 6 
141 40 
141 90 
141 55 
141 120 
141 117 
141 110 
141 37 
141 131 
141 70 
141 3 
141 43 
141 80 
141 15 
141 82 
141 0 
141 143 
141 31 
141 27 
141 121 
141 49 
141 136 
141 45 
141 28 
141 81 
141 133 
141 2 
141 61 
142 41 
142 36 
142 72 
142 53 
142 29 
142 24 
142 14 
142 59 
142 126 
142 89 
142 124 
142 102 
142 11 
142 146 
142 16 
142 120 
142 58 
142 85 
142 95 
142 38 
142 147 
142 84 
142 51 
142 93 
142 115 
142 56 
142 10 
142 2 
142 90 
142 30 
142 111 
142 64 
142 108 
142 27 
142 6 
142 18 
142 136 
142 103 
142 1 
142 3 
142 21 
142 69 
142 109 
143 69 
143 120 
143 6 
143 7 
143 2 
143 11 
143 12 
143 59 
143 44 
143 81 
143 134 
143 52 
143 108 
143 103 
143 104 
143 15 
143 77 
143 118 
143 66 
143 93 
143 87 
143 47 
143 145 
143 71 
143 144 
143 17 
143 92 
143 27 
143 58 
143 111 
143 40 
143 141 
143 85 
143 100 
143 75 
143 62 
143 136 
143 9 
143 110 
143 112 
143 146 
143 106 
143 70 
144 41 
144 125 
144 132 
144 2 
144 29 
144 21 
144 127 
144 12 
144 61 
144 87 
144 88 
144 47 
144 133 
144 104 
144 78 
144 143 
144 91 
144 55 
144 10 
144 95 
144 80 
144 54 
144 67 
144 77 
144 81 
144 119 
144 69 
144 128 
144 83 
144 70 
144 24 
144 64 
144 110 
144 52 
144 0 
144 30 
144 57 
144 130 
144 35 
145 116 
145 96 
145 31 
145 35 
145 126 
145 59 
145 64 
145 2 
145 90 
145 93 
145 85 
145 117 
145 112 
145 110 
145 73 
145 68 
145 131 
145 30 
145 10 
145 26 
145 41 
145 99 
145 146 
145 63 
145 12 
145 109 
145 32 
145 121 
145 39 
145 33 
145 123 
145 143 
145 77 
145 34 
145 129 
145 57 
145 135 
145 9 
145 7 
145 14 
145 104 
145 55 
145 43 
145 70 
145 1 
145 80 
146 125 
146 34 
146 87 
146 64 
146 113 
146 128 
146 84 
146 117 
146 138 
146 11 
146 58 
146 126 
146 23 
146 48 
146 83 
146 142 
146 8 
146 105 
146 67 
146 89 
146 101 
146 102 
146 145 
146 69 
146 114 
146 24 
146 86 
146 18 
146 44 
146 76 
146 60 
146 97 
146 40 
146 111 
146 17 
146 7 
146 132 
146 29 
146 9 
146 49 
146 21 
146 75 
146 79 
146 38 
146 30 
146 98 
146 93 
146 130 
146 143 
146 6 
146 112 
146 100 
146 123 
147 33 
147 113 
147 114 
147 62 
147 98 
147 39 
147 124 
147 136 
147 37 
147 61 
147 47 
147 50 
147 46 
147 137 
147 54 
147 48 
147 40 
147 74 
147 56 
147 93 
147 102 
147 90 
147 112 
147 28 
147 142 
147 140 
147 53 
147 70 
147 101 
147 94 
147 20 
147 84 
147 92 
147 96 
147 8 
147 122 
147 57 
147 21 
147 24 
147 85 
147 66 
147 6 
147 79 
147 72 
