0 43 
0 62 
0 28 
0 12 
0 3 
0 66 
0 14 
0 120 
0 92 
0 91 
0 107 
0 86 
0 128 
0 132 
0 15 
0 37 
0 105 
0 100 
1 110 
1 134 
1 118 
1 10 
1 138 
1 104 
1 124 
1 49 
1 34 
1 33 
1 101 
1 21 
1 91 
2 96 
2 112 
2 74 
2 25 
2 35 
2 99 
2 60 
2 138 
2 70 
2 85 
2 52 
2 83 
2 69 
3 8 
3 42 
3 23 
3 21 
3 107 
3 136 
3 0 
3 90 
3 80 
3 110 
3 114 
3 105 
3 43 
4 22 
4 95 
4 94 
4 91 
4 29 
4 6 
4 53 
4 87 
4 79 
4 66 
4 118 
4 48 
4 137 
4 88 
4 36 
5 62 
5 70 
5 122 
5 107 
5 58 
5 130 
5 25 
5 67 
5 121 
5 111 
5 31 
6 89 
6 101 
6 83 
6 90 
6 94 
6 10 
6 118 
6 4 
6 104 
6 79 
6 85 
7 73 
7 62 
7 85 
7 54 
7 129 
7 99 
7 138 
7 35 
7 124 
7 40 
7 112 
7 80 
7 125 
7 95 
7 31 
7 117 
7 78 
8 3 
8 58 
8 80 
8 34 
8 14 
8 96 
8 87 
8 15 
8 130 
8 12 
8 120 
9 42 
9 119 
9 55 
9 16 
9 39 
9 105 
9 73 
9 10 
9 57 
9 19 
9 13 
9 64 
9 116 
9 60 
10 115 
10 72 
10 1 
10 102 
10 37 
10 17 
10 6 
10 49 
10 25 
10 88 
10 100 
10 58 
10 9 
10 12 
10 32 
10 57 
10 38 
10 54 
10 81 
11 31 
11 44 
11 73 
11 90 
11 114 
11 111 
11 89 
11 98 
11 137 
11 54 
11 104 
11 58 
12 99 
12 56 
12 32 
12 0 
12 34 
12 123 
12 98 
12 121 
12 137 
12 8 
12 129 
12 10 
12 54 
13 61 
13 62 
13 24 
13 23 
13 112 
13 27 
13 9 
13 99 
13 109 
13 77 
13 119 
14 35 
14 69 
14 8 
14 41 
14 0 
14 118 
14 102 
14 37 
14 81 
14 115 
14 47 
15 129 
15 139 
15 46 
15 60 
15 87 
15 120 
15 35 
15 8 
15 44 
15 132 
15 92 
15 0 
15 107 
15 134 
15 42 
15 71 
16 57 
16 21 
16 102 
16 97 
16 45 
16 67 
16 76 
16 9 
16 129 
16 59 
16 87 
16 115 
16 90 
16 136 
16 104 
17 96 
17 119 
17 97 
17 27 
17 112 
17 10 
17 100 
17 31 
17 128 
17 51 
17 95 
17 47 
18 35 
18 106 
18 139 
18 124 
18 100 
18 32 
18 33 
18 96 
18 118 
18 21 
18 120 
18 24 
18 77 
19 137 
19 130 
19 43 
19 109 
19 53 
19 73 
19 48 
19 23 
19 69 
19 90 
19 101 
19 9 
20 78 
20 27 
20 93 
20 92 
20 23 
20 73 
20 82 
20 68 
20 40 
20 105 
20 67 
20 50 
20 21 
20 121 
20 100 
21 16 
21 112 
21 49 
21 86 
21 41 
21 3 
21 103 
21 139 
21 95 
21 50 
21 18 
21 1 
21 85 
21 33 
21 20 
21 56 
21 71 
21 61 
21 116 
21 87 
22 4 
22 55 
22 122 
22 79 
22 69 
22 131 
22 44 
22 80 
22 106 
22 77 
22 82 
22 115 
22 74 
22 71 
22 86 
22 65 
22 56 
22 103 
23 106 
23 56 
23 89 
23 3 
23 139 
23 69 
23 79 
23 13 
23 20 
23 133 
23 46 
23 19 
23 25 
23 60 
24 31 
24 110 
24 53 
24 13 
24 109 
24 46 
24 139 
24 45 
24 18 
24 82 
25 35 
25 51 
25 2 
25 27 
25 107 
25 88 
25 10 
25 5 
25 23 
25 53 
25 42 
25 58 
25 37 
26 139 
26 129 
26 138 
26 97 
26 136 
26 38 
26 132 
26 137 
26 51 
26 70 
26 33 
27 104 
27 32 
27 20 
27 112 
27 98 
27 25 
27 17 
27 69 
27 41 
27 120 
27 55 
27 13 
27 83 
27 115 
28 71 
28 0 
28 108 
28 101 
28 124 
28 79 
28 96 
28 81 
28 65 
28 138 
28 121 
28 77 
28 34 
29 86 
29 64 
29 37 
29 132 
29 38 
29 70 
29 4 
29 93 
29 71 
29 78 
29 63 
30 84 
30 50 
30 35 
30 127 
30 107 
30 46 
31 11 
31 24 
31 128 
31 53 
31 102 
31 127 
31 65 
31 70 
31 64 
31 17 
31 56 
31 7 
31 45 
31 88 
31 106 
31 5 
32 37 
32 123 
32 27 
32 12 
32 135 
32 18 
32 108 
32 76 
32 138 
32 69 
32 106 
32 10 
32 68 
33 68 
33 40 
33 139 
33 50 
33 18 
33 85 
33 88 
33 123 
33 1 
33 21 
33 54 
33 98 
33 26 
34 39 
34 138 
34 132 
34 12 
34 8 
34 49 
34 68 
34 61 
34 65 
34 134 
34 82 
34 108 
34 54 
34 1 
34 44 
34 35 
34 28 
34 139 
35 123 
35 25 
35 14 
35 18 
35 70 
35 133 
35 2 
35 60 
35 30 
35 15 
35 93 
35 73 
35 55 
35 7 
35 92 
35 53 
35 135 
35 42 
35 34 
35 114 
36 135 
36 112 
36 47 
36 71 
36 63 
36 105 
36 4 
37 32 
37 120 
37 29 
37 70 
37 51 
37 10 
37 96 
37 135 
37 14 
37 65 
37 38 
37 116 
37 0 
37 25 
38 46 
38 29 
38 48 
38 26 
38 90 
38 69 
38 129 
38 70 
38 111 
38 59 
38 10 
38 37 
39 34 
39 49 
39 63 
39 47 
39 105 
39 69 
39 99 
39 9 
39 70 
39 100 
39 101 
39 131 
39 124 
40 58 
40 83 
40 100 
40 33 
40 70 
40 52 
40 89 
40 20 
40 7 
40 103 
40 54 
40 134 
40 42 
40 44 
40 102 
41 106 
41 83 
41 21 
41 74 
41 137 
41 111 
41 44 
41 99 
41 77 
41 27 
41 14 
41 81 
41 61 
41 76 
41 60 
41 123 
41 128 
41 131 
41 80 
42 47 
42 3 
42 84 
42 75 
42 54 
42 9 
42 56 
42 137 
42 57 
42 134 
42 40 
42 25 
42 35 
42 15 
43 0 
43 95 
43 19 
43 117 
43 47 
43 129 
43 124 
43 125 
43 3 
43 111 
43 131 
44 84 
44 133 
44 11 
44 22 
44 41 
44 66 
44 102 
44 15 
44 40 
44 34 
44 105 
44 68 
44 77 
44 120 
44 55 
44 46 
45 92 
45 93 
45 103 
45 89 
45 51 
45 16 
45 132 
45 98 
45 73 
45 84 
45 90 
45 31 
45 139 
45 49 
45 24 
45 60 
45 81 
46 15 
46 38 
46 122 
46 80 
46 77 
46 112 
46 102 
46 75 
46 91 
46 130 
46 55 
46 24 
46 59 
46 30 
46 23 
46 64 
46 58 
46 125 
46 65 
46 63 
46 44 
47 87 
47 67 
47 42 
47 108 
47 66 
47 93 
47 137 
47 39 
47 127 
47 36 
47 70 
47 92 
47 43 
47 115 
47 17 
47 14 
47 136 
48 114 
48 70 
48 125 
48 90 
48 86 
48 38 
48 19 
48 62 
48 138 
48 99 
48 50 
48 4 
49 21 
49 39 
49 109 
49 57 
49 136 
49 34 
49 133 
49 132 
49 111 
49 10 
49 60 
49 70 
49 125 
49 80 
49 1 
49 45 
49 81 
50 76 
50 111 
50 30 
50 114 
50 33 
50 52 
50 54 
50 92 
50 21 
50 20 
50 129 
50 48 
50 134 
51 81 
51 89 
51 114 
51 136 
51 37 
51 45 
51 25 
51 104 
51 17 
51 90 
51 26 
51 126 
51 125 
52 81 
52 130 
52 134 
52 56 
52 40 
52 50 
52 71 
52 131 
52 62 
52 2 
53 24 
53 134 
53 127 
53 31 
53 19 
53 4 
53 93 
53 68 
53 110 
53 35 
53 25 
53 112 
53 131 
53 133 
53 132 
54 122 
54 74 
54 119 
54 7 
54 93 
54 42 
54 92 
54 50 
54 81 
54 57 
54 133 
54 34 
54 40 
54 109 
54 33 
54 117 
54 11 
54 10 
54 12 
54 118 
55 22 
55 94 
55 133 
55 119 
55 35 
55 125 
55 71 
55 46 
55 27 
55 67 
55 9 
55 112 
55 44 
55 123 
56 118 
56 23 
56 12 
56 116 
56 79 
56 93 
56 78 
56 106 
56 52 
56 42 
56 104 
56 122 
56 31 
56 105 
56 132 
56 21 
56 22 
57 16 
57 49 
57 66 
57 92 
57 77 
57 102 
57 106 
57 54 
57 42 
57 78 
57 9 
57 93 
57 60 
57 10 
57 110 
58 119 
58 90 
58 40 
58 73 
58 106 
58 8 
58 110 
58 134 
58 138 
58 5 
58 10 
58 46 
58 74 
58 108 
58 25 
58 11 
59 86 
59 135 
59 16 
59 46 
59 38 
59 77 
59 121 
59 70 
59 103 
59 94 
60 91 
60 135 
60 97 
60 102 
60 15 
60 136 
60 85 
60 67 
60 35 
60 2 
60 49 
60 66 
60 93 
60 41 
60 62 
60 23 
60 57 
60 110 
60 99 
60 65 
60 45 
60 9 
61 13 
61 68 
61 34 
61 70 
61 76 
61 41 
61 62 
61 135 
61 93 
61 139 
61 21 
61 119 
62 5 
62 7 
62 0 
62 123 
62 88 
62 13 
62 65 
62 84 
62 93 
62 115 
62 52 
62 131 
62 48 
62 61 
62 60 
62 121 
63 39 
63 139 
63 122 
63 36 
63 114 
63 96 
63 46 
63 29 
64 115 
64 122 
64 97 
64 29 
64 105 
64 91 
64 68 
64 137 
64 31 
64 84 
64 46 
64 85 
64 9 
64 118 
65 111 
65 95 
65 92 
65 113 
65 62 
65 34 
65 87 
65 31 
65 37 
65 28 
65 46 
65 60 
65 22 
66 76 
66 47 
66 57 
66 0 
66 44 
66 125 
66 60 
66 124 
66 71 
66 4 
66 96 
67 47 
67 98 
67 84 
67 130 
67 60 
67 16 
67 106 
67 55 
67 70 
67 94 
67 20 
67 86 
67 5 
67 69 
67 97 
67 68 
68 76 
68 33 
68 79 
68 114 
68 127 
68 101 
68 64 
68 61 
68 34 
68 134 
68 20 
68 83 
68 87 
68 53 
68 44 
68 67 
68 32 
68 98 
68 90 
69 99 
69 125 
69 22 
69 14 
69 23 
69 110 
69 39 
69 27 
69 121 
69 38 
69 136 
69 92 
69 80 
69 19 
69 32 
69 67 
69 117 
69 82 
69 2 
70 48 
70 37 
70 94 
70 35 
70 5 
70 114 
70 40 
70 29 
70 75 
70 80 
70 31 
70 2 
70 49 
70 67 
70 103 
70 47 
70 61 
70 38 
70 39 
70 88 
70 59 
70 26 
71 28 
71 82 
71 117 
71 79 
71 55 
71 52 
71 66 
71 36 
71 22 
71 29 
71 123 
71 114 
71 21 
71 105 
71 75 
71 15 
72 10 
72 109 
72 101 
72 91 
72 106 
72 93 
72 78 
72 74 
73 7 
73 58 
73 101 
73 11 
73 20 
73 45 
73 35 
73 19 
73 9 
73 126 
73 104 
74 102 
74 88 
74 54 
74 2 
74 41 
74 126 
74 22 
74 107 
74 105 
74 58 
74 132 
74 72 
75 77 
75 42 
75 89 
75 80 
75 70 
75 46 
75 136 
75 110 
75 102 
75 71 
76 68 
76 50 
76 66 
76 110 
76 16 
76 32 
76 61 
76 41 
76 117 
76 92 
77 136 
77 75 
77 46 
77 57 
77 41 
77 22 
77 120 
77 85 
77 59 
77 44 
77 13 
77 18 
77 28 
78 20 
78 137 
78 56 
78 83 
78 91 
78 89 
78 57 
78 120 
78 7 
78 29 
78 72 
79 22 
79 56 
79 68 
79 23 
79 71 
79 28 
79 95 
79 6 
79 4 
80 8 
80 46 
80 75 
80 132 
80 22 
80 70 
80 49 
80 3 
80 69 
80 7 
80 41 
80 119 
81 52 
81 51 
81 106 
81 82 
81 54 
81 41 
81 107 
81 96 
81 14 
81 28 
81 119 
81 127 
81 49 
81 10 
81 45 
82 126 
82 71 
82 81 
82 136 
82 20 
82 22 
82 99 
82 34 
82 119 
82 69 
82 24 
83 40 
83 111 
83 41 
83 123 
83 6 
83 106 
83 78 
83 132 
83 68 
83 89 
83 27 
83 133 
83 2 
83 126 
84 97 
84 44 
84 67 
84 42 
84 30 
84 134 
84 62 
84 45 
84 98 
84 119 
84 64 
84 125 
84 135 
85 7 
85 60 
85 100 
85 102 
85 93 
85 133 
85 92 
85 2 
85 33 
85 77 
85 21 
85 99 
85 64 
85 6 
86 29 
86 134 
86 114 
86 59 
86 21 
86 97 
86 48 
86 67 
86 122 
86 0 
86 22 
86 107 
86 91 
86 120 
86 125 
86 115 
87 47 
87 15 
87 137 
87 88 
87 91 
87 106 
87 8 
87 65 
87 136 
87 68 
87 16 
87 4 
87 113 
87 21 
88 74 
88 62 
88 87 
88 25 
88 103 
88 10 
88 33 
88 70 
88 31 
88 102 
88 4 
89 6 
89 51 
89 23 
89 45 
89 75 
89 40 
89 100 
89 11 
89 83 
89 78 
89 111 
90 58 
90 125 
90 100 
90 112 
90 11 
90 48 
90 6 
90 119 
90 38 
90 3 
90 45 
90 99 
90 19 
90 51 
90 16 
90 68 
91 60 
91 4 
91 87 
91 64 
91 46 
91 78 
91 101 
91 72 
91 0 
91 124 
91 114 
91 112 
91 137 
91 1 
91 86 
91 127 
92 45 
92 20 
92 57 
92 65 
92 54 
92 85 
92 35 
92 0 
92 50 
92 136 
92 47 
92 69 
92 15 
92 76 
92 110 
93 113 
93 126 
93 45 
93 20 
93 116 
93 114 
93 56 
93 47 
93 54 
93 85 
93 35 
93 62 
93 94 
93 53 
93 29 
93 131 
93 72 
93 60 
93 57 
93 104 
93 61 
94 121 
94 126 
94 4 
94 55 
94 112 
94 70 
94 6 
94 96 
94 111 
94 127 
94 67 
94 93 
94 59 
94 128 
95 115 
95 65 
95 43 
95 4 
95 114 
95 107 
95 97 
95 21 
95 134 
95 79 
95 7 
95 17 
96 17 
96 2 
96 130 
96 8 
96 94 
96 37 
96 120 
96 18 
96 135 
96 81 
96 28 
96 63 
96 66 
97 84 
97 64 
97 60 
97 26 
97 16 
97 17 
97 86 
97 95 
97 103 
97 123 
97 108 
97 67 
97 134 
98 113 
98 67 
98 138 
98 27 
98 123 
98 133 
98 12 
98 45 
98 84 
98 11 
98 33 
98 68 
99 69 
99 12 
99 7 
99 116 
99 2 
99 41 
99 39 
99 82 
99 101 
99 90 
99 48 
99 85 
99 13 
99 60 
100 40 
100 90 
100 85 
100 18 
100 124 
100 17 
100 111 
100 89 
100 10 
100 118 
100 39 
100 20 
100 0 
101 129 
101 6 
101 73 
101 68 
101 28 
101 134 
101 91 
101 72 
101 99 
101 1 
101 19 
101 121 
101 39 
102 74 
102 60 
102 16 
102 130 
102 10 
102 123 
102 85 
102 46 
102 57 
102 104 
102 31 
102 44 
102 14 
102 103 
102 127 
102 88 
102 40 
102 75 
103 45 
103 21 
103 118 
103 97 
103 88 
103 132 
103 124 
103 70 
103 102 
103 40 
103 59 
103 122 
103 22 
104 27 
104 106 
104 51 
104 102 
104 119 
104 56 
104 1 
104 6 
104 134 
104 115 
104 93 
104 16 
104 11 
104 73 
105 135 
105 64 
105 112 
105 39 
105 133 
105 20 
105 9 
105 134 
105 74 
105 44 
105 56 
105 3 
105 36 
105 0 
105 71 
105 126 
106 41 
106 23 
106 104 
106 58 
106 111 
106 81 
106 127 
106 18 
106 83 
106 87 
106 56 
106 135 
106 116 
106 57 
106 67 
106 22 
106 72 
106 32 
106 128 
106 124 
106 31 
107 136 
107 134 
107 95 
107 110 
107 3 
107 25 
107 5 
107 81 
107 30 
107 74 
107 0 
107 86 
107 15 
107 132 
107 124 
108 47 
108 28 
108 32 
108 34 
108 97 
108 58 
109 117 
109 128 
109 112 
109 49 
109 72 
109 113 
109 24 
109 19 
109 54 
109 135 
109 123 
109 13 
110 1 
110 137 
110 24 
110 107 
110 69 
110 58 
110 132 
110 76 
110 138 
110 53 
110 3 
110 119 
110 60 
110 57 
110 75 
110 92 
111 65 
111 83 
111 106 
111 132 
111 50 
111 11 
111 41 
111 94 
111 100 
111 49 
111 38 
111 89 
111 5 
111 43 
112 21 
112 27 
112 90 
112 2 
112 109 
112 36 
112 46 
112 94 
112 17 
112 105 
112 13 
112 55 
112 114 
112 7 
112 53 
112 91 
113 98 
113 93 
113 65 
113 109 
113 123 
113 87 
114 48 
114 86 
114 51 
114 95 
114 93 
114 68 
114 11 
114 70 
114 50 
114 112 
114 71 
114 3 
114 91 
114 63 
114 35 
115 95 
115 64 
115 128 
115 10 
115 138 
115 22 
115 62 
115 16 
115 117 
115 14 
115 104 
115 131 
115 47 
115 86 
115 136 
115 27 
115 137 
116 136 
116 93 
116 56 
116 106 
116 120 
116 99 
116 124 
116 37 
116 9 
116 21 
117 109 
117 71 
117 43 
117 132 
117 115 
117 7 
117 76 
117 54 
117 69 
118 56 
118 132 
118 1 
118 6 
118 103 
118 14 
118 18 
118 100 
118 4 
118 64 
118 54 
119 58 
119 134 
119 17 
119 54 
119 128 
119 131 
119 90 
119 125 
119 9 
119 55 
119 104 
119 84 
119 110 
119 81 
119 82 
119 13 
119 80 
119 61 
120 37 
120 15 
120 116 
120 0 
120 27 
120 96 
120 77 
120 18 
120 78 
120 44 
120 86 
120 8 
121 126 
121 125 
121 94 
121 138 
121 69 
121 124 
121 12 
121 20 
121 28 
121 5 
121 62 
121 101 
121 59 
121 128 
122 64 
122 54 
122 22 
122 46 
122 130 
122 5 
122 56 
122 63 
122 86 
122 103 
123 35 
123 32 
123 62 
123 83 
123 127 
123 98 
123 102 
123 12 
123 97 
123 113 
123 33 
123 71 
123 41 
123 109 
123 55 
123 126 
124 125 
124 132 
124 18 
124 100 
124 28 
124 121 
124 116 
124 7 
124 103 
124 66 
124 128 
124 1 
124 91 
124 43 
124 107 
124 106 
124 39 
125 124 
125 121 
125 90 
125 69 
125 48 
125 132 
125 119 
125 55 
125 66 
125 49 
125 7 
125 138 
125 84 
125 46 
125 43 
125 86 
125 51 
126 121 
126 93 
126 94 
126 82 
126 74 
126 137 
126 51 
126 73 
126 123 
126 105 
126 83 
127 53 
127 106 
127 123 
127 68 
127 129 
127 47 
127 31 
127 30 
127 94 
127 131 
127 102 
127 81 
127 91 
128 115 
128 109 
128 31 
128 119 
128 124 
128 17 
128 0 
128 41 
128 106 
128 132 
128 121 
128 94 
129 15 
129 101 
129 26 
129 7 
129 130 
129 127 
129 38 
129 16 
129 43 
129 12 
129 136 
129 50 
130 52 
130 67 
130 102 
130 122 
130 19 
130 96 
130 129 
130 46 
130 5 
130 8 
130 139 
131 119 
131 22 
131 52 
131 127 
131 62 
131 93 
131 53 
131 115 
131 39 
131 41 
131 139 
131 43 
132 124 
132 118 
132 34 
132 29 
132 111 
132 125 
132 45 
132 80 
132 49 
132 110 
132 103 
132 83 
132 117 
132 26 
132 15 
132 56 
132 0 
132 128 
132 74 
132 107 
132 53 
133 44 
133 35 
133 55 
133 98 
133 49 
133 23 
133 85 
133 105 
133 54 
133 83 
133 53 
134 1 
134 119 
134 86 
134 52 
134 107 
134 53 
134 58 
134 68 
134 84 
134 95 
134 101 
134 34 
134 105 
134 40 
134 42 
134 104 
134 15 
134 50 
134 97 
135 60 
135 36 
135 105 
135 106 
135 32 
135 59 
135 37 
135 96 
135 35 
135 109 
135 61 
135 84 
136 116 
136 107 
136 51 
136 77 
136 60 
136 26 
136 82 
136 49 
136 3 
136 92 
136 69 
136 87 
136 129 
136 16 
136 75 
136 115 
136 47 
137 19 
137 110 
137 78 
137 87 
137 41 
137 47 
137 64 
137 42 
137 12 
137 26 
137 11 
137 91 
137 126 
137 4 
137 115 
138 98 
138 34 
138 26 
138 115 
138 121 
138 1 
138 7 
138 58 
138 2 
138 110 
138 32 
138 48 
138 125 
138 28 
138 139 
139 26 
139 15 
139 18 
139 21 
139 33 
139 23 
139 63 
139 130 
139 45 
139 24 
139 61 
139 138 
139 131 
139 34 
