0 10 120 100 105 89 57 76 106 172 203 121 128 70 38 181 180 87 123 22 78 217 151 13 2 211 56 41 213 74 176 164 65 51 18 111 153 107 174 85 165 
1 161 178 38 165 175 202 207 151 136 27 90 21 137 24 118 150 209 9 104 167 153 65 30 32 140 130 159 197 74 10 205 41 122 112 155 142 156 
2 136 84 20 162 98 30 11 37 187 89 176 182 189 170 106 104 26 36 150 76 70 63 121 181 47 71 73 204 77 61 171 0 88 72 19 54 13 130 205 58 200 43 75 92 
3 75 213 63 24 199 207 18 176 95 140 91 178 160 62 134 217 147 30 107 52 27 186 158 211 116 74 146 12 7 142 86 108 56 188 90 151 153 203 77 164 113 200 133 
4 45 160 116 195 111 177 103 187 30 24 59 170 84 206 70 131 137 44 139 197 150 66 124 83 27 101 129 102 87 158 81 167 194 18 31 156 217 174 189 36 68 207 58 132 163 42 
5 215 9 32 107 217 151 39 132 18 42 17 212 157 37 207 133 94 184 78 6 19 163 61 26 172 211 99 192 118 85 181 177 187 24 69 13 106 28 29 159 204 
6 111 71 159 75 84 206 164 86 16 210 141 158 110 67 5 18 32 46 181 35 10 129 174 118 50 114 126 175 104 105 184 170 73 95 130 63 187 64 40 168 
7 14 133 179 182 216 109 112 163 103 88 127 45 79 38 180 135 66 42 147 24 8 169 82 70 166 181 3 46 123 192 176 137 44 50 90 172 195 89 63 
8 68 98 166 71 74 75 85 145 51 160 201 78 159 27 67 117 126 50 155 7 93 203 17 152 47 132 69 128 105 187 65 157 56 110 83 16 213 138 12 171 14 97 
9 55 11 132 5 97 30 40 115 191 70 181 165 93 56 175 199 118 33 130 81 44 116 140 189 67 15 142 151 35 176 1 68 108 185 23 170 59 65 149 107 190 192 193 103 211 80 75 166 
10 0 110 14 164 94 40 52 71 93 145 214 65 190 129 104 142 102 26 162 28 167 119 6 206 158 85 134 45 156 210 115 1 200 195 79 188 96 72 130 184 60 111 
11 9 21 186 2 106 93 94 178 115 211 124 36 154 109 73 188 209 40 41 169 96 80 131 130 62 148 27 170 114 12 166 174 120 87 67 25 191 202 85 60 207 216 164 61 75 32 56 95 110 51 92 
12 66 28 17 211 59 100 140 135 166 115 52 208 83 110 94 134 118 76 178 163 87 63 205 133 123 195 3 11 96 157 53 162 8 210 172 92 145 213 183 
13 217 174 71 27 63 97 91 185 81 104 214 16 192 50 69 149 151 61 202 188 157 155 85 66 0 53 218 183 160 164 45 113 5 2 84 24 210 126 56 100 142 170 179 203 172 
14 136 21 7 202 10 159 218 153 186 66 31 216 162 90 89 111 36 78 51 80 193 95 115 152 158 55 129 117 19 23 132 8 58 131 74 149 
15 192 168 84 83 79 131 52 176 96 148 48 102 24 199 211 177 9 159 139 208 195 65 72 189 109 78 165 152 64 198 217 82 21 144 104 207 185 194 173 118 105 86 98 67 
16 74 126 179 196 13 6 148 139 70 104 190 165 157 177 154 163 160 204 80 215 87 109 99 83 205 132 76 217 79 40 119 158 145 8 214 130 206 34 131 23 142 152 25 151 
17 12 170 168 149 127 141 128 5 164 120 51 172 41 52 198 177 86 201 203 8 212 100 89 107 192 124 97 78 26 91 83 95 63 101 218 209 24 211 
18 76 49 151 212 174 127 214 55 186 108 5 137 80 30 26 3 154 64 6 29 32 161 111 119 57 180 28 168 27 217 123 89 122 78 90 4 87 194 0 33 88 53 34 157 172 42 
19 128 103 78 132 194 72 179 40 121 165 122 123 32 109 64 170 115 184 5 71 49 67 196 210 141 188 182 108 114 63 39 94 106 197 171 2 118 162 61 14 46 146 107 135 50 
20 2 187 100 42 202 148 78 104 217 63 206 112 110 113 33 174 65 55 150 45 62 58 183 170 124 164 158 149 207 168 135 192 193 89 93 153 132 49 82 159 46 36 
21 14 123 95 11 128 190 67 110 144 33 210 23 104 36 195 72 192 53 68 106 1 60 44 201 154 46 42 185 96 24 206 160 87 15 121 202 213 151 83 79 98 153 101 125 137 47 181 
22 54 142 70 34 60 186 77 156 26 86 203 102 0 24 121 167 71 205 95 210 141 136 113 91 125 192 28 174 176 
23 147 214 49 151 74 105 21 68 31 217 71 84 178 66 28 131 192 135 170 112 163 9 194 161 111 140 61 175 94 14 185 184 16 215 129 102 158 133 
24 129 27 58 203 45 94 64 79 128 145 3 110 108 109 88 29 4 15 136 163 207 69 60 22 7 1 211 107 82 125 21 142 5 175 160 218 123 119 42 73 34 78 217 66 83 13 87 17 
25 104 74 115 76 216 43 132 77 39 83 162 169 103 106 89 137 176 61 56 193 65 47 135 28 11 139 174 156 197 16 120 
26 208 161 142 49 154 207 185 124 199 202 48 18 10 35 145 2 22 169 63 47 28 64 5 103 68 144 61 182 106 190 209 160 216 96 178 148 115 177 149 17 206 155 95 195 
27 61 31 125 163 13 211 24 187 190 87 68 100 40 85 212 110 62 70 8 1 3 120 195 63 38 175 65 42 11 18 131 53 4 136 141 92 179 184 171 28 153 94 44 205 43 
28 12 177 196 134 74 138 10 162 141 184 80 23 26 129 142 125 18 92 86 25 90 195 111 154 123 173 70 46 104 5 151 27 72 180 190 199 22 52 193 
29 174 52 215 205 109 24 79 55 18 176 99 116 89 126 38 112 192 189 171 58 179 120 178 32 66 125 128 5 82 139 119 195 
30 149 200 138 9 210 2 70 202 178 201 187 135 145 39 18 95 133 159 194 4 33 148 84 3 53 129 47 195 211 92 1 103 76 44 36 90 72 218 80 101 144 183 55 134 69 38 45 
31 27 64 194 124 179 169 14 89 111 207 183 211 23 59 176 70 76 218 61 49 39 42 66 106 4 122 148 32 47 38 165 125 136 113 46 155 63 
32 41 124 5 48 71 162 51 189 113 75 166 121 136 19 39 214 70 187 6 110 120 18 94 57 112 64 156 161 84 131 54 138 43 46 62 1 82 164 135 50 85 52 31 163 169 175 29 36 193 11 159 168 141 201 
33 54 57 39 75 178 163 162 87 83 98 115 21 47 20 194 120 48 147 30 95 143 43 125 128 9 132 114 64 66 210 209 56 173 148 215 68 166 117 61 195 103 200 49 202 170 110 140 46 116 18 102 106 156 60 
34 159 65 22 208 127 47 217 195 150 146 193 157 56 119 87 169 59 82 153 145 66 53 206 192 112 93 90 170 203 142 139 194 70 160 24 94 36 129 16 115 18 103 
35 128 37 111 115 108 140 195 172 91 131 215 97 26 147 184 81 36 61 166 62 54 106 95 85 6 151 157 9 177 144 162 180 173 164 65 50 40 64 130 117 78 145 141 203 174 57 167 
36 210 39 111 21 35 105 11 207 2 14 49 98 101 203 81 124 95 175 48 208 123 185 191 169 196 214 70 69 125 193 198 59 150 30 126 4 113 120 34 141 32 166 93 112 78 103 20 215 
37 188 104 35 151 135 2 84 146 56 213 45 5 199 207 111 212 181 77 174 183 74 184 139 164 70 106 79 193 144 153 81 101 86 78 87 161 76 89 198 140 58 163 116 99 54 50 209 173 
38 49 217 197 1 178 88 179 47 117 184 92 0 119 169 175 7 42 186 27 66 153 140 172 29 213 139 214 73 189 86 106 151 31 157 85 208 65 177 52 138 30 196 201 
39 33 49 133 218 78 5 25 84 128 178 30 36 68 66 177 32 152 209 173 122 105 80 192 19 214 57 180 31 160 210 164 132 104 55 144 116 43 207 
40 172 125 188 111 9 208 10 96 173 19 105 94 201 144 92 215 27 90 147 79 156 76 167 121 11 103 185 192 99 158 98 163 101 16 35 190 216 148 150 91 6 143 
41 49 32 102 150 192 105 144 216 84 174 165 108 127 17 11 213 111 185 0 104 172 132 1 76 95 78 198 153 53 
42 75 20 63 172 186 5 146 111 159 92 77 148 122 38 145 82 7 59 212 165 21 27 74 31 139 161 191 152 211 55 69 192 102 24 129 201 196 18 66 4 
43 118 107 25 87 91 81 148 99 178 190 125 101 147 92 183 193 33 106 205 32 71 133 115 77 179 217 63 135 45 168 104 161 215 165 212 2 191 39 210 27 
44 103 202 180 188 204 169 159 68 86 111 190 84 57 123 9 189 112 21 62 4 179 195 108 70 91 157 51 173 196 73 139 200 102 30 218 109 116 7 155 186 52 27 203 
45 78 4 116 128 192 24 77 187 82 196 7 126 37 109 208 70 20 180 93 200 217 97 151 10 203 80 86 155 13 112 64 201 58 43 149 135 76 106 49 125 182 121 170 30 90 169 
46 47 98 79 122 138 142 198 116 136 6 113 197 96 106 73 83 97 191 32 21 101 177 77 7 176 53 192 158 172 140 211 173 179 65 19 60 28 204 85 100 146 33 20 111 31 194 127 
47 46 202 34 156 191 38 184 154 33 69 211 160 68 127 2 26 175 151 94 143 30 183 78 50 8 178 216 25 210 206 161 128 31 180 169 110 192 21 57 106 115 103 
48 204 173 32 55 186 144 99 177 95 202 213 26 91 101 93 15 33 216 166 77 83 187 171 149 97 103 161 169 49 89 36 119 140 121 61 151 198 106 189 71 190 209 
49 167 41 18 39 38 26 101 23 218 110 129 195 72 151 149 111 19 36 184 208 115 71 55 76 145 48 31 209 193 212 98 214 119 99 62 57 180 33 143 118 64 45 20 56 97 176 
50 51 216 109 54 106 198 13 210 119 182 179 91 177 121 85 67 8 154 70 58 187 47 156 6 206 193 74 101 32 72 35 103 164 194 184 100 170 115 37 140 176 7 128 73 131 19 
51 50 99 215 32 72 134 186 209 86 8 97 143 65 145 110 55 182 158 17 156 14 136 109 106 88 174 44 187 157 161 176 108 180 0 112 208 100 189 120 200 167 11 
52 150 58 195 10 112 189 29 201 12 205 15 143 184 81 72 3 73 152 100 161 17 209 99 87 207 124 32 216 168 66 136 60 38 44 135 122 110 28 191 
53 191 136 193 57 85 177 129 118 61 21 55 112 185 202 198 209 30 100 34 110 79 83 194 99 204 13 73 101 180 27 152 46 165 92 59 161 12 124 182 155 72 18 145 131 41 
54 178 88 22 33 158 61 163 189 50 215 94 167 35 153 32 129 194 130 165 172 87 85 96 102 62 2 106 37 196 117 174 116 110 137 123 
55 108 9 77 213 68 92 48 18 143 85 127 139 126 129 20 180 133 29 189 53 82 51 158 218 167 105 154 49 67 177 72 14 58 124 170 100 42 123 130 173 86 104 198 135 39 30 181 134 214 93 56 
56 204 112 121 145 214 205 177 135 37 147 165 168 212 86 9 144 34 61 215 206 33 118 131 25 0 183 176 88 188 157 154 3 216 187 162 8 58 115 102 66 13 11 128 133 179 203 49 161 71 217 55 125 
57 33 156 128 218 216 53 204 0 205 195 140 161 120 212 104 44 32 155 151 175 65 186 18 99 177 210 39 126 115 137 173 201 49 157 196 102 190 119 47 35 159 167 207 79 
58 126 209 156 212 201 52 24 129 168 171 127 78 96 199 100 20 80 149 88 189 87 130 50 55 150 110 176 161 180 214 45 196 29 37 99 2 204 56 206 162 14 4 83 81 
59 162 129 12 186 207 82 182 116 168 155 112 4 75 31 104 154 71 34 146 209 42 188 66 148 158 9 61 123 140 106 36 53 177 115 208 193 178 119 107 157 165 94 180 194 166 145 
60 205 125 214 150 22 161 73 136 157 129 166 96 61 21 97 215 24 113 146 212 191 64 66 75 104 211 81 126 63 111 94 203 46 193 68 11 52 10 116 114 88 33 152 
61 27 54 168 98 169 162 167 13 187 35 53 91 150 145 71 163 191 60 5 182 56 102 140 26 31 25 2 112 141 95 59 148 33 48 129 87 139 19 23 192 83 105 11 197 147 194 84 165 170 114 
62 218 121 134 147 94 96 138 184 131 27 35 189 20 3 200 178 202 186 67 44 120 137 11 32 143 74 213 54 75 49 89 181 177 175 81 118 163 77 72 
63 186 94 120 163 13 113 42 134 182 20 3 216 190 64 65 133 72 26 2 131 83 137 130 110 162 92 97 12 165 27 121 19 43 180 90 60 89 101 155 135 158 198 187 6 17 75 196 31 167 7 
64 31 177 24 65 218 120 63 176 19 18 209 184 124 32 151 26 194 121 144 90 33 179 15 60 66 182 45 35 159 213 119 49 6 188 145 126 195 
65 34 146 113 68 185 138 140 64 10 174 209 128 183 122 20 63 51 112 180 167 135 173 189 83 129 114 215 57 165 15 163 127 27 1 190 35 25 191 85 89 9 69 0 199 116 46 8 125 104 38 150 197 172 90 111 158 
66 12 155 128 14 162 200 198 125 212 187 39 186 132 208 102 83 104 118 23 72 175 7 34 109 33 13 189 138 115 59 38 4 157 134 176 99 60 31 64 94 101 177 209 67 105 24 195 52 213 152 29 56 184 204 85 139 116 42 
67 21 188 142 131 69 208 84 196 133 6 170 166 184 50 8 19 9 146 62 180 80 55 169 11 177 66 203 70 73 116 15 
68 185 8 127 55 65 200 110 44 139 90 23 207 27 39 194 109 218 129 157 47 21 134 83 206 77 26 91 211 9 140 33 96 88 121 196 169 4 74 122 60 144 162 154 
69 160 93 162 119 189 13 85 218 89 47 144 67 75 108 88 150 137 186 151 120 184 24 188 209 152 8 123 42 36 159 65 156 5 87 195 161 200 127 30 
70 141 22 192 185 30 114 196 182 181 211 16 0 189 158 9 45 27 210 32 128 108 2 109 31 4 37 50 44 169 7 175 156 111 77 178 36 146 139 100 106 34 124 28 166 167 214 67 89 135 
71 13 32 93 204 8 6 10 198 194 145 88 112 146 23 61 19 174 59 191 80 89 82 49 2 183 43 124 86 137 170 107 22 147 74 173 177 126 209 48 83 156 115 132 136 109 56 185 162 
72 51 19 188 101 199 211 21 109 49 121 209 63 52 66 132 167 105 15 86 55 126 117 174 130 148 113 202 50 2 110 30 87 10 128 28 92 53 62 
73 187 153 60 195 108 127 112 11 52 101 92 181 2 46 147 213 204 53 116 44 38 218 140 161 6 24 180 133 67 50 142 208 124 84 
74 25 16 109 191 8 204 23 28 172 205 120 207 148 37 3 188 177 133 187 89 42 62 50 193 0 136 132 1 71 166 68 122 96 14 143 153 140 141 
75 42 33 101 3 6 218 8 32 141 217 180 144 81 69 140 188 187 59 168 194 157 153 160 208 96 211 205 185 60 109 62 112 78 83 80 131 11 129 93 63 2 9 192 163 150 
76 18 25 195 186 149 0 78 117 110 217 120 204 2 40 12 85 31 185 161 49 113 133 16 135 97 30 37 102 177 45 205 182 181 142 41 103 197 164 190 
77 55 129 25 45 218 156 123 22 158 173 193 96 42 37 111 48 150 159 203 124 68 2 43 70 46 116 199 196 84 3 185 62 107 217 
78 45 19 148 187 166 39 149 20 76 58 141 8 163 145 188 190 191 5 203 137 212 124 14 80 169 0 133 101 197 125 47 15 147 146 157 37 114 120 97 213 18 98 17 90 88 75 24 35 107 95 41 172 36 
79 46 173 96 192 207 116 15 24 119 82 217 162 29 7 199 40 214 130 136 181 53 37 142 184 196 118 98 145 186 182 112 179 16 152 194 21 10 138 133 213 125 209 102 157 164 80 57 
80 146 109 102 111 165 132 18 194 122 173 139 115 90 89 14 58 71 28 78 113 16 39 11 67 204 137 207 45 150 100 91 86 120 145 178 107 168 105 151 30 212 75 213 110 140 9 114 79 
81 114 129 85 13 190 157 43 83 124 87 105 145 178 131 75 142 160 35 52 172 9 95 36 206 156 185 162 37 88 107 93 60 187 4 118 205 102 144 151 62 99 217 92 58 96 
82 194 90 59 45 79 119 205 202 142 55 173 144 34 42 71 211 186 174 7 24 138 136 195 15 32 172 117 176 20 160 29 89 
83 141 182 86 181 15 81 33 25 140 206 12 159 149 110 66 63 48 154 68 65 217 94 46 99 174 53 16 152 204 4 127 212 115 100 120 21 75 8 61 215 17 172 24 213 71 58 185 108 113 92 
84 2 116 162 88 15 37 6 39 212 207 109 149 41 67 193 44 174 30 23 121 4 32 177 90 130 196 163 175 154 97 13 77 181 151 61 92 73 
85 148 174 81 98 103 55 8 108 53 165 69 119 145 177 27 188 129 181 125 50 140 35 117 199 109 76 90 10 138 13 179 89 5 93 162 207 65 54 127 130 203 32 190 204 11 38 46 209 152 66 104 0 216 150 
86 117 196 83 188 165 51 6 44 116 212 93 139 108 56 134 22 156 168 181 120 184 72 17 71 123 186 149 102 45 28 37 158 137 122 141 80 3 98 38 104 129 55 94 96 105 15 173 
87 107 96 110 104 97 135 43 33 184 136 185 180 156 27 141 167 81 133 199 132 151 201 0 34 105 58 12 128 142 16 113 52 21 54 37 4 11 114 176 123 61 138 217 168 69 144 18 93 72 205 24 118 164 91 160 111 158 189 165 
88 54 84 140 172 199 135 38 103 7 125 156 108 69 205 71 24 163 217 145 95 98 210 173 58 51 187 81 68 106 188 2 120 56 197 213 142 216 161 176 78 177 105 150 18 127 60 
89 113 108 0 2 123 118 173 138 188 117 31 177 69 97 107 166 14 153 25 127 95 80 71 125 29 85 99 48 74 185 120 170 17 18 65 196 100 156 37 63 210 20 62 128 182 70 213 82 7 
90 118 178 111 82 162 151 68 14 211 124 40 92 80 1 213 102 119 129 85 141 64 109 98 34 84 110 28 117 18 63 200 78 3 30 206 138 136 126 212 7 216 172 65 137 45 
91 156 13 43 92 202 35 157 179 48 136 50 3 193 61 203 106 171 191 103 134 68 204 44 215 112 139 213 114 163 159 80 135 17 22 40 196 127 87 216 122 
92 158 204 140 55 91 174 119 194 40 42 183 38 43 90 104 123 63 73 202 151 30 107 141 28 133 100 115 27 149 53 188 139 192 171 156 72 214 81 12 84 11 83 200 144 2 
93 71 130 69 157 190 200 10 145 150 139 154 107 11 86 110 168 191 48 165 146 9 189 216 118 45 137 177 179 8 120 34 197 102 85 101 173 96 81 135 218 97 105 163 87 20 119 36 75 55 
94 63 192 137 169 10 198 24 97 62 40 11 108 131 148 54 210 5 112 12 146 168 32 83 47 161 19 197 170 66 215 60 120 34 23 86 99 167 218 27 59 
95 21 105 152 179 48 215 30 167 158 3 88 33 183 89 181 205 35 209 81 14 36 214 164 202 200 61 212 198 120 22 165 6 17 41 137 78 11 190 210 124 26 138 108 
96 155 87 79 128 40 212 58 142 62 15 216 60 77 162 210 187 137 46 11 21 68 75 177 26 93 12 54 98 201 205 10 100 127 160 86 74 81 
97 156 204 158 9 13 87 177 94 195 142 35 51 89 216 215 60 45 63 48 46 167 127 78 93 194 76 159 207 17 171 122 84 183 133 108 8 218 49 
98 46 212 85 8 122 2 61 33 191 110 134 217 129 127 88 202 114 218 36 100 193 107 189 181 90 79 213 211 40 78 49 86 172 21 96 103 144 209 102 150 112 15 
99 126 51 159 120 48 184 205 43 180 118 202 211 115 148 132 212 199 140 29 5 106 169 83 57 40 53 89 52 16 153 66 181 121 58 49 37 94 197 81 138 
100 173 109 156 20 193 0 12 120 159 142 166 214 27 198 58 103 105 52 53 98 113 189 200 143 17 124 195 161 92 55 80 177 70 89 83 210 50 51 149 96 140 46 13 
101 170 75 160 169 72 49 43 48 174 130 187 73 36 182 78 46 93 53 37 40 4 151 50 66 134 63 143 21 119 30 17 
102 80 41 150 128 210 103 10 205 15 66 106 22 90 189 177 213 209 195 61 197 124 173 93 135 151 86 4 54 208 107 185 193 76 44 42 81 57 98 56 153 160 140 33 79 110 155 23 154 
103 44 19 161 183 85 195 144 172 159 160 194 88 7 4 140 102 25 218 207 190 106 100 185 163 174 91 40 182 48 124 26 119 130 104 30 138 50 33 98 76 126 9 122 149 47 34 36 123 
104 25 175 87 110 37 151 13 20 10 117 125 21 16 188 2 162 57 133 142 66 115 92 59 202 168 207 165 182 1 183 139 172 103 60 6 15 145 41 196 131 86 43 55 216 28 65 132 128 195 39 155 85 199 
105 142 95 0 133 116 113 161 40 218 81 41 23 139 36 128 111 100 156 87 55 123 72 39 146 110 181 154 169 132 6 204 93 8 191 162 137 168 66 80 61 88 15 106 200 86 124 
106 119 115 190 50 114 153 0 117 11 25 194 2 199 149 175 141 21 102 122 91 103 35 43 183 51 123 46 37 178 99 26 88 19 171 181 111 70 210 31 54 59 38 5 48 133 45 161 105 33 47 184 212 196 
107 87 176 43 196 5 209 173 93 155 89 108 186 3 218 98 204 24 143 92 17 81 71 102 140 9 80 212 78 117 19 169 126 0 59 77 122 180 
108 55 89 35 18 85 172 88 94 24 69 73 86 107 208 41 70 149 173 127 163 44 19 9 193 131 194 110 3 179 51 206 120 177 195 133 97 83 130 95 
109 100 80 197 210 127 50 74 7 125 29 114 172 84 45 111 205 148 68 192 24 19 72 11 217 70 51 85 160 66 90 195 202 15 169 16 121 218 164 185 190 75 119 132 204 129 110 144 44 189 163 213 151 203 71 186 
110 174 87 10 104 175 21 162 68 114 20 98 49 119 76 24 93 202 148 6 27 152 12 172 83 51 159 32 116 179 215 125 63 180 156 53 177 105 140 58 134 90 142 108 109 183 72 8 47 33 54 80 11 102 138 133 52 
111 40 199 125 6 155 90 35 4 80 216 134 31 118 42 36 109 198 44 162 37 77 14 105 18 194 49 154 41 206 70 164 106 28 163 60 23 196 185 124 205 207 182 0 46 131 10 65 87 
112 56 52 7 185 20 59 175 71 94 145 65 186 53 73 32 214 144 44 176 23 120 162 138 142 34 91 61 135 165 194 133 159 29 130 45 132 114 79 75 195 201 51 1 203 154 36 150 98 181 172 216 
113 166 199 89 171 63 65 32 105 214 20 204 129 46 130 187 195 100 60 80 87 149 76 177 72 172 150 13 121 151 168 201 163 36 22 158 31 3 83 143 
114 127 81 191 214 206 121 208 70 125 110 106 147 156 109 157 199 133 33 195 65 98 162 154 19 6 91 11 78 198 146 112 87 136 182 185 142 128 116 60 80 61 
115 25 9 106 35 12 166 33 197 158 142 11 196 99 177 80 136 170 19 104 179 49 168 194 66 192 43 14 150 157 10 57 213 92 83 26 120 129 59 174 50 56 149 201 34 153 135 127 71 47 167 
116 160 84 45 127 216 145 79 121 4 105 135 59 132 120 86 142 211 144 166 46 139 215 212 110 9 3 140 29 181 200 154 176 201 73 170 77 209 134 65 37 44 147 167 159 33 60 114 54 136 39 173 66 67 150 
117 199 86 217 120 89 212 106 104 38 76 201 8 85 192 124 195 14 72 204 33 90 82 35 189 127 54 107 173 125 153 
118 43 90 180 200 208 89 152 111 53 99 203 161 125 93 9 66 126 119 167 12 6 1 56 205 79 202 5 198 81 197 19 49 204 62 15 210 87 218 
119 168 106 69 172 208 211 79 92 50 85 110 82 170 38 205 128 158 34 202 118 90 10 201 18 103 154 48 189 196 161 109 16 24 49 186 101 64 137 93 57 149 59 209 29 204 
120 127 63 171 174 0 100 121 99 117 214 64 116 57 33 76 74 17 69 32 178 179 27 147 86 112 93 62 173 192 89 151 195 78 88 11 188 80 115 95 83 137 108 94 36 29 51 25 
121 56 114 116 120 62 159 188 170 32 19 0 174 214 194 72 50 84 141 2 133 40 131 64 122 195 217 160 129 210 22 63 199 109 68 169 126 201 21 48 113 99 213 191 192 123 45 158 207 130 
122 213 98 46 164 65 80 19 137 201 106 42 127 121 39 147 215 18 166 86 146 156 31 1 97 126 68 74 143 123 183 103 107 52 91 198 
123 125 21 137 207 89 197 166 77 19 188 209 92 44 0 106 171 105 139 131 86 12 36 167 216 18 69 59 152 134 145 210 170 7 55 24 87 28 204 211 122 157 121 54 103 
124 32 31 180 191 201 202 81 26 168 217 155 132 90 11 78 64 151 146 20 171 36 103 77 102 117 71 177 157 4 100 189 214 55 213 52 17 143 162 70 111 195 210 161 53 105 95 73 
125 123 27 40 171 196 111 60 210 114 204 127 88 109 66 218 169 175 104 43 195 139 212 211 118 156 160 85 168 33 193 200 110 89 78 28 24 36 21 191 65 31 137 45 79 22 29 117 170 132 56 
126 58 99 16 143 155 55 217 45 148 142 171 202 176 163 118 8 127 198 169 29 191 72 6 121 57 60 184 36 71 122 152 218 103 177 107 90 13 214 64 
127 120 114 68 211 116 109 199 18 55 7 125 58 34 17 212 129 160 73 89 98 128 47 187 108 41 122 126 134 168 65 191 166 155 83 97 206 85 140 96 69 117 162 115 197 91 88 46 
128 35 19 163 45 57 21 96 66 102 24 39 65 17 207 0 175 170 146 119 105 70 127 33 153 198 180 134 87 192 200 8 214 47 176 114 89 206 72 204 104 56 29 133 50 182 
129 59 81 24 149 215 58 77 10 53 55 197 60 127 49 98 68 113 85 178 206 90 173 65 28 6 30 190 54 121 189 194 171 188 168 14 4 109 200 61 115 86 163 42 207 34 176 75 165 23 213 208 142 
130 209 93 208 157 178 205 160 79 214 101 113 9 63 167 58 176 11 103 54 206 207 84 200 213 72 1 112 85 35 55 2 137 6 10 16 108 121 
131 156 211 210 15 67 186 35 81 94 62 148 63 196 23 121 171 4 32 190 188 123 11 56 27 108 181 207 176 104 202 16 75 175 14 213 111 50 53 
132 9 19 158 25 191 5 207 116 80 124 87 66 99 135 33 175 136 72 140 151 203 8 105 16 112 41 109 74 197 145 104 14 39 211 20 4 198 71 187 125 
133 182 7 39 105 208 87 150 30 55 5 67 63 214 174 104 114 153 121 215 78 211 146 203 43 74 12 188 76 112 152 92 172 164 161 147 106 73 108 79 56 97 128 23 110 194 3 
134 186 193 28 63 51 62 111 204 215 187 98 155 179 154 86 12 3 145 158 68 192 151 127 128 91 10 144 66 152 110 123 202 208 101 116 183 182 135 160 30 55 
135 173 172 87 37 12 88 116 161 30 56 215 187 190 132 139 65 160 7 165 23 174 102 112 25 93 76 32 143 43 218 20 91 45 63 134 146 55 217 19 158 115 176 138 70 136 52 202 
136 2 14 53 164 215 87 199 137 216 60 1 32 91 115 166 181 24 46 154 79 51 132 196 169 178 142 82 27 74 114 22 188 180 52 191 203 90 179 31 116 71 207 135 148 
137 94 123 136 18 69 122 78 63 96 93 189 1 25 177 144 4 172 71 62 80 160 215 161 86 57 154 105 120 210 173 130 143 7 21 119 95 125 54 90 
138 30 177 46 65 89 146 144 191 150 62 28 175 194 216 197 85 32 66 112 186 161 82 210 153 143 103 203 205 87 147 215 185 79 90 8 184 202 38 135 99 110 95 
139 202 55 93 68 16 216 150 86 125 80 105 116 140 135 189 37 15 123 214 183 4 149 91 104 170 42 38 70 34 44 61 92 25 195 164 171 175 29 66 
140 218 92 88 12 65 164 35 103 57 83 75 183 212 3 214 179 139 85 99 9 156 116 61 110 132 68 38 203 48 1 59 46 73 169 37 107 23 127 151 100 33 50 102 200 170 80 74 
141 205 83 214 177 70 165 191 206 75 87 171 78 17 156 6 152 106 28 121 90 164 19 150 215 61 92 27 86 186 142 22 197 174 180 193 178 36 159 35 32 74 
142 105 22 26 206 100 208 96 46 67 10 97 174 116 115 81 126 169 151 82 104 9 195 28 188 79 87 112 136 24 3 34 88 110 170 167 141 114 76 205 216 210 16 1 13 73 129 
143 151 183 55 126 52 178 198 51 193 177 33 47 171 172 200 107 62 100 138 173 135 124 101 150 49 137 145 122 165 208 74 113 189 40 
144 170 165 175 186 103 48 21 138 166 40 75 176 41 69 116 56 82 112 64 137 26 37 177 35 134 192 15 151 109 87 81 156 68 98 202 30 39 190 181 205 92 215 
145 169 174 116 56 164 10 8 93 30 24 81 172 214 78 26 85 71 112 51 88 61 193 134 157 42 34 205 171 188 49 183 79 204 104 123 80 150 163 35 132 16 143 53 217 12 200 202 64 59 
146 80 187 65 37 203 138 208 209 42 183 34 128 71 204 93 151 94 186 59 124 67 133 60 197 105 78 3 175 70 114 164 122 182 135 19 46 160 194 
147 23 199 192 62 114 56 35 215 43 33 40 186 3 120 7 73 209 185 122 78 156 160 71 175 133 138 177 207 116 61 
148 85 217 78 179 43 20 161 176 16 201 193 126 175 94 109 110 15 99 30 131 156 74 42 197 213 165 169 59 33 11 207 72 61 26 192 203 162 188 31 40 202 159 136 
149 30 129 185 76 78 17 199 13 194 84 160 106 83 108 49 58 211 197 200 48 156 189 20 139 158 113 86 179 212 9 45 92 26 169 171 100 115 191 119 103 14 
150 52 102 41 60 93 133 155 139 34 138 201 69 196 20 2 61 77 179 206 1 141 4 115 58 113 80 145 36 143 40 209 65 88 190 98 112 193 85 75 162 116 
151 18 37 185 143 104 182 5 23 1 90 13 87 142 197 69 178 146 49 162 124 64 35 161 57 47 9 134 45 92 0 132 200 120 102 101 21 206 113 207 211 144 194 3 48 153 38 80 81 140 28 84 109 172 16 195 
152 174 95 118 187 196 110 141 39 52 153 69 15 185 14 83 8 134 133 199 53 123 161 42 79 212 208 158 126 66 85 16 210 60 
153 160 189 14 169 73 204 106 197 89 128 133 152 175 34 54 75 213 217 38 1 37 211 99 208 155 138 21 151 20 3 102 0 115 27 41 117 74 
154 198 218 26 159 93 47 18 134 11 205 136 83 59 16 172 111 50 55 213 114 21 119 105 116 192 56 28 165 137 84 163 171 112 68 173 208 102 
155 181 96 204 111 188 66 179 160 126 201 183 124 207 150 59 107 134 198 156 194 57 212 13 174 8 169 127 45 153 177 186 162 63 209 53 196 44 104 1 31 218 26 102 185 203 
156 97 100 58 131 91 57 87 47 88 114 77 141 22 155 198 191 125 148 40 51 86 206 32 105 158 110 140 149 211 50 201 81 10 147 70 212 213 203 89 69 4 122 144 92 71 33 165 25 1 
157 213 93 81 130 201 168 91 60 5 68 114 34 16 145 209 13 182 35 75 207 216 44 66 124 51 78 115 56 12 8 38 164 57 184 123 18 59 217 79 
158 205 92 54 165 97 132 191 115 95 77 6 70 173 119 51 55 134 3 156 10 20 194 40 149 14 195 189 184 59 213 86 4 46 201 179 152 63 16 192 135 113 121 23 87 65 
159 34 169 14 99 6 100 103 154 199 121 44 42 197 8 30 83 110 177 77 15 112 193 91 69 97 1 204 64 171 141 116 209 20 179 148 32 57 5 
160 116 69 183 153 4 155 182 101 103 207 8 127 130 81 149 47 3 125 189 135 109 16 75 121 169 26 21 137 13 195 39 193 147 24 161 196 185 34 170 163 134 96 102 218 82 214 146 87 
161 187 193 1 26 168 103 172 135 105 148 60 57 206 118 207 18 213 211 52 151 32 186 76 48 198 94 138 23 51 58 100 137 42 152 119 37 179 47 88 73 133 160 43 69 53 124 106 56 
162 59 84 32 2 69 33 197 61 90 66 110 25 14 167 182 79 10 111 96 104 28 151 63 114 112 35 214 81 179 85 170 185 148 155 19 105 124 56 184 12 68 58 127 195 212 150 71 
163 182 212 27 63 128 33 181 54 191 7 78 214 88 174 166 24 5 61 126 103 16 204 12 108 65 23 198 40 91 197 93 111 84 37 113 145 129 109 32 154 160 189 62 203 217 171 4 75 
164 10 122 136 145 6 140 17 198 37 20 141 178 181 213 95 175 35 211 201 109 111 13 32 177 0 133 218 146 39 50 179 157 11 3 139 76 87 173 79 
165 180 218 158 141 144 86 80 1 85 19 56 93 16 9 41 135 215 65 104 63 148 42 187 211 195 15 54 112 53 154 185 192 95 193 184 31 206 43 129 61 143 170 59 156 0 87 
166 113 8 168 78 12 100 115 167 123 32 144 201 116 192 60 89 35 217 136 48 163 67 199 187 7 127 33 186 183 11 122 74 70 200 209 169 36 59 9 
167 49 205 179 168 180 166 87 162 172 61 95 217 54 10 65 118 40 55 72 211 130 215 1 123 97 22 4 142 184 70 116 94 206 51 57 173 63 35 115 
168 119 183 15 166 61 161 207 167 58 17 170 124 157 59 93 56 94 125 75 86 115 104 127 209 18 129 173 20 43 113 87 52 80 105 32 6 
169 198 145 94 159 31 177 153 44 61 101 173 184 25 188 181 125 209 176 142 175 216 26 38 34 215 78 11 126 7 99 48 148 70 155 136 109 160 191 105 36 121 67 201 140 210 68 149 47 32 203 107 166 178 45 
170 101 144 17 206 173 168 121 2 128 203 180 119 19 115 4 183 67 20 23 34 11 139 89 9 71 94 162 55 185 123 142 116 6 193 160 215 50 33 140 165 13 45 125 61 
171 125 192 120 113 208 207 58 141 216 181 126 186 176 48 91 131 145 123 124 214 217 143 184 187 129 215 2 182 106 19 29 159 97 149 27 154 92 8 205 139 163 
172 40 206 135 42 103 88 119 161 108 74 0 35 145 167 109 81 110 17 179 176 154 5 187 143 183 137 38 54 104 205 113 133 41 46 217 185 82 98 193 83 182 12 65 151 112 18 90 7 78 13 
173 100 79 48 135 177 40 89 170 169 107 194 190 80 77 178 158 205 82 65 108 39 88 129 33 120 35 102 44 168 176 93 143 184 46 71 57 55 28 137 15 117 154 201 206 175 37 164 167 218 116 86 
174 13 110 152 85 120 29 18 145 92 65 142 20 41 101 121 163 84 133 37 191 71 103 6 155 135 213 201 51 83 82 72 11 4 194 141 115 35 54 0 211 25 22 
175 104 110 185 144 1 148 125 188 138 112 128 169 213 106 9 38 132 153 47 66 196 57 179 164 27 36 70 177 146 6 202 176 24 147 84 23 62 32 131 139 173 184 203 
176 107 2 148 201 15 144 205 200 3 64 169 126 191 29 31 171 172 112 9 130 25 66 116 173 58 51 175 56 46 131 0 87 88 181 128 214 7 82 129 50 135 22 49 
177 141 28 138 64 173 169 97 48 56 4 53 212 89 85 39 115 143 210 50 16 15 93 102 159 137 84 35 184 74 17 110 144 124 57 55 175 5 113 46 96 155 215 164 100 66 76 26 67 59 108 71 147 62 88 38 126 180 
178 54 1 33 90 209 191 38 30 130 39 43 81 11 202 173 143 3 151 23 129 120 62 208 214 12 106 164 136 47 70 26 186 194 80 205 141 29 59 181 169 
179 7 167 155 31 19 148 16 38 95 91 50 134 140 172 110 120 150 115 175 190 64 44 93 85 162 43 149 161 79 184 108 27 46 158 164 29 159 136 56 199 13 
180 165 124 118 44 167 87 75 99 55 200 170 45 65 0 189 7 110 128 206 67 18 35 39 53 58 63 51 47 49 141 217 73 188 136 28 209 177 193 59 107 
181 197 155 83 163 182 169 70 194 171 218 187 37 9 136 85 0 95 2 6 79 86 73 164 98 7 105 116 199 5 217 208 99 131 191 106 206 176 62 76 84 188 55 178 112 144 184 21 
182 163 133 83 181 7 151 160 59 2 70 63 202 50 162 214 185 51 215 157 61 101 200 103 205 190 104 19 26 171 79 64 208 114 146 134 76 53 111 89 172 45 213 218 128 
183 168 160 216 103 143 200 204 65 155 31 218 92 146 140 170 43 95 37 106 20 139 71 47 172 198 104 13 145 166 56 110 134 97 122 30 190 12 
184 87 99 169 47 52 38 62 35 5 64 19 69 67 37 28 49 86 218 177 171 79 185 188 158 6 179 173 198 126 50 27 167 165 10 162 23 157 66 138 202 106 181 175 
185 68 13 151 175 70 149 65 192 112 87 26 218 182 196 53 103 76 40 204 184 147 203 152 81 41 21 89 9 199 36 75 109 170 162 102 217 193 172 111 165 160 114 15 213 138 23 190 83 202 77 155 71 
186 134 63 59 11 48 144 76 14 18 42 51 131 22 66 205 69 112 171 147 107 146 3 38 161 62 198 57 82 138 86 166 79 178 141 155 119 214 44 109 
187 161 212 20 146 73 78 27 2 45 30 200 4 152 134 66 135 61 181 75 32 204 96 113 48 101 127 166 172 165 50 74 171 51 88 5 81 8 203 56 202 63 6 199 132 
188 40 37 197 155 86 44 67 72 89 121 169 175 78 75 104 209 123 85 13 11 218 69 208 142 74 59 131 19 145 133 184 129 88 56 120 3 148 92 10 189 180 136 181 64 
189 153 54 32 52 69 2 197 70 55 62 93 139 160 65 180 102 44 9 137 149 58 100 98 66 15 129 158 124 119 208 195 29 202 38 117 109 4 188 48 214 51 163 87 143 
190 201 196 106 93 81 21 27 212 10 173 63 43 78 44 135 16 103 179 129 182 131 26 65 109 85 40 57 9 185 28 150 48 95 183 144 76 
191 203 53 114 124 141 74 178 9 132 163 47 98 158 138 93 78 156 176 200 174 71 61 91 199 46 216 126 127 169 36 60 65 181 42 105 11 125 121 136 149 43 208 52 
192 15 171 94 70 79 45 216 185 147 13 41 166 109 21 211 134 23 34 40 5 128 117 39 115 120 144 29 154 17 148 46 42 20 61 165 7 92 158 47 207 121 9 212 22 75 
193 161 199 100 53 134 216 211 148 218 212 77 84 197 91 34 143 43 145 125 207 14 98 194 37 108 49 50 25 159 74 160 102 185 36 170 20 172 196 165 60 141 59 32 9 150 180 28 
194 216 31 82 19 103 173 71 80 92 181 33 68 106 149 30 121 155 138 111 75 64 193 115 158 202 54 129 53 23 112 108 97 178 4 34 151 79 50 174 15 205 198 18 61 46 146 59 133 204 206 
195 197 76 52 103 4 57 97 35 34 125 218 73 21 49 216 196 114 113 102 15 142 121 30 44 27 109 165 12 117 158 120 100 82 160 28 33 189 10 69 112 124 108 66 104 139 162 29 7 26 64 151 
196 125 86 198 28 190 107 70 16 45 150 67 115 152 185 195 215 131 175 19 136 202 213 79 84 44 36 209 119 89 206 68 58 104 111 160 77 193 54 57 155 91 63 42 38 106 
197 181 195 109 188 38 162 123 206 189 129 115 159 153 193 151 211 200 138 46 149 148 78 102 4 146 93 94 19 163 88 132 1 118 141 99 76 61 65 127 25 
198 169 154 196 71 94 50 66 46 111 155 143 100 156 212 164 53 128 186 126 17 161 183 163 15 205 114 199 118 37 95 36 184 48 63 218 194 55 41 132 122 
199 117 208 111 193 113 127 211 147 136 88 159 207 149 72 26 87 3 58 37 106 79 114 9 99 15 166 85 191 121 181 185 201 152 212 198 77 65 187 179 28 104 
200 30 207 118 93 218 68 66 187 183 176 180 191 197 125 62 45 149 182 143 100 116 151 130 128 95 203 44 129 90 10 214 33 166 69 2 140 105 51 145 3 92 
201 190 58 124 52 30 157 148 155 40 176 166 8 150 212 117 87 122 217 119 218 174 21 156 17 199 116 164 121 45 169 113 158 57 96 112 42 115 203 173 32 38 
202 44 139 14 20 124 47 30 1 91 48 182 26 206 110 178 99 82 13 205 126 53 119 98 104 62 92 196 194 109 215 95 118 175 134 72 21 189 187 33 11 148 131 144 185 138 204 145 184 203 135 
203 191 24 146 0 118 170 91 78 22 77 36 133 8 45 185 17 132 34 140 156 200 85 148 138 187 60 67 169 3 112 136 35 201 56 163 109 44 155 202 175 13 
204 56 48 97 155 92 71 57 44 217 74 125 153 183 207 113 134 76 146 187 163 16 2 91 107 185 80 53 73 83 117 105 145 109 159 123 85 46 58 118 128 66 202 5 119 194 212 
205 141 158 167 60 56 99 57 29 52 130 74 102 109 176 82 88 186 119 173 202 154 215 95 43 145 12 182 118 16 198 75 172 22 138 81 1 76 111 213 96 178 2 194 87 142 171 208 27 144 
206 214 142 172 141 114 217 170 6 197 20 83 202 161 129 156 4 68 216 180 10 150 34 56 81 130 111 50 21 127 181 196 151 47 108 26 90 128 165 58 16 167 173 207 194 
207 200 168 79 208 123 59 171 26 132 160 199 1 204 31 84 155 128 68 3 5 37 74 103 36 161 193 24 104 157 130 80 148 85 20 131 52 15 97 151 129 111 147 4 11 192 121 136 57 206 39 
208 199 26 118 171 207 130 40 119 34 114 142 12 133 146 45 67 66 108 178 49 15 188 75 181 36 153 189 102 134 182 152 51 59 38 154 143 191 205 73 129 
209 58 130 178 107 211 51 65 218 146 169 188 64 72 39 123 11 157 53 95 102 59 69 52 147 1 33 217 168 49 26 196 116 66 71 166 98 155 150 85 37 159 180 17 79 119 48 
210 36 109 30 125 131 6 50 102 21 94 70 96 177 88 19 33 121 57 138 10 47 123 106 39 100 89 22 169 137 124 142 118 13 12 95 43 152 
211 12 127 27 131 199 209 119 193 70 116 31 90 72 47 11 99 125 197 15 192 215 149 161 3 167 156 5 133 82 68 24 165 30 98 153 0 75 164 216 60 42 46 151 213 123 132 9 17 174 
212 163 187 18 98 58 96 190 84 117 127 217 177 66 86 5 125 201 193 56 27 140 37 57 78 198 99 116 215 155 42 60 17 156 199 49 149 95 83 152 107 80 43 192 90 162 106 204 
213 122 157 55 3 37 48 175 90 161 102 148 174 154 153 196 164 73 41 98 91 38 156 130 158 0 62 78 115 88 124 21 121 211 185 205 64 83 66 8 79 89 80 131 109 182 129 12 
214 206 141 60 114 18 23 13 56 10 120 216 100 113 145 163 182 121 140 32 133 79 130 112 178 139 171 95 162 39 124 38 36 58 49 128 176 186 200 189 16 92 70 160 55 126 
215 5 51 129 136 29 135 95 35 134 54 40 147 196 97 205 116 212 211 133 182 110 169 60 65 165 56 16 202 141 167 33 171 122 91 137 177 94 43 83 138 170 23 144 36 
216 194 25 50 183 116 7 192 57 193 136 111 214 14 63 139 96 41 171 195 48 169 97 138 93 206 157 191 26 123 47 211 88 56 52 104 40 11 142 90 112 85 91 
217 13 148 206 5 38 117 204 75 20 126 212 79 124 34 98 76 167 166 88 23 109 3 201 45 83 121 171 0 153 209 181 15 18 43 16 185 172 4 87 24 180 135 145 81 163 157 77 56 
218 165 140 154 14 57 62 39 75 200 77 64 185 105 209 125 69 49 195 183 103 193 68 181 55 188 107 98 184 201 31 109 13 93 73 135 164 24 44 198 30 126 94 17 160 118 155 173 97 182 
