0 147 7 21 87 150 214 160 187 68 229 86 216 22 192 228 206 67 47 12 179 195 166 173 48 74 53 1 194 227 142 52 75 126 107 181 186 114 97 204 56 124 121 136 34 20 161 210 72 57 140 50 205 139 148 184 145 149 174 80 5 172 37 207 4 102 165 215 108 58 153 55 188 99 134 113 202 105 10 152 70 167 40 60 31 155 90 11 158 119 110 23 62 81 159 27 127 61 164 154 79 141 135 33 162 176 
1 212 29 40 197 174 150 2 151 106 13 17 130 99 74 167 53 206 204 0 210 34 61 108 164 4 16 19 129 23 120 50 135 227 122 209 38 128 147 86 191 133 175 166 153 201 139 32 91 78 205 36 39 195 190 41 228 202 177 56 104 3 49 81 156 140 18 101 152 82 117 105 11 7 225 187 207 119 80 31 20 77 222 47 126 26 132 145 181 89 46 94 93 96 58 169 178 6 48 54 98 165 159 217 21 25 223 
2 21 202 179 48 51 78 145 97 52 1 150 211 197 136 201 63 149 213 216 6 128 126 188 9 158 175 185 50 142 60 113 138 154 35 119 192 23 111 53 4 226 31 200 3 114 20 109 36 88 92 45 18 32 17 80 41 73 129 215 68 130 38 112 86 105 187 135 34 153 55 5 102 189 122 7 140 103 208 191 56 11 139 19 229 33 47 127 171 162 27 87 167 217 178 196 204 231 223 228 133 59 24 14 26 89 182 43 40 90 199 170 206 125 193 124 116 64 176 186 210 123 115 147 
3 109 149 215 22 125 184 112 21 116 85 168 141 221 212 106 97 179 169 145 139 182 40 120 197 217 181 203 178 96 222 155 27 133 192 2 113 230 122 209 24 58 154 77 46 142 6 38 30 91 218 1 224 42 54 166 98 62 63 9 188 137 18 48 214 108 175 78 132 114 95 36 47 211 29 59 44 129 152 103 161 53 127 185 33 219 146 56 119 117 25 205 79 70 163 201 99 229 67 150 135 220 158 45 69 189 159 183 167 26 225 186 65 157 13 28 118 170 123 
4 80 53 176 120 124 197 190 102 78 132 94 153 105 217 89 60 202 65 107 13 103 73 163 56 71 54 79 51 156 64 125 69 181 146 34 136 1 70 5 188 45 126 199 224 6 2 68 121 113 209 139 75 21 150 17 212 84 19 177 178 8 62 83 137 149 82 189 106 216 227 52 30 200 0 93 210 110 63 27 166 171 117 33 122 173 195 24 66 85 167 143 175 74 152 131 81 180 61 77 174 86 48 32 123 145 151 11 95 108 129 59 191 230 114 226 218 214 26 
5 153 226 76 50 209 37 72 119 183 202 170 198 49 167 21 176 45 185 227 39 36 56 155 109 93 230 205 41 229 107 33 80 113 14 86 4 171 126 214 9 22 24 181 177 75 165 180 140 64 186 48 29 218 17 0 79 114 26 105 213 97 163 200 60 38 2 15 179 73 152 161 138 118 159 98 149 18 150 10 178 52 116 13 27 95 221 137 231 129 7 91 115 121 195 127 59 100 128 83 217 139 157 148 11 99 212 88 194 193 87 106 58 208 203 8 67 65 123 25 
6 66 92 191 100 96 136 133 15 213 139 171 16 42 25 110 8 144 33 201 74 169 2 23 148 28 142 71 80 211 26 82 49 37 83 39 168 50 187 141 18 167 120 40 118 4 79 134 149 122 164 232 170 36 9 179 54 225 202 3 161 88 163 31 108 11 99 147 230 226 216 19 47 119 51 129 154 94 78 90 117 220 209 176 229 53 130 29 143 180 38 175 228 212 89 178 75 184 61 72 76 52 55 177 58 14 217 186 132 159 87 138 1 156 62 127 24 218 193 101 183 124 
7 119 0 146 128 56 78 97 49 135 34 134 172 38 124 200 95 30 51 40 210 96 105 101 198 132 21 126 102 24 52 45 26 22 169 220 221 145 41 207 83 63 180 61 214 181 170 143 178 106 59 44 171 109 153 196 176 37 2 114 174 93 110 144 173 1 27 156 142 73 12 9 111 189 80 84 57 216 5 188 72 229 31 120 81 130 39 133 159 197 74 122 100 201 99 227 219 226 36 231 199 64 190 8 212 127 165 98 10 86 15 191 23 222 
8 73 138 124 103 192 173 50 203 198 216 87 177 140 122 217 152 161 68 65 92 24 229 6 89 94 201 23 43 116 126 16 61 80 29 37 206 179 222 49 128 25 230 189 20 18 166 147 169 171 224 4 175 63 211 187 79 106 27 9 117 190 14 15 51 205 183 82 121 139 26 66 62 60 91 75 204 105 153 181 215 188 158 131 71 127 93 59 228 110 58 162 129 72 28 98 130 144 212 70 64 114 195 83 141 196 200 13 47 78 150 7 218 5 108 184 155 136 77 151 
9 87 194 53 107 178 136 123 219 79 77 158 225 12 170 23 207 98 110 190 157 193 31 92 138 215 63 117 20 142 2 218 208 13 11 19 143 203 42 75 5 14 230 213 209 95 139 59 191 48 57 220 85 91 6 25 196 106 15 133 200 76 30 210 39 118 214 8 83 228 172 40 56 140 3 171 177 125 126 188 180 7 162 155 89 165 34 151 130 120 161 29 60 224 80 229 69 146 24 71 206 108 46 212 222 35 18 41 47 199 153 189 61 114 148 150 121 93 27 135 217 116 181 111 185 127 204 183 232 201 223 28 101 
10 94 26 54 128 186 15 225 85 38 43 109 157 120 190 93 78 30 40 194 79 112 161 222 68 140 175 142 223 127 179 116 70 204 101 131 36 32 230 148 87 63 11 41 133 37 67 21 150 173 188 214 57 86 207 141 177 122 34 115 107 28 183 151 135 210 50 197 211 99 117 104 147 176 90 92 231 114 52 145 181 155 195 5 125 198 71 47 74 110 53 0 132 35 144 126 20 100 56 212 72 227 22 81 105 162 172 196 184 97 137 232 201 134 164 160 203 154 7 202 185 
11 71 199 87 72 202 25 173 165 174 69 178 209 73 40 172 219 80 53 74 180 23 47 188 133 65 189 44 228 159 128 132 9 176 75 193 10 48 131 127 28 91 12 195 206 130 103 79 215 138 139 108 49 186 146 121 50 204 29 164 6 208 203 119 85 59 15 148 96 222 187 61 217 2 1 207 114 98 169 137 106 185 117 116 190 38 191 158 100 140 135 14 220 160 33 144 27 162 200 20 68 230 5 26 0 16 4 89 157 126 104 24 179 88 78 17 93 31 112 109 136 43 213 56 156 35 221 60 34 216 
12 183 100 114 120 213 21 87 79 36 176 9 53 0 57 218 141 44 67 73 30 68 217 135 155 177 23 27 80 232 208 182 89 194 116 124 149 169 147 125 174 105 64 11 171 185 22 128 51 225 58 119 140 165 60 91 192 92 118 216 127 110 207 178 148 221 136 34 24 29 62 104 181 170 31 197 150 179 188 7 15 97 117 90 200 49 86 186 48 14 195 142 93 229 161 228 77 40 20 102 81 47 101 191 70 112 66 139 202 99 154 219 65 173 189 17 167 204 
13 195 49 87 113 185 70 55 1 165 186 228 4 82 52 25 110 197 208 86 216 221 29 33 135 223 191 60 9 212 231 68 136 80 213 153 152 179 115 106 220 96 24 65 20 190 126 147 101 46 118 19 173 157 30 40 74 51 63 189 206 211 76 176 90 108 181 149 193 58 56 143 140 5 83 169 144 57 137 182 17 97 166 36 124 131 174 123 154 44 196 133 146 167 183 128 116 8 66 43 93 164 151 201 168 16 23 99 3 170 
14 77 126 27 175 81 68 123 100 208 73 184 229 84 195 37 136 82 164 214 102 103 230 201 131 101 165 41 197 196 108 5 39 128 137 169 9 172 69 178 23 90 83 190 56 87 218 75 109 144 49 147 139 152 61 112 57 183 44 20 65 188 8 35 185 228 219 95 86 120 134 227 33 38 72 29 210 98 15 220 11 114 12 45 186 93 97 205 6 221 232 217 94 30 26 154 130 160 209 16 2 79 106 85 96 115 62 192 194 193 91 213 150 111 153 118 203 34 207 125 133 135 200 
15 139 214 10 219 100 126 65 121 61 6 92 208 123 228 30 51 165 88 216 21 188 59 169 157 137 111 86 187 75 218 154 167 141 22 181 127 152 225 43 180 226 53 81 70 164 134 112 133 9 101 29 144 124 113 161 148 48 213 232 136 149 94 8 73 204 11 176 160 34 5 32 16 120 38 12 56 202 14 178 230 207 115 206 125 203 168 221 67 54 17 116 217 110 114 189 205 153 66 163 132 118 26 147 20 60 138 222 227 47 97 209 64 7 
16 87 76 89 92 130 158 140 155 147 34 69 64 144 160 6 174 169 32 230 82 104 98 117 29 79 38 173 176 133 187 83 8 66 146 1 132 232 228 61 129 180 213 54 121 178 84 106 35 17 86 128 43 75 19 134 185 103 223 171 33 177 163 99 72 220 68 41 50 108 164 193 166 30 95 15 194 78 57 216 156 58 124 62 150 162 131 125 138 25 14 182 137 42 11 203 52 28 207 71 105 39 113 77 13 97 27 167 107 168 
17 35 217 95 149 224 209 203 61 156 104 166 227 114 170 1 201 41 118 100 57 177 71 171 164 220 31 40 212 202 152 97 187 70 105 99 210 83 131 218 121 45 16 52 181 28 39 174 141 49 103 4 108 216 228 2 231 73 142 172 204 87 148 89 72 190 5 51 64 50 214 25 128 109 175 30 134 92 135 178 200 158 76 79 160 165 60 54 13 90 182 15 24 176 185 189 186 18 101 112 59 138 46 84 96 146 169 11 106 119 145 22 98 74 130 192 85 75 12 47 198 32 
18 86 80 93 113 154 203 48 202 46 87 44 114 212 51 43 192 123 135 221 59 194 50 227 209 83 174 6 35 55 152 222 78 201 38 69 101 52 37 8 138 47 224 2 211 141 175 102 26 223 81 105 136 176 231 131 177 109 1 61 3 34 162 146 90 5 180 147 172 115 62 189 126 156 122 89 96 188 111 84 17 120 124 9 183 58 100 195 160 128 230 167 204 76 99 110 88 77 196 36 139 181 214 134 165 
19 31 136 37 173 70 103 160 90 36 193 92 94 206 85 175 140 42 113 50 221 86 120 55 67 157 229 39 49 91 198 170 194 1 132 73 9 144 231 121 208 60 149 141 16 4 71 13 110 165 228 44 58 101 54 123 217 38 56 6 28 213 104 78 153 189 155 89 27 63 84 53 230 108 2 151 202 222 129 145 128 147 226 75 167 158 45 168 87 74 186 77 115 212 215 180 114 122 143 62 81 195 82 124 126 59 197 177 164 227 184 24 163 21 191 181 
20 64 66 190 171 74 174 142 205 230 95 192 135 30 207 61 179 86 68 113 162 201 145 232 166 147 69 62 157 229 156 70 9 109 148 196 43 50 218 60 154 194 90 83 173 164 185 0 8 24 2 132 150 13 203 180 94 26 121 53 73 44 40 122 63 89 170 80 14 199 55 184 48 127 227 136 124 71 224 49 141 75 59 160 167 108 54 87 58 78 140 1 231 65 214 57 21 99 77 52 11 10 188 165 12 33 35 149 195 200 138 155 107 114 27 110 15 183 208 118 39 216 28 219 100 161 
21 158 2 162 141 155 40 0 54 12 64 87 3 91 5 214 75 95 215 194 156 177 52 183 165 173 98 198 15 68 131 33 129 41 228 93 203 154 53 112 43 231 149 161 49 132 7 148 208 133 122 121 108 138 89 10 66 205 4 180 181 99 189 84 29 153 207 199 58 224 211 204 85 182 142 196 70 126 225 151 140 82 76 25 147 143 160 163 77 57 230 136 24 159 223 67 134 102 60 59 100 20 127 139 218 46 175 186 47 171 72 96 62 104 184 107 19 1 101 192 
22 81 229 85 26 108 230 3 49 37 183 136 46 0 161 172 228 128 226 165 25 27 71 189 106 216 231 140 62 122 5 143 39 90 188 15 199 179 166 202 28 7 12 68 151 219 214 34 192 97 182 102 169 211 221 127 175 55 174 148 86 50 222 98 196 176 110 92 131 173 232 57 120 171 41 80 126 58 204 168 95 144 52 227 23 160 121 129 78 109 70 103 112 10 32 158 217 119 67 117 138 185 224 38 17 170 180 198 
23 97 228 33 152 156 131 119 9 192 147 175 132 11 106 47 71 143 8 6 112 74 79 194 158 94 12 111 30 103 62 1 89 96 25 91 32 124 29 2 170 40 222 165 113 226 216 166 177 14 130 117 213 50 230 69 87 46 191 127 178 66 45 201 36 153 227 232 61 58 59 155 63 229 34 139 129 75 140 60 218 110 169 68 167 108 193 95 85 116 151 225 171 77 195 181 159 22 42 145 44 190 24 98 39 217 184 154 168 105 150 211 0 93 100 28 114 146 204 144 198 57 13 180 7 
24 169 73 223 136 75 54 210 63 97 104 215 8 173 58 36 102 49 132 181 92 164 33 160 151 159 203 86 81 153 161 119 200 5 135 7 44 125 35 20 124 13 199 186 89 211 114 180 3 178 202 197 222 137 207 171 195 228 152 27 206 191 217 155 93 12 154 129 32 4 99 21 100 133 38 65 226 175 143 40 28 71 182 103 77 221 84 201 41 17 9 218 172 229 2 72 23 131 82 11 6 179 108 25 59 214 19 113 26 232 74 88 193 141 227 147 
25 53 226 57 90 51 82 99 11 103 174 111 78 129 6 38 27 83 13 201 58 22 213 162 79 217 135 160 42 171 85 157 228 148 70 232 23 225 8 177 41 106 176 75 104 77 66 61 76 163 170 9 47 137 166 222 72 202 189 100 50 113 169 152 180 64 59 219 168 207 21 130 97 73 128 17 105 195 84 206 156 114 181 147 155 173 140 218 86 191 198 52 37 139 40 151 126 187 192 197 220 94 229 71 3 205 16 34 95 190 215 45 127 24 36 93 125 224 5 144 81 1 
26 10 91 129 22 139 153 207 210 165 56 184 136 204 53 85 104 231 193 63 186 28 230 45 6 182 69 123 157 101 179 173 172 84 105 178 59 30 27 79 205 147 83 89 149 7 161 217 171 33 54 20 226 214 197 76 159 18 138 163 34 194 148 73 40 137 143 38 130 5 95 164 188 70 215 155 135 128 144 8 87 131 232 190 146 60 141 112 185 35 1 174 169 48 74 126 41 51 14 11 90 206 2 102 120 64 88 109 15 68 3 81 132 119 24 134 4 
27 191 226 55 138 14 200 75 230 219 225 85 221 156 34 215 114 25 47 22 48 147 186 37 208 139 120 154 12 112 123 106 218 26 214 169 153 3 29 107 88 42 79 196 45 129 31 132 198 117 195 40 192 43 193 65 137 54 74 59 173 53 8 229 185 207 121 80 190 224 163 46 203 24 131 122 183 94 161 4 89 128 19 28 187 77 7 113 58 76 5 72 104 213 171 51 168 2 125 86 95 11 149 103 199 93 118 105 110 35 148 135 141 87 223 9 20 0 82 83 205 101 61 179 100 30 16 91 
28 211 145 47 162 205 131 147 156 66 152 178 112 64 113 96 117 198 26 227 6 232 95 193 225 141 161 48 58 129 146 143 185 121 207 11 163 22 81 17 210 37 69 224 101 45 30 50 144 72 90 200 155 10 84 192 213 98 169 19 221 111 86 195 79 151 92 176 71 27 126 158 125 97 35 24 188 55 186 123 139 57 216 164 142 136 53 114 82 34 189 51 8 102 135 160 231 199 16 80 23 59 215 83 89 218 196 9 61 20 3 110 118 168 
29 215 1 83 41 59 97 133 210 169 139 105 154 42 81 143 40 212 141 200 144 110 162 16 117 47 55 56 50 124 188 60 87 121 13 207 102 178 100 137 104 63 224 228 142 195 8 205 145 129 158 131 201 146 38 111 23 229 155 27 177 61 140 45 113 118 76 65 21 164 35 75 189 15 74 149 46 5 109 11 186 151 213 157 64 214 135 170 99 196 202 127 32 221 84 134 12 77 219 91 181 126 6 3 130 211 166 14 216 9 68 90 168 93 51 85 173 153 167 122 163 82 174 58 176 89 66 112 147 208 185 
30 141 218 123 154 159 64 174 20 40 10 62 169 44 165 220 79 71 7 15 12 175 206 171 41 181 23 61 110 103 122 135 73 33 42 26 120 80 201 155 209 124 214 70 57 143 96 136 111 129 164 28 94 43 13 74 223 3 9 213 98 56 54 112 205 4 106 39 115 113 92 90 116 219 17 37 55 16 160 138 222 60 104 183 118 49 65 107 148 127 191 31 225 185 91 125 68 150 34 145 14 207 195 187 81 121 76 35 87 97 32 151 186 86 108 216 153 82 58 69 190 27 212 
31 19 190 189 69 168 206 191 9 57 151 34 187 70 133 208 95 154 17 144 125 179 66 178 209 117 134 81 92 141 194 2 195 130 99 27 121 60 100 129 215 177 196 46 97 113 6 230 131 163 182 119 139 40 112 41 71 165 203 183 219 72 56 12 93 1 124 166 106 79 197 30 224 205 210 82 7 32 222 188 0 217 110 101 84 96 94 75 140 172 213 11 161 227 211 149 225 120 204 55 135 
32 42 218 111 55 69 171 85 115 181 64 131 137 208 184 74 160 16 210 106 101 79 155 86 164 192 215 121 214 159 170 229 172 10 225 23 162 100 83 139 145 149 140 1 2 178 44 156 198 90 122 132 223 40 125 118 39 204 99 188 142 177 29 230 176 51 95 15 120 53 150 59 167 157 75 232 24 221 54 158 194 186 135 50 161 38 31 124 103 48 119 193 187 68 113 134 146 22 4 209 197 30 222 207 91 168 148 33 17 169 67 154 
33 56 140 118 217 63 163 145 169 23 178 122 70 221 201 148 131 115 225 138 104 78 141 107 153 136 174 166 119 6 142 230 144 86 167 21 182 13 228 47 5 24 96 133 181 224 60 55 62 203 41 35 101 84 30 43 61 191 116 58 139 51 219 190 207 121 26 120 59 108 156 189 99 192 162 79 16 197 73 155 227 112 161 14 188 198 171 124 4 208 125 129 2 211 176 187 160 110 202 137 11 3 54 216 132 149 46 205 186 20 147 72 143 123 83 214 89 152 164 45 67 151 32 0 206 
34 224 199 202 151 49 126 228 182 226 124 37 140 7 16 57 50 194 31 27 84 39 94 1 85 154 92 4 193 185 88 119 0 225 44 214 196 163 159 155 232 75 22 195 10 38 116 133 178 62 69 26 169 162 165 115 180 101 23 183 2 136 152 77 15 72 12 18 231 201 64 118 87 220 230 9 86 158 146 127 184 176 122 82 42 30 113 148 35 137 209 147 103 71 188 28 25 171 198 157 56 219 215 210 139 96 83 206 181 174 14 222 216 11 179 128 99 
35 17 200 113 208 218 75 214 116 117 221 213 180 185 186 158 155 166 53 223 91 62 184 119 168 36 126 129 229 142 128 96 2 207 33 56 73 135 50 18 84 16 167 24 111 81 209 29 152 95 133 202 52 219 131 177 159 14 46 92 47 110 147 59 121 122 174 204 114 127 82 102 211 26 88 28 153 38 103 10 224 51 69 57 34 191 179 125 78 156 40 148 98 20 196 9 193 54 27 42 30 80 90 86 65 161 232 154 190 89 228 188 198 11 172 178 44 220 
36 224 157 95 178 167 48 37 80 172 12 89 218 109 181 59 19 219 223 96 40 106 5 217 24 51 117 35 132 228 90 226 85 104 140 10 206 153 166 165 137 154 159 227 65 93 199 194 119 190 160 2 114 6 155 151 183 1 222 205 118 174 214 44 23 71 64 126 82 101 52 232 68 77 58 209 113 76 162 42 3 176 38 173 180 198 210 57 213 134 87 50 127 94 200 13 215 129 191 105 150 147 192 187 121 66 149 123 122 193 7 25 72 79 18 99 49 128 73 75 112 
37 133 206 19 5 127 115 66 36 108 22 196 34 134 116 170 54 153 212 231 14 104 49 129 185 112 122 140 155 27 94 64 118 182 205 99 8 146 6 160 144 148 61 53 191 86 10 45 28 58 102 63 18 184 84 229 71 110 79 111 96 42 62 164 85 204 192 78 228 173 57 195 0 142 208 210 183 156 179 40 7 93 30 175 77 107 131 149 95 56 51 76 69 207 25 123 72 136 100 165 232 202 200 109 219 163 224 38 145 158 169 103 150 211 87 97 124 152 181 159 180 126 172 81 
38 130 199 94 92 219 41 144 220 67 112 167 201 10 132 122 202 7 119 166 218 156 232 56 191 25 174 178 16 149 117 66 169 176 99 127 70 49 129 228 128 73 29 162 222 229 79 104 18 72 1 226 42 74 120 86 106 34 164 3 2 19 26 136 184 221 51 215 5 102 93 206 14 155 36 6 24 124 15 68 89 192 11 81 160 100 35 177 172 142 193 179 32 209 44 195 140 196 37 141 109 53 65 54 139 135 22 48 125 200 113 80 75 126 58 59 134 
39 182 143 148 174 72 217 221 126 79 133 169 97 120 146 139 56 5 102 34 77 183 152 51 83 19 149 212 14 132 142 101 203 164 6 75 103 49 22 117 71 145 206 17 188 50 141 209 190 186 208 1 43 130 9 118 108 81 82 153 151 115 161 191 78 32 224 192 214 88 135 185 207 30 162 80 46 104 124 110 95 155 48 112 222 167 91 137 171 180 89 59 85 66 7 23 131 175 172 16 73 69 218 219 230 52 90 64 197 20 98 204 
40 1 205 198 21 101 63 84 54 30 11 29 10 143 191 92 199 36 96 64 100 117 69 68 7 209 61 197 155 129 140 3 154 17 106 167 193 109 121 128 206 108 181 6 73 55 164 23 58 157 57 231 184 104 162 180 60 27 78 125 118 13 70 51 165 20 145 178 32 26 161 9 138 31 37 166 79 65 144 185 119 137 124 113 222 131 147 91 107 194 25 74 48 24 127 232 217 225 207 200 12 214 203 170 87 219 0 123 179 35 183 110 105 62 195 142 216 59 2 156 77 177 46 188 98 159 152 
41 137 29 38 48 55 109 224 98 129 111 69 152 53 186 17 75 56 157 185 5 66 76 21 14 46 161 136 47 30 184 51 172 156 209 33 229 170 10 25 133 121 71 195 116 210 130 154 96 7 79 86 1 2 171 124 181 199 16 144 188 194 179 42 31 189 180 222 22 231 192 159 205 105 175 74 62 118 202 122 142 104 70 89 45 150 213 50 230 24 26 225 68 131 80 9 60 97 217 106 190 143 148 65 207 85 149 67 
42 32 63 173 217 211 204 29 179 184 170 190 67 182 212 6 119 19 213 122 183 175 81 178 111 202 180 94 106 87 154 133 74 176 25 164 223 49 129 9 225 156 30 72 219 80 143 98 160 27 203 215 71 38 103 142 228 84 48 117 132 37 138 167 78 171 126 221 83 149 214 127 3 163 147 41 210 135 191 152 85 36 205 200 194 146 91 197 73 162 108 56 23 155 192 55 34 157 89 75 123 16 118 131 35 224 226 174 104 97 134 206 151 158 209 60 201 
43 210 201 128 10 68 87 18 78 139 90 61 8 45 50 131 20 21 110 60 112 206 194 33 75 174 135 189 149 167 107 101 151 15 16 79 27 30 91 114 156 200 187 39 84 173 51 155 76 154 145 63 211 172 100 46 196 231 207 111 227 152 170 103 162 159 132 153 158 168 59 180 141 212 215 195 2 224 58 129 116 179 226 73 105 125 13 186 181 11 133 57 80 47 225 
44 142 190 67 51 214 92 98 138 218 201 207 194 165 121 159 89 50 30 108 205 166 18 129 144 12 158 85 189 145 11 213 135 105 228 182 210 116 216 46 45 24 34 177 220 170 99 212 150 101 90 224 32 186 155 203 123 20 118 36 80 19 87 14 112 61 78 7 53 195 206 164 52 230 181 187 132 75 3 128 70 223 114 151 193 66 58 23 208 38 72 184 146 13 173 54 107 231 137 183 232 69 62 65 209 109 196 35 95 106 141 
45 94 115 163 130 180 138 5 215 146 60 224 219 189 198 181 178 43 188 128 152 210 26 167 127 117 124 173 98 4 200 196 190 197 192 230 64 44 144 7 37 17 66 95 27 78 28 175 2 80 29 76 49 54 23 62 177 213 74 209 90 203 139 147 53 135 99 97 129 69 63 81 225 211 101 184 119 179 212 14 176 134 41 185 136 61 19 166 154 232 114 207 116 182 156 25 55 3 91 77 140 172 65 132 194 33 171 93 208 84 46 202 52 
46 219 111 196 197 220 109 222 166 107 162 179 105 62 22 18 88 92 167 115 229 211 50 75 133 57 112 41 141 231 48 195 91 225 71 205 119 44 204 124 106 180 72 215 13 138 3 23 183 125 31 29 164 117 207 120 126 54 226 94 35 27 122 43 161 84 49 227 82 39 159 78 121 203 216 139 158 118 146 208 143 96 1 33 116 9 21 86 69 171 228 17 129 77 130 83 61 87 40 214 201 137 60 182 100 200 172 102 104 165 45 90 
47 151 202 124 28 177 228 215 173 185 187 63 191 0 160 223 27 148 29 23 216 11 118 142 194 103 166 33 41 149 205 91 171 150 129 123 140 186 224 48 188 144 55 152 197 18 102 25 203 218 115 100 164 146 6 138 35 79 200 97 137 113 119 112 130 189 3 2 192 181 61 143 155 94 10 75 131 1 60 190 132 208 50 106 198 217 72 92 196 68 80 12 183 21 178 9 105 134 95 221 141 209 99 111 8 232 162 15 73 66 17 43 
48 154 166 189 220 2 41 202 36 163 133 208 212 200 198 18 225 69 63 130 111 116 0 156 199 168 137 27 226 65 46 187 28 113 157 150 172 80 194 139 219 11 145 47 215 9 79 192 178 97 59 42 201 99 88 75 5 15 179 95 56 223 53 143 148 171 20 135 188 151 86 3 118 72 102 203 71 164 140 134 94 61 161 39 54 40 12 98 26 149 110 158 55 232 155 85 32 174 131 160 1 4 138 173 108 136 177 167 185 221 81 78 67 96 38 104 91 87 73 
49 13 105 34 22 66 7 158 114 195 5 183 175 130 52 68 37 75 131 83 78 24 213 51 198 19 188 206 135 216 38 102 122 42 6 139 110 8 21 165 39 74 226 177 221 191 50 138 229 196 189 17 55 111 11 107 176 81 219 45 210 112 14 72 92 96 222 62 223 187 1 214 148 160 169 90 20 129 140 46 125 147 30 143 118 132 71 53 12 200 56 137 174 108 123 94 179 150 181 146 199 172 80 88 57 171 85 36 69 128 
50 229 126 5 8 161 201 101 51 152 75 141 193 44 34 185 209 116 58 19 127 29 46 72 170 149 143 43 225 20 2 216 61 89 18 118 122 220 1 81 207 6 35 158 147 198 204 142 139 98 49 90 0 163 39 146 120 71 112 23 28 174 167 25 192 11 77 10 224 52 63 22 16 57 69 222 17 64 138 145 166 164 144 134 212 60 214 91 168 102 114 195 183 197 32 202 191 65 36 190 47 189 41 157 100 76 194 156 200 210 227 208 206 59 173 105 95 221 135 196 106 86 160 
51 102 135 25 2 216 44 191 113 50 151 218 119 80 173 88 215 105 18 133 164 182 15 7 36 179 4 39 83 49 71 41 153 168 138 217 122 127 203 210 193 165 229 106 33 180 212 169 202 230 12 194 57 228 59 123 175 231 40 43 13 56 161 125 160 101 17 112 188 8 38 187 226 6 68 32 100 124 170 66 67 37 199 221 111 96 27 177 159 209 134 140 70 79 141 167 35 172 53 29 184 26 155 28 174 214 152 84 223 128 85 115 72 121 93 176 89 227 99 146 192 
52 141 178 149 194 2 53 192 159 162 109 213 131 147 190 57 214 49 185 13 221 21 232 127 198 0 65 202 78 67 220 171 164 61 106 56 174 118 123 222 7 204 17 215 18 170 156 177 116 208 66 151 90 227 173 35 207 98 129 50 157 4 191 205 125 36 44 132 197 10 74 154 101 5 216 137 25 181 158 68 130 22 97 122 107 6 91 20 142 76 175 139 73 224 16 126 226 217 103 188 70 81 120 39 100 150 179 230 45 
53 113 25 4 92 224 9 71 151 103 12 187 227 52 168 11 129 123 26 206 41 35 1 89 0 120 119 228 154 213 221 95 114 99 182 21 216 143 172 142 104 37 2 186 207 108 15 107 179 169 175 86 205 112 88 171 204 20 136 195 57 212 27 190 54 166 180 85 48 106 217 44 178 193 160 147 69 79 45 32 76 19 6 115 137 78 72 98 49 198 100 3 10 176 231 191 181 219 105 28 215 51 97 102 38 67 141 127 122 210 133 58 196 144 222 
54 101 125 10 128 179 21 40 195 90 185 82 24 37 226 212 164 194 104 129 4 120 186 85 220 215 151 16 147 166 80 159 168 26 6 183 62 211 218 79 45 223 27 69 76 106 155 119 30 19 148 53 206 3 46 152 92 193 153 198 202 173 144 20 139 131 181 178 204 32 146 68 197 140 94 48 154 126 209 138 71 84 67 17 33 102 91 87 74 15 100 184 175 165 133 136 180 182 207 137 44 105 1 191 60 35 224 38 77 143 99 142 231 70 118 
55 189 133 27 32 228 135 41 101 72 91 154 97 184 198 193 218 71 13 131 138 89 56 224 87 29 19 70 221 117 78 181 130 95 114 136 205 33 142 226 170 157 151 18 92 86 40 66 188 207 116 176 47 61 84 99 49 185 183 88 108 123 215 173 93 152 22 102 104 217 20 212 225 57 2 200 69 121 30 64 76 191 175 0 177 124 229 180 120 28 110 42 48 178 6 107 222 203 211 204 202 81 45 129 134 166 145 161 168 106 31 
56 33 193 64 7 79 181 166 95 216 107 100 191 213 132 26 221 115 149 211 55 39 165 38 41 60 106 229 5 4 153 29 121 71 52 210 35 88 168 128 0 225 192 226 177 114 141 136 117 146 124 59 175 14 174 119 172 111 1 58 30 51 108 209 19 48 158 180 9 129 133 109 2 116 37 230 202 31 204 90 170 13 173 93 15 49 42 150 97 76 196 190 84 194 99 139 3 152 10 65 78 140 159 214 34 206 89 66 105 184 120 145 11 83 57 
57 139 107 25 183 67 208 123 34 226 83 31 52 112 12 219 17 151 121 201 46 61 178 115 157 152 106 158 129 96 168 172 184 210 222 225 125 148 63 40 9 0 131 206 177 30 10 145 173 187 230 140 51 137 176 89 53 142 80 128 59 113 14 37 153 50 205 104 179 55 150 193 209 127 22 66 21 84 211 167 163 227 85 102 16 229 7 161 166 36 68 217 141 20 13 144 101 28 108 35 100 192 231 98 64 105 81 199 170 79 92 221 91 124 95 146 223 72 58 182 90 190 93 49 171 120 23 43 196 114 88 56 
58 136 93 166 146 92 148 66 150 84 157 88 206 105 128 73 129 50 111 25 24 103 196 212 231 133 75 216 227 28 117 95 126 112 64 87 211 152 226 33 189 40 81 153 37 79 175 228 63 222 12 201 3 139 180 21 135 113 56 19 140 23 119 158 72 36 214 230 13 225 22 0 232 20 203 27 164 217 76 16 174 132 197 204 167 68 44 101 202 6 8 178 1 102 193 18 163 43 118 210 57 29 122 5 171 53 184 147 30 208 213 207 38 110 108 
59 130 137 68 29 166 146 36 194 171 144 128 79 218 217 62 210 100 69 91 74 15 219 163 172 104 18 158 26 159 223 97 9 110 228 140 157 107 33 180 56 48 76 51 75 92 143 77 203 120 27 156 205 60 57 25 7 23 11 226 118 181 150 35 70 187 20 112 169 119 32 184 212 72 3 99 165 232 21 122 71 87 43 176 164 224 78 83 5 207 8 190 117 2 39 116 179 225 40 17 50 175 173 19 66 24 142 4 28 161 64 145 63 230 147 127 38 123 215 
60 111 90 201 128 108 121 183 157 74 156 145 4 198 45 83 141 190 56 179 104 70 147 214 213 202 29 69 221 61 72 43 139 13 2 33 20 75 211 99 224 92 65 199 19 230 120 31 62 40 215 12 158 186 188 71 191 170 142 59 113 115 167 151 87 203 116 5 152 181 194 67 206 23 154 79 180 225 30 50 8 26 160 207 174 192 80 223 162 196 47 209 21 17 9 232 125 222 187 229 133 185 173 193 0 95 54 166 41 122 184 205 123 81 93 161 46 15 109 11 172 117 42 
61 91 145 162 88 62 169 119 17 15 92 20 108 152 232 210 154 77 134 182 75 82 150 93 165 43 40 84 1 166 57 173 203 117 52 228 8 60 71 146 50 179 30 143 177 155 205 104 116 111 16 225 33 37 68 123 226 72 120 55 76 29 208 25 136 158 183 80 122 79 125 168 142 7 195 14 113 129 214 23 86 223 115 44 231 81 202 201 18 103 118 204 227 11 114 192 110 138 151 48 133 171 89 47 148 126 209 94 87 99 163 130 6 121 45 175 73 188 65 4 191 212 78 74 67 156 9 180 46 0 112 216 27 174 28 194 181 63 
62 85 169 61 119 143 30 97 73 46 201 67 208 124 59 107 167 122 200 154 35 20 199 185 197 212 232 186 109 207 22 144 23 173 33 86 210 171 101 205 204 130 60 111 100 223 4 54 37 187 121 78 118 146 34 45 49 125 113 227 3 96 126 188 209 189 12 219 159 70 226 8 176 108 41 183 152 16 177 172 218 102 128 18 80 175 203 190 134 40 19 6 164 145 14 117 230 220 0 89 65 44 77 21 99 161 231 74 
63 42 153 33 193 213 185 40 96 179 199 47 168 48 24 219 26 2 129 200 9 192 116 138 29 182 216 92 10 211 162 147 57 37 83 215 143 194 123 210 128 58 186 155 121 88 218 113 125 206 142 8 110 93 222 187 81 157 13 7 171 130 20 226 50 197 43 23 135 176 3 4 163 19 159 105 140 172 69 177 184 149 151 122 45 136 101 64 145 165 161 126 86 191 95 114 112 124 196 111 131 68 107 59 164 99 61 144 
64 20 56 224 153 30 204 21 32 180 88 99 217 191 16 152 181 225 155 67 120 226 177 40 28 209 136 232 121 227 4 37 109 211 228 58 144 210 203 138 12 66 199 45 185 85 201 156 184 193 93 5 137 98 25 158 29 220 36 17 129 112 50 141 106 134 100 72 113 103 55 230 167 165 34 197 122 140 75 111 189 215 157 80 63 76 166 173 115 151 213 222 139 90 135 57 160 163 68 207 26 89 8 212 202 7 188 59 206 39 219 102 154 2 131 96 73 15 
65 118 91 142 189 141 196 198 218 217 228 133 147 15 134 74 140 108 201 143 204 96 185 4 8 80 206 132 113 94 52 111 11 48 186 177 130 215 173 188 208 199 219 101 60 145 36 191 157 148 202 103 13 216 68 67 29 156 27 180 226 136 232 160 84 104 178 158 70 14 106 121 150 159 40 165 229 88 24 30 20 190 176 139 50 149 123 61 172 56 183 144 38 35 182 62 45 120 117 44 41 69 174 5 12 3 170 231 
66 174 114 6 161 20 37 101 49 58 184 28 165 216 185 92 231 150 38 141 41 143 212 217 157 131 175 16 170 197 31 199 152 167 177 75 64 166 55 137 122 21 45 25 97 228 225 132 52 133 191 194 146 23 163 164 230 127 136 120 203 172 123 209 113 74 222 96 57 51 223 193 8 111 142 72 210 78 4 88 130 148 189 77 178 144 90 44 229 220 176 232 87 39 98 107 140 36 12 15 56 59 81 202 13 102 192 68 29 195 47 129 207 126 200 
67 115 137 133 173 44 38 95 94 122 146 57 231 217 229 42 62 0 119 64 68 202 12 138 98 197 69 19 52 85 129 77 156 213 79 184 80 226 192 114 195 155 78 135 10 101 207 189 199 65 99 198 97 70 131 150 113 141 209 92 128 220 154 208 196 88 84 60 186 163 108 104 51 201 210 90 120 152 162 75 93 21 175 151 117 102 54 118 72 177 174 74 15 194 143 110 109 160 181 3 53 22 127 147 61 148 96 219 125 48 205 136 5 182 82 33 168 32 41 
68 114 209 59 158 101 198 14 92 0 184 75 43 160 8 108 20 88 49 195 134 124 146 207 67 10 87 90 40 12 217 21 173 194 128 102 130 106 212 228 177 231 202 127 13 69 91 116 208 61 118 4 180 78 170 77 22 65 145 89 119 199 149 215 171 135 81 109 131 71 83 169 2 218 129 16 132 140 36 51 178 23 192 191 54 105 201 111 38 126 52 117 57 179 142 29 58 30 183 152 70 136 11 47 32 115 156 41 64 213 224 197 154 26 99 125 104 211 63 205 181 66 172 166 95 
69 163 71 32 125 31 143 87 11 184 223 16 48 41 88 96 111 202 158 77 59 40 183 20 214 67 60 4 102 141 26 178 212 126 127 68 165 82 100 179 136 14 166 18 220 106 145 182 103 28 72 161 147 23 175 208 54 174 76 81 34 195 110 139 50 124 73 189 222 216 187 55 118 53 94 63 121 149 217 89 105 84 37 215 45 168 115 171 85 176 140 9 35 218 159 112 201 204 206 129 128 104 46 44 3 39 101 65 137 30 109 197 49 119 
70 81 79 217 131 130 221 33 74 19 219 200 187 168 13 230 154 126 114 78 146 205 73 118 213 60 105 31 55 20 211 112 161 134 164 10 38 4 183 99 17 25 158 83 149 194 86 226 107 30 123 133 232 212 77 15 163 165 208 67 117 195 139 40 169 179 132 222 21 104 227 209 65 174 218 26 216 59 178 182 203 151 72 62 95 180 127 71 155 44 41 173 156 51 0 76 229 144 125 138 68 207 22 3 148 119 147 220 8 12 52 170 188 150 141 223 87 54 102 
71 225 11 196 69 160 53 206 190 203 199 180 55 111 133 223 75 163 211 30 214 172 205 212 76 22 4 17 155 23 213 56 6 173 161 224 61 150 104 51 164 134 46 183 191 39 41 107 208 219 100 42 175 116 37 50 232 19 124 185 227 207 157 60 197 109 68 152 36 178 231 118 99 121 186 20 148 31 28 89 48 123 93 216 70 10 84 49 106 103 54 165 202 122 24 59 8 141 138 80 137 220 9 25 201 34 74 108 181 135 85 204 16 154 102 187 88 139 146 73 162 91 179 142 
72 192 11 5 86 99 179 197 39 55 102 118 109 178 194 75 74 73 76 210 94 89 205 50 175 217 165 177 204 84 60 215 124 213 42 173 181 184 126 113 61 38 160 129 0 142 220 116 122 46 69 169 176 25 28 199 49 157 120 17 16 138 208 222 146 130 107 58 136 88 64 34 154 119 48 196 202 98 121 70 31 206 66 144 187 59 14 78 79 53 27 106 37 211 170 6 162 7 67 155 229 103 161 151 226 128 47 145 44 8 10 24 216 221 209 33 114 21 77 104 125 223 231 188 100 57 171 190 132 92 51 36 228 137 153 134 93 156 127 
73 140 8 134 201 199 24 87 109 222 80 104 120 156 11 14 110 78 62 72 176 210 58 70 181 4 205 12 133 186 185 195 135 200 94 19 38 178 114 30 164 35 187 40 108 223 139 106 221 192 175 115 231 153 169 157 226 121 17 138 2 20 33 204 26 25 127 69 15 202 151 102 5 128 170 7 123 212 214 206 77 209 118 122 42 189 177 173 61 81 92 126 224 159 103 172 182 52 216 193 43 39 95 144 163 211 71 36 165 47 64 124 48 
74 78 119 229 100 20 70 83 141 65 60 72 11 32 210 1 195 101 138 203 0 180 6 171 59 23 148 42 131 130 120 87 102 89 49 77 142 147 202 38 186 222 176 179 169 79 211 122 192 29 30 27 13 164 118 136 45 174 92 66 126 193 90 219 214 52 85 224 133 106 41 145 10 76 40 182 4 172 162 67 54 19 26 212 221 220 199 189 81 86 181 155 71 7 134 61 151 225 167 205 197 17 113 163 132 117 24 62 
75 82 206 35 24 68 220 227 224 50 209 168 27 105 72 71 147 21 159 120 130 41 166 49 61 92 164 194 46 0 125 58 124 189 15 109 222 60 179 11 172 226 98 88 114 79 39 43 9 66 91 5 216 214 25 106 207 116 4 112 157 215 225 16 195 211 34 127 59 29 231 97 14 191 48 131 212 163 217 23 155 142 20 137 146 32 192 152 8 64 44 67 115 47 204 169 119 6 85 19 138 150 86 94 122 136 117 208 42 118 230 149 31 104 121 153 219 151 89 181 154 38 36 17 
76 5 16 225 205 103 167 207 116 142 104 158 117 151 130 72 160 179 144 96 118 218 121 71 93 41 136 112 105 186 113 162 122 108 229 148 192 188 211 61 166 78 184 133 94 25 106 80 100 45 164 29 59 9 140 26 54 168 206 102 124 69 101 174 43 180 107 210 21 123 141 13 223 53 36 173 55 128 110 183 214 27 58 230 37 17 137 74 91 64 159 208 56 6 77 70 176 153 85 50 149 227 52 126 30 172 161 84 178 18 165 212 204 
77 14 195 152 166 228 230 83 153 172 9 169 119 115 136 99 131 82 110 117 61 179 201 100 135 114 69 167 39 181 149 209 67 104 150 224 194 108 182 74 171 91 25 218 184 68 97 70 3 161 205 59 229 50 128 126 190 191 109 132 141 34 36 196 106 164 21 37 232 27 214 143 29 88 1 73 178 225 23 227 66 121 89 76 222 20 24 12 160 19 4 199 93 124 87 217 72 162 80 173 54 200 213 157 46 45 40 62 18 16 158 159 105 174 8 
78 172 183 74 7 2 81 4 187 106 10 25 73 33 212 70 165 127 86 207 90 154 115 164 43 49 190 52 55 89 126 92 108 200 217 224 67 133 18 173 132 122 76 68 45 124 40 1 142 195 62 42 37 228 211 103 209 192 83 39 160 88 191 161 44 218 175 19 177 156 6 135 3 148 113 137 16 66 222 20 72 230 53 114 201 185 128 46 144 166 231 158 151 59 97 79 35 22 186 56 117 189 82 145 199 179 61 227 174 232 11 8 48 159 167 220 107 180 93 
79 216 70 56 12 9 210 150 131 119 39 59 10 142 30 16 32 165 158 99 157 4 97 203 224 23 25 67 213 199 209 232 105 206 127 184 75 90 204 154 102 118 6 38 26 101 173 27 58 11 211 126 48 161 43 80 202 170 74 41 37 200 54 61 151 33 227 100 8 148 132 225 230 153 166 226 5 162 207 121 84 28 140 134 40 53 139 169 231 47 60 172 186 113 104 72 31 17 147 51 188 195 187 222 78 3 219 57 183 14 107 133 208 214 189 115 160 108 205 0 36 190 96 82 201 
80 4 166 211 136 85 18 167 176 73 36 98 116 11 51 120 106 149 158 65 226 163 227 6 122 5 12 67 118 8 99 96 48 133 185 232 30 13 42 54 160 195 144 137 82 125 224 76 84 45 79 172 61 228 208 2 132 231 148 128 152 57 123 0 44 108 110 194 20 27 121 91 177 198 142 192 107 39 22 143 114 230 145 1 139 154 209 60 7 168 207 64 183 151 219 130 221 229 9 71 62 206 83 215 47 159 101 41 35 77 28 186 49 100 217 43 38 
81 70 22 207 173 148 14 78 190 158 29 83 97 169 103 120 131 185 178 85 42 116 144 224 220 160 161 133 163 91 24 184 50 194 209 88 31 105 129 115 58 28 15 35 98 108 213 49 68 192 63 165 125 208 124 69 39 228 146 18 176 1 154 175 82 61 130 155 84 172 181 89 159 225 96 114 141 45 205 38 90 232 162 202 4 170 99 223 121 73 7 94 157 74 57 12 127 132 10 30 19 134 55 140 183 52 0 66 60 48 26 229 37 143 227 25 
82 75 148 159 174 209 158 227 25 230 192 155 176 153 54 77 83 129 13 101 14 16 108 61 165 184 231 126 6 107 179 147 206 200 195 69 201 193 80 187 121 177 89 141 146 4 220 39 199 116 85 21 169 81 149 36 110 115 232 180 8 154 106 198 113 1 46 171 112 35 194 157 124 213 94 225 197 34 128 31 100 211 118 132 228 28 78 150 151 219 215 221 24 95 19 29 216 186 226 210 27 167 30 67 173 162 79 97 
83 29 191 77 165 179 95 74 219 81 159 182 57 90 173 82 174 146 60 198 127 111 25 184 49 103 155 16 51 39 186 163 110 6 18 70 216 229 20 17 32 136 158 26 86 63 183 131 204 88 14 133 7 142 126 185 4 68 42 102 188 78 9 137 129 122 202 128 226 140 118 116 177 171 147 192 157 13 181 166 210 148 189 119 214 161 59 209 80 199 5 196 230 205 84 130 8 212 180 46 89 33 221 34 132 27 149 28 193 162 211 150 56 228 178 104 
84 190 119 197 182 195 188 40 108 114 58 122 14 138 187 132 102 209 34 204 134 194 61 208 232 180 200 97 117 72 219 196 26 33 215 100 35 154 16 104 98 136 158 229 228 231 55 37 21 4 80 185 42 168 101 43 129 28 65 206 221 175 85 148 79 146 120 67 181 46 81 141 25 29 214 19 226 57 210 223 216 143 162 69 89 71 7 184 105 54 176 227 56 24 127 106 156 201 153 18 161 31 51 111 83 144 116 123 17 76 87 118 170 45 213 135 
85 22 62 80 32 92 10 170 96 152 201 187 183 3 204 27 19 26 176 178 81 114 44 171 97 34 67 136 118 179 100 224 36 168 123 202 25 54 109 102 94 146 209 205 154 111 199 93 162 196 200 64 9 206 189 215 229 37 21 110 165 151 82 185 84 53 124 140 11 108 225 42 173 57 74 212 160 4 156 23 194 147 75 69 129 220 191 213 48 76 39 29 175 141 14 71 231 51 227 163 169 104 95 107 49 17 41 208 89 119 
86 215 137 94 18 72 123 116 223 220 0 157 90 92 122 20 78 210 19 206 13 33 32 192 99 147 15 227 166 135 5 164 62 24 133 177 232 172 55 134 70 126 37 16 170 83 1 217 106 38 10 187 53 41 105 158 208 161 124 112 209 22 180 97 61 184 2 200 219 28 14 189 48 155 211 156 168 185 176 226 25 139 34 12 118 93 27 143 75 171 127 74 110 4 144 63 132 152 46 216 193 142 146 35 194 151 221 182 153 30 50 7 190 207 
87 225 16 224 9 167 180 195 11 120 185 13 0 73 12 181 108 21 69 8 179 194 18 43 188 164 55 68 110 109 29 42 226 222 10 220 123 196 74 58 102 189 221 142 186 231 117 161 158 201 14 23 208 111 91 17 178 44 128 60 125 165 143 122 146 209 160 131 26 101 20 152 34 61 162 97 2 219 92 95 93 137 36 59 54 182 148 19 229 232 129 202 40 159 215 66 6 77 149 173 150 30 37 5 27 46 84 204 70 147 157 48 130 106 
88 124 199 105 215 61 135 211 152 180 64 58 217 197 225 69 46 51 229 111 68 218 165 119 15 136 100 163 134 183 75 56 164 81 34 27 188 173 112 83 2 109 193 63 222 55 53 149 48 184 6 171 147 89 78 39 67 72 162 110 209 201 144 120 170 185 65 77 66 90 35 181 93 107 168 160 140 91 205 195 158 132 118 145 143 194 5 219 191 151 228 26 190 11 71 122 18 49 210 99 57 155 224 24 
89 130 16 168 92 132 36 97 221 147 4 44 55 102 227 116 8 72 178 53 193 190 226 206 78 189 12 219 50 23 196 197 74 201 203 21 26 120 122 141 24 108 96 126 68 82 57 110 179 142 148 217 112 88 17 199 20 220 218 101 27 19 71 81 69 61 84 9 38 103 6 198 105 171 41 77 208 144 192 180 159 140 1 39 18 42 204 211 11 137 2 64 56 62 83 35 188 29 33 75 51 138 200 28 228 85 139 115 
90 221 191 60 25 151 122 176 54 19 230 114 204 83 86 157 141 78 185 115 158 224 68 43 96 188 183 36 94 199 208 111 231 139 170 106 138 213 79 20 129 22 118 97 202 179 98 50 116 14 128 226 211 44 112 52 28 93 32 197 216 186 200 180 136 177 149 124 187 125 217 45 13 10 49 30 6 74 169 220 228 67 56 167 18 189 104 88 12 193 143 81 166 66 142 29 17 160 64 161 223 0 137 100 26 190 209 135 219 215 91 35 205 194 2 57 103 212 39 152 227 113 206 182 46 
91 26 61 65 135 129 136 191 189 123 231 21 55 205 128 186 108 100 176 35 223 59 131 19 47 133 168 46 112 215 81 23 68 75 11 122 77 171 226 138 213 9 209 12 1 43 111 3 119 87 232 148 93 182 208 160 80 105 97 99 230 146 222 159 29 50 40 8 161 147 42 216 76 211 158 185 194 30 5 192 39 183 88 202 54 144 52 96 201 57 106 203 145 172 90 14 45 221 193 184 32 71 174 180 48 27 153 
92 204 38 106 136 207 188 53 6 89 16 44 85 58 68 172 61 19 40 46 133 86 15 189 191 9 224 8 103 66 153 228 75 127 193 34 24 211 78 206 209 147 63 142 140 164 195 55 60 31 100 124 132 111 2 167 229 59 114 198 12 168 49 157 171 194 67 166 54 30 212 74 214 35 22 10 28 155 216 17 222 148 208 123 201 87 144 73 95 47 185 156 57 187 186 175 177 145 105 217 72 180 113 118 122 162 96 184 112 97 223 
93 183 120 232 58 226 18 179 10 125 166 100 104 110 201 221 112 224 217 61 5 131 228 76 190 158 143 21 180 194 220 113 175 148 85 96 119 36 106 156 191 102 173 142 141 199 154 64 174 129 63 171 90 55 138 149 200 121 91 218 4 132 38 189 186 37 181 7 24 150 127 160 122 71 187 31 213 56 67 88 86 87 94 12 14 208 209 29 8 27 1 77 130 193 161 95 216 192 198 23 196 117 182 115 9 11 13 51 57 126 137 60 45 25 136 140 72 204 169 144 78 
94 137 10 45 38 111 86 120 67 150 166 4 131 205 127 19 169 212 232 192 158 196 72 153 211 182 8 138 65 34 204 37 42 226 90 99 145 23 149 231 168 142 73 144 85 173 128 201 208 103 189 76 172 199 20 184 216 135 30 95 134 123 183 15 46 129 191 27 6 175 110 122 69 155 223 154 48 139 218 159 54 47 61 164 185 190 156 136 180 112 93 82 75 151 203 202 36 25 193 1 49 81 14 200 109 197 132 31 171 178 107 124 187 177 227 
95 139 200 36 195 175 174 67 211 141 17 56 98 105 83 20 219 161 114 162 21 138 7 228 177 131 53 31 28 186 55 206 218 169 148 58 217 127 227 210 176 9 191 45 104 128 116 189 106 216 94 35 204 172 124 156 143 181 201 136 48 26 119 14 171 164 214 32 213 16 37 185 146 3 39 70 121 230 97 23 22 5 134 137 27 150 87 92 197 100 140 133 203 4 57 60 25 93 142 63 82 159 47 73 199 149 50 85 110 221 44 165 163 68 
96 127 144 122 184 175 6 216 149 63 85 224 228 157 226 65 36 69 76 186 40 200 28 133 90 180 134 150 176 203 118 222 7 171 173 188 141 35 130 33 125 146 80 101 113 116 23 57 3 201 117 93 231 209 164 13 30 89 41 37 126 198 98 49 207 182 110 123 124 137 178 114 62 11 66 217 139 131 167 81 51 100 174 172 91 46 135 205 214 162 1 154 18 169 206 183 14 31 153 17 67 34 21 199 97 48 107 79 92 64 230 181 
97 205 147 171 177 23 213 154 29 159 127 109 7 2 89 55 81 227 62 142 219 39 152 126 24 122 113 192 149 102 3 85 79 84 141 120 17 104 137 228 0 155 214 188 200 90 151 129 59 134 232 199 216 143 119 66 204 77 48 22 67 75 178 31 110 187 191 169 203 86 160 98 5 25 162 190 210 91 176 47 170 206 45 95 172 12 223 28 140 185 87 52 56 13 14 208 180 78 53 224 209 225 10 41 30 125 161 135 37 96 42 175 107 16 211 195 15 133 166 82 92 
98 228 172 186 136 44 145 95 80 177 9 41 162 219 157 168 184 195 204 132 16 108 21 67 104 215 193 227 198 200 148 75 45 153 209 122 123 42 107 139 50 102 84 90 229 126 101 81 124 64 96 30 161 110 103 52 28 22 144 97 3 218 226 212 120 199 72 11 5 99 125 134 53 128 14 173 190 208 48 160 57 35 117 152 23 66 8 167 182 1 175 174 142 155 176 113 116 149 202 192 17 127 40 7 39 131 159 179 207 
99 118 108 226 182 72 25 106 132 116 221 77 64 175 155 1 112 168 156 166 218 142 79 197 94 158 86 38 109 133 53 208 117 228 80 37 70 147 210 189 128 229 17 60 179 174 207 219 201 115 31 100 214 204 209 55 21 138 222 44 172 162 67 111 160 33 48 216 153 120 212 107 16 224 6 198 32 29 135 148 10 154 71 193 146 141 101 91 186 45 98 136 24 103 195 114 0 217 61 59 231 144 113 20 205 81 56 131 227 181 203 5 3 139 170 200 7 177 129 152 68 47 12 54 18 159 88 124 36 230 62 63 13 51 176 122 34 
100 12 102 181 110 15 74 134 6 14 112 56 173 93 216 220 194 163 145 165 180 228 91 77 59 209 40 17 121 217 88 29 197 109 85 132 139 101 226 149 131 32 69 156 84 177 92 174 71 99 202 31 76 62 169 214 222 135 123 151 25 47 79 148 103 166 221 136 43 64 224 51 175 138 191 204 116 140 152 24 155 171 137 154 11 96 219 53 38 167 21 37 212 176 82 205 54 57 5 164 10 120 95 143 50 90 18 153 7 119 72 23 118 229 52 80 141 108 46 27 106 20 115 117 162 
101 54 183 229 140 132 200 68 66 55 40 50 142 185 157 146 82 74 147 32 222 14 136 191 162 202 7 226 128 10 26 96 39 193 33 156 100 105 151 201 65 219 152 79 67 18 43 62 28 98 190 121 179 13 125 44 197 174 149 15 110 84 218 19 123 76 120 135 51 150 34 160 36 161 99 1 89 166 194 87 172 52 198 154 167 45 63 187 138 57 184 221 137 58 227 176 12 80 17 31 104 133 181 69 199 109 27 177 107 215 21 6 9 130 
102 51 124 219 151 132 100 214 169 159 105 139 4 221 118 72 195 181 156 203 89 143 216 215 84 226 108 194 228 14 191 39 127 163 97 24 231 29 186 69 68 153 220 49 190 85 141 158 189 74 87 176 7 79 225 207 98 224 172 37 93 47 229 232 128 131 179 22 138 76 18 198 145 113 119 83 157 55 180 204 126 0 2 38 170 160 223 137 73 48 149 57 35 178 50 107 21 168 173 67 62 142 54 133 116 230 12 188 28 58 187 53 155 26 217 71 123 66 185 171 46 64 162 70 
103 8 158 53 76 25 19 209 165 210 160 213 188 81 133 4 121 92 225 230 200 14 219 83 172 58 116 109 47 197 23 207 30 114 124 118 126 39 145 175 137 120 231 214 94 69 11 65 42 162 164 17 122 136 146 16 123 132 149 98 148 174 78 222 168 100 226 125 64 2 111 61 147 163 138 171 99 89 153 3 135 71 217 43 129 211 35 212 27 130 24 215 72 32 181 73 194 179 104 216 34 22 144 220 206 156 201 224 170 52 37 90 131 178 143 157 190 
104 135 123 185 200 208 153 73 156 167 17 193 143 33 76 179 93 37 198 26 24 16 60 54 197 148 98 29 212 71 59 36 228 97 77 213 61 215 119 53 157 168 84 204 217 38 125 25 154 174 230 40 137 95 178 139 144 190 111 1 170 211 182 70 65 232 55 203 57 10 19 133 195 206 117 166 108 67 134 231 12 39 116 30 138 105 150 79 27 109 194 146 90 181 41 112 173 225 160 106 103 180 171 101 189 72 69 75 11 85 68 205 115 183 42 151 21 142 227 48 46 83 223 145 
105 123 88 232 49 216 102 29 218 95 175 120 46 4 133 112 75 58 51 174 70 206 7 113 152 44 183 79 202 26 180 149 17 76 101 139 146 12 185 81 109 159 117 126 122 169 86 128 224 186 163 187 18 207 2 226 5 137 91 138 203 25 63 219 189 1 167 41 104 69 161 8 68 118 129 158 84 228 132 0 198 89 145 53 231 57 116 36 27 181 177 40 54 204 10 217 47 23 16 56 50 230 43 173 188 92 220 200 223 77 194 148 108 176 114 
106 124 92 154 169 99 110 78 1 80 226 185 153 139 190 32 120 36 131 56 23 3 22 182 220 222 42 165 52 232 178 202 231 170 40 57 130 68 90 112 27 123 189 219 25 135 16 201 75 46 51 69 93 132 73 13 225 213 86 76 95 9 204 116 38 118 164 115 145 54 8 195 146 4 223 7 65 209 53 30 166 205 64 144 82 77 207 161 230 109 74 11 198 31 126 71 72 163 172 188 47 214 171 157 104 206 84 14 91 181 121 156 41 199 5 155 228 17 113 192 50 100 55 44 107 87 
107 57 231 167 9 197 46 117 118 56 220 209 142 174 119 159 33 4 166 139 140 184 224 62 162 155 133 202 5 198 0 82 230 121 123 27 98 70 43 71 134 59 130 163 53 135 49 115 112 10 99 153 173 208 76 161 72 156 176 111 214 190 80 37 110 193 114 191 30 40 120 102 229 88 138 52 109 210 55 182 188 44 66 199 79 128 157 131 164 94 20 85 21 63 78 150 96 97 185 101 194 145 106 124 16 
108 99 157 120 22 60 220 213 87 37 145 84 65 186 130 199 208 61 134 114 204 164 158 118 44 68 182 102 91 117 98 82 212 123 156 132 14 1 193 119 159 177 192 154 230 78 40 122 77 138 21 111 73 76 231 205 194 226 169 219 53 89 81 17 33 181 11 55 201 166 150 190 39 80 209 173 178 6 56 16 210 162 85 227 13 140 3 67 104 0 20 225 196 19 23 62 163 229 223 142 183 42 49 171 136 57 184 211 128 9 176 126 71 217 4 48 216 24 151 232 191 188 79 30 100 8 161 133 105 58 175 
109 3 209 170 203 46 153 97 73 146 152 180 41 10 36 72 191 52 166 198 199 156 5 155 87 20 99 103 64 100 62 75 225 85 118 40 113 151 105 212 2 200 165 88 202 187 14 208 68 149 71 29 175 119 159 132 193 77 7 122 229 184 163 17 183 18 218 56 144 112 214 106 126 104 134 178 162 107 196 197 206 173 190 37 217 22 189 94 130 67 38 121 232 137 213 26 111 186 164 11 60 101 140 44 69 
110 205 214 227 100 106 151 136 9 221 73 119 77 93 6 29 13 204 87 154 195 150 228 190 130 143 142 43 123 30 83 198 49 166 153 167 157 179 222 116 135 158 210 155 59 146 172 164 115 37 148 226 63 101 89 174 19 188 178 220 98 97 85 80 69 96 216 231 12 159 82 208 185 22 4 94 218 35 88 201 7 107 23 39 175 61 76 152 209 161 33 10 126 48 217 232 55 112 189 230 8 147 194 140 15 162 86 67 40 31 168 113 27 212 0 197 196 117 18 95 20 206 28 58 184 
111 125 60 222 32 46 94 113 131 166 25 162 71 41 123 206 48 128 88 69 135 83 137 200 58 198 42 220 189 65 215 167 148 15 23 90 171 61 134 170 29 85 108 2 175 213 115 35 205 165 92 30 201 49 62 197 230 99 37 91 182 56 174 87 192 149 104 214 141 179 219 173 195 164 120 114 136 28 208 103 107 144 66 193 139 223 225 43 127 64 68 7 218 176 51 147 168 169 172 152 129 227 153 181 18 140 84 146 109 177 47 63 9 14 122 224 132 
112 175 146 223 38 141 115 222 3 100 138 173 168 105 228 157 57 225 10 99 28 187 93 37 131 70 23 46 76 206 147 21 27 205 43 91 106 196 58 207 227 191 214 88 75 50 183 53 15 166 107 90 49 162 89 14 86 221 2 44 30 51 64 144 31 179 33 182 59 215 109 47 204 82 26 39 133 200 224 170 232 94 104 110 229 136 220 186 69 22 156 167 17 12 63 118 11 172 181 61 145 177 29 169 121 92 36 
113 140 53 207 35 111 178 13 18 51 170 175 141 146 131 209 128 20 127 182 169 19 222 97 196 28 211 219 214 132 65 149 156 105 5 190 185 166 157 48 96 2 203 227 76 231 93 109 199 72 186 117 23 4 3 135 153 29 63 159 15 58 216 25 31 102 147 57 60 179 61 67 212 62 154 30 160 66 64 82 78 137 36 47 40 200 27 144 79 183 191 0 197 189 99 228 34 187 155 123 125 168 126 32 223 110 180 221 158 98 121 16 106 92 90 74 24 38 195 202 
114 66 68 149 12 209 197 95 49 84 166 90 108 17 70 18 226 77 27 117 203 201 85 124 208 181 122 53 135 118 55 103 73 182 167 67 75 231 0 207 163 211 180 56 2 143 196 36 24 200 205 136 43 177 92 228 198 126 188 5 214 111 123 96 161 159 7 10 206 190 3 25 11 61 80 220 35 157 81 107 78 130 99 50 14 121 44 142 134 189 145 160 45 28 125 176 148 185 19 72 15 63 8 9 23 115 222 225 20 202 120 4 186 57 224 105 
115 149 147 67 45 119 178 220 37 224 112 32 33 77 212 150 56 174 128 90 173 46 78 135 195 121 209 159 230 203 57 184 163 130 225 228 157 81 171 213 124 13 111 99 117 110 73 197 161 107 106 10 47 217 222 177 152 39 221 60 61 170 34 194 30 82 218 134 226 199 188 53 151 181 216 75 155 15 69 5 64 18 231 146 129 201 133 19 68 14 131 114 51 187 93 104 79 123 153 89 232 2 100 136 
116 168 131 124 156 76 99 185 86 122 80 35 226 159 158 3 37 50 48 89 81 103 8 63 160 10 227 12 96 199 61 44 68 33 123 182 110 193 75 55 41 164 90 197 72 132 183 71 95 52 106 170 34 220 154 82 139 60 161 148 30 56 218 104 100 83 5 195 23 11 198 211 163 153 232 200 15 167 134 102 179 46 105 59 45 191 201 229 205 207 84 141 43 143 13 98 149 9 2 142 137 
117 161 128 183 107 147 201 186 35 220 223 76 77 203 224 187 152 196 108 16 29 114 125 40 28 38 36 9 55 84 61 167 177 99 58 200 45 192 137 31 113 39 144 139 96 105 115 87 56 27 23 42 130 70 148 122 46 217 8 151 173 174 10 131 178 104 136 6 207 208 4 1 153 181 216 11 12 68 228 121 67 165 198 59 226 75 3 169 78 98 172 22 62 110 93 184 188 120 65 155 232 206 74 100 60 
118 65 33 99 107 121 181 102 224 145 72 165 108 172 230 70 76 17 202 47 96 37 85 196 214 114 80 146 109 50 103 52 90 68 6 79 163 175 227 123 189 139 133 13 29 210 134 177 128 106 36 40 62 44 12 39 9 151 32 74 155 149 71 162 132 142 138 141 59 226 69 198 48 61 83 5 34 30 197 49 158 105 137 170 203 73 41 86 192 140 67 46 136 88 27 82 201 188 126 75 42 122 58 185 15 186 100 112 84 92 20 14 3 28 54 171 
119 7 115 74 214 153 84 62 5 61 23 77 177 166 79 110 203 51 107 162 67 38 42 33 88 228 53 219 182 35 135 127 108 222 176 104 24 142 2 46 198 178 34 93 36 121 186 97 12 68 145 56 180 216 91 194 54 102 109 150 158 147 204 31 95 58 200 11 6 161 170 40 72 201 59 47 173 213 181 183 1 174 122 206 125 120 75 221 45 160 83 131 164 3 32 211 195 0 218 70 185 22 172 100 215 148 17 217 154 130 167 26 140 223 232 69 193 85 
120 93 4 87 94 223 108 163 12 125 73 10 105 185 80 39 187 211 81 167 178 179 221 75 106 64 19 209 53 136 54 97 27 3 224 74 1 30 6 103 205 123 60 89 147 61 164 38 33 50 201 155 226 99 172 59 72 215 101 186 180 46 111 166 228 206 66 196 14 222 84 98 22 32 15 212 67 88 158 190 142 107 119 197 9 168 131 55 173 188 7 184 100 171 151 132 18 229 170 26 232 56 52 65 117 152 138 195 57 114 193 31 230 210 149 
121 60 221 187 197 124 118 15 125 44 171 203 227 156 103 169 218 100 64 76 57 29 32 56 115 131 170 40 196 137 175 190 161 200 28 21 164 107 19 16 223 207 0 41 4 17 168 119 33 31 211 101 122 142 228 82 63 155 230 73 20 62 11 215 93 27 79 130 80 65 152 71 225 140 8 160 35 55 214 72 133 95 69 220 217 132 46 117 114 61 192 77 5 172 81 22 153 202 180 195 30 109 36 106 75 143 185 178 9 135 113 51 127 191 112 216 194 210 
122 183 149 96 33 200 67 210 116 90 156 38 84 8 205 162 86 232 97 166 42 62 148 127 37 132 114 174 80 208 213 131 49 230 123 163 30 50 51 212 154 217 22 108 76 21 1 98 91 6 66 89 136 78 3 103 72 197 121 105 219 220 188 203 193 10 199 74 61 221 117 32 215 20 142 155 137 144 83 109 228 169 46 87 27 2 94 35 129 151 4 93 201 64 119 63 160 226 73 41 194 147 52 71 59 143 34 181 185 140 75 18 190 189 19 7 29 118 184 60 175 53 36 171 58 198 88 111 92 128 99 209 
123 105 104 194 211 30 9 231 200 86 14 157 125 144 91 57 155 213 111 53 154 15 203 108 170 18 216 219 26 152 207 110 168 27 85 122 47 159 87 106 182 116 61 52 107 120 98 70 118 63 172 151 51 190 55 103 100 215 44 146 80 183 101 201 228 94 217 19 206 96 76 192 114 66 224 180 189 202 71 73 37 156 205 92 162 195 150 28 49 65 113 132 186 13 40 223 42 4 131 179 210 209 36 84 171 140 33 138 102 60 124 115 5 2 59 3 
124 88 102 106 47 8 116 4 198 121 174 34 133 186 228 7 211 131 62 181 68 114 166 29 197 75 72 206 45 12 103 214 230 23 0 218 30 46 115 92 144 24 150 127 78 56 71 142 98 15 95 76 41 209 81 86 224 96 90 69 85 20 51 222 163 40 132 226 208 39 33 162 38 171 31 55 82 179 16 161 193 146 196 177 182 32 13 77 201 57 164 18 19 137 63 204 148 94 184 37 141 123 185 99 216 147 136 2 73 107 6 
125 111 54 69 223 128 129 120 3 215 169 220 123 154 121 93 188 231 137 117 178 193 218 205 75 4 225 96 31 173 210 224 12 197 162 57 131 104 232 24 80 63 157 101 40 144 155 46 81 61 32 51 126 87 62 174 90 52 103 49 161 33 9 152 153 142 10 98 28 127 119 191 27 30 171 15 70 60 163 16 180 113 184 35 199 114 192 186 72 97 227 68 172 43 67 2 38 25 14 149 
126 167 14 147 50 172 196 131 170 15 34 39 70 97 156 220 174 208 35 2 8 82 0 78 187 215 175 143 142 69 183 58 103 5 7 4 192 86 72 105 225 79 98 159 199 13 171 89 207 96 83 227 134 153 42 21 177 218 212 201 114 77 46 36 125 130 102 223 226 62 209 74 145 22 9 29 133 193 109 28 68 61 168 132 191 54 106 1 110 140 25 222 18 190 73 210 10 26 113 169 184 206 118 63 204 108 127 76 160 52 141 198 11 180 19 157 93 178 162 173 139 37 197 38 66 
127 170 96 37 97 179 204 211 94 78 113 146 227 83 214 194 187 52 122 102 50 92 216 10 38 119 142 199 45 212 79 68 69 51 130 95 11 219 129 160 150 15 153 184 171 203 124 159 75 136 191 195 23 155 22 144 176 42 178 12 221 224 66 133 73 143 20 29 218 156 173 168 57 169 151 205 93 111 35 2 198 70 132 30 125 229 200 34 3 215 40 209 36 8 5 21 84 180 81 86 126 6 53 67 25 202 0 121 9 98 177 7 208 135 59 154 172 72 
128 60 156 199 213 161 10 54 117 7 125 43 91 59 58 212 113 111 115 22 201 224 2 214 45 68 177 11 101 35 14 219 38 40 135 196 99 8 131 189 56 162 194 182 202 94 164 1 230 12 16 95 63 102 90 118 105 203 80 210 138 57 77 87 173 132 209 67 83 25 17 27 229 26 179 73 221 76 134 185 78 98 220 44 19 225 62 184 82 191 146 226 158 72 180 140 150 5 108 186 107 51 130 69 13 18 133 232 175 168 36 122 49 34 
129 215 26 91 197 125 228 140 226 157 148 41 53 173 174 201 138 25 82 58 37 44 184 54 63 35 21 188 67 40 28 38 47 42 57 1 29 232 189 16 166 167 196 90 81 127 97 187 72 217 27 31 30 142 221 93 210 2 84 176 52 61 156 133 68 83 204 64 202 183 94 155 23 6 56 49 227 213 122 135 24 33 208 45 19 3 105 145 5 103 203 178 193 151 214 85 111 130 115 22 219 87 36 152 171 8 207 186 69 191 212 43 46 99 4 55 170 181 185 225 66 
130 38 59 89 70 202 168 219 16 204 45 208 108 76 48 1 49 75 216 184 188 221 196 110 217 55 96 160 152 185 74 68 106 159 115 65 198 127 11 178 183 31 107 172 206 176 62 155 41 23 190 194 117 175 39 153 181 63 2 229 133 26 121 25 142 126 72 179 81 205 182 47 214 6 29 114 52 66 224 203 80 61 174 9 189 103 222 231 129 156 180 7 14 93 132 193 109 8 131 158 128 83 46 191 119 149 17 101 151 87 
131 226 116 231 70 126 208 23 111 220 28 163 33 32 79 154 77 173 167 94 55 191 228 113 196 52 124 81 203 106 49 112 175 91 14 21 93 95 207 215 43 187 142 121 74 66 10 122 229 213 29 128 11 150 100 17 125 133 199 57 83 102 68 67 143 75 35 198 31 117 27 18 153 22 218 149 204 227 87 37 54 40 26 96 192 232 152 169 47 186 4 8 134 120 119 16 99 13 212 211 147 48 24 41 201 123 130 39 42 160 166 217 107 115 156 184 103 63 200 132 157 137 64 98 
132 198 193 170 102 101 89 184 172 99 4 38 212 161 209 56 84 204 23 98 65 113 122 24 36 108 100 11 39 19 16 7 166 139 21 150 232 230 78 106 92 20 195 116 27 173 165 66 211 179 42 80 103 192 149 32 70 79 109 218 128 229 118 77 68 93 52 3 124 140 178 160 44 49 206 202 121 126 127 205 105 1 58 47 188 10 43 203 147 33 221 168 145 88 123 82 182 6 175 81 154 120 196 130 186 86 94 227 228 15 155 72 45 135 83 223 26 131 74 141 111 208 
133 37 55 185 231 67 29 210 212 48 155 65 182 153 175 105 39 124 6 188 71 229 92 103 51 107 96 227 73 147 144 46 31 11 16 58 222 99 196 42 154 191 91 33 81 80 163 184 145 86 21 78 10 169 143 41 3 131 70 76 1 134 118 152 202 194 141 15 9 83 228 66 35 34 207 232 159 197 187 186 129 130 127 195 217 104 190 56 168 206 121 126 61 24 74 112 161 164 180 102 223 230 60 54 115 2 189 165 135 7 95 174 101 13 79 128 53 167 172 43 211 108 97 14 157 
134 143 220 73 194 100 202 192 65 37 108 189 7 68 61 188 84 96 70 146 150 154 71 88 111 159 135 161 31 216 86 136 6 97 203 107 133 206 185 174 200 118 15 16 140 126 138 94 168 217 162 199 145 213 79 64 14 196 163 186 139 50 115 104 29 17 178 198 207 137 48 128 98 175 109 0 51 21 95 227 195 131 193 36 211 114 45 164 221 116 170 210 32 62 74 81 47 190 149 142 182 228 55 10 42 169 26 72 151 38 18 
135 175 104 51 91 88 217 55 7 20 161 204 140 211 189 152 174 231 111 220 145 77 210 151 115 143 167 228 18 12 119 73 13 44 25 49 183 114 198 86 176 30 128 35 1 134 43 67 172 110 207 106 24 232 157 229 113 197 107 94 170 68 100 150 184 58 136 10 214 101 29 180 39 2 99 160 48 200 146 169 63 147 144 166 187 26 42 230 78 17 45 129 209 155 103 11 158 168 32 139 64 203 96 133 208 90 28 71 215 177 3 27 164 97 224 121 9 50 38 132 127 0 192 14 31 84 
136 149 212 163 58 92 19 80 91 98 9 197 6 24 206 138 110 77 222 150 22 170 225 26 216 33 14 213 2 64 120 88 76 101 85 166 185 41 4 55 205 181 13 223 134 0 83 69 178 84 160 153 122 56 183 61 30 114 103 127 53 135 65 144 95 221 90 18 74 15 38 66 111 34 100 72 20 188 117 191 12 232 137 184 99 210 21 218 156 219 63 37 94 176 45 204 146 108 190 118 75 68 112 28 208 161 54 207 201 162 48 148 187 159 169 11 67 124 93 147 115 8 
137 94 86 59 67 41 151 164 196 224 203 172 206 139 32 166 167 125 111 185 48 29 15 176 162 14 211 153 117 97 121 36 191 103 217 66 187 104 80 227 182 57 25 27 64 4 168 225 158 24 26 122 83 96 210 197 105 141 181 3 102 136 40 47 113 189 78 230 75 134 204 11 52 53 118 208 100 76 5 147 33 213 95 49 209 13 87 101 39 71 34 177 228 90 54 16 89 109 140 44 178 223 10 124 146 93 46 190 183 69 72 131 157 201 116 
138 27 8 154 168 195 184 44 136 112 33 45 176 175 84 129 181 186 207 55 225 202 95 146 74 94 9 67 217 157 63 187 160 2 223 90 51 108 64 21 179 228 177 214 49 18 99 91 11 229 188 46 102 42 73 134 93 128 147 26 143 72 40 118 50 220 47 105 150 100 30 182 104 5 103 216 61 141 227 54 152 101 208 107 75 71 70 16 226 205 165 6 48 194 215 20 17 178 22 163 123 120 15 89 158 201 232 
139 57 15 95 154 167 29 146 26 170 102 192 160 166 148 137 159 6 39 106 107 43 27 3 211 219 100 60 90 49 132 185 48 207 105 32 73 117 9 33 50 98 228 4 173 176 118 0 216 104 174 1 208 11 179 58 225 197 70 14 217 181 194 212 69 116 187 31 226 23 155 8 79 45 134 231 54 175 96 182 111 2 229 193 214 94 80 86 25 65 177 230 223 157 46 188 135 209 202 28 64 56 168 5 21 153 165 52 99 149 12 186 34 215 38 71 18 126 89 
140 33 113 73 155 101 184 218 193 230 152 129 16 65 8 206 34 135 19 107 226 231 177 37 10 173 188 22 40 149 36 182 47 172 92 209 59 0 32 29 12 167 57 5 134 198 219 76 174 159 58 168 21 85 68 154 9 79 1 185 228 108 121 2 23 49 224 83 63 48 132 100 64 20 25 13 54 97 51 11 144 216 126 118 88 180 69 122 89 232 128 147 227 38 110 56 95 163 111 66 137 31 202 123 81 45 210 170 143 109 93 119 169 
141 30 219 198 65 21 144 112 52 95 194 74 113 29 50 185 33 187 60 218 90 3 169 156 12 216 66 97 46 28 69 96 166 167 102 232 6 220 15 151 31 56 89 19 143 17 39 148 93 10 18 133 230 161 154 82 180 190 150 111 192 201 199 228 67 76 231 77 118 137 64 99 84 20 221 229 223 26 138 81 147 205 153 165 57 51 71 155 43 38 85 53 126 208 116 8 47 213 27 210 70 196 124 100 160 0 159 24 132 44 204 
142 231 65 44 222 156 192 20 101 161 76 107 166 97 185 79 33 99 0 10 47 9 6 163 131 35 110 2 127 29 147 94 39 126 189 55 181 92 53 145 119 205 179 74 206 50 212 230 87 72 148 165 93 42 158 121 129 164 124 183 63 78 184 3 83 17 89 217 57 60 61 167 193 152 21 122 37 32 130 118 80 75 149 168 188 66 175 7 195 125 186 177 120 214 215 108 198 41 157 144 226 68 114 12 38 201 182 102 90 228 220 28 52 170 208 95 40 229 196 86 98 134 59 54 200 104 116 203 218 71 
143 134 176 39 223 203 222 204 69 29 104 173 62 182 65 40 153 199 102 229 190 188 214 150 135 23 206 66 227 50 93 110 126 61 9 28 53 210 22 191 212 133 42 114 141 97 63 30 144 59 148 95 131 138 7 26 208 220 48 167 127 87 21 80 217 77 84 231 202 6 149 49 155 13 47 161 225 4 24 175 228 90 197 219 122 226 86 46 189 100 67 88 19 33 156 54 121 116 41 162 211 140 103 174 81 
144 191 38 141 96 123 209 160 59 16 232 206 76 200 29 192 6 195 44 161 33 133 81 221 180 31 62 94 149 227 19 37 64 218 117 45 194 47 124 80 220 219 214 179 145 143 174 104 28 211 159 15 14 125 184 204 229 127 136 98 122 41 205 112 155 135 50 106 40 212 230 109 111 88 158 54 26 7 156 72 113 188 201 78 22 140 185 142 13 57 11 165 99 66 89 92 10 70 91 150 103 86 65 163 168 166 84 8 151 73 23 53 213 193 93 25 63 
145 154 173 28 61 33 2 98 108 118 172 219 60 162 216 100 135 203 183 151 20 179 44 94 3 211 176 158 29 142 133 48 215 228 103 65 39 32 69 187 147 7 204 57 144 68 212 119 0 106 146 198 102 40 184 185 43 134 199 223 188 50 213 218 126 201 197 10 209 80 224 129 74 222 19 1 166 105 163 23 63 174 177 114 132 30 88 72 156 78 37 4 155 91 62 186 152 92 208 202 56 55 200 59 17 210 112 161 171 104 107 
146 7 112 201 166 139 58 109 59 223 67 113 205 45 39 151 70 83 101 127 138 196 68 202 206 213 134 4 179 61 16 227 96 28 208 118 164 37 85 180 105 29 212 163 211 153 225 110 194 199 50 183 56 103 11 66 145 123 62 82 47 106 186 150 231 81 72 218 99 135 84 176 87 188 169 91 75 95 18 54 26 181 42 104 34 124 191 175 177 46 115 136 171 128 3 200 9 207 44 232 49 32 161 13 111 57 86 159 17 190 23 137 71 203 160 187 51 
147 0 115 97 126 162 117 65 165 172 28 190 16 89 75 52 159 23 184 223 101 220 60 20 133 27 155 174 86 112 173 201 142 169 92 99 177 82 211 12 213 54 50 206 203 185 74 179 26 149 63 120 1 200 145 157 8 13 153 69 217 166 180 14 204 221 138 88 215 113 119 6 21 205 10 42 135 219 53 35 45 188 103 49 25 40 230 83 91 178 18 111 137 141 85 198 79 122 19 132 167 196 140 110 34 131 210 33 193 36 70 199 67 171 214 15 168 58 124 202 59 87 29 226 136 2 24 
148 82 39 81 197 178 33 160 58 139 129 175 181 230 216 122 47 172 104 182 6 189 20 111 74 223 176 95 151 98 10 25 193 21 37 93 183 156 76 57 65 142 195 141 0 110 224 219 80 177 89 117 17 143 54 103 79 15 100 26 91 22 84 49 158 99 48 206 12 229 157 163 11 116 71 194 78 215 179 61 30 92 66 220 83 198 214 208 161 155 87 34 199 207 210 35 5 114 70 191 153 27 136 164 67 124 9 119 41 169 192 32 105 
149 115 136 230 122 114 156 3 150 153 52 17 96 165 80 188 56 189 2 218 38 212 97 231 166 77 113 50 175 39 47 140 184 94 21 186 144 224 176 12 105 70 100 43 172 6 147 26 32 19 226 179 203 68 200 101 88 208 0 29 109 103 111 4 93 132 42 181 15 90 118 82 221 142 131 13 201 37 227 102 69 5 143 63 191 48 164 27 195 65 204 33 154 76 160 20 87 187 75 36 180 139 211 134 116 95 159 98 183 83 31 130 193 225 198 206 162 125 120 41 
150 188 149 0 215 94 79 1 161 58 2 136 115 200 164 143 61 66 110 179 96 152 225 134 71 48 47 197 77 131 216 132 127 10 222 20 224 217 207 4 228 124 44 206 196 135 108 178 141 67 119 201 146 101 219 192 182 57 65 138 59 167 187 32 93 12 5 104 183 220 223 16 198 56 123 95 41 173 75 194 30 205 128 49 144 36 156 82 87 3 23 177 37 193 70 9 14 195 8 52 107 83 176 172 
151 47 137 102 90 34 53 202 159 110 51 222 1 76 178 31 146 199 145 135 220 57 193 24 223 148 54 101 55 204 97 152 141 109 177 217 200 232 43 22 208 164 123 36 176 52 155 198 79 100 168 221 187 10 29 21 39 85 118 194 179 117 60 197 196 28 48 231 73 207 70 127 122 203 61 19 115 189 63 23 9 25 80 205 67 230 185 44 78 129 64 94 180 229 72 165 120 4 82 88 157 216 218 30 228 108 74 86 144 104 75 212 227 13 167 163 33 42 134 130 8 
152 77 205 23 177 140 183 109 85 50 229 88 191 175 178 8 211 61 64 97 135 196 41 117 28 157 189 206 39 207 150 45 105 17 130 210 123 155 57 192 66 58 159 18 151 15 101 13 225 47 163 133 208 35 209 80 164 14 55 25 176 142 71 115 184 231 54 60 24 121 34 213 1 42 185 5 217 100 87 125 75 131 67 204 214 110 3 197 62 179 43 171 138 4 0 111 195 219 68 56 129 194 98 161 215 51 200 86 99 145 166 37 160 33 120 90 40 
153 5 63 195 205 109 64 119 149 77 104 26 155 228 133 4 82 37 33 143 217 106 206 189 215 94 192 92 56 231 175 158 224 102 232 198 51 137 36 24 172 208 98 110 13 27 146 58 136 191 127 113 1 147 73 21 178 177 99 130 126 226 23 107 39 79 57 164 173 174 196 7 2 54 19 131 169 0 216 117 211 125 8 225 103 35 141 116 167 43 197 111 121 76 180 160 139 202 84 29 148 204 100 15 9 96 75 163 210 86 14 30 223 72 115 170 229 91 
154 48 145 139 106 138 97 189 218 30 172 18 29 125 131 55 70 184 61 123 78 182 62 53 110 34 31 42 200 133 27 21 40 134 190 108 2 20 15 155 122 79 85 36 170 156 84 201 104 173 165 41 217 3 177 93 207 141 214 186 43 116 231 81 203 67 113 99 187 140 82 168 197 6 216 158 160 72 60 192 94 225 24 52 206 80 101 167 54 202 100 181 161 45 149 228 13 96 14 132 220 23 71 223 68 35 12 119 0 75 127 64 10 32 
155 186 140 21 133 153 16 82 99 210 204 123 64 35 165 211 228 107 32 161 37 5 71 109 83 147 12 40 152 185 61 154 67 97 182 3 30 29 110 169 214 219 130 196 34 159 63 36 120 121 206 163 151 44 125 202 54 28 127 43 122 118 221 23 33 144 129 81 86 139 19 92 217 26 75 209 24 94 38 25 229 10 143 218 135 39 100 47 9 70 115 220 42 148 72 166 113 48 184 141 51 0 173 74 102 205 226 145 20 132 156 98 106 117 203 88 8 181 
156 128 192 220 149 116 23 142 222 104 73 201 122 60 17 102 190 28 27 121 38 99 21 48 126 141 109 209 193 108 20 232 113 4 194 67 208 184 219 41 199 164 101 42 100 148 154 183 93 230 163 52 64 212 33 65 204 43 32 187 159 221 218 59 95 129 172 158 202 214 178 107 37 1 127 78 210 86 25 144 7 85 16 136 123 94 70 203 198 130 182 216 18 145 168 35 84 92 68 112 150 50 6 45 103 106 143 229 61 155 40 131 157 177 11 72 228 
157 36 108 123 192 60 195 10 129 58 163 96 98 9 86 225 182 101 90 112 183 152 165 41 20 79 138 15 19 66 166 167 113 57 48 26 25 104 55 110 115 40 135 177 65 205 59 75 159 147 190 207 200 125 73 232 185 13 71 172 63 212 92 222 72 174 29 102 162 194 198 52 164 193 148 196 216 206 201 32 218 114 83 82 64 142 227 230 139 42 106 81 50 5 170 34 151 107 11 228 169 77 188 126 210 156 223 103 131 197 3 87 137 133 
158 21 68 82 103 220 9 16 49 81 116 76 108 94 35 80 209 69 90 44 79 153 163 2 210 99 23 181 93 168 174 59 57 145 29 70 102 50 110 178 83 180 84 142 177 87 61 60 222 200 203 86 137 64 183 65 119 208 175 162 156 148 56 58 188 154 144 186 161 120 32 118 28 193 17 232 52 105 182 11 192 34 135 8 91 78 170 46 19 43 48 88 128 224 190 229 185 159 0 216 22 130 37 226 3 113 187 201 189 138 77 214 167 218 173 42 
159 82 178 203 226 172 30 97 151 102 116 83 44 52 107 139 147 75 228 209 115 202 222 32 11 24 108 123 130 181 171 207 134 59 216 152 36 54 223 105 164 215 126 161 157 34 155 127 224 206 231 113 144 156 26 186 204 140 109 133 35 180 110 65 114 205 63 91 62 177 5 41 46 81 201 175 94 21 51 76 185 43 23 89 69 73 87 162 6 80 56 158 7 211 168 166 95 146 3 136 0 149 99 220 78 1 165 77 37 40 141 227 98 173 
160 71 0 228 148 19 139 68 144 165 103 16 213 32 217 201 76 47 188 215 180 223 81 116 24 25 130 161 186 138 37 127 80 42 72 136 36 220 185 99 218 184 226 65 221 178 78 51 97 202 91 135 49 113 101 15 169 21 53 102 121 87 163 154 166 20 30 206 189 93 132 175 85 60 194 171 122 33 11 38 179 17 119 22 88 98 208 224 90 77 114 205 104 153 229 64 14 187 149 48 162 67 172 126 231 131 28 18 193 232 79 152 141 195 10 182 210 146 50 
161 117 128 66 50 198 142 216 135 150 95 132 183 199 8 200 164 22 10 166 144 225 155 178 230 70 41 71 28 81 228 160 21 24 121 185 134 186 0 176 217 26 159 87 69 79 115 77 141 6 203 208 98 86 15 39 51 219 202 78 40 107 116 119 114 101 46 33 27 106 158 5 204 125 91 105 143 48 175 172 133 223 57 162 124 110 3 9 197 189 12 148 83 196 154 63 32 72 190 215 136 90 187 152 84 93 146 76 97 35 59 55 163 31 60 145 108 62 20 
162 61 147 21 28 46 111 98 172 145 52 119 95 122 185 20 29 170 107 194 25 200 101 137 195 227 32 76 128 204 163 38 125 63 85 174 40 103 188 99 180 33 112 134 157 34 79 208 158 97 118 39 186 108 88 202 211 176 18 36 216 84 189 203 124 230 67 9 164 193 2 60 213 232 161 87 42 123 207 43 205 81 72 11 109 16 74 226 96 8 159 223 110 136 160 10 212 168 177 178 77 143 83 126 191 71 92 47 102 82 149 0 166 100 
163 69 136 168 33 120 48 45 224 131 198 157 100 175 71 177 4 102 80 176 212 158 170 59 142 83 172 88 115 81 133 122 146 114 162 118 194 28 230 214 156 107 34 50 216 25 152 182 70 155 201 207 6 16 205 66 26 105 203 42 211 31 5 27 109 202 148 75 193 134 184 67 63 160 21 103 124 57 215 108 61 183 116 106 145 167 192 125 164 222 37 169 64 140 144 3 29 58 15 85 138 153 174 161 185 73 151 74 19 165 95 187 
164 137 174 224 222 161 180 108 169 150 14 54 87 51 78 75 32 207 196 17 52 70 24 1 42 71 208 146 156 86 39 73 92 88 212 121 40 20 128 159 96 116 120 6 205 110 103 170 151 209 30 76 142 29 15 228 179 226 106 37 38 223 152 47 46 74 11 66 218 111 153 168 182 26 157 16 44 95 50 225 77 202 186 48 58 193 162 133 94 230 149 134 217 59 167 28 163 119 100 210 124 62 204 148 107 135 171 203 19 109 10 13 33 0 63 191 192 
165 227 225 83 11 231 147 103 149 44 118 26 160 13 100 78 30 155 56 66 157 223 88 21 22 15 82 79 61 220 14 72 106 184 185 230 170 36 49 69 218 5 229 51 23 183 212 177 142 109 111 154 12 70 132 81 19 216 187 191 40 85 190 34 87 0 197 195 31 204 65 169 175 64 9 203 196 141 71 166 59 228 189 17 117 144 63 37 205 54 20 151 138 133 139 217 193 188 76 181 1 159 168 7 163 73 95 46 18 200 
166 207 209 48 77 80 46 59 146 58 188 56 111 205 94 119 139 17 114 193 221 191 142 93 182 194 137 44 109 38 0 33 107 75 35 122 99 161 20 124 197 204 231 61 149 216 180 47 136 179 157 113 141 86 198 132 36 223 129 110 54 189 22 66 69 208 215 23 76 8 227 214 202 1 25 112 108 147 168 79 3 92 100 53 120 106 229 222 50 40 135 16 104 160 4 101 213 217 172 31 29 83 78 57 165 145 64 90 45 13 155 228 220 178 200 144 60 159 225 131 176 170 152 55 201 219 68 97 162 
167 126 171 87 139 107 38 180 36 80 76 201 104 185 5 131 120 137 220 229 208 62 46 198 1 187 135 77 169 33 224 206 117 111 174 45 157 141 40 114 66 205 129 15 6 110 43 35 92 140 42 50 207 142 168 60 227 143 184 221 150 176 20 197 64 32 23 57 105 225 96 90 178 216 195 4 154 101 213 2 39 100 19 58 0 153 163 147 51 164 191 116 200 210 179 232 98 112 29 13 48 18 193 3 202 74 78 82 119 151 133 158 173 12 16 
168 116 172 193 163 138 89 217 31 130 75 112 225 70 53 63 3 98 227 99 48 35 180 190 158 85 219 94 91 123 209 51 6 56 104 57 184 121 230 54 221 213 174 84 151 76 61 232 137 92 182 134 167 166 103 140 25 187 183 164 228 205 154 133 127 142 86 189 22 50 169 212 126 80 111 69 202 27 102 135 204 179 224 120 88 15 43 29 132 139 19 113 156 110 144 194 215 159 23 162 220 207 195 222 199 147 165 13 128 32 67 55 28 16 
169 213 62 218 33 24 203 61 106 29 102 194 125 77 94 39 81 30 164 16 186 113 121 141 204 6 167 222 38 15 3 175 205 95 147 214 12 14 216 133 27 155 7 108 51 74 8 53 100 105 73 72 199 22 181 70 25 28 68 34 97 82 135 122 49 160 207 153 146 79 90 59 127 23 165 11 168 131 13 111 75 208 188 26 220 217 197 225 185 198 126 180 1 117 163 96 212 37 157 85 227 17 184 176 136 148 134 112 93 32 140 
170 127 212 109 132 179 222 126 85 139 185 210 9 171 113 186 5 218 136 37 206 42 17 220 162 123 50 163 32 19 106 121 189 66 219 90 165 174 55 111 41 154 23 86 52 44 214 68 164 6 180 224 213 25 216 135 79 203 202 116 193 60 104 20 7 29 115 175 102 119 51 97 191 12 88 56 73 208 194 118 229 112 43 72 158 81 200 142 40 134 57 157 120 99 103 166 184 225 70 217 2 129 140 196 205 22 84 215 65 3 13 153 
171 167 97 32 20 170 121 59 6 199 179 209 198 74 85 17 192 30 194 52 195 96 196 214 47 111 232 25 181 5 159 193 77 115 12 91 62 26 127 126 207 8 68 53 16 93 41 63 88 42 92 188 24 7 48 189 95 215 22 4 9 82 33 211 178 83 61 2 103 124 100 160 220 27 225 226 231 152 23 69 89 125 108 146 106 39 86 229 120 129 204 34 104 21 191 46 94 123 147 122 164 72 212 58 203 49 57 187 102 45 145 184 173 118 
172 78 168 98 126 159 154 77 36 132 147 137 92 145 11 207 218 162 7 221 118 22 148 71 103 184 59 163 41 48 32 26 75 153 53 187 140 201 86 57 135 208 149 14 209 197 102 110 190 130 94 123 193 99 80 219 56 17 120 157 95 206 0 194 229 9 156 66 43 202 214 175 203 198 81 79 63 166 101 161 97 174 18 62 111 96 38 106 74 121 51 24 65 73 199 205 117 224 160 10 91 210 217 119 76 39 31 49 125 45 112 185 183 133 46 127 35 68 37 150 60 
173 145 211 42 67 8 81 19 11 47 112 100 131 143 129 51 83 228 0 115 24 214 21 181 190 16 140 68 61 71 96 147 62 125 176 26 45 65 72 20 213 94 226 78 10 79 154 88 93 139 57 132 13 55 52 43 27 37 108 107 128 111 153 117 215 192 178 127 208 22 54 204 227 7 76 119 85 25 4 36 184 56 98 187 64 70 191 102 73 150 120 210 183 216 109 104 60 175 29 155 44 48 87 230 206 77 50 200 59 105 231 188 126 12 167 82 197 158 171 159 
174 66 82 95 164 223 39 20 1 30 124 25 11 196 188 107 129 16 135 83 115 33 38 105 126 227 201 191 224 167 203 147 122 158 52 170 43 18 12 231 99 184 104 100 162 17 204 134 139 144 56 168 217 101 50 93 186 110 36 140 111 69 0 103 76 157 22 153 125 225 117 70 74 7 35 194 119 60 175 172 216 26 58 130 96 49 220 145 67 13 48 4 51 133 78 98 29 229 42 163 177 190 65 34 143 61 91 198 185 77 182 
175 135 112 232 14 95 223 96 105 113 214 133 152 99 215 148 229 138 49 231 163 19 23 42 131 10 184 30 208 213 153 72 216 2 149 222 169 186 180 66 126 121 204 93 103 111 209 118 58 71 1 73 45 56 230 53 8 69 51 212 18 130 218 203 22 109 202 158 84 81 170 78 94 172 17 100 3 37 195 187 176 165 139 142 110 160 159 55 161 41 6 134 174 194 24 67 143 225 4 146 61 191 54 62 177 190 207 173 132 85 52 21 39 59 92 122 98 181 128 224 97 108 
176 143 4 183 196 80 186 12 90 82 5 138 73 85 91 177 16 163 96 38 137 42 214 212 145 148 11 173 135 149 119 102 25 95 161 211 218 195 55 130 139 74 210 197 225 49 72 151 57 152 129 127 81 22 18 215 13 10 15 63 7 32 146 107 220 167 28 97 162 6 175 62 36 86 193 33 111 191 185 227 65 136 181 84 34 184 45 53 100 69 59 221 76 66 17 101 114 108 202 208 166 98 194 29 231 169 51 150 2 201 230 99 178 0 105 
177 192 47 97 222 152 98 119 8 227 188 221 163 21 64 202 140 228 176 17 216 226 12 95 72 128 117 65 108 61 68 147 223 86 25 66 5 100 49 151 217 157 138 218 56 44 165 23 57 29 158 52 82 31 206 4 154 10 118 180 114 153 148 1 16 231 115 229 45 220 126 35 90 32 80 18 78 9 159 83 63 209 204 178 182 142 55 183 51 187 62 139 73 38 146 67 124 145 197 199 6 200 137 175 195 105 191 162 48 135 184 99 150 92 111 40 174 19 156 101 127 112 189 94 230 
178 159 115 208 9 113 36 148 33 52 180 11 229 152 72 151 120 217 28 85 81 89 38 42 125 202 45 221 161 29 184 57 226 69 106 73 26 31 213 3 16 119 158 136 130 189 14 104 48 204 211 4 32 24 220 153 97 110 150 23 34 87 40 196 108 228 65 127 160 227 7 71 197 12 156 96 53 173 117 212 68 70 203 134 200 218 17 171 54 132 167 5 177 147 188 102 77 15 6 109 129 192 66 2 210 183 55 58 1 166 193 47 137 162 206 138 94 76 121 103 126 35 194 83 176 225 
179 182 170 2 54 83 72 127 202 42 63 93 46 87 229 104 186 20 120 0 171 77 76 180 60 232 217 200 145 51 150 10 3 166 85 146 61 26 31 8 75 82 208 209 110 142 69 22 138 99 147 13 90 144 149 74 191 101 53 6 102 192 139 164 132 89 198 70 113 111 151 48 130 41 57 37 189 112 190 5 223 128 148 12 214 124 227 220 152 160 68 45 168 38 204 196 35 116 49 103 40 59 205 206 167 123 222 78 11 43 24 27 52 71 98 34 
180 87 167 178 109 64 201 88 71 45 197 184 35 164 183 227 100 11 179 195 74 223 96 84 42 160 166 168 205 175 144 93 105 146 229 16 209 114 158 68 21 51 187 182 20 15 46 40 170 24 224 211 59 216 5 177 162 58 119 65 147 141 7 25 90 86 120 76 135 159 34 208 221 102 53 56 82 193 41 196 185 123 60 6 18 203 9 70 36 215 225 55 212 228 94 4 204 133 140 89 151 97 125 39 200 130 128 43 54 181 169 153 127 210 121 104 199 19 113 149 61 83 126 194 222 92 188 78 37 91 22 220 23 
181 210 100 56 87 32 118 102 36 206 198 64 138 124 73 148 173 114 45 77 226 24 158 231 208 55 4 30 33 142 220 171 159 0 40 3 213 136 5 72 219 204 15 17 207 21 186 108 189 209 169 191 130 139 41 232 95 7 149 202 183 137 60 13 59 84 217 44 93 10 81 211 25 54 119 12 29 117 47 203 8 115 146 83 52 154 88 104 222 23 176 185 1 122 99 214 53 180 103 187 49 111 105 195 74 71 67 101 106 175 165 129 43 9 37 75 112 34 18 68 155 61 96 19 
182 179 207 214 39 99 217 84 133 34 223 157 143 83 166 42 205 108 222 113 61 201 190 51 94 154 197 148 119 191 33 106 37 26 3 53 218 63 183 12 44 140 195 114 123 77 128 155 116 203 69 180 163 137 22 111 168 21 104 96 91 185 31 202 164 199 150 225 70 130 112 138 139 184 177 221 189 158 74 227 24 13 142 87 17 156 124 132 54 107 198 73 16 45 2 98 196 93 65 134 57 86 46 160 67 90 174 
183 122 12 101 93 78 117 57 176 5 152 22 60 49 217 85 161 188 226 180 225 157 42 145 21 210 69 189 39 90 230 182 135 105 199 205 70 88 126 232 71 148 165 156 130 83 116 228 136 146 55 112 36 54 61 142 46 213 201 10 123 158 14 215 193 94 168 181 129 8 34 198 37 27 109 229 31 30 119 76 150 113 222 177 80 50 62 108 190 163 91 216 178 173 68 197 65 209 40 47 96 79 18 13 44 219 81 3 104 206 149 231 172 9 20 137 6 
184 222 205 140 138 132 96 209 3 69 68 227 14 42 55 180 207 26 66 204 154 32 147 185 98 107 129 130 83 82 175 35 172 178 228 67 149 115 165 41 156 79 133 81 168 202 57 72 174 40 37 77 195 76 232 127 226 199 94 64 0 142 88 144 160 135 145 86 38 152 109 20 167 231 163 59 197 136 173 63 182 84 45 6 34 101 176 128 54 120 155 125 224 126 108 193 51 44 194 23 198 10 122 177 170 60 117 56 124 131 169 21 189 58 19 91 191 8 171 196 92 110 
185 133 186 104 87 63 170 215 209 116 13 228 47 167 120 141 54 65 106 101 35 142 50 162 184 5 52 37 90 81 211 137 41 66 62 73 2 136 113 130 165 155 80 190 196 139 34 161 28 105 20 147 64 12 204 134 160 55 84 71 16 157 83 214 145 27 182 85 39 14 140 110 230 40 180 152 95 188 86 88 128 11 220 26 78 223 176 97 94 144 91 200 159 30 3 151 45 181 122 169 60 218 92 17 158 114 119 191 189 118 22 48 121 129 163 102 172 9 124 207 107 203 174 212 29 10 
186 155 227 185 224 10 98 176 170 225 117 108 124 179 138 35 13 198 169 41 91 96 26 232 196 54 73 27 191 102 83 65 62 175 95 210 149 160 47 0 76 220 161 113 229 53 201 87 212 119 213 74 24 181 63 60 39 11 216 44 174 5 159 105 154 90 29 120 146 133 162 71 134 93 67 158 217 99 164 226 79 215 142 32 208 131 12 230 14 199 28 19 6 123 33 78 112 17 129 21 192 128 132 125 92 139 80 145 118 30 43 109 82 3 114 2 
187 223 121 0 47 53 78 207 70 85 120 84 117 141 112 127 204 167 31 16 126 200 131 138 48 15 17 172 73 6 129 137 145 180 82 228 57 86 109 43 156 8 63 62 188 165 151 218 97 105 133 168 49 212 2 90 139 154 51 205 69 135 59 11 27 44 150 175 72 1 93 191 33 177 101 173 25 211 79 113 60 161 181 32 160 219 92 30 102 149 36 71 136 158 115 222 94 171 225 163 146 
188 230 92 203 150 192 166 84 174 219 133 183 194 149 103 177 125 202 143 160 87 130 217 134 90 29 15 11 2 129 199 140 45 49 96 208 231 193 4 65 228 97 47 22 55 190 76 10 191 88 39 162 138 122 60 110 187 205 206 83 114 14 171 32 51 41 145 26 195 48 158 136 146 62 3 147 211 207 33 218 142 185 12 115 9 144 8 178 0 169 7 132 28 139 79 106 120 61 20 31 18 102 118 34 107 212 165 52 72 70 105 117 157 108 89 173 64 180 40 35 204 
189 55 48 31 65 154 91 220 135 134 192 92 209 153 45 149 183 22 152 200 111 44 148 11 89 201 75 204 170 142 216 106 102 129 99 128 194 43 8 166 87 58 67 178 94 49 118 21 95 229 33 181 85 29 193 25 13 228 4 69 171 202 179 2 86 93 41 19 205 123 62 137 105 210 160 47 168 207 162 208 190 90 151 64 182 7 165 73 113 83 66 130 161 50 18 114 110 143 133 74 122 231 17 28 78 109 15 104 185 9 3 230 79 184 158 12 177 
190 205 84 31 44 20 201 4 71 81 9 147 222 10 156 42 52 106 60 143 182 173 78 89 93 206 168 212 110 218 113 154 102 185 223 121 45 208 214 188 229 36 172 33 224 13 101 130 39 14 157 104 123 1 193 232 141 108 53 215 17 77 165 8 27 210 133 97 179 107 114 120 26 189 220 11 65 183 98 47 94 50 56 136 126 161 59 109 158 226 175 122 62 23 90 195 25 134 209 88 41 72 146 35 57 204 207 174 7 137 79 103 30 86 230 
191 27 90 202 144 207 214 195 91 83 6 51 194 56 31 152 192 166 47 221 64 40 109 131 92 38 102 182 174 186 101 133 13 218 223 227 71 33 137 143 112 193 37 215 49 9 65 188 95 93 1 153 179 127 75 66 23 60 181 165 97 39 203 78 77 52 94 222 24 136 42 100 2 170 55 68 210 25 187 107 176 113 126 30 11 149 125 173 146 50 196 128 175 85 167 53 35 226 36 217 206 116 177 12 148 54 61 88 63 171 129 185 208 4 108 130 209 121 162 184 164 19 216 231 7 
192 72 177 156 8 188 142 207 213 139 134 157 20 230 23 82 191 52 189 0 94 223 144 97 18 153 63 32 86 171 228 210 117 225 108 152 67 2 126 45 56 76 227 3 48 73 27 179 22 74 81 33 12 200 111 37 50 132 28 141 78 39 150 123 173 80 194 154 41 131 61 68 47 75 83 60 38 158 118 178 91 195 25 121 42 89 163 57 226 215 125 186 36 216 93 14 219 202 106 98 148 66 17 21 135 211 164 51 
193 56 132 168 63 140 224 104 19 166 9 55 50 231 26 156 89 125 92 151 28 98 108 188 40 101 11 208 148 223 34 171 191 51 116 82 203 88 172 215 64 27 122 190 189 170 142 214 109 183 54 99 157 53 163 57 16 180 195 74 226 13 66 213 111 107 212 139 197 126 23 176 222 220 164 158 210 162 124 196 90 134 38 129 216 44 94 184 32 60 178 147 165 130 58 35 93 207 5 73 230 86 150 36 14 160 167 199 91 83 2 120 149 6 219 202 144 24 119 229 
194 9 123 134 191 52 169 141 44 215 59 188 72 100 10 166 87 34 21 102 127 54 162 0 202 84 75 171 23 68 47 156 19 12 18 93 43 48 200 77 20 189 81 128 70 163 144 108 31 36 146 63 196 209 130 51 133 66 119 197 206 26 92 203 204 80 151 139 157 172 115 219 41 231 60 192 148 101 174 16 207 211 32 170 42 160 82 199 104 40 175 85 122 91 150 67 56 230 110 103 184 152 50 88 5 168 138 14 90 176 86 213 180 195 45 201 214 217 107 178 105 61 121 
195 77 216 87 191 153 95 13 138 231 84 54 157 102 49 14 0 98 74 68 180 144 115 110 73 171 162 46 206 29 182 67 92 82 11 80 176 41 31 184 132 148 27 75 1 34 78 212 70 127 53 222 106 61 207 69 202 37 111 24 133 28 104 208 44 188 165 25 193 175 215 4 10 142 116 99 167 209 50 134 123 23 12 199 192 149 5 152 88 79 38 177 181 119 30 20 43 121 218 18 19 40 190 203 230 8 229 168 194 150 120 160 97 113 66 
196 71 46 137 65 216 126 176 37 199 174 232 225 230 152 131 208 94 200 219 117 146 113 186 164 58 171 130 133 20 14 118 84 185 89 121 128 112 87 45 129 85 27 34 114 49 155 194 9 150 31 207 178 21 226 22 29 231 153 151 7 67 120 197 134 157 43 77 180 214 72 108 228 60 193 165 124 56 161 2 191 109 179 147 47 83 38 132 35 13 206 10 142 182 110 93 8 63 53 50 141 170 18 203 57 28 44 202 184 
197 46 107 129 229 148 1 84 121 4 136 72 114 180 88 2 215 228 13 182 104 166 67 99 62 40 124 100 14 103 3 150 66 89 211 125 45 226 207 172 116 47 135 122 176 111 115 101 139 26 71 90 33 208 24 194 133 10 137 63 178 151 206 165 196 154 145 52 167 184 64 12 193 118 54 42 31 152 50 205 120 143 113 58 169 161 201 222 82 177 153 25 109 183 217 95 7 94 68 32 110 210 19 74 39 126 173 157 69 
198 132 141 65 40 8 124 68 161 199 163 5 48 55 181 60 227 226 186 104 83 109 167 171 111 45 52 21 28 49 19 7 98 107 153 135 166 110 130 232 219 213 50 119 216 229 27 67 140 151 92 32 96 179 214 145 102 114 131 203 99 157 218 208 54 183 80 172 118 82 220 134 33 127 10 25 101 106 230 36 116 89 53 142 105 147 150 148 117 156 231 47 207 169 182 34 184 204 210 93 126 200 209 222 122 23 35 149 174 17 22 212 
199 88 216 38 11 128 34 73 198 196 71 63 231 108 161 40 218 203 143 171 215 151 109 221 48 207 62 188 229 90 79 183 127 156 66 116 65 113 85 4 64 22 60 97 131 36 214 67 146 94 24 126 184 68 93 211 122 169 21 72 89 82 41 141 134 204 145 20 182 219 98 115 51 194 209 195 186 27 177 200 74 148 83 205 125 172 77 57 228 180 78 49 107 147 28 9 106 2 101 95 96 232 193 168 7 201 227 
200 205 35 95 101 104 123 122 70 48 27 150 161 29 196 7 144 111 103 219 62 96 206 179 63 162 189 84 187 154 73 117 98 78 194 24 45 202 82 121 97 151 2 85 109 147 114 211 149 134 208 157 79 158 43 9 216 28 192 93 90 86 213 4 119 5 135 55 229 47 217 178 215 113 42 230 17 112 12 49 127 185 218 170 210 11 40 36 146 37 116 199 180 167 177 94 204 166 228 50 20 152 99 198 77 173 8 225 145 222 142 89 46 131 105 38 66 14 165 
201 60 73 146 43 50 38 190 33 167 117 44 156 180 85 65 62 129 17 160 93 77 2 20 182 6 25 114 128 224 14 203 8 213 174 57 228 189 147 29 172 101 30 89 94 154 18 96 106 82 225 186 214 99 205 64 111 1 120 58 87 48 108 163 183 23 123 141 126 95 150 219 230 61 88 110 145 119 149 67 34 157 122 159 68 78 144 92 197 142 115 24 91 71 118 69 124 136 84 222 116 131 3 227 7 103 216 158 10 199 46 194 13 166 138 9 176 79 137 42 215 
202 191 47 2 34 151 48 11 130 204 134 179 210 5 220 18 38 4 138 188 69 232 177 146 208 67 118 194 42 178 107 52 60 159 101 227 17 106 85 105 68 200 184 128 22 90 65 74 100 166 51 79 133 109 170 6 1 25 35 155 24 195 161 181 175 129 83 160 156 182 203 189 29 163 231 172 54 73 61 162 164 123 72 226 56 143 19 132 15 154 0 41 168 33 212 71 219 229 81 50 139 91 94 37 58 121 87 207 153 176 206 55 218 140 12 127 192 167 145 64 114 66 98 147 196 193 10 113 45 
203 109 188 159 143 8 169 137 228 18 17 71 119 121 117 102 199 131 145 74 123 114 215 206 201 79 61 96 174 115 21 9 24 113 33 39 51 3 64 224 89 182 147 42 134 20 149 127 193 212 47 122 170 158 59 128 44 161 175 194 163 97 198 191 225 104 154 11 60 202 66 27 45 204 105 172 208 31 70 178 48 231 151 58 162 180 181 118 130 165 46 129 15 132 156 227 94 135 55 99 40 62 95 218 16 91 195 220 164 5 171 196 155 146 222 14 185 10 142 
204 92 42 64 215 143 202 130 127 135 155 90 65 108 184 85 26 132 98 187 169 110 1 84 94 166 214 72 225 10 189 221 175 79 220 0 162 50 151 223 104 181 46 52 185 62 99 83 174 145 97 178 106 156 53 95 224 37 147 144 17 159 21 11 73 194 199 32 119 129 102 15 203 165 208 131 100 61 173 35 112 161 22 56 137 54 177 8 152 232 206 228 230 75 58 168 180 136 2 179 149 218 171 69 126 55 89 200 153 105 198 71 164 124 18 190 23 87 229 9 31 76 188 93 12 39 141 
205 190 200 97 152 110 184 153 40 76 28 166 20 146 91 94 220 122 214 44 182 70 73 72 71 228 208 5 217 212 209 125 221 180 47 169 112 183 55 29 37 61 136 167 85 142 46 108 120 26 62 21 157 201 222 164 111 0 227 114 53 1 77 36 59 188 230 163 30 211 144 52 57 8 147 106 168 187 189 159 130 127 41 219 42 232 81 132 197 141 123 151 162 31 99 88 165 150 100 14 160 96 33 199 218 3 25 138 179 172 83 155 116 15 90 60 104 216 74 79 67 27 170 68 225 
206 207 37 223 71 75 136 218 31 137 140 170 181 58 19 0 53 111 144 153 65 86 200 146 1 203 215 30 143 105 152 167 89 112 190 49 92 95 124 195 36 79 43 8 40 82 214 230 147 142 39 11 57 130 134 231 177 85 150 159 63 155 76 13 188 54 194 172 123 84 148 120 197 104 44 24 217 60 133 25 97 38 114 160 157 72 154 212 219 132 73 204 119 15 232 211 109 80 126 9 222 106 221 191 69 179 96 26 103 202 226 196 56 178 50 173 2 183 34 42 209 64 225 149 90 110 117 216 33 
207 166 81 191 182 206 92 113 217 192 219 76 26 9 44 187 20 172 184 138 232 78 68 199 164 29 152 131 62 123 103 35 139 50 112 159 114 28 121 135 102 197 75 67 99 55 181 53 150 33 222 171 7 10 230 157 21 71 154 126 163 167 52 133 196 96 195 46 27 105 25 79 24 0 39 12 169 151 106 117 188 134 11 43 194 189 1 60 37 211 80 15 162 220 40 59 198 70 228 136 45 148 175 30 146 202 54 129 64 116 193 16 168 227 190 223 185 32 41 14 58 66 98 86 
208 178 104 35 131 220 48 57 130 14 108 32 196 15 62 167 202 126 13 205 114 175 84 27 31 181 222 156 99 188 122 12 9 90 164 146 193 179 153 65 21 190 68 172 19 94 228 71 166 230 61 151 227 139 52 200 39 224 152 87 69 70 80 149 232 109 161 86 197 81 223 213 11 72 107 158 219 143 91 162 37 180 198 67 195 110 111 173 203 2 204 117 124 33 170 189 129 137 186 92 98 169 138 76 148 47 89 160 93 46 97 44 136 231 75 135 142 176 50 191 141 211 79 5 145 20 45 127 85 58 29 132 
209 166 109 68 5 82 114 184 17 185 103 11 144 75 107 132 113 50 189 158 224 171 84 220 100 64 120 156 40 159 215 115 77 205 79 92 168 41 18 85 31 98 81 179 180 9 140 1 172 175 30 96 4 230 99 3 164 194 39 35 91 212 181 152 124 108 78 86 70 67 128 56 222 45 214 106 66 126 57 87 213 88 155 62 6 36 145 177 135 80 195 73 61 110 51 54 60 137 199 127 216 139 93 38 83 225 34 183 97 14 90 72 32 226 123 190 198 47 44 191 206 219 15 122 217 42 
210 43 181 133 29 79 170 122 202 211 26 155 103 24 61 74 72 73 32 86 59 135 183 1 7 158 45 192 152 186 125 44 56 99 143 64 17 57 95 51 62 110 0 28 41 215 218 63 176 118 231 224 129 49 128 9 10 76 137 190 37 108 4 156 97 42 84 67 189 221 66 136 191 193 214 14 36 83 200 31 173 178 107 126 164 148 180 134 220 147 167 232 50 198 172 123 58 197 53 34 141 140 153 82 88 145 157 222 160 230 2 120 121 
211 28 173 80 123 42 95 210 88 135 127 152 2 120 124 56 71 155 185 94 113 232 46 70 92 6 139 145 64 137 197 147 58 60 146 212 63 114 176 76 79 121 24 200 180 75 18 178 74 199 90 132 54 8 144 22 224 21 78 104 13 228 163 216 205 220 10 43 86 213 188 162 181 57 229 171 3 194 153 33 29 207 35 45 230 116 72 91 103 134 187 82 206 222 108 131 55 119 159 89 23 208 149 37 227 68 31 143 73 83 97 133 192 217 
212 1 136 170 230 133 48 132 115 29 225 94 42 37 78 128 18 54 108 71 3 149 163 58 62 205 66 104 190 39 17 224 176 68 69 127 13 122 146 164 143 211 142 165 186 109 51 4 70 203 44 156 209 145 175 217 195 53 99 157 126 187 139 113 55 75 92 98 178 144 120 193 50 59 85 206 73 168 6 228 180 202 45 103 100 74 131 10 19 43 9 169 5 188 226 61 162 110 8 129 64 83 171 218 90 151 7 76 185 30 227 198 
213 169 128 97 63 12 108 192 56 6 35 160 103 123 52 136 42 70 2 25 201 53 146 60 218 71 175 49 231 67 44 79 122 72 131 104 224 90 181 178 198 147 16 9 13 173 115 111 168 186 106 170 91 23 81 183 226 30 208 28 29 15 45 134 200 5 19 152 145 209 221 211 95 222 129 193 166 119 93 27 82 162 167 137 36 223 41 64 232 85 68 109 77 141 31 14 194 144 11 58 84 
214 182 191 15 110 119 102 44 0 35 221 228 175 21 205 52 127 143 14 173 71 113 60 69 226 128 32 204 171 118 176 215 169 218 124 5 97 206 27 190 75 103 112 30 163 199 138 155 216 34 201 144 10 99 166 170 100 22 26 198 36 154 111 7 185 9 135 42 61 29 193 39 49 114 209 156 17 92 172 217 58 95 3 107 84 196 121 109 77 130 74 225 50 220 139 179 76 73 152 142 210 20 148 83 129 227 106 181 40 96 56 51 147 79 24 46 33 194 158 18 4 
215 86 29 88 129 218 3 150 47 204 125 185 175 194 45 51 199 21 102 24 27 197 153 203 160 206 9 32 209 111 98 131 126 72 91 214 54 104 65 145 84 191 48 52 159 42 166 63 11 210 75 31 60 46 68 193 55 85 123 122 147 190 2 121 120 183 176 173 38 216 0 171 26 112 231 200 148 195 163 186 180 69 64 8 142 127 103 36 225 161 53 192 80 87 19 43 152 228 168 82 138 90 25 135 34 119 139 28 220 170 101 59 201 
216 199 79 195 196 51 105 8 56 96 161 0 145 136 100 225 222 102 66 130 148 2 141 15 177 47 13 219 22 166 127 175 123 58 50 49 224 63 53 189 83 169 44 150 159 134 198 75 230 97 214 23 65 163 139 170 94 17 180 95 99 186 200 119 165 113 90 12 4 110 211 6 215 69 157 154 70 92 84 138 153 162 167 117 52 16 71 115 91 7 174 29 140 46 217 209 183 193 33 218 28 173 156 103 72 73 158 192 93 40 151 86 201 82 108 205 30 61 124 191 20 121 34 206 11 
217 135 42 33 70 207 168 17 65 182 39 4 67 64 183 8 88 160 153 178 59 36 179 93 188 100 68 12 138 221 205 72 66 25 130 3 51 95 122 78 137 104 177 151 161 129 26 150 86 154 174 147 230 212 142 115 139 89 123 134 19 117 55 90 53 133 75 214 24 181 155 206 200 96 186 152 11 143 166 69 58 121 99 57 103 227 169 2 216 110 164 40 47 109 6 197 14 15 5 191 31 165 23 228 108 77 22 218 105 102 52 172 131 41 170 92 9 119 1 194 225 80 211 209 
218 32 30 215 169 154 65 140 35 105 206 44 36 51 170 172 55 199 59 38 141 88 12 121 99 76 149 228 125 213 9 190 20 182 191 95 15 214 27 219 165 144 124 17 176 177 77 210 227 232 63 14 47 160 175 54 101 156 3 187 5 126 164 132 68 93 146 89 198 98 78 70 127 110 145 109 131 115 23 220 188 116 178 157 221 155 25 94 111 136 62 200 226 216 225 204 185 24 69 205 21 203 195 119 217 202 151 39 212 8 6 28 4 158 142 
219 102 46 141 38 15 207 9 130 70 223 95 83 188 11 98 145 97 27 36 63 196 45 57 200 103 119 113 216 59 123 156 168 139 84 128 89 170 106 48 198 42 127 218 65 181 101 99 33 155 144 71 108 230 22 172 122 232 49 140 148 35 25 111 161 150 208 201 86 194 231 199 14 30 147 224 105 74 62 31 29 205 221 206 136 80 100 202 87 143 3 220 152 129 53 229 40 37 79 187 225 88 90 82 34 192 183 7 75 67 226 39 12 209 64 166 20 193 
220 134 156 38 48 115 46 158 108 131 208 125 189 107 75 86 117 202 205 100 170 167 135 30 209 147 126 151 165 111 52 106 17 81 102 54 93 181 50 87 204 186 141 69 144 44 13 72 9 7 160 221 122 178 116 110 82 177 64 89 16 67 143 211 138 176 6 218 198 90 114 214 34 121 190 193 150 185 171 128 227 179 155 14 11 148 169 207 174 219 85 66 25 142 71 166 74 112 222 210 103 154 70 168 203 3 62 159 224 105 78 215 232 35 180 
221 90 70 121 33 102 99 214 110 39 35 166 89 191 56 172 120 27 177 93 199 52 19 3 55 13 217 178 53 130 144 205 60 18 204 87 49 168 7 73 220 231 129 122 156 22 151 147 42 112 160 115 136 127 84 155 180 38 28 100 149 12 29 167 213 141 230 227 128 210 218 51 32 219 182 5 119 80 101 15 176 226 132 134 24 74 14 228 206 57 72 113 82 47 48 91 83 50 86 95 223 11 224 
222 184 111 142 170 46 177 143 156 73 112 164 190 151 136 216 182 10 113 101 169 106 96 159 133 208 175 87 75 119 8 18 110 3 57 38 52 23 150 232 205 207 74 58 99 158 88 100 36 25 63 115 195 157 70 49 103 24 224 22 72 209 50 69 166 191 120 66 11 124 41 91 213 30 40 78 92 193 19 39 183 145 1 181 126 228 197 130 64 77 55 79 60 163 230 31 220 211 206 201 9 179 114 198 168 200 180 187 15 53 32 210 203 34 231 7 
223 231 143 112 206 120 125 230 187 174 225 175 24 146 219 182 86 69 117 71 36 192 147 47 165 35 91 180 10 224 160 13 151 148 42 191 138 177 190 166 193 136 204 121 59 73 159 62 16 54 30 164 208 18 32 106 49 61 145 48 126 102 76 179 66 84 94 111 141 97 60 185 21 161 108 150 139 44 213 81 2 133 90 113 162 123 51 137 57 72 154 27 70 207 132 221 105 153 157 9 119 104 92 1 
224 36 87 53 186 34 137 64 115 164 163 17 193 41 118 75 96 117 45 92 209 107 90 55 93 128 201 174 81 167 79 153 223 71 85 29 216 212 33 120 149 230 213 77 125 47 78 203 60 4 102 232 28 150 190 170 80 180 18 8 227 159 208 210 44 148 204 21 105 211 3 99 228 50 222 124 39 127 27 123 20 100 219 140 229 74 145 112 130 31 168 9 160 59 35 158 73 184 97 37 172 52 68 103 43 42 54 135 22 220 175 114 88 25 111 221 
225 71 87 231 76 10 223 165 9 186 33 168 196 157 212 48 136 64 88 216 138 27 183 112 103 161 28 50 204 150 125 109 192 42 25 32 228 61 46 115 102 57 56 146 152 34 15 201 106 126 75 12 176 66 6 139 137 21 79 227 203 55 174 121 164 182 85 108 58 154 60 1 214 167 111 81 180 153 143 171 45 77 23 175 30 232 226 128 82 169 40 218 215 104 209 41 219 59 97 166 114 170 200 74 129 31 3 206 149 217 205 187 178 43 
226 5 131 27 25 99 159 93 34 129 116 228 57 96 183 106 198 54 114 102 140 64 22 80 48 177 214 181 89 94 178 36 101 87 55 67 75 100 58 49 61 197 173 2 56 70 108 23 38 91 149 15 184 90 73 110 164 120 26 65 213 160 153 232 63 79 196 6 46 103 105 139 98 59 126 51 118 229 83 193 84 124 62 202 115 186 86 24 122 171 225 142 19 218 143 162 221 128 117 72 138 190 192 191 212 155 206 209 52 42 158 43 7 219 82 4 147 
227 186 110 82 165 75 184 53 97 17 177 168 198 180 121 127 5 89 174 133 0 64 28 80 143 58 86 116 202 98 146 144 18 113 162 191 112 1 95 36 192 118 166 218 205 137 208 224 71 126 52 79 23 70 225 178 4 167 20 62 33 108 14 46 131 129 149 61 173 221 57 43 231 176 179 220 138 182 217 157 134 77 22 84 111 203 214 99 140 101 10 76 201 50 78 132 85 7 125 211 169 207 31 151 199 19 90 15 51 104 159 81 24 94 212 
228 98 55 23 77 47 65 203 129 160 34 185 153 214 226 96 0 131 112 124 173 13 100 102 22 155 159 15 197 177 119 95 53 205 92 218 135 36 93 201 110 184 192 33 21 11 230 61 99 44 29 161 64 104 38 68 25 97 16 229 225 188 145 115 138 208 59 139 84 58 183 150 187 121 42 66 164 51 1 17 133 80 114 19 189 78 37 123 178 224 81 211 141 9 122 120 24 14 168 140 90 196 6 204 212 105 143 117 165 180 222 12 113 142 2 166 207 154 8 137 221 82 199 200 215 217 88 157 132 46 151 134 106 35 72 89 83 156 
229 50 22 101 197 74 232 0 152 179 178 14 175 67 133 88 143 167 8 46 56 20 5 19 199 231 35 32 131 228 83 180 99 41 29 76 38 186 165 51 190 84 98 198 49 135 37 138 189 92 102 77 85 230 144 177 27 130 132 172 109 23 166 148 183 200 226 224 128 141 6 155 211 139 65 2 57 108 55 170 127 107 202 80 12 66 7 72 9 70 112 151 60 87 25 219 24 171 158 160 116 120 3 142 195 156 174 100 204 81 153 193 
230 188 149 212 22 223 77 140 20 192 82 90 70 27 196 16 118 103 148 14 33 5 26 161 115 228 183 10 122 224 165 108 107 124 8 9 206 132 45 60 163 142 216 209 104 168 128 156 3 219 208 51 175 57 207 23 111 121 141 217 229 205 31 79 6 66 32 201 44 91 185 144 58 135 106 221 137 56 21 64 19 80 162 147 200 95 78 76 198 34 204 15 211 164 139 151 157 186 232 133 41 194 222 110 102 83 11 75 173 193 195 18 62 105 189 39 4 59 99 52 210 176 96 190 177 120 
231 142 223 133 131 107 123 225 195 165 67 91 199 175 193 37 135 125 26 140 66 153 102 149 166 58 82 46 22 181 213 229 21 188 94 106 90 68 114 13 113 19 174 108 103 96 40 84 87 206 73 210 221 159 75 17 80 51 177 154 146 110 71 196 152 61 141 219 202 18 194 184 151 10 79 34 139 43 215 104 41 143 203 227 20 5 171 78 99 115 130 53 2 198 57 105 208 189 85 160 44 28 72 7 173 176 183 54 222 191 65 62 
232 105 93 175 229 196 61 94 207 122 144 38 202 20 52 179 186 64 211 156 84 28 62 12 106 153 79 16 171 80 129 25 183 141 198 86 132 97 135 125 224 151 70 222 184 6 218 71 34 102 219 157 208 168 190 226 91 65 181 133 104 23 15 82 36 22 136 77 26 58 131 32 205 204 158 162 225 59 206 81 112 116 40 110 230 45 213 48 60 37 140 66 14 87 146 210 167 109 120 44 10 128 35 78 108 199 160 117 47 9 24 119 115 220 138 
