0 100 
0 14 
0 2 
0 105 
0 23 
0 20 
0 88 
0 43 
0 32 
0 42 
0 10 
0 72 
0 58 
0 73 
0 48 
0 101 
0 69 
0 84 
0 50 
0 3 
0 22 
0 54 
0 4 
0 93 
0 49 
0 75 
0 91 
0 13 
0 76 
0 34 
0 57 
0 64 
1 43 
1 56 
1 51 
1 84 
1 77 
1 61 
1 25 
1 12 
1 16 
1 37 
1 67 
1 68 
1 69 
1 17 
1 31 
1 89 
1 92 
1 4 
1 20 
2 11 
2 0 
2 38 
2 54 
2 78 
2 4 
2 25 
2 87 
2 36 
2 56 
2 64 
2 58 
2 44 
2 10 
2 75 
2 61 
2 22 
3 71 
3 111 
3 6 
3 107 
3 50 
3 22 
3 108 
3 41 
3 66 
3 72 
3 0 
3 31 
3 97 
3 113 
3 7 
3 17 
3 55 
3 13 
3 62 
3 89 
3 26 
3 83 
3 58 
3 115 
4 88 
4 112 
4 45 
4 46 
4 76 
4 65 
4 24 
4 28 
4 13 
4 44 
4 2 
4 43 
4 83 
4 94 
4 98 
4 35 
4 0 
4 61 
4 81 
4 117 
4 1 
4 101 
4 90 
5 18 
5 52 
5 103 
5 112 
5 44 
5 12 
5 49 
5 74 
5 89 
5 41 
5 109 
5 79 
5 115 
5 42 
5 32 
5 83 
5 25 
5 72 
5 53 
5 6 
5 59 
5 94 
5 61 
5 111 
5 15 
6 83 
6 41 
6 104 
6 3 
6 54 
6 75 
6 105 
6 81 
6 66 
6 57 
6 98 
6 87 
6 94 
6 86 
6 79 
6 22 
6 7 
6 111 
6 23 
6 5 
6 92 
6 101 
6 12 
7 37 
7 77 
7 42 
7 18 
7 9 
7 112 
7 91 
7 103 
7 66 
7 104 
7 15 
7 33 
7 63 
7 72 
7 3 
7 6 
7 116 
7 46 
7 23 
7 114 
7 90 
8 109 
8 107 
8 15 
8 66 
8 20 
8 97 
8 38 
8 101 
8 31 
8 93 
8 61 
8 42 
8 114 
8 75 
8 10 
8 60 
8 22 
8 70 
8 110 
8 99 
8 43 
8 11 
9 7 
9 77 
9 86 
9 53 
9 22 
9 105 
9 110 
9 62 
9 116 
9 13 
9 50 
9 67 
9 115 
9 72 
9 88 
9 83 
9 16 
9 84 
9 114 
9 57 
9 24 
9 85 
10 85 
10 97 
10 13 
10 53 
10 0 
10 88 
10 49 
10 48 
10 76 
10 14 
10 109 
10 46 
10 108 
10 45 
10 73 
10 40 
10 36 
10 33 
10 93 
10 8 
10 99 
10 2 
10 116 
10 86 
11 18 
11 2 
11 16 
11 90 
11 65 
11 94 
11 92 
11 53 
11 60 
11 55 
11 69 
11 39 
11 58 
11 8 
12 23 
12 19 
12 104 
12 20 
12 40 
12 117 
12 42 
12 109 
12 5 
12 34 
12 64 
12 1 
12 98 
12 85 
12 56 
12 63 
12 62 
12 71 
12 94 
12 59 
12 105 
12 89 
12 111 
12 101 
12 51 
12 95 
12 6 
13 92 
13 26 
13 21 
13 10 
13 4 
13 29 
13 81 
13 95 
13 94 
13 9 
13 104 
13 117 
13 18 
13 61 
13 111 
13 3 
13 70 
13 33 
13 114 
13 0 
13 69 
13 80 
13 27 
13 32 
13 72 
13 28 
13 62 
14 77 
14 67 
14 0 
14 76 
14 23 
14 106 
14 59 
14 54 
14 78 
14 10 
14 47 
14 45 
14 52 
14 101 
14 73 
14 44 
14 15 
14 55 
14 90 
14 96 
14 42 
14 18 
14 27 
14 25 
15 78 
15 62 
15 86 
15 48 
15 113 
15 8 
15 28 
15 7 
15 59 
15 30 
15 27 
15 76 
15 63 
15 87 
15 40 
15 75 
15 50 
15 91 
15 92 
15 14 
15 116 
15 41 
15 102 
15 55 
15 45 
15 98 
15 26 
15 5 
15 16 
16 33 
16 36 
16 51 
16 11 
16 61 
16 50 
16 19 
16 111 
16 1 
16 93 
16 59 
16 52 
16 48 
16 100 
16 24 
16 20 
16 78 
16 9 
16 40 
16 113 
16 15 
17 38 
17 20 
17 94 
17 74 
17 41 
17 54 
17 42 
17 73 
17 29 
17 34 
17 72 
17 107 
17 114 
17 85 
17 45 
17 78 
17 3 
17 1 
17 63 
17 112 
17 80 
18 11 
18 76 
18 43 
18 7 
18 5 
18 111 
18 74 
18 81 
18 100 
18 87 
18 55 
18 13 
18 107 
18 84 
18 30 
18 110 
18 14 
18 116 
18 26 
19 12 
19 104 
19 29 
19 60 
19 48 
19 16 
19 100 
19 69 
19 108 
19 112 
19 27 
19 21 
19 32 
19 42 
19 91 
19 103 
20 61 
20 24 
20 22 
20 52 
20 31 
20 17 
20 12 
20 0 
20 42 
20 8 
20 78 
20 86 
20 60 
20 39 
20 100 
20 67 
20 87 
20 45 
20 116 
20 16 
20 1 
20 79 
21 30 
21 61 
21 13 
21 56 
21 83 
21 40 
21 103 
21 60 
21 44 
21 32 
21 110 
21 76 
21 19 
21 27 
21 50 
21 45 
21 57 
22 56 
22 20 
22 73 
22 55 
22 54 
22 83 
22 3 
22 9 
22 52 
22 63 
22 74 
22 103 
22 108 
22 0 
22 6 
22 91 
22 106 
22 81 
22 8 
22 37 
22 29 
22 51 
22 2 
22 38 
22 85 
23 67 
23 12 
23 84 
23 14 
23 0 
23 63 
23 55 
23 60 
23 45 
23 69 
23 30 
23 95 
23 107 
23 108 
23 32 
23 61 
23 35 
23 98 
23 6 
23 7 
23 79 
23 92 
23 105 
23 51 
24 20 
24 111 
24 61 
24 107 
24 93 
24 40 
24 4 
24 69 
24 59 
24 86 
24 48 
24 71 
24 42 
24 16 
24 75 
24 44 
24 100 
24 9 
24 115 
24 72 
24 116 
24 84 
24 39 
25 108 
25 35 
25 114 
25 96 
25 101 
25 41 
25 65 
25 34 
25 1 
25 72 
25 81 
25 82 
25 2 
25 68 
25 74 
25 5 
25 61 
25 39 
25 26 
25 70 
25 95 
25 99 
25 85 
25 14 
26 100 
26 59 
26 49 
26 13 
26 86 
26 95 
26 106 
26 72 
26 63 
26 111 
26 75 
26 40 
26 96 
26 57 
26 82 
26 78 
26 88 
26 25 
26 3 
26 105 
26 15 
26 93 
26 18 
27 42 
27 89 
27 94 
27 64 
27 78 
27 104 
27 15 
27 29 
27 67 
27 19 
27 107 
27 110 
27 116 
27 44 
27 68 
27 112 
27 69 
27 114 
27 21 
27 35 
27 91 
27 13 
27 14 
28 91 
28 111 
28 15 
28 32 
28 38 
28 4 
28 83 
28 37 
28 61 
28 66 
28 39 
28 109 
28 52 
28 77 
28 85 
28 104 
28 82 
28 29 
28 92 
28 49 
28 94 
28 88 
28 34 
28 13 
28 44 
28 114 
28 62 
29 38 
29 39 
29 19 
29 74 
29 78 
29 33 
29 98 
29 102 
29 27 
29 13 
29 65 
29 17 
29 30 
29 110 
29 99 
29 47 
29 68 
29 117 
29 28 
29 85 
29 93 
29 107 
29 101 
29 82 
29 56 
29 115 
29 75 
29 55 
29 22 
30 38 
30 92 
30 21 
30 79 
30 42 
30 78 
30 47 
30 15 
30 75 
30 74 
30 23 
30 29 
30 97 
30 32 
30 50 
30 85 
30 18 
31 20 
31 81 
31 88 
31 66 
31 33 
31 60 
31 70 
31 86 
31 63 
31 111 
31 8 
31 69 
31 3 
31 1 
31 116 
31 61 
31 64 
31 106 
31 96 
32 94 
32 69 
32 86 
32 65 
32 37 
32 28 
32 0 
32 40 
32 64 
32 111 
32 33 
32 114 
32 30 
32 21 
32 23 
32 5 
32 19 
32 56 
32 101 
32 13 
32 88 
33 16 
33 73 
33 37 
33 99 
33 31 
33 82 
33 29 
33 7 
33 52 
33 32 
33 41 
33 77 
33 35 
33 72 
33 10 
33 104 
33 92 
33 13 
33 76 
33 109 
33 57 
33 67 
33 45 
33 111 
33 97 
34 75 
34 69 
34 63 
34 99 
34 93 
34 56 
34 25 
34 12 
34 46 
34 38 
34 83 
34 113 
34 17 
34 114 
34 44 
34 85 
34 82 
34 64 
34 112 
34 0 
34 43 
34 28 
34 79 
35 25 
35 88 
35 109 
35 98 
35 38 
35 112 
35 62 
35 4 
35 33 
35 92 
35 83 
35 60 
35 23 
35 103 
35 77 
35 27 
35 81 
36 16 
36 73 
36 112 
36 106 
36 117 
36 111 
36 97 
36 71 
36 70 
36 86 
36 93 
36 2 
36 10 
36 41 
36 116 
36 54 
37 7 
37 33 
37 43 
37 114 
37 50 
37 111 
37 32 
37 112 
37 116 
37 28 
37 102 
37 1 
37 92 
37 74 
37 89 
37 109 
37 58 
37 39 
37 101 
37 48 
37 53 
37 22 
37 81 
37 64 
37 66 
38 17 
38 62 
38 30 
38 29 
38 2 
38 105 
38 104 
38 111 
38 45 
38 28 
38 8 
38 43 
38 34 
38 35 
38 49 
38 84 
38 42 
38 88 
38 95 
38 68 
38 114 
38 77 
38 92 
38 67 
38 22 
38 60 
39 29 
39 79 
39 90 
39 70 
39 49 
39 74 
39 113 
39 20 
39 108 
39 28 
39 93 
39 98 
39 37 
39 96 
39 61 
39 25 
39 68 
39 107 
39 50 
39 89 
39 103 
39 11 
39 24 
40 106 
40 42 
40 76 
40 12 
40 32 
40 24 
40 81 
40 109 
40 15 
40 21 
40 58 
40 96 
40 84 
40 26 
40 10 
40 117 
40 47 
40 87 
40 52 
40 82 
40 100 
40 101 
40 16 
40 99 
40 113 
40 112 
41 6 
41 89 
41 74 
41 50 
41 43 
41 17 
41 25 
41 3 
41 5 
41 117 
41 57 
41 33 
41 59 
41 98 
41 68 
41 15 
41 62 
41 66 
41 54 
41 36 
41 61 
41 78 
41 83 
42 27 
42 90 
42 7 
42 40 
42 107 
42 30 
42 20 
42 102 
42 12 
42 55 
42 0 
42 111 
42 85 
42 17 
42 81 
42 72 
42 43 
42 75 
42 50 
42 44 
42 38 
42 24 
42 5 
42 8 
42 45 
42 19 
42 14 
42 104 
42 49 
42 74 
42 103 
42 84 
42 86 
43 103 
43 18 
43 1 
43 37 
43 53 
43 85 
43 41 
43 0 
43 90 
43 54 
43 42 
43 38 
43 89 
43 4 
43 48 
43 66 
43 72 
43 75 
43 98 
43 46 
43 83 
43 56 
43 73 
43 34 
43 74 
43 96 
43 8 
43 61 
44 52 
44 98 
44 72 
44 114 
44 5 
44 68 
44 4 
44 58 
44 34 
44 42 
44 100 
44 89 
44 70 
44 21 
44 76 
44 14 
44 60 
44 27 
44 109 
44 96 
44 2 
44 24 
44 66 
44 28 
45 77 
45 99 
45 4 
45 38 
45 85 
45 91 
45 23 
45 72 
45 10 
45 94 
45 65 
45 14 
45 17 
45 109 
45 82 
45 46 
45 70 
45 42 
45 20 
45 113 
45 15 
45 106 
45 33 
45 21 
45 49 
45 87 
45 102 
46 63 
46 61 
46 4 
46 92 
46 73 
46 34 
46 104 
46 10 
46 50 
46 45 
46 43 
46 7 
46 97 
47 91 
47 109 
47 72 
47 81 
47 30 
47 88 
47 106 
47 64 
47 14 
47 29 
47 82 
47 40 
47 116 
47 115 
47 79 
48 100 
48 106 
48 76 
48 15 
48 19 
48 69 
48 73 
48 53 
48 98 
48 81 
48 0 
48 10 
48 24 
48 43 
48 60 
48 16 
48 50 
48 37 
48 55 
48 117 
48 59 
49 98 
49 62 
49 88 
49 26 
49 104 
49 97 
49 105 
49 39 
49 5 
49 10 
49 60 
49 38 
49 67 
49 96 
49 54 
49 90 
49 0 
49 28 
49 110 
49 42 
49 82 
49 114 
49 113 
49 45 
50 83 
50 64 
50 16 
50 37 
50 115 
50 41 
50 3 
50 60 
50 82 
50 15 
50 9 
50 0 
50 66 
50 42 
50 70 
50 30 
50 46 
50 72 
50 48 
50 54 
50 90 
50 39 
50 69 
50 62 
50 21 
50 92 
51 16 
51 74 
51 1 
51 73 
51 72 
51 89 
51 117 
51 63 
51 77 
51 88 
51 113 
51 110 
51 61 
51 68 
51 12 
51 107 
51 22 
51 23 
51 69 
51 85 
52 70 
52 44 
52 110 
52 20 
52 5 
52 63 
52 99 
52 22 
52 33 
52 88 
52 107 
52 14 
52 28 
52 16 
52 83 
52 71 
52 40 
52 114 
52 79 
52 97 
52 116 
52 69 
53 82 
53 43 
53 112 
53 106 
53 10 
53 110 
53 88 
53 9 
53 87 
53 72 
53 84 
53 99 
53 48 
53 97 
53 11 
53 63 
53 71 
53 5 
53 54 
53 93 
53 37 
54 111 
54 77 
54 22 
54 2 
54 6 
54 100 
54 70 
54 17 
54 87 
54 14 
54 68 
54 43 
54 60 
54 95 
54 0 
54 83 
54 49 
54 50 
54 106 
54 63 
54 41 
54 53 
54 57 
54 101 
54 36 
54 115 
54 112 
54 96 
55 75 
55 22 
55 108 
55 42 
55 65 
55 23 
55 86 
55 61 
55 95 
55 57 
55 105 
55 18 
55 11 
55 3 
55 14 
55 70 
55 115 
55 80 
55 15 
55 48 
55 29 
55 74 
56 22 
56 106 
56 115 
56 114 
56 80 
56 112 
56 1 
56 86 
56 84 
56 34 
56 95 
56 87 
56 21 
56 12 
56 82 
56 74 
56 89 
56 2 
56 32 
56 43 
56 29 
56 71 
56 107 
56 68 
57 89 
57 104 
57 63 
57 101 
57 6 
57 41 
57 55 
57 26 
57 97 
57 95 
57 75 
57 99 
57 54 
57 33 
57 9 
57 0 
57 21 
58 67 
58 115 
58 102 
58 0 
58 96 
58 40 
58 44 
58 76 
58 73 
58 83 
58 62 
58 89 
58 37 
58 66 
58 2 
58 84 
58 95 
58 91 
58 11 
58 3 
59 104 
59 95 
59 26 
59 91 
59 94 
59 15 
59 92 
59 14 
59 106 
59 24 
59 102 
59 41 
59 65 
59 16 
59 12 
59 5 
59 111 
59 97 
59 48 
60 19 
60 104 
60 112 
60 105 
60 76 
60 50 
60 100 
60 31 
60 23 
60 54 
60 70 
60 20 
60 49 
60 73 
60 106 
60 95 
60 21 
60 48 
60 11 
60 44 
60 35 
60 8 
60 102 
60 83 
60 111 
60 38 
61 20 
61 85 
61 89 
61 16 
61 21 
61 46 
61 83 
61 24 
61 1 
61 116 
61 64 
61 28 
61 55 
61 72 
61 78 
61 8 
61 97 
61 51 
61 39 
61 63 
61 23 
61 25 
61 13 
61 4 
61 115 
61 31 
61 70 
61 77 
61 41 
61 5 
61 2 
61 69 
61 111 
61 43 
61 104 
62 15 
62 38 
62 49 
62 106 
62 9 
62 12 
62 35 
62 107 
62 100 
62 58 
62 104 
62 65 
62 97 
62 41 
62 86 
62 3 
62 80 
62 50 
62 68 
62 90 
62 28 
62 13 
62 76 
63 79 
63 77 
63 46 
63 34 
63 57 
63 23 
63 70 
63 52 
63 51 
63 87 
63 102 
63 22 
63 7 
63 95 
63 15 
63 31 
63 12 
63 88 
63 26 
63 109 
63 114 
63 53 
63 61 
63 54 
63 76 
63 17 
63 113 
63 82 
64 50 
64 70 
64 66 
64 27 
64 32 
64 103 
64 88 
64 12 
64 104 
64 61 
64 97 
64 82 
64 47 
64 65 
64 73 
64 71 
64 2 
64 34 
64 31 
64 85 
64 37 
64 117 
64 0 
64 69 
65 78 
65 32 
65 55 
65 4 
65 25 
65 11 
65 107 
65 96 
65 29 
65 59 
65 45 
65 83 
65 110 
65 64 
65 95 
65 62 
65 72 
65 92 
65 71 
66 92 
66 64 
66 8 
66 7 
66 31 
66 6 
66 3 
66 109 
66 28 
66 50 
66 43 
66 116 
66 58 
66 41 
66 87 
66 98 
66 44 
66 70 
66 37 
67 91 
67 23 
67 58 
67 14 
67 113 
67 108 
67 104 
67 27 
67 9 
67 1 
67 68 
67 49 
67 85 
67 87 
67 20 
67 74 
67 102 
67 72 
67 78 
67 33 
67 38 
67 93 
67 77 
68 101 
68 108 
68 97 
68 54 
68 44 
68 67 
68 1 
68 41 
68 25 
68 29 
68 38 
68 27 
68 39 
68 51 
68 71 
68 56 
68 62 
68 83 
68 82 
69 34 
69 32 
69 99 
69 104 
69 48 
69 107 
69 116 
69 77 
69 88 
69 96 
69 79 
69 24 
69 19 
69 0 
69 31 
69 23 
69 78 
69 1 
69 98 
69 27 
69 11 
69 50 
69 13 
69 100 
69 61 
69 52 
69 51 
69 64 
70 52 
70 78 
70 81 
70 64 
70 92 
70 91 
70 63 
70 87 
70 54 
70 39 
70 31 
70 109 
70 60 
70 36 
70 50 
70 44 
70 98 
70 110 
70 45 
70 55 
70 61 
70 13 
70 111 
70 8 
70 107 
70 25 
70 66 
71 3 
71 104 
71 106 
71 100 
71 72 
71 111 
71 12 
71 36 
71 96 
71 52 
71 24 
71 97 
71 91 
71 64 
71 53 
71 90 
71 68 
71 56 
71 65 
71 115 
71 86 
72 113 
72 47 
72 44 
72 77 
72 51 
72 100 
72 71 
72 53 
72 0 
72 42 
72 3 
72 26 
72 7 
72 45 
72 17 
72 25 
72 95 
72 43 
72 9 
72 61 
72 50 
72 33 
72 103 
72 5 
72 65 
72 87 
72 67 
72 89 
72 98 
72 24 
72 13 
73 33 
73 36 
73 22 
73 74 
73 51 
73 111 
73 46 
73 48 
73 92 
73 17 
73 0 
73 115 
73 88 
73 60 
73 10 
73 14 
73 58 
73 110 
73 106 
73 64 
73 101 
73 43 
73 112 
74 97 
74 41 
74 29 
74 51 
74 73 
74 98 
74 79 
74 17 
74 108 
74 22 
74 5 
74 39 
74 18 
74 30 
74 92 
74 37 
74 90 
74 103 
74 104 
74 100 
74 56 
74 25 
74 101 
74 67 
74 82 
74 42 
74 96 
74 43 
74 55 
75 34 
75 89 
75 55 
75 99 
75 6 
75 98 
75 86 
75 30 
75 107 
75 42 
75 15 
75 26 
75 104 
75 0 
75 43 
75 8 
75 57 
75 24 
75 2 
75 29 
75 81 
76 18 
76 81 
76 86 
76 48 
76 84 
76 40 
76 96 
76 14 
76 89 
76 4 
76 78 
76 93 
76 60 
76 103 
76 15 
76 10 
76 58 
76 44 
76 107 
76 116 
76 21 
76 63 
76 33 
76 0 
76 105 
76 88 
76 62 
77 14 
77 45 
77 7 
77 63 
77 54 
77 80 
77 72 
77 1 
77 9 
77 69 
77 111 
77 51 
77 79 
77 33 
77 28 
77 110 
77 86 
77 35 
77 105 
77 61 
77 106 
77 99 
77 114 
77 38 
77 89 
77 67 
78 15 
78 70 
78 65 
78 113 
78 30 
78 2 
78 76 
78 29 
78 27 
78 20 
78 95 
78 14 
78 86 
78 69 
78 17 
78 61 
78 98 
78 26 
78 16 
78 67 
78 41 
79 84 
79 63 
79 39 
79 30 
79 74 
79 87 
79 69 
79 80 
79 77 
79 6 
79 5 
79 98 
79 105 
79 47 
79 52 
79 23 
79 101 
79 34 
79 20 
80 116 
80 77 
80 56 
80 108 
80 85 
80 79 
80 93 
80 91 
80 106 
80 83 
80 87 
80 55 
80 62 
80 13 
80 109 
80 102 
80 17 
81 76 
81 70 
81 102 
81 31 
81 47 
81 6 
81 86 
81 114 
81 42 
81 18 
81 40 
81 48 
81 13 
81 111 
81 25 
81 116 
81 22 
81 35 
81 4 
81 37 
81 75 
82 53 
82 33 
82 91 
82 50 
82 56 
82 64 
82 103 
82 117 
82 47 
82 25 
82 92 
82 45 
82 93 
82 26 
82 34 
82 28 
82 40 
82 74 
82 29 
82 49 
82 84 
82 63 
82 68 
83 107 
83 50 
83 6 
83 61 
83 22 
83 89 
83 93 
83 21 
83 28 
83 91 
83 4 
83 34 
83 52 
83 54 
83 65 
83 58 
83 87 
83 5 
83 35 
83 115 
83 98 
83 80 
83 9 
83 43 
83 114 
83 106 
83 60 
83 3 
83 68 
83 41 
84 79 
84 106 
84 76 
84 23 
84 109 
84 1 
84 90 
84 108 
84 56 
84 53 
84 0 
84 113 
84 40 
84 38 
84 58 
84 18 
84 105 
84 9 
84 96 
84 82 
84 94 
84 42 
84 24 
84 110 
85 61 
85 88 
85 43 
85 10 
85 42 
85 45 
85 89 
85 80 
85 12 
85 34 
85 17 
85 67 
85 28 
85 107 
85 109 
85 91 
85 30 
85 29 
85 113 
85 64 
85 9 
85 51 
85 25 
85 22 
86 15 
86 114 
86 76 
86 90 
86 32 
86 56 
86 75 
86 26 
86 9 
86 55 
86 81 
86 116 
86 20 
86 31 
86 24 
86 6 
86 78 
86 104 
86 36 
86 89 
86 77 
86 62 
86 10 
86 42 
86 71 
87 111 
87 70 
87 63 
87 53 
87 79 
87 54 
87 56 
87 15 
87 6 
87 100 
87 67 
87 18 
87 2 
87 20 
87 40 
87 83 
87 80 
87 72 
87 66 
87 112 
87 45 
88 114 
88 4 
88 85 
88 35 
88 49 
88 104 
88 0 
88 31 
88 47 
88 53 
88 10 
88 64 
88 69 
88 73 
88 103 
88 112 
88 63 
88 52 
88 100 
88 51 
88 38 
88 9 
88 26 
88 28 
88 113 
88 105 
88 91 
88 76 
88 32 
89 27 
89 75 
89 41 
89 57 
89 61 
89 51 
89 76 
89 111 
89 83 
89 85 
89 5 
89 43 
89 104 
89 44 
89 37 
89 56 
89 58 
89 12 
89 109 
89 86 
89 1 
89 3 
89 39 
89 72 
89 77 
90 42 
90 103 
90 86 
90 11 
90 84 
90 39 
90 43 
90 74 
90 106 
90 91 
90 49 
90 50 
90 14 
90 71 
90 7 
90 111 
90 107 
90 62 
90 4 
91 113 
91 115 
91 67 
91 95 
91 47 
91 28 
91 7 
91 98 
91 70 
91 59 
91 45 
91 82 
91 83 
91 110 
91 15 
91 80 
91 90 
91 85 
91 71 
91 22 
91 0 
91 19 
91 109 
91 111 
91 27 
91 88 
91 58 
92 102 
92 30 
92 114 
92 66 
92 13 
92 70 
92 110 
92 96 
92 46 
92 115 
92 59 
92 73 
92 97 
92 111 
92 100 
92 11 
92 37 
92 74 
92 35 
92 15 
92 82 
92 28 
92 117 
92 33 
92 65 
92 6 
92 109 
92 1 
92 38 
92 23 
92 50 
93 100 
93 24 
93 34 
93 76 
93 83 
93 109 
93 16 
93 39 
93 80 
93 94 
93 8 
93 36 
93 0 
93 82 
93 10 
93 29 
93 53 
93 101 
93 67 
93 26 
94 32 
94 27 
94 95 
94 59 
94 17 
94 6 
94 11 
94 13 
94 114 
94 12 
94 99 
94 4 
94 45 
94 98 
94 93 
94 103 
94 104 
94 28 
94 5 
94 84 
95 91 
95 94 
95 59 
95 105 
95 26 
95 56 
95 63 
95 78 
95 13 
95 55 
95 54 
95 72 
95 60 
95 23 
95 65 
95 38 
95 57 
95 58 
95 114 
95 96 
95 110 
95 12 
95 25 
96 25 
96 99 
96 76 
96 92 
96 116 
96 69 
96 58 
96 65 
96 98 
96 71 
96 40 
96 26 
96 104 
96 49 
96 39 
96 14 
96 44 
96 110 
96 95 
96 84 
96 74 
96 43 
96 54 
96 108 
96 31 
97 74 
97 113 
97 10 
97 49 
97 68 
97 8 
97 92 
97 36 
97 64 
97 53 
97 3 
97 30 
97 71 
97 115 
97 108 
97 61 
97 62 
97 57 
97 52 
97 46 
97 117 
97 59 
97 33 
97 114 
98 49 
98 44 
98 91 
98 74 
98 117 
98 75 
98 29 
98 6 
98 35 
98 48 
98 12 
98 96 
98 4 
98 94 
98 41 
98 70 
98 39 
98 115 
98 79 
98 83 
98 78 
98 113 
98 69 
98 23 
98 43 
98 66 
98 15 
98 72 
98 116 
99 96 
99 100 
99 69 
99 111 
99 75 
99 45 
99 34 
99 33 
99 52 
99 53 
99 104 
99 94 
99 29 
99 108 
99 117 
99 57 
99 10 
99 77 
99 8 
99 25 
99 40 
100 0 
100 48 
100 93 
100 99 
100 26 
100 71 
100 72 
100 54 
100 60 
100 19 
100 114 
100 92 
100 88 
100 87 
100 44 
100 62 
100 74 
100 18 
100 20 
100 106 
100 16 
100 40 
100 109 
100 24 
100 69 
101 68 
101 108 
101 109 
101 25 
101 57 
101 0 
101 8 
101 14 
101 104 
101 73 
101 37 
101 74 
101 12 
101 29 
101 54 
101 40 
101 93 
101 6 
101 4 
101 79 
101 32 
102 92 
102 81 
102 42 
102 63 
102 58 
102 29 
102 37 
102 59 
102 112 
102 106 
102 67 
102 15 
102 111 
102 60 
102 80 
102 45 
103 43 
103 90 
103 5 
103 7 
103 64 
103 110 
103 76 
103 105 
103 88 
103 22 
103 82 
103 74 
103 21 
103 116 
103 94 
103 72 
103 35 
103 19 
103 39 
103 42 
104 19 
104 59 
104 71 
104 12 
104 57 
104 6 
104 88 
104 60 
104 49 
104 38 
104 7 
104 69 
104 67 
104 27 
104 64 
104 46 
104 89 
104 99 
104 13 
104 74 
104 86 
104 96 
104 101 
104 62 
104 28 
104 75 
104 110 
104 94 
104 33 
104 106 
104 42 
104 61 
105 0 
105 38 
105 60 
105 6 
105 95 
105 49 
105 9 
105 103 
105 116 
105 12 
105 55 
105 110 
105 79 
105 77 
105 108 
105 84 
105 26 
105 88 
105 23 
105 76 
106 56 
106 40 
106 48 
106 107 
106 84 
106 71 
106 62 
106 53 
106 108 
106 14 
106 36 
106 111 
106 47 
106 59 
106 109 
106 26 
106 60 
106 80 
106 73 
106 90 
106 54 
106 100 
106 104 
106 102 
106 22 
106 77 
106 115 
106 83 
106 45 
106 31 
107 83 
107 8 
107 106 
107 42 
107 3 
107 24 
107 69 
107 75 
107 65 
107 52 
107 17 
107 62 
107 23 
107 85 
107 76 
107 27 
107 18 
107 29 
107 39 
107 56 
107 70 
107 90 
107 51 
108 25 
108 68 
108 101 
108 112 
108 106 
108 55 
108 84 
108 67 
108 74 
108 3 
108 80 
108 22 
108 19 
108 39 
108 10 
108 99 
108 23 
108 97 
108 111 
108 105 
108 115 
108 109 
108 96 
109 8 
109 101 
109 47 
109 112 
109 35 
109 111 
109 84 
109 12 
109 115 
109 106 
109 93 
109 70 
109 66 
109 40 
109 10 
109 28 
109 63 
109 37 
109 5 
109 45 
109 85 
109 89 
109 44 
109 33 
109 100 
109 91 
109 116 
109 92 
109 114 
109 80 
109 108 
110 52 
110 113 
110 111 
110 92 
110 117 
110 53 
110 103 
110 9 
110 115 
110 91 
110 29 
110 21 
110 77 
110 73 
110 65 
110 70 
110 27 
110 104 
110 51 
110 105 
110 49 
110 96 
110 95 
110 18 
110 8 
110 84 
111 3 
111 54 
111 24 
111 110 
111 18 
111 99 
111 109 
111 28 
111 37 
111 73 
111 89 
111 38 
111 87 
111 42 
111 106 
111 16 
111 113 
111 32 
111 36 
111 77 
111 31 
111 92 
111 71 
111 26 
111 81 
111 12 
111 13 
111 108 
111 6 
111 70 
111 102 
111 90 
111 91 
111 5 
111 60 
111 61 
111 33 
111 59 
112 56 
112 7 
112 4 
112 108 
112 109 
112 53 
112 60 
112 36 
112 5 
112 37 
112 35 
112 88 
112 19 
112 102 
112 27 
112 34 
112 115 
112 73 
112 17 
112 87 
112 54 
112 40 
113 91 
113 72 
113 78 
113 67 
113 110 
113 97 
113 15 
113 111 
113 39 
113 34 
113 84 
113 3 
113 51 
113 98 
113 45 
113 85 
113 63 
113 88 
113 49 
113 16 
113 40 
114 88 
114 86 
114 25 
114 92 
114 56 
114 37 
114 44 
114 81 
114 100 
114 94 
114 34 
114 17 
114 32 
114 63 
114 27 
114 8 
114 38 
114 13 
114 83 
114 95 
114 52 
114 7 
114 77 
114 9 
114 49 
114 109 
114 28 
114 97 
115 91 
115 56 
115 58 
115 50 
115 92 
115 109 
115 110 
115 73 
115 9 
115 5 
115 98 
115 97 
115 83 
115 55 
115 61 
115 47 
115 106 
115 112 
115 29 
115 54 
115 108 
115 24 
115 71 
115 3 
116 80 
116 96 
116 61 
116 69 
116 86 
116 9 
116 37 
116 105 
116 103 
116 76 
116 66 
116 81 
116 27 
116 47 
116 7 
116 15 
116 31 
116 20 
116 36 
116 109 
116 10 
116 18 
116 52 
116 98 
116 24 
117 98 
117 51 
117 110 
117 12 
117 36 
117 41 
117 40 
117 82 
117 99 
117 13 
117 29 
117 92 
117 4 
117 48 
117 97 
117 64 
