0 128 
0 110 
0 68 
0 45 
0 7 
0 125 
0 127 
0 52 
0 115 
0 60 
0 49 
0 122 
0 54 
0 26 
0 53 
0 104 
0 78 
0 30 
0 3 
0 36 
0 28 
0 97 
0 102 
0 2 
0 33 
0 69 
0 12 
0 121 
0 101 
0 77 
0 73 
0 83 
1 51 
1 75 
1 74 
1 122 
1 118 
1 11 
1 19 
1 80 
1 126 
1 18 
1 62 
1 16 
1 85 
1 93 
1 99 
1 110 
1 92 
1 91 
1 77 
1 17 
1 50 
1 108 
1 23 
1 115 
1 76 
1 42 
1 129 
1 46 
1 10 
1 21 
1 105 
1 37 
1 3 
1 14 
1 12 
1 81 
1 67 
1 79 
1 9 
1 2 
1 40 
1 120 
1 5 
2 99 
2 25 
2 11 
2 65 
2 34 
2 108 
2 15 
2 14 
2 43 
2 105 
2 10 
2 126 
2 96 
2 18 
2 72 
2 54 
2 83 
2 89 
2 22 
2 111 
2 92 
2 26 
2 80 
2 114 
2 91 
2 0 
2 29 
2 84 
2 70 
2 32 
2 46 
2 1 
3 100 
3 70 
3 11 
3 126 
3 20 
3 64 
3 54 
3 114 
3 21 
3 48 
3 4 
3 106 
3 61 
3 7 
3 68 
3 80 
3 94 
3 25 
3 14 
3 46 
3 0 
3 8 
3 40 
3 6 
3 86 
3 127 
3 121 
3 1 
3 33 
3 63 
3 95 
3 56 
3 36 
3 60 
4 41 
4 95 
4 117 
4 52 
4 16 
4 106 
4 82 
4 44 
4 121 
4 6 
4 125 
4 54 
4 119 
4 124 
4 56 
4 88 
4 30 
4 3 
4 84 
4 61 
4 118 
4 92 
4 116 
4 34 
4 55 
4 70 
4 100 
4 73 
4 127 
4 71 
4 59 
4 47 
4 8 
4 122 
4 35 
4 90 
4 103 
4 24 
4 62 
4 113 
4 76 
4 96 
5 45 
5 110 
5 37 
5 66 
5 129 
5 85 
5 60 
5 53 
5 24 
5 32 
5 51 
5 118 
5 13 
5 119 
5 79 
5 33 
5 86 
5 56 
5 114 
5 55 
5 65 
5 100 
5 106 
5 71 
5 20 
5 43 
5 31 
5 72 
5 99 
5 50 
5 67 
5 77 
5 35 
5 61 
5 22 
5 80 
5 113 
5 92 
5 18 
5 41 
5 81 
5 29 
5 104 
5 38 
5 73 
5 125 
5 9 
5 109 
5 102 
5 19 
5 1 
5 88 
6 46 
6 124 
6 125 
6 106 
6 90 
6 98 
6 76 
6 31 
6 119 
6 86 
6 4 
6 126 
6 22 
6 11 
6 79 
6 19 
6 61 
6 97 
6 84 
6 100 
6 51 
6 113 
6 87 
6 63 
6 88 
6 112 
6 118 
6 74 
6 110 
6 62 
6 129 
6 13 
6 121 
6 50 
6 3 
6 59 
6 107 
6 104 
6 69 
6 108 
6 75 
7 38 
7 40 
7 53 
7 39 
7 118 
7 0 
7 14 
7 42 
7 115 
7 74 
7 112 
7 82 
7 99 
7 57 
7 79 
7 60 
7 13 
7 18 
7 117 
7 27 
7 43 
7 51 
7 20 
7 121 
7 29 
7 97 
7 3 
7 116 
7 37 
7 73 
7 46 
7 89 
7 94 
7 35 
7 8 
7 75 
7 23 
7 45 
7 77 
7 55 
7 108 
7 128 
7 124 
7 123 
8 61 
8 98 
8 100 
8 117 
8 19 
8 72 
8 45 
8 91 
8 30 
8 106 
8 43 
8 34 
8 83 
8 82 
8 49 
8 87 
8 21 
8 47 
8 110 
8 119 
8 73 
8 3 
8 36 
8 81 
8 92 
8 7 
8 4 
8 108 
8 77 
8 58 
8 78 
8 109 
8 32 
8 102 
8 76 
8 86 
8 113 
9 95 
9 15 
9 105 
9 24 
9 29 
9 78 
9 118 
9 84 
9 106 
9 126 
9 79 
9 93 
9 110 
9 28 
9 27 
9 25 
9 45 
9 11 
9 64 
9 21 
9 59 
9 22 
9 71 
9 121 
9 61 
9 124 
9 40 
9 119 
9 5 
9 1 
9 58 
9 122 
9 70 
9 114 
10 33 
10 61 
10 111 
10 45 
10 74 
10 94 
10 41 
10 49 
10 36 
10 2 
10 89 
10 106 
10 117 
10 35 
10 23 
10 37 
10 90 
10 98 
10 60 
10 97 
10 42 
10 125 
10 24 
10 1 
10 62 
10 26 
10 123 
10 77 
10 34 
10 22 
10 110 
10 75 
10 122 
10 54 
10 65 
10 101 
10 38 
10 51 
11 3 
11 2 
11 1 
11 99 
11 68 
11 110 
11 50 
11 6 
11 124 
11 24 
11 69 
11 77 
11 104 
11 16 
11 90 
11 127 
11 49 
11 60 
11 64 
11 53 
11 56 
11 9 
11 126 
11 81 
11 76 
11 18 
11 52 
11 115 
11 45 
11 13 
11 15 
11 43 
11 38 
11 113 
11 30 
12 126 
12 71 
12 67 
12 73 
12 91 
12 24 
12 17 
12 116 
12 39 
12 63 
12 21 
12 83 
12 128 
12 36 
12 74 
12 87 
12 33 
12 81 
12 77 
12 51 
12 38 
12 72 
12 66 
12 99 
12 110 
12 121 
12 127 
12 43 
12 119 
12 70 
12 20 
12 31 
12 27 
12 69 
12 112 
12 103 
12 78 
12 96 
12 123 
12 120 
12 0 
12 114 
12 1 
12 124 
12 45 
12 26 
13 5 
13 36 
13 52 
13 33 
13 98 
13 105 
13 56 
13 80 
13 40 
13 108 
13 7 
13 48 
13 65 
13 100 
13 89 
13 114 
13 34 
13 76 
13 6 
13 27 
13 109 
13 78 
13 29 
13 49 
13 43 
13 17 
13 67 
13 11 
13 53 
13 121 
13 57 
13 19 
13 23 
13 20 
13 82 
13 115 
13 122 
14 122 
14 42 
14 80 
14 121 
14 7 
14 110 
14 45 
14 2 
14 83 
14 75 
14 91 
14 92 
14 95 
14 16 
14 113 
14 103 
14 93 
14 81 
14 31 
14 97 
14 24 
14 46 
14 109 
14 82 
14 66 
14 58 
14 3 
14 49 
14 128 
14 39 
14 62 
14 86 
14 107 
14 77 
14 112 
14 15 
14 96 
14 25 
14 1 
14 52 
14 129 
14 30 
14 127 
14 29 
14 34 
14 64 
15 101 
15 63 
15 52 
15 72 
15 120 
15 20 
15 9 
15 109 
15 2 
15 102 
15 121 
15 38 
15 127 
15 106 
15 118 
15 124 
15 43 
15 46 
15 35 
15 69 
15 107 
15 74 
15 119 
15 76 
15 45 
15 84 
15 42 
15 51 
15 86 
15 75 
15 14 
15 11 
15 31 
15 41 
15 112 
15 50 
16 88 
16 22 
16 106 
16 39 
16 101 
16 4 
16 31 
16 90 
16 71 
16 1 
16 73 
16 55 
16 14 
16 80 
16 112 
16 77 
16 46 
16 96 
16 63 
16 11 
16 108 
16 121 
16 59 
16 53 
16 28 
16 103 
16 68 
16 54 
16 124 
16 43 
16 24 
16 100 
16 27 
16 118 
16 122 
16 115 
16 62 
16 23 
16 82 
16 40 
16 49 
16 126 
16 84 
16 19 
16 127 
17 107 
17 12 
17 54 
17 117 
17 36 
17 129 
17 121 
17 75 
17 44 
17 104 
17 92 
17 84 
17 105 
17 81 
17 26 
17 82 
17 61 
17 21 
17 18 
17 43 
17 55 
17 80 
17 40 
17 1 
17 30 
17 49 
17 98 
17 97 
17 69 
17 51 
17 73 
17 13 
17 123 
17 122 
17 74 
17 33 
17 23 
17 79 
18 74 
18 128 
18 49 
18 25 
18 71 
18 55 
18 1 
18 116 
18 40 
18 20 
18 35 
18 57 
18 32 
18 97 
18 2 
18 7 
18 48 
18 17 
18 45 
18 50 
18 102 
18 39 
18 114 
18 22 
18 26 
18 78 
18 24 
18 33 
18 127 
18 90 
18 56 
18 11 
18 5 
18 108 
18 92 
18 69 
18 104 
18 82 
18 93 
18 84 
18 125 
19 21 
19 1 
19 37 
19 93 
19 98 
19 76 
19 8 
19 118 
19 94 
19 71 
19 33 
19 26 
19 51 
19 73 
19 74 
19 6 
19 55 
19 101 
19 32 
19 122 
19 25 
19 44 
19 53 
19 39 
19 61 
19 69 
19 49 
19 67 
19 125 
19 103 
19 108 
19 86 
19 116 
19 75 
19 34 
19 58 
19 50 
19 30 
19 45 
19 13 
19 16 
19 117 
19 64 
19 43 
19 5 
19 107 
20 122 
20 127 
20 3 
20 26 
20 15 
20 102 
20 56 
20 47 
20 18 
20 23 
20 109 
20 39 
20 86 
20 62 
20 97 
20 106 
20 118 
20 5 
20 54 
20 119 
20 73 
20 7 
20 36 
20 71 
20 12 
20 25 
20 28 
20 105 
20 113 
20 34 
20 45 
20 51 
20 76 
20 60 
20 75 
20 30 
20 83 
20 84 
20 41 
20 96 
20 13 
20 37 
20 43 
21 50 
21 40 
21 19 
21 126 
21 82 
21 12 
21 98 
21 122 
21 39 
21 36 
21 58 
21 3 
21 17 
21 55 
21 51 
21 42 
21 8 
21 127 
21 108 
21 38 
21 33 
21 77 
21 54 
21 111 
21 67 
21 64 
21 31 
21 101 
21 110 
21 1 
21 37 
21 78 
21 9 
21 80 
21 87 
21 60 
21 91 
21 100 
21 32 
21 123 
21 79 
21 81 
22 16 
22 125 
22 129 
22 76 
22 73 
22 126 
22 6 
22 62 
22 97 
22 117 
22 93 
22 80 
22 34 
22 18 
22 2 
22 89 
22 118 
22 84 
22 96 
22 5 
22 107 
22 75 
22 110 
22 115 
22 106 
22 128 
22 9 
22 35 
22 25 
22 86 
22 10 
22 111 
22 57 
23 98 
23 111 
23 104 
23 54 
23 106 
23 108 
23 20 
23 74 
23 92 
23 51 
23 43 
23 90 
23 10 
23 58 
23 61 
23 93 
23 103 
23 116 
23 1 
23 82 
23 52 
23 40 
23 72 
23 24 
23 68 
23 7 
23 16 
23 56 
23 76 
23 124 
23 94 
23 48 
23 122 
23 83 
23 29 
23 13 
23 17 
23 109 
24 106 
24 112 
24 12 
24 77 
24 41 
24 5 
24 9 
24 88 
24 54 
24 124 
24 29 
24 76 
24 71 
24 11 
24 126 
24 42 
24 14 
24 80 
24 51 
24 128 
24 79 
24 87 
24 61 
24 83 
24 18 
24 16 
24 23 
24 35 
24 10 
24 100 
24 64 
24 118 
24 81 
24 94 
24 53 
24 93 
24 4 
24 105 
24 57 
24 70 
24 75 
24 69 
25 91 
25 2 
25 125 
25 112 
25 27 
25 18 
25 39 
25 46 
25 45 
25 36 
25 102 
25 76 
25 82 
25 121 
25 59 
25 34 
25 98 
25 19 
25 47 
25 114 
25 58 
25 66 
25 9 
25 53 
25 20 
25 3 
25 55 
25 95 
25 119 
25 86 
25 105 
25 88 
25 120 
25 122 
25 49 
25 126 
25 56 
25 22 
25 94 
25 77 
25 26 
25 52 
25 41 
25 14 
25 111 
25 61 
25 116 
25 79 
25 33 
26 45 
26 61 
26 92 
26 20 
26 52 
26 78 
26 115 
26 119 
26 82 
26 56 
26 19 
26 17 
26 0 
26 120 
26 104 
26 95 
26 39 
26 18 
26 112 
26 69 
26 51 
26 53 
26 76 
26 2 
26 127 
26 47 
26 10 
26 28 
26 25 
26 85 
26 122 
26 124 
26 87 
26 86 
26 12 
27 129 
27 100 
27 63 
27 105 
27 25 
27 121 
27 76 
27 108 
27 74 
27 101 
27 39 
27 66 
27 80 
27 122 
27 37 
27 109 
27 36 
27 81 
27 7 
27 60 
27 106 
27 9 
27 61 
27 41 
27 59 
27 12 
27 13 
27 65 
27 16 
27 86 
27 44 
27 124 
27 71 
27 70 
27 45 
27 115 
27 51 
28 78 
28 74 
28 82 
28 68 
28 103 
28 104 
28 51 
28 117 
28 83 
28 32 
28 65 
28 35 
28 108 
28 116 
28 45 
28 99 
28 41 
28 16 
28 102 
28 9 
28 124 
28 112 
28 20 
28 80 
28 62 
28 76 
28 107 
28 0 
28 53 
28 26 
28 56 
28 48 
28 34 
28 77 
28 111 
28 96 
28 54 
28 115 
29 123 
29 119 
29 127 
29 117 
29 72 
29 78 
29 47 
29 9 
29 108 
29 73 
29 52 
29 82 
29 24 
29 100 
29 85 
29 93 
29 50 
29 7 
29 114 
29 86 
29 30 
29 70 
29 76 
29 37 
29 13 
29 5 
29 2 
29 63 
29 88 
29 111 
29 14 
29 23 
29 65 
29 89 
29 42 
29 95 
29 118 
29 56 
30 67 
30 117 
30 84 
30 95 
30 74 
30 59 
30 81 
30 80 
30 64 
30 8 
30 102 
30 40 
30 124 
30 38 
30 63 
30 108 
30 4 
30 39 
30 109 
30 17 
30 32 
30 128 
30 0 
30 69 
30 29 
30 34 
30 70 
30 65 
30 129 
30 56 
30 55 
30 125 
30 91 
30 43 
30 19 
30 20 
30 110 
30 14 
30 11 
30 79 
31 114 
31 90 
31 111 
31 128 
31 16 
31 6 
31 98 
31 83 
31 101 
31 107 
31 104 
31 122 
31 129 
31 55 
31 60 
31 14 
31 102 
31 43 
31 5 
31 32 
31 75 
31 80 
31 12 
31 115 
31 21 
31 116 
31 93 
31 97 
31 15 
31 57 
32 113 
32 57 
32 94 
32 52 
32 91 
32 59 
32 33 
32 5 
32 47 
32 117 
32 111 
32 54 
32 64 
32 28 
32 84 
32 18 
32 19 
32 105 
32 58 
32 31 
32 128 
32 30 
32 78 
32 44 
32 124 
32 112 
32 21 
32 2 
32 96 
32 8 
32 86 
32 107 
33 10 
33 103 
33 43 
33 32 
33 105 
33 81 
33 87 
33 111 
33 5 
33 120 
33 67 
33 19 
33 13 
33 115 
33 12 
33 36 
33 59 
33 39 
33 90 
33 69 
33 63 
33 74 
33 21 
33 18 
33 76 
33 48 
33 102 
33 88 
33 0 
33 72 
33 3 
33 17 
33 113 
33 25 
33 85 
34 119 
34 117 
34 86 
34 59 
34 2 
34 94 
34 126 
34 63 
34 25 
34 64 
34 8 
34 78 
34 67 
34 44 
34 60 
34 22 
34 52 
34 50 
34 97 
34 13 
34 4 
34 127 
34 39 
34 37 
34 49 
34 20 
34 61 
34 30 
34 87 
34 19 
34 38 
34 28 
34 10 
34 115 
34 109 
34 66 
34 45 
34 55 
34 14 
34 68 
34 110 
35 99 
35 95 
35 97 
35 71 
35 76 
35 118 
35 18 
35 28 
35 60 
35 88 
35 98 
35 10 
35 128 
35 53 
35 123 
35 126 
35 5 
35 113 
35 52 
35 89 
35 45 
35 15 
35 101 
35 94 
35 24 
35 119 
35 68 
35 75 
35 70 
35 7 
35 22 
35 4 
35 55 
35 66 
35 80 
36 42 
36 38 
36 75 
36 10 
36 87 
36 96 
36 13 
36 94 
36 37 
36 17 
36 12 
36 21 
36 119 
36 25 
36 56 
36 111 
36 33 
36 47 
36 27 
36 102 
36 81 
36 77 
36 39 
36 20 
36 90 
36 117 
36 109 
36 8 
36 0 
36 107 
36 55 
36 67 
36 74 
36 98 
36 110 
36 3 
36 65 
37 97 
37 5 
37 75 
37 101 
37 19 
37 92 
37 63 
37 36 
37 80 
37 88 
37 76 
37 104 
37 113 
37 51 
37 27 
37 115 
37 96 
37 102 
37 84 
37 126 
37 10 
37 108 
37 60 
37 114 
37 42 
37 7 
37 68 
37 34 
37 43 
37 66 
37 29 
37 120 
37 21 
37 94 
37 1 
37 73 
37 106 
37 41 
37 95 
37 119 
37 123 
37 20 
37 128 
37 89 
38 7 
38 36 
38 125 
38 41 
38 101 
38 128 
38 40 
38 46 
38 15 
38 70 
38 83 
38 12 
38 30 
38 129 
38 95 
38 59 
38 117 
38 61 
38 127 
38 21 
38 60 
38 58 
38 103 
38 112 
38 107 
38 34 
38 5 
38 98 
38 109 
38 124 
38 74 
38 85 
38 11 
38 89 
38 116 
38 10 
39 110 
39 78 
39 42 
39 124 
39 93 
39 7 
39 16 
39 12 
39 25 
39 108 
39 68 
39 41 
39 21 
39 55 
39 27 
39 20 
39 117 
39 64 
39 122 
39 88 
39 102 
39 43 
39 119 
39 33 
39 94 
39 36 
39 30 
39 18 
39 26 
39 19 
39 65 
39 97 
39 34 
39 14 
39 75 
39 52 
39 44 
39 59 
39 79 
39 125 
39 101 
39 123 
39 54 
39 103 
39 51 
40 7 
40 46 
40 21 
40 70 
40 96 
40 41 
40 47 
40 38 
40 18 
40 129 
40 101 
40 30 
40 13 
40 79 
40 120 
40 17 
40 74 
40 48 
40 76 
40 122 
40 23 
40 78 
40 80 
40 91 
40 109 
40 54 
40 3 
40 124 
40 123 
40 72 
40 62 
40 16 
40 77 
40 9 
40 99 
40 81 
40 92 
40 127 
40 116 
40 1 
41 45 
41 4 
41 52 
41 111 
41 38 
41 24 
41 10 
41 40 
41 49 
41 77 
41 39 
41 100 
41 66 
41 99 
41 50 
41 28 
41 125 
41 27 
41 97 
41 113 
41 124 
41 43 
41 5 
41 115 
41 76 
41 105 
41 122 
41 37 
41 25 
41 46 
41 82 
41 110 
41 117 
41 20 
41 15 
42 99 
42 39 
42 36 
42 14 
42 45 
42 7 
42 114 
42 91 
42 95 
42 68 
42 92 
42 24 
42 80 
42 21 
42 54 
42 82 
42 127 
42 37 
42 43 
42 74 
42 49 
42 98 
42 123 
42 10 
42 52 
42 67 
42 1 
42 126 
42 61 
42 115 
42 62 
42 15 
42 55 
42 71 
42 84 
42 29 
42 128 
43 57 
43 48 
43 33 
43 102 
43 77 
43 50 
43 2 
43 72 
43 80 
43 97 
43 86 
43 67 
43 8 
43 39 
43 5 
43 66 
43 31 
43 84 
43 115 
43 23 
43 15 
43 7 
43 17 
43 124 
43 101 
43 107 
43 12 
43 119 
43 114 
43 16 
43 42 
43 37 
43 41 
43 61 
43 52 
43 13 
43 49 
43 128 
43 100 
43 30 
43 109 
43 127 
43 11 
43 19 
43 20 
44 125 
44 119 
44 126 
44 52 
44 4 
44 17 
44 99 
44 50 
44 93 
44 79 
44 34 
44 19 
44 97 
44 69 
44 59 
44 78 
44 32 
44 103 
44 112 
44 84 
44 116 
44 39 
44 63 
44 27 
44 75 
44 71 
44 105 
44 117 
45 26 
45 41 
45 5 
45 123 
45 118 
45 10 
45 0 
45 42 
45 86 
45 99 
45 14 
45 60 
45 63 
45 25 
45 8 
45 54 
45 120 
45 28 
45 129 
45 104 
45 89 
45 95 
45 55 
45 102 
45 90 
45 18 
45 121 
45 81 
45 105 
45 91 
45 124 
45 98 
45 9 
45 35 
45 92 
45 20 
45 15 
45 7 
45 85 
45 11 
45 75 
45 64 
45 109 
45 58 
45 19 
45 27 
45 34 
45 128 
45 80 
45 74 
45 12 
45 125 
46 40 
46 6 
46 102 
46 100 
46 111 
46 120 
46 38 
46 25 
46 63 
46 64 
46 80 
46 124 
46 89 
46 16 
46 129 
46 96 
46 114 
46 14 
46 121 
46 55 
46 82 
46 97 
46 105 
46 86 
46 15 
46 79 
46 3 
46 7 
46 91 
46 122 
46 106 
46 107 
46 1 
46 53 
46 52 
46 128 
46 127 
46 83 
46 58 
46 41 
46 2 
46 50 
46 56 
46 57 
46 54 
47 105 
47 67 
47 91 
47 72 
47 40 
47 32 
47 126 
47 79 
47 29 
47 20 
47 76 
47 98 
47 114 
47 36 
47 87 
47 81 
47 59 
47 107 
47 25 
47 111 
47 95 
47 8 
47 127 
47 104 
47 51 
47 26 
47 63 
47 4 
47 68 
47 52 
47 74 
47 102 
47 88 
47 60 
47 129 
48 43 
48 52 
48 87 
48 82 
48 109 
48 58 
48 121 
48 88 
48 13 
48 3 
48 18 
48 96 
48 74 
48 40 
48 33 
48 51 
48 70 
48 91 
48 79 
48 105 
48 28 
48 23 
48 72 
48 65 
48 94 
48 57 
48 75 
48 69 
48 81 
49 64 
49 10 
49 66 
49 18 
49 101 
49 57 
49 93 
49 0 
49 90 
49 41 
49 76 
49 83 
49 103 
49 78 
49 8 
49 56 
49 11 
49 89 
49 51 
49 17 
49 42 
49 14 
49 19 
49 34 
49 122 
49 110 
49 13 
49 54 
49 25 
49 43 
49 95 
49 116 
49 65 
49 16 
49 84 
49 100 
49 61 
49 108 
49 117 
49 74 
50 21 
50 122 
50 114 
50 89 
50 96 
50 107 
50 54 
50 103 
50 43 
50 11 
50 59 
50 126 
50 113 
50 44 
50 81 
50 74 
50 97 
50 73 
50 67 
50 101 
50 64 
50 29 
50 41 
50 128 
50 18 
50 51 
50 34 
50 5 
50 1 
50 53 
50 93 
50 86 
50 109 
50 66 
50 6 
50 92 
50 123 
50 19 
50 46 
50 15 
51 53 
51 1 
51 73 
51 96 
51 71 
51 74 
51 75 
51 117 
51 124 
51 5 
51 28 
51 19 
51 77 
51 37 
51 129 
51 12 
51 6 
51 119 
51 70 
51 23 
51 85 
51 24 
51 21 
51 123 
51 121 
51 50 
51 7 
51 115 
51 49 
51 26 
51 103 
51 89 
51 17 
51 54 
51 107 
51 48 
51 20 
51 47 
51 56 
51 15 
51 88 
51 128 
51 72 
51 112 
51 27 
51 10 
51 39 
52 41 
52 15 
52 32 
52 26 
52 4 
52 111 
52 80 
52 48 
52 0 
52 121 
52 13 
52 44 
52 117 
52 127 
52 29 
52 61 
52 119 
52 96 
52 97 
52 113 
52 34 
52 120 
52 124 
52 128 
52 129 
52 35 
52 42 
52 23 
52 76 
52 43 
52 82 
52 65 
52 11 
52 39 
52 46 
52 75 
52 47 
52 93 
52 25 
52 14 
53 51 
53 79 
53 7 
53 65 
53 88 
53 73 
53 5 
53 124 
53 74 
53 111 
53 113 
53 126 
53 106 
53 102 
53 78 
53 62 
53 0 
53 35 
53 16 
53 127 
53 19 
53 50 
53 108 
53 11 
53 25 
53 103 
53 26 
53 90 
53 71 
53 112 
53 120 
53 46 
53 28 
53 61 
53 24 
53 13 
53 119 
54 96 
54 55 
54 17 
54 50 
54 91 
54 77 
54 23 
54 79 
54 24 
54 81 
54 63 
54 32 
54 45 
54 118 
54 61 
54 117 
54 4 
54 0 
54 3 
54 115 
54 128 
54 60 
54 85 
54 57 
54 20 
54 82 
54 2 
54 87 
54 42 
54 109 
54 92 
54 16 
54 21 
54 106 
54 127 
54 51 
54 126 
54 40 
54 74 
54 49 
54 129 
54 65 
54 72 
54 39 
54 110 
54 10 
54 62 
54 46 
54 102 
54 28 
54 58 
55 54 
55 97 
55 81 
55 18 
55 106 
55 76 
55 16 
55 5 
55 39 
55 75 
55 19 
55 31 
55 120 
55 62 
55 85 
55 21 
55 45 
55 17 
55 46 
55 88 
55 4 
55 25 
55 104 
55 79 
55 126 
55 30 
55 36 
55 7 
55 35 
55 42 
55 66 
55 34 
55 83 
55 122 
56 57 
56 84 
56 90 
56 20 
56 5 
56 26 
56 64 
56 83 
56 36 
56 112 
56 129 
56 13 
56 100 
56 119 
56 77 
56 4 
56 75 
56 49 
56 106 
56 94 
56 70 
56 11 
56 69 
56 120 
56 107 
56 18 
56 30 
56 104 
56 72 
56 96 
56 126 
56 51 
56 89 
56 25 
56 28 
56 23 
56 3 
56 46 
56 80 
56 29 
57 32 
57 85 
57 43 
57 56 
57 108 
57 123 
57 66 
57 73 
57 77 
57 49 
57 74 
57 63 
57 7 
57 84 
57 18 
57 112 
57 80 
57 110 
57 67 
57 54 
57 100 
57 119 
57 122 
57 68 
57 13 
57 78 
57 48 
57 24 
57 87 
57 81 
57 46 
57 31 
57 65 
57 22 
58 105 
58 69 
58 61 
58 65 
58 127 
58 118 
58 48 
58 122 
58 76 
58 21 
58 83 
58 117 
58 85 
58 72 
58 32 
58 126 
58 86 
58 25 
58 23 
58 75 
58 14 
58 108 
58 38 
58 91 
58 120 
58 8 
58 46 
58 19 
58 116 
58 45 
58 96 
58 102 
58 9 
58 54 
59 107 
59 127 
59 32 
59 34 
59 66 
59 30 
59 119 
59 50 
59 84 
59 122 
59 25 
59 33 
59 77 
59 47 
59 110 
59 16 
59 98 
59 38 
59 101 
59 44 
59 124 
59 27 
59 87 
59 113 
59 4 
59 81 
59 9 
59 6 
59 69 
59 39 
59 73 
59 103 
59 128 
59 108 
59 117 
59 63 
59 72 
60 62 
60 101 
60 5 
60 120 
60 97 
60 0 
60 90 
60 93 
60 45 
60 110 
60 99 
60 72 
60 7 
60 113 
60 31 
60 35 
60 54 
60 27 
60 94 
60 34 
60 108 
60 11 
60 95 
60 78 
60 37 
60 10 
60 38 
60 66 
60 68 
60 105 
60 20 
60 21 
60 47 
60 107 
60 3 
60 61 
61 8 
61 26 
61 10 
61 125 
61 114 
61 58 
61 66 
61 91 
61 94 
61 74 
61 108 
61 52 
61 54 
61 72 
61 97 
61 89 
61 6 
61 86 
61 88 
61 101 
61 17 
61 3 
61 4 
61 27 
61 23 
61 38 
61 5 
61 19 
61 24 
61 115 
61 34 
61 42 
61 43 
61 53 
61 85 
61 9 
61 107 
61 119 
61 25 
61 49 
61 60 
61 67 
62 88 
62 60 
62 80 
62 1 
62 20 
62 22 
62 104 
62 89 
62 55 
62 114 
62 87 
62 53 
62 106 
62 108 
62 6 
62 112 
62 28 
62 79 
62 14 
62 70 
62 10 
62 113 
62 42 
62 128 
62 16 
62 85 
62 111 
62 40 
62 69 
62 4 
62 103 
62 102 
62 54 
62 116 
63 84 
63 15 
63 27 
63 122 
63 12 
63 37 
63 100 
63 71 
63 46 
63 99 
63 45 
63 74 
63 87 
63 57 
63 54 
63 94 
63 34 
63 83 
63 65 
63 112 
63 126 
63 16 
63 30 
63 6 
63 33 
63 121 
63 105 
63 106 
63 85 
63 118 
63 127 
63 47 
63 111 
63 44 
63 29 
63 96 
63 89 
63 72 
63 107 
63 3 
63 115 
63 113 
63 59 
64 49 
64 67 
64 111 
64 74 
64 75 
64 30 
64 56 
64 46 
64 3 
64 78 
64 39 
64 32 
64 94 
64 101 
64 34 
64 50 
64 97 
64 110 
64 11 
64 84 
64 9 
64 21 
64 120 
64 96 
64 24 
64 45 
64 102 
64 19 
64 116 
64 14 
65 108 
65 2 
65 53 
65 77 
65 96 
65 84 
65 58 
65 120 
65 5 
65 75 
65 114 
65 28 
65 103 
65 102 
65 83 
65 63 
65 118 
65 119 
65 72 
65 66 
65 13 
65 122 
65 39 
65 105 
65 27 
65 30 
65 126 
65 52 
65 107 
65 80 
65 129 
65 54 
65 49 
65 48 
65 74 
65 87 
65 29 
65 57 
65 10 
65 36 
66 103 
66 5 
66 104 
66 57 
66 88 
66 106 
66 49 
66 59 
66 61 
66 70 
66 84 
66 27 
66 87 
66 71 
66 74 
66 41 
66 43 
66 107 
66 65 
66 12 
66 25 
66 108 
66 69 
66 129 
66 14 
66 50 
66 60 
66 37 
66 123 
66 115 
66 105 
66 93 
66 35 
66 79 
66 34 
66 55 
66 91 
66 77 
67 30 
67 47 
67 12 
67 64 
67 93 
67 112 
67 87 
67 33 
67 43 
67 50 
67 69 
67 57 
67 97 
67 34 
67 86 
67 83 
67 5 
67 111 
67 42 
67 19 
67 21 
67 77 
67 108 
67 129 
67 36 
67 13 
67 116 
67 107 
67 1 
67 123 
67 61 
68 0 
68 100 
68 73 
68 11 
68 28 
68 92 
68 69 
68 39 
68 107 
68 42 
68 96 
68 90 
68 119 
68 78 
68 110 
68 125 
68 79 
68 16 
68 94 
68 3 
68 112 
68 37 
68 99 
68 80 
68 106 
68 115 
68 35 
68 57 
68 23 
68 82 
68 60 
68 47 
68 74 
68 109 
68 71 
68 77 
68 34 
69 87 
69 108 
69 58 
69 122 
69 68 
69 85 
69 103 
69 81 
69 82 
69 76 
69 11 
69 67 
69 84 
69 128 
69 86 
69 77 
69 33 
69 44 
69 19 
69 26 
69 66 
69 56 
69 17 
69 115 
69 12 
69 30 
69 15 
69 111 
69 59 
69 0 
69 18 
69 96 
69 62 
69 6 
69 48 
69 24 
70 3 
70 117 
70 87 
70 40 
70 88 
70 123 
70 66 
70 97 
70 38 
70 115 
70 51 
70 127 
70 71 
70 12 
70 56 
70 103 
70 4 
70 29 
70 30 
70 48 
70 62 
70 35 
70 113 
70 114 
70 108 
70 2 
70 104 
70 85 
70 27 
70 128 
70 93 
70 24 
70 9 
71 120 
71 12 
71 124 
71 51 
71 90 
71 18 
71 16 
71 63 
71 115 
71 35 
71 19 
71 74 
71 106 
71 24 
71 66 
71 5 
71 113 
71 93 
71 107 
71 100 
71 20 
71 73 
71 70 
71 88 
71 53 
71 4 
71 9 
71 44 
71 27 
71 42 
71 101 
71 102 
71 68 
72 15 
72 94 
72 47 
72 29 
72 116 
72 8 
72 43 
72 61 
72 107 
72 60 
72 65 
72 129 
72 58 
72 12 
72 5 
72 2 
72 97 
72 23 
72 81 
72 56 
72 74 
72 40 
72 33 
72 101 
72 63 
72 48 
72 106 
72 54 
72 51 
72 108 
72 117 
72 59 
73 51 
73 12 
73 53 
73 57 
73 75 
73 68 
73 22 
73 16 
73 128 
73 110 
73 29 
73 19 
73 81 
73 84 
73 117 
73 50 
73 20 
73 71 
73 7 
73 8 
73 17 
73 4 
73 120 
73 99 
73 37 
73 95 
73 59 
73 79 
73 83 
73 124 
73 5 
73 106 
73 0 
73 105 
74 18 
74 1 
74 28 
74 51 
74 10 
74 123 
74 30 
74 57 
74 64 
74 104 
74 53 
74 27 
74 63 
74 12 
74 7 
74 61 
74 71 
74 50 
74 19 
74 23 
74 66 
74 124 
74 6 
74 98 
74 40 
74 33 
74 93 
74 111 
74 48 
74 99 
74 42 
74 116 
74 96 
74 15 
74 107 
74 54 
74 72 
74 36 
74 89 
74 108 
74 17 
74 83 
74 47 
74 68 
74 112 
74 65 
74 38 
74 45 
74 49 
75 94 
75 1 
75 37 
75 36 
75 73 
75 51 
75 95 
75 109 
75 120 
75 64 
75 14 
75 17 
75 99 
75 65 
75 55 
75 80 
75 118 
75 56 
75 31 
75 117 
75 126 
75 58 
75 22 
75 39 
75 35 
75 19 
75 7 
75 52 
75 45 
75 44 
75 15 
75 20 
75 10 
75 82 
75 48 
75 108 
75 103 
75 6 
75 24 
76 89 
76 22 
76 107 
76 119 
76 6 
76 27 
76 83 
76 19 
76 101 
76 49 
76 35 
76 55 
76 47 
76 116 
76 37 
76 25 
76 126 
76 24 
76 69 
76 81 
76 58 
76 118 
76 117 
76 96 
76 13 
76 92 
76 26 
76 1 
76 33 
76 88 
76 40 
76 103 
76 28 
76 11 
76 29 
76 52 
76 15 
76 20 
76 128 
76 41 
76 23 
76 115 
76 8 
76 78 
76 4 
77 128 
77 65 
77 24 
77 78 
77 43 
77 54 
77 57 
77 41 
77 51 
77 12 
77 16 
77 11 
77 59 
77 56 
77 126 
77 69 
77 36 
77 114 
77 1 
77 5 
77 21 
77 118 
77 93 
77 67 
77 125 
77 14 
77 7 
77 25 
77 10 
77 40 
77 8 
77 28 
77 84 
77 100 
77 0 
77 68 
77 66 
78 28 
78 92 
78 39 
78 93 
78 77 
78 26 
78 107 
78 29 
78 121 
78 9 
78 64 
78 89 
78 97 
78 115 
78 53 
78 88 
78 68 
78 117 
78 34 
78 49 
78 120 
78 0 
78 60 
78 32 
78 18 
78 44 
78 40 
78 123 
78 13 
78 84 
78 12 
78 21 
78 8 
78 57 
78 76 
78 100 
78 87 
79 53 
79 88 
79 97 
79 105 
79 5 
79 47 
79 54 
79 121 
79 100 
79 6 
79 7 
79 44 
79 40 
79 9 
79 94 
79 68 
79 24 
79 89 
79 116 
79 81 
79 46 
79 62 
79 129 
79 55 
79 125 
79 106 
79 48 
79 98 
79 39 
79 73 
79 95 
79 101 
79 66 
79 21 
79 1 
79 17 
79 25 
79 30 
80 62 
80 103 
80 1 
80 118 
80 14 
80 52 
80 30 
80 37 
80 91 
80 43 
80 16 
80 46 
80 27 
80 129 
80 75 
80 126 
80 110 
80 13 
80 57 
80 24 
80 22 
80 42 
80 87 
80 31 
80 17 
80 93 
80 3 
80 84 
80 5 
80 28 
80 68 
80 119 
80 2 
80 106 
80 102 
80 40 
80 21 
80 65 
80 113 
80 125 
80 123 
80 45 
80 35 
80 127 
80 56 
80 92 
81 94 
81 125 
81 95 
81 55 
81 128 
81 33 
81 30 
81 54 
81 69 
81 86 
81 12 
81 50 
81 73 
81 14 
81 76 
81 17 
81 47 
81 106 
81 27 
81 36 
81 104 
81 45 
81 107 
81 100 
81 79 
81 11 
81 72 
81 8 
81 82 
81 59 
81 5 
81 85 
81 24 
81 40 
81 1 
81 57 
81 21 
81 126 
81 48 
82 28 
82 21 
82 26 
82 4 
82 48 
82 69 
82 7 
82 29 
82 25 
82 107 
82 17 
82 97 
82 54 
82 8 
82 46 
82 84 
82 42 
82 111 
82 126 
82 14 
82 23 
82 81 
82 68 
82 52 
82 117 
82 114 
82 16 
82 99 
82 18 
82 41 
82 75 
82 125 
82 13 
83 118 
83 96 
83 76 
83 31 
83 12 
83 99 
83 14 
83 56 
83 28 
83 49 
83 113 
83 63 
83 65 
83 38 
83 106 
83 58 
83 8 
83 119 
83 67 
83 2 
83 24 
83 91 
83 124 
83 110 
83 87 
83 94 
83 103 
83 114 
83 104 
83 73 
83 101 
83 74 
83 46 
83 111 
83 20 
83 121 
83 105 
83 23 
83 55 
83 89 
83 0 
84 63 
84 95 
84 126 
84 30 
84 56 
84 116 
84 88 
84 65 
84 92 
84 66 
84 57 
84 17 
84 73 
84 59 
84 32 
84 9 
84 96 
84 6 
84 114 
84 69 
84 43 
84 37 
84 4 
84 93 
84 82 
84 22 
84 80 
84 97 
84 64 
84 78 
84 128 
84 15 
84 44 
84 2 
84 120 
84 49 
84 77 
84 16 
84 42 
84 20 
84 18 
85 88 
85 57 
85 109 
85 5 
85 125 
85 94 
85 117 
85 69 
85 112 
85 1 
85 99 
85 110 
85 29 
85 120 
85 55 
85 54 
85 58 
85 51 
85 127 
85 63 
85 128 
85 45 
85 62 
85 61 
85 81 
85 118 
85 70 
85 98 
85 93 
85 26 
85 89 
85 38 
85 108 
85 33 
86 34 
86 45 
86 92 
86 5 
86 6 
86 81 
86 127 
86 20 
86 43 
86 123 
86 98 
86 61 
86 118 
86 69 
86 67 
86 126 
86 58 
86 111 
86 114 
86 97 
86 46 
86 50 
86 29 
86 121 
86 25 
86 14 
86 27 
86 109 
86 101 
86 3 
86 19 
86 15 
86 122 
86 22 
86 8 
86 32 
86 26 
87 111 
87 106 
87 69 
87 102 
87 116 
87 70 
87 120 
87 33 
87 36 
87 48 
87 67 
87 63 
87 99 
87 12 
87 117 
87 89 
87 66 
87 47 
87 62 
87 6 
87 124 
87 80 
87 54 
87 8 
87 24 
87 109 
87 59 
87 83 
87 34 
87 21 
87 96 
87 94 
87 112 
87 97 
87 57 
87 65 
87 78 
87 26 
88 16 
88 85 
88 62 
88 79 
88 53 
88 66 
88 84 
88 70 
88 110 
88 24 
88 37 
88 121 
88 39 
88 107 
88 48 
88 78 
88 35 
88 61 
88 4 
88 6 
88 100 
88 94 
88 55 
88 91 
88 116 
88 71 
88 76 
88 120 
88 25 
88 33 
88 90 
88 125 
88 51 
88 47 
88 29 
88 103 
88 129 
88 5 
88 114 
89 125 
89 109 
89 126 
89 76 
89 117 
89 50 
89 78 
89 104 
89 101 
89 10 
89 87 
89 46 
89 61 
89 115 
89 62 
89 102 
89 92 
89 90 
89 45 
89 108 
89 13 
89 93 
89 106 
89 95 
89 49 
89 2 
89 22 
89 79 
89 112 
89 91 
89 51 
89 35 
89 7 
89 56 
89 74 
89 63 
89 127 
89 85 
89 105 
89 29 
89 38 
89 83 
89 37 
90 31 
90 56 
90 71 
90 6 
90 108 
90 16 
90 60 
90 49 
90 91 
90 120 
90 111 
90 96 
90 117 
90 68 
90 116 
90 33 
90 89 
90 45 
90 11 
90 23 
90 36 
90 10 
90 99 
90 113 
90 129 
90 53 
90 18 
90 101 
90 128 
90 88 
90 97 
90 4 
90 123 
90 100 
90 105 
91 25 
91 32 
91 12 
91 47 
91 54 
91 42 
91 14 
91 90 
91 80 
91 101 
91 61 
91 114 
91 8 
91 97 
91 128 
91 115 
91 106 
91 1 
91 93 
91 45 
91 88 
91 108 
91 89 
91 46 
91 83 
91 107 
91 113 
91 119 
91 40 
91 58 
91 116 
91 48 
91 2 
91 125 
91 30 
91 21 
91 123 
91 127 
91 66 
92 105 
92 78 
92 26 
92 119 
92 125 
92 86 
92 37 
92 84 
92 68 
92 128 
92 14 
92 126 
92 17 
92 23 
92 121 
92 42 
92 1 
92 89 
92 111 
92 4 
92 54 
92 76 
92 2 
92 45 
92 106 
92 5 
92 8 
92 50 
92 18 
92 113 
92 129 
92 40 
92 114 
92 97 
92 80 
93 123 
93 39 
93 78 
93 19 
93 67 
93 49 
93 98 
93 60 
93 100 
93 119 
93 109 
93 1 
93 14 
93 44 
93 29 
93 71 
93 91 
93 9 
93 22 
93 125 
93 89 
93 84 
93 80 
93 74 
93 23 
93 50 
93 77 
93 121 
93 31 
93 52 
93 18 
93 24 
93 85 
93 66 
93 110 
93 96 
93 70 
94 75 
94 32 
94 72 
94 81 
94 109 
94 10 
94 85 
94 34 
94 36 
94 19 
94 61 
94 106 
94 63 
94 64 
94 97 
94 114 
94 103 
94 39 
94 79 
94 99 
94 60 
94 88 
94 123 
94 68 
94 3 
94 56 
94 118 
94 35 
94 83 
94 7 
94 37 
94 25 
94 24 
94 115 
94 23 
94 87 
94 48 
94 127 
95 84 
95 4 
95 9 
95 81 
95 30 
95 35 
95 116 
95 102 
95 75 
95 42 
95 14 
95 96 
95 111 
95 26 
95 45 
95 103 
95 38 
95 60 
95 89 
95 47 
95 119 
95 25 
95 125 
95 49 
95 73 
95 98 
95 37 
95 3 
95 79 
95 29 
95 129 
96 54 
96 83 
96 51 
96 65 
96 110 
96 50 
96 40 
96 126 
96 125 
96 36 
96 95 
96 90 
96 68 
96 84 
96 16 
96 52 
96 2 
96 46 
96 37 
96 100 
96 122 
96 48 
96 76 
96 22 
96 97 
96 74 
96 111 
96 64 
96 12 
96 56 
96 113 
96 87 
96 63 
96 129 
96 115 
96 69 
96 14 
96 32 
96 58 
96 93 
96 20 
96 28 
96 4 
97 37 
97 55 
97 119 
97 79 
97 60 
97 70 
97 35 
97 101 
97 114 
97 43 
97 78 
97 91 
97 20 
97 94 
97 61 
97 22 
97 50 
97 6 
97 18 
97 14 
97 52 
97 64 
97 82 
97 67 
97 44 
97 34 
97 46 
97 7 
97 86 
97 39 
97 117 
97 96 
97 10 
97 17 
97 84 
97 72 
97 41 
97 98 
97 0 
97 90 
97 129 
97 115 
97 31 
97 87 
97 92 
97 107 
98 8 
98 23 
98 6 
98 19 
98 31 
98 118 
98 117 
98 21 
98 126 
98 109 
98 93 
98 13 
98 47 
98 123 
98 86 
98 25 
98 35 
98 127 
98 59 
98 74 
98 10 
98 45 
98 17 
98 42 
98 97 
98 121 
98 116 
98 79 
98 129 
98 36 
98 95 
98 38 
98 106 
98 85 
98 122 
98 113 
99 42 
99 2 
99 11 
99 35 
99 45 
99 83 
99 126 
99 63 
99 87 
99 75 
99 44 
99 7 
99 85 
99 1 
99 60 
99 120 
99 41 
99 28 
99 94 
99 12 
99 5 
99 90 
99 74 
99 68 
99 73 
99 123 
99 40 
99 82 
99 103 
99 104 
100 3 
100 8 
100 27 
100 46 
100 68 
100 115 
100 63 
100 93 
100 124 
100 79 
100 5 
100 41 
100 29 
100 6 
100 56 
100 96 
100 114 
100 88 
100 13 
100 71 
100 57 
100 81 
100 4 
100 107 
100 16 
100 119 
100 24 
100 21 
100 43 
100 49 
100 127 
100 90 
100 78 
100 77 
101 15 
101 60 
101 37 
101 126 
101 116 
101 127 
101 16 
101 49 
101 38 
101 31 
101 76 
101 108 
101 91 
101 97 
101 119 
101 109 
101 27 
101 40 
101 89 
101 64 
101 19 
101 114 
101 50 
101 61 
101 124 
101 111 
101 43 
101 59 
101 120 
101 106 
101 90 
101 35 
101 21 
101 86 
101 83 
101 72 
101 39 
101 71 
101 79 
101 0 
101 121 
101 10 
101 113 
102 87 
102 46 
102 43 
102 20 
102 95 
102 15 
102 105 
102 129 
102 25 
102 30 
102 53 
102 65 
102 39 
102 89 
102 120 
102 31 
102 36 
102 45 
102 37 
102 18 
102 28 
102 106 
102 115 
102 122 
102 80 
102 33 
102 0 
102 47 
102 71 
102 8 
102 64 
102 58 
102 62 
102 112 
102 5 
102 54 
103 117 
103 66 
103 33 
103 80 
103 126 
103 122 
103 50 
103 28 
103 69 
103 107 
103 14 
103 65 
103 94 
103 49 
103 95 
103 16 
103 23 
103 53 
103 51 
103 70 
103 118 
103 76 
103 12 
103 44 
103 19 
103 119 
103 129 
103 38 
103 83 
103 111 
103 127 
103 59 
103 4 
103 62 
103 39 
103 88 
103 99 
103 75 
104 106 
104 118 
104 66 
104 129 
104 23 
104 74 
104 28 
104 109 
104 17 
104 31 
104 89 
104 37 
104 62 
104 11 
104 45 
104 26 
104 0 
104 81 
104 107 
104 117 
104 47 
104 55 
104 56 
104 83 
104 5 
104 6 
104 18 
104 70 
104 115 
104 99 
105 58 
105 92 
105 47 
105 119 
105 114 
105 27 
105 33 
105 9 
105 79 
105 2 
105 102 
105 128 
105 13 
105 111 
105 17 
105 126 
105 32 
105 63 
105 45 
105 46 
105 20 
105 65 
105 25 
105 1 
105 48 
105 60 
105 44 
105 41 
105 66 
105 123 
105 24 
105 83 
105 90 
105 89 
105 109 
105 73 
106 24 
106 87 
106 104 
106 110 
106 128 
106 16 
106 6 
106 118 
106 66 
106 55 
106 23 
106 4 
106 15 
106 94 
106 5 
106 8 
106 10 
106 20 
106 53 
106 71 
106 9 
106 83 
106 91 
106 62 
106 81 
106 3 
106 56 
106 124 
106 89 
106 27 
106 63 
106 123 
106 102 
106 54 
106 68 
106 80 
106 101 
106 22 
106 46 
106 92 
106 79 
106 37 
106 112 
106 98 
106 72 
106 73 
106 115 
107 59 
107 17 
107 127 
107 76 
107 50 
107 78 
107 68 
107 31 
107 103 
107 115 
107 72 
107 108 
107 82 
107 88 
107 66 
107 47 
107 71 
107 112 
107 43 
107 104 
107 22 
107 81 
107 15 
107 100 
107 74 
107 56 
107 91 
107 28 
107 51 
107 46 
107 14 
107 36 
107 6 
107 65 
107 38 
107 63 
107 61 
107 67 
107 60 
107 97 
107 32 
107 19 
108 65 
108 69 
108 57 
108 90 
108 122 
108 2 
108 115 
108 23 
108 39 
108 101 
108 27 
108 118 
108 29 
108 61 
108 121 
108 107 
108 28 
108 13 
108 16 
108 62 
108 30 
108 89 
108 60 
108 37 
108 21 
108 53 
108 1 
108 91 
108 66 
108 110 
108 113 
108 58 
108 19 
108 67 
108 18 
108 70 
108 112 
108 74 
108 8 
108 111 
108 114 
108 59 
108 7 
108 49 
108 129 
108 120 
108 72 
108 75 
108 6 
108 85 
108 124 
109 118 
109 85 
109 89 
109 94 
109 15 
109 117 
109 75 
109 98 
109 110 
109 104 
109 48 
109 93 
109 20 
109 101 
109 121 
109 27 
109 30 
109 14 
109 54 
109 50 
109 87 
109 13 
109 36 
109 40 
109 86 
109 111 
109 43 
109 45 
109 38 
109 68 
109 8 
109 34 
109 5 
109 23 
109 105 
110 5 
110 39 
110 106 
110 0 
110 115 
110 96 
110 88 
110 11 
110 14 
110 109 
110 73 
110 60 
110 85 
110 1 
110 80 
110 57 
110 59 
110 68 
110 9 
110 12 
110 64 
110 6 
110 121 
110 128 
110 22 
110 8 
110 108 
110 21 
110 49 
110 83 
110 36 
110 10 
110 30 
110 93 
110 54 
110 41 
110 114 
110 34 
111 87 
111 41 
111 23 
111 31 
111 10 
111 52 
111 33 
111 46 
111 125 
111 64 
111 53 
111 118 
111 36 
111 90 
111 32 
111 95 
111 119 
111 105 
111 113 
111 115 
111 92 
111 101 
111 86 
111 47 
111 82 
111 74 
111 2 
111 67 
111 96 
111 21 
111 122 
111 69 
111 63 
111 103 
111 116 
111 109 
111 62 
111 108 
111 28 
111 25 
111 83 
111 29 
111 22 
112 24 
112 25 
112 67 
112 7 
112 85 
112 16 
112 56 
112 57 
112 63 
112 6 
112 107 
112 126 
112 28 
112 89 
112 26 
112 62 
112 68 
112 12 
112 53 
112 32 
112 113 
112 44 
112 124 
112 38 
112 128 
112 14 
112 106 
112 108 
112 87 
112 74 
112 51 
112 102 
112 15 
113 32 
113 122 
113 53 
113 14 
113 50 
113 37 
113 83 
113 60 
113 111 
113 6 
113 71 
113 52 
113 128 
113 116 
113 117 
113 35 
113 90 
113 20 
113 108 
113 59 
113 41 
113 91 
113 5 
113 112 
113 70 
113 62 
113 125 
113 96 
113 92 
113 80 
113 33 
113 4 
113 127 
113 11 
113 63 
113 98 
113 101 
113 8 
114 31 
114 105 
114 50 
114 61 
114 42 
114 5 
114 91 
114 97 
114 118 
114 47 
114 65 
114 94 
114 3 
114 84 
114 101 
114 62 
114 46 
114 129 
114 100 
114 77 
114 25 
114 18 
114 86 
114 13 
114 119 
114 43 
114 37 
114 29 
114 120 
114 2 
114 83 
114 82 
114 70 
114 108 
114 12 
114 92 
114 110 
114 88 
114 9 
115 110 
115 26 
115 108 
115 0 
115 7 
115 100 
115 126 
115 71 
115 33 
115 107 
115 78 
115 89 
115 54 
115 91 
115 37 
115 70 
115 111 
115 43 
115 51 
115 102 
115 22 
115 1 
115 69 
115 61 
115 68 
115 31 
115 42 
115 41 
115 11 
115 16 
115 94 
115 66 
115 96 
115 76 
115 97 
115 63 
115 106 
115 34 
115 27 
115 13 
115 104 
115 28 
116 121 
116 117 
116 87 
116 84 
116 101 
116 12 
116 95 
116 72 
116 18 
116 76 
116 28 
116 90 
116 127 
116 113 
116 7 
116 4 
116 88 
116 23 
116 79 
116 74 
116 91 
116 44 
116 19 
116 98 
116 111 
116 31 
116 49 
116 67 
116 58 
116 40 
116 25 
116 64 
116 38 
116 62 
117 103 
117 70 
117 34 
117 116 
117 4 
117 30 
117 8 
117 89 
117 17 
117 51 
117 29 
117 122 
117 98 
117 109 
117 32 
117 85 
117 127 
117 52 
117 87 
117 39 
117 28 
117 54 
117 73 
117 90 
117 58 
117 78 
117 22 
117 10 
117 7 
117 75 
117 76 
117 38 
117 113 
117 97 
117 36 
117 104 
117 82 
117 44 
117 41 
117 19 
117 49 
117 59 
117 72 
118 83 
118 109 
118 1 
118 119 
118 45 
118 104 
118 7 
118 80 
118 106 
118 5 
118 98 
118 19 
118 108 
118 58 
118 111 
118 114 
118 9 
118 54 
118 35 
118 15 
118 20 
118 65 
118 86 
118 75 
118 76 
118 6 
118 4 
118 127 
118 22 
118 126 
118 77 
118 94 
118 103 
118 63 
118 16 
118 24 
118 85 
118 29 
119 34 
119 105 
119 118 
119 29 
119 92 
119 97 
119 44 
119 76 
119 26 
119 59 
119 5 
119 6 
119 93 
119 101 
119 36 
119 111 
119 4 
119 52 
119 51 
119 65 
119 68 
119 56 
119 39 
119 20 
119 83 
119 43 
119 114 
119 12 
119 95 
119 57 
119 8 
119 80 
119 25 
119 128 
119 91 
119 103 
119 15 
119 35 
119 100 
119 61 
119 9 
119 37 
119 53 
120 71 
120 15 
120 60 
120 87 
120 46 
120 33 
120 75 
120 90 
120 65 
120 45 
120 99 
120 55 
120 102 
120 85 
120 26 
120 129 
120 40 
120 78 
120 52 
120 101 
120 114 
120 56 
120 88 
120 64 
120 53 
120 37 
120 58 
120 73 
120 25 
120 12 
120 128 
120 84 
120 108 
120 122 
120 1 
121 116 
121 27 
121 14 
121 52 
121 124 
121 79 
121 15 
121 4 
121 17 
121 78 
121 88 
121 48 
121 108 
121 25 
121 92 
121 109 
121 16 
121 46 
121 123 
121 51 
121 12 
121 45 
121 63 
121 7 
121 110 
121 6 
121 127 
121 86 
121 98 
121 93 
121 9 
121 3 
121 0 
121 13 
121 122 
121 83 
121 101 
122 50 
122 14 
122 1 
122 20 
122 69 
122 63 
122 128 
122 108 
122 103 
122 117 
122 125 
122 21 
122 113 
122 58 
122 31 
122 39 
122 27 
122 59 
122 0 
122 19 
122 96 
122 65 
122 102 
122 40 
122 49 
122 46 
122 57 
122 111 
122 25 
122 16 
122 4 
122 17 
122 41 
122 86 
122 121 
122 98 
122 23 
122 10 
122 26 
122 9 
122 13 
122 120 
122 55 
123 93 
123 45 
123 29 
123 57 
123 74 
123 70 
123 98 
123 86 
123 121 
123 51 
123 35 
123 126 
123 94 
123 106 
123 42 
123 78 
123 129 
123 40 
123 50 
123 10 
123 12 
123 66 
123 17 
123 99 
123 21 
123 90 
123 39 
123 105 
123 80 
123 91 
123 37 
123 7 
123 67 
124 6 
124 39 
124 71 
124 126 
124 53 
124 51 
124 121 
124 100 
124 24 
124 11 
124 46 
124 127 
124 15 
124 30 
124 101 
124 4 
124 87 
124 74 
124 43 
124 106 
124 52 
124 28 
124 45 
124 16 
124 59 
124 32 
124 83 
124 41 
124 40 
124 112 
124 27 
124 9 
124 73 
124 23 
124 125 
124 12 
124 38 
124 7 
124 26 
124 108 
125 89 
125 22 
125 81 
125 6 
125 25 
125 38 
125 44 
125 85 
125 61 
125 0 
125 92 
125 96 
125 111 
125 122 
125 4 
125 93 
125 41 
125 68 
125 10 
125 79 
125 19 
125 95 
125 77 
125 30 
125 113 
125 91 
125 88 
125 39 
125 5 
125 80 
125 124 
125 82 
125 18 
125 45 
126 12 
126 89 
126 84 
126 3 
126 21 
126 101 
126 124 
126 1 
126 103 
126 96 
126 44 
126 22 
126 98 
126 47 
126 115 
126 99 
126 6 
126 2 
126 50 
126 34 
126 92 
126 76 
126 53 
126 80 
126 63 
126 9 
126 105 
126 24 
126 77 
126 86 
126 37 
126 35 
126 58 
126 123 
126 75 
126 112 
126 82 
126 118 
126 11 
126 42 
126 55 
126 54 
126 65 
126 56 
126 25 
126 16 
126 81 
127 59 
127 29 
127 107 
127 20 
127 101 
127 0 
127 117 
127 58 
127 15 
127 86 
127 52 
127 124 
127 98 
127 11 
127 53 
127 12 
127 85 
127 116 
127 21 
127 118 
127 70 
127 38 
127 42 
127 34 
127 47 
127 18 
127 54 
127 121 
127 4 
127 63 
127 26 
127 3 
127 103 
127 46 
127 100 
127 89 
127 40 
127 43 
127 94 
127 14 
127 91 
127 113 
127 16 
127 80 
128 0 
128 77 
128 31 
128 106 
128 18 
128 81 
128 122 
128 38 
128 12 
128 92 
128 73 
128 105 
128 91 
128 69 
128 54 
128 50 
128 35 
128 24 
128 113 
128 32 
128 30 
128 52 
128 110 
128 14 
128 119 
128 22 
128 84 
128 90 
128 76 
128 85 
128 62 
128 112 
128 46 
128 43 
128 120 
128 59 
128 51 
128 70 
128 7 
128 45 
128 42 
128 37 
129 5 
129 27 
129 104 
129 22 
129 40 
129 17 
129 102 
129 80 
129 31 
129 51 
129 56 
129 38 
129 46 
129 45 
129 72 
129 120 
129 114 
129 52 
129 6 
129 90 
129 66 
129 79 
129 1 
129 30 
129 103 
129 123 
129 67 
129 98 
129 54 
129 65 
129 96 
129 92 
129 97 
129 14 
129 108 
129 88 
129 47 
129 95 
