0 134 89 144 117 54 97 45 48 102 18 151 147 135 73 76 122 124 62 70 114 98 14 19 50 42 58 133 41 126 123 139 1 120 60 118 64 75 37 55 5 16 112 21 96 52 
1 92 76 128 84 14 143 101 78 121 50 124 71 133 57 33 89 95 54 119 12 120 62 9 142 21 153 56 125 151 49 60 46 34 109 25 77 97 0 37 69 20 59 70 90 145 68 91 65 113 29 39 17 129 
2 69 131 23 22 140 112 67 14 38 44 50 15 138 105 102 75 10 13 12 128 90 19 100 96 32 136 52 98 16 17 68 125 78 143 91 99 147 57 134 34 93 88 150 111 127 118 56 
3 31 106 10 119 62 133 41 81 72 51 83 114 99 50 139 17 125 14 102 30 66 75 16 46 58 73 112 38 113 128 43 149 95 32 138 63 59 143 23 6 
4 127 73 111 27 129 30 84 80 32 87 89 50 107 140 95 61 56 22 25 37 9 135 35 126 106 150 60 13 28 16 147 40 112 145 15 92 109 93 78 65 153 151 
5 37 89 126 116 16 143 86 68 28 78 36 152 70 45 138 8 44 84 10 81 33 140 117 82 113 104 60 136 149 51 110 0 58 63 15 129 50 19 
6 101 33 96 60 124 122 38 121 132 59 112 51 104 64 114 7 31 116 110 125 87 70 58 115 123 76 46 10 21 45 57 61 55 138 90 11 120 3 
7 148 140 37 116 109 71 128 125 139 85 12 127 62 48 34 153 59 27 17 79 107 47 88 146 60 67 94 98 130 40 86 6 73 78 29 138 31 95 76 44 53 25 147 121 100 22 80 108 58 
8 91 141 26 84 119 113 92 110 46 50 25 24 85 22 77 81 72 29 42 20 5 75 34 100 99 14 143 39 114 112 105 17 13 36 129 73 153 48 126 149 64 144 12 
9 142 55 134 127 117 58 129 125 16 91 62 51 63 111 98 96 1 34 14 88 145 4 54 24 151 81 148 140 31 73 49 70 66 126 144 74 68 128 
10 151 64 17 78 89 3 111 20 125 98 88 153 87 46 2 148 14 126 130 152 136 146 117 133 69 5 115 54 55 48 49 19 77 114 137 30 6 72 66 31 99 13 92 
11 77 148 52 133 19 55 70 137 125 151 28 62 36 25 53 74 37 39 113 122 51 131 104 139 97 90 89 108 116 63 88 58 18 142 120 86 111 47 6 43 35 29 94 
12 152 138 72 7 145 129 118 53 26 148 121 115 133 146 1 86 124 59 107 64 55 117 2 14 110 77 139 40 108 34 70 63 69 28 30 151 60 29 73 89 45 66 17 20 132 8 19 67 
13 90 134 74 81 127 78 38 30 117 66 110 104 145 109 76 93 84 70 60 2 149 57 128 147 111 27 26 87 35 39 69 136 8 4 99 105 120 116 62 68 18 85 49 22 88 55 131 28 17 75 45 82 10 
14 112 65 77 46 140 42 84 50 1 113 37 86 119 110 66 80 2 72 105 35 81 107 124 114 21 19 71 10 117 101 43 76 9 0 12 104 8 3 106 149 90 56 147 108 45 96 38 63 135 146 73 39 64 109 61 127 54 
15 131 25 125 140 26 101 74 61 143 107 58 2 76 72 145 137 24 92 135 37 113 85 47 36 51 69 142 123 119 4 138 90 106 124 45 153 5 112 
16 135 88 85 64 77 145 119 30 87 38 36 5 60 9 89 104 108 58 59 110 140 136 71 35 53 142 41 137 76 115 111 2 72 3 4 29 149 17 45 126 78 80 67 0 56 147 69 
17 147 77 18 33 40 23 10 22 106 7 48 59 151 87 128 150 25 3 90 73 79 139 2 122 8 104 45 16 51 121 20 46 12 13 148 89 94 1 
18 17 117 111 59 58 24 63 100 0 126 76 89 152 125 26 130 144 61 86 29 65 42 128 80 93 120 52 64 102 112 36 115 92 71 151 84 43 11 13 150 28 57 47 149 79 38 37 110 70 106 118 83 
19 56 151 50 141 73 11 74 101 37 25 71 97 113 131 85 99 14 109 146 0 83 129 77 2 117 132 59 27 149 10 35 28 79 64 94 52 108 69 21 116 5 12 
20 147 58 37 142 112 72 105 148 67 91 144 10 137 43 57 76 132 96 141 88 24 23 70 8 126 83 118 107 27 114 106 63 109 39 104 150 153 1 127 93 17 29 40 12 49 34 78 61 
21 28 32 121 115 25 68 116 102 112 113 107 58 60 57 144 105 85 24 123 14 76 63 67 138 31 1 118 64 59 53 54 150 101 128 51 30 56 78 134 83 46 108 6 130 110 151 39 19 82 98 84 0 114 70 62 40 
22 78 79 92 2 17 133 136 99 43 144 8 123 4 117 135 89 149 26 129 132 29 24 52 33 126 105 67 91 40 97 146 143 7 13 63 145 66 49 102 82 
23 54 119 55 86 17 108 132 2 113 41 114 100 63 39 58 20 62 30 50 59 53 115 118 75 49 73 126 99 95 90 32 129 76 83 110 71 52 81 69 82 36 112 142 85 47 45 74 64 127 144 3 
24 133 18 83 48 103 43 33 122 72 146 8 111 21 46 39 142 20 34 15 41 30 63 114 57 9 150 124 130 70 22 75 81 126 86 49 132 128 27 36 112 85 67 107 
25 153 48 74 44 15 21 64 90 103 121 19 11 8 39 72 148 78 140 80 150 4 69 17 125 94 120 149 40 73 67 115 26 101 1 131 97 92 143 104 7 32 117 47 134 83 31 136 132 35 50 52 138 
26 8 105 31 45 135 15 12 18 74 27 128 141 61 71 62 125 113 69 51 115 13 131 143 124 110 22 126 81 25 68 116 36 148 92 70 75 122 152 83 138 97 44 49 142 146 96 
27 129 144 4 119 73 43 7 26 147 78 115 121 153 13 62 36 20 64 19 100 116 60 95 31 47 61 141 83 101 81 49 34 69 114 149 24 120 98 130 63 44 143 29 
28 21 91 36 137 110 68 88 46 54 141 77 11 62 5 29 135 32 95 120 142 108 61 47 73 92 124 60 65 93 4 72 19 55 125 12 18 75 52 81 39 13 43 107 82 83 
29 118 112 131 57 64 122 133 96 124 73 28 18 8 128 148 142 121 116 136 52 79 81 7 99 126 44 111 22 16 34 95 12 78 104 20 1 114 59 37 11 27 
30 33 118 92 111 141 63 41 89 16 4 45 13 59 149 110 71 97 140 23 24 126 70 55 120 3 21 38 73 10 115 36 12 32 98 83 134 103 128 84 
31 26 83 113 118 3 49 82 48 106 100 151 63 140 54 144 86 21 69 41 104 6 98 42 7 68 9 65 107 27 40 126 93 132 108 25 62 10 39 
32 143 72 21 79 104 57 152 139 78 43 101 36 51 45 135 60 4 147 136 34 75 106 28 128 108 105 100 93 118 81 123 127 2 23 44 68 77 41 133 141 84 82 115 69 25 30 3 46 53 74 111 65 
33 30 17 6 133 101 48 72 115 24 44 86 34 97 67 1 87 39 38 122 100 63 111 144 5 125 135 84 91 83 108 143 22 41 95 98 119 68 126 113 52 77 145 
34 100 134 54 110 78 145 148 77 131 79 7 75 105 124 43 33 98 53 32 52 9 144 73 24 74 114 112 8 106 71 1 149 72 48 12 93 82 51 29 97 83 27 88 128 2 152 91 117 146 129 118 20 
35 36 39 49 52 69 118 140 120 83 124 97 149 87 42 65 133 14 53 141 96 115 116 152 80 51 86 16 59 4 99 13 67 145 71 41 40 19 105 117 147 114 54 148 151 25 46 64 11 
36 35 70 151 45 111 28 60 95 47 32 71 55 46 97 140 135 16 11 150 124 44 73 5 82 74 84 103 115 27 79 149 18 133 15 98 8 26 127 30 23 102 101 89 56 118 69 88 39 41 126 24 67 
37 20 139 7 62 5 123 14 19 64 85 128 87 66 144 80 11 73 45 43 4 53 47 133 65 126 15 56 67 39 117 1 61 78 63 134 0 95 94 83 18 116 107 29 125 148 153 
38 59 116 117 50 107 45 81 63 151 6 105 13 39 16 2 149 130 126 33 68 109 74 47 91 70 65 99 30 153 93 14 77 3 58 75 125 18 102 132 98 
39 35 53 83 132 99 137 96 44 38 143 50 121 145 144 135 25 82 46 11 24 23 77 33 111 105 45 113 8 13 108 102 52 37 150 134 74 139 20 148 115 101 14 149 80 65 64 124 28 21 36 1 79 78 114 58 48 31 
40 78 132 17 89 46 129 144 133 126 60 131 82 86 58 124 146 151 7 47 139 99 74 90 25 141 12 92 35 67 110 147 31 57 55 4 104 22 150 117 71 134 20 109 111 115 21 75 
41 53 30 95 127 43 124 23 145 3 153 75 108 16 24 76 31 107 49 111 42 131 140 61 35 0 32 126 33 109 82 94 65 36 67 117 105 69 80 
42 111 109 88 94 14 67 76 72 35 69 57 58 134 59 106 79 8 89 0 18 132 31 41 110 133 105 119 144 130 77 108 70 51 101 125 65 146 
43 133 57 148 51 75 54 142 44 79 41 32 92 118 27 24 136 146 22 20 34 140 131 55 64 116 89 134 87 128 14 37 153 113 56 149 152 45 18 69 3 68 97 111 126 130 93 137 109 28 11 66 
44 25 43 69 39 64 2 33 106 83 147 103 36 135 68 89 70 5 55 118 96 32 98 29 7 99 53 48 76 94 81 125 26 49 58 77 27 85 
45 86 36 75 26 38 0 55 32 106 47 30 53 92 149 144 83 126 37 87 104 115 5 39 98 148 76 111 88 102 84 145 139 143 105 43 150 49 17 116 14 99 134 72 46 132 73 16 128 6 12 23 89 65 15 81 13 71 
46 98 66 138 14 28 40 8 36 137 75 94 111 95 97 39 10 24 88 93 140 153 1 67 68 48 133 21 120 45 3 150 6 124 71 143 119 32 17 50 35 89 65 122 76 
47 110 115 130 136 103 91 68 36 72 45 7 104 90 50 69 63 66 79 71 40 37 38 28 48 15 107 85 153 27 64 105 18 121 25 23 118 55 65 11 149 125 150 
48 53 25 67 52 7 0 62 24 146 33 105 31 133 17 73 143 104 121 147 80 134 78 135 10 47 34 46 150 117 76 126 57 145 8 44 88 74 101 72 120 93 56 39 122 
49 91 107 35 31 112 109 131 59 151 108 81 123 110 98 75 118 134 119 84 23 41 1 99 125 70 116 101 150 45 10 117 77 88 148 9 152 60 27 113 137 24 13 78 22 26 44 20 
50 19 145 103 146 38 14 124 39 8 107 1 2 151 47 4 94 132 3 89 53 23 86 127 0 114 81 54 126 119 88 90 51 56 55 100 78 58 83 46 25 5 133 74 73 52 
51 114 43 32 153 130 3 54 115 9 92 80 105 140 11 69 6 35 84 63 61 111 26 94 123 89 21 93 50 102 34 15 5 17 121 147 42 118 137 55 
52 132 53 63 150 35 69 148 11 48 89 145 144 92 72 71 85 82 34 135 125 18 29 119 104 2 23 106 138 39 22 75 59 28 19 100 33 107 115 25 50 0 95 
53 73 52 64 48 39 61 41 129 127 115 112 12 94 147 45 11 74 35 34 67 132 69 131 50 16 23 37 85 21 95 146 99 110 101 139 68 7 44 90 93 143 87 151 32 89 118 
54 23 148 67 34 43 0 149 134 146 108 28 96 128 144 51 120 102 31 1 137 106 119 125 70 77 9 139 116 10 21 91 114 61 50 75 101 112 81 113 93 63 107 35 90 152 138 153 65 58 143 142 73 132 14 
55 127 111 23 133 9 45 11 124 152 36 67 43 82 86 102 63 12 44 136 84 113 85 10 131 30 97 28 50 40 77 70 0 59 68 138 130 47 105 13 6 51 99 
56 19 132 150 124 133 86 137 72 120 68 121 94 64 4 112 141 78 1 43 114 82 37 138 14 59 21 50 129 70 85 95 145 139 36 118 16 48 143 2 
57 43 112 73 110 32 29 42 20 21 1 143 101 13 100 153 24 63 102 83 97 107 136 74 131 139 48 40 18 88 2 122 6 58 77 90 146 
58 61 20 63 18 68 9 21 15 120 42 82 89 16 23 40 141 135 118 111 96 0 90 73 62 151 132 6 104 11 60 119 122 3 144 84 38 110 57 50 128 54 5 39 44 7 67 
59 38 150 125 66 18 122 49 7 61 30 64 60 110 140 6 80 84 17 42 16 89 138 12 23 130 107 144 134 35 143 21 129 19 152 74 87 56 136 72 52 1 55 101 105 146 3 29 63 85 93 
60 84 104 88 127 36 6 81 131 82 32 138 16 21 59 40 97 105 7 79 70 76 143 13 66 1 90 28 145 69 134 142 4 27 91 49 58 85 93 5 0 149 12 114 135 147 102 119 
61 58 141 92 70 53 119 120 15 82 59 96 73 135 26 18 89 4 28 51 95 90 54 117 41 104 153 62 27 131 37 136 124 65 107 115 113 88 132 6 147 14 116 133 148 93 139 20 
62 37 92 153 7 75 116 48 64 3 102 11 67 28 112 111 9 63 124 0 128 1 23 26 71 131 95 101 127 27 58 69 108 61 96 135 106 126 81 13 143 148 90 133 136 31 72 150 138 115 21 
63 52 58 132 66 30 142 18 38 75 140 31 136 62 9 23 47 21 103 150 55 97 111 51 87 81 24 96 33 77 123 57 135 76 130 20 82 11 12 54 37 14 95 116 74 3 22 147 5 139 143 59 27 148 107 
64 53 16 10 89 25 29 62 37 72 123 44 59 138 120 101 43 56 150 12 141 105 65 6 21 146 143 18 77 27 73 47 19 103 0 66 115 14 39 96 8 35 23 107 
65 14 99 125 78 136 35 103 129 134 127 142 111 64 18 105 37 89 28 38 109 85 112 84 122 91 68 31 92 101 61 135 149 54 39 1 133 70 41 47 139 45 143 106 104 118 46 107 42 4 32 
66 67 63 59 46 82 103 113 14 37 13 92 106 128 84 137 104 47 94 71 148 60 138 107 125 3 152 115 110 9 147 10 130 64 141 76 12 150 22 117 96 87 97 43 146 121 
67 54 66 48 121 20 98 42 74 2 62 55 33 120 129 53 122 21 7 119 143 84 114 72 46 35 99 37 25 80 40 88 105 115 90 22 93 16 97 81 110 133 116 41 96 36 58 24 12 
68 135 137 148 58 21 28 47 100 56 78 5 97 131 38 44 138 32 46 79 31 142 75 2 152 65 26 90 143 95 53 13 104 9 33 115 43 1 114 55 128 99 
69 148 35 2 52 44 93 89 42 75 47 130 51 88 53 144 26 31 25 86 10 117 150 110 138 62 60 13 129 23 124 12 125 143 1 116 120 15 43 32 27 19 36 145 139 136 41 16 71 
70 36 61 78 100 118 86 11 102 153 75 0 54 13 60 5 20 44 84 81 49 38 30 6 9 12 132 24 106 56 73 139 42 55 26 1 108 151 136 130 142 65 18 113 21 96 129 141 114 
71 148 99 7 153 76 36 133 95 103 19 141 1 30 52 14 72 26 16 66 62 47 122 75 34 35 74 23 18 112 46 130 144 146 92 40 114 105 82 110 45 124 106 69 85 
72 106 32 139 88 20 109 76 12 119 56 123 95 47 64 133 42 33 24 104 3 14 115 15 52 25 8 71 135 140 67 87 83 108 91 138 34 78 144 16 59 28 45 10 96 48 128 62 132 102 125 
73 53 4 57 27 119 19 101 150 152 0 133 61 120 91 138 104 48 74 121 37 36 29 147 34 123 23 110 7 86 124 28 58 17 96 144 25 9 64 117 30 125 70 45 3 8 14 136 111 12 79 114 54 50 129 97 
74 88 25 13 109 130 15 19 123 101 67 93 100 26 11 53 73 151 90 131 38 77 124 119 137 34 102 36 150 134 40 82 108 71 125 80 59 57 128 106 39 84 89 107 113 9 48 96 147 63 32 23 50 129 83 
75 45 43 115 149 62 112 34 99 102 63 130 46 107 83 2 41 94 70 49 69 32 142 8 23 129 71 148 97 54 104 68 24 3 52 141 108 28 137 0 38 110 26 140 13 113 93 153 40 89 123 135 
76 1 72 103 71 88 42 141 104 18 0 15 125 21 13 106 20 118 110 14 60 79 41 45 99 23 16 63 7 132 48 89 6 143 130 44 66 112 119 117 46 
77 11 96 146 17 14 126 137 16 130 142 34 28 83 107 91 152 86 8 100 39 54 74 93 97 19 114 63 12 64 127 153 116 49 135 10 32 122 85 42 1 84 124 38 80 55 145 110 101 104 123 33 57 108 99 44 143 
78 22 70 40 34 104 32 10 65 13 1 128 84 101 108 68 120 131 111 5 27 142 25 85 121 56 48 81 115 124 7 83 72 105 21 86 148 2 37 50 143 16 132 113 89 29 49 127 130 119 39 116 4 20 
79 22 32 88 43 92 34 124 80 112 152 7 97 111 60 146 107 42 47 76 109 36 29 17 153 68 95 128 137 19 98 18 118 73 39 143 120 
80 124 111 136 95 146 79 83 14 37 130 4 59 107 51 101 35 48 25 18 106 122 150 149 84 100 74 67 125 152 123 119 77 16 81 39 93 7 41 145 
81 144 13 38 133 60 49 151 3 122 14 8 145 149 115 131 102 114 88 86 121 63 78 32 5 50 70 9 132 29 148 103 83 23 26 54 109 101 106 24 118 62 97 100 123 27 111 80 44 28 67 45 128 
82 109 31 144 66 88 92 137 60 61 58 39 55 52 40 122 108 113 141 114 145 120 36 99 56 74 139 63 93 5 34 103 125 23 32 41 134 124 71 21 117 13 28 150 22 
83 133 116 31 39 35 24 142 91 77 80 136 75 3 140 145 44 114 45 96 107 149 19 20 99 72 23 78 57 81 151 115 33 113 21 135 27 34 131 37 25 26 50 85 30 18 28 110 74 
84 60 8 123 1 141 14 4 88 78 131 130 90 66 59 139 119 115 152 122 13 86 51 49 5 67 134 148 55 36 70 95 45 80 33 65 18 32 77 74 132 127 58 147 21 30 
85 122 16 130 132 89 109 7 131 147 37 135 111 105 52 21 8 19 103 107 78 139 117 53 149 145 55 88 110 15 93 151 65 127 47 77 60 90 116 13 56 23 92 138 83 24 134 59 71 44 
86 45 142 23 56 70 88 14 134 5 77 33 124 135 18 55 102 12 40 31 84 35 81 50 87 7 69 73 126 138 78 24 99 139 115 11 104 
87 125 109 91 110 114 16 35 99 121 37 136 4 134 10 132 33 17 122 45 124 43 145 117 86 63 129 72 13 6 59 137 94 135 98 118 53 66 150 
88 16 74 60 42 128 72 79 82 28 86 137 76 99 84 121 92 131 10 7 46 100 20 69 120 81 9 148 115 45 85 135 50 49 11 67 117 90 57 98 48 34 142 61 13 2 36 136 146 138 140 
89 141 0 85 5 52 64 40 10 30 18 69 134 16 58 1 4 59 136 43 61 44 50 100 42 151 149 22 51 111 11 65 93 76 153 74 142 103 36 78 12 90 53 45 131 46 17 75 122 
90 13 91 138 25 100 140 118 84 47 112 74 126 119 95 2 106 58 60 17 61 23 40 11 115 14 50 68 113 85 67 88 62 1 148 53 15 54 57 89 6 98 
91 138 8 49 90 28 87 47 83 20 110 77 92 73 101 9 127 149 145 38 54 119 72 33 116 65 60 22 2 133 120 1 34 135 102 
92 30 1 61 62 8 130 147 22 95 82 79 43 122 45 108 66 52 91 88 128 51 105 115 15 28 96 40 18 93 65 25 26 123 71 149 4 85 102 141 103 136 110 10 150 116 
93 144 147 136 122 69 74 137 105 13 46 129 32 150 77 142 121 18 114 148 85 89 92 82 51 28 34 38 54 99 60 31 67 149 20 53 2 94 80 43 48 128 4 75 61 59 
94 127 42 128 114 149 96 53 108 105 46 56 109 75 50 66 7 102 51 134 25 142 110 115 87 95 124 19 37 44 41 93 151 17 147 11 
95 144 41 36 92 113 72 98 80 71 46 115 1 146 4 28 109 90 61 62 128 23 104 100 112 84 110 53 7 107 79 27 68 99 101 33 143 103 29 94 56 139 37 142 3 63 147 114 52 123 
96 124 77 98 6 123 94 147 39 54 61 135 29 35 132 83 9 20 58 97 129 150 63 100 2 44 148 73 92 62 14 125 140 72 74 64 144 66 67 119 141 101 142 70 0 26 
97 107 127 111 0 35 36 108 143 19 68 60 46 33 30 110 79 139 106 63 117 77 145 96 131 11 75 57 144 140 25 55 1 81 100 34 22 153 43 67 26 135 66 120 73 
98 46 96 67 95 100 132 10 34 110 49 9 119 0 129 7 45 144 116 149 31 107 44 2 36 79 120 118 88 33 87 106 30 21 27 109 38 90 105 115 128 
99 115 71 65 132 119 39 151 88 75 87 22 106 3 19 126 125 108 153 147 146 23 40 109 83 49 82 76 8 35 103 143 67 112 29 53 38 150 145 13 95 45 93 139 44 2 86 100 138 68 77 144 55 10 
100 34 70 18 68 144 90 98 74 103 31 23 77 110 88 135 89 32 33 131 96 143 57 8 95 2 27 80 145 141 50 97 81 114 102 52 153 7 118 99 137 149 
101 120 6 103 73 136 15 19 32 74 33 1 112 78 108 129 118 91 128 64 80 14 125 57 137 62 142 144 138 54 21 49 133 25 81 53 27 117 95 65 39 145 36 77 48 59 42 126 96 132 
102 142 0 141 75 21 116 62 70 2 54 107 86 55 108 81 94 115 74 152 138 45 18 57 39 3 51 118 100 36 114 92 38 72 22 91 60 
103 118 119 101 50 47 151 76 148 24 25 66 121 71 100 145 65 44 85 63 116 142 128 36 136 99 81 105 132 139 82 64 95 89 30 92 135 
104 151 60 32 78 76 120 72 115 132 73 47 16 13 48 66 133 45 6 31 109 11 14 95 52 75 124 61 121 58 17 25 20 5 40 68 77 86 29 65 108 
105 26 20 48 38 107 129 94 34 2 14 85 21 60 92 51 93 138 64 32 39 65 115 139 42 45 145 8 78 103 13 67 35 150 22 133 47 151 55 71 59 134 116 41 112 109 98 
106 72 142 128 110 3 17 134 45 31 145 99 66 118 44 42 32 76 54 97 135 133 90 131 80 34 20 149 114 14 121 52 4 81 62 74 70 151 98 15 125 65 144 18 71 
107 97 49 139 38 122 15 77 105 113 50 21 75 7 80 14 85 83 4 102 143 79 12 124 146 59 41 20 98 66 130 148 95 57 47 31 153 54 74 61 65 37 137 28 125 52 108 64 63 24 
108 23 54 110 49 94 97 101 78 147 92 142 16 150 146 82 99 102 32 41 114 28 132 129 148 131 72 120 62 74 39 12 11 124 121 33 117 14 75 42 111 137 21 70 125 19 31 77 7 104 107 
109 42 110 122 130 82 142 123 7 87 72 85 74 49 147 117 139 94 13 114 38 19 95 104 79 99 65 1 81 134 149 20 41 137 115 136 111 133 14 98 43 4 40 105 
110 47 109 135 124 34 57 106 142 87 28 8 153 91 108 14 126 13 30 59 49 98 97 16 100 136 76 117 120 12 73 69 6 123 85 95 23 42 26 133 94 53 140 66 40 115 58 5 143 77 75 21 119 130 67 18 71 92 83 128 
111 42 55 30 80 4 143 134 18 36 97 126 10 116 85 46 112 62 78 24 135 79 9 65 39 63 58 51 13 41 45 33 141 89 130 16 131 29 129 108 132 148 152 142 81 73 43 109 2 122 11 40 32 
112 14 29 57 20 137 49 144 75 53 136 2 150 101 21 79 62 140 111 6 90 153 119 56 124 149 148 34 147 95 138 99 8 54 18 65 116 71 122 3 23 4 142 76 135 0 105 15 24 
113 31 8 121 14 95 23 119 66 107 21 19 11 118 82 39 26 43 55 15 144 83 54 5 90 152 49 3 74 127 78 145 148 61 33 141 1 75 70 126 139 
114 51 123 87 94 141 23 128 3 145 83 14 149 125 127 109 0 108 81 82 34 6 50 153 67 77 139 56 24 54 20 106 93 8 124 116 140 10 137 152 143 100 35 132 27 102 115 68 71 60 73 39 95 29 21 70 
115 99 47 21 116 145 75 53 118 33 130 135 104 72 51 153 12 95 35 27 84 81 45 102 23 92 127 26 88 78 10 105 36 16 90 126 25 18 83 66 94 6 67 32 136 30 138 110 39 61 109 119 86 144 68 64 114 62 52 40 98 
116 38 83 7 148 123 115 21 62 5 120 111 102 117 118 122 35 43 103 139 138 149 135 153 98 6 54 29 49 91 27 77 11 114 112 26 45 13 69 85 152 144 63 37 67 128 61 78 133 137 105 19 142 92 
117 38 133 134 18 0 139 9 109 116 13 146 14 123 110 153 12 97 22 87 131 85 10 118 69 19 61 5 49 73 108 48 88 37 101 147 35 25 122 40 136 34 66 82 41 142 76 
118 29 103 30 35 31 70 12 43 115 137 90 116 106 101 123 144 113 49 76 58 125 126 21 23 117 32 20 44 150 152 81 102 0 98 143 79 100 151 36 153 87 51 56 47 127 134 65 53 2 34 18 
119 103 23 27 61 8 128 73 99 72 16 142 147 14 3 113 133 125 148 141 1 84 54 131 123 98 90 112 74 132 49 67 126 150 52 91 50 42 58 80 129 15 33 115 46 110 76 78 96 60 
120 101 139 122 126 61 35 123 56 138 116 104 73 58 78 131 54 64 67 1 28 88 110 82 141 25 18 108 30 13 46 69 0 98 11 91 48 27 79 140 97 6 
121 21 113 150 67 148 144 25 103 88 39 87 6 1 153 129 56 132 12 73 128 48 146 78 27 81 93 140 29 139 106 149 104 108 137 47 134 7 51 17 123 127 66 
122 85 109 138 120 107 59 6 92 29 93 137 24 143 0 116 81 11 87 123 67 82 84 136 33 71 80 17 65 77 146 58 112 125 117 26 57 111 132 46 48 89 
123 116 109 84 114 37 96 127 120 74 72 64 132 49 131 138 118 22 21 153 122 117 119 150 147 73 32 51 136 110 63 142 0 6 80 81 15 92 137 77 121 140 134 145 75 95 
124 96 146 80 110 132 56 35 6 55 50 79 41 136 0 1 34 29 86 36 62 14 148 12 87 40 107 74 112 73 78 28 139 26 104 134 24 108 114 131 69 77 46 61 94 151 15 39 82 141 130 71 
125 87 59 7 15 65 139 11 10 18 119 9 76 99 114 54 101 118 134 26 146 25 1 52 49 3 6 33 74 2 66 69 130 73 80 82 96 28 127 108 143 38 122 106 44 149 42 107 47 72 37 
126 120 77 111 5 141 18 153 110 40 45 99 38 90 10 139 118 23 20 119 37 30 4 50 26 145 29 115 86 0 24 22 62 41 9 48 31 16 146 33 8 43 144 143 36 101 129 113 
127 55 4 94 97 60 7 41 53 123 13 9 128 146 153 152 143 65 114 91 50 115 62 32 133 77 150 138 85 137 36 129 125 20 84 113 135 78 118 2 14 121 23 
128 88 106 7 119 1 94 127 78 114 54 37 26 101 66 92 121 62 32 29 43 152 17 13 136 103 18 2 95 135 21 79 74 146 45 3 24 34 68 58 72 93 116 30 9 98 81 110 149 
129 27 53 131 12 4 140 40 105 9 132 121 148 101 65 67 98 93 75 96 19 108 59 87 23 22 69 111 56 8 145 127 119 151 136 34 5 126 74 143 73 70 1 
130 85 109 47 74 77 153 92 51 75 115 84 80 143 18 38 69 10 59 7 132 107 111 63 24 125 42 71 76 66 21 70 55 110 43 78 27 124 141 
131 142 15 29 2 129 85 153 34 60 49 134 84 139 120 123 78 19 88 43 68 40 74 136 11 119 81 152 53 62 117 100 97 106 108 55 145 26 41 111 148 124 25 140 61 57 83 13 89 
132 52 56 63 40 85 124 99 39 23 6 129 98 123 104 121 96 87 53 20 135 50 119 141 108 42 130 81 19 22 76 103 58 143 70 139 45 111 84 78 151 24 114 31 152 61 25 72 140 122 38 54 12 101 149 
133 43 83 141 117 24 55 56 81 11 33 22 72 71 3 119 73 35 29 40 48 143 1 138 12 104 142 106 10 37 0 127 42 151 110 101 46 36 153 135 32 105 91 62 65 109 67 116 50 61 
134 0 34 139 117 111 13 54 9 131 106 144 86 152 149 89 42 87 65 49 43 125 48 84 59 94 74 140 153 124 60 109 21 39 45 37 25 121 2 82 40 118 123 30 105 85 
135 16 68 110 138 26 136 0 32 36 85 115 96 146 39 145 86 61 111 44 28 100 132 106 58 116 72 52 22 4 15 48 128 88 33 63 142 150 77 62 141 133 83 87 14 151 65 127 112 97 60 91 103 75 
136 149 80 47 101 93 135 112 22 124 43 65 83 87 63 32 89 110 131 122 16 137 128 10 55 103 123 29 2 13 57 59 151 115 147 61 5 109 70 73 62 129 117 144 25 88 69 92 
137 142 68 112 77 28 149 56 88 39 82 11 118 122 46 20 93 66 54 136 15 74 101 16 143 127 87 79 114 10 147 108 121 49 153 75 109 123 51 43 116 107 100 
138 91 122 145 135 46 12 90 120 60 2 73 133 64 123 59 105 21 143 116 68 5 69 102 66 112 101 72 7 56 52 127 86 146 153 115 15 54 85 55 26 3 6 99 62 88 25 
139 37 153 134 120 107 72 7 32 117 125 131 109 84 116 97 126 85 3 40 11 148 114 54 105 121 45 17 124 12 103 82 0 53 132 57 39 99 70 95 86 56 65 63 69 150 149 113 61 
140 7 35 15 14 129 2 90 36 63 112 59 83 31 43 4 30 25 51 16 149 46 121 72 134 5 41 9 110 114 97 131 96 151 75 132 123 120 88 
141 89 61 8 133 19 30 84 126 28 76 114 102 142 71 26 35 119 20 82 64 58 153 56 120 132 144 111 40 100 135 32 27 75 66 113 92 124 96 130 70 
142 102 137 106 9 131 20 86 109 43 63 110 77 83 119 146 141 108 78 65 24 147 1 28 75 133 93 16 103 29 94 101 145 135 123 68 60 11 15 148 23 95 111 89 112 88 70 54 116 117 96 26 
143 32 111 1 15 39 122 97 5 153 133 130 48 127 107 138 60 57 67 100 59 64 8 145 99 26 45 144 132 137 33 68 69 25 2 95 78 114 62 148 76 125 110 22 46 118 53 65 54 126 56 79 63 129 3 27 77 
144 95 93 0 81 27 82 112 100 121 20 134 52 39 54 40 37 22 21 45 118 18 31 34 69 59 98 153 146 141 33 101 97 73 72 143 113 42 58 9 71 116 115 96 136 126 106 151 99 145 8 23 
145 50 138 151 34 115 12 149 16 52 41 39 106 103 114 135 83 13 81 87 15 82 97 9 91 85 131 143 45 35 142 60 105 126 100 99 129 48 1 4 56 101 77 113 33 22 69 146 144 123 80 
146 124 77 50 54 48 142 80 43 117 127 135 24 108 7 95 12 79 121 40 107 19 10 125 144 99 64 53 128 122 138 126 14 71 22 149 153 34 57 145 59 88 66 26 42 
147 20 17 93 92 109 0 119 96 53 85 108 27 44 32 73 142 48 99 123 13 112 149 14 40 66 4 7 137 136 117 150 84 2 35 51 74 61 63 95 60 16 94 
148 54 71 7 68 116 43 69 11 52 20 152 34 121 103 129 12 119 25 124 10 29 88 45 112 84 139 66 75 108 149 96 93 107 81 9 131 49 78 26 62 143 111 142 39 90 113 35 17 61 63 37 150 
149 136 54 137 75 145 94 35 151 134 30 45 38 114 81 83 140 116 13 91 112 85 98 89 43 148 80 106 25 34 147 14 121 22 36 19 109 16 5 18 60 93 3 65 39 146 92 27 125 8 153 139 47 100 132 128 
150 59 56 52 121 73 112 36 108 64 63 123 93 25 17 96 69 74 119 80 21 118 49 151 24 127 45 4 135 48 99 39 105 46 18 20 147 40 66 2 62 139 87 82 92 148 47 
151 19 104 36 10 145 103 99 38 0 49 149 11 31 81 50 17 74 40 1 89 9 58 133 85 150 83 18 106 105 136 124 132 12 70 135 140 129 118 35 53 21 94 144 4 
152 12 32 73 148 55 134 18 79 77 127 5 35 84 131 128 10 102 43 118 59 68 49 66 80 113 114 111 116 54 26 34 132 
153 25 139 71 62 130 110 131 7 51 121 126 41 143 70 127 115 10 123 112 43 141 117 99 46 1 144 114 116 27 57 134 79 77 61 133 38 47 107 89 138 20 8 137 100 97 54 146 118 15 149 75 4 37 
