0 136 37 32 141 15 143 153 58 11 144 88 128 57 
1 103 28 146 72 18 65 20 107 49 61 41 75 4 30 46 143 129 76 31 
2 159 160 58 64 54 61 128 19 127 99 130 53 139 
3 40 147 32 102 100 137 35 29 45 22 113 110 126 128 
4 65 33 31 6 34 79 56 140 66 136 72 154 18 132 1 77 82 74 130 123 
5 18 102 143 136 10 98 61 56 109 86 48 87 128 74 73 101 55 
6 18 42 142 98 4 74 160 125 90 40 32 58 161 62 78 45 
7 147 8 141 129 107 136 151 57 162 126 69 11 137 
8 7 148 138 11 101 80 44 140 144 129 10 32 
9 84 60 140 17 72 162 14 110 129 74 134 39 100 122 120 70 106 63 
10 53 117 79 30 88 5 39 69 15 144 68 49 140 20 8 77 19 
11 110 15 122 126 41 50 69 8 95 96 93 123 82 120 113 159 12 141 0 62 148 7 64 51 124 
12 101 145 55 103 20 78 73 122 17 119 98 51 83 143 123 11 19 44 
13 92 41 28 33 69 155 119 109 146 62 96 90 63 126 
14 36 43 15 9 117 61 96 118 63 130 120 132 140 92 
15 11 91 14 120 16 10 0 99 112 43 94 
16 55 15 133 157 161 27 23 156 
17 9 162 144 85 139 12 130 52 108 30 105 136 18 155 
18 5 1 6 156 150 71 98 155 124 61 4 125 136 19 57 17 162 
19 102 54 77 142 137 98 40 2 64 153 149 12 76 144 109 18 92 10 32 39 143 159 
20 22 1 138 12 69 98 128 145 25 48 103 10 156 140 113 112 
21 73 84 77 51 67 42 107 117 70 46 38 
22 20 118 36 114 42 144 35 3 136 
23 110 149 159 86 67 62 76 142 50 140 121 71 59 97 16 107 54 
24 128 125 112 157 106 124 64 122 40 154 158 141 
25 108 94 82 102 151 20 111 126 34 58 100 114 93 88 83 
26 51 101 49 151 62 60 147 89 30 131 109 162 48 
27 54 59 128 70 45 152 31 16 67 161 65 143 28 97 109 159 136 120 
28 97 149 1 13 73 120 158 137 27 85 130 68 116 77 
29 117 58 115 158 118 123 129 116 149 77 121 99 3 80 110 133 147 162 
30 45 10 38 58 142 146 35 148 54 57 88 77 26 68 17 1 143 95 74 32 
31 4 147 124 39 113 27 141 51 33 132 54 136 1 
32 141 71 3 66 159 143 0 37 114 115 41 104 157 90 6 145 47 161 78 97 19 8 96 30 
33 4 49 13 130 106 72 68 66 104 81 116 136 124 31 138 80 113 
34 120 4 60 112 139 92 25 106 146 35 53 51 38 132 
35 123 100 155 58 76 30 158 68 47 86 3 79 144 55 102 72 22 34 134 52 148 65 53 
36 14 44 22 45 61 143 47 115 63 
37 103 0 79 134 32 119 145 89 53 91 57 65 83 
38 159 143 30 73 68 124 140 103 147 98 88 131 109 34 21 129 
39 82 159 151 127 10 118 161 117 31 77 9 146 110 115 19 
40 3 151 61 106 137 124 113 6 19 24 86 94 127 
41 13 11 55 144 137 32 1 88 86 79 64 42 83 80 69 148 123 94 136 104 57 
42 154 106 6 50 162 57 21 22 41 124 
43 67 14 115 97 70 154 59 110 80 100 15 45 99 89 
44 138 36 64 103 161 51 8 153 67 62 55 12 119 47 50 
45 30 98 161 119 102 103 27 36 109 3 108 159 66 59 43 124 151 80 6 
46 88 90 49 106 146 141 122 117 47 21 1 
47 78 106 115 60 126 85 149 35 137 86 32 119 46 36 141 75 44 
48 96 76 5 157 152 79 20 109 128 117 90 63 26 
49 155 140 33 46 26 1 151 111 10 97 57 160 62 127 99 118 104 91 147 106 
50 143 114 42 11 117 23 70 100 139 72 140 115 60 44 
51 133 26 76 144 103 44 21 12 69 126 78 62 157 31 34 57 115 72 11 161 
52 106 58 132 96 116 133 17 61 136 150 140 115 97 35 65 
53 10 74 154 158 72 62 37 120 105 34 102 65 78 35 89 126 2 
54 19 137 124 27 2 84 30 63 149 131 89 127 161 141 156 125 31 138 23 
55 131 114 118 12 41 16 72 60 148 35 44 149 127 63 142 5 
56 155 93 99 75 112 63 140 62 5 4 90 134 161 159 100 
57 115 7 30 65 78 64 74 42 76 160 123 49 37 136 51 18 104 137 0 41 
58 103 63 30 35 29 2 93 109 52 140 136 6 108 0 124 25 115 72 
59 119 160 140 27 154 94 158 43 23 110 137 135 45 77 
60 9 78 125 105 141 47 154 92 34 26 120 136 94 55 103 159 146 134 50 
61 148 145 40 2 5 14 1 52 18 72 36 140 
62 126 23 26 56 118 67 53 77 113 51 121 13 119 44 11 49 6 
63 58 105 56 132 54 115 142 69 85 14 55 48 9 151 90 147 36 13 
64 2 44 132 118 112 57 144 24 41 19 11 93 131 
65 4 124 74 1 101 118 57 121 84 99 104 115 100 66 27 159 53 35 37 82 52 92 158 
66 32 156 147 151 127 79 33 67 138 111 4 121 73 154 134 103 65 76 45 95 155 
67 43 23 142 62 66 153 21 75 92 130 101 44 27 132 161 
68 72 106 38 81 35 33 79 10 149 30 86 94 77 127 151 28 117 
69 80 123 154 91 96 13 11 20 113 10 51 63 7 98 41 133 82 74 
70 114 101 143 43 126 27 161 149 50 92 102 108 90 146 21 9 100 
71 32 129 82 112 145 121 18 137 98 139 23 111 153 86 
72 105 141 99 1 68 127 9 55 151 33 124 53 4 50 35 133 61 138 51 58 
73 106 21 38 109 12 28 81 66 95 101 5 115 110 156 99 
74 125 126 65 99 107 53 96 88 6 91 9 5 57 124 4 141 69 30 
75 133 98 140 56 149 90 67 1 118 47 101 123 
76 162 51 35 23 104 48 145 158 120 57 150 125 19 66 155 1 105 
77 19 106 21 147 104 39 62 29 30 117 98 156 146 4 68 10 129 59 145 28 
78 47 60 147 12 107 83 112 57 51 148 32 162 53 87 6 124 
79 10 125 37 4 146 117 107 66 68 48 82 35 41 116 159 84 142 161 123 
80 136 69 86 159 128 129 8 126 153 43 102 29 162 41 108 45 33 
81 161 137 68 139 132 135 95 107 98 73 33 133 100 93 157 160 87 162 
82 39 71 115 25 120 121 153 11 79 4 131 105 65 69 
83 132 151 78 84 115 134 155 85 91 12 106 41 113 25 37 
84 9 121 104 151 102 21 54 83 110 136 65 79 93 98 125 
85 112 17 97 47 133 83 101 63 111 149 28 158 
86 23 143 5 133 80 103 47 35 41 68 40 91 71 
87 128 154 96 105 146 5 152 151 81 78 112 
88 161 46 110 94 10 109 74 30 41 95 134 116 145 144 0 38 25 
89 98 129 122 91 26 96 37 137 142 54 53 43 
90 46 149 56 75 143 137 32 6 156 107 70 153 48 95 63 13 
91 15 69 99 74 117 89 83 110 104 152 143 37 86 49 
92 13 120 60 34 70 67 155 104 159 129 95 136 19 65 102 14 
93 134 56 58 118 11 160 81 84 159 96 151 25 64 
94 120 88 25 59 161 60 68 40 151 41 15 145 
95 127 156 11 158 81 157 162 88 73 92 90 126 30 152 66 
96 87 48 69 74 11 14 147 52 89 98 93 13 129 130 32 100 
97 28 43 85 138 114 109 23 49 52 27 32 103 
98 89 75 6 45 102 5 20 12 19 18 96 71 81 77 69 131 84 38 160 144 
99 72 56 120 74 153 123 161 91 15 65 29 116 107 49 129 73 2 43 
100 35 151 3 9 50 104 43 81 56 65 25 158 70 96 
101 12 115 147 26 65 70 153 8 144 85 67 73 114 5 75 117 
102 19 5 25 84 98 3 156 45 123 137 70 80 154 35 139 53 92 
103 58 1 37 12 148 134 44 51 156 86 157 45 60 20 38 66 97 136 126 
104 125 84 76 32 77 33 65 100 92 91 121 49 57 158 128 41 
105 63 72 149 158 60 113 87 150 53 17 116 82 76 
106 145 140 73 42 47 52 46 68 77 40 33 127 24 83 34 9 49 136 
107 130 74 138 7 139 78 129 1 79 127 156 81 90 113 21 99 150 154 146 23 131 
108 25 154 143 113 17 70 58 45 134 148 80 
109 136 145 73 88 5 58 129 162 48 97 13 45 161 26 19 27 38 
110 11 23 88 125 9 84 43 91 59 144 29 147 3 73 39 
111 150 127 139 49 25 66 71 85 159 
112 71 138 85 56 155 24 158 124 131 78 34 64 132 15 142 151 128 87 20 118 
113 105 108 69 31 40 62 130 11 141 107 3 133 83 20 33 
114 151 55 50 70 32 97 22 101 25 115 
115 123 57 101 82 43 29 47 32 83 63 65 58 52 146 124 73 50 138 51 36 39 114 
116 158 119 29 52 153 79 99 88 33 123 142 105 28 
117 10 144 29 138 146 131 79 133 14 157 143 39 50 91 46 77 48 21 155 135 101 68 
118 161 55 29 145 39 65 62 93 64 155 22 14 75 127 132 49 140 112 
119 59 159 37 45 116 12 13 127 62 47 120 44 
120 94 92 99 82 15 34 124 162 60 28 146 11 76 53 9 14 119 27 
121 84 154 82 71 144 23 65 156 29 66 139 62 104 
122 11 12 89 46 24 9 125 
123 115 35 69 141 134 99 29 133 11 150 102 137 57 12 116 79 41 4 75 124 
124 65 158 54 120 38 112 72 147 31 40 133 24 18 128 58 42 74 140 33 115 45 146 130 11 123 78 
125 24 79 74 104 110 60 148 6 76 18 160 84 54 122 
126 11 74 62 47 70 146 7 80 25 51 148 3 95 53 13 103 
127 142 95 111 72 149 39 66 107 106 119 118 54 49 55 68 40 2 131 138 
128 87 24 157 129 27 20 5 149 80 2 48 138 124 159 0 112 161 104 3 152 
129 71 89 7 109 107 128 29 9 80 92 8 99 96 1 144 77 140 38 
130 134 107 154 146 33 17 113 137 67 144 14 28 4 96 124 2 
131 55 117 151 112 157 54 98 26 82 38 107 127 64 
132 83 152 81 160 64 52 134 63 112 14 4 138 118 67 31 34 
133 137 51 75 138 117 123 86 16 85 142 52 124 81 72 29 113 69 
134 93 130 123 37 103 146 83 132 56 9 142 88 66 108 35 60 150 
135 160 140 161 81 155 152 153 59 117 
136 80 109 0 5 7 60 139 58 84 4 52 92 18 33 17 150 22 57 103 41 27 31 106 
137 133 155 54 81 161 41 19 47 90 40 71 3 102 123 89 130 158 59 28 7 57 157 
138 44 133 117 162 112 20 107 8 153 97 143 66 158 128 132 72 145 146 115 33 127 54 
139 81 107 17 155 136 111 34 71 50 121 102 2 
140 106 49 9 75 135 157 56 59 38 58 23 4 8 50 52 10 124 20 14 61 129 118 
141 32 158 123 72 161 7 60 46 0 152 157 113 31 151 11 74 54 47 24 
142 127 30 6 23 19 149 67 133 63 134 89 79 112 116 161 55 
143 50 38 32 5 70 86 108 150 117 138 90 148 0 12 152 91 27 36 30 1 19 
144 117 17 41 51 101 121 10 64 110 35 8 22 130 88 19 0 129 98 
145 106 12 109 150 61 118 71 153 20 76 37 32 88 138 154 157 77 94 
146 1 117 30 46 130 79 87 134 147 120 126 60 13 77 39 70 34 115 138 107 157 124 
147 3 7 78 101 66 77 26 124 31 146 96 38 110 29 63 49 
148 61 103 8 30 125 55 143 126 108 160 78 35 41 11 
149 28 23 105 127 75 90 142 47 128 153 29 70 68 54 85 19 55 
150 111 145 143 18 123 105 76 52 136 107 134 
151 114 159 83 39 84 26 40 100 7 66 131 72 25 49 87 155 141 112 94 68 45 93 63 158 
152 132 87 141 48 27 135 143 91 155 95 128 
153 99 101 82 138 145 67 149 116 44 80 0 19 90 71 135 
154 42 87 108 69 130 121 60 59 43 53 102 4 66 24 107 145 
155 56 137 49 35 112 139 13 118 83 92 135 18 151 117 152 76 17 66 
156 66 95 18 103 102 107 121 90 77 20 73 16 54 
157 128 140 117 95 103 141 24 32 16 48 131 162 51 81 161 146 145 137 
158 141 124 105 116 29 112 35 59 53 95 138 76 28 137 24 104 85 151 100 65 
159 38 2 151 23 39 32 119 80 160 60 56 11 79 128 92 93 111 45 65 27 19 
160 135 2 59 132 159 6 93 57 49 81 148 98 125 
161 88 118 141 81 137 99 45 135 94 39 44 70 56 6 16 109 32 79 27 54 157 142 67 128 51 
162 76 17 138 120 9 95 7 42 109 157 80 26 78 29 81 18 
