0 193 
0 165 
0 163 
0 169 
0 134 
0 225 
0 219 
0 124 
0 190 
0 203 
0 147 
0 179 
0 34 
0 188 
0 103 
0 110 
0 12 
0 222 
0 63 
0 17 
0 206 
0 47 
0 176 
0 175 
0 133 
0 128 
1 41 
1 111 
1 115 
1 99 
1 57 
1 213 
1 230 
1 194 
1 124 
1 17 
1 202 
1 195 
1 103 
1 21 
1 74 
1 212 
1 114 
1 206 
1 40 
1 91 
1 95 
1 140 
1 52 
1 90 
2 12 
2 210 
2 134 
2 215 
2 23 
2 76 
2 186 
2 168 
2 61 
2 180 
2 112 
2 29 
2 133 
2 92 
2 16 
2 216 
2 213 
2 223 
3 70 
3 31 
3 163 
3 74 
3 129 
3 43 
3 182 
3 214 
3 125 
3 154 
3 194 
3 104 
3 60 
3 224 
3 76 
3 172 
3 203 
3 18 
3 225 
3 186 
3 230 
3 17 
4 181 
4 66 
4 103 
4 170 
4 24 
4 190 
4 150 
4 77 
4 214 
4 121 
4 188 
4 32 
4 182 
4 108 
4 166 
4 156 
4 213 
4 198 
4 174 
4 194 
4 129 
4 159 
4 221 
4 76 
4 187 
4 199 
4 168 
4 164 
5 208 
5 156 
5 36 
5 120 
5 133 
5 44 
5 141 
5 13 
5 216 
5 18 
5 200 
5 116 
5 92 
5 81 
5 14 
5 180 
5 90 
5 145 
5 51 
6 38 
6 104 
6 31 
6 50 
6 158 
6 61 
6 230 
6 13 
6 59 
6 183 
6 100 
6 121 
6 125 
6 130 
6 221 
6 112 
6 40 
6 202 
6 70 
6 60 
6 224 
6 223 
6 205 
6 159 
6 23 
6 81 
7 16 
7 195 
7 150 
7 69 
7 202 
7 8 
7 173 
7 141 
7 77 
7 17 
7 192 
7 50 
7 26 
7 139 
7 222 
7 218 
7 95 
7 145 
7 228 
7 20 
7 129 
7 65 
7 159 
7 43 
7 19 
7 99 
7 154 
8 208 
8 190 
8 80 
8 99 
8 223 
8 138 
8 26 
8 55 
8 32 
8 33 
8 7 
8 111 
8 78 
8 133 
8 76 
8 229 
8 135 
8 213 
8 41 
8 158 
8 166 
8 189 
8 21 
8 201 
9 190 
9 117 
9 103 
9 121 
9 151 
9 113 
9 132 
9 183 
9 39 
9 114 
9 16 
9 227 
9 28 
9 104 
9 180 
9 221 
9 204 
9 128 
9 228 
9 142 
9 110 
9 177 
9 174 
9 208 
9 135 
9 98 
10 42 
10 113 
10 54 
10 130 
10 94 
10 58 
10 136 
10 26 
10 67 
10 225 
10 43 
10 91 
10 146 
10 198 
10 133 
10 154 
10 75 
10 193 
10 52 
10 186 
10 210 
10 171 
10 96 
10 202 
10 104 
11 26 
11 179 
11 79 
11 214 
11 171 
11 43 
11 53 
11 210 
11 84 
11 209 
11 185 
11 103 
11 16 
11 203 
11 126 
12 208 
12 2 
12 38 
12 201 
12 197 
12 203 
12 162 
12 189 
12 51 
12 228 
12 78 
12 26 
12 122 
12 0 
12 176 
12 97 
12 190 
12 150 
12 164 
12 153 
12 226 
12 16 
12 59 
12 207 
12 89 
12 61 
12 100 
13 208 
13 138 
13 60 
13 230 
13 6 
13 184 
13 220 
13 101 
13 5 
13 145 
13 193 
13 38 
13 203 
13 174 
13 164 
13 172 
13 51 
13 112 
13 84 
13 92 
13 54 
13 97 
13 159 
13 89 
13 150 
13 102 
13 78 
14 184 
14 61 
14 135 
14 50 
14 137 
14 22 
14 204 
14 160 
14 16 
14 215 
14 71 
14 152 
14 59 
14 5 
14 211 
15 126 
15 102 
15 210 
15 207 
15 86 
15 83 
15 200 
15 162 
15 107 
15 33 
15 163 
15 64 
15 152 
15 135 
15 92 
15 216 
15 229 
16 7 
16 181 
16 36 
16 38 
16 32 
16 14 
16 141 
16 161 
16 9 
16 201 
16 165 
16 203 
16 150 
16 166 
16 11 
16 2 
16 209 
16 12 
16 194 
16 154 
17 119 
17 132 
17 70 
17 211 
17 218 
17 117 
17 230 
17 67 
17 1 
17 107 
17 59 
17 156 
17 173 
17 53 
17 63 
17 0 
17 72 
17 7 
17 222 
17 148 
17 151 
17 170 
17 95 
17 171 
17 101 
17 190 
17 208 
17 3 
18 71 
18 66 
18 140 
18 165 
18 137 
18 153 
18 109 
18 134 
18 60 
18 171 
18 126 
18 97 
18 184 
18 148 
18 5 
18 154 
18 28 
18 208 
18 41 
18 47 
18 3 
18 52 
18 162 
18 39 
18 24 
18 79 
18 55 
19 157 
19 211 
19 175 
19 165 
19 138 
19 28 
19 90 
19 176 
19 123 
19 210 
19 230 
19 68 
19 81 
19 7 
19 171 
19 108 
19 109 
20 37 
20 132 
20 31 
20 92 
20 156 
20 173 
20 215 
20 117 
20 194 
20 101 
20 82 
20 175 
20 7 
20 76 
20 57 
20 23 
20 51 
20 59 
20 209 
21 213 
21 151 
21 229 
21 184 
21 72 
21 219 
21 79 
21 29 
21 116 
21 50 
21 220 
21 103 
21 105 
21 131 
21 139 
21 1 
21 130 
21 147 
21 109 
21 222 
21 217 
21 178 
21 163 
21 158 
21 8 
22 179 
22 14 
22 134 
22 168 
22 212 
22 115 
22 194 
22 155 
22 169 
22 223 
22 26 
22 211 
22 69 
22 57 
22 32 
22 186 
22 108 
22 204 
22 59 
22 55 
22 95 
22 94 
22 73 
22 89 
22 33 
23 193 
23 174 
23 2 
23 103 
23 229 
23 167 
23 165 
23 190 
23 191 
23 39 
23 196 
23 192 
23 82 
23 125 
23 145 
23 228 
23 47 
23 20 
23 178 
23 6 
23 166 
24 171 
24 4 
24 87 
24 200 
24 91 
24 39 
24 199 
24 201 
24 31 
24 175 
24 128 
24 168 
24 178 
24 88 
24 140 
24 149 
24 144 
24 18 
25 186 
25 196 
25 114 
25 39 
25 94 
25 43 
25 78 
25 113 
25 217 
25 222 
25 123 
25 172 
25 93 
25 41 
25 44 
25 213 
25 52 
25 122 
25 189 
25 204 
25 71 
26 11 
26 139 
26 165 
26 116 
26 216 
26 143 
26 147 
26 95 
26 8 
26 10 
26 12 
26 22 
26 74 
26 112 
26 180 
26 7 
26 49 
26 153 
26 92 
26 141 
26 226 
26 227 
26 199 
26 57 
27 39 
27 174 
27 158 
27 71 
27 147 
27 109 
27 179 
27 57 
27 229 
27 218 
27 226 
27 207 
27 203 
27 72 
27 166 
27 68 
27 31 
28 173 
28 186 
28 86 
28 205 
28 109 
28 92 
28 117 
28 203 
28 9 
28 103 
28 19 
28 154 
28 18 
28 46 
28 30 
28 193 
28 151 
29 133 
29 150 
29 154 
29 146 
29 21 
29 78 
29 190 
29 51 
29 35 
29 213 
29 209 
29 63 
29 2 
29 76 
29 165 
29 220 
29 42 
29 30 
29 111 
29 181 
29 80 
29 187 
29 223 
30 99 
30 93 
30 48 
30 43 
30 72 
30 97 
30 160 
30 125 
30 29 
30 57 
30 28 
30 118 
30 76 
30 172 
30 104 
30 36 
30 204 
30 71 
31 52 
31 6 
31 3 
31 20 
31 60 
31 49 
31 141 
31 223 
31 51 
31 24 
31 199 
31 58 
31 132 
31 168 
31 50 
31 79 
31 82 
31 229 
31 187 
31 117 
31 179 
31 27 
32 78 
32 56 
32 16 
32 67 
32 199 
32 148 
32 147 
32 92 
32 4 
32 216 
32 155 
32 94 
32 8 
32 135 
32 141 
32 212 
32 22 
32 55 
32 36 
32 151 
32 49 
32 62 
32 81 
33 191 
33 228 
33 227 
33 66 
33 167 
33 62 
33 229 
33 164 
33 100 
33 120 
33 113 
33 119 
33 85 
33 221 
33 8 
33 15 
33 182 
33 214 
33 22 
33 93 
34 48 
34 86 
34 103 
34 110 
34 192 
34 78 
34 0 
34 209 
34 65 
34 100 
34 47 
34 159 
34 95 
34 196 
34 112 
34 35 
34 60 
34 53 
34 178 
34 214 
35 195 
35 50 
35 37 
35 161 
35 121 
35 131 
35 29 
35 89 
35 83 
35 94 
35 52 
35 109 
35 219 
35 87 
35 188 
35 76 
35 34 
35 159 
35 138 
35 61 
35 167 
35 104 
35 92 
35 229 
35 110 
36 123 
36 16 
36 5 
36 149 
36 227 
36 79 
36 225 
36 132 
36 66 
36 74 
36 58 
36 32 
36 97 
36 71 
36 37 
36 141 
36 30 
36 140 
36 158 
36 222 
37 70 
37 38 
37 186 
37 143 
37 126 
37 20 
37 173 
37 35 
37 197 
37 133 
37 149 
37 225 
37 213 
37 43 
37 144 
37 148 
37 200 
37 112 
37 193 
37 36 
37 217 
37 118 
38 37 
38 6 
38 127 
38 12 
38 16 
38 143 
38 149 
38 205 
38 142 
38 188 
38 230 
38 101 
38 13 
38 104 
38 154 
38 139 
38 66 
38 177 
38 199 
38 164 
39 27 
39 64 
39 140 
39 77 
39 54 
39 154 
39 25 
39 73 
39 200 
39 152 
39 115 
39 24 
39 9 
39 86 
39 210 
39 23 
39 111 
39 164 
39 60 
39 18 
39 212 
39 216 
39 163 
40 138 
40 108 
40 54 
40 170 
40 197 
40 161 
40 104 
40 157 
40 129 
40 227 
40 204 
40 228 
40 189 
40 53 
40 117 
40 6 
40 184 
40 1 
40 178 
40 162 
40 78 
41 53 
41 1 
41 149 
41 158 
41 56 
41 64 
41 194 
41 90 
41 183 
41 65 
41 132 
41 227 
41 214 
41 120 
41 25 
41 156 
41 18 
41 92 
41 106 
41 44 
41 8 
42 71 
42 101 
42 159 
42 157 
42 174 
42 202 
42 10 
42 67 
42 230 
42 125 
42 50 
42 177 
42 54 
42 128 
42 208 
42 160 
42 65 
42 172 
42 29 
42 163 
42 107 
42 226 
42 192 
42 103 
42 79 
43 73 
43 3 
43 30 
43 11 
43 104 
43 25 
43 158 
43 37 
43 226 
43 114 
43 230 
43 108 
43 10 
43 167 
43 117 
43 229 
43 174 
43 190 
43 47 
43 84 
43 7 
43 75 
44 155 
44 5 
44 226 
44 72 
44 207 
44 25 
44 103 
44 191 
44 178 
44 217 
44 145 
44 41 
44 116 
44 190 
45 220 
45 54 
45 211 
45 75 
45 89 
45 72 
45 82 
45 142 
45 205 
45 55 
45 201 
45 181 
45 115 
45 105 
45 167 
45 174 
45 192 
45 159 
46 214 
46 140 
46 114 
46 179 
46 172 
46 192 
46 123 
46 176 
46 118 
46 87 
46 220 
46 88 
46 213 
46 230 
46 56 
46 203 
46 52 
46 28 
46 173 
46 134 
46 144 
46 93 
46 208 
46 59 
47 92 
47 70 
47 126 
47 103 
47 193 
47 216 
47 104 
47 84 
47 188 
47 63 
47 34 
47 196 
47 18 
47 223 
47 171 
47 59 
47 0 
47 102 
47 43 
47 57 
47 23 
47 144 
48 118 
48 198 
48 134 
48 34 
48 214 
48 30 
48 146 
48 215 
48 145 
48 49 
48 69 
48 177 
48 113 
48 219 
48 66 
48 182 
49 84 
49 207 
49 215 
49 212 
49 31 
49 155 
49 189 
49 127 
49 188 
49 73 
49 56 
49 81 
49 190 
49 74 
49 48 
49 172 
49 26 
49 147 
49 32 
49 128 
49 225 
49 91 
50 199 
50 122 
50 35 
50 6 
50 14 
50 72 
50 114 
50 134 
50 51 
50 86 
50 82 
50 42 
50 136 
50 21 
50 54 
50 135 
50 163 
50 105 
50 108 
50 178 
50 109 
50 198 
50 158 
50 7 
50 202 
50 174 
50 203 
50 31 
50 185 
50 229 
50 111 
50 79 
50 179 
50 77 
50 121 
51 124 
51 50 
51 177 
51 200 
51 53 
51 12 
51 94 
51 29 
51 193 
51 89 
51 190 
51 31 
51 165 
51 119 
51 90 
51 136 
51 214 
51 207 
51 13 
51 173 
51 79 
51 171 
51 120 
51 102 
51 81 
51 20 
51 5 
52 204 
52 31 
52 194 
52 121 
52 178 
52 163 
52 214 
52 53 
52 35 
52 173 
52 227 
52 46 
52 25 
52 18 
52 10 
52 141 
52 59 
52 1 
53 77 
53 41 
53 199 
53 198 
53 160 
53 129 
53 120 
53 92 
53 51 
53 11 
53 52 
53 165 
53 206 
53 17 
53 117 
53 147 
53 40 
53 65 
53 178 
53 34 
53 112 
53 138 
53 218 
53 94 
54 104 
54 45 
54 39 
54 121 
54 40 
54 10 
54 42 
54 50 
54 78 
54 113 
54 206 
54 175 
54 155 
54 142 
54 66 
54 207 
54 90 
54 196 
54 133 
54 13 
54 164 
54 76 
54 172 
54 148 
54 201 
54 225 
54 59 
55 218 
55 211 
55 65 
55 164 
55 91 
55 45 
55 8 
55 210 
55 32 
55 89 
55 102 
55 92 
55 22 
55 70 
55 220 
55 18 
56 121 
56 32 
56 126 
56 41 
56 149 
56 174 
56 123 
56 172 
56 49 
56 211 
56 46 
56 90 
56 118 
56 229 
56 113 
56 201 
56 146 
56 73 
56 188 
56 77 
56 133 
56 89 
56 116 
56 158 
56 76 
56 130 
57 63 
57 213 
57 109 
57 201 
57 143 
57 114 
57 1 
57 27 
57 113 
57 179 
57 176 
57 22 
57 169 
57 117 
57 139 
57 156 
57 186 
57 107 
57 30 
57 47 
57 20 
57 132 
57 26 
58 173 
58 140 
58 190 
58 196 
58 10 
58 156 
58 214 
58 225 
58 36 
58 31 
58 76 
58 98 
58 102 
58 136 
58 218 
58 103 
59 62 
59 197 
59 6 
59 211 
59 67 
59 187 
59 86 
59 17 
59 199 
59 210 
59 47 
59 14 
59 22 
59 89 
59 207 
59 138 
59 152 
59 52 
59 12 
59 65 
59 46 
59 20 
59 54 
60 93 
60 74 
60 99 
60 214 
60 89 
60 13 
60 31 
60 181 
60 119 
60 66 
60 18 
60 169 
60 173 
60 188 
60 197 
60 117 
60 209 
60 3 
60 78 
60 208 
60 144 
60 92 
60 39 
60 128 
60 98 
60 34 
60 140 
60 104 
60 151 
60 6 
60 130 
60 210 
60 153 
61 14 
61 97 
61 136 
61 199 
61 6 
61 81 
61 205 
61 186 
61 2 
61 188 
61 190 
61 111 
61 219 
61 64 
61 228 
61 35 
61 159 
61 115 
61 12 
62 164 
62 94 
62 59 
62 151 
62 33 
62 230 
62 122 
62 117 
62 172 
62 92 
62 149 
62 171 
62 72 
62 159 
62 139 
62 191 
62 207 
62 147 
62 90 
62 111 
62 201 
62 209 
62 32 
62 166 
62 75 
62 212 
62 110 
63 57 
63 85 
63 106 
63 118 
63 66 
63 110 
63 47 
63 116 
63 29 
63 144 
63 225 
63 97 
63 184 
63 17 
63 0 
63 224 
63 130 
63 170 
63 187 
63 219 
63 103 
63 172 
64 39 
64 41 
64 122 
64 81 
64 207 
64 146 
64 138 
64 15 
64 61 
64 223 
65 151 
65 135 
65 55 
65 149 
65 195 
65 119 
65 139 
65 131 
65 216 
65 74 
65 34 
65 41 
65 108 
65 105 
65 142 
65 214 
65 42 
65 82 
65 167 
65 53 
65 97 
65 7 
65 59 
66 4 
66 18 
66 209 
66 33 
66 134 
66 214 
66 230 
66 63 
66 222 
66 60 
66 73 
66 36 
66 54 
66 147 
66 89 
66 152 
66 48 
66 142 
66 38 
66 203 
66 123 
67 101 
67 110 
67 42 
67 219 
67 143 
67 130 
67 32 
67 17 
67 59 
67 156 
67 123 
67 183 
67 10 
67 217 
67 209 
67 113 
67 220 
67 89 
68 200 
68 211 
68 222 
68 111 
68 78 
68 113 
68 134 
68 100 
68 183 
68 217 
68 135 
68 89 
68 93 
68 174 
68 145 
68 158 
68 27 
68 19 
68 123 
68 165 
69 124 
69 127 
69 184 
69 155 
69 171 
69 211 
69 102 
69 7 
69 123 
69 78 
69 180 
69 22 
69 77 
69 48 
69 101 
69 85 
69 174 
69 188 
69 79 
69 107 
69 74 
69 96 
70 37 
70 3 
70 47 
70 91 
70 17 
70 80 
70 196 
70 158 
70 203 
70 204 
70 228 
70 230 
70 141 
70 198 
70 227 
70 92 
70 6 
70 55 
70 118 
71 18 
71 227 
71 117 
71 140 
71 42 
71 144 
71 27 
71 214 
71 169 
71 150 
71 219 
71 123 
71 97 
71 152 
71 126 
71 120 
71 14 
71 78 
71 36 
71 205 
71 96 
71 164 
71 146 
71 112 
71 183 
71 30 
71 25 
72 208 
72 21 
72 50 
72 45 
72 109 
72 105 
72 30 
72 44 
72 195 
72 101 
72 62 
72 194 
72 17 
72 214 
72 189 
72 27 
72 146 
72 91 
72 93 
72 230 
72 122 
72 183 
73 176 
73 93 
73 39 
73 43 
73 195 
73 114 
73 131 
73 143 
73 81 
73 228 
73 49 
73 66 
73 192 
73 177 
73 217 
73 97 
73 201 
73 165 
73 56 
73 101 
73 226 
73 172 
73 170 
73 22 
74 60 
74 112 
74 185 
74 128 
74 167 
74 3 
74 86 
74 154 
74 172 
74 105 
74 65 
74 190 
74 49 
74 36 
74 210 
74 166 
74 26 
74 1 
74 205 
74 173 
74 197 
74 82 
74 201 
74 158 
74 69 
74 113 
74 145 
75 156 
75 119 
75 45 
75 82 
75 170 
75 147 
75 109 
75 96 
75 154 
75 152 
75 92 
75 113 
75 186 
75 229 
75 129 
75 10 
75 158 
75 157 
75 173 
75 62 
75 125 
75 140 
75 162 
75 115 
75 43 
75 228 
76 216 
76 218 
76 89 
76 2 
76 225 
76 85 
76 92 
76 196 
76 29 
76 3 
76 195 
76 35 
76 116 
76 58 
76 8 
76 4 
76 81 
76 54 
76 20 
76 30 
76 56 
76 210 
76 219 
76 183 
77 53 
77 39 
77 206 
77 181 
77 189 
77 4 
77 161 
77 85 
77 198 
77 210 
77 143 
77 171 
77 91 
77 69 
77 7 
77 177 
77 186 
77 134 
77 205 
77 56 
77 200 
77 50 
78 228 
78 32 
78 68 
78 29 
78 25 
78 34 
78 103 
78 69 
78 155 
78 54 
78 196 
78 12 
78 109 
78 201 
78 71 
78 60 
78 211 
78 153 
78 8 
78 143 
78 79 
78 217 
78 106 
78 102 
78 13 
78 40 
78 182 
79 146 
79 11 
79 106 
79 121 
79 21 
79 165 
79 143 
79 36 
79 176 
79 205 
79 144 
79 78 
79 69 
79 51 
79 31 
79 102 
79 50 
79 18 
79 42 
79 161 
80 145 
80 176 
80 158 
80 8 
80 212 
80 70 
80 88 
80 140 
80 93 
80 164 
80 136 
80 201 
80 84 
80 29 
80 217 
80 121 
81 170 
81 61 
81 152 
81 156 
81 73 
81 64 
81 49 
81 103 
81 84 
81 178 
81 154 
81 189 
81 97 
81 207 
81 116 
81 118 
81 76 
81 173 
81 5 
81 128 
81 117 
81 194 
81 19 
81 174 
81 32 
81 51 
81 222 
81 6 
82 226 
82 163 
82 75 
82 141 
82 45 
82 50 
82 98 
82 212 
82 167 
82 164 
82 145 
82 134 
82 223 
82 23 
82 220 
82 65 
82 74 
82 227 
82 20 
82 202 
82 31 
82 84 
82 185 
83 202 
83 98 
83 223 
83 167 
83 88 
83 101 
83 159 
83 138 
83 15 
83 191 
83 35 
83 111 
83 90 
83 110 
83 151 
83 216 
83 87 
83 96 
83 168 
83 187 
84 49 
84 223 
84 194 
84 47 
84 81 
84 201 
84 214 
84 11 
84 155 
84 107 
84 13 
84 80 
84 143 
84 124 
84 43 
84 82 
85 216 
85 196 
85 92 
85 63 
85 151 
85 76 
85 77 
85 33 
85 189 
85 194 
85 69 
85 120 
85 221 
85 137 
85 112 
85 223 
85 224 
86 28 
86 197 
86 34 
86 74 
86 50 
86 117 
86 90 
86 121 
86 15 
86 180 
86 222 
86 39 
86 95 
86 59 
86 108 
86 148 
86 164 
86 123 
86 194 
86 101 
87 227 
87 168 
87 177 
87 209 
87 173 
87 135 
87 24 
87 188 
87 93 
87 46 
87 113 
87 130 
87 109 
87 123 
87 116 
87 35 
87 163 
87 190 
87 191 
87 205 
87 83 
87 187 
87 222 
88 104 
88 228 
88 124 
88 182 
88 91 
88 118 
88 208 
88 80 
88 83 
88 46 
88 186 
88 192 
88 120 
88 122 
88 99 
88 207 
88 97 
88 145 
88 24 
88 136 
88 105 
89 134 
89 108 
89 92 
89 45 
89 76 
89 60 
89 187 
89 159 
89 150 
89 143 
89 51 
89 200 
89 35 
89 93 
89 68 
89 133 
89 55 
89 199 
89 149 
89 66 
89 171 
89 207 
89 59 
89 218 
89 56 
89 130 
89 191 
89 13 
89 12 
89 67 
89 22 
89 223 
90 129 
90 143 
90 159 
90 124 
90 110 
90 171 
90 219 
90 122 
90 173 
90 199 
90 230 
90 41 
90 86 
90 182 
90 210 
90 99 
90 51 
90 83 
90 155 
90 170 
90 153 
90 56 
90 179 
90 19 
90 54 
90 62 
90 98 
90 92 
90 109 
90 140 
90 5 
90 181 
90 111 
90 1 
91 100 
91 147 
91 70 
91 196 
91 24 
91 88 
91 138 
91 55 
91 152 
91 204 
91 110 
91 10 
91 77 
91 213 
91 109 
91 174 
91 107 
91 72 
91 1 
91 49 
91 123 
92 47 
92 85 
92 120 
92 89 
92 154 
92 187 
92 230 
92 182 
92 20 
92 166 
92 53 
92 62 
92 141 
92 28 
92 32 
92 76 
92 75 
92 138 
92 159 
92 94 
92 60 
92 203 
92 2 
92 142 
92 93 
92 13 
92 55 
92 70 
92 26 
92 41 
92 90 
92 5 
92 15 
92 35 
92 129 
93 60 
93 73 
93 30 
93 94 
93 115 
93 87 
93 166 
93 220 
93 80 
93 208 
93 107 
93 146 
93 89 
93 25 
93 211 
93 68 
93 92 
93 205 
93 161 
93 191 
93 114 
93 46 
93 72 
93 33 
94 188 
94 62 
94 93 
94 184 
94 25 
94 51 
94 10 
94 150 
94 220 
94 159 
94 216 
94 157 
94 161 
94 176 
94 32 
94 35 
94 215 
94 92 
94 217 
94 177 
94 162 
94 22 
94 178 
94 53 
94 114 
95 211 
95 182 
95 26 
95 164 
95 124 
95 171 
95 186 
95 86 
95 34 
95 168 
95 208 
95 184 
95 214 
95 22 
95 17 
95 7 
95 122 
95 1 
95 163 
96 157 
96 75 
96 202 
96 162 
96 196 
96 71 
96 227 
96 119 
96 153 
96 163 
96 10 
96 158 
96 83 
96 69 
96 138 
97 116 
97 128 
97 61 
97 102 
97 106 
97 165 
97 110 
97 30 
97 211 
97 217 
97 71 
97 171 
97 18 
97 63 
97 88 
97 81 
97 73 
97 36 
97 197 
97 114 
97 125 
97 12 
97 170 
97 13 
97 119 
97 65 
97 98 
97 226 
98 161 
98 83 
98 226 
98 208 
98 134 
98 82 
98 181 
98 217 
98 204 
98 112 
98 215 
98 154 
98 166 
98 199 
98 60 
98 90 
98 58 
98 195 
98 225 
98 97 
98 9 
98 193 
98 173 
98 159 
99 30 
99 120 
99 135 
99 166 
99 134 
99 133 
99 60 
99 185 
99 1 
99 8 
99 106 
99 88 
99 90 
99 160 
99 138 
99 182 
99 197 
99 127 
99 210 
99 214 
99 7 
100 222 
100 91 
100 198 
100 173 
100 192 
100 170 
100 33 
100 136 
100 163 
100 153 
100 6 
100 68 
100 34 
100 118 
100 227 
100 184 
100 121 
100 176 
100 225 
100 182 
100 216 
100 169 
100 12 
100 107 
101 136 
101 187 
101 42 
101 67 
101 171 
101 114 
101 173 
101 218 
101 153 
101 83 
101 121 
101 13 
101 38 
101 103 
101 203 
101 72 
101 177 
101 20 
101 69 
101 147 
101 73 
101 17 
101 86 
102 97 
102 15 
102 129 
102 116 
102 69 
102 108 
102 115 
102 186 
102 191 
102 140 
102 55 
102 127 
102 47 
102 79 
102 120 
102 78 
102 58 
102 51 
102 151 
102 13 
102 143 
102 183 
103 210 
103 170 
103 106 
103 4 
103 47 
103 124 
103 154 
103 205 
103 34 
103 9 
103 23 
103 128 
103 206 
103 101 
103 78 
103 109 
103 81 
103 21 
103 0 
103 1 
103 132 
103 143 
103 28 
103 187 
103 194 
103 11 
103 44 
103 165 
103 136 
103 151 
103 159 
103 176 
103 217 
103 42 
103 63 
103 58 
104 54 
104 6 
104 88 
104 154 
104 108 
104 195 
104 40 
104 43 
104 172 
104 47 
104 156 
104 197 
104 177 
104 185 
104 3 
104 209 
104 143 
104 9 
104 38 
104 106 
104 60 
104 110 
104 35 
104 10 
104 30 
105 145 
105 197 
105 135 
105 183 
105 161 
105 130 
105 72 
105 154 
105 74 
105 180 
105 119 
105 50 
105 21 
105 65 
105 176 
105 202 
105 45 
105 195 
105 133 
105 88 
105 193 
106 207 
106 103 
106 97 
106 79 
106 63 
106 161 
106 99 
106 144 
106 230 
106 187 
106 213 
106 104 
106 121 
106 178 
106 146 
106 177 
106 78 
106 41 
106 192 
106 157 
107 169 
107 15 
107 93 
107 191 
107 17 
107 203 
107 215 
107 199 
107 151 
107 137 
107 84 
107 42 
107 122 
107 57 
107 69 
107 112 
107 163 
107 91 
107 148 
107 167 
107 139 
107 100 
108 134 
108 89 
108 104 
108 130 
108 40 
108 137 
108 197 
108 133 
108 102 
108 146 
108 158 
108 4 
108 65 
108 43 
108 50 
108 140 
108 86 
108 229 
108 22 
108 138 
108 19 
109 171 
109 145 
109 57 
109 117 
109 115 
109 27 
109 72 
109 18 
109 75 
109 28 
109 210 
109 103 
109 110 
109 161 
109 184 
109 78 
109 35 
109 87 
109 151 
109 50 
109 187 
109 91 
109 21 
109 90 
109 155 
109 202 
109 19 
110 206 
110 90 
110 173 
110 67 
110 121 
110 144 
110 97 
110 34 
110 63 
110 207 
110 208 
110 168 
110 174 
110 109 
110 126 
110 0 
110 129 
110 219 
110 91 
110 83 
110 132 
110 123 
110 9 
110 104 
110 62 
110 35 
111 169 
111 1 
111 68 
111 147 
111 152 
111 219 
111 127 
111 187 
111 83 
111 61 
111 39 
111 192 
111 225 
111 164 
111 8 
111 227 
111 226 
111 29 
111 50 
111 62 
111 213 
111 220 
111 90 
112 192 
112 74 
112 139 
112 152 
112 179 
112 98 
112 217 
112 171 
112 2 
112 189 
112 37 
112 26 
112 207 
112 13 
112 34 
112 6 
112 85 
112 53 
112 107 
112 71 
112 147 
112 190 
113 176 
113 193 
113 127 
113 10 
113 155 
113 144 
113 130 
113 9 
113 68 
113 57 
113 87 
113 146 
113 33 
113 25 
113 54 
113 75 
113 56 
113 197 
113 48 
113 211 
113 212 
113 67 
113 158 
113 74 
113 166 
114 25 
114 46 
114 101 
114 50 
114 73 
114 57 
114 159 
114 194 
114 139 
114 9 
114 43 
114 174 
114 161 
114 97 
114 1 
114 150 
114 165 
114 212 
114 93 
114 160 
114 175 
114 119 
114 130 
114 94 
115 171 
115 1 
115 221 
115 109 
115 185 
115 39 
115 193 
115 93 
115 22 
115 102 
115 188 
115 175 
115 211 
115 45 
115 138 
115 195 
115 170 
115 210 
115 75 
115 216 
115 61 
116 97 
116 229 
116 129 
116 26 
116 225 
116 102 
116 153 
116 208 
116 145 
116 21 
116 227 
116 147 
116 206 
116 136 
116 63 
116 196 
116 87 
116 5 
116 76 
116 81 
116 205 
116 212 
116 56 
116 219 
116 44 
117 71 
117 109 
117 9 
117 86 
117 62 
117 17 
117 28 
117 202 
117 159 
117 20 
117 60 
117 156 
117 121 
117 187 
117 53 
117 57 
117 179 
117 43 
117 40 
117 143 
117 176 
117 81 
117 146 
117 31 
118 48 
118 135 
118 179 
118 63 
118 46 
118 88 
118 130 
118 100 
118 121 
118 56 
118 177 
118 81 
118 37 
118 30 
118 70 
118 176 
118 198 
118 204 
119 17 
119 75 
119 123 
119 171 
119 182 
119 60 
119 65 
119 138 
119 173 
119 33 
119 105 
119 51 
119 181 
119 195 
119 229 
119 209 
119 96 
119 97 
119 174 
119 114 
119 125 
120 131 
120 210 
120 92 
120 99 
120 201 
120 179 
120 5 
120 53 
120 136 
120 124 
120 33 
120 152 
120 88 
120 167 
120 71 
120 41 
120 137 
120 85 
120 198 
120 102 
120 192 
120 189 
120 51 
121 56 
121 54 
121 170 
121 52 
121 166 
121 110 
121 79 
121 35 
121 9 
121 227 
121 101 
121 86 
121 4 
121 129 
121 6 
121 187 
121 117 
121 118 
121 148 
121 200 
121 106 
121 130 
121 224 
121 100 
121 167 
121 194 
121 80 
121 195 
121 205 
121 50 
122 50 
122 90 
122 62 
122 64 
122 164 
122 88 
122 227 
122 203 
122 136 
122 12 
122 170 
122 149 
122 176 
122 107 
122 143 
122 25 
122 95 
122 72 
123 36 
123 119 
123 190 
123 46 
123 56 
123 71 
123 69 
123 25 
123 67 
123 87 
123 131 
123 183 
123 226 
123 110 
123 125 
123 86 
123 19 
123 144 
123 66 
123 91 
123 68 
123 157 
124 69 
124 51 
124 224 
124 214 
124 200 
124 90 
124 88 
124 103 
124 0 
124 138 
124 161 
124 120 
124 131 
124 1 
124 194 
124 95 
124 148 
124 191 
124 213 
124 182 
124 84 
125 137 
125 185 
125 42 
125 3 
125 172 
125 219 
125 180 
125 223 
125 6 
125 166 
125 30 
125 196 
125 97 
125 224 
125 210 
125 123 
125 23 
125 128 
125 177 
125 75 
125 193 
125 119 
126 37 
126 47 
126 56 
126 15 
126 198 
126 184 
126 18 
126 71 
126 153 
126 110 
126 226 
126 154 
126 181 
126 189 
126 11 
126 149 
127 227 
127 69 
127 38 
127 188 
127 191 
127 113 
127 49 
127 199 
127 186 
127 160 
127 111 
127 128 
127 135 
127 169 
127 102 
127 99 
127 225 
127 173 
128 172 
128 97 
128 184 
128 74 
128 134 
128 207 
128 148 
128 103 
128 170 
128 176 
128 147 
128 219 
128 127 
128 42 
128 24 
128 158 
128 178 
128 60 
128 210 
128 9 
128 125 
128 49 
128 81 
128 0 
129 90 
129 154 
129 176 
129 116 
129 53 
129 102 
129 218 
129 188 
129 222 
129 3 
129 202 
129 211 
129 191 
129 40 
129 121 
129 110 
129 4 
129 75 
129 210 
129 192 
129 225 
129 7 
129 92 
129 217 
130 187 
130 108 
130 67 
130 215 
130 210 
130 113 
130 105 
130 180 
130 10 
130 217 
130 214 
130 118 
130 87 
130 200 
130 195 
130 149 
130 6 
130 21 
130 63 
130 121 
130 144 
130 213 
130 60 
130 89 
130 136 
130 114 
130 56 
131 169 
131 120 
131 73 
131 164 
131 191 
131 124 
131 35 
131 65 
131 154 
131 161 
131 152 
131 21 
131 206 
131 123 
131 166 
131 148 
132 17 
132 20 
132 160 
132 204 
132 9 
132 185 
132 168 
132 209 
132 36 
132 41 
132 145 
132 161 
132 103 
132 177 
132 141 
132 31 
132 110 
132 208 
132 175 
132 181 
132 57 
132 219 
133 188 
133 29 
133 99 
133 37 
133 5 
133 192 
133 226 
133 108 
133 212 
133 140 
133 89 
133 2 
133 145 
133 8 
133 10 
133 54 
133 208 
133 56 
133 105 
133 0 
133 186 
134 108 
134 89 
134 128 
134 2 
134 99 
134 145 
134 48 
134 22 
134 0 
134 50 
134 66 
134 197 
134 148 
134 188 
134 98 
134 18 
134 68 
134 82 
134 152 
134 77 
134 136 
134 46 
135 118 
135 65 
135 168 
135 14 
135 99 
135 175 
135 139 
135 213 
135 87 
135 105 
135 157 
135 146 
135 68 
135 50 
135 32 
135 189 
135 127 
135 166 
135 137 
135 15 
135 8 
135 9 
135 202 
135 143 
136 101 
136 191 
136 61 
136 221 
136 100 
136 120 
136 139 
136 208 
136 50 
136 146 
136 171 
136 157 
136 10 
136 116 
136 122 
136 80 
136 138 
136 51 
136 209 
136 181 
136 88 
136 103 
136 134 
136 204 
136 200 
136 202 
136 58 
136 130 
137 180 
137 14 
137 18 
137 125 
137 108 
137 203 
137 199 
137 107 
137 120 
137 135 
137 85 
137 176 
138 221 
138 13 
138 177 
138 40 
138 124 
138 169 
138 83 
138 119 
138 91 
138 8 
138 92 
138 136 
138 19 
138 99 
138 159 
138 175 
138 197 
138 64 
138 115 
138 108 
138 59 
138 35 
138 53 
138 189 
138 96 
139 26 
139 135 
139 112 
139 144 
139 136 
139 114 
139 65 
139 169 
139 21 
139 62 
139 197 
139 180 
139 57 
139 7 
139 183 
139 209 
139 38 
139 107 
139 145 
140 39 
140 71 
140 46 
140 18 
140 167 
140 58 
140 201 
140 210 
140 80 
140 212 
140 163 
140 108 
140 133 
140 102 
140 155 
140 24 
140 224 
140 158 
140 60 
140 90 
140 181 
140 168 
140 1 
140 36 
140 75 
140 157 
141 82 
141 183 
141 92 
141 16 
141 5 
141 31 
141 32 
141 212 
141 70 
141 7 
141 220 
141 132 
141 191 
141 179 
141 36 
141 52 
141 26 
141 204 
141 155 
142 222 
142 214 
142 190 
142 45 
142 38 
142 225 
142 65 
142 156 
142 54 
142 92 
142 178 
142 197 
142 9 
142 66 
143 90 
143 195 
143 37 
143 211 
143 172 
143 57 
143 226 
143 67 
143 38 
143 73 
143 26 
143 197 
143 188 
143 89 
143 79 
143 218 
143 104 
143 199 
143 103 
143 77 
143 189 
143 162 
143 78 
143 117 
143 122 
143 84 
143 196 
143 102 
143 135 
144 71 
144 206 
144 230 
144 110 
144 139 
144 113 
144 145 
144 37 
144 63 
144 106 
144 60 
144 166 
144 79 
144 130 
144 163 
144 24 
144 46 
144 169 
144 123 
144 47 
144 208 
145 207 
145 80 
145 217 
145 155 
145 105 
145 109 
145 134 
145 199 
145 116 
145 230 
145 144 
145 48 
145 13 
145 132 
145 216 
145 82 
145 164 
145 88 
145 133 
145 203 
145 68 
145 182 
145 44 
145 7 
145 23 
145 74 
145 167 
145 192 
145 5 
145 139 
146 79 
146 190 
146 191 
146 48 
146 29 
146 136 
146 220 
146 113 
146 219 
146 108 
146 135 
146 226 
146 93 
146 10 
146 166 
146 64 
146 106 
146 56 
146 71 
146 72 
146 117 
146 208 
147 170 
147 154 
147 91 
147 111 
147 27 
147 0 
147 75 
147 26 
147 32 
147 116 
147 128 
147 202 
147 177 
147 185 
147 169 
147 66 
147 212 
147 101 
147 53 
147 21 
147 62 
147 189 
147 49 
147 197 
147 190 
147 210 
147 159 
147 112 
148 214 
148 134 
148 128 
148 167 
148 32 
148 217 
148 215 
148 228 
148 37 
148 124 
148 18 
148 86 
148 121 
148 131 
148 17 
148 225 
148 203 
148 54 
148 219 
148 107 
149 41 
149 65 
149 196 
149 56 
149 37 
149 223 
149 168 
149 38 
149 36 
149 187 
149 62 
149 152 
149 155 
149 130 
149 211 
149 122 
149 24 
149 89 
149 197 
149 225 
149 190 
149 126 
150 29 
150 220 
150 196 
150 4 
150 7 
150 71 
150 89 
150 94 
150 179 
150 160 
150 175 
150 16 
150 114 
150 12 
150 223 
150 13 
151 65 
151 174 
151 21 
151 215 
151 85 
151 62 
151 181 
151 223 
151 9 
151 203 
151 230 
151 109 
151 107 
151 226 
151 17 
151 103 
151 83 
151 60 
151 204 
151 32 
151 198 
151 185 
151 102 
151 28 
151 222 
152 185 
152 161 
152 39 
152 111 
152 112 
152 81 
152 179 
152 208 
152 120 
152 149 
152 71 
152 75 
152 91 
152 131 
152 14 
152 134 
152 154 
152 155 
152 66 
152 15 
152 217 
152 59 
152 219 
153 18 
153 223 
153 101 
153 194 
153 116 
153 100 
153 214 
153 201 
153 126 
153 189 
153 160 
153 90 
153 227 
153 78 
153 26 
153 96 
153 12 
153 181 
153 60 
154 147 
154 129 
154 39 
154 104 
154 92 
154 103 
154 29 
154 220 
154 74 
154 105 
154 3 
154 131 
154 75 
154 175 
154 81 
154 98 
154 197 
154 203 
154 28 
154 18 
154 38 
154 10 
154 152 
154 126 
154 16 
154 7 
154 182 
155 178 
155 145 
155 113 
155 172 
155 69 
155 179 
155 49 
155 44 
155 22 
155 78 
155 166 
155 149 
155 32 
155 225 
155 205 
155 90 
155 54 
155 140 
155 223 
155 188 
155 84 
155 152 
155 183 
155 109 
155 141 
156 75 
156 5 
156 181 
156 198 
156 81 
156 20 
156 168 
156 58 
156 104 
156 67 
156 173 
156 4 
156 177 
156 17 
156 178 
156 117 
156 142 
156 214 
156 41 
156 174 
156 57 
156 220 
156 225 
156 216 
157 227 
157 216 
157 42 
157 96 
157 19 
157 164 
157 40 
157 135 
157 136 
157 94 
157 174 
157 75 
157 140 
157 123 
157 106 
158 27 
158 80 
158 41 
158 6 
158 185 
158 202 
158 174 
158 70 
158 43 
158 204 
158 108 
158 128 
158 50 
158 140 
158 68 
158 75 
158 74 
158 113 
158 96 
158 8 
158 56 
158 175 
158 36 
158 21 
159 172 
159 90 
159 212 
159 42 
159 224 
159 186 
159 114 
159 89 
159 83 
159 229 
159 117 
159 94 
159 208 
159 34 
159 62 
159 92 
159 138 
159 170 
159 4 
159 103 
159 35 
159 13 
159 45 
159 202 
159 147 
159 6 
159 7 
159 183 
159 165 
159 188 
159 61 
159 98 
159 210 
160 203 
160 219 
160 132 
160 53 
160 198 
160 14 
160 216 
160 127 
160 210 
160 221 
160 150 
160 30 
160 99 
160 42 
160 153 
160 171 
160 114 
160 165 
160 179 
161 205 
161 98 
161 152 
161 183 
161 35 
161 124 
161 40 
161 105 
161 77 
161 219 
161 106 
161 16 
161 109 
161 94 
161 131 
161 132 
161 114 
161 93 
161 194 
161 79 
162 202 
162 219 
162 209 
162 12 
162 228 
162 15 
162 96 
162 143 
162 94 
162 18 
162 40 
162 178 
162 75 
163 0 
163 3 
163 82 
163 52 
163 100 
163 50 
163 140 
163 214 
163 186 
163 171 
163 42 
163 87 
163 15 
163 144 
163 107 
163 96 
163 184 
163 21 
163 95 
163 213 
163 39 
164 186 
164 62 
164 203 
164 221 
164 33 
164 55 
164 131 
164 157 
164 122 
164 224 
164 95 
164 166 
164 80 
164 82 
164 145 
164 39 
164 13 
164 167 
164 111 
164 86 
164 12 
164 54 
164 230 
164 173 
164 71 
164 226 
164 227 
164 4 
164 38 
165 0 
165 26 
165 18 
165 176 
165 223 
165 97 
165 172 
165 79 
165 198 
165 23 
165 192 
165 51 
165 19 
165 53 
165 29 
165 16 
165 229 
165 73 
165 103 
165 114 
165 182 
165 160 
165 159 
165 170 
165 68 
166 229 
166 219 
166 99 
166 121 
166 190 
166 93 
166 92 
166 197 
166 155 
166 164 
166 4 
166 222 
166 180 
166 210 
166 125 
166 98 
166 74 
166 135 
166 146 
166 144 
166 131 
166 224 
166 16 
166 195 
166 201 
166 27 
166 181 
166 113 
166 62 
166 8 
166 23 
167 230 
167 74 
167 140 
167 33 
167 83 
167 148 
167 23 
167 198 
167 210 
167 120 
167 82 
167 206 
167 164 
167 229 
167 220 
167 43 
167 121 
167 65 
167 45 
167 35 
167 145 
167 107 
168 135 
168 87 
168 22 
168 149 
168 170 
168 2 
168 156 
168 132 
168 110 
168 193 
168 24 
168 95 
168 191 
168 31 
168 4 
168 188 
168 140 
168 180 
168 83 
169 111 
169 131 
169 189 
169 209 
169 0 
169 107 
169 171 
169 197 
169 71 
169 138 
169 192 
169 60 
169 22 
169 212 
169 139 
169 57 
169 196 
169 127 
169 147 
169 144 
169 100 
169 201 
170 147 
170 103 
170 121 
170 230 
170 4 
170 100 
170 75 
170 81 
170 209 
170 40 
170 168 
170 128 
170 216 
170 199 
170 122 
170 90 
170 159 
170 97 
170 63 
170 17 
170 115 
170 173 
170 73 
170 174 
170 165 
171 24 
171 109 
171 101 
171 115 
171 198 
171 119 
171 90 
171 169 
171 11 
171 69 
171 136 
171 178 
171 62 
171 18 
171 97 
171 95 
171 112 
171 203 
171 77 
171 163 
171 47 
171 89 
171 224 
171 51 
171 10 
171 160 
171 17 
171 19 
172 128 
172 159 
172 178 
172 143 
172 46 
172 155 
172 183 
172 165 
172 225 
172 222 
172 62 
172 56 
172 74 
172 104 
172 191 
172 187 
172 125 
172 49 
172 25 
172 230 
172 42 
172 3 
172 13 
172 209 
172 73 
172 54 
172 196 
172 30 
172 63 
173 194 
173 28 
173 58 
173 110 
173 37 
173 100 
173 197 
173 87 
173 90 
173 179 
173 101 
173 210 
173 20 
173 226 
173 119 
173 60 
173 181 
173 156 
173 52 
173 17 
173 7 
173 74 
173 46 
173 51 
173 208 
173 178 
173 164 
173 81 
173 170 
173 75 
173 98 
173 127 
174 151 
174 27 
174 23 
174 42 
174 182 
174 56 
174 158 
174 110 
174 114 
174 210 
174 4 
174 195 
174 13 
174 69 
174 68 
174 214 
174 156 
174 91 
174 192 
174 43 
174 50 
174 45 
174 157 
174 9 
174 175 
174 119 
174 81 
174 170 
175 183 
175 191 
175 212 
175 135 
175 228 
175 19 
175 154 
175 24 
175 218 
175 54 
175 115 
175 193 
175 138 
175 150 
175 216 
175 20 
175 0 
175 132 
175 180 
175 114 
175 174 
175 213 
175 158 
176 188 
176 113 
176 73 
176 129 
176 80 
176 165 
176 46 
176 79 
176 128 
176 179 
176 94 
176 57 
176 105 
176 12 
176 122 
176 228 
176 100 
176 19 
176 0 
176 186 
176 103 
176 117 
176 118 
176 137 
176 226 
176 221 
177 188 
177 187 
177 138 
177 87 
177 51 
177 223 
177 42 
177 104 
177 156 
177 180 
177 147 
177 101 
177 132 
177 73 
177 48 
177 77 
177 94 
177 118 
177 106 
177 9 
177 125 
177 38 
178 155 
178 172 
178 52 
178 189 
178 171 
178 195 
178 182 
178 81 
178 24 
178 156 
178 50 
178 128 
178 106 
178 198 
178 142 
178 53 
178 44 
178 173 
178 34 
178 21 
178 40 
178 94 
178 162 
178 179 
178 23 
179 22 
179 11 
179 120 
179 46 
179 118 
179 155 
179 173 
179 152 
179 211 
179 27 
179 0 
179 112 
179 57 
179 150 
179 176 
179 227 
179 185 
179 90 
179 117 
179 225 
179 183 
179 141 
179 50 
179 221 
179 205 
179 178 
179 31 
179 160 
180 137 
180 209 
180 130 
180 224 
180 86 
180 105 
180 2 
180 199 
180 125 
180 69 
180 177 
180 166 
180 9 
180 26 
180 139 
180 192 
180 184 
180 175 
180 5 
180 168 
180 214 
180 216 
181 4 
181 214 
181 16 
181 205 
181 77 
181 151 
181 156 
181 60 
181 98 
181 173 
181 119 
181 45 
181 223 
181 136 
181 126 
181 132 
181 29 
181 166 
181 153 
181 140 
181 204 
181 90 
181 225 
182 119 
182 88 
182 174 
182 92 
182 191 
182 95 
182 3 
182 197 
182 90 
182 4 
182 178 
182 222 
182 99 
182 218 
182 33 
182 124 
182 100 
182 145 
182 165 
182 48 
182 154 
182 78 
183 175 
183 185 
183 196 
183 161 
183 172 
183 194 
183 209 
183 141 
183 105 
183 6 
183 9 
183 68 
183 41 
183 67 
183 123 
183 155 
183 139 
183 179 
183 159 
183 71 
183 76 
183 72 
183 102 
184 14 
184 128 
184 21 
184 69 
184 187 
184 126 
184 94 
184 13 
184 209 
184 193 
184 109 
184 226 
184 18 
184 221 
184 222 
184 63 
184 95 
184 180 
184 100 
184 211 
184 40 
184 163 
184 198 
185 152 
185 183 
185 74 
185 115 
185 192 
185 158 
185 125 
185 99 
185 132 
185 202 
185 104 
185 190 
185 219 
185 179 
185 11 
185 147 
185 50 
185 151 
185 82 
186 25 
186 28 
186 37 
186 164 
186 211 
186 159 
186 2 
186 127 
186 88 
186 61 
186 102 
186 95 
186 75 
186 206 
186 163 
186 22 
186 77 
186 57 
186 10 
186 176 
186 3 
186 198 
186 133 
187 101 
187 211 
187 177 
187 130 
187 92 
187 184 
187 89 
187 205 
187 149 
187 172 
187 59 
187 217 
187 111 
187 121 
187 218 
187 106 
187 117 
187 103 
187 109 
187 4 
187 29 
187 31 
187 63 
187 87 
187 83 
188 176 
188 177 
188 94 
188 133 
188 127 
188 227 
188 198 
188 129 
188 87 
188 134 
188 49 
188 202 
188 143 
188 38 
188 4 
188 47 
188 61 
188 0 
188 60 
188 115 
188 155 
188 35 
188 69 
188 56 
188 168 
188 216 
188 159 
189 169 
189 216 
189 12 
189 178 
189 77 
189 49 
189 85 
189 112 
189 135 
189 81 
189 153 
189 143 
189 40 
189 72 
189 147 
189 217 
189 126 
189 120 
189 25 
189 8 
189 138 
190 146 
190 220 
190 123 
190 9 
190 58 
190 8 
190 4 
190 166 
190 142 
190 0 
190 29 
190 209 
190 51 
190 49 
190 23 
190 208 
190 74 
190 204 
190 185 
190 61 
190 87 
190 12 
190 43 
190 200 
190 147 
190 149 
190 17 
190 112 
190 44 
191 175 
191 136 
191 33 
191 224 
191 127 
191 146 
191 223 
191 131 
191 182 
191 129 
191 83 
191 192 
191 172 
191 107 
191 23 
191 102 
191 203 
191 207 
191 168 
191 62 
191 124 
191 44 
191 87 
191 93 
191 141 
191 226 
191 89 
191 209 
192 112 
192 185 
192 100 
192 46 
192 169 
192 34 
192 217 
192 133 
192 88 
192 191 
192 165 
192 73 
192 111 
192 23 
192 7 
192 180 
192 174 
192 129 
192 45 
192 42 
192 207 
192 120 
192 145 
192 106 
193 23 
193 0 
193 113 
193 47 
193 115 
193 184 
193 200 
193 51 
193 168 
193 13 
193 218 
193 175 
193 37 
193 10 
193 28 
193 125 
193 221 
193 105 
193 98 
194 173 
194 52 
194 183 
194 84 
194 41 
194 218 
194 114 
194 153 
194 1 
194 124 
194 22 
194 3 
194 20 
194 72 
194 4 
194 103 
194 85 
194 222 
194 161 
194 121 
194 86 
194 81 
194 16 
195 35 
195 143 
195 73 
195 104 
195 7 
195 65 
195 178 
195 72 
195 212 
195 130 
195 1 
195 174 
195 119 
195 76 
195 166 
195 197 
195 115 
195 105 
195 211 
195 98 
195 121 
196 25 
196 183 
196 85 
196 219 
196 91 
196 149 
196 150 
196 70 
196 58 
196 226 
196 78 
196 76 
196 116 
196 47 
196 23 
196 34 
196 125 
196 96 
196 169 
196 54 
196 228 
196 172 
196 143 
197 203 
197 105 
197 86 
197 37 
197 206 
197 169 
197 12 
197 173 
197 134 
197 59 
197 40 
197 205 
197 143 
197 108 
197 182 
197 166 
197 104 
197 60 
197 154 
197 139 
197 97 
197 138 
197 74 
197 99 
197 113 
197 195 
197 142 
197 147 
197 149 
198 53 
198 100 
198 48 
198 229 
198 171 
198 126 
198 160 
198 188 
198 156 
198 165 
198 167 
198 77 
198 4 
198 221 
198 50 
198 10 
198 70 
198 178 
198 120 
198 201 
198 202 
198 184 
198 186 
198 151 
198 118 
199 50 
199 53 
199 206 
199 145 
199 61 
199 90 
199 32 
199 127 
199 24 
199 137 
199 170 
199 180 
199 31 
199 59 
199 143 
199 221 
199 107 
199 89 
199 98 
199 4 
199 229 
199 26 
199 38 
200 68 
200 124 
200 39 
200 24 
200 51 
200 193 
200 15 
200 89 
200 130 
200 37 
200 5 
200 121 
200 190 
200 136 
200 203 
200 77 
201 120 
201 12 
201 57 
201 211 
201 140 
201 228 
201 45 
201 24 
201 84 
201 153 
201 227 
201 78 
201 16 
201 73 
201 74 
201 80 
201 56 
201 166 
201 198 
201 62 
201 54 
201 169 
201 8 
202 83 
202 162 
202 42 
202 205 
202 129 
202 158 
202 188 
202 185 
202 7 
202 117 
202 96 
202 147 
202 1 
202 105 
202 50 
202 6 
202 82 
202 198 
202 215 
202 136 
202 159 
202 10 
202 109 
202 135 
203 160 
203 197 
203 164 
203 12 
203 0 
203 137 
203 70 
203 122 
203 101 
203 28 
203 107 
203 13 
203 191 
203 151 
203 46 
203 154 
203 171 
203 229 
203 92 
203 3 
203 16 
203 211 
203 27 
203 145 
203 50 
203 148 
203 11 
203 66 
203 200 
204 52 
204 213 
204 14 
204 224 
204 132 
204 223 
204 158 
204 98 
204 190 
204 70 
204 40 
204 91 
204 22 
204 9 
204 136 
204 151 
204 181 
204 118 
204 141 
204 30 
204 25 
205 161 
205 181 
205 28 
205 202 
205 103 
205 187 
205 38 
205 212 
205 197 
205 61 
205 45 
205 79 
205 155 
205 74 
205 71 
205 219 
205 93 
205 116 
205 77 
205 87 
205 6 
205 179 
205 121 
206 110 
206 144 
206 199 
206 77 
206 197 
206 103 
206 116 
206 54 
206 53 
206 186 
206 167 
206 131 
206 0 
206 1 
206 227 
207 222 
207 145 
207 221 
207 128 
207 106 
207 49 
207 15 
207 110 
207 64 
207 44 
207 88 
207 191 
207 81 
207 51 
207 228 
207 62 
207 112 
207 54 
207 27 
207 89 
207 59 
207 192 
207 12 
208 72 
208 12 
208 13 
208 8 
208 5 
208 213 
208 98 
208 88 
208 152 
208 136 
208 116 
208 93 
208 110 
208 190 
208 209 
208 42 
208 159 
208 95 
208 60 
208 18 
208 218 
208 132 
208 133 
208 173 
208 216 
208 9 
208 17 
208 46 
208 144 
208 146 
209 169 
209 66 
209 162 
209 87 
209 180 
209 170 
209 183 
209 184 
209 190 
209 132 
209 217 
209 34 
209 29 
209 208 
209 11 
209 104 
209 60 
209 136 
209 119 
209 172 
209 139 
209 67 
209 16 
209 62 
209 213 
209 191 
209 20 
210 103 
210 120 
210 2 
210 15 
210 140 
210 130 
210 173 
210 221 
210 90 
210 109 
210 167 
210 11 
210 160 
210 39 
210 174 
210 166 
210 55 
210 77 
210 74 
210 59 
210 128 
210 125 
210 129 
210 99 
210 10 
210 19 
210 60 
210 147 
210 115 
210 76 
210 159 
211 187 
211 68 
211 45 
211 143 
211 55 
211 186 
211 201 
211 219 
211 17 
211 19 
211 179 
211 95 
211 97 
211 69 
211 129 
211 59 
211 56 
211 22 
211 224 
211 115 
211 149 
211 78 
211 93 
211 203 
211 113 
211 184 
211 195 
211 14 
212 175 
212 159 
212 214 
212 80 
212 22 
212 49 
212 217 
212 205 
212 195 
212 140 
212 82 
212 133 
212 169 
212 141 
212 32 
212 220 
212 213 
212 147 
212 1 
212 116 
212 113 
212 114 
212 39 
212 62 
213 21 
213 221 
213 57 
213 204 
213 135 
213 208 
213 1 
213 37 
213 46 
213 29 
213 214 
213 4 
213 106 
213 212 
213 91 
213 25 
213 124 
213 224 
213 130 
213 8 
213 2 
213 111 
213 175 
213 209 
213 163 
214 181 
214 46 
214 124 
214 212 
214 11 
214 60 
214 148 
214 48 
214 71 
214 142 
214 66 
214 4 
214 3 
214 153 
214 52 
214 58 
214 130 
214 227 
214 84 
214 213 
214 51 
214 163 
214 41 
214 65 
214 156 
214 72 
214 174 
214 95 
214 33 
214 224 
214 34 
214 99 
214 180 
215 151 
215 2 
215 49 
215 130 
215 48 
215 148 
215 20 
215 98 
215 14 
215 216 
215 94 
215 107 
215 202 
216 76 
216 85 
216 157 
216 189 
216 26 
216 219 
216 160 
216 47 
216 170 
216 65 
216 32 
216 94 
216 145 
216 215 
216 5 
216 230 
216 175 
216 220 
216 208 
216 2 
216 83 
216 15 
216 100 
216 188 
216 39 
216 227 
216 156 
216 115 
216 180 
217 224 
217 145 
217 212 
217 192 
217 130 
217 97 
217 209 
217 148 
217 98 
217 68 
217 25 
217 112 
217 187 
217 73 
217 67 
217 94 
217 152 
217 37 
217 44 
217 78 
217 189 
217 21 
217 80 
217 103 
217 129 
218 55 
218 76 
218 129 
218 226 
218 227 
218 101 
218 194 
218 17 
218 143 
218 27 
218 175 
218 193 
218 187 
218 182 
218 208 
218 230 
218 89 
218 7 
218 58 
218 53 
219 166 
219 196 
219 162 
219 160 
219 216 
219 90 
219 0 
219 211 
219 21 
219 111 
219 67 
219 71 
219 161 
219 222 
219 146 
219 125 
219 128 
219 185 
219 110 
219 35 
219 225 
219 205 
219 61 
219 221 
219 48 
219 148 
219 152 
219 63 
219 220 
219 116 
219 76 
219 132 
220 45 
220 150 
220 190 
220 154 
220 46 
220 13 
220 146 
220 93 
220 21 
220 94 
220 212 
220 29 
220 141 
220 82 
220 167 
220 216 
220 156 
220 67 
220 219 
220 55 
220 111 
221 213 
221 207 
221 138 
221 115 
221 136 
221 164 
221 210 
221 33 
221 160 
221 184 
221 198 
221 199 
221 9 
221 6 
221 4 
221 85 
221 219 
221 179 
221 193 
221 176 
222 207 
222 100 
222 68 
222 142 
222 129 
222 172 
222 66 
222 86 
222 219 
222 166 
222 25 
222 184 
222 182 
222 0 
222 194 
222 17 
222 226 
222 21 
222 7 
222 87 
222 81 
222 36 
222 151 
223 84 
223 165 
223 149 
223 191 
223 83 
223 153 
223 204 
223 151 
223 177 
223 31 
223 8 
223 22 
223 224 
223 125 
223 82 
223 155 
223 181 
223 47 
223 6 
223 85 
223 150 
223 29 
223 2 
223 64 
223 89 
224 217 
224 124 
224 191 
224 159 
224 204 
224 230 
224 164 
224 180 
224 223 
224 211 
224 3 
224 140 
224 63 
224 125 
224 121 
224 166 
224 171 
224 213 
224 6 
224 214 
224 85 
225 0 
225 227 
225 172 
225 76 
225 116 
225 37 
225 36 
225 142 
225 58 
225 155 
225 63 
225 10 
225 111 
225 219 
225 179 
225 3 
225 148 
225 129 
225 100 
225 127 
225 49 
225 149 
225 156 
225 98 
225 54 
225 181 
226 82 
226 143 
226 218 
226 98 
226 196 
226 44 
226 133 
226 173 
226 43 
226 229 
226 184 
226 146 
226 27 
226 151 
226 126 
226 222 
226 123 
226 42 
226 111 
226 73 
226 191 
226 164 
226 12 
226 26 
226 97 
226 176 
227 71 
227 157 
227 127 
227 87 
227 188 
227 33 
227 225 
227 218 
227 121 
227 36 
227 116 
227 40 
227 122 
227 214 
227 9 
227 201 
227 41 
227 100 
227 52 
227 179 
227 153 
227 70 
227 82 
227 111 
227 96 
227 164 
227 216 
227 26 
227 206 
228 88 
228 33 
228 78 
228 175 
228 162 
228 201 
228 73 
228 12 
228 148 
228 70 
228 40 
228 207 
228 176 
228 9 
228 196 
228 61 
228 7 
228 23 
228 75 
229 166 
229 116 
229 21 
229 198 
229 33 
229 23 
229 27 
229 159 
229 226 
229 75 
229 203 
229 167 
229 108 
229 119 
229 165 
229 56 
229 43 
229 8 
229 50 
229 199 
229 31 
229 15 
229 35 
230 167 
230 170 
230 92 
230 62 
230 66 
230 42 
230 144 
230 13 
230 90 
230 6 
230 224 
230 17 
230 1 
230 145 
230 38 
230 43 
230 46 
230 106 
230 172 
230 151 
230 70 
230 216 
230 218 
230 164 
230 19 
230 3 
230 72 
