0 76 
0 95 
0 20 
0 30 
0 58 
0 55 
0 115 
0 113 
0 6 
0 18 
0 108 
0 98 
0 111 
0 114 
0 17 
0 42 
0 46 
0 112 
0 91 
0 28 
0 34 
0 87 
0 118 
0 51 
0 37 
0 78 
0 65 
0 8 
0 69 
0 100 
0 75 
0 70 
0 88 
0 5 
0 94 
0 72 
0 79 
0 73 
0 35 
0 119 
0 59 
0 120 
0 99 
0 106 
0 63 
0 127 
0 80 
0 39 
1 108 
1 4 
1 100 
1 44 
1 89 
1 46 
1 79 
1 45 
1 22 
1 69 
1 66 
1 33 
1 42 
1 124 
1 58 
1 21 
1 41 
1 67 
1 39 
1 105 
1 128 
1 70 
1 10 
1 121 
1 27 
1 76 
1 110 
1 12 
1 101 
1 97 
1 87 
1 6 
1 82 
1 34 
1 54 
1 28 
1 103 
1 68 
2 46 
2 119 
2 113 
2 81 
2 76 
2 114 
2 75 
2 70 
2 6 
2 48 
2 53 
2 87 
2 90 
2 96 
2 88 
2 25 
2 43 
2 110 
2 69 
2 106 
2 15 
2 3 
2 52 
2 11 
2 109 
2 111 
2 50 
2 77 
2 45 
2 31 
2 20 
2 39 
2 28 
2 115 
2 107 
2 121 
3 82 
3 102 
3 69 
3 68 
3 31 
3 47 
3 126 
3 100 
3 39 
3 42 
3 9 
3 20 
3 83 
3 78 
3 73 
3 103 
3 55 
3 72 
3 37 
3 23 
3 41 
3 2 
3 128 
3 106 
3 98 
3 45 
3 28 
3 54 
3 87 
3 46 
3 104 
3 116 
3 122 
3 65 
3 59 
3 61 
3 114 
3 10 
3 112 
3 13 
4 1 
4 109 
4 119 
4 36 
4 38 
4 28 
4 126 
4 127 
4 116 
4 90 
4 91 
4 63 
4 79 
4 89 
4 114 
4 20 
4 92 
4 94 
4 80 
4 31 
4 22 
4 26 
4 86 
4 7 
4 6 
4 85 
4 21 
4 48 
4 24 
4 33 
4 15 
4 39 
4 41 
4 65 
4 98 
4 35 
4 42 
4 25 
4 87 
4 111 
5 115 
5 108 
5 87 
5 33 
5 77 
5 68 
5 27 
5 124 
5 112 
5 21 
5 65 
5 37 
5 34 
5 32 
5 8 
5 90 
5 9 
5 49 
5 93 
5 102 
5 42 
5 82 
5 58 
5 81 
5 121 
5 122 
5 40 
5 0 
5 75 
5 78 
5 92 
5 73 
5 55 
5 15 
5 85 
5 6 
5 127 
5 110 
5 83 
5 19 
5 126 
5 17 
5 101 
5 57 
5 94 
5 18 
5 76 
5 72 
5 54 
5 28 
6 69 
6 58 
6 62 
6 75 
6 108 
6 76 
6 0 
6 41 
6 102 
6 61 
6 2 
6 17 
6 128 
6 72 
6 119 
6 35 
6 86 
6 83 
6 22 
6 73 
6 93 
6 36 
6 4 
6 123 
6 127 
6 54 
6 115 
6 5 
6 39 
6 84 
6 80 
6 59 
6 38 
6 1 
6 33 
6 104 
6 100 
6 55 
6 48 
6 103 
6 94 
6 112 
6 8 
7 93 
7 46 
7 33 
7 95 
7 37 
7 120 
7 20 
7 53 
7 41 
7 82 
7 96 
7 123 
7 31 
7 73 
7 36 
7 105 
7 68 
7 59 
7 15 
7 12 
7 92 
7 17 
7 104 
7 4 
7 57 
7 38 
7 63 
7 11 
7 119 
7 27 
7 80 
7 100 
7 23 
7 118 
7 44 
7 121 
7 29 
7 66 
8 117 
8 74 
8 126 
8 83 
8 20 
8 57 
8 49 
8 69 
8 95 
8 79 
8 48 
8 5 
8 55 
8 28 
8 89 
8 76 
8 109 
8 118 
8 64 
8 0 
8 113 
8 21 
8 82 
8 22 
8 122 
8 68 
8 38 
8 30 
8 101 
8 91 
8 40 
8 103 
8 63 
8 42 
8 120 
8 14 
8 62 
8 43 
8 6 
9 21 
9 54 
9 116 
9 60 
9 31 
9 57 
9 24 
9 20 
9 40 
9 5 
9 3 
9 114 
9 97 
9 64 
9 111 
9 39 
9 93 
9 49 
9 12 
9 122 
9 15 
9 37 
9 14 
9 70 
9 67 
9 23 
9 76 
9 86 
9 38 
9 74 
9 85 
9 87 
9 75 
9 108 
9 100 
9 22 
9 63 
10 56 
10 117 
10 32 
10 58 
10 98 
10 103 
10 71 
10 107 
10 36 
10 46 
10 34 
10 12 
10 62 
10 77 
10 11 
10 79 
10 99 
10 123 
10 1 
10 91 
10 55 
10 120 
10 124 
10 53 
10 44 
10 74 
10 115 
10 31 
10 23 
10 68 
10 86 
10 81 
10 43 
10 48 
10 109 
10 29 
10 96 
10 40 
10 33 
10 3 
10 126 
10 52 
10 116 
11 88 
11 57 
11 53 
11 31 
11 75 
11 38 
11 78 
11 82 
11 90 
11 70 
11 54 
11 98 
11 58 
11 89 
11 72 
11 35 
11 128 
11 118 
11 76 
11 73 
11 32 
11 10 
11 43 
11 48 
11 86 
11 62 
11 7 
11 91 
11 122 
11 2 
11 52 
11 59 
11 41 
11 14 
11 119 
11 26 
11 64 
11 61 
11 103 
12 70 
12 40 
12 113 
12 30 
12 51 
12 25 
12 85 
12 57 
12 61 
12 103 
12 10 
12 125 
12 114 
12 97 
12 87 
12 80 
12 62 
12 109 
12 22 
12 7 
12 65 
12 116 
12 27 
12 102 
12 9 
12 42 
12 1 
12 37 
12 45 
12 68 
12 82 
12 122 
12 75 
12 123 
12 79 
12 88 
13 53 
13 60 
13 95 
13 70 
13 113 
13 75 
13 117 
13 99 
13 34 
13 93 
13 78 
13 115 
13 112 
13 109 
13 59 
13 97 
13 51 
13 83 
13 105 
13 33 
13 25 
13 73 
13 72 
13 114 
13 103 
13 44 
13 26 
13 46 
13 126 
13 116 
13 76 
13 110 
13 38 
13 63 
13 74 
13 19 
13 48 
13 57 
13 20 
13 100 
13 3 
13 96 
14 107 
14 52 
14 122 
14 110 
14 115 
14 119 
14 83 
14 78 
14 50 
14 17 
14 98 
14 27 
14 63 
14 80 
14 82 
14 55 
14 121 
14 67 
14 94 
14 75 
14 53 
14 61 
14 66 
14 49 
14 79 
14 120 
14 18 
14 35 
14 9 
14 11 
14 22 
14 101 
14 126 
14 87 
14 20 
14 31 
14 48 
14 8 
14 95 
14 74 
15 78 
15 63 
15 103 
15 87 
15 104 
15 57 
15 18 
15 46 
15 74 
15 114 
15 93 
15 122 
15 66 
15 28 
15 82 
15 7 
15 31 
15 80 
15 27 
15 55 
15 2 
15 9 
15 79 
15 5 
15 68 
15 34 
15 4 
15 111 
15 105 
15 123 
15 128 
15 45 
15 95 
15 20 
15 33 
15 19 
16 93 
16 67 
16 96 
16 56 
16 125 
16 115 
16 92 
16 107 
16 101 
16 38 
16 42 
16 46 
16 75 
16 126 
16 112 
16 100 
16 83 
16 85 
16 22 
16 87 
16 76 
16 25 
16 113 
16 37 
16 102 
16 20 
16 48 
16 51 
16 23 
16 77 
16 97 
16 66 
16 90 
16 103 
16 62 
16 110 
16 53 
16 32 
16 82 
16 21 
16 72 
16 33 
16 89 
17 122 
17 26 
17 84 
17 79 
17 52 
17 116 
17 18 
17 30 
17 80 
17 58 
17 69 
17 14 
17 92 
17 38 
17 101 
17 121 
17 0 
17 96 
17 97 
17 6 
17 28 
17 75 
17 7 
17 70 
17 34 
17 99 
17 22 
17 43 
17 72 
17 47 
17 103 
17 62 
17 33 
17 107 
17 65 
17 5 
17 117 
17 27 
17 82 
17 113 
17 60 
17 44 
17 95 
17 88 
17 111 
17 73 
18 32 
18 102 
18 112 
18 42 
18 76 
18 38 
18 62 
18 71 
18 17 
18 109 
18 77 
18 0 
18 84 
18 15 
18 121 
18 81 
18 45 
18 53 
18 49 
18 96 
18 115 
18 23 
18 27 
18 37 
18 101 
18 122 
18 75 
18 39 
18 125 
18 83 
18 14 
18 89 
18 72 
18 86 
18 29 
18 97 
18 47 
18 93 
18 87 
18 117 
18 105 
18 82 
18 5 
18 79 
18 26 
18 54 
18 68 
19 122 
19 62 
19 116 
19 46 
19 80 
19 126 
19 120 
19 54 
19 77 
19 94 
19 79 
19 24 
19 81 
19 32 
19 106 
19 111 
19 34 
19 43 
19 119 
19 67 
19 41 
19 56 
19 37 
19 51 
19 123 
19 127 
19 13 
19 30 
19 108 
19 5 
19 36 
19 39 
19 15 
19 99 
20 90 
20 0 
20 8 
20 109 
20 27 
20 112 
20 92 
20 7 
20 9 
20 41 
20 3 
20 108 
20 4 
20 44 
20 116 
20 121 
20 51 
20 101 
20 59 
20 42 
20 96 
20 16 
20 26 
20 47 
20 119 
20 2 
20 21 
20 13 
20 32 
20 102 
20 14 
20 39 
20 15 
21 9 
21 31 
21 22 
21 48 
21 119 
21 29 
21 93 
21 39 
21 33 
21 112 
21 34 
21 120 
21 5 
21 110 
21 43 
21 23 
21 113 
21 1 
21 125 
21 55 
21 30 
21 71 
21 53 
21 41 
21 61 
21 49 
21 8 
21 4 
21 56 
21 122 
21 101 
21 58 
21 91 
21 76 
21 118 
21 20 
21 78 
21 126 
21 16 
21 24 
21 88 
22 55 
22 63 
22 25 
22 90 
22 21 
22 97 
22 119 
22 81 
22 1 
22 127 
22 79 
22 62 
22 34 
22 78 
22 118 
22 51 
22 37 
22 12 
22 117 
22 86 
22 104 
22 80 
22 6 
22 123 
22 4 
22 75 
22 17 
22 76 
22 43 
22 95 
22 16 
22 113 
22 8 
22 114 
22 28 
22 58 
22 14 
22 112 
22 88 
22 40 
22 66 
22 52 
22 60 
22 89 
22 9 
23 32 
23 43 
23 67 
23 34 
23 98 
23 70 
23 89 
23 104 
23 55 
23 87 
23 35 
23 97 
23 21 
23 49 
23 18 
23 126 
23 127 
23 103 
23 36 
23 108 
23 101 
23 105 
23 69 
23 3 
23 10 
23 78 
23 57 
23 81 
23 16 
23 51 
23 44 
23 24 
23 9 
23 7 
23 102 
23 117 
23 45 
23 95 
23 52 
24 53 
24 33 
24 126 
24 78 
24 119 
24 9 
24 96 
24 67 
24 29 
24 25 
24 31 
24 19 
24 93 
24 44 
24 105 
24 37 
24 97 
24 52 
24 112 
24 77 
24 34 
24 86 
24 30 
24 4 
24 50 
24 28 
24 111 
24 23 
24 49 
24 80 
24 107 
24 101 
24 82 
24 85 
24 21 
25 51 
25 22 
25 43 
25 113 
25 77 
25 71 
25 66 
25 12 
25 62 
25 24 
25 56 
25 48 
25 119 
25 63 
25 72 
25 98 
25 44 
25 13 
25 105 
25 26 
25 2 
25 100 
25 16 
25 35 
25 123 
25 40 
25 107 
25 49 
25 41 
25 61 
25 99 
25 68 
25 128 
25 97 
25 127 
25 4 
25 52 
25 31 
26 17 
26 40 
26 98 
26 100 
26 93 
26 29 
26 51 
26 101 
26 92 
26 53 
26 91 
26 4 
26 25 
26 60 
26 13 
26 67 
26 84 
26 128 
26 81 
26 111 
26 20 
26 11 
26 34 
26 97 
26 88 
26 107 
26 123 
26 118 
26 49 
26 30 
26 119 
26 69 
26 18 
26 74 
27 59 
27 54 
27 51 
27 47 
27 81 
27 95 
27 20 
27 5 
27 121 
27 77 
27 50 
27 120 
27 109 
27 127 
27 55 
27 48 
27 88 
27 14 
27 63 
27 12 
27 18 
27 40 
27 106 
27 52 
27 87 
27 60 
27 1 
27 15 
27 94 
27 42 
27 29 
27 57 
27 7 
27 92 
27 30 
27 17 
27 70 
27 89 
27 122 
27 34 
27 71 
27 105 
27 119 
28 92 
28 126 
28 94 
28 97 
28 4 
28 80 
28 120 
28 59 
28 38 
28 115 
28 66 
28 106 
28 60 
28 15 
28 82 
28 8 
28 0 
28 111 
28 17 
28 36 
28 65 
28 85 
28 58 
28 125 
28 100 
28 79 
28 127 
28 41 
28 22 
28 24 
28 122 
28 112 
28 114 
28 103 
28 30 
28 95 
28 3 
28 47 
28 49 
28 34 
28 2 
28 1 
28 54 
28 93 
28 43 
28 5 
29 120 
29 96 
29 21 
29 121 
29 55 
29 127 
29 26 
29 24 
29 88 
29 111 
29 64 
29 113 
29 36 
29 49 
29 86 
29 122 
29 90 
29 108 
29 78 
29 33 
29 27 
29 89 
29 83 
29 77 
29 63 
29 80 
29 18 
29 110 
29 10 
29 95 
29 69 
29 109 
29 7 
30 0 
30 53 
30 12 
30 17 
30 48 
30 90 
30 118 
30 62 
30 103 
30 86 
30 40 
30 49 
30 95 
30 102 
30 21 
30 115 
30 106 
30 52 
30 91 
30 75 
30 24 
30 108 
30 8 
30 45 
30 34 
30 111 
30 100 
30 121 
30 28 
30 19 
30 124 
30 27 
30 51 
30 36 
30 94 
30 65 
30 61 
30 116 
30 104 
30 26 
30 46 
30 44 
30 88 
31 21 
31 11 
31 117 
31 3 
31 48 
31 9 
31 54 
31 103 
31 113 
31 104 
31 24 
31 7 
31 15 
31 4 
31 122 
31 44 
31 124 
31 66 
31 32 
31 126 
31 97 
31 10 
31 87 
31 2 
31 75 
31 73 
31 61 
31 14 
31 63 
31 41 
31 25 
32 23 
32 18 
32 107 
32 10 
32 68 
32 92 
32 74 
32 5 
32 88 
32 127 
32 11 
32 91 
32 81 
32 118 
32 19 
32 95 
32 31 
32 84 
32 50 
32 114 
32 59 
32 55 
32 33 
32 20 
32 124 
32 16 
32 99 
32 45 
32 72 
32 100 
33 38 
33 7 
33 24 
33 125 
33 58 
33 5 
33 50 
33 21 
33 55 
33 65 
33 116 
33 78 
33 39 
33 1 
33 41 
33 73 
33 114 
33 57 
33 60 
33 42 
33 74 
33 120 
33 79 
33 100 
33 123 
33 90 
33 88 
33 13 
33 46 
33 126 
33 62 
33 70 
33 29 
33 17 
33 98 
33 4 
33 35 
33 32 
33 48 
33 6 
33 10 
33 16 
33 15 
33 67 
33 112 
34 119 
34 105 
34 63 
34 93 
34 23 
34 48 
34 13 
34 21 
34 22 
34 84 
34 64 
34 50 
34 10 
34 5 
34 98 
34 128 
34 120 
34 0 
34 71 
34 100 
34 116 
34 97 
34 17 
34 19 
34 94 
34 24 
34 115 
34 127 
34 41 
34 30 
34 15 
34 108 
34 26 
34 82 
34 114 
34 112 
34 99 
34 75 
34 47 
34 28 
34 37 
34 69 
34 1 
34 35 
34 27 
34 83 
35 47 
35 108 
35 114 
35 38 
35 36 
35 42 
35 88 
35 23 
35 89 
35 64 
35 11 
35 56 
35 65 
35 115 
35 41 
35 6 
35 109 
35 52 
35 55 
35 69 
35 25 
35 14 
35 117 
35 33 
35 0 
35 68 
35 59 
35 4 
35 46 
35 122 
35 34 
36 47 
36 35 
36 4 
36 10 
36 111 
36 61 
36 92 
36 126 
36 119 
36 54 
36 97 
36 83 
36 100 
36 7 
36 38 
36 28 
36 29 
36 23 
36 53 
36 50 
36 122 
36 73 
36 6 
36 103 
36 67 
36 84 
36 71 
36 30 
36 107 
36 66 
36 19 
36 78 
36 79 
37 81 
37 127 
37 62 
37 7 
37 84 
37 59 
37 121 
37 50 
37 78 
37 111 
37 5 
37 22 
37 80 
37 69 
37 55 
37 110 
37 112 
37 24 
37 18 
37 51 
37 0 
37 72 
37 113 
37 87 
37 43 
37 3 
37 16 
37 90 
37 12 
37 79 
37 9 
37 117 
37 38 
37 19 
37 95 
37 34 
37 47 
37 104 
37 91 
37 99 
38 33 
38 48 
38 90 
38 96 
38 68 
38 58 
38 105 
38 59 
38 18 
38 11 
38 72 
38 84 
38 35 
38 110 
38 85 
38 4 
38 17 
38 28 
38 16 
38 43 
38 106 
38 36 
38 102 
38 51 
38 103 
38 124 
38 120 
38 108 
38 52 
38 7 
38 8 
38 46 
38 37 
38 63 
38 117 
38 13 
38 97 
38 55 
38 6 
38 60 
38 9 
38 88 
38 95 
38 113 
38 86 
39 125 
39 85 
39 46 
39 21 
39 113 
39 66 
39 61 
39 115 
39 107 
39 101 
39 33 
39 3 
39 51 
39 86 
39 78 
39 94 
39 109 
39 110 
39 1 
39 92 
39 93 
39 9 
39 18 
39 49 
39 47 
39 80 
39 40 
39 57 
39 6 
39 4 
39 67 
39 119 
39 71 
39 121 
39 2 
39 100 
39 20 
39 72 
39 87 
39 98 
39 19 
39 96 
39 0 
40 46 
40 12 
40 26 
40 72 
40 73 
40 48 
40 125 
40 93 
40 127 
40 62 
40 9 
40 121 
40 30 
40 95 
40 108 
40 68 
40 27 
40 5 
40 104 
40 70 
40 39 
40 25 
40 124 
40 8 
40 22 
40 10 
40 114 
40 119 
40 50 
40 92 
41 93 
41 106 
41 70 
41 94 
41 59 
41 109 
41 66 
41 108 
41 63 
41 116 
41 7 
41 33 
41 56 
41 6 
41 68 
41 20 
41 45 
41 1 
41 55 
41 35 
41 105 
41 117 
41 21 
41 89 
41 3 
41 98 
41 19 
41 97 
41 28 
41 11 
41 34 
41 25 
41 4 
41 51 
41 111 
41 31 
41 124 
41 95 
42 110 
42 92 
42 118 
42 18 
42 120 
42 70 
42 91 
42 35 
42 1 
42 106 
42 111 
42 3 
42 98 
42 54 
42 33 
42 0 
42 77 
42 16 
42 63 
42 5 
42 12 
42 20 
42 27 
42 50 
42 67 
42 68 
42 76 
42 89 
42 125 
42 82 
42 4 
42 128 
42 87 
42 59 
42 8 
42 116 
43 121 
43 25 
43 78 
43 23 
43 77 
43 113 
43 59 
43 102 
43 87 
43 58 
43 117 
43 69 
43 21 
43 72 
43 73 
43 44 
43 38 
43 100 
43 11 
43 61 
43 89 
43 17 
43 56 
43 19 
43 22 
43 90 
43 2 
43 37 
43 68 
43 97 
43 82 
43 70 
43 10 
43 96 
43 86 
43 110 
43 46 
43 71 
43 57 
43 8 
43 104 
43 28 
44 1 
44 55 
44 119 
44 50 
44 112 
44 43 
44 123 
44 86 
44 24 
44 74 
44 31 
44 25 
44 20 
44 75 
44 126 
44 13 
44 10 
44 95 
44 99 
44 82 
44 46 
44 93 
44 23 
44 98 
44 7 
44 125 
44 97 
44 103 
44 17 
44 30 
45 94 
45 1 
45 69 
45 91 
45 92 
45 18 
45 63 
45 41 
45 127 
45 111 
45 67 
45 109 
45 57 
45 107 
45 89 
45 90 
45 62 
45 100 
45 30 
45 12 
45 2 
45 3 
45 124 
45 102 
45 108 
45 23 
45 60 
45 15 
45 46 
45 65 
45 104 
45 32 
46 40 
46 7 
46 2 
46 97 
46 57 
46 39 
46 19 
46 1 
46 10 
46 15 
46 119 
46 48 
46 0 
46 112 
46 75 
46 96 
46 16 
46 79 
46 65 
46 121 
46 33 
46 72 
46 13 
46 127 
46 101 
46 116 
46 85 
46 51 
46 38 
46 62 
46 44 
46 107 
46 106 
46 105 
46 35 
46 43 
46 3 
46 45 
46 30 
47 36 
47 35 
47 27 
47 121 
47 81 
47 3 
47 55 
47 70 
47 58 
47 119 
47 117 
47 100 
47 53 
47 89 
47 17 
47 108 
47 61 
47 86 
47 72 
47 39 
47 50 
47 95 
47 73 
47 85 
47 20 
47 28 
47 102 
47 18 
47 34 
47 128 
47 37 
47 59 
48 38 
48 21 
48 34 
48 40 
48 31 
48 30 
48 83 
48 27 
48 51 
48 93 
48 8 
48 125 
48 80 
48 46 
48 98 
48 25 
48 2 
48 63 
48 114 
48 11 
48 99 
48 94 
48 108 
48 122 
48 119 
48 105 
48 68 
48 4 
48 16 
48 102 
48 115 
48 10 
48 13 
48 50 
48 76 
48 33 
48 118 
48 52 
48 14 
48 6 
48 55 
48 86 
49 90 
49 88 
49 112 
49 68 
49 61 
49 8 
49 89 
49 105 
49 53 
49 55 
49 87 
49 82 
49 18 
49 5 
49 23 
49 76 
49 118 
49 78 
49 30 
49 104 
49 29 
49 9 
49 108 
49 69 
49 21 
49 14 
49 39 
49 94 
49 75 
49 116 
49 25 
49 98 
49 24 
49 28 
49 125 
49 119 
49 121 
49 97 
49 107 
49 114 
49 26 
49 113 
49 58 
49 103 
50 113 
50 59 
50 68 
50 57 
50 33 
50 27 
50 72 
50 66 
50 120 
50 77 
50 126 
50 37 
50 56 
50 14 
50 62 
50 34 
50 44 
50 105 
50 88 
50 63 
50 104 
50 125 
50 84 
50 99 
50 36 
50 32 
50 102 
50 119 
50 42 
50 94 
50 24 
50 47 
50 2 
50 124 
50 48 
50 53 
50 123 
50 40 
51 25 
51 126 
51 113 
51 123 
51 27 
51 114 
51 85 
51 121 
51 12 
51 74 
51 39 
51 22 
51 48 
51 13 
51 112 
51 102 
51 120 
51 26 
51 38 
51 37 
51 0 
51 20 
51 55 
51 83 
51 103 
51 76 
51 70 
51 63 
51 46 
51 16 
51 23 
51 117 
51 19 
51 98 
51 30 
51 82 
51 62 
51 89 
51 41 
51 64 
51 61 
51 118 
51 97 
52 14 
52 64 
52 17 
52 122 
52 77 
52 103 
52 74 
52 27 
52 93 
52 24 
52 125 
52 30 
52 35 
52 119 
52 126 
52 38 
52 67 
52 2 
52 11 
52 107 
52 124 
52 101 
52 123 
52 48 
52 99 
52 25 
52 22 
52 10 
52 78 
52 55 
52 23 
53 13 
53 24 
53 58 
53 66 
53 114 
53 30 
53 11 
53 76 
53 82 
53 7 
53 113 
53 49 
53 112 
53 56 
53 18 
53 110 
53 74 
53 100 
53 2 
53 26 
53 47 
53 105 
53 96 
53 21 
53 10 
53 36 
53 63 
53 14 
53 61 
53 120 
53 64 
53 78 
53 50 
53 91 
53 16 
53 106 
53 123 
53 65 
53 121 
53 57 
53 95 
53 90 
53 116 
54 27 
54 9 
54 84 
54 105 
54 31 
54 93 
54 11 
54 68 
54 78 
54 102 
54 19 
54 36 
54 42 
54 64 
54 62 
54 114 
54 81 
54 73 
54 123 
54 121 
54 104 
54 83 
54 125 
54 76 
54 96 
54 74 
54 6 
54 58 
54 3 
54 88 
54 69 
54 1 
54 18 
54 95 
54 28 
54 5 
55 22 
55 120 
55 44 
55 81 
55 29 
55 33 
55 77 
55 0 
55 128 
55 113 
55 49 
55 109 
55 23 
55 47 
55 27 
55 8 
55 37 
55 41 
55 14 
55 21 
55 89 
55 10 
55 65 
55 3 
55 51 
55 94 
55 15 
55 122 
55 70 
55 35 
55 5 
55 32 
55 38 
55 6 
55 88 
55 48 
55 116 
55 115 
55 98 
55 93 
55 52 
55 62 
55 101 
56 92 
56 10 
56 61 
56 82 
56 16 
56 74 
56 50 
56 94 
56 109 
56 41 
56 25 
56 53 
56 59 
56 35 
56 112 
56 120 
56 95 
56 64 
56 106 
56 90 
56 116 
56 103 
56 69 
56 71 
56 104 
56 43 
56 126 
56 21 
56 19 
56 70 
56 76 
56 60 
56 121 
56 123 
56 98 
56 99 
56 85 
56 97 
56 62 
57 86 
57 74 
57 46 
57 11 
57 50 
57 8 
57 104 
57 66 
57 15 
57 9 
57 12 
57 33 
57 118 
57 87 
57 111 
57 110 
57 109 
57 45 
57 107 
57 7 
57 97 
57 27 
57 23 
57 61 
57 39 
57 98 
57 13 
57 58 
57 53 
57 5 
57 116 
57 79 
57 100 
57 43 
57 101 
57 81 
58 38 
58 6 
58 10 
58 53 
58 33 
58 0 
58 104 
58 17 
58 114 
58 11 
58 77 
58 43 
58 80 
58 1 
58 127 
58 47 
58 71 
58 92 
58 5 
58 28 
58 97 
58 128 
58 116 
58 115 
58 72 
58 88 
58 22 
58 54 
58 78 
58 62 
58 21 
58 75 
58 113 
58 90 
58 57 
58 108 
58 103 
58 49 
58 101 
59 105 
59 27 
59 123 
59 41 
59 98 
59 91 
59 50 
59 38 
59 37 
59 43 
59 60 
59 64 
59 13 
59 28 
59 78 
59 56 
59 115 
59 107 
59 103 
59 7 
59 126 
59 69 
59 82 
59 66 
59 62 
59 20 
59 79 
59 11 
59 114 
59 32 
59 113 
59 121 
59 6 
59 84 
59 35 
59 0 
59 112 
59 42 
59 111 
59 3 
59 47 
60 107 
60 13 
60 62 
60 84 
60 9 
60 59 
60 33 
60 61 
60 83 
60 98 
60 82 
60 118 
60 28 
60 109 
60 27 
60 26 
60 90 
60 80 
60 111 
60 103 
60 56 
60 45 
60 38 
60 17 
60 22 
60 70 
60 64 
60 89 
61 56 
61 127 
61 49 
61 39 
61 89 
61 121 
61 106 
61 36 
61 12 
61 72 
61 60 
61 6 
61 116 
61 74 
61 126 
61 93 
61 105 
61 122 
61 76 
61 43 
61 99 
61 73 
61 117 
61 21 
61 53 
61 47 
61 14 
61 118 
61 124 
61 57 
61 91 
61 78 
61 66 
61 25 
61 115 
61 31 
61 113 
61 75 
61 30 
61 64 
61 3 
61 51 
61 11 
62 19 
62 60 
62 100 
62 117 
62 37 
62 68 
62 105 
62 18 
62 122 
62 6 
62 97 
62 22 
62 108 
62 40 
62 50 
62 25 
62 30 
62 125 
62 71 
62 10 
62 12 
62 101 
62 54 
62 80 
62 73 
62 78 
62 120 
62 128 
62 59 
62 33 
62 17 
62 11 
62 63 
62 45 
62 46 
62 58 
62 90 
62 89 
62 16 
62 67 
62 51 
62 99 
62 104 
62 124 
62 8 
62 55 
62 56 
63 22 
63 34 
63 15 
63 105 
63 110 
63 86 
63 127 
63 41 
63 88 
63 27 
63 102 
63 45 
63 123 
63 14 
63 4 
63 42 
63 79 
63 50 
63 25 
63 48 
63 53 
63 82 
63 96 
63 7 
63 62 
63 51 
63 38 
63 116 
63 121 
63 118 
63 13 
63 29 
63 124 
63 31 
63 8 
63 98 
63 68 
63 0 
63 70 
63 111 
63 9 
64 79 
64 108 
64 52 
64 111 
64 59 
64 34 
64 35 
64 54 
64 97 
64 73 
64 109 
64 9 
64 56 
64 29 
64 81 
64 93 
64 123 
64 8 
64 84 
64 53 
64 117 
64 102 
64 83 
64 99 
64 90 
64 95 
64 11 
64 51 
64 106 
64 61 
64 60 
65 119 
65 77 
65 118 
65 33 
65 5 
65 108 
65 35 
65 96 
65 12 
65 55 
65 94 
65 28 
65 0 
65 46 
65 79 
65 68 
65 120 
65 105 
65 17 
65 70 
65 4 
65 30 
65 107 
65 53 
65 84 
65 78 
65 3 
65 45 
65 110 
66 53 
66 41 
66 39 
66 124 
66 110 
66 57 
66 50 
66 25 
66 1 
66 115 
66 28 
66 15 
66 67 
66 83 
66 107 
66 31 
66 59 
66 121 
66 100 
66 75 
66 99 
66 14 
66 104 
66 16 
66 101 
66 98 
66 61 
66 76 
66 108 
66 36 
66 87 
66 22 
66 68 
66 7 
66 86 
67 80 
67 100 
67 23 
67 103 
67 16 
67 96 
67 113 
67 111 
67 127 
67 81 
67 24 
67 72 
67 115 
67 120 
67 66 
67 1 
67 14 
67 45 
67 86 
67 102 
67 19 
67 26 
67 52 
67 36 
67 42 
67 119 
67 9 
67 97 
67 123 
67 39 
67 62 
67 68 
67 83 
67 85 
67 126 
67 33 
68 38 
68 80 
68 32 
68 98 
68 127 
68 62 
68 50 
68 3 
68 49 
68 112 
68 70 
68 83 
68 5 
68 114 
68 54 
68 119 
68 72 
68 41 
68 97 
68 7 
68 102 
68 40 
68 84 
68 65 
68 125 
68 43 
68 48 
68 8 
68 10 
68 42 
68 15 
68 12 
68 123 
68 25 
68 35 
68 99 
68 85 
68 126 
68 67 
68 105 
68 86 
68 63 
68 1 
68 66 
68 18 
68 104 
69 6 
69 101 
69 3 
69 121 
69 45 
69 1 
69 8 
69 17 
69 43 
69 74 
69 37 
69 78 
69 59 
69 0 
69 56 
69 120 
69 83 
69 49 
69 23 
69 85 
69 91 
69 2 
69 86 
69 35 
69 104 
69 94 
69 82 
69 54 
69 84 
69 29 
69 34 
69 26 
69 99 
69 71 
69 116 
69 125 
70 111 
70 41 
70 12 
70 13 
70 112 
70 68 
70 89 
70 23 
70 82 
70 42 
70 11 
70 47 
70 2 
70 102 
70 1 
70 78 
70 108 
70 17 
70 79 
70 93 
70 0 
70 33 
70 55 
70 40 
70 51 
70 101 
70 56 
70 43 
70 9 
70 104 
70 65 
70 27 
70 122 
70 105 
70 60 
70 91 
70 63 
71 105 
71 110 
71 88 
71 25 
71 18 
71 10 
71 62 
71 95 
71 120 
71 111 
71 58 
71 116 
71 118 
71 34 
71 107 
71 21 
71 56 
71 122 
71 36 
71 39 
71 113 
71 43 
71 108 
71 27 
71 126 
71 69 
71 124 
71 93 
72 76 
72 114 
72 40 
72 84 
72 38 
72 123 
72 50 
72 112 
72 67 
72 90 
72 68 
72 61 
72 11 
72 43 
72 74 
72 102 
72 25 
72 6 
72 13 
72 37 
72 97 
72 46 
72 17 
72 3 
72 126 
72 47 
72 88 
72 58 
72 0 
72 18 
72 124 
72 107 
72 119 
72 78 
72 80 
72 118 
72 39 
72 16 
72 5 
72 32 
73 101 
73 84 
73 40 
73 112 
73 106 
73 33 
73 120 
73 122 
73 43 
73 7 
73 126 
73 11 
73 62 
73 64 
73 110 
73 81 
73 100 
73 13 
73 6 
73 3 
73 54 
73 96 
73 61 
73 36 
73 98 
73 87 
73 5 
73 114 
73 47 
73 79 
73 109 
73 0 
73 31 
73 97 
73 124 
73 17 
74 57 
74 8 
74 87 
74 126 
74 56 
74 51 
74 127 
74 32 
74 75 
74 15 
74 69 
74 88 
74 94 
74 33 
74 114 
74 72 
74 61 
74 53 
74 128 
74 44 
74 76 
74 52 
74 110 
74 10 
74 54 
74 13 
74 81 
74 119 
74 9 
74 92 
74 26 
74 78 
74 14 
74 98 
74 106 
75 11 
75 13 
75 6 
75 111 
75 84 
75 74 
75 102 
75 119 
75 2 
75 103 
75 113 
75 89 
75 46 
75 126 
75 17 
75 16 
75 44 
75 14 
75 22 
75 18 
75 107 
75 0 
75 95 
75 66 
75 101 
75 30 
75 5 
75 83 
75 76 
75 49 
75 58 
75 31 
75 91 
75 110 
75 34 
75 122 
75 61 
75 100 
75 12 
75 114 
75 97 
75 9 
76 0 
76 72 
76 18 
76 81 
76 53 
76 2 
76 6 
76 110 
76 79 
76 108 
76 11 
76 100 
76 103 
76 49 
76 96 
76 117 
76 8 
76 74 
76 61 
76 22 
76 1 
76 119 
76 83 
76 91 
76 54 
76 16 
76 111 
76 51 
76 42 
76 75 
76 13 
76 56 
76 105 
76 66 
76 21 
76 48 
76 9 
76 90 
76 95 
76 85 
76 86 
76 5 
77 107 
77 65 
77 43 
77 25 
77 5 
77 78 
77 27 
77 55 
77 50 
77 106 
77 91 
77 18 
77 58 
77 52 
77 113 
77 10 
77 19 
77 42 
77 108 
77 111 
77 119 
77 112 
77 85 
77 117 
77 126 
77 100 
77 24 
77 93 
77 87 
77 16 
77 2 
77 29 
77 98 
78 91 
78 126 
78 112 
78 43 
78 15 
78 24 
78 11 
78 77 
78 33 
78 22 
78 13 
78 14 
78 37 
78 54 
78 104 
78 39 
78 59 
78 121 
78 69 
78 118 
78 114 
78 49 
78 62 
78 70 
78 3 
78 0 
78 29 
78 5 
78 23 
78 61 
78 53 
78 58 
78 127 
78 111 
78 21 
78 72 
78 116 
78 36 
78 65 
78 120 
78 80 
78 74 
78 102 
78 52 
79 92 
79 64 
79 112 
79 83 
79 17 
79 1 
79 22 
79 123 
79 8 
79 76 
79 111 
79 118 
79 4 
79 121 
79 63 
79 33 
79 19 
79 10 
79 103 
79 109 
79 84 
79 46 
79 115 
79 70 
79 65 
79 28 
79 59 
79 14 
79 37 
79 15 
79 87 
79 0 
79 73 
79 88 
79 119 
79 12 
79 18 
79 57 
79 36 
80 68 
80 67 
80 106 
80 17 
80 19 
80 113 
80 100 
80 96 
80 99 
80 28 
80 58 
80 116 
80 48 
80 37 
80 14 
80 12 
80 124 
80 97 
80 62 
80 4 
80 81 
80 22 
80 15 
80 127 
80 126 
80 104 
80 60 
80 92 
80 39 
80 6 
80 29 
80 24 
80 7 
80 72 
80 78 
80 0 
81 37 
81 120 
81 118 
81 2 
81 76 
81 27 
81 22 
81 47 
81 55 
81 91 
81 67 
81 94 
81 18 
81 87 
81 32 
81 19 
81 73 
81 80 
81 64 
81 54 
81 5 
81 115 
81 26 
81 23 
81 10 
81 83 
81 74 
81 93 
81 106 
81 85 
81 104 
81 57 
82 3 
82 109 
82 95 
82 126 
82 56 
82 128 
82 101 
82 53 
82 70 
82 11 
82 7 
82 103 
82 127 
82 49 
82 98 
82 60 
82 14 
82 118 
82 15 
82 28 
82 111 
82 102 
82 59 
82 5 
82 116 
82 106 
82 83 
82 63 
82 8 
82 44 
82 43 
82 42 
82 34 
82 69 
82 51 
82 17 
82 1 
82 12 
82 16 
82 18 
82 115 
82 119 
82 24 
82 88 
83 79 
83 8 
83 68 
83 92 
83 126 
83 14 
83 119 
83 96 
83 99 
83 48 
83 13 
83 36 
83 60 
83 66 
83 87 
83 113 
83 6 
83 3 
83 98 
83 82 
83 51 
83 69 
83 54 
83 16 
83 76 
83 84 
83 75 
83 122 
83 18 
83 100 
83 29 
83 64 
83 5 
83 112 
83 81 
83 67 
83 116 
83 85 
83 34 
83 128 
83 101 
84 87 
84 73 
84 37 
84 127 
84 72 
84 17 
84 103 
84 60 
84 38 
84 54 
84 34 
84 75 
84 18 
84 96 
84 116 
84 106 
84 120 
84 109 
84 125 
84 50 
84 79 
84 68 
84 32 
84 119 
84 64 
84 89 
84 83 
84 118 
84 26 
84 36 
84 99 
84 6 
84 59 
84 69 
84 111 
84 65 
84 124 
85 97 
85 39 
85 51 
85 94 
85 121 
85 38 
85 12 
85 95 
85 91 
85 99 
85 28 
85 77 
85 114 
85 16 
85 69 
85 116 
85 4 
85 46 
85 5 
85 124 
85 47 
85 100 
85 68 
85 67 
85 113 
85 81 
85 88 
85 76 
85 98 
85 9 
85 24 
85 56 
85 83 
86 57 
86 98 
86 88 
86 94 
86 63 
86 110 
86 127 
86 39 
86 114 
86 30 
86 44 
86 6 
86 22 
86 103 
86 29 
86 67 
86 11 
86 4 
86 24 
86 47 
86 125 
86 69 
86 10 
86 18 
86 90 
86 43 
86 9 
86 68 
86 48 
86 76 
86 66 
86 38 
87 84 
87 113 
87 96 
87 74 
87 5 
87 97 
87 15 
87 43 
87 49 
87 23 
87 12 
87 81 
87 100 
87 83 
87 57 
87 2 
87 0 
87 93 
87 90 
87 27 
87 92 
87 37 
87 16 
87 73 
87 77 
87 31 
87 102 
87 79 
87 112 
87 14 
87 103 
87 1 
87 3 
87 18 
87 66 
87 42 
87 39 
87 88 
87 9 
87 4 
87 115 
88 11 
88 86 
88 49 
88 126 
88 71 
88 35 
88 110 
88 116 
88 63 
88 27 
88 121 
88 29 
88 74 
88 50 
88 32 
88 111 
88 122 
88 90 
88 33 
88 120 
88 2 
88 0 
88 72 
88 58 
88 26 
88 22 
88 54 
88 55 
88 79 
88 38 
88 85 
88 17 
88 87 
88 12 
88 82 
88 21 
88 30 
89 127 
89 1 
89 96 
89 70 
89 61 
89 110 
89 49 
89 23 
89 111 
89 92 
89 35 
89 11 
89 75 
89 4 
89 122 
89 8 
89 47 
89 55 
89 43 
89 41 
89 84 
89 117 
89 45 
89 105 
89 29 
89 18 
89 42 
89 97 
89 119 
89 126 
89 62 
89 51 
89 27 
89 93 
89 16 
89 22 
89 102 
89 60 
90 49 
90 20 
90 38 
90 22 
90 113 
90 30 
90 11 
90 72 
90 105 
90 5 
90 4 
90 2 
90 88 
90 33 
90 56 
90 98 
90 93 
90 127 
90 111 
90 87 
90 43 
90 112 
90 29 
90 60 
90 37 
90 45 
90 16 
90 62 
90 64 
90 100 
90 58 
90 86 
90 109 
90 76 
90 53 
90 97 
91 78 
91 95 
91 59 
91 110 
91 120 
91 119 
91 81 
91 45 
91 42 
91 77 
91 98 
91 4 
91 85 
91 0 
91 32 
91 10 
91 26 
91 125 
91 30 
91 69 
91 76 
91 11 
91 118 
91 99 
91 61 
91 111 
91 8 
91 21 
91 53 
91 75 
91 115 
91 103 
91 37 
91 70 
91 109 
92 127 
92 79 
92 42 
92 56 
92 28 
92 32 
92 83 
92 20 
92 95 
92 16 
92 103 
92 17 
92 36 
92 89 
92 45 
92 4 
92 26 
92 39 
92 7 
92 119 
92 58 
92 118 
92 87 
92 5 
92 80 
92 27 
92 109 
92 105 
92 93 
92 108 
92 74 
92 98 
92 40 
93 7 
93 41 
93 21 
93 16 
93 34 
93 13 
93 54 
93 40 
93 119 
93 48 
93 26 
93 15 
93 5 
93 122 
93 61 
93 24 
93 64 
93 39 
93 87 
93 90 
93 52 
93 9 
93 126 
93 70 
93 6 
93 77 
93 44 
93 117 
93 81 
93 118 
93 92 
93 18 
93 123 
93 100 
93 89 
93 120 
93 55 
93 71 
93 28 
94 41 
94 45 
94 124 
94 85 
94 28 
94 86 
94 56 
94 81 
94 96 
94 39 
94 74 
94 19 
94 104 
94 119 
94 4 
94 121 
94 98 
94 14 
94 48 
94 65 
94 34 
94 55 
94 27 
94 0 
94 49 
94 50 
94 128 
94 69 
94 30 
94 97 
94 5 
94 6 
95 115 
95 91 
95 7 
95 0 
95 13 
95 104 
95 82 
95 27 
95 8 
95 92 
95 114 
95 128 
95 127 
95 103 
95 123 
95 85 
95 71 
95 113 
95 56 
95 40 
95 30 
95 111 
95 32 
95 75 
95 22 
95 44 
95 47 
95 98 
95 126 
95 28 
95 37 
95 64 
95 29 
95 23 
95 76 
95 101 
95 17 
95 53 
95 15 
95 38 
95 14 
95 54 
95 122 
95 41 
96 38 
96 87 
96 29 
96 89 
96 16 
96 67 
96 80 
96 83 
96 24 
96 7 
96 118 
96 94 
96 99 
96 84 
96 18 
96 17 
96 76 
96 65 
96 123 
96 46 
96 2 
96 53 
96 73 
96 63 
96 120 
96 20 
96 54 
96 100 
96 101 
96 43 
96 10 
96 103 
96 39 
96 115 
96 13 
97 85 
97 46 
97 110 
97 22 
97 62 
97 87 
97 109 
97 28 
97 126 
97 13 
97 23 
97 36 
97 125 
97 124 
97 68 
97 12 
97 17 
97 9 
97 80 
97 64 
97 34 
97 24 
97 122 
97 58 
97 72 
97 113 
97 31 
97 57 
97 41 
97 43 
97 118 
97 89 
97 16 
97 1 
97 67 
97 26 
97 38 
97 18 
97 120 
97 25 
97 49 
97 44 
97 94 
97 116 
97 73 
97 75 
97 56 
97 51 
97 90 
98 86 
98 119 
98 68 
98 59 
98 10 
98 122 
98 23 
98 26 
98 114 
98 11 
98 91 
98 14 
98 116 
98 0 
98 42 
98 82 
98 34 
98 48 
98 125 
98 60 
98 94 
98 25 
98 90 
98 83 
98 73 
98 41 
98 33 
98 44 
98 51 
98 95 
98 3 
98 66 
98 49 
98 57 
98 77 
98 4 
98 56 
98 126 
98 63 
98 85 
98 39 
98 55 
98 92 
98 74 
99 121 
99 13 
99 110 
99 83 
99 101 
99 80 
99 96 
99 112 
99 125 
99 10 
99 100 
99 85 
99 48 
99 107 
99 50 
99 114 
99 17 
99 61 
99 66 
99 44 
99 91 
99 84 
99 25 
99 64 
99 68 
99 34 
99 56 
99 62 
99 0 
99 52 
99 69 
99 32 
99 37 
99 19 
100 1 
100 62 
100 67 
100 105 
100 26 
100 3 
100 80 
100 120 
100 104 
100 36 
100 109 
100 76 
100 43 
100 87 
100 53 
100 126 
100 33 
100 99 
100 47 
100 73 
100 34 
100 16 
100 28 
100 0 
100 66 
100 124 
100 77 
100 25 
100 96 
100 45 
100 83 
100 103 
100 30 
100 85 
100 7 
100 90 
100 117 
100 75 
100 6 
100 39 
100 93 
100 101 
100 57 
100 9 
100 102 
100 13 
100 32 
101 107 
101 69 
101 73 
101 117 
101 82 
101 39 
101 99 
101 121 
101 111 
101 17 
101 16 
101 126 
101 26 
101 124 
101 62 
101 18 
101 104 
101 23 
101 20 
101 75 
101 46 
101 1 
101 70 
101 21 
101 8 
101 66 
101 14 
101 52 
101 106 
101 122 
101 96 
101 24 
101 95 
101 5 
101 127 
101 58 
101 100 
101 57 
101 55 
101 83 
102 18 
102 113 
102 3 
102 115 
102 43 
102 54 
102 75 
102 63 
102 6 
102 51 
102 70 
102 5 
102 72 
102 68 
102 38 
102 30 
102 82 
102 12 
102 114 
102 67 
102 50 
102 16 
102 64 
102 108 
102 48 
102 87 
102 45 
102 47 
102 20 
102 23 
102 128 
102 100 
102 78 
102 89 
103 117 
103 15 
103 10 
103 67 
103 84 
103 92 
103 31 
103 82 
103 12 
103 52 
103 95 
103 75 
103 127 
103 30 
103 107 
103 59 
103 76 
103 128 
103 114 
103 79 
103 86 
103 56 
103 23 
103 3 
103 111 
103 38 
103 13 
103 105 
103 36 
103 17 
103 51 
103 60 
103 100 
103 28 
103 16 
103 87 
103 119 
103 96 
103 8 
103 44 
103 58 
103 1 
103 6 
103 91 
103 115 
103 49 
103 11 
104 95 
104 58 
104 57 
104 106 
104 15 
104 123 
104 23 
104 78 
104 31 
104 100 
104 94 
104 50 
104 22 
104 49 
104 101 
104 56 
104 54 
104 7 
104 40 
104 80 
104 69 
104 66 
104 70 
104 121 
104 6 
104 30 
104 3 
104 113 
104 37 
104 62 
104 81 
104 45 
104 68 
104 43 
104 125 
105 59 
105 34 
105 38 
105 71 
105 106 
105 62 
105 63 
105 100 
105 118 
105 49 
105 54 
105 90 
105 50 
105 7 
105 13 
105 1 
105 61 
105 24 
105 53 
105 41 
105 25 
105 23 
105 103 
105 89 
105 48 
105 114 
105 65 
105 76 
105 92 
105 46 
105 15 
105 68 
105 18 
105 70 
105 27 
106 41 
106 105 
106 126 
106 80 
106 118 
106 104 
106 77 
106 73 
106 61 
106 42 
106 28 
106 38 
106 84 
106 56 
106 27 
106 120 
106 19 
106 82 
106 30 
106 2 
106 3 
106 46 
106 115 
106 111 
106 101 
106 81 
106 53 
106 64 
106 0 
106 74 
107 77 
107 14 
107 101 
107 60 
107 32 
107 39 
107 10 
107 115 
107 118 
107 16 
107 59 
107 103 
107 66 
107 71 
107 99 
107 117 
107 123 
107 75 
107 57 
107 45 
107 52 
107 46 
107 25 
107 72 
107 128 
107 17 
107 24 
107 26 
107 36 
107 49 
107 65 
107 2 
108 1 
108 5 
108 64 
108 35 
108 41 
108 6 
108 62 
108 121 
108 0 
108 110 
108 65 
108 20 
108 76 
108 40 
108 77 
108 48 
108 70 
108 111 
108 23 
108 49 
108 47 
108 38 
108 29 
108 30 
108 102 
108 120 
108 34 
108 66 
108 19 
108 45 
108 112 
108 92 
108 58 
108 71 
108 109 
108 124 
108 9 
109 82 
109 41 
109 4 
109 20 
109 97 
109 27 
109 18 
109 55 
109 13 
109 56 
109 126 
109 39 
109 100 
109 12 
109 64 
109 127 
109 118 
109 84 
109 8 
109 79 
109 57 
109 35 
109 45 
109 120 
109 60 
109 115 
109 2 
109 110 
109 128 
109 73 
109 124 
109 92 
109 119 
109 10 
109 90 
109 29 
109 108 
109 112 
109 91 
110 42 
110 97 
110 14 
110 71 
110 91 
110 119 
110 66 
110 38 
110 89 
110 63 
110 86 
110 99 
110 76 
110 88 
110 21 
110 108 
110 125 
110 39 
110 53 
110 37 
110 73 
110 124 
110 57 
110 74 
110 1 
110 2 
110 109 
110 13 
110 5 
110 29 
110 16 
110 75 
110 43 
110 65 
111 125 
111 70 
111 115 
111 64 
111 67 
111 75 
111 89 
111 36 
111 37 
111 101 
111 42 
111 0 
111 29 
111 79 
111 71 
111 88 
111 45 
111 82 
111 9 
111 28 
111 77 
111 57 
111 95 
111 19 
111 108 
111 90 
111 117 
111 103 
111 116 
111 76 
111 60 
111 26 
111 91 
111 2 
111 24 
111 30 
111 106 
111 15 
111 78 
111 84 
111 41 
111 59 
111 17 
111 4 
111 63 
112 18 
112 78 
112 79 
112 49 
112 70 
112 68 
112 20 
112 21 
112 73 
112 5 
112 13 
112 72 
112 53 
112 51 
112 99 
112 118 
112 44 
112 46 
112 56 
112 0 
112 37 
112 77 
112 16 
112 24 
112 90 
112 113 
112 126 
112 28 
112 117 
112 87 
112 114 
112 83 
112 34 
112 22 
112 108 
112 59 
112 109 
112 33 
112 3 
112 6 
113 51 
113 50 
113 87 
113 102 
113 2 
113 43 
113 12 
113 13 
113 25 
113 39 
113 90 
113 67 
113 53 
113 80 
113 55 
113 0 
113 115 
113 31 
113 77 
113 21 
113 75 
113 95 
113 126 
113 83 
113 29 
113 8 
113 97 
113 37 
113 112 
113 22 
113 16 
113 59 
113 124 
113 58 
113 71 
113 61 
113 17 
113 85 
113 49 
113 104 
113 38 
114 72 
114 53 
114 51 
114 35 
114 98 
114 68 
114 58 
114 33 
114 2 
114 95 
114 15 
114 86 
114 0 
114 12 
114 9 
114 74 
114 4 
114 78 
114 54 
114 103 
114 115 
114 48 
114 99 
114 102 
114 85 
114 13 
114 32 
114 22 
114 125 
114 105 
114 59 
114 73 
114 28 
114 34 
114 112 
114 75 
114 49 
114 40 
114 3 
115 95 
115 5 
115 14 
115 102 
115 39 
115 111 
115 0 
115 107 
115 16 
115 13 
115 118 
115 113 
115 67 
115 28 
115 66 
115 59 
115 18 
115 35 
115 114 
115 79 
115 30 
115 34 
115 10 
115 81 
115 58 
115 109 
115 6 
115 48 
115 106 
115 116 
115 61 
115 55 
115 91 
115 82 
115 2 
115 103 
115 128 
115 87 
115 96 
116 118 
116 19 
116 17 
116 9 
116 33 
116 41 
116 123 
116 88 
116 98 
116 80 
116 4 
116 61 
116 84 
116 12 
116 71 
116 34 
116 122 
116 82 
116 56 
116 20 
116 58 
116 121 
116 111 
116 85 
116 46 
116 13 
116 49 
116 63 
116 120 
116 115 
116 78 
116 30 
116 97 
116 83 
116 119 
116 55 
116 42 
116 3 
116 57 
116 53 
116 126 
116 69 
116 10 
117 8 
117 103 
117 10 
117 62 
117 13 
117 31 
117 101 
117 43 
117 22 
117 76 
117 47 
117 107 
117 111 
117 41 
117 77 
117 61 
117 89 
117 64 
117 37 
117 51 
117 126 
117 93 
117 35 
117 112 
117 38 
117 124 
117 17 
117 100 
117 23 
117 18 
118 116 
118 42 
118 81 
118 105 
118 65 
118 123 
118 106 
118 22 
118 115 
118 107 
118 30 
118 57 
118 96 
118 112 
118 79 
118 60 
118 11 
118 82 
118 78 
118 49 
118 32 
118 109 
118 71 
118 125 
118 0 
118 8 
118 92 
118 128 
118 121 
118 61 
118 84 
118 91 
118 97 
118 63 
118 21 
118 93 
118 7 
118 26 
118 48 
118 72 
118 127 
118 51 
119 34 
119 2 
119 65 
119 98 
119 21 
119 22 
119 4 
119 91 
119 110 
119 14 
119 24 
119 83 
119 44 
119 93 
119 68 
119 36 
119 75 
119 46 
119 47 
119 94 
119 25 
119 6 
119 77 
119 92 
119 128 
119 84 
119 19 
119 76 
119 52 
119 48 
119 50 
119 7 
119 67 
119 11 
119 20 
119 89 
119 74 
119 0 
119 109 
119 121 
119 39 
119 72 
119 49 
119 103 
119 116 
119 79 
119 26 
119 82 
119 40 
119 27 
120 29 
120 121 
120 55 
120 81 
120 91 
120 7 
120 124 
120 27 
120 42 
120 21 
120 50 
120 100 
120 73 
120 28 
120 19 
120 67 
120 71 
120 56 
120 33 
120 51 
120 34 
120 84 
120 106 
120 10 
120 62 
120 109 
120 69 
120 88 
120 38 
120 53 
120 65 
120 96 
120 14 
120 108 
120 116 
120 97 
120 0 
120 78 
120 93 
120 8 
121 43 
121 120 
121 99 
121 29 
121 37 
121 47 
121 69 
121 51 
121 27 
121 61 
121 85 
121 108 
121 101 
121 88 
121 18 
121 17 
121 40 
121 78 
121 79 
121 94 
121 127 
121 14 
121 1 
121 5 
121 46 
121 20 
121 66 
121 118 
121 54 
121 116 
121 122 
121 63 
121 30 
121 59 
121 126 
121 119 
121 56 
121 104 
121 39 
121 49 
121 53 
121 7 
121 2 
122 19 
122 17 
122 14 
122 98 
122 62 
122 52 
122 73 
122 15 
122 89 
122 93 
122 88 
122 61 
122 31 
122 116 
122 97 
122 18 
122 29 
122 48 
122 5 
122 121 
122 36 
122 55 
122 83 
122 11 
122 8 
122 9 
122 21 
122 71 
122 28 
122 101 
122 75 
122 12 
122 35 
122 27 
122 3 
122 70 
122 95 
123 59 
123 51 
123 72 
123 118 
123 79 
123 126 
123 104 
123 116 
123 95 
123 7 
123 63 
123 44 
123 96 
123 10 
123 64 
123 33 
123 22 
123 107 
123 54 
123 6 
123 25 
123 19 
123 68 
123 67 
123 56 
123 26 
123 52 
123 93 
123 53 
123 15 
123 50 
123 12 
124 94 
124 66 
124 120 
124 5 
124 1 
124 97 
124 128 
124 101 
124 80 
124 110 
124 31 
124 10 
124 100 
124 38 
124 61 
124 52 
124 85 
124 72 
124 109 
124 40 
124 117 
124 45 
124 30 
124 63 
124 113 
124 50 
124 32 
124 62 
124 41 
124 108 
124 71 
124 73 
124 84 
125 111 
125 39 
125 33 
125 16 
125 40 
125 62 
125 48 
125 12 
125 97 
125 110 
125 99 
125 98 
125 21 
125 118 
125 50 
125 84 
125 52 
125 28 
125 91 
125 18 
125 54 
125 86 
125 68 
125 114 
125 42 
125 49 
125 44 
125 104 
125 69 
126 51 
126 78 
126 24 
126 8 
126 88 
126 82 
126 106 
126 28 
126 3 
126 74 
126 83 
126 97 
126 50 
126 123 
126 19 
126 4 
126 109 
126 36 
126 101 
126 73 
126 61 
126 59 
126 100 
126 75 
126 113 
126 23 
126 31 
126 16 
126 93 
126 44 
126 77 
126 80 
126 33 
126 52 
126 56 
126 72 
126 13 
126 112 
126 117 
126 95 
126 14 
126 89 
126 121 
126 5 
126 98 
126 68 
126 21 
126 71 
126 67 
126 10 
126 116 
127 92 
127 37 
127 68 
127 89 
127 84 
127 61 
127 22 
127 63 
127 67 
127 27 
127 86 
127 74 
127 40 
127 29 
127 82 
127 95 
127 4 
127 58 
127 103 
127 45 
127 32 
127 121 
127 109 
127 90 
127 80 
127 23 
127 46 
127 34 
127 28 
127 6 
127 19 
127 5 
127 128 
127 78 
127 25 
127 101 
127 118 
127 0 
128 82 
128 55 
128 95 
128 34 
128 124 
128 11 
128 103 
128 1 
128 6 
128 74 
128 118 
128 119 
128 62 
128 58 
128 26 
128 94 
128 3 
128 109 
128 107 
128 127 
128 25 
128 42 
128 15 
128 47 
128 115 
128 102 
128 83 
