0 85 44 101 28 67 77 76 117 92 
1 46 40 74 112 52 26 37 82 118 30 91 105 63 66 47 
2 112 72 89 22 76 74 24 102 92 9 39 48 5 106 52 85 17 97 
3 98 59 50 15 108 17 34 21 99 26 81 23 
4 36 98 96 70 75 47 64 45 48 
5 109 91 52 54 20 2 87 84 97 104 25 64 
6 110 93 99 34 41 73 10 26 72 40 14 
7 14 89 98 46 45 81 53 99 76 93 13 120 22 
8 102 15 112 111 103 107 37 36 53 74 52 56 
9 70 73 116 94 28 15 78 41 2 56 95 45 82 49 18 22 44 13 12 109 
10 56 102 49 108 20 94 109 6 58 103 86 118 46 110 
11 112 36 118 46 78 109 72 115 
12 110 105 21 56 74 113 91 45 65 98 9 49 
13 97 72 104 103 30 38 58 7 9 34 14 
14 7 22 114 34 90 43 51 6 97 106 95 74 56 13 31 
15 8 55 88 9 3 89 97 56 59 96 81 91 109 73 45 
16 98 99 76 68 52 75 37 24 
17 52 59 3 116 54 50 78 2 104 
18 23 92 30 42 58 111 43 96 9 109 61 100 
19 108 65 62 55 64 43 112 114 94 96 106 
20 49 63 69 10 32 5 106 22 90 97 78 30 34 25 53 86 
21 72 35 76 102 55 106 54 12 3 39 47 94 88 44 
22 14 2 79 45 20 119 9 33 106 93 29 80 84 100 7 
23 31 18 89 83 65 68 70 48 84 87 47 88 3 
24 51 25 47 2 109 98 45 118 31 92 16 
25 24 66 107 47 79 93 5 20 101 87 
26 52 1 39 72 42 113 64 46 27 53 6 84 115 100 30 3 
27 88 91 90 63 26 82 96 85 
28 51 46 9 72 80 65 0 94 44 81 
29 32 49 83 102 64 98 22 39 
30 71 33 85 94 118 13 107 18 112 113 42 20 31 1 26 62 105 77 
31 23 103 80 85 60 70 58 88 30 89 24 97 14 
32 29 20 37 34 77 119 66 53 41 99 
33 85 35 94 30 50 118 57 102 67 90 22 81 
34 6 95 3 59 32 108 115 76 14 20 112 118 107 13 
35 37 33 46 21 90 108 43 78 
36 66 4 11 73 38 79 110 89 8 39 
37 35 97 101 87 1 32 53 58 93 63 64 79 74 8 111 16 51 109 
38 108 99 120 102 64 36 50 55 87 84 13 52 54 63 110 80 
39 26 94 21 2 72 62 95 36 70 29 101 
40 1 106 99 43 113 86 116 59 6 118 108 88 68 
41 9 6 74 32 78 88 101 
42 98 64 76 18 26 62 30 97 109 119 66 63 
43 93 80 70 120 106 98 40 35 90 74 18 19 53 14 94 85 104 44 
44 70 58 0 79 64 50 90 9 28 92 43 21 
45 71 56 7 88 22 9 24 53 12 4 90 15 115 
46 1 35 102 28 7 11 82 26 100 119 10 
47 100 97 24 25 108 4 21 105 23 93 1 
48 103 120 115 51 56 79 23 2 67 72 4 82 
49 20 29 10 9 85 51 68 87 12 
50 63 80 109 110 120 3 116 44 71 33 38 92 119 72 17 
51 28 24 104 115 48 95 81 14 49 37 77 
52 63 1 102 5 103 26 17 79 2 99 100 16 38 96 8 112 
53 78 87 37 89 94 7 45 43 26 32 8 20 
54 98 58 5 90 21 92 56 60 99 17 77 38 
55 86 15 21 69 97 19 38 88 
56 10 45 48 83 9 12 54 82 15 116 14 8 
57 118 72 33 
58 44 54 61 89 37 18 108 31 79 69 59 13 10 
59 81 3 17 118 34 108 15 40 58 105 
60 102 31 54 109 100 84 
61 73 58 118 67 74 98 18 
62 87 68 98 117 110 19 42 39 111 30 
63 52 50 20 109 101 27 79 105 37 65 87 76 91 38 42 1 
64 42 90 38 44 29 26 114 19 37 113 95 4 5 120 
65 72 19 109 23 28 77 63 12 73 
66 25 36 115 94 32 42 1 
67 112 90 69 73 61 0 33 48 101 
68 62 23 113 82 16 78 49 83 84 40 
69 93 76 20 106 67 55 97 82 58 115 
70 9 43 44 100 87 73 81 76 31 23 4 120 112 118 39 
71 30 45 111 74 101 50 117 114 87 
72 65 13 21 2 57 28 26 39 50 48 6 11 
73 85 9 61 70 36 67 6 108 120 65 15 
74 76 1 95 78 71 2 100 101 41 43 12 102 61 94 37 92 8 14 
75 98 80 4 16 
76 74 69 2 21 70 116 42 16 34 7 63 0 
77 103 89 114 87 65 111 32 0 54 102 51 30 120 
78 86 74 53 9 35 20 11 68 17 109 41 
79 44 22 93 105 25 48 63 90 36 52 37 58 
80 112 50 43 93 105 31 28 75 108 84 114 97 22 38 
81 102 59 70 7 51 120 15 33 3 116 28 
82 108 1 46 9 56 68 27 69 107 119 48 89 
83 23 108 29 84 56 99 96 106 87 68 
84 95 83 86 38 23 5 80 60 26 68 22 
85 33 0 73 101 30 31 102 106 49 43 27 112 2 
86 55 106 78 90 40 84 10 20 
87 100 119 70 37 62 53 77 63 5 38 23 71 114 83 105 102 49 25 
88 102 15 96 27 45 112 31 23 21 41 90 40 55 
89 23 7 2 58 110 77 109 15 53 31 36 82 
90 64 35 27 97 86 67 120 54 113 101 20 43 79 44 14 33 45 110 88 
91 93 5 27 113 12 106 1 63 15 
92 18 119 106 2 54 50 112 44 74 24 0 
93 43 91 6 80 69 79 25 37 7 22 47 
94 33 113 116 30 9 10 97 39 66 107 53 74 100 21 43 28 105 19 112 102 
95 102 84 74 34 9 100 51 64 104 39 14 
96 88 4 108 102 18 27 106 15 83 52 19 110 114 120 
97 13 37 47 90 94 55 15 69 20 42 5 104 80 14 102 31 2 
98 3 54 42 75 7 43 16 4 62 29 24 61 12 
99 110 6 38 40 16 54 7 83 52 3 32 
100 87 47 70 74 95 60 46 94 52 18 26 22 
101 85 37 63 0 71 74 90 118 41 25 67 39 
102 8 60 95 10 88 46 52 112 38 81 21 2 29 96 85 74 33 104 87 77 97 94 
103 31 48 77 13 8 52 110 108 10 
104 110 13 51 97 5 95 43 105 102 17 
105 12 106 80 79 63 104 47 94 87 1 30 59 
106 86 105 40 43 69 92 20 21 2 85 96 91 83 22 14 19 
107 25 118 110 30 8 94 82 112 34 
108 38 82 19 10 83 96 35 3 58 47 34 80 73 59 118 103 40 
109 5 50 63 116 89 65 24 10 60 18 42 110 11 78 15 37 9 
110 12 6 99 104 50 89 107 62 36 109 103 112 90 38 96 10 
111 8 71 18 77 62 37 
112 2 80 67 1 8 102 11 30 88 70 92 19 34 107 110 52 85 94 
113 94 117 91 40 90 30 26 68 64 12 
114 14 77 64 71 19 87 80 96 
115 51 48 66 34 26 69 11 45 
116 109 9 94 50 76 17 40 117 56 81 
117 113 62 71 116 0 
118 57 107 30 11 33 59 61 1 101 24 108 34 40 70 10 
119 87 92 22 32 50 46 42 82 
120 43 38 48 50 90 70 73 81 64 7 96 77 
