0 81 
0 91 
0 131 
0 114 
0 103 
0 69 
0 134 
0 17 
0 38 
0 35 
0 87 
0 102 
0 61 
1 80 
1 86 
1 32 
1 52 
1 57 
1 133 
1 81 
1 5 
1 61 
2 66 
2 11 
2 129 
2 29 
2 50 
2 99 
2 54 
2 122 
2 32 
2 97 
2 65 
2 87 
2 88 
2 38 
2 133 
2 58 
3 22 
3 76 
3 87 
3 95 
3 109 
3 75 
3 115 
3 85 
3 91 
3 60 
3 38 
3 19 
3 52 
3 90 
4 16 
4 13 
4 57 
4 25 
4 11 
4 60 
4 111 
4 51 
4 22 
4 59 
4 20 
4 94 
5 15 
5 139 
5 104 
5 57 
5 56 
5 124 
5 50 
5 92 
5 1 
5 76 
5 51 
5 89 
5 69 
5 137 
5 112 
6 37 
6 52 
6 101 
6 108 
6 30 
6 115 
6 15 
6 118 
6 51 
6 79 
6 69 
6 57 
6 22 
6 117 
7 113 
7 67 
7 81 
7 92 
7 54 
7 68 
7 101 
7 52 
7 120 
7 85 
7 73 
7 33 
7 105 
7 77 
7 135 
8 108 
8 46 
8 29 
8 92 
8 100 
8 127 
8 83 
8 103 
8 67 
8 129 
9 35 
9 15 
9 19 
9 91 
9 77 
9 114 
9 127 
9 60 
9 27 
9 17 
9 57 
9 105 
9 40 
10 95 
10 84 
10 98 
10 130 
10 15 
10 47 
10 54 
10 139 
10 101 
11 63 
11 138 
11 43 
11 2 
11 82 
11 12 
11 35 
11 29 
11 4 
11 38 
11 65 
11 122 
11 16 
11 64 
11 47 
11 60 
11 52 
12 57 
12 17 
12 101 
12 11 
12 99 
12 73 
12 128 
12 39 
12 26 
12 70 
12 134 
12 22 
12 138 
12 118 
12 78 
12 90 
12 103 
13 110 
13 132 
13 46 
13 73 
13 4 
13 28 
13 109 
13 39 
13 30 
13 102 
13 108 
13 95 
13 84 
13 129 
13 76 
13 53 
13 32 
13 124 
13 125 
14 26 
14 57 
14 47 
14 58 
14 60 
14 20 
14 62 
14 91 
14 100 
15 5 
15 9 
15 137 
15 92 
15 33 
15 6 
15 136 
15 67 
15 10 
15 123 
15 18 
15 32 
15 121 
16 48 
16 130 
16 4 
16 115 
16 118 
16 110 
16 25 
16 11 
16 109 
16 29 
16 69 
16 77 
17 105 
17 88 
17 84 
17 34 
17 12 
17 129 
17 70 
17 136 
17 41 
17 79 
17 82 
17 96 
17 0 
17 95 
17 37 
17 25 
17 56 
17 9 
17 126 
17 112 
18 52 
18 129 
18 80 
18 69 
18 114 
18 103 
18 41 
18 15 
18 44 
18 46 
19 54 
19 66 
19 65 
19 9 
19 48 
19 89 
19 85 
19 68 
19 83 
19 44 
19 127 
19 129 
19 58 
19 3 
20 49 
20 26 
20 14 
20 29 
20 22 
20 122 
20 107 
20 114 
20 103 
20 4 
20 70 
21 43 
21 114 
21 49 
21 134 
21 39 
21 42 
21 38 
21 102 
21 66 
22 3 
22 131 
22 111 
22 28 
22 66 
22 40 
22 127 
22 46 
22 20 
22 12 
22 27 
22 106 
22 4 
22 124 
22 6 
23 32 
23 58 
23 79 
23 67 
23 110 
23 134 
23 50 
23 93 
23 100 
23 104 
23 105 
23 44 
23 47 
24 111 
24 55 
24 123 
24 76 
24 93 
24 109 
24 62 
24 137 
24 135 
24 102 
25 85 
25 27 
25 93 
25 55 
25 133 
25 62 
25 102 
25 4 
25 16 
25 113 
25 118 
25 130 
25 28 
25 17 
25 91 
25 64 
25 100 
26 14 
26 52 
26 20 
26 114 
26 48 
26 12 
26 57 
26 108 
26 103 
26 29 
26 37 
26 139 
26 53 
27 82 
27 25 
27 115 
27 74 
27 54 
27 63 
27 107 
27 87 
27 59 
27 47 
27 73 
27 9 
27 62 
27 118 
27 84 
27 22 
27 113 
27 101 
27 114 
27 41 
28 50 
28 97 
28 30 
28 136 
28 71 
28 22 
28 80 
28 13 
28 93 
28 64 
28 116 
28 123 
28 40 
28 25 
28 119 
28 69 
28 48 
28 76 
29 68 
29 2 
29 8 
29 61 
29 116 
29 11 
29 118 
29 95 
29 87 
29 20 
29 100 
29 88 
29 26 
29 16 
29 97 
29 111 
30 118 
30 28 
30 128 
30 104 
30 6 
30 109 
30 43 
30 13 
30 97 
30 93 
30 66 
30 89 
30 37 
30 107 
30 61 
31 43 
31 112 
31 120 
31 136 
31 46 
31 134 
31 135 
32 93 
32 68 
32 126 
32 118 
32 23 
32 1 
32 63 
32 133 
32 2 
32 71 
32 69 
32 138 
32 122 
32 13 
32 15 
33 125 
33 87 
33 36 
33 56 
33 15 
33 102 
33 50 
33 57 
33 35 
33 70 
33 7 
33 67 
33 46 
33 117 
33 119 
33 75 
33 104 
33 52 
34 17 
34 88 
34 105 
34 37 
34 91 
34 36 
34 102 
34 69 
34 58 
35 42 
35 9 
35 102 
35 128 
35 39 
35 71 
35 11 
35 33 
35 96 
35 138 
35 105 
35 0 
35 104 
35 116 
36 93 
36 33 
36 64 
36 116 
36 34 
36 114 
36 113 
36 94 
36 98 
36 88 
36 42 
36 97 
37 46 
37 6 
37 77 
37 39 
37 34 
37 49 
37 45 
37 121 
37 41 
37 110 
37 17 
37 43 
37 125 
37 30 
37 54 
37 26 
37 78 
37 127 
38 104 
38 127 
38 60 
38 121 
38 67 
38 0 
38 11 
38 61 
38 21 
38 3 
38 2 
39 37 
39 35 
39 134 
39 116 
39 12 
39 13 
39 67 
39 21 
39 59 
39 120 
39 65 
39 83 
39 126 
39 137 
39 54 
40 44 
40 95 
40 54 
40 137 
40 94 
40 22 
40 28 
40 9 
41 47 
41 17 
41 60 
41 42 
41 37 
41 122 
41 127 
41 18 
41 53 
41 63 
41 74 
41 27 
41 139 
42 35 
42 57 
42 51 
42 41 
42 88 
42 58 
42 63 
42 74 
42 121 
42 71 
42 21 
42 130 
42 72 
42 90 
42 114 
42 54 
42 36 
42 139 
42 104 
43 31 
43 11 
43 21 
43 60 
43 30 
43 139 
43 37 
43 87 
43 133 
43 88 
43 125 
43 90 
44 68 
44 40 
44 69 
44 80 
44 79 
44 106 
44 100 
44 19 
44 126 
44 23 
44 18 
44 50 
45 71 
45 37 
45 65 
45 59 
45 58 
45 63 
45 128 
45 121 
45 70 
45 135 
45 138 
45 51 
45 133 
46 37 
46 70 
46 8 
46 68 
46 13 
46 137 
46 111 
46 81 
46 22 
46 100 
46 50 
46 33 
46 31 
46 118 
46 18 
47 14 
47 41 
47 52 
47 27 
47 10 
47 77 
47 54 
47 67 
47 129 
47 11 
47 110 
47 68 
47 97 
47 23 
47 66 
47 101 
48 111 
48 16 
48 65 
48 75 
48 19 
48 72 
48 130 
48 60 
48 135 
48 126 
48 113 
48 26 
48 88 
48 70 
48 120 
48 131 
48 110 
48 64 
48 28 
48 67 
48 62 
48 100 
48 78 
49 20 
49 21 
49 37 
49 67 
49 108 
49 91 
49 97 
49 124 
49 119 
49 94 
49 60 
50 28 
50 98 
50 2 
50 72 
50 74 
50 33 
50 136 
50 23 
50 5 
50 105 
50 46 
50 126 
50 44 
50 121 
51 66 
51 42 
51 83 
51 6 
51 117 
51 4 
51 5 
51 57 
51 56 
51 45 
52 18 
52 113 
52 26 
52 6 
52 67 
52 47 
52 1 
52 7 
52 109 
52 73 
52 97 
52 108 
52 85 
52 11 
52 33 
52 3 
53 136 
53 108 
53 56 
53 99 
53 62 
53 85 
53 76 
53 69 
53 84 
53 67 
53 41 
53 124 
53 98 
53 13 
53 92 
53 26 
54 105 
54 19 
54 75 
54 7 
54 27 
54 40 
54 108 
54 138 
54 2 
54 106 
54 82 
54 112 
54 10 
54 47 
54 37 
54 42 
54 39 
55 121 
55 64 
55 67 
55 82 
55 24 
55 133 
55 101 
55 25 
55 69 
55 136 
55 117 
55 81 
55 96 
55 72 
56 66 
56 80 
56 33 
56 87 
56 53 
56 5 
56 81 
56 17 
56 114 
56 60 
56 58 
56 106 
56 51 
56 96 
56 89 
57 12 
57 14 
57 42 
57 132 
57 80 
57 59 
57 75 
57 131 
57 109 
57 76 
57 58 
57 1 
57 124 
57 5 
57 4 
57 33 
57 130 
57 26 
57 6 
57 51 
57 9 
57 115 
57 61 
58 79 
58 67 
58 57 
58 23 
58 14 
58 132 
58 45 
58 42 
58 120 
58 129 
58 70 
58 56 
58 34 
58 135 
58 2 
58 19 
59 117 
59 115 
59 57 
59 27 
59 45 
59 39 
59 87 
59 95 
59 67 
59 4 
59 138 
60 134 
60 41 
60 103 
60 48 
60 14 
60 43 
60 38 
60 101 
60 124 
60 9 
60 85 
60 4 
60 132 
60 81 
60 82 
60 56 
60 3 
60 11 
60 49 
61 92 
61 76 
61 29 
61 97 
61 136 
61 88 
61 90 
61 85 
61 135 
61 38 
61 70 
61 121 
61 68 
61 1 
61 0 
61 57 
61 30 
62 91 
62 109 
62 25 
62 96 
62 53 
62 27 
62 14 
62 24 
62 69 
62 48 
62 127 
62 136 
62 82 
63 11 
63 88 
63 122 
63 32 
63 27 
63 42 
63 117 
63 75 
63 45 
63 135 
63 41 
63 138 
64 55 
64 82 
64 36 
64 117 
64 28 
64 126 
64 48 
64 138 
64 11 
64 25 
64 79 
64 97 
65 48 
65 19 
65 68 
65 82 
65 69 
65 101 
65 45 
65 2 
65 11 
65 138 
65 111 
65 113 
65 66 
65 80 
65 94 
65 39 
65 71 
65 74 
66 56 
66 2 
66 128 
66 19 
66 73 
66 51 
66 133 
66 22 
66 107 
66 137 
66 30 
66 65 
66 117 
66 86 
66 47 
66 83 
66 21 
67 7 
67 55 
67 52 
67 134 
67 58 
67 49 
67 92 
67 119 
67 82 
67 23 
67 15 
67 38 
67 39 
67 8 
67 33 
67 53 
67 47 
67 48 
67 59 
67 118 
67 90 
68 29 
68 44 
68 32 
68 85 
68 46 
68 7 
68 65 
68 81 
68 76 
68 86 
68 19 
68 93 
68 47 
68 61 
68 131 
68 89 
68 83 
68 92 
69 79 
69 44 
69 18 
69 65 
69 55 
69 101 
69 0 
69 90 
69 110 
69 53 
69 28 
69 6 
69 132 
69 118 
69 32 
69 77 
69 86 
69 5 
69 34 
69 116 
69 16 
69 62 
69 73 
70 117 
70 46 
70 86 
70 17 
70 84 
70 98 
70 138 
70 12 
70 48 
70 33 
70 119 
70 61 
70 45 
70 58 
70 77 
70 114 
70 20 
71 95 
71 119 
71 86 
71 35 
71 45 
71 100 
71 123 
71 28 
71 128 
71 78 
71 42 
71 32 
71 75 
71 137 
71 65 
71 97 
72 48 
72 50 
72 75 
72 112 
72 42 
72 109 
72 93 
72 55 
73 66 
73 12 
73 13 
73 52 
73 96 
73 119 
73 7 
73 27 
73 125 
73 128 
73 108 
73 69 
74 137 
74 27 
74 50 
74 116 
74 42 
74 82 
74 41 
74 107 
74 100 
74 65 
75 117 
75 132 
75 54 
75 48 
75 57 
75 107 
75 72 
75 3 
75 63 
75 71 
75 33 
75 109 
76 3 
76 61 
76 57 
76 68 
76 24 
76 136 
76 102 
76 53 
76 13 
76 5 
76 116 
76 28 
76 110 
77 37 
77 89 
77 127 
77 128 
77 129 
77 130 
77 137 
77 126 
77 9 
77 47 
77 136 
77 69 
77 70 
77 7 
77 16 
78 107 
78 122 
78 84 
78 109 
78 71 
78 12 
78 118 
78 37 
78 137 
78 48 
79 58 
79 86 
79 69 
79 17 
79 93 
79 23 
79 115 
79 44 
79 6 
79 116 
79 64 
80 56 
80 1 
80 57 
80 44 
80 18 
80 94 
80 28 
80 108 
80 131 
80 86 
80 65 
80 87 
81 0 
81 7 
81 98 
81 88 
81 68 
81 99 
81 117 
81 46 
81 113 
81 56 
81 1 
81 60 
81 55 
81 120 
82 27 
82 132 
82 83 
82 11 
82 64 
82 103 
82 55 
82 84 
82 17 
82 102 
82 65 
82 67 
82 128 
82 54 
82 107 
82 139 
82 130 
82 74 
82 60 
82 101 
82 93 
82 62 
83 131 
83 82 
83 115 
83 51 
83 8 
83 120 
83 121 
83 19 
83 39 
83 114 
83 68 
83 66 
84 17 
84 70 
84 120 
84 82 
84 10 
84 78 
84 114 
84 27 
84 53 
84 89 
84 123 
84 13 
85 25 
85 68 
85 95 
85 130 
85 19 
85 7 
85 60 
85 53 
85 61 
85 52 
85 123 
85 3 
85 107 
85 117 
85 124 
86 70 
86 79 
86 122 
86 1 
86 71 
86 132 
86 68 
86 102 
86 80 
86 90 
86 69 
86 126 
86 66 
87 130 
87 33 
87 3 
87 56 
87 111 
87 120 
87 133 
87 104 
87 27 
87 123 
87 29 
87 132 
87 2 
87 43 
87 0 
87 59 
87 80 
88 17 
88 34 
88 63 
88 81 
88 107 
88 98 
88 103 
88 42 
88 61 
88 48 
88 136 
88 2 
88 29 
88 36 
88 43 
89 112 
89 77 
89 130 
89 19 
89 133 
89 101 
89 114 
89 84 
89 30 
89 5 
89 68 
89 56 
90 107 
90 137 
90 69 
90 61 
90 42 
90 12 
90 86 
90 43 
90 67 
90 3 
91 138 
91 62 
91 0 
91 49 
91 34 
91 9 
91 111 
91 101 
91 14 
91 115 
91 25 
91 3 
91 105 
92 61 
92 7 
92 8 
92 15 
92 67 
92 113 
92 5 
92 110 
92 100 
92 53 
92 68 
93 36 
93 32 
93 114 
93 79 
93 98 
93 25 
93 28 
93 68 
93 24 
93 111 
93 30 
93 72 
93 23 
93 107 
93 82 
94 80 
94 40 
94 36 
94 65 
94 115 
94 4 
94 49 
95 71 
95 3 
95 10 
95 40 
95 105 
95 85 
95 138 
95 96 
95 29 
95 17 
95 13 
95 59 
95 134 
96 108 
96 106 
96 110 
96 17 
96 95 
96 73 
96 62 
96 100 
96 35 
96 136 
96 127 
96 56 
96 55 
97 99 
97 28 
97 61 
97 130 
97 132 
97 49 
97 52 
97 2 
97 30 
97 100 
97 47 
97 139 
97 36 
97 29 
97 64 
97 71 
98 81 
98 50 
98 88 
98 70 
98 10 
98 93 
98 118 
98 121 
98 139 
98 36 
98 53 
99 12 
99 97 
99 100 
99 53 
99 2 
99 81 
99 110 
100 136 
100 71 
100 8 
100 99 
100 129 
100 96 
100 46 
100 29 
100 97 
100 44 
100 23 
100 92 
100 25 
100 103 
100 14 
100 74 
100 48 
101 126 
101 12 
101 6 
101 7 
101 55 
101 65 
101 60 
101 69 
101 89 
101 91 
101 116 
101 27 
101 82 
101 10 
101 47 
102 35 
102 82 
102 33 
102 34 
102 25 
102 86 
102 76 
102 13 
102 113 
102 0 
102 21 
102 139 
102 24 
103 122 
103 82 
103 60 
103 88 
103 0 
103 18 
103 8 
103 110 
103 26 
103 12 
103 20 
103 100 
104 38 
104 87 
104 5 
104 30 
104 135 
104 137 
104 122 
104 136 
104 35 
104 107 
104 23 
104 120 
104 33 
104 42 
105 54 
105 117 
105 17 
105 114 
105 34 
105 95 
105 127 
105 50 
105 35 
105 139 
105 7 
105 23 
105 91 
105 126 
105 9 
106 96 
106 123 
106 54 
106 44 
106 22 
106 115 
106 56 
107 78 
107 135 
107 88 
107 90 
107 75 
107 27 
107 118 
107 127 
107 111 
107 82 
107 66 
107 104 
107 20 
107 108 
107 30 
107 85 
107 74 
107 93 
108 8 
108 96 
108 53 
108 6 
108 54 
108 49 
108 80 
108 26 
108 52 
108 13 
108 107 
108 73 
109 57 
109 62 
109 3 
109 52 
109 13 
109 78 
109 30 
109 132 
109 121 
109 24 
109 72 
109 128 
109 16 
109 75 
110 13 
110 96 
110 16 
110 135 
110 37 
110 23 
110 69 
110 99 
110 103 
110 48 
110 92 
110 47 
110 113 
110 76 
111 125 
111 48 
111 130 
111 128 
111 22 
111 24 
111 87 
111 113 
111 120 
111 107 
111 46 
111 91 
111 4 
111 93 
111 65 
111 29 
111 119 
112 89 
112 31 
112 123 
112 72 
112 54 
112 113 
112 17 
112 134 
112 5 
113 7 
113 52 
113 111 
113 48 
113 114 
113 81 
113 36 
113 135 
113 25 
113 92 
113 102 
113 27 
113 124 
113 65 
113 112 
113 139 
113 110 
114 105 
114 21 
114 93 
114 115 
114 26 
114 0 
114 113 
114 9 
114 18 
114 36 
114 89 
114 84 
114 129 
114 56 
114 42 
114 27 
114 20 
114 83 
114 138 
114 70 
115 135 
115 59 
115 16 
115 27 
115 114 
115 83 
115 6 
115 117 
115 3 
115 79 
115 138 
115 91 
115 106 
115 94 
115 57 
115 129 
115 134 
116 29 
116 36 
116 39 
116 28 
116 74 
116 101 
116 35 
116 76 
116 69 
116 79 
117 70 
117 105 
117 75 
117 59 
117 64 
117 81 
117 115 
117 63 
117 131 
117 51 
117 55 
117 33 
117 66 
117 85 
117 132 
117 6 
118 30 
118 32 
118 137 
118 16 
118 121 
118 126 
118 107 
118 130 
118 29 
118 6 
118 98 
118 25 
118 27 
118 12 
118 69 
118 123 
118 78 
118 46 
118 67 
119 138 
119 71 
119 125 
119 67 
119 73 
119 49 
119 70 
119 28 
119 33 
119 124 
119 111 
120 84 
120 87 
120 111 
120 7 
120 137 
120 31 
120 83 
120 48 
120 58 
120 39 
120 81 
120 104 
121 55 
121 118 
121 37 
121 38 
121 42 
121 83 
121 109 
121 98 
121 61 
121 45 
121 124 
121 15 
121 50 
122 124 
122 103 
122 78 
122 86 
122 129 
122 63 
122 2 
122 104 
122 41 
122 20 
122 11 
122 127 
122 32 
123 128 
123 112 
123 106 
123 71 
123 133 
123 24 
123 28 
123 15 
123 87 
123 84 
123 85 
123 118 
124 122 
124 130 
124 57 
124 60 
124 5 
124 49 
124 113 
124 53 
124 121 
124 119 
124 22 
124 13 
124 85 
125 33 
125 111 
125 119 
125 73 
125 136 
125 37 
125 43 
125 13 
126 101 
126 32 
126 118 
126 48 
126 77 
126 136 
126 64 
126 133 
126 50 
126 17 
126 44 
126 39 
126 86 
126 105 
127 38 
127 77 
127 107 
127 8 
127 9 
127 22 
127 105 
127 41 
127 122 
127 19 
127 37 
127 96 
127 62 
128 66 
128 123 
128 77 
128 111 
128 35 
128 30 
128 12 
128 138 
128 82 
128 71 
128 45 
128 109 
128 73 
129 17 
129 2 
129 122 
129 18 
129 77 
129 100 
129 8 
129 58 
129 114 
129 13 
129 47 
129 19 
129 115 
130 87 
130 111 
130 16 
130 124 
130 77 
130 48 
130 10 
130 85 
130 89 
130 118 
130 97 
130 57 
130 25 
130 42 
130 82 
131 83 
131 22 
131 137 
131 57 
131 0 
131 80 
131 48 
131 117 
131 68 
132 75 
132 82 
132 138 
132 57 
132 13 
132 86 
132 58 
132 97 
132 109 
132 87 
132 60 
132 69 
132 117 
133 136 
133 87 
133 66 
133 123 
133 55 
133 25 
133 32 
133 89 
133 1 
133 43 
133 126 
133 2 
133 45 
134 60 
134 67 
134 39 
134 0 
134 21 
134 23 
134 12 
134 31 
134 95 
134 115 
134 112 
135 115 
135 107 
135 48 
135 104 
135 110 
135 113 
135 137 
135 61 
135 63 
135 45 
135 24 
135 58 
135 31 
135 7 
136 133 
136 53 
136 17 
136 100 
136 28 
136 61 
136 15 
136 50 
136 76 
136 31 
136 104 
136 126 
136 125 
136 55 
136 77 
136 88 
136 96 
136 62 
137 74 
137 15 
137 131 
137 118 
137 77 
137 104 
137 46 
137 40 
137 120 
137 90 
137 66 
137 135 
137 24 
137 71 
137 78 
137 39 
137 5 
138 11 
138 132 
138 91 
138 119 
138 70 
138 54 
138 95 
138 128 
138 35 
138 65 
138 115 
138 12 
138 64 
138 32 
138 114 
138 63 
138 45 
138 59 
139 5 
139 82 
139 43 
139 105 
139 98 
139 10 
139 102 
139 113 
139 97 
139 26 
139 42 
139 41 
