0 115 118 66 49 141 13 19 25 75 21 41 47 32 140 1 31 38 122 137 22 10 6 93 59 3 63 133 144 113 127 58 74 100 109 82 30 139 44 17 99 15 80 108 142 83 35 114 56 61 
1 83 16 14 119 113 30 99 64 116 82 131 66 132 33 21 130 96 25 57 0 72 114 138 143 34 2 92 68 38 75 19 97 17 120 6 56 50 144 49 121 11 8 89 140 
2 18 29 122 96 22 116 28 16 69 27 120 140 66 76 25 71 109 128 19 50 52 146 11 134 108 1 92 60 115 93 143 83 126 147 100 106 105 127 107 9 32 35 53 55 145 24 137 67 118 48 
3 53 69 86 10 63 9 123 103 48 96 111 105 87 0 107 140 56 116 23 76 82 141 66 117 62 142 45 79 34 21 27 16 40 70 28 100 110 
4 117 143 127 133 50 32 47 126 99 144 7 35 56 86 78 71 23 110 68 45 145 39 141 18 58 17 118 134 27 102 130 37 28 36 124 72 96 49 92 
5 73 143 48 57 106 23 8 98 83 128 130 35 105 14 101 34 89 27 118 9 72 114 59 82 80 28 97 122 45 110 144 29 65 113 30 40 70 52 53 
6 20 16 17 123 116 81 39 110 93 83 98 29 82 78 143 56 89 49 31 113 0 132 67 105 142 130 145 27 119 9 21 1 65 101 45 76 128 86 114 107 24 52 88 77 
7 13 128 83 146 122 140 67 73 85 15 105 127 108 8 21 4 100 81 74 125 43 35 40 147 132 145 10 60 82 51 17 96 92 39 12 142 116 91 25 47 84 124 64 52 126 57 38 104 89 144 143 75 68 
8 98 100 122 64 145 110 15 5 116 72 18 131 128 24 136 137 105 54 14 62 9 103 75 19 61 7 31 99 66 83 123 114 41 132 133 118 59 43 108 115 142 58 125 88 129 82 13 1 23 11 111 134 91 117 16 42 
9 42 48 85 93 87 120 44 47 3 52 145 83 103 133 14 8 67 71 86 136 137 29 5 43 58 22 108 94 55 74 125 72 109 36 6 70 88 2 117 23 16 82 110 24 66 63 
10 58 38 49 35 83 76 146 20 3 78 57 89 65 134 22 135 55 31 106 136 87 0 39 66 105 45 7 100 48 110 85 26 81 61 13 127 104 47 50 120 115 133 53 62 56 43 145 123 12 
11 68 90 122 135 21 126 117 144 32 29 41 2 142 96 137 13 99 72 44 107 134 130 85 48 36 20 82 16 120 92 77 1 79 8 62 50 63 
12 96 118 74 30 120 35 101 124 134 38 61 15 144 37 98 29 129 87 90 77 93 59 110 70 84 22 108 138 64 106 16 140 7 81 19 123 34 26 97 25 43 57 44 10 31 65 
13 7 117 61 135 112 57 62 118 32 144 22 0 83 41 136 16 65 55 30 97 17 116 14 75 27 115 11 139 88 127 91 25 15 72 99 126 122 26 120 140 142 119 49 145 45 73 68 8 40 10 18 69 34 
14 141 78 33 1 95 108 115 80 144 128 118 8 9 5 89 13 73 119 28 65 20 67 113 135 131 99 31 27 101 69 71 87 117 81 72 50 37 133 104 55 34 
15 124 117 51 90 132 8 63 114 142 18 109 12 145 49 7 39 137 23 125 134 123 28 24 146 103 26 13 78 84 106 92 120 47 128 76 102 0 30 44 105 127 75 69 89 70 
16 36 6 41 146 2 49 1 142 47 145 121 13 88 43 22 84 86 19 80 124 73 110 126 46 63 129 95 32 111 64 97 27 92 109 91 12 62 11 72 59 101 35 56 3 125 42 9 113 8 82 83 
17 33 6 31 97 142 60 103 136 22 132 21 13 20 41 46 24 32 70 121 135 37 57 116 78 7 90 95 1 126 113 4 115 147 143 0 58 107 92 117 
18 136 2 53 61 107 115 108 145 118 15 8 22 67 120 124 129 38 26 76 62 140 40 87 100 24 49 34 69 55 84 65 135 93 82 57 122 110 4 47 85 106 103 99 128 58 13 50 
19 80 98 118 57 99 0 49 36 89 111 58 2 95 16 106 114 34 141 37 8 88 74 147 132 146 145 1 47 126 82 121 108 12 48 91 137 64 54 32 94 119 39 105 81 
20 6 127 64 44 10 68 122 30 43 118 132 52 55 17 67 57 37 48 112 111 14 69 79 120 124 31 138 29 11 84 97 143 108 56 107 104 121 134 
21 73 64 92 79 11 67 103 0 30 109 41 119 120 17 1 54 102 61 55 7 38 124 82 49 72 142 140 108 75 122 111 130 84 6 133 146 3 66 134 58 87 125 53 59 135 95 110 
22 2 35 13 118 59 143 57 111 48 47 124 18 16 77 70 98 31 17 10 80 92 86 146 0 33 12 9 97 51 112 93 102 75 65 147 79 114 88 85 127 121 78 99 
23 141 5 74 46 47 66 125 129 15 115 135 142 80 92 93 90 116 140 105 31 26 82 4 3 96 65 143 84 139 50 41 136 121 8 57 9 126 70 122 91 45 
24 114 35 65 87 95 8 91 67 39 142 69 85 78 80 50 17 105 15 76 40 42 18 123 127 134 111 99 129 34 66 137 2 82 70 120 124 107 86 9 110 6 28 
25 109 89 40 64 86 77 108 49 55 38 92 61 106 2 0 140 70 34 91 1 45 52 139 74 94 13 113 97 132 142 130 47 53 30 75 90 67 7 32 48 12 116 51 135 83 37 119 125 65 28 127 71 101 122 
26 36 120 117 33 116 35 78 43 73 124 108 87 89 135 31 18 38 104 61 29 95 90 136 15 81 42 23 128 86 13 84 74 65 133 68 144 88 53 110 141 58 39 76 10 12 75 92 34 
27 62 70 2 53 69 41 81 103 132 114 102 115 39 131 144 46 13 5 87 77 35 48 92 14 16 6 90 120 91 4 64 3 146 67 124 32 44 
28 143 2 66 57 61 94 123 110 45 43 34 37 15 138 56 14 77 105 124 55 122 83 106 33 72 41 119 101 5 111 75 81 87 99 129 108 4 62 118 39 71 3 25 24 50 
29 98 2 55 50 122 137 6 93 65 11 125 12 60 132 102 26 44 114 69 74 101 139 30 9 56 131 38 96 86 80 95 20 89 42 128 66 52 77 5 87 68 120 85 140 124 108 116 
30 42 90 120 103 12 49 81 31 82 110 118 1 108 20 43 107 21 99 112 13 111 68 127 72 71 34 128 66 122 29 80 96 106 64 37 51 53 25 0 93 46 39 78 15 84 5 45 142 
31 41 111 78 17 30 67 91 61 36 107 131 126 119 26 22 85 10 143 0 124 138 95 37 114 8 40 6 23 20 108 14 123 72 75 35 33 127 80 62 105 69 133 129 45 139 101 71 42 53 120 92 113 38 90 12 
32 124 34 13 118 11 37 0 4 134 142 17 64 132 85 120 93 106 145 88 133 117 16 119 126 129 72 51 71 110 123 108 25 81 2 70 56 130 73 27 19 107 68 100 104 
33 79 17 122 26 14 63 100 119 75 76 113 44 1 136 140 50 138 67 143 22 28 48 107 124 65 99 125 77 31 84 74 54 114 97 69 127 117 62 104 
34 37 70 32 93 134 118 68 102 111 25 28 114 63 75 115 19 43 30 5 67 129 69 18 1 66 83 60 41 49 89 141 124 95 144 52 123 24 122 12 62 3 51 36 88 64 26 74 45 91 72 14 13 
35 125 24 22 26 52 99 12 10 48 73 101 69 64 43 5 137 47 139 136 90 129 85 76 84 82 4 27 7 72 31 60 97 86 75 2 16 63 121 44 79 103 62 119 98 39 130 0 110 
36 26 147 16 82 69 72 62 59 31 99 19 86 123 127 119 146 125 77 85 124 11 105 70 43 9 89 102 41 135 4 34 87 83 48 44 131 134 130 
37 34 97 39 44 147 52 56 66 77 134 40 32 12 28 20 64 108 96 117 55 105 19 31 89 122 129 98 99 30 17 144 137 94 102 4 62 25 14 81 
38 138 114 10 81 119 59 25 109 127 12 74 105 140 112 131 92 61 52 18 136 84 26 55 143 115 0 146 21 79 63 102 29 58 98 1 83 76 68 128 132 111 95 135 137 96 51 89 7 80 66 113 108 71 103 31 
39 102 37 95 107 6 112 133 130 15 125 52 54 24 86 44 41 27 42 58 101 147 134 121 104 99 10 119 135 140 142 128 4 53 126 7 26 74 93 30 81 136 65 59 69 82 70 72 28 19 35 46 90 
40 102 25 127 46 121 118 71 90 37 112 18 57 97 89 24 123 31 135 145 70 94 124 114 139 7 126 144 74 104 83 142 77 128 101 68 132 82 48 91 13 51 3 5 65 58 61 130 
41 89 50 31 137 43 16 80 139 113 13 125 27 63 68 21 0 11 49 39 17 105 66 46 97 116 141 44 81 107 53 64 34 136 28 8 83 92 120 98 72 76 143 23 36 142 73 
42 30 9 97 124 107 71 138 39 45 101 43 81 24 26 68 87 118 60 79 110 128 98 29 49 122 109 145 53 16 31 106 8 
43 70 41 109 26 108 79 93 103 145 63 20 30 16 89 60 114 35 28 34 42 49 105 123 119 9 139 130 95 7 50 98 62 71 8 106 36 82 45 72 12 118 44 10 100 
44 37 147 49 20 115 65 62 71 106 9 33 109 124 104 94 108 111 39 29 41 67 88 11 66 107 78 142 57 59 143 126 45 72 134 54 77 0 69 79 119 146 35 15 86 12 43 27 137 36 144 
45 113 133 132 60 136 28 121 82 93 78 57 25 42 99 49 96 77 117 142 46 87 10 101 111 4 44 116 115 126 76 104 63 5 43 79 67 13 31 3 6 118 108 30 34 98 107 23 58 
46 52 59 111 40 23 84 108 62 141 147 17 41 27 133 117 114 16 135 91 58 129 45 49 88 103 53 48 98 104 109 30 68 106 116 107 39 
47 55 71 140 85 16 23 96 22 0 9 35 142 84 137 4 95 107 126 19 25 15 58 54 102 92 98 82 112 103 18 7 117 48 80 130 10 63 114 51 
48 5 143 50 135 9 35 22 80 116 71 87 138 56 66 20 117 129 3 64 90 78 127 27 33 11 133 130 146 74 79 10 46 19 25 47 40 112 121 145 67 92 93 115 106 36 2 94 
49 10 16 0 30 25 44 145 19 82 15 51 129 91 87 69 41 59 45 110 43 146 102 6 131 18 53 21 118 80 34 46 93 52 98 135 42 13 134 103 71 1 138 107 85 124 4 55 
50 113 41 109 29 84 48 64 108 104 99 65 2 33 4 79 130 24 110 54 125 136 69 135 43 93 100 139 103 23 63 1 80 117 10 14 75 89 18 11 28 
51 67 15 140 109 133 74 49 121 77 130 60 59 63 104 110 139 120 22 146 30 57 7 101 145 32 70 65 142 127 88 96 98 115 105 34 38 25 97 40 93 102 85 136 47 
52 46 93 116 67 37 85 35 110 90 146 107 20 39 9 38 105 113 2 142 25 119 112 131 97 115 68 132 88 49 60 34 82 29 114 87 7 73 58 5 6 108 100 
53 3 18 57 129 27 143 54 145 146 137 90 96 87 94 134 41 63 49 69 133 64 76 30 25 46 39 26 123 93 128 56 118 114 2 42 82 92 21 31 10 5 
54 101 67 114 111 71 92 53 39 128 21 61 8 60 104 65 73 50 106 64 147 93 107 47 44 59 33 76 19 68 138 135 
55 29 89 47 65 25 88 86 114 120 20 130 13 110 72 91 38 127 10 71 56 37 21 85 28 116 133 137 9 18 90 142 79 92 2 57 99 126 49 76 143 14 
56 79 108 132 37 126 95 97 82 74 61 129 131 145 48 94 80 117 55 28 6 100 68 29 58 4 128 114 3 107 101 98 20 53 90 1 104 16 139 32 86 78 10 75 143 0 
57 5 13 87 136 53 130 72 22 19 28 117 10 90 141 20 145 45 120 1 40 84 135 80 76 44 113 51 17 109 18 60 97 98 89 55 124 7 12 23 110 65 104 70 137 134 
58 10 88 60 96 136 19 76 39 63 46 9 71 56 38 118 119 129 84 0 144 85 137 145 47 8 95 4 26 68 125 89 135 21 17 18 52 109 126 127 77 40 45 72 
59 46 38 22 114 138 36 147 79 131 132 107 110 115 49 51 12 101 95 63 62 77 0 141 5 87 8 144 44 142 88 120 111 54 16 78 143 139 125 92 39 105 21 127 
60 146 76 118 94 58 75 112 45 17 43 135 142 29 51 54 71 68 83 65 120 98 74 124 34 61 116 2 115 123 87 42 7 52 79 82 35 57 122 92 131 96 89 145 
61 13 108 18 103 123 86 25 141 31 76 12 28 56 69 38 73 114 54 62 26 115 21 116 126 133 82 8 106 60 118 65 125 89 68 85 87 96 102 136 111 138 10 121 135 71 120 134 40 0 
62 27 113 97 13 143 46 83 36 85 70 44 119 18 8 61 95 93 72 59 99 43 104 31 16 67 3 64 87 78 34 90 134 28 69 63 37 35 135 102 79 10 76 11 121 33 
63 102 79 137 78 15 33 74 101 43 41 117 83 3 114 34 135 51 58 125 111 123 59 16 53 82 109 38 0 129 103 65 124 45 142 110 50 116 98 35 126 62 91 47 89 9 11 134 
64 25 21 80 8 50 93 141 20 123 122 1 97 101 35 37 82 72 81 48 84 32 71 41 111 54 53 85 86 106 98 30 12 16 99 113 68 62 114 135 7 27 87 76 19 34 67 
65 55 137 74 76 79 24 86 44 13 29 104 10 50 138 147 94 54 83 75 60 14 136 61 85 66 33 63 26 18 23 67 91 22 51 118 6 5 125 39 142 110 81 57 25 40 12 
66 76 81 92 0 98 37 102 28 2 23 108 1 117 138 134 48 119 41 96 30 100 112 44 142 34 8 10 77 65 114 73 121 88 3 29 24 80 21 38 139 144 130 9 106 
67 146 69 51 54 52 124 134 31 137 144 7 120 21 92 18 119 95 24 20 9 71 112 44 147 33 34 115 113 14 6 80 121 65 132 62 25 97 45 87 117 104 48 2 123 78 27 126 64 81 107 93 133 
68 126 100 11 127 34 20 41 135 30 114 101 60 72 87 56 105 104 42 1 52 38 26 84 4 61 116 132 140 77 64 88 40 58 115 106 76 29 13 125 69 46 144 102 54 32 7 
69 67 3 2 36 27 74 72 87 115 138 35 71 61 147 86 104 49 24 142 133 29 34 20 18 53 50 123 112 80 96 14 31 122 44 68 62 39 15 33 124 13 105 
70 140 43 34 27 83 107 105 62 106 73 139 22 25 125 74 115 12 100 17 40 108 112 86 90 121 81 145 80 133 116 110 36 96 51 103 9 32 24 72 39 126 5 3 117 23 57 15 
71 120 124 47 54 122 42 40 48 86 2 44 69 98 30 55 9 60 67 93 64 58 96 77 90 43 4 133 119 32 14 110 49 137 121 147 116 31 145 28 82 61 115 38 25 111 83 146 84 
72 127 99 57 111 36 8 69 139 55 101 118 30 78 124 1 64 68 62 138 142 11 5 88 28 21 13 94 35 31 87 32 9 95 84 145 44 76 114 135 41 16 102 43 115 4 112 14 70 39 34 58 
73 5 21 132 26 77 86 87 35 7 79 116 70 61 121 75 16 134 142 14 94 130 54 128 146 109 66 85 141 125 97 114 13 52 124 89 41 32 136 76 113 
74 98 65 23 97 12 147 112 63 94 56 51 38 69 95 70 104 76 113 29 135 25 119 114 60 139 87 7 141 9 90 19 140 26 40 48 0 118 89 33 100 39 145 77 34 132 
75 137 111 123 86 60 121 0 132 33 141 34 73 8 13 65 112 99 94 106 136 89 1 140 22 31 21 28 25 77 97 35 135 118 26 15 91 50 56 84 7 
76 123 147 94 66 60 136 65 142 10 2 131 112 61 127 33 102 86 58 18 74 101 95 110 24 35 93 138 129 79 143 144 57 38 89 3 53 72 125 81 45 41 15 109 78 68 103 26 54 6 137 64 62 132 55 73 
77 110 25 106 137 82 139 73 37 89 22 51 12 114 28 45 93 92 36 133 59 27 66 71 100 33 101 40 122 68 129 75 29 144 117 125 44 119 11 84 103 74 58 6 
78 140 119 31 63 14 108 26 117 88 99 81 10 137 103 45 72 24 6 107 114 48 44 15 4 89 17 80 121 110 142 76 97 132 62 59 30 98 67 56 109 22 
79 126 97 56 33 63 65 82 21 43 116 80 135 73 140 59 132 121 133 100 50 112 20 76 38 91 113 109 42 141 139 87 60 48 55 45 88 3 44 22 11 111 35 104 131 62 
80 19 64 41 117 126 96 119 79 48 95 120 14 132 83 22 16 56 131 93 94 103 24 23 145 101 49 30 57 110 89 82 29 70 69 67 5 31 115 78 66 122 90 0 47 38 50 128 116 104 134 
81 129 66 38 118 30 6 78 109 27 105 85 119 98 131 86 64 125 122 91 42 41 26 83 7 70 76 12 115 28 32 10 39 104 14 65 37 67 19 
82 79 77 36 30 126 97 56 49 130 1 6 88 45 142 64 96 61 120 35 21 63 141 107 5 80 23 19 7 99 3 11 52 60 18 140 0 43 47 125 137 40 8 24 53 39 9 71 115 16 
83 1 7 136 13 10 113 62 70 6 102 5 63 127 129 80 9 109 65 60 28 110 34 95 81 8 38 41 40 2 87 130 134 36 25 0 16 125 71 
84 97 116 90 50 113 128 46 115 106 118 16 38 123 136 47 103 89 12 64 35 57 87 15 18 58 26 72 138 93 146 68 20 125 104 23 33 21 7 94 30 77 96 75 71 
85 47 124 52 62 9 136 81 7 31 122 130 24 35 120 55 32 143 117 111 106 88 36 64 133 65 11 73 140 132 58 118 138 61 119 10 146 90 18 29 22 49 51 
86 129 25 75 3 61 65 102 55 114 73 115 132 71 90 133 103 76 106 16 39 69 36 81 22 9 112 130 64 101 29 70 26 120 4 137 125 122 35 110 136 6 56 24 44 105 
87 126 57 24 73 69 26 9 48 98 49 136 12 142 96 129 53 18 68 10 27 3 123 74 42 84 45 105 60 59 72 114 79 61 83 146 14 62 28 67 29 64 52 93 36 21 
88 91 58 142 55 78 134 95 16 93 82 125 99 44 105 32 72 19 85 13 127 46 52 26 119 59 66 104 68 8 51 79 9 22 118 34 122 145 6 144 
89 134 25 41 55 128 115 101 19 91 77 43 26 10 14 84 6 40 5 109 37 102 34 75 80 126 61 122 78 76 29 74 125 36 116 129 57 58 38 1 73 93 60 7 108 63 50 15 
90 84 30 15 11 97 52 112 105 142 40 114 86 53 57 121 103 95 12 111 100 35 26 140 48 23 98 70 74 131 71 55 27 17 25 85 107 138 56 127 125 80 62 104 129 124 31 39 118 139 
91 120 139 88 108 31 115 89 49 24 25 55 138 81 118 106 46 135 96 13 79 134 112 16 65 125 7 27 93 19 40 63 8 75 34 23 101 
92 94 66 21 25 137 128 146 54 67 38 22 101 105 23 135 77 139 2 1 27 15 41 120 16 124 7 47 109 96 144 138 11 55 102 106 59 53 26 60 48 98 17 31 4 141 
93 52 106 123 34 116 64 129 6 43 9 29 88 126 96 137 143 45 80 146 12 62 23 110 128 76 71 103 108 77 32 0 22 142 144 135 49 2 136 84 54 50 145 18 53 30 117 91 39 87 132 89 51 48 67 102 
94 76 115 92 60 128 74 98 28 140 44 129 56 80 65 73 53 99 105 102 114 25 9 75 103 40 72 116 37 143 138 84 125 123 19 48 
95 133 147 39 56 14 24 88 80 67 74 101 19 90 76 62 47 26 31 59 83 128 16 43 135 29 72 34 108 58 17 114 113 38 146 21 
96 2 12 99 106 80 47 58 93 136 122 146 53 142 87 82 1 102 100 37 11 3 45 66 114 91 71 29 30 115 128 139 23 69 70 7 61 92 121 51 129 130 38 4 137 60 84 
97 84 79 102 37 62 74 42 17 90 145 112 56 82 109 64 136 113 13 133 120 41 118 40 106 52 22 140 117 16 25 1 147 20 5 35 137 134 146 130 57 67 78 75 73 99 12 51 115 114 33 
98 74 8 29 19 117 144 66 113 6 129 94 5 12 22 125 87 136 81 71 60 124 90 64 142 37 38 43 49 42 41 114 46 56 47 130 51 57 63 78 35 92 45 
99 96 72 35 19 78 36 1 30 121 133 50 45 94 142 4 128 88 11 107 113 144 39 62 8 75 131 129 14 37 13 64 116 33 24 82 114 108 28 97 0 55 18 22 
100 8 68 33 110 79 96 116 90 141 111 56 18 66 7 70 130 77 132 10 0 128 50 2 74 117 106 105 32 3 147 43 52 
101 54 107 147 131 63 12 89 35 142 64 95 72 122 136 139 68 92 76 5 42 124 59 39 29 80 86 14 28 110 45 77 51 56 134 40 16 6 31 141 25 91 
102 40 39 63 97 66 133 86 136 143 83 34 76 27 21 96 29 113 49 94 106 38 105 89 22 119 47 138 61 15 36 72 4 118 92 37 107 68 62 51 93 
103 142 30 61 125 146 43 27 21 137 17 78 86 90 9 3 8 80 141 84 136 105 93 15 94 63 46 140 70 50 47 49 76 18 77 35 38 
104 50 65 44 69 74 26 105 54 117 111 131 134 51 39 68 116 40 126 62 84 88 46 107 45 67 56 119 81 140 20 7 10 90 133 135 79 80 57 130 129 14 32 33 
105 142 90 136 70 81 38 129 124 8 7 107 52 5 104 41 37 92 24 28 103 94 3 43 88 68 117 23 102 6 87 10 144 36 111 31 2 134 51 147 59 15 100 113 19 86 69 108 
106 5 93 109 77 110 96 25 122 70 84 44 86 19 108 117 140 97 10 144 61 139 107 91 54 102 28 85 32 64 75 30 15 12 43 2 68 147 138 127 92 18 100 46 146 132 42 129 48 66 
107 101 118 127 39 18 42 70 31 122 30 52 141 117 59 105 119 134 78 47 99 106 41 115 110 120 44 11 3 33 82 136 56 114 54 104 90 20 2 131 102 17 24 49 32 6 46 67 45 
108 116 56 91 61 25 78 46 43 18 118 26 30 66 50 14 113 129 44 37 106 7 93 2 12 9 70 31 147 8 21 95 19 99 20 32 130 136 111 28 0 38 45 29 89 114 52 131 105 
109 25 128 50 106 43 51 118 38 81 15 97 21 133 2 140 116 44 147 83 136 143 89 73 63 139 79 144 9 57 16 0 92 145 76 46 146 42 114 110 125 58 78 131 
110 77 106 8 52 6 30 115 100 136 28 55 59 49 16 76 12 93 141 114 50 83 51 107 80 133 101 124 146 42 4 70 78 18 10 32 26 71 63 144 5 86 145 125 109 57 65 9 120 24 21 3 35 
111 75 131 31 46 54 118 72 22 34 19 30 44 123 90 104 3 20 63 100 120 85 64 16 117 24 45 28 21 105 114 59 38 146 108 61 79 140 143 8 132 71 
112 13 74 139 97 124 90 60 39 76 40 38 30 116 128 20 67 141 145 138 75 66 86 52 79 70 22 69 91 142 135 47 133 136 48 72 
113 50 123 62 143 84 98 45 41 83 1 137 108 33 97 52 140 102 74 6 144 99 67 14 0 79 25 57 131 64 136 145 95 17 127 5 38 16 105 31 73 
114 24 38 54 142 59 86 15 55 90 27 43 63 34 61 68 19 77 29 78 110 31 46 74 1 94 135 96 146 115 116 5 56 8 40 128 66 87 107 72 98 99 120 111 95 64 141 52 73 109 53 22 33 6 132 97 47 108 0 
115 94 130 89 0 84 18 110 86 44 69 91 14 139 23 59 70 27 34 61 138 38 13 67 107 141 114 132 96 52 60 2 120 8 80 45 81 137 68 17 51 72 97 10 71 82 48 145 
116 108 84 52 2 93 26 122 6 8 79 48 73 1 109 139 112 13 100 61 41 23 140 55 60 114 104 3 99 94 17 135 70 138 68 45 131 127 133 7 89 63 25 71 46 80 119 29 
117 4 15 13 26 98 136 80 133 78 11 57 63 66 107 56 37 48 104 106 46 45 130 85 134 105 32 97 111 122 3 100 142 77 93 47 67 145 121 14 147 50 9 8 141 70 17 33 
118 19 107 12 60 120 81 13 0 111 22 40 34 109 32 136 108 18 30 20 84 146 72 14 97 91 5 49 58 61 42 8 133 85 74 4 65 53 102 75 88 45 28 119 2 43 90 
119 78 38 1 80 33 62 67 21 81 31 120 107 66 131 14 36 134 132 52 74 43 32 28 39 58 102 88 71 85 13 6 124 77 104 44 118 25 35 19 116 
120 71 91 26 142 118 30 12 2 135 67 146 80 128 55 9 141 18 21 119 57 97 82 127 85 60 111 32 121 20 107 51 86 41 115 13 92 15 59 129 114 11 27 1 140 145 29 136 124 24 10 31 110 61 
121 142 40 16 134 146 128 75 137 99 51 45 79 90 73 39 120 129 147 17 70 132 19 66 67 78 96 23 71 1 117 48 35 61 20 22 62 139 
122 2 8 33 29 143 116 11 7 71 20 106 107 64 96 85 101 81 0 30 28 135 37 133 13 89 117 21 77 18 5 86 42 34 69 126 137 80 60 88 23 138 25 
123 76 129 113 75 93 6 61 127 64 140 28 130 84 15 3 111 145 36 40 63 43 87 24 138 8 69 31 60 134 141 34 53 126 32 125 12 147 94 67 10 
124 131 15 32 71 85 67 42 112 26 12 22 105 18 44 16 72 101 135 28 31 98 147 143 21 60 20 36 40 33 144 34 110 92 63 119 7 57 120 4 73 24 29 27 49 90 69 
125 35 147 137 103 41 23 39 130 29 98 15 70 134 88 81 63 50 36 127 146 61 9 7 33 141 84 129 76 89 8 86 91 77 123 73 82 58 65 68 90 110 59 94 21 16 109 25 83 
126 79 87 68 80 56 82 11 138 93 31 135 144 61 16 4 47 139 32 89 13 40 143 19 104 2 44 39 45 123 17 122 7 63 58 133 23 67 70 55 
127 72 40 107 20 68 123 4 38 76 83 30 55 7 36 120 125 13 48 88 0 131 24 31 51 116 136 146 2 113 90 106 134 10 58 15 22 140 25 33 147 59 
128 109 89 7 84 94 92 121 120 8 5 139 2 141 54 14 112 30 93 99 73 95 140 96 26 56 114 42 39 100 15 40 29 38 53 145 18 6 80 144 
129 81 123 86 93 134 53 98 23 105 49 108 83 56 18 94 12 130 87 35 48 34 76 46 121 16 37 133 99 63 32 58 24 125 120 77 31 96 8 89 28 90 104 106 
130 115 57 39 82 125 5 55 123 51 85 129 1 142 50 73 141 117 43 86 11 144 100 133 48 6 25 83 98 21 97 108 96 4 32 47 66 147 136 104 35 36 40 
131 146 124 111 101 76 8 59 31 1 38 56 81 80 27 119 141 104 49 52 29 14 99 144 90 127 113 116 107 139 60 79 109 36 108 
132 56 15 73 45 86 20 75 79 27 59 1 80 17 29 119 32 133 135 6 115 52 8 121 19 7 25 85 100 68 67 38 40 78 93 114 106 111 139 76 74 
133 95 117 145 45 102 51 4 144 39 109 99 86 141 79 9 143 97 69 61 46 77 132 32 55 53 122 0 129 110 85 130 8 48 26 71 118 70 31 116 112 21 142 104 126 10 14 67 
134 89 67 34 129 121 88 12 37 10 15 125 66 73 107 32 119 53 39 2 104 117 11 123 24 91 101 44 83 97 49 4 105 136 127 135 62 21 140 8 80 61 36 57 20 63 
135 13 144 48 11 79 120 68 26 60 23 10 126 63 124 92 74 46 57 40 122 114 132 14 91 95 50 17 93 39 116 18 112 49 72 38 137 64 75 36 134 58 25 61 104 62 21 54 
136 18 76 57 83 117 147 102 118 105 13 85 45 17 97 110 58 8 96 33 98 38 87 101 84 35 103 109 9 65 26 10 50 41 75 107 93 113 127 108 61 112 134 86 23 39 120 73 130 138 51 
137 75 41 125 63 65 147 77 92 67 29 121 113 103 78 15 53 8 93 35 47 9 11 0 55 86 58 37 97 115 122 38 135 82 24 71 19 2 76 96 44 57 
138 38 145 59 126 42 69 48 65 66 147 28 33 115 91 112 31 72 76 1 123 12 20 84 116 85 102 92 90 106 94 61 49 136 54 122 
139 91 41 77 142 112 70 115 128 72 35 116 101 25 106 29 74 92 13 146 43 51 126 109 40 79 96 50 23 0 31 56 59 131 66 132 121 90 
140 70 78 51 47 142 2 7 38 79 25 123 109 94 0 33 18 113 106 90 23 116 97 128 3 21 75 74 103 39 13 85 12 82 68 120 29 104 141 111 134 1 127 
141 23 14 144 64 0 61 46 75 107 120 128 133 57 19 103 130 112 41 131 110 100 115 82 74 59 34 73 79 125 3 123 4 114 26 140 147 101 117 92 
142 121 103 120 76 114 105 88 16 139 140 17 15 90 101 60 23 47 24 82 96 87 69 73 130 11 52 147 32 99 72 66 45 98 21 93 44 6 39 25 59 8 55 40 112 13 7 63 78 51 117 3 41 133 65 0 30 
143 5 4 48 28 113 62 122 22 102 147 53 93 133 145 31 144 6 38 33 109 85 124 1 76 126 2 44 23 20 17 41 94 59 111 7 56 55 
144 98 13 141 135 67 11 133 12 14 143 126 27 106 4 113 99 76 130 0 131 93 40 124 59 37 109 58 26 105 34 92 77 110 5 1 68 66 128 7 44 88 
145 8 138 133 16 97 18 49 43 15 53 9 56 57 143 123 112 80 40 32 19 70 7 72 93 6 51 4 58 109 113 120 128 13 110 42 117 2 48 74 71 88 10 115 60 
146 67 131 60 16 7 103 10 121 52 92 120 53 96 118 2 93 22 15 38 49 73 36 139 114 51 125 19 110 84 48 97 87 85 127 111 109 21 95 44 27 106 71 
147 95 36 76 125 101 137 37 136 74 44 59 143 69 138 65 46 109 142 67 39 124 54 121 19 7 108 97 2 22 17 106 105 71 123 117 141 130 127 100 
