0 105 
0 49 
0 103 
0 148 
0 41 
0 150 
0 134 
0 77 
0 151 
0 91 
0 116 
0 54 
0 65 
0 73 
0 16 
0 102 
0 22 
0 120 
0 68 
0 96 
0 37 
0 38 
0 139 
0 130 
0 124 
0 70 
0 153 
0 27 
0 85 
0 53 
0 40 
0 118 
0 138 
0 104 
0 126 
0 18 
0 114 
0 133 
0 131 
0 43 
0 140 
0 29 
0 132 
0 60 
0 93 
0 35 
0 71 
0 143 
0 110 
0 98 
0 23 
0 100 
0 47 
0 45 
0 32 
0 88 
0 28 
0 26 
0 7 
0 58 
0 121 
0 17 
0 75 
0 64 
0 62 
0 33 
0 79 
0 152 
0 147 
0 67 
0 36 
0 119 
0 76 
0 107 
0 145 
0 24 
0 50 
0 30 
0 19 
0 149 
0 1 
0 92 
0 63 
0 80 
0 117 
1 130 
1 151 
1 143 
1 109 
1 97 
1 104 
1 147 
1 137 
1 66 
1 54 
1 34 
1 95 
1 89 
1 47 
1 57 
1 103 
1 96 
1 4 
1 123 
1 129 
1 18 
1 23 
1 62 
1 15 
1 26 
1 134 
1 83 
1 50 
1 3 
1 42 
1 45 
1 139 
1 73 
1 126 
1 101 
1 14 
1 41 
1 90 
1 117 
1 119 
1 99 
1 148 
1 133 
1 74 
1 63 
1 114 
1 70 
1 92 
1 8 
1 10 
1 79 
1 7 
1 144 
1 19 
1 11 
1 121 
1 94 
1 132 
1 69 
1 102 
1 115 
1 35 
1 142 
1 0 
1 131 
1 56 
1 88 
1 138 
1 87 
2 44 
2 89 
2 14 
2 100 
2 11 
2 21 
2 83 
2 142 
2 22 
2 109 
2 79 
2 18 
2 5 
2 29 
2 105 
2 108 
2 40 
2 66 
2 90 
2 125 
2 103 
2 147 
2 87 
2 8 
2 68 
2 59 
2 19 
2 62 
2 132 
2 86 
2 150 
2 106 
2 56 
2 76 
2 85 
2 119 
2 9 
2 153 
2 78 
2 61 
2 63 
2 30 
2 148 
2 118 
2 54 
2 101 
2 127 
2 60 
2 124 
2 26 
2 23 
2 113 
2 144 
2 55 
2 20 
2 102 
2 17 
2 93 
2 97 
2 71 
2 136 
2 52 
2 24 
2 16 
2 58 
2 151 
2 104 
2 110 
2 149 
2 12 
2 32 
2 28 
2 152 
3 127 
3 141 
3 105 
3 83 
3 41 
3 93 
3 108 
3 126 
3 77 
3 111 
3 17 
3 121 
3 104 
3 87 
3 117 
3 99 
3 131 
3 36 
3 91 
3 133 
3 44 
3 39 
3 57 
3 122 
3 96 
3 103 
3 70 
3 46 
3 124 
3 109 
3 47 
3 1 
3 114 
3 75 
3 7 
3 102 
3 110 
3 13 
3 90 
3 45 
3 112 
3 150 
3 56 
3 60 
3 97 
3 80 
3 26 
3 147 
3 120 
3 66 
3 65 
3 125 
3 145 
3 95 
3 101 
3 58 
3 139 
3 27 
3 37 
3 50 
3 10 
3 76 
3 142 
3 64 
3 138 
3 38 
3 52 
3 53 
3 116 
3 23 
3 16 
3 143 
3 119 
3 43 
3 106 
3 115 
3 113 
3 32 
3 146 
3 40 
3 137 
3 148 
3 136 
3 33 
3 79 
3 100 
3 25 
3 14 
3 5 
3 71 
3 4 
3 30 
3 88 
3 69 
4 104 
4 118 
4 41 
4 44 
4 43 
4 100 
4 52 
4 116 
4 109 
4 117 
4 90 
4 135 
4 13 
4 111 
4 1 
4 139 
4 82 
4 14 
4 61 
4 97 
4 91 
4 32 
4 57 
4 112 
4 142 
4 144 
4 143 
4 122 
4 71 
4 15 
4 113 
4 48 
4 145 
4 64 
4 152 
4 62 
4 76 
4 106 
4 36 
4 107 
4 7 
4 153 
4 25 
4 30 
4 95 
4 42 
4 29 
4 22 
4 121 
4 132 
4 146 
4 34 
4 84 
4 89 
4 37 
4 19 
4 47 
4 23 
4 8 
4 68 
4 150 
4 125 
4 24 
4 131 
4 86 
4 63 
4 93 
4 115 
4 12 
4 110 
4 33 
4 67 
4 88 
4 28 
4 149 
4 137 
4 45 
4 148 
4 3 
4 10 
5 80 
5 129 
5 8 
5 18 
5 62 
5 56 
5 22 
5 95 
5 130 
5 150 
5 149 
5 2 
5 77 
5 92 
5 148 
5 40 
5 108 
5 151 
5 51 
5 15 
5 128 
5 42 
5 106 
5 21 
5 13 
5 61 
5 17 
5 100 
5 97 
5 137 
5 79 
5 33 
5 58 
5 113 
5 144 
5 50 
5 32 
5 31 
5 88 
5 78 
5 146 
5 52 
5 140 
5 119 
5 83 
5 39 
5 121 
5 122 
5 29 
5 16 
5 94 
5 57 
5 139 
5 7 
5 124 
5 10 
5 102 
5 132 
5 11 
5 120 
5 47 
5 82 
5 118 
5 112 
5 72 
5 34 
5 67 
5 135 
5 101 
5 131 
5 107 
5 93 
5 86 
5 70 
5 114 
5 6 
5 35 
5 44 
5 25 
5 110 
5 75 
5 3 
5 68 
6 143 
6 86 
6 49 
6 108 
6 103 
6 51 
6 75 
6 128 
6 20 
6 59 
6 136 
6 21 
6 94 
6 76 
6 123 
6 32 
6 120 
6 100 
6 89 
6 125 
6 78 
6 19 
6 90 
6 140 
6 53 
6 141 
6 62 
6 138 
6 9 
6 47 
6 66 
6 95 
6 23 
6 43 
6 124 
6 115 
6 80 
6 70 
6 79 
6 41 
6 7 
6 12 
6 145 
6 61 
6 149 
6 112 
6 97 
6 105 
6 144 
6 36 
6 82 
6 98 
6 126 
6 69 
6 64 
6 147 
6 118 
6 18 
6 31 
6 56 
6 42 
6 93 
6 55 
6 111 
6 14 
6 5 
6 102 
6 73 
6 33 
7 54 
7 146 
7 143 
7 92 
7 12 
7 72 
7 140 
7 96 
7 94 
7 83 
7 20 
7 129 
7 21 
7 89 
7 144 
7 56 
7 105 
7 87 
7 142 
7 106 
7 47 
7 34 
7 59 
7 45 
7 13 
7 18 
7 112 
7 108 
7 4 
7 19 
7 3 
7 81 
7 70 
7 69 
7 136 
7 67 
7 50 
7 74 
7 26 
7 14 
7 85 
7 134 
7 16 
7 46 
7 57 
7 6 
7 91 
7 5 
7 132 
7 49 
7 23 
7 127 
7 10 
7 65 
7 0 
7 73 
7 71 
7 43 
7 39 
7 122 
7 147 
7 79 
7 120 
7 9 
7 58 
7 1 
7 8 
7 24 
7 86 
7 123 
7 37 
7 29 
7 114 
7 27 
7 61 
7 118 
7 55 
7 103 
7 60 
7 131 
7 64 
8 92 
8 100 
8 116 
8 43 
8 5 
8 86 
8 12 
8 95 
8 38 
8 23 
8 29 
8 10 
8 139 
8 24 
8 90 
8 118 
8 107 
8 20 
8 126 
8 140 
8 130 
8 56 
8 63 
8 71 
8 99 
8 109 
8 30 
8 44 
8 106 
8 133 
8 39 
8 36 
8 13 
8 146 
8 97 
8 2 
8 121 
8 132 
8 49 
8 65 
8 21 
8 151 
8 77 
8 136 
8 47 
8 96 
8 48 
8 33 
8 57 
8 120 
8 114 
8 129 
8 40 
8 75 
8 137 
8 91 
8 104 
8 150 
8 85 
8 67 
8 4 
8 1 
8 119 
8 122 
8 37 
8 80 
8 7 
8 18 
8 59 
8 88 
8 78 
8 148 
8 14 
8 89 
8 53 
8 124 
8 50 
9 19 
9 29 
9 17 
9 143 
9 40 
9 122 
9 73 
9 127 
9 61 
9 84 
9 69 
9 92 
9 148 
9 88 
9 104 
9 118 
9 31 
9 33 
9 141 
9 43 
9 47 
9 54 
9 49 
9 146 
9 99 
9 136 
9 82 
9 105 
9 111 
9 139 
9 6 
9 85 
9 23 
9 152 
9 45 
9 135 
9 2 
9 39 
9 21 
9 42 
9 27 
9 44 
9 120 
9 91 
9 24 
9 116 
9 128 
9 13 
9 57 
9 93 
9 137 
9 50 
9 74 
9 140 
9 7 
9 108 
9 126 
9 32 
9 60 
9 87 
9 55 
9 106 
9 77 
9 102 
9 117 
9 98 
9 34 
9 53 
9 95 
10 121 
10 75 
10 115 
10 152 
10 86 
10 78 
10 51 
10 20 
10 8 
10 59 
10 124 
10 71 
10 93 
10 27 
10 70 
10 122 
10 35 
10 47 
10 99 
10 68 
10 46 
10 94 
10 134 
10 29 
10 61 
10 66 
10 133 
10 83 
10 37 
10 62 
10 12 
10 72 
10 60 
10 97 
10 52 
10 82 
10 96 
10 26 
10 138 
10 38 
10 24 
10 19 
10 48 
10 151 
10 137 
10 3 
10 7 
10 116 
10 5 
10 73 
10 144 
10 49 
10 41 
10 132 
10 148 
10 33 
10 81 
10 113 
10 1 
10 87 
10 101 
10 129 
10 31 
10 92 
10 142 
10 42 
10 125 
10 118 
10 153 
10 50 
10 110 
10 4 
11 54 
11 76 
11 98 
11 112 
11 69 
11 87 
11 93 
11 14 
11 2 
11 110 
11 38 
11 123 
11 107 
11 116 
11 122 
11 67 
11 147 
11 139 
11 81 
11 44 
11 50 
11 13 
11 137 
11 99 
11 109 
11 105 
11 46 
11 43 
11 132 
11 140 
11 64 
11 90 
11 73 
11 22 
11 72 
11 133 
11 36 
11 131 
11 45 
11 129 
11 91 
11 31 
11 124 
11 121 
11 138 
11 145 
11 89 
11 103 
11 61 
11 102 
11 23 
11 146 
11 42 
11 70 
11 101 
11 68 
11 85 
11 5 
11 65 
11 136 
11 55 
11 59 
11 83 
11 134 
11 63 
11 151 
11 35 
11 114 
11 1 
11 33 
11 120 
11 108 
11 113 
11 77 
12 51 
12 43 
12 119 
12 7 
12 65 
12 8 
12 45 
12 101 
12 72 
12 76 
12 131 
12 31 
12 22 
12 126 
12 115 
12 125 
12 149 
12 24 
12 62 
12 99 
12 35 
12 109 
12 113 
12 105 
12 137 
12 21 
12 128 
12 130 
12 66 
12 37 
12 52 
12 83 
12 151 
12 18 
12 40 
12 135 
12 120 
12 10 
12 136 
12 78 
12 106 
12 152 
12 86 
12 56 
12 44 
12 23 
12 74 
12 14 
12 6 
12 69 
12 81 
12 13 
12 92 
12 89 
12 67 
12 144 
12 127 
12 88 
12 117 
12 134 
12 71 
12 90 
12 97 
12 4 
12 150 
12 36 
12 111 
12 143 
12 15 
12 39 
12 28 
12 26 
12 121 
12 33 
12 55 
12 2 
13 85 
13 18 
13 115 
13 49 
13 142 
13 43 
13 148 
13 77 
13 48 
13 79 
13 54 
13 26 
13 87 
13 122 
13 117 
13 4 
13 126 
13 73 
13 83 
13 131 
13 94 
13 11 
13 99 
13 112 
13 140 
13 35 
13 19 
13 58 
13 143 
13 5 
13 8 
13 7 
13 63 
13 40 
13 150 
13 125 
13 81 
13 61 
13 102 
13 3 
13 129 
13 53 
13 44 
13 84 
13 33 
13 38 
13 57 
13 41 
13 20 
13 17 
13 74 
13 31 
13 106 
13 12 
13 109 
13 100 
13 141 
13 23 
13 97 
13 9 
13 64 
13 37 
13 69 
13 135 
13 130 
13 136 
13 147 
13 68 
13 25 
14 106 
14 2 
14 69 
14 133 
14 92 
14 63 
14 41 
14 25 
14 125 
14 11 
14 116 
14 136 
14 94 
14 143 
14 100 
14 124 
14 17 
14 34 
14 54 
14 73 
14 115 
14 4 
14 43 
14 151 
14 26 
14 16 
14 141 
14 132 
14 45 
14 81 
14 93 
14 142 
14 91 
14 44 
14 105 
14 137 
14 23 
14 72 
14 1 
14 65 
14 87 
14 118 
14 46 
14 104 
14 7 
14 83 
14 42 
14 95 
14 114 
14 67 
14 12 
14 98 
14 52 
14 128 
14 89 
14 138 
14 123 
14 15 
14 40 
14 59 
14 28 
14 140 
14 78 
14 49 
14 90 
14 145 
14 8 
14 6 
14 35 
14 48 
14 88 
14 152 
14 19 
14 20 
14 51 
14 3 
14 102 
15 35 
15 61 
15 78 
15 29 
15 44 
15 21 
15 124 
15 33 
15 45 
15 105 
15 62 
15 85 
15 52 
15 80 
15 56 
15 129 
15 143 
15 1 
15 25 
15 146 
15 102 
15 36 
15 132 
15 101 
15 5 
15 116 
15 67 
15 140 
15 4 
15 23 
15 19 
15 106 
15 47 
15 103 
15 151 
15 38 
15 51 
15 104 
15 126 
15 41 
15 92 
15 93 
15 110 
15 147 
15 59 
15 91 
15 22 
15 46 
15 75 
15 97 
15 139 
15 32 
15 112 
15 137 
15 14 
15 42 
15 145 
15 76 
15 71 
15 141 
15 28 
15 149 
15 43 
15 30 
15 12 
15 87 
15 40 
15 64 
15 135 
15 118 
16 129 
16 120 
16 78 
16 85 
16 63 
16 28 
16 37 
16 81 
16 0 
16 34 
16 31 
16 94 
16 57 
16 104 
16 67 
16 135 
16 14 
16 116 
16 100 
16 131 
16 27 
16 64 
16 124 
16 60 
16 56 
16 70 
16 99 
16 145 
16 113 
16 25 
16 106 
16 69 
16 133 
16 82 
16 150 
16 58 
16 45 
16 5 
16 7 
16 43 
16 93 
16 38 
16 71 
16 88 
16 48 
16 112 
16 108 
16 90 
16 148 
16 138 
16 54 
16 75 
16 44 
16 26 
16 3 
16 52 
16 77 
16 121 
16 134 
16 47 
16 18 
16 111 
16 62 
16 2 
16 84 
16 152 
16 55 
16 146 
16 32 
16 80 
16 61 
16 79 
16 144 
17 31 
17 118 
17 9 
17 43 
17 36 
17 24 
17 41 
17 3 
17 56 
17 142 
17 119 
17 143 
17 62 
17 81 
17 14 
17 49 
17 57 
17 129 
17 23 
17 39 
17 52 
17 30 
17 153 
17 51 
17 139 
17 141 
17 94 
17 5 
17 133 
17 33 
17 73 
17 144 
17 38 
17 152 
17 34 
17 148 
17 114 
17 42 
17 101 
17 115 
17 21 
17 26 
17 98 
17 127 
17 53 
17 76 
17 82 
17 13 
17 48 
17 84 
17 74 
17 108 
17 54 
17 149 
17 75 
17 18 
17 110 
17 0 
17 59 
17 107 
17 70 
17 85 
17 72 
17 68 
17 150 
17 2 
17 124 
17 32 
17 131 
17 138 
17 100 
17 67 
18 84 
18 37 
18 127 
18 52 
18 39 
18 5 
18 13 
18 152 
18 78 
18 85 
18 111 
18 51 
18 101 
18 31 
18 113 
18 72 
18 80 
18 129 
18 53 
18 88 
18 102 
18 2 
18 132 
18 122 
18 38 
18 1 
18 112 
18 143 
18 91 
18 77 
18 79 
18 108 
18 138 
18 135 
18 43 
18 19 
18 7 
18 0 
18 12 
18 73 
18 25 
18 42 
18 55 
18 22 
18 57 
18 30 
18 107 
18 126 
18 106 
18 128 
18 100 
18 60 
18 103 
18 147 
18 145 
18 86 
18 26 
18 66 
18 45 
18 17 
18 44 
18 141 
18 34 
18 49 
18 23 
18 8 
18 87 
18 90 
18 148 
18 54 
18 6 
18 142 
18 16 
18 21 
18 153 
18 124 
18 136 
18 69 
18 35 
18 75 
18 104 
19 9 
19 148 
19 58 
19 83 
19 126 
19 20 
19 41 
19 142 
19 138 
19 98 
19 43 
19 53 
19 133 
19 120 
19 106 
19 65 
19 114 
19 35 
19 6 
19 84 
19 61 
19 13 
19 63 
19 81 
19 56 
19 18 
19 88 
19 15 
19 57 
19 78 
19 42 
19 82 
19 2 
19 7 
19 72 
19 145 
19 101 
19 34 
19 122 
19 60 
19 99 
19 49 
19 153 
19 28 
19 116 
19 87 
19 144 
19 71 
19 146 
19 24 
19 33 
19 139 
19 10 
19 73 
19 112 
19 136 
19 151 
19 50 
19 93 
19 25 
19 59 
19 4 
19 97 
19 115 
19 39 
19 119 
19 38 
19 52 
19 108 
19 85 
19 23 
19 149 
19 1 
19 70 
19 150 
19 54 
19 140 
19 137 
19 76 
19 62 
19 0 
19 46 
19 22 
19 14 
19 79 
19 69 
19 92 
19 135 
20 101 
20 115 
20 145 
20 144 
20 74 
20 44 
20 6 
20 97 
20 24 
20 142 
20 7 
20 19 
20 10 
20 54 
20 112 
20 129 
20 49 
20 78 
20 70 
20 8 
20 99 
20 39 
20 125 
20 147 
20 150 
20 96 
20 50 
20 132 
20 92 
20 109 
20 66 
20 152 
20 105 
20 82 
20 38 
20 113 
20 47 
20 72 
20 29 
20 71 
20 32 
20 48 
20 62 
20 35 
20 13 
20 119 
20 146 
20 118 
20 83 
20 114 
20 30 
20 60 
20 141 
20 153 
20 43 
20 55 
20 84 
20 61 
20 104 
20 98 
20 68 
20 46 
20 110 
20 2 
20 108 
20 94 
20 51 
20 143 
20 107 
20 148 
20 14 
20 140 
20 89 
21 100 
21 40 
21 52 
21 50 
21 51 
21 49 
21 2 
21 15 
21 6 
21 69 
21 144 
21 7 
21 151 
21 22 
21 41 
21 71 
21 111 
21 140 
21 46 
21 103 
21 56 
21 142 
21 88 
21 107 
21 131 
21 143 
21 26 
21 75 
21 115 
21 42 
21 12 
21 55 
21 5 
21 96 
21 109 
21 114 
21 59 
21 82 
21 119 
21 78 
21 149 
21 73 
21 8 
21 84 
21 36 
21 35 
21 63 
21 130 
21 17 
21 93 
21 101 
21 9 
21 61 
21 150 
21 133 
21 60 
21 77 
21 120 
21 85 
21 64 
21 65 
21 112 
21 72 
21 146 
21 31 
21 44 
21 18 
21 125 
21 104 
21 136 
21 132 
22 106 
22 5 
22 51 
22 135 
22 152 
22 37 
22 70 
22 12 
22 2 
22 89 
22 59 
22 21 
22 41 
22 88 
22 110 
22 54 
22 65 
22 40 
22 49 
22 117 
22 0 
22 82 
22 100 
22 50 
22 113 
22 147 
22 80 
22 42 
22 112 
22 61 
22 36 
22 93 
22 144 
22 44 
22 95 
22 77 
22 71 
22 109 
22 11 
22 111 
22 87 
22 104 
22 53 
22 136 
22 116 
22 85 
22 129 
22 146 
22 18 
22 64 
22 94 
22 142 
22 103 
22 29 
22 30 
22 125 
22 126 
22 150 
22 4 
22 148 
22 86 
22 124 
22 141 
22 43 
22 46 
22 15 
22 143 
22 140 
22 96 
22 130 
22 127 
22 24 
22 139 
22 153 
22 122 
22 47 
22 28 
22 52 
22 19 
22 56 
22 62 
22 68 
22 115 
22 69 
23 43 
23 142 
23 8 
23 153 
23 27 
23 131 
23 44 
23 68 
23 69 
23 17 
23 86 
23 70 
23 83 
23 92 
23 47 
23 1 
23 101 
23 116 
23 36 
23 51 
23 62 
23 144 
23 109 
23 128 
23 61 
23 15 
23 133 
23 29 
23 134 
23 49 
23 14 
23 114 
23 9 
23 74 
23 99 
23 6 
23 46 
23 35 
23 82 
23 76 
23 130 
23 110 
23 81 
23 12 
23 80 
23 100 
23 108 
23 136 
23 0 
23 117 
23 33 
23 7 
23 57 
23 71 
23 11 
23 105 
23 13 
23 32 
23 143 
23 95 
23 4 
23 145 
23 39 
23 121 
23 147 
23 3 
23 139 
23 152 
23 137 
23 18 
23 2 
23 19 
23 45 
23 89 
23 26 
23 97 
23 84 
23 113 
23 91 
23 87 
23 52 
23 146 
23 53 
24 114 
24 30 
24 81 
24 146 
24 140 
24 71 
24 29 
24 99 
24 88 
24 54 
24 127 
24 17 
24 124 
24 20 
24 147 
24 89 
24 8 
24 136 
24 36 
24 137 
24 12 
24 75 
24 143 
24 100 
24 87 
24 116 
24 132 
24 67 
24 119 
24 52 
24 56 
24 46 
24 42 
24 80 
24 117 
24 108 
24 73 
24 121 
24 78 
24 84 
24 104 
24 53 
24 64 
24 26 
24 128 
24 103 
24 83 
24 19 
24 10 
24 151 
24 110 
24 92 
24 102 
24 112 
24 144 
24 69 
24 9 
24 123 
24 38 
24 74 
24 55 
24 34 
24 35 
24 125 
24 61 
24 27 
24 4 
24 126 
24 22 
24 109 
24 7 
24 101 
24 111 
24 68 
24 0 
24 96 
24 66 
24 33 
24 2 
24 72 
24 150 
25 66 
25 30 
25 14 
25 78 
25 137 
25 36 
25 143 
25 85 
25 109 
25 79 
25 100 
25 65 
25 115 
25 90 
25 58 
25 134 
25 59 
25 112 
25 28 
25 37 
25 51 
25 145 
25 81 
25 15 
25 104 
25 70 
25 97 
25 44 
25 133 
25 138 
25 72 
25 89 
25 99 
25 67 
25 33 
25 121 
25 16 
25 18 
25 53 
25 4 
25 69 
25 93 
25 60 
25 144 
25 125 
25 111 
25 68 
25 62 
25 61 
25 19 
25 38 
25 132 
25 76 
25 47 
25 50 
25 35 
25 147 
25 29 
25 122 
25 57 
25 54 
25 107 
25 96 
25 39 
25 153 
25 123 
25 126 
25 73 
25 150 
25 26 
25 5 
25 3 
25 95 
25 13 
26 55 
26 42 
26 98 
26 56 
26 38 
26 27 
26 141 
26 73 
26 43 
26 68 
26 151 
26 128 
26 13 
26 140 
26 107 
26 33 
26 69 
26 14 
26 80 
26 61 
26 104 
26 1 
26 21 
26 78 
26 131 
26 39 
26 109 
26 47 
26 40 
26 142 
26 100 
26 121 
26 81 
26 102 
26 152 
26 126 
26 62 
26 46 
26 7 
26 3 
26 74 
26 24 
26 17 
26 10 
26 139 
26 45 
26 120 
26 135 
26 94 
26 129 
26 53 
26 117 
26 89 
26 72 
26 0 
26 125 
26 18 
26 85 
26 41 
26 16 
26 118 
26 144 
26 130 
26 103 
26 77 
26 93 
26 66 
26 31 
26 44 
26 2 
26 59 
26 150 
26 54 
26 112 
26 23 
26 25 
26 50 
26 115 
26 110 
26 108 
26 12 
26 86 
26 79 
27 124 
27 44 
27 67 
27 152 
27 100 
27 125 
27 120 
27 151 
27 26 
27 108 
27 121 
27 48 
27 23 
27 31 
27 10 
27 43 
27 41 
27 145 
27 61 
27 32 
27 115 
27 117 
27 69 
27 60 
27 64 
27 128 
27 29 
27 54 
27 16 
27 50 
27 123 
27 89 
27 0 
27 59 
27 85 
27 35 
27 70 
27 82 
27 139 
27 83 
27 147 
27 132 
27 111 
27 129 
27 134 
27 46 
27 58 
27 71 
27 39 
27 3 
27 9 
27 103 
27 137 
27 38 
27 110 
27 24 
27 99 
27 126 
27 122 
27 49 
27 78 
27 34 
27 130 
27 104 
27 7 
27 144 
27 116 
27 131 
27 142 
27 148 
27 30 
27 92 
27 56 
27 36 
28 100 
28 83 
28 107 
28 147 
28 34 
28 52 
28 37 
28 16 
28 90 
28 32 
28 136 
28 66 
28 25 
28 101 
28 73 
28 38 
28 75 
28 56 
28 42 
28 115 
28 60 
28 138 
28 125 
28 135 
28 129 
28 64 
28 58 
28 113 
28 148 
28 76 
28 117 
28 140 
28 93 
28 43 
28 19 
28 97 
28 87 
28 131 
28 68 
28 128 
28 134 
28 0 
28 99 
28 103 
28 142 
28 35 
28 77 
28 63 
28 31 
28 120 
28 49 
28 80 
28 150 
28 72 
28 14 
28 74 
28 133 
28 126 
28 15 
28 95 
28 114 
28 39 
28 40 
28 4 
28 22 
28 116 
28 91 
28 12 
28 2 
29 112 
29 9 
29 99 
29 97 
29 15 
29 24 
29 44 
29 102 
29 8 
29 129 
29 45 
29 136 
29 140 
29 92 
29 111 
29 48 
29 116 
29 53 
29 64 
29 60 
29 94 
29 35 
29 2 
29 95 
29 41 
29 125 
29 82 
29 74 
29 27 
29 67 
29 63 
29 42 
29 85 
29 131 
29 143 
29 23 
29 10 
29 75 
29 103 
29 152 
29 36 
29 78 
29 20 
29 52 
29 88 
29 123 
29 0 
29 90 
29 22 
29 148 
29 76 
29 122 
29 5 
29 4 
29 96 
29 108 
29 91 
29 151 
29 86 
29 89 
29 147 
29 68 
29 33 
29 73 
29 25 
29 153 
29 47 
29 119 
29 150 
29 100 
29 72 
29 30 
29 7 
29 98 
29 135 
29 126 
30 119 
30 24 
30 42 
30 25 
30 70 
30 137 
30 93 
30 55 
30 45 
30 104 
30 105 
30 67 
30 37 
30 52 
30 8 
30 112 
30 128 
30 48 
30 148 
30 17 
30 92 
30 115 
30 32 
30 130 
30 39 
30 103 
30 94 
30 133 
30 69 
30 44 
30 153 
30 91 
30 77 
30 4 
30 89 
30 75 
30 22 
30 18 
30 108 
30 102 
30 54 
30 114 
30 116 
30 97 
30 2 
30 31 
30 20 
30 86 
30 100 
30 120 
30 132 
30 90 
30 34 
30 122 
30 106 
30 127 
30 63 
30 35 
30 99 
30 47 
30 78 
30 145 
30 29 
30 81 
30 41 
30 36 
30 15 
30 124 
30 0 
30 82 
30 46 
30 60 
30 27 
30 3 
31 56 
31 67 
31 17 
31 45 
31 82 
31 145 
31 73 
31 12 
31 18 
31 68 
31 27 
31 136 
31 47 
31 120 
31 69 
31 103 
31 35 
31 122 
31 16 
31 78 
31 147 
31 100 
31 59 
31 9 
31 41 
31 113 
31 72 
31 54 
31 86 
31 104 
31 141 
31 85 
31 139 
31 66 
31 131 
31 11 
31 5 
31 144 
31 74 
31 50 
31 127 
31 76 
31 95 
31 130 
31 13 
31 119 
31 30 
31 57 
31 84 
31 58 
31 28 
31 48 
31 42 
31 108 
31 26 
31 153 
31 21 
31 80 
31 70 
31 148 
31 6 
31 10 
31 75 
31 107 
31 124 
31 63 
31 34 
31 114 
31 39 
31 125 
32 104 
32 144 
32 75 
32 65 
32 112 
32 152 
32 53 
32 85 
32 47 
32 52 
32 89 
32 138 
32 126 
32 28 
32 111 
32 63 
32 116 
32 67 
32 27 
32 39 
32 6 
32 149 
32 97 
32 57 
32 34 
32 136 
32 142 
32 4 
32 91 
32 66 
32 72 
32 84 
32 30 
32 118 
32 71 
32 102 
32 98 
32 125 
32 20 
32 5 
32 140 
32 108 
32 100 
32 146 
32 121 
32 54 
32 50 
32 41 
32 56 
32 42 
32 64 
32 120 
32 117 
32 0 
32 115 
32 122 
32 96 
32 23 
32 128 
32 51 
32 148 
32 109 
32 131 
32 134 
32 69 
32 15 
32 127 
32 60 
32 35 
32 9 
32 106 
32 79 
32 48 
32 99 
32 103 
32 3 
32 90 
32 17 
32 80 
32 78 
32 2 
32 16 
32 133 
32 95 
32 61 
33 107 
33 74 
33 52 
33 135 
33 112 
33 59 
33 44 
33 124 
33 15 
33 50 
33 62 
33 149 
33 71 
33 70 
33 65 
33 99 
33 26 
33 106 
33 9 
33 110 
33 152 
33 58 
33 82 
33 49 
33 92 
33 17 
33 41 
33 113 
33 43 
33 151 
33 94 
33 5 
33 83 
33 108 
33 64 
33 25 
33 53 
33 55 
33 78 
33 40 
33 36 
33 45 
33 13 
33 80 
33 8 
33 153 
33 128 
33 19 
33 23 
33 116 
33 140 
33 37 
33 122 
33 29 
33 123 
33 10 
33 38 
33 0 
33 67 
33 68 
33 34 
33 4 
33 56 
33 109 
33 57 
33 145 
33 101 
33 24 
33 102 
33 3 
33 12 
33 11 
33 76 
33 6 
34 56 
34 139 
34 75 
34 110 
34 130 
34 141 
34 80 
34 108 
34 133 
34 28 
34 1 
34 55 
34 136 
34 48 
34 45 
34 16 
34 14 
34 121 
34 39 
34 7 
34 32 
34 92 
34 109 
34 88 
34 65 
34 95 
34 144 
34 101 
34 138 
34 17 
34 143 
34 86 
34 19 
34 153 
34 41 
34 93 
34 129 
34 82 
34 72 
34 89 
34 131 
34 59 
34 47 
34 4 
34 24 
34 30 
34 91 
34 71 
34 77 
34 18 
34 5 
34 44 
34 33 
34 37 
34 135 
34 27 
34 104 
34 50 
34 99 
34 31 
34 63 
34 127 
34 38 
34 9 
34 100 
35 15 
35 82 
35 49 
35 50 
35 142 
35 149 
35 137 
35 31 
35 88 
35 39 
35 29 
35 12 
35 19 
35 10 
35 79 
35 114 
35 42 
35 13 
35 76 
35 104 
35 54 
35 67 
35 72 
35 60 
35 138 
35 47 
35 147 
35 102 
35 66 
35 45 
35 55 
35 96 
35 70 
35 27 
35 37 
35 23 
35 53 
35 20 
35 21 
35 125 
35 100 
35 0 
35 38 
35 119 
35 122 
35 61 
35 115 
35 153 
35 120 
35 99 
35 65 
35 28 
35 78 
35 135 
35 44 
35 56 
35 143 
35 24 
35 25 
35 152 
35 30 
35 57 
35 116 
35 139 
35 73 
35 32 
35 11 
35 94 
35 106 
35 18 
35 84 
35 5 
35 14 
35 1 
35 93 
35 43 
35 146 
36 38 
36 48 
36 73 
36 148 
36 25 
36 17 
36 63 
36 60 
36 129 
36 81 
36 122 
36 3 
36 24 
36 103 
36 130 
36 91 
36 135 
36 75 
36 57 
36 144 
36 47 
36 23 
36 15 
36 8 
36 66 
36 22 
36 145 
36 112 
36 88 
36 90 
36 58 
36 114 
36 71 
36 121 
36 4 
36 68 
36 29 
36 11 
36 59 
36 147 
36 56 
36 79 
36 116 
36 21 
36 117 
36 33 
36 128 
36 146 
36 52 
36 97 
36 102 
36 104 
36 40 
36 62 
36 43 
36 137 
36 141 
36 107 
36 115 
36 123 
36 42 
36 89 
36 152 
36 80 
36 85 
36 93 
36 6 
36 69 
36 67 
36 108 
36 92 
36 109 
36 0 
36 113 
36 12 
36 53 
36 100 
36 30 
36 96 
36 87 
36 118 
36 27 
36 61 
36 125 
37 18 
37 53 
37 52 
37 110 
37 22 
37 28 
37 16 
37 134 
37 44 
37 144 
37 116 
37 100 
37 79 
37 25 
37 54 
37 123 
37 109 
37 131 
37 30 
37 105 
37 77 
37 49 
37 0 
37 68 
37 132 
37 70 
37 85 
37 141 
37 101 
37 118 
37 152 
37 102 
37 84 
37 12 
37 130 
37 96 
37 59 
37 71 
37 89 
37 10 
37 50 
37 86 
37 41 
37 38 
37 35 
37 45 
37 126 
37 82 
37 80 
37 3 
37 4 
37 39 
37 55 
37 33 
37 48 
37 133 
37 145 
37 13 
37 114 
37 8 
37 69 
37 119 
37 72 
37 94 
37 120 
37 124 
37 34 
37 117 
37 51 
37 139 
37 127 
37 58 
37 7 
37 129 
37 149 
37 93 
37 140 
37 112 
37 73 
37 135 
38 52 
38 118 
38 36 
38 53 
38 70 
38 75 
38 39 
38 114 
38 71 
38 105 
38 8 
38 26 
38 110 
38 59 
38 11 
38 142 
38 60 
38 81 
38 87 
38 18 
38 117 
38 82 
38 61 
38 28 
38 67 
38 63 
38 88 
38 112 
38 69 
38 0 
38 76 
38 78 
38 40 
38 116 
38 42 
38 101 
38 20 
38 108 
38 91 
38 17 
38 51 
38 37 
38 103 
38 73 
38 45 
38 15 
38 128 
38 35 
38 13 
38 10 
38 16 
38 133 
38 25 
38 100 
38 27 
38 83 
38 24 
38 3 
38 72 
38 74 
38 126 
38 41 
38 33 
38 19 
38 92 
38 120 
38 153 
38 107 
38 151 
38 97 
38 137 
38 54 
38 49 
38 139 
38 84 
38 148 
38 64 
38 79 
38 34 
38 122 
39 57 
39 127 
39 18 
39 48 
39 71 
39 38 
39 74 
39 110 
39 81 
39 54 
39 86 
39 3 
39 35 
39 99 
39 32 
39 34 
39 130 
39 20 
39 17 
39 53 
39 8 
39 41 
39 101 
39 64 
39 30 
39 83 
39 96 
39 26 
39 116 
39 72 
39 145 
39 95 
39 153 
39 55 
39 124 
39 45 
39 5 
39 129 
39 9 
39 85 
39 27 
39 84 
39 37 
39 126 
39 135 
39 49 
39 78 
39 7 
39 23 
39 19 
39 73 
39 59 
39 82 
39 52 
39 79 
39 150 
39 108 
39 25 
39 62 
39 90 
39 119 
39 146 
39 94 
39 28 
39 12 
39 151 
39 43 
39 31 
39 125 
40 98 
40 21 
40 124 
40 64 
40 108 
40 9 
40 55 
40 90 
40 115 
40 136 
40 106 
40 42 
40 122 
40 22 
40 51 
40 53 
40 116 
40 86 
40 50 
40 75 
40 5 
40 67 
40 2 
40 138 
40 121 
40 60 
40 38 
40 149 
40 13 
40 128 
40 0 
40 58 
40 12 
40 26 
40 130 
40 76 
40 33 
40 152 
40 142 
40 109 
40 82 
40 36 
40 47 
40 150 
40 8 
40 93 
40 97 
40 133 
40 129 
40 107 
40 83 
40 126 
40 46 
40 45 
40 105 
40 92 
40 14 
40 84 
40 135 
40 114 
40 28 
40 3 
40 15 
40 56 
40 99 
40 144 
40 54 
41 4 
41 3 
41 0 
41 14 
41 150 
41 96 
41 17 
41 55 
41 111 
41 75 
41 148 
41 19 
41 22 
41 136 
41 21 
41 89 
41 27 
41 120 
41 105 
41 29 
41 142 
41 58 
41 31 
41 76 
41 107 
41 126 
41 54 
41 39 
41 64 
41 118 
41 151 
41 140 
41 94 
41 92 
41 33 
41 78 
41 100 
41 1 
41 37 
41 152 
41 91 
41 138 
41 99 
41 34 
41 32 
41 104 
41 147 
41 121 
41 13 
41 6 
41 145 
41 153 
41 15 
41 101 
41 85 
41 127 
41 81 
41 42 
41 10 
41 135 
41 72 
41 124 
41 38 
41 73 
41 26 
41 49 
41 45 
41 86 
41 125 
41 62 
41 144 
41 30 
41 74 
41 132 
41 117 
42 26 
42 30 
42 62 
42 60 
42 140 
42 119 
42 74 
42 103 
42 40 
42 89 
42 87 
42 68 
42 94 
42 49 
42 48 
42 101 
42 105 
42 28 
42 22 
42 24 
42 35 
42 21 
42 5 
42 29 
42 38 
42 137 
42 44 
42 92 
42 1 
42 139 
42 19 
42 150 
42 138 
42 112 
42 91 
42 143 
42 127 
42 18 
42 79 
42 43 
42 4 
42 17 
42 122 
42 47 
42 81 
42 86 
42 14 
42 32 
42 75 
42 9 
42 117 
42 141 
42 149 
42 80 
42 11 
42 148 
42 36 
42 41 
42 99 
42 83 
42 64 
42 102 
42 144 
42 111 
42 31 
42 153 
42 15 
42 120 
42 6 
42 115 
42 55 
42 109 
42 78 
42 10 
42 126 
42 52 
42 116 
42 88 
43 94 
43 12 
43 4 
43 23 
43 8 
43 17 
43 95 
43 139 
43 13 
43 26 
43 110 
43 19 
43 27 
43 51 
43 87 
43 55 
43 99 
43 54 
43 50 
43 102 
43 14 
43 53 
43 47 
43 114 
43 11 
43 9 
43 45 
43 148 
43 88 
43 18 
43 109 
43 122 
43 33 
43 125 
43 59 
43 42 
43 0 
43 117 
43 6 
43 49 
43 48 
43 119 
43 28 
43 64 
43 140 
43 143 
43 16 
43 68 
43 36 
43 65 
43 22 
43 105 
43 73 
43 124 
43 20 
43 129 
43 7 
43 116 
43 84 
43 100 
43 134 
43 74 
43 3 
43 103 
43 63 
43 15 
43 78 
43 131 
43 153 
43 149 
43 39 
43 35 
43 56 
44 93 
44 2 
44 4 
44 27 
44 82 
44 131 
44 135 
44 57 
44 20 
44 100 
44 15 
44 29 
44 87 
44 146 
44 142 
44 97 
44 77 
44 33 
44 113 
44 37 
44 123 
44 61 
44 23 
44 127 
44 3 
44 47 
44 11 
44 74 
44 48 
44 76 
44 132 
44 117 
44 62 
44 8 
44 25 
44 94 
44 95 
44 46 
44 22 
44 126 
44 42 
44 69 
44 151 
44 14 
44 30 
44 128 
44 150 
44 119 
44 53 
44 149 
44 122 
44 54 
44 13 
44 120 
44 12 
44 137 
44 68 
44 116 
44 9 
44 58 
44 88 
44 145 
44 52 
44 35 
44 16 
44 49 
44 89 
44 18 
44 112 
44 83 
44 26 
44 21 
44 65 
44 34 
44 108 
44 129 
44 104 
44 56 
44 70 
44 5 
44 109 
44 90 
44 148 
44 115 
44 152 
45 129 
45 140 
45 61 
45 31 
45 12 
45 29 
45 145 
45 146 
45 115 
45 122 
45 78 
45 15 
45 34 
45 30 
45 79 
45 46 
45 134 
45 48 
45 72 
45 149 
45 56 
45 97 
45 109 
45 71 
45 43 
45 123 
45 7 
45 66 
45 136 
45 14 
45 73 
45 63 
45 1 
45 35 
45 120 
45 11 
45 87 
45 3 
45 101 
45 37 
45 147 
45 39 
45 38 
45 131 
45 33 
45 94 
45 9 
45 83 
45 16 
45 119 
45 113 
45 80 
45 26 
45 139 
45 62 
45 127 
45 108 
45 0 
45 133 
45 58 
45 65 
45 104 
45 57 
45 18 
45 153 
45 100 
45 137 
45 55 
45 81 
45 118 
45 41 
45 40 
45 67 
45 99 
45 91 
45 126 
45 151 
45 23 
45 4 
45 106 
46 74 
46 62 
46 95 
46 131 
46 82 
46 121 
46 99 
46 45 
46 110 
46 120 
46 114 
46 21 
46 133 
46 11 
46 3 
46 126 
46 66 
46 138 
46 24 
46 73 
46 147 
46 44 
46 10 
46 92 
46 124 
46 89 
46 104 
46 65 
46 119 
46 140 
46 53 
46 23 
46 137 
46 136 
46 26 
46 14 
46 125 
46 67 
46 7 
46 60 
46 27 
46 101 
46 61 
46 22 
46 58 
46 91 
46 15 
46 85 
46 123 
46 103 
46 40 
46 153 
46 152 
46 79 
46 78 
46 109 
46 51 
46 72 
46 144 
46 150 
46 20 
46 134 
46 76 
46 106 
46 111 
46 98 
46 30 
46 135 
46 19 
46 127 
46 83 
46 48 
47 95 
47 91 
47 48 
47 125 
47 105 
47 106 
47 127 
47 32 
47 102 
47 128 
47 1 
47 71 
47 31 
47 7 
47 44 
47 148 
47 23 
47 43 
47 53 
47 36 
47 101 
47 3 
47 10 
47 61 
47 9 
47 57 
47 117 
47 54 
47 83 
47 58 
47 104 
47 129 
47 35 
47 26 
47 20 
47 15 
47 6 
47 150 
47 109 
47 51 
47 50 
47 138 
47 94 
47 139 
47 98 
47 107 
47 89 
47 141 
47 64 
47 8 
47 42 
47 135 
47 88 
47 40 
47 75 
47 62 
47 0 
47 144 
47 34 
47 25 
47 73 
47 4 
47 120 
47 5 
47 100 
47 29 
47 66 
47 99 
47 131 
47 77 
47 74 
47 153 
47 93 
47 30 
47 16 
47 22 
47 143 
47 115 
47 56 
48 97 
48 94 
48 47 
48 64 
48 140 
48 36 
48 39 
48 55 
48 73 
48 122 
48 50 
48 112 
48 109 
48 27 
48 139 
48 93 
48 29 
48 13 
48 148 
48 123 
48 34 
48 101 
48 111 
48 107 
48 42 
48 45 
48 137 
48 79 
48 105 
48 44 
48 30 
48 147 
48 68 
48 95 
48 86 
48 4 
48 77 
48 126 
48 71 
48 85 
48 120 
48 88 
48 20 
48 43 
48 53 
48 118 
48 98 
48 82 
48 121 
48 84 
48 96 
48 8 
48 143 
48 63 
48 10 
48 17 
48 83 
48 128 
48 16 
48 117 
48 110 
48 91 
48 37 
48 92 
48 60 
48 31 
48 130 
48 106 
48 62 
48 59 
48 90 
48 76 
48 51 
48 119 
48 129 
48 78 
48 75 
48 32 
48 87 
48 138 
48 14 
48 81 
48 145 
48 152 
48 142 
48 114 
48 46 
49 145 
49 0 
49 6 
49 70 
49 148 
49 35 
49 21 
49 64 
49 119 
49 93 
49 13 
49 69 
49 122 
49 108 
49 149 
49 151 
49 17 
49 62 
49 136 
49 20 
49 153 
49 51 
49 42 
49 22 
49 76 
49 89 
49 111 
49 37 
49 78 
49 67 
49 9 
49 33 
49 133 
49 107 
49 105 
49 118 
49 50 
49 75 
49 117 
49 110 
49 23 
49 80 
49 79 
49 8 
49 43 
49 82 
49 19 
49 91 
49 86 
49 97 
49 128 
49 126 
49 72 
49 98 
49 109 
49 58 
49 115 
49 7 
49 140 
49 142 
49 94 
49 130 
49 144 
49 10 
49 39 
49 95 
49 59 
49 83 
49 131 
49 137 
49 143 
49 44 
49 28 
49 41 
49 123 
49 18 
49 134 
49 121 
49 27 
49 124 
49 14 
49 66 
49 56 
49 73 
49 38 
49 120 
49 101 
49 103 
49 112 
50 118 
50 56 
50 21 
50 35 
50 48 
50 120 
50 126 
50 138 
50 80 
50 53 
50 69 
50 33 
50 151 
50 82 
50 81 
50 134 
50 146 
50 77 
50 43 
50 98 
50 59 
50 40 
50 11 
50 22 
50 153 
50 52 
50 64 
50 137 
50 105 
50 20 
50 1 
50 27 
50 94 
50 140 
50 103 
50 125 
50 60 
50 95 
50 143 
50 142 
50 49 
50 75 
50 117 
50 62 
50 66 
50 37 
50 5 
50 47 
50 130 
50 7 
50 111 
50 32 
50 87 
50 123 
50 31 
50 3 
50 141 
50 51 
50 19 
50 25 
50 72 
50 116 
50 150 
50 106 
50 54 
50 9 
50 148 
50 84 
50 109 
50 108 
50 61 
50 73 
50 0 
50 34 
50 83 
50 147 
50 26 
50 10 
50 99 
50 8 
50 97 
51 12 
51 102 
51 127 
51 109 
51 92 
51 21 
51 6 
51 90 
51 22 
51 59 
51 10 
51 135 
51 18 
51 80 
51 137 
51 147 
51 119 
51 65 
51 49 
51 43 
51 25 
51 40 
51 84 
51 114 
51 23 
51 5 
51 17 
51 126 
51 87 
51 94 
51 76 
51 118 
51 117 
51 64 
51 142 
51 105 
51 38 
51 47 
51 134 
51 56 
51 141 
51 152 
51 145 
51 88 
51 113 
51 130 
51 54 
51 133 
51 85 
51 15 
51 82 
51 111 
51 120 
51 131 
51 50 
51 150 
51 112 
51 32 
51 136 
51 138 
51 115 
51 140 
51 97 
51 91 
51 57 
51 46 
51 71 
51 96 
51 148 
51 48 
51 37 
51 20 
51 103 
51 116 
51 146 
51 101 
51 149 
51 14 
51 62 
51 53 
52 38 
52 112 
52 18 
52 21 
52 4 
52 81 
52 33 
52 78 
52 142 
52 37 
52 89 
52 71 
52 28 
52 146 
52 32 
52 109 
52 139 
52 101 
52 129 
52 123 
52 73 
52 15 
52 30 
52 98 
52 152 
52 50 
52 17 
52 24 
52 12 
52 108 
52 132 
52 77 
52 126 
52 137 
52 91 
52 116 
52 29 
52 82 
52 86 
52 119 
52 5 
52 10 
52 145 
52 148 
52 36 
52 113 
52 110 
52 14 
52 97 
52 67 
52 55 
52 56 
52 44 
52 124 
52 133 
52 3 
52 94 
52 64 
52 61 
52 19 
52 39 
52 103 
52 16 
52 79 
52 87 
52 128 
52 143 
52 136 
52 151 
52 135 
52 42 
52 22 
52 153 
52 2 
52 111 
52 92 
52 102 
52 130 
52 23 
52 99 
53 77 
53 38 
53 63 
53 37 
53 32 
53 128 
53 143 
53 135 
53 50 
53 90 
53 29 
53 18 
53 19 
53 145 
53 40 
53 60 
53 43 
53 47 
53 39 
53 6 
53 152 
53 111 
53 0 
53 22 
53 56 
53 33 
53 44 
53 25 
53 46 
53 13 
53 35 
53 48 
53 75 
53 24 
53 70 
53 124 
53 127 
53 83 
53 17 
53 64 
53 73 
53 114 
53 26 
53 80 
53 88 
53 58 
53 134 
53 68 
53 153 
53 82 
53 112 
53 3 
53 91 
53 149 
53 71 
53 104 
53 76 
53 108 
53 54 
53 81 
53 116 
53 67 
53 65 
53 69 
53 109 
53 36 
53 62 
53 78 
53 129 
53 57 
53 66 
53 89 
53 8 
53 9 
53 51 
53 23 
54 7 
54 68 
54 11 
54 60 
54 132 
54 102 
54 24 
54 152 
54 127 
54 80 
54 66 
54 107 
54 1 
54 0 
54 147 
54 104 
54 20 
54 13 
54 39 
54 77 
54 22 
54 106 
54 14 
54 37 
54 100 
54 43 
54 145 
54 121 
54 78 
54 92 
54 74 
54 55 
54 27 
54 41 
54 9 
54 35 
54 31 
54 69 
54 128 
54 47 
54 63 
54 64 
54 115 
54 57 
54 87 
54 94 
54 143 
54 44 
54 32 
54 112 
54 59 
54 65 
54 51 
54 117 
54 131 
54 84 
54 30 
54 17 
54 56 
54 129 
54 130 
54 88 
54 2 
54 139 
54 108 
54 16 
54 110 
54 149 
54 50 
54 98 
54 25 
54 53 
54 82 
54 153 
54 18 
54 62 
54 19 
54 70 
54 38 
54 148 
54 26 
54 111 
54 123 
54 71 
54 135 
54 101 
54 61 
54 40 
55 26 
55 151 
55 135 
55 48 
55 134 
55 88 
55 137 
55 41 
55 112 
55 40 
55 34 
55 101 
55 57 
55 30 
55 116 
55 85 
55 43 
55 127 
55 126 
55 108 
55 54 
55 68 
55 21 
55 100 
55 71 
55 60 
55 119 
55 65 
55 35 
55 33 
55 113 
55 153 
55 18 
55 39 
55 99 
55 98 
55 123 
55 128 
55 37 
55 132 
55 52 
55 20 
55 45 
55 64 
55 24 
55 11 
55 75 
55 76 
55 145 
55 115 
55 122 
55 2 
55 42 
55 150 
55 6 
55 81 
55 138 
55 141 
55 9 
55 147 
55 78 
55 7 
55 66 
55 131 
55 12 
55 63 
55 16 
55 110 
56 34 
56 133 
56 74 
56 31 
56 115 
56 69 
56 118 
56 50 
56 86 
56 5 
56 26 
56 87 
56 83 
56 99 
56 17 
56 7 
56 120 
56 105 
56 107 
56 126 
56 134 
56 8 
56 114 
56 45 
56 21 
56 15 
56 66 
56 28 
56 77 
56 80 
56 24 
56 110 
56 64 
56 16 
56 19 
56 127 
56 140 
56 121 
56 84 
56 53 
56 117 
56 125 
56 51 
56 153 
56 95 
56 152 
56 36 
56 3 
56 96 
56 2 
56 90 
56 12 
56 145 
56 32 
56 135 
56 143 
56 139 
56 98 
56 67 
56 88 
56 116 
56 54 
56 91 
56 75 
56 68 
56 70 
56 52 
56 61 
56 35 
56 142 
56 65 
56 148 
56 6 
56 49 
56 44 
56 33 
56 97 
56 40 
56 22 
56 89 
56 1 
56 136 
56 71 
56 27 
56 43 
56 47 
57 39 
57 72 
57 44 
57 124 
57 63 
57 74 
57 64 
57 91 
57 148 
57 61 
57 86 
57 55 
57 1 
57 58 
57 17 
57 16 
57 131 
57 3 
57 139 
57 32 
57 4 
57 36 
57 47 
57 119 
57 93 
57 19 
57 117 
57 54 
57 83 
57 106 
57 81 
57 143 
57 66 
57 89 
57 18 
57 136 
57 8 
57 13 
57 5 
57 150 
57 101 
57 7 
57 116 
57 141 
57 62 
57 77 
57 127 
57 23 
57 120 
57 45 
57 9 
57 31 
57 121 
57 147 
57 51 
57 122 
57 146 
57 35 
57 25 
57 152 
57 135 
57 104 
57 90 
57 33 
57 82 
57 53 
57 144 
57 73 
57 134 
57 78 
58 142 
58 97 
58 92 
58 131 
58 19 
58 99 
58 118 
58 68 
58 80 
58 129 
58 61 
58 87 
58 101 
58 112 
58 67 
58 25 
58 115 
58 113 
58 57 
58 122 
58 90 
58 139 
58 41 
58 33 
58 123 
58 127 
58 13 
58 76 
58 133 
58 116 
58 47 
58 79 
58 40 
58 36 
58 144 
58 28 
58 109 
58 5 
58 150 
58 137 
58 148 
58 120 
58 140 
58 119 
58 16 
58 65 
58 69 
58 108 
58 74 
58 83 
58 3 
58 107 
58 49 
58 77 
58 27 
58 45 
58 134 
58 53 
58 85 
58 46 
58 44 
58 94 
58 104 
58 0 
58 114 
58 31 
58 152 
58 73 
58 130 
58 103 
58 7 
58 88 
58 63 
58 37 
58 100 
58 128 
58 126 
58 81 
58 84 
58 2 
58 102 
58 96 
59 124 
59 68 
59 81 
59 63 
59 152 
59 99 
59 6 
59 80 
59 51 
59 118 
59 33 
59 123 
59 10 
59 144 
59 38 
59 22 
59 109 
59 114 
59 108 
59 25 
59 50 
59 7 
59 87 
59 31 
59 94 
59 69 
59 126 
59 134 
59 88 
59 116 
59 79 
59 91 
59 104 
59 2 
59 71 
59 27 
59 37 
59 21 
59 36 
59 43 
59 86 
59 138 
59 135 
59 100 
59 112 
59 89 
59 107 
59 54 
59 136 
59 60 
59 120 
59 90 
59 83 
59 130 
59 34 
59 122 
59 70 
59 93 
59 15 
59 105 
59 19 
59 129 
59 121 
59 119 
59 49 
59 66 
59 62 
59 143 
59 17 
59 131 
59 39 
59 76 
59 11 
59 26 
59 8 
59 48 
59 14 
59 125 
59 64 
59 85 
59 106 
60 134 
60 54 
60 64 
60 139 
60 42 
60 108 
60 94 
60 36 
60 143 
60 140 
60 38 
60 90 
60 62 
60 29 
60 109 
60 72 
60 53 
60 27 
60 73 
60 141 
60 40 
60 71 
60 144 
60 16 
60 105 
60 28 
60 50 
60 123 
60 35 
60 130 
60 55 
60 118 
60 145 
60 129 
60 19 
60 10 
60 110 
60 25 
60 65 
60 78 
60 126 
60 3 
60 88 
60 122 
60 0 
60 113 
60 125 
60 96 
60 59 
60 147 
60 82 
60 66 
60 18 
60 46 
60 76 
60 120 
60 68 
60 20 
60 21 
60 48 
60 142 
60 2 
60 153 
60 116 
60 32 
60 137 
60 9 
60 30 
60 98 
60 7 
60 107 
60 148 
61 102 
61 73 
61 121 
61 15 
61 68 
61 45 
61 123 
61 119 
61 58 
61 57 
61 9 
61 137 
61 44 
61 96 
61 84 
61 27 
61 133 
61 4 
61 38 
61 26 
61 118 
61 88 
61 47 
61 138 
61 150 
61 19 
61 22 
61 23 
61 124 
61 5 
61 146 
61 93 
61 122 
61 10 
61 91 
61 104 
61 153 
61 99 
61 13 
61 76 
61 111 
61 94 
61 136 
61 117 
61 35 
61 2 
61 69 
61 11 
61 25 
61 71 
61 46 
61 21 
61 6 
61 56 
61 81 
61 95 
61 20 
61 24 
61 52 
61 75 
61 62 
61 50 
61 129 
61 79 
61 148 
61 7 
61 108 
61 140 
61 82 
61 78 
61 143 
61 54 
61 36 
61 70 
61 16 
61 32 
62 76 
62 67 
62 118 
62 141 
62 102 
62 121 
62 42 
62 46 
62 5 
62 140 
62 78 
62 69 
62 17 
62 112 
62 49 
62 84 
62 33 
62 12 
62 111 
62 60 
62 99 
62 101 
62 15 
62 123 
62 87 
62 1 
62 75 
62 149 
62 92 
62 143 
62 44 
62 23 
62 79 
62 93 
62 6 
62 107 
62 4 
62 135 
62 2 
62 50 
62 10 
62 77 
62 134 
62 104 
62 20 
62 26 
62 108 
62 147 
62 127 
62 94 
62 36 
62 45 
62 97 
62 47 
62 57 
62 110 
62 25 
62 129 
62 128 
62 120 
62 105 
62 116 
62 59 
62 82 
62 0 
62 117 
62 68 
62 61 
62 132 
62 41 
62 48 
62 150 
62 148 
62 54 
62 39 
62 95 
62 63 
62 53 
62 138 
62 131 
62 19 
62 16 
62 72 
62 136 
62 65 
62 22 
62 145 
62 51 
62 66 
63 81 
63 107 
63 14 
63 113 
63 57 
63 53 
63 59 
63 36 
63 137 
63 16 
63 109 
63 133 
63 135 
63 94 
63 153 
63 125 
63 32 
63 138 
63 128 
63 132 
63 8 
63 72 
63 80 
63 38 
63 68 
63 29 
63 19 
63 13 
63 45 
63 151 
63 100 
63 82 
63 88 
63 54 
63 106 
63 120 
63 87 
63 136 
63 79 
63 21 
63 64 
63 103 
63 111 
63 85 
63 99 
63 150 
63 134 
63 1 
63 48 
63 116 
63 2 
63 121 
63 147 
63 115 
63 152 
63 28 
63 30 
63 74 
63 129 
63 4 
63 58 
63 11 
63 93 
63 62 
63 84 
63 126 
63 43 
63 65 
63 31 
63 34 
63 0 
63 118 
63 55 
63 114 
63 105 
64 113 
64 60 
64 86 
64 137 
64 40 
64 48 
64 151 
64 49 
64 153 
64 120 
64 125 
64 92 
64 57 
64 29 
64 74 
64 87 
64 94 
64 27 
64 97 
64 50 
64 11 
64 112 
64 16 
64 56 
64 41 
64 39 
64 80 
64 4 
64 28 
64 54 
64 51 
64 33 
64 107 
64 134 
64 118 
64 102 
64 142 
64 147 
64 22 
64 47 
64 152 
64 135 
64 24 
64 128 
64 63 
64 82 
64 43 
64 32 
64 138 
64 141 
64 53 
64 73 
64 3 
64 76 
64 88 
64 140 
64 81 
64 105 
64 21 
64 55 
64 13 
64 42 
64 0 
64 52 
64 79 
64 95 
64 6 
64 84 
64 78 
64 90 
64 70 
64 59 
64 15 
64 38 
64 132 
64 7 
64 111 
65 89 
65 12 
65 32 
65 96 
65 111 
65 136 
65 67 
65 0 
65 25 
65 144 
65 123 
65 91 
65 75 
65 51 
65 153 
65 142 
65 22 
65 70 
65 19 
65 33 
65 76 
65 88 
65 34 
65 107 
65 55 
65 46 
65 97 
65 8 
65 85 
65 14 
65 60 
65 66 
65 54 
65 132 
65 127 
65 58 
65 140 
65 104 
65 3 
65 151 
65 105 
65 100 
65 152 
65 43 
65 45 
65 114 
65 7 
65 35 
65 68 
65 74 
65 11 
65 101 
65 126 
65 80 
65 21 
65 56 
65 139 
65 129 
65 53 
65 44 
65 120 
65 148 
65 95 
65 109 
65 63 
65 62 
65 72 
65 122 
66 90 
66 25 
66 108 
66 1 
66 54 
66 84 
66 135 
66 140 
66 91 
66 28 
66 103 
66 112 
66 122 
66 56 
66 2 
66 46 
66 32 
66 36 
66 45 
66 104 
66 20 
66 107 
66 12 
66 35 
66 10 
66 31 
66 50 
66 6 
66 69 
66 80 
66 57 
66 65 
66 72 
66 3 
66 86 
66 88 
66 149 
66 93 
66 78 
66 60 
66 117 
66 147 
66 142 
66 118 
66 18 
66 106 
66 111 
66 99 
66 59 
66 105 
66 87 
66 67 
66 126 
66 102 
66 47 
66 26 
66 92 
66 95 
66 148 
66 133 
66 49 
66 116 
66 134 
66 82 
66 79 
66 96 
66 24 
66 53 
66 55 
66 152 
66 109 
66 62 
67 62 
67 147 
67 31 
67 116 
67 27 
67 94 
67 104 
67 86 
67 65 
67 58 
67 76 
67 101 
67 32 
67 11 
67 16 
67 30 
67 81 
67 38 
67 80 
67 24 
67 71 
67 29 
67 68 
67 40 
67 128 
67 49 
67 134 
67 35 
67 111 
67 15 
67 152 
67 92 
67 122 
67 149 
67 25 
67 106 
67 127 
67 125 
67 7 
67 108 
67 113 
67 46 
67 14 
67 83 
67 117 
67 56 
67 93 
67 131 
67 123 
67 52 
67 148 
67 12 
67 99 
67 133 
67 8 
67 98 
67 66 
67 69 
67 45 
67 130 
67 36 
67 151 
67 33 
67 0 
67 53 
67 141 
67 85 
67 5 
67 153 
67 115 
67 4 
67 146 
67 84 
67 78 
67 87 
67 91 
67 89 
67 140 
67 97 
67 132 
67 17 
67 137 
68 54 
68 147 
68 151 
68 61 
68 59 
68 88 
68 75 
68 58 
68 148 
68 26 
68 31 
68 132 
68 142 
68 89 
68 101 
68 23 
68 42 
68 90 
68 0 
68 71 
68 48 
68 67 
68 37 
68 63 
68 55 
68 87 
68 10 
68 124 
68 113 
68 98 
68 137 
68 100 
68 127 
68 145 
68 2 
68 95 
68 36 
68 136 
68 74 
68 106 
68 141 
68 69 
68 130 
68 99 
68 128 
68 149 
68 112 
68 44 
68 43 
68 119 
68 28 
68 25 
68 123 
68 60 
68 78 
68 56 
68 144 
68 121 
68 29 
68 53 
68 11 
68 65 
68 4 
68 80 
68 116 
68 77 
68 108 
68 62 
68 115 
68 20 
68 102 
68 129 
68 33 
68 93 
68 17 
68 96 
68 24 
68 13 
68 152 
68 117 
68 22 
68 153 
68 103 
68 5 
68 114 
69 14 
69 56 
69 11 
69 128 
69 136 
69 81 
69 73 
69 117 
69 21 
69 49 
69 103 
69 127 
69 139 
69 150 
69 137 
69 109 
69 50 
69 62 
69 78 
69 9 
69 31 
69 146 
69 23 
69 115 
69 27 
69 26 
69 119 
69 38 
69 118 
69 59 
69 54 
69 44 
69 102 
69 95 
69 116 
69 30 
69 132 
69 16 
69 72 
69 7 
69 90 
69 25 
69 82 
69 68 
69 66 
69 101 
69 58 
69 114 
69 61 
69 12 
69 145 
69 143 
69 24 
69 140 
69 89 
69 99 
69 32 
69 96 
69 105 
69 13 
69 37 
69 36 
69 67 
69 6 
69 113 
69 53 
69 152 
69 77 
69 1 
69 18 
69 100 
69 153 
69 135 
69 131 
69 22 
69 19 
69 85 
69 3 
70 111 
70 116 
70 49 
70 105 
70 38 
70 146 
70 101 
70 112 
70 30 
70 22 
70 121 
70 119 
70 124 
70 20 
70 10 
70 33 
70 133 
70 65 
70 23 
70 113 
70 3 
70 80 
70 25 
70 37 
70 0 
70 16 
70 93 
70 7 
70 117 
70 35 
70 27 
70 91 
70 138 
70 87 
70 110 
70 135 
70 53 
70 6 
70 142 
70 144 
70 123 
70 59 
70 1 
70 56 
70 11 
70 143 
70 153 
70 147 
70 17 
70 130 
70 31 
70 19 
70 78 
70 98 
70 54 
70 134 
70 94 
70 44 
70 64 
70 145 
70 77 
70 5 
70 137 
70 61 
70 152 
70 109 
71 24 
71 39 
71 99 
71 38 
71 137 
71 52 
71 89 
71 10 
71 76 
71 124 
71 88 
71 47 
71 21 
71 123 
71 122 
71 33 
71 109 
71 95 
71 8 
71 68 
71 67 
71 45 
71 60 
71 75 
71 55 
71 4 
71 22 
71 32 
71 36 
71 59 
71 145 
71 131 
71 128 
71 79 
71 141 
71 48 
71 37 
71 20 
71 116 
71 0 
71 142 
71 19 
71 74 
71 16 
71 138 
71 27 
71 61 
71 23 
71 101 
71 84 
71 7 
71 119 
71 53 
71 34 
71 51 
71 112 
71 12 
71 153 
71 15 
71 130 
71 92 
71 114 
71 2 
71 54 
71 98 
71 56 
71 3 
72 85 
72 132 
72 7 
72 57 
72 98 
72 96 
72 88 
72 12 
72 136 
72 131 
72 114 
72 116 
72 78 
72 18 
72 91 
72 141 
72 138 
72 60 
72 45 
72 63 
72 144 
72 148 
72 31 
72 32 
72 76 
72 35 
72 120 
72 25 
72 80 
72 121 
72 11 
72 87 
72 20 
72 39 
72 14 
72 19 
72 69 
72 102 
72 10 
72 130 
72 124 
72 66 
72 49 
72 34 
72 26 
72 146 
72 115 
72 50 
72 41 
72 109 
72 38 
72 123 
72 103 
72 37 
72 142 
72 21 
72 119 
72 28 
72 5 
72 46 
72 126 
72 29 
72 17 
72 133 
72 122 
72 62 
72 65 
72 84 
72 24 
72 108 
72 151 
73 61 
73 145 
73 36 
73 48 
73 116 
73 69 
73 93 
73 26 
73 31 
73 117 
73 0 
73 9 
73 79 
73 14 
73 13 
73 131 
73 52 
73 107 
73 28 
73 60 
73 89 
73 118 
73 46 
73 140 
73 45 
73 114 
73 125 
73 11 
73 24 
73 17 
73 1 
73 106 
73 18 
73 86 
73 21 
73 111 
73 153 
73 38 
73 138 
73 136 
73 115 
73 143 
73 97 
73 123 
73 78 
73 53 
73 91 
73 19 
73 64 
73 151 
73 82 
73 105 
73 75 
73 10 
73 88 
73 43 
73 7 
73 47 
73 39 
73 29 
73 41 
73 134 
73 58 
73 128 
73 35 
73 94 
73 135 
73 49 
73 122 
73 130 
73 50 
73 25 
73 96 
73 124 
73 146 
73 137 
73 85 
73 57 
73 80 
73 6 
73 74 
73 37 
74 138 
74 56 
74 136 
74 20 
74 33 
74 46 
74 144 
74 57 
74 81 
74 113 
74 39 
74 75 
74 90 
74 42 
74 112 
74 64 
74 107 
74 149 
74 44 
74 29 
74 54 
74 83 
74 110 
74 124 
74 121 
74 116 
74 103 
74 122 
74 141 
74 23 
74 132 
74 68 
74 87 
74 125 
74 31 
74 94 
74 7 
74 79 
74 26 
74 1 
74 58 
74 71 
74 12 
74 130 
74 88 
74 13 
74 123 
74 77 
74 17 
74 111 
74 24 
74 65 
74 38 
74 148 
74 96 
74 63 
74 9 
74 43 
74 47 
74 28 
74 108 
74 99 
74 131 
74 92 
74 78 
74 41 
74 97 
74 109 
74 86 
74 73 
75 102 
75 10 
75 34 
75 136 
75 38 
75 32 
75 6 
75 68 
75 74 
75 117 
75 41 
75 95 
75 76 
75 65 
75 24 
75 135 
75 96 
75 36 
75 62 
75 112 
75 28 
75 132 
75 40 
75 91 
75 110 
75 21 
75 71 
75 123 
75 131 
75 90 
75 49 
75 50 
75 83 
75 98 
75 29 
75 130 
75 3 
75 81 
75 30 
75 53 
75 88 
75 151 
75 134 
75 42 
75 47 
75 8 
75 115 
75 85 
75 142 
75 100 
75 73 
75 17 
75 56 
75 113 
75 16 
75 15 
75 121 
75 0 
75 55 
75 105 
75 61 
75 128 
75 106 
75 79 
75 146 
75 104 
75 48 
75 97 
75 133 
75 31 
75 114 
75 138 
75 18 
75 103 
75 93 
75 92 
75 147 
75 118 
75 5 
75 84 
75 80 
76 62 
76 82 
76 11 
76 129 
76 88 
76 12 
76 71 
76 75 
76 96 
76 6 
76 67 
76 138 
76 49 
76 65 
76 44 
76 41 
76 38 
76 79 
76 35 
76 58 
76 72 
76 112 
76 94 
76 51 
76 4 
76 108 
76 132 
76 102 
76 115 
76 40 
76 28 
76 134 
76 61 
76 80 
76 2 
76 23 
76 141 
76 29 
76 142 
76 104 
76 106 
76 31 
76 17 
76 87 
76 60 
76 145 
76 153 
76 3 
76 64 
76 122 
76 139 
76 25 
76 92 
76 101 
76 135 
76 98 
76 53 
76 81 
76 59 
76 55 
76 147 
76 15 
76 46 
76 48 
76 0 
76 19 
76 97 
76 137 
76 151 
76 111 
76 33 
77 53 
77 127 
77 143 
77 107 
77 3 
77 91 
77 0 
77 44 
77 13 
77 54 
77 89 
77 50 
77 116 
77 5 
77 151 
77 101 
77 137 
77 37 
77 56 
77 120 
77 18 
77 94 
77 22 
77 148 
77 118 
77 48 
77 52 
77 131 
77 96 
77 62 
77 130 
77 30 
77 86 
77 93 
77 8 
77 134 
77 78 
77 58 
77 57 
77 114 
77 97 
77 74 
77 102 
77 95 
77 28 
77 87 
77 21 
77 121 
77 139 
77 113 
77 129 
77 92 
77 34 
77 68 
77 26 
77 47 
77 16 
77 85 
77 79 
77 112 
77 69 
77 128 
77 145 
77 70 
77 140 
77 142 
77 9 
77 103 
77 132 
77 11 
78 102 
78 15 
78 25 
78 96 
78 52 
78 16 
78 126 
78 18 
78 10 
78 146 
78 62 
78 45 
78 72 
78 69 
78 20 
78 31 
78 6 
78 130 
78 54 
78 95 
78 49 
78 38 
78 145 
78 26 
78 94 
78 85 
78 19 
78 24 
78 120 
78 41 
78 29 
78 90 
78 33 
78 21 
78 83 
78 105 
78 103 
78 142 
78 5 
78 12 
78 116 
78 60 
78 149 
78 77 
78 137 
78 73 
78 2 
78 66 
78 82 
78 98 
78 125 
78 68 
78 35 
78 133 
78 39 
78 113 
78 89 
78 99 
78 143 
78 134 
78 46 
78 123 
78 30 
78 14 
78 147 
78 70 
78 64 
78 42 
78 128 
78 48 
78 144 
78 132 
78 8 
78 27 
78 152 
78 139 
78 53 
78 43 
78 74 
78 136 
78 67 
78 55 
78 141 
78 129 
78 61 
78 32 
78 57 
79 104 
79 98 
79 25 
79 92 
79 113 
79 13 
79 126 
79 143 
79 45 
79 37 
79 2 
79 73 
79 80 
79 118 
79 48 
79 35 
79 18 
79 125 
79 76 
79 62 
79 133 
79 59 
79 58 
79 109 
79 5 
79 131 
79 71 
79 141 
79 106 
79 49 
79 42 
79 36 
79 63 
79 152 
79 144 
79 91 
79 74 
79 6 
79 150 
79 119 
79 88 
79 145 
79 117 
79 95 
79 136 
79 7 
79 0 
79 138 
79 114 
79 1 
79 122 
79 39 
79 46 
79 64 
79 52 
79 77 
79 32 
79 86 
79 75 
79 130 
79 110 
79 61 
79 66 
79 121 
79 90 
79 96 
79 38 
79 84 
79 128 
79 140 
79 116 
79 3 
79 19 
79 26 
79 16 
80 5 
80 142 
80 144 
80 131 
80 111 
80 34 
80 85 
80 54 
80 134 
80 59 
80 58 
80 50 
80 51 
80 124 
80 18 
80 116 
80 100 
80 79 
80 114 
80 15 
80 120 
80 26 
80 63 
80 67 
80 70 
80 22 
80 56 
80 91 
80 143 
80 113 
80 24 
80 101 
80 140 
80 99 
80 72 
80 152 
80 125 
80 64 
80 122 
80 49 
80 112 
80 145 
80 66 
80 76 
80 3 
80 6 
80 33 
80 37 
80 130 
80 45 
80 119 
80 81 
80 96 
80 23 
80 153 
80 94 
80 102 
80 97 
80 53 
80 42 
80 133 
80 36 
80 68 
80 8 
80 65 
80 126 
80 28 
80 31 
80 82 
80 95 
80 137 
80 146 
80 32 
80 118 
80 75 
80 136 
80 0 
80 104 
80 73 
80 16 
81 63 
81 24 
81 120 
81 52 
81 59 
81 74 
81 97 
81 103 
81 69 
81 39 
81 36 
81 133 
81 17 
81 16 
81 38 
81 113 
81 99 
81 105 
81 50 
81 11 
81 67 
81 25 
81 148 
81 137 
81 100 
81 14 
81 19 
81 118 
81 130 
81 122 
81 13 
81 107 
81 26 
81 7 
81 85 
81 75 
81 57 
81 42 
81 145 
81 102 
81 138 
81 23 
81 80 
81 87 
81 142 
81 12 
81 115 
81 41 
81 123 
81 146 
81 64 
81 61 
81 89 
81 45 
81 147 
81 10 
81 104 
81 153 
81 76 
81 53 
81 129 
81 90 
81 139 
81 30 
81 91 
81 131 
81 109 
81 55 
81 112 
81 141 
81 58 
81 132 
81 114 
81 48 
81 93 
81 94 
82 150 
82 76 
82 44 
82 93 
82 140 
82 117 
82 35 
82 139 
82 31 
82 46 
82 101 
82 97 
82 116 
82 133 
82 50 
82 4 
82 130 
82 110 
82 142 
82 22 
82 148 
82 38 
82 111 
82 29 
82 109 
82 33 
82 107 
82 20 
82 9 
82 63 
82 108 
82 136 
82 19 
82 122 
82 129 
82 151 
82 21 
82 92 
82 113 
82 69 
82 52 
82 49 
82 27 
82 40 
82 48 
82 16 
82 23 
82 37 
82 10 
82 64 
82 114 
82 132 
82 102 
82 34 
82 60 
82 17 
82 128 
82 51 
82 73 
82 78 
82 91 
82 106 
82 137 
82 152 
82 118 
82 53 
82 88 
82 143 
82 127 
82 62 
82 105 
82 39 
82 134 
82 6 
82 5 
82 54 
82 96 
82 112 
82 66 
82 80 
82 84 
82 153 
82 30 
82 124 
82 57 
82 98 
82 115 
82 61 
82 125 
82 85 
82 138 
83 121 
83 3 
83 90 
83 106 
83 19 
83 141 
83 28 
83 56 
83 2 
83 120 
83 7 
83 132 
83 13 
83 110 
83 23 
83 134 
83 129 
83 107 
83 1 
83 74 
83 94 
83 47 
83 39 
83 151 
83 12 
83 75 
83 33 
83 98 
83 10 
83 57 
83 140 
83 78 
83 45 
83 27 
83 5 
83 14 
83 147 
83 53 
83 24 
83 105 
83 58 
83 67 
83 123 
83 59 
83 48 
83 118 
83 103 
83 88 
83 20 
83 112 
83 126 
83 124 
83 38 
83 87 
83 42 
83 49 
83 102 
83 40 
83 137 
83 44 
83 115 
83 11 
83 150 
83 122 
83 114 
83 50 
83 143 
83 46 
84 18 
84 127 
84 66 
84 9 
84 62 
84 109 
84 144 
84 88 
84 137 
84 61 
84 51 
84 125 
84 146 
84 91 
84 19 
84 32 
84 135 
84 37 
84 102 
84 130 
84 99 
84 56 
84 24 
84 106 
84 21 
84 151 
84 87 
84 114 
84 13 
84 48 
84 90 
84 104 
84 54 
84 133 
84 17 
84 39 
84 4 
84 111 
84 71 
84 134 
84 97 
84 20 
84 142 
84 43 
84 118 
84 31 
84 136 
84 113 
84 50 
84 64 
84 143 
84 40 
84 153 
84 63 
84 82 
84 112 
84 38 
84 35 
84 67 
84 23 
84 72 
84 79 
84 16 
84 58 
84 75 
85 72 
85 13 
85 104 
85 145 
85 98 
85 153 
85 16 
85 80 
85 25 
85 18 
85 127 
85 32 
85 130 
85 55 
85 147 
85 15 
85 144 
85 101 
85 90 
85 115 
85 37 
85 117 
85 29 
85 99 
85 78 
85 0 
85 31 
85 142 
85 152 
85 27 
85 48 
85 9 
85 65 
85 133 
85 22 
85 81 
85 2 
85 7 
85 51 
85 137 
85 63 
85 39 
85 106 
85 86 
85 136 
85 75 
85 41 
85 58 
85 8 
85 11 
85 21 
85 26 
85 46 
85 36 
85 113 
85 19 
85 67 
85 77 
85 17 
85 118 
85 135 
85 126 
85 87 
85 121 
85 59 
85 73 
85 82 
85 69 
85 119 
86 6 
86 64 
86 110 
86 8 
86 56 
86 152 
86 10 
86 67 
86 100 
86 92 
86 57 
86 39 
86 137 
86 101 
86 109 
86 23 
86 120 
86 40 
86 91 
86 114 
86 134 
86 31 
86 48 
86 141 
86 121 
86 122 
86 94 
86 145 
86 146 
86 144 
86 73 
86 37 
86 132 
86 59 
86 143 
86 115 
86 34 
86 95 
86 77 
86 2 
86 52 
86 135 
86 12 
86 127 
86 49 
86 42 
86 90 
86 66 
86 153 
86 85 
86 22 
86 119 
86 29 
86 18 
86 30 
86 133 
86 107 
86 150 
86 41 
86 4 
86 79 
86 7 
86 140 
86 5 
86 129 
86 136 
86 112 
86 126 
86 26 
86 74 
87 151 
87 139 
87 11 
87 44 
87 56 
87 3 
87 137 
87 96 
87 58 
87 7 
87 88 
87 125 
87 13 
87 38 
87 42 
87 131 
87 64 
87 43 
87 24 
87 123 
87 118 
87 62 
87 122 
87 112 
87 59 
87 51 
87 119 
87 68 
87 22 
87 121 
87 2 
87 142 
87 114 
87 72 
87 153 
87 109 
87 63 
87 150 
87 45 
87 104 
87 14 
87 54 
87 84 
87 74 
87 70 
87 50 
87 95 
87 19 
87 145 
87 28 
87 98 
87 110 
87 81 
87 76 
87 93 
87 129 
87 100 
87 77 
87 83 
87 66 
87 146 
87 99 
87 149 
87 113 
87 18 
87 10 
87 52 
87 9 
87 48 
87 85 
87 15 
87 36 
87 67 
87 23 
87 101 
87 1 
88 24 
88 68 
88 95 
88 72 
88 142 
88 55 
88 76 
88 98 
88 71 
88 87 
88 22 
88 131 
88 18 
88 84 
88 35 
88 148 
88 139 
88 99 
88 137 
88 93 
88 9 
88 153 
88 21 
88 65 
88 38 
88 61 
88 34 
88 43 
88 59 
88 113 
88 128 
88 36 
88 97 
88 115 
88 149 
88 19 
88 63 
88 89 
88 103 
88 112 
88 117 
88 116 
88 94 
88 5 
88 48 
88 29 
88 138 
88 60 
88 75 
88 51 
88 66 
88 47 
88 144 
88 119 
88 152 
88 74 
88 79 
88 16 
88 132 
88 83 
88 56 
88 126 
88 0 
88 53 
88 73 
88 64 
88 44 
88 54 
88 141 
88 12 
88 135 
88 82 
88 91 
88 150 
88 101 
88 58 
88 145 
88 8 
88 143 
88 4 
88 14 
88 42 
88 1 
88 118 
88 3 
89 65 
89 133 
89 2 
89 102 
89 153 
89 129 
89 116 
89 119 
89 138 
89 145 
89 149 
89 52 
89 24 
89 117 
89 71 
89 7 
89 32 
89 22 
89 1 
89 106 
89 42 
89 150 
89 41 
89 68 
89 114 
89 77 
89 49 
89 6 
89 73 
89 121 
89 144 
89 27 
89 90 
89 25 
89 98 
89 88 
89 103 
89 107 
89 46 
89 37 
89 109 
89 142 
89 30 
89 147 
89 108 
89 132 
89 59 
89 47 
89 57 
89 11 
89 128 
89 101 
89 135 
89 93 
89 34 
89 26 
89 4 
89 69 
89 12 
89 29 
89 14 
89 36 
89 126 
89 81 
89 113 
89 44 
89 78 
89 104 
89 151 
89 100 
89 23 
89 125 
89 112 
89 97 
89 53 
89 56 
89 134 
89 8 
89 139 
89 67 
89 20 
90 141 
90 66 
90 133 
90 83 
90 51 
90 116 
90 74 
90 98 
90 40 
90 94 
90 53 
90 95 
90 28 
90 25 
90 8 
90 4 
90 60 
90 58 
90 104 
90 140 
90 134 
90 85 
90 142 
90 68 
90 115 
90 97 
90 151 
90 6 
90 2 
90 36 
90 11 
90 75 
90 89 
90 78 
90 100 
90 149 
90 1 
90 69 
90 3 
90 29 
90 135 
90 56 
90 137 
90 84 
90 86 
90 131 
90 59 
90 152 
90 120 
90 123 
90 106 
90 144 
90 16 
90 30 
90 143 
90 103 
90 148 
90 153 
90 132 
90 18 
90 48 
90 39 
90 12 
90 81 
90 64 
90 14 
90 57 
90 124 
90 32 
90 44 
90 79 
90 147 
90 109 
91 47 
91 146 
91 77 
91 0 
91 121 
91 57 
91 72 
91 145 
91 66 
91 65 
91 3 
91 36 
91 4 
91 75 
91 84 
91 18 
91 140 
91 80 
91 32 
91 86 
91 141 
91 96 
91 127 
91 122 
91 14 
91 59 
91 138 
91 61 
91 150 
91 38 
91 42 
91 11 
91 30 
91 52 
91 135 
91 70 
91 139 
91 41 
91 105 
91 79 
91 49 
91 104 
91 73 
91 137 
91 7 
91 128 
91 82 
91 15 
91 29 
91 8 
91 112 
91 9 
91 56 
91 97 
91 48 
91 46 
91 53 
91 51 
91 88 
91 34 
91 144 
91 45 
91 92 
91 132 
91 148 
91 111 
91 81 
91 95 
91 134 
91 115 
91 28 
91 23 
91 67 
91 142 
91 129 
92 8 
92 7 
92 58 
92 14 
92 51 
92 102 
92 79 
92 86 
92 152 
92 64 
92 29 
92 110 
92 99 
92 9 
92 144 
92 93 
92 106 
92 129 
92 23 
92 95 
92 97 
92 5 
92 54 
92 62 
92 34 
92 20 
92 30 
92 136 
92 33 
92 42 
92 46 
92 41 
92 67 
92 134 
92 105 
92 111 
92 94 
92 100 
92 127 
92 113 
92 108 
92 114 
92 103 
92 122 
92 145 
92 82 
92 148 
92 135 
92 132 
92 15 
92 119 
92 24 
92 12 
92 130 
92 123 
92 1 
92 76 
92 112 
92 116 
92 139 
92 107 
92 48 
92 98 
92 38 
92 77 
92 140 
92 91 
92 40 
92 66 
92 146 
92 36 
92 71 
92 125 
92 10 
92 141 
92 74 
92 0 
92 75 
92 52 
92 150 
92 27 
92 96 
92 19 
93 44 
93 82 
93 3 
93 11 
93 103 
93 49 
93 129 
93 73 
93 130 
93 48 
93 30 
93 10 
93 92 
93 149 
93 147 
93 118 
93 88 
93 100 
93 126 
93 128 
93 22 
93 108 
93 14 
93 61 
93 70 
93 62 
93 57 
93 119 
93 77 
93 99 
93 25 
93 28 
93 120 
93 0 
93 34 
93 89 
93 21 
93 66 
93 16 
93 87 
93 107 
93 40 
93 15 
93 122 
93 59 
93 67 
93 19 
93 144 
93 133 
93 113 
93 9 
93 36 
93 26 
93 47 
93 4 
93 94 
93 63 
93 68 
93 117 
93 6 
93 121 
93 2 
93 124 
93 5 
93 75 
93 142 
93 37 
93 145 
93 35 
93 81 
94 126 
94 43 
94 48 
94 67 
94 60 
94 7 
94 14 
94 151 
94 140 
94 63 
94 90 
94 6 
94 149 
94 16 
94 42 
94 29 
94 147 
94 138 
94 13 
94 64 
94 150 
94 122 
94 59 
94 44 
94 50 
94 83 
94 77 
94 17 
94 78 
94 51 
94 30 
94 10 
94 129 
94 103 
94 41 
94 76 
94 86 
94 33 
94 112 
94 145 
94 153 
94 92 
94 133 
94 88 
94 98 
94 54 
94 47 
94 61 
94 22 
94 74 
94 45 
94 130 
94 146 
94 5 
94 62 
94 80 
94 26 
94 110 
94 49 
94 58 
94 135 
94 52 
94 37 
94 131 
94 109 
94 93 
94 35 
94 73 
94 39 
94 20 
94 1 
94 113 
94 70 
94 99 
94 141 
94 81 
95 47 
95 128 
95 8 
95 43 
95 121 
95 46 
95 88 
95 5 
95 120 
95 75 
95 1 
95 90 
95 131 
95 146 
95 71 
95 147 
95 92 
95 29 
95 78 
95 148 
95 150 
95 114 
95 48 
95 44 
95 22 
95 111 
95 50 
95 113 
95 69 
95 124 
95 34 
95 68 
95 116 
95 6 
95 4 
95 86 
95 39 
95 56 
95 97 
95 140 
95 115 
95 133 
95 136 
95 87 
95 139 
95 14 
95 109 
95 3 
95 31 
95 77 
95 98 
95 79 
95 49 
95 23 
95 61 
95 64 
95 106 
95 66 
95 126 
95 141 
95 62 
95 80 
95 65 
95 91 
95 28 
95 138 
95 142 
95 145 
95 132 
95 25 
95 9 
95 32 
96 152 
96 41 
96 78 
96 65 
96 139 
96 7 
96 123 
96 102 
96 72 
96 87 
96 97 
96 76 
96 146 
96 117 
96 61 
96 1 
96 142 
96 147 
96 114 
96 108 
96 150 
96 3 
96 75 
96 20 
96 0 
96 137 
96 91 
96 21 
96 107 
96 39 
96 131 
96 125 
96 37 
96 77 
96 130 
96 149 
96 113 
96 35 
96 103 
96 56 
96 8 
96 10 
96 48 
96 60 
96 80 
96 109 
96 29 
96 133 
96 100 
96 32 
96 118 
96 22 
96 69 
96 74 
96 140 
96 144 
96 135 
96 112 
96 25 
96 106 
96 51 
96 82 
96 129 
96 141 
96 68 
96 116 
96 98 
96 73 
96 66 
96 24 
96 99 
96 136 
96 36 
96 79 
96 92 
96 58 
96 134 
97 142 
97 48 
97 58 
97 29 
97 139 
97 1 
97 81 
97 20 
97 126 
97 129 
97 82 
97 44 
97 96 
97 149 
97 137 
97 132 
97 127 
97 101 
97 141 
97 92 
97 4 
97 45 
97 32 
97 120 
97 64 
97 90 
97 25 
97 118 
97 123 
97 88 
97 8 
97 119 
97 5 
97 130 
97 113 
97 65 
97 95 
97 3 
97 10 
97 121 
97 153 
97 28 
97 49 
97 73 
97 36 
97 62 
97 98 
97 80 
97 77 
97 106 
97 40 
97 52 
97 30 
97 13 
97 19 
97 91 
97 84 
97 51 
97 15 
97 105 
97 6 
97 38 
97 109 
97 12 
97 75 
97 145 
97 76 
97 56 
97 2 
97 89 
97 23 
97 134 
97 74 
97 107 
97 110 
97 50 
97 67 
98 116 
98 40 
98 103 
98 11 
98 134 
98 79 
98 85 
98 72 
98 26 
98 90 
98 138 
98 88 
98 19 
98 145 
98 119 
98 50 
98 99 
98 100 
98 117 
98 52 
98 109 
98 131 
98 110 
98 68 
98 89 
98 75 
98 111 
98 124 
98 83 
98 121 
98 32 
98 94 
98 146 
98 55 
98 47 
98 48 
98 144 
98 87 
98 17 
98 142 
98 49 
98 114 
98 0 
98 97 
98 56 
98 14 
98 147 
98 78 
98 95 
98 67 
98 54 
98 92 
98 76 
98 6 
98 20 
98 137 
98 150 
98 70 
98 122 
98 125 
98 46 
98 96 
98 135 
98 140 
98 60 
98 71 
98 29 
98 82 
98 129 
98 9 
98 133 
99 138 
99 29 
99 130 
99 24 
99 58 
99 71 
99 59 
99 56 
99 114 
99 3 
99 46 
99 92 
99 81 
99 131 
99 12 
99 62 
99 116 
99 88 
99 43 
99 39 
99 20 
99 98 
99 33 
99 11 
99 153 
99 8 
99 13 
99 10 
99 113 
99 9 
99 80 
99 85 
99 16 
99 134 
99 126 
99 25 
99 84 
99 152 
99 61 
99 133 
99 23 
99 93 
99 55 
99 19 
99 41 
99 101 
99 104 
99 1 
99 68 
99 63 
99 103 
99 35 
99 143 
99 28 
99 69 
99 67 
99 42 
99 66 
99 135 
99 78 
99 105 
99 87 
99 45 
99 144 
99 27 
99 30 
99 47 
99 74 
99 117 
99 110 
99 136 
99 94 
99 32 
99 34 
99 96 
99 142 
99 40 
99 50 
99 118 
99 52 
100 21 
100 28 
100 134 
100 8 
100 2 
100 4 
100 44 
100 27 
100 118 
100 86 
100 148 
100 14 
100 25 
100 80 
100 37 
100 146 
100 24 
100 54 
100 139 
100 93 
100 31 
100 22 
100 6 
100 98 
100 152 
100 16 
100 106 
100 81 
100 55 
100 143 
100 136 
100 5 
100 63 
100 68 
100 124 
100 151 
100 119 
100 26 
100 41 
100 92 
100 90 
100 149 
100 32 
100 59 
100 113 
100 35 
100 111 
100 104 
100 147 
100 23 
100 18 
100 65 
100 0 
100 96 
100 116 
100 75 
100 13 
100 38 
100 87 
100 30 
100 109 
100 137 
100 45 
100 142 
100 47 
100 43 
100 110 
100 29 
100 150 
100 89 
100 108 
100 36 
100 58 
100 69 
100 133 
100 117 
100 3 
100 128 
100 103 
100 34 
100 17 
101 20 
101 129 
101 70 
101 12 
101 82 
101 18 
101 143 
101 58 
101 55 
101 145 
101 48 
101 68 
101 97 
101 67 
101 52 
101 62 
101 86 
101 28 
101 117 
101 111 
101 85 
101 77 
101 42 
101 23 
101 47 
101 137 
101 15 
101 80 
101 37 
101 39 
101 38 
101 113 
101 106 
101 34 
101 123 
101 1 
101 125 
101 108 
101 121 
101 19 
101 45 
101 104 
101 69 
101 122 
101 99 
101 17 
101 144 
101 89 
101 119 
101 21 
101 3 
101 57 
101 148 
101 110 
101 41 
101 147 
101 46 
101 71 
101 150 
101 76 
101 11 
101 2 
101 65 
101 88 
101 24 
101 10 
101 5 
101 142 
101 49 
101 33 
101 139 
101 136 
101 153 
101 51 
101 54 
101 87 
102 61 
102 78 
102 75 
102 89 
102 131 
102 51 
102 133 
102 54 
102 62 
102 119 
102 29 
102 149 
102 96 
102 92 
102 140 
102 109 
102 47 
102 120 
102 152 
102 121 
102 0 
102 18 
102 43 
102 125 
102 153 
102 15 
102 112 
102 37 
102 69 
102 142 
102 35 
102 32 
102 84 
102 76 
102 137 
102 3 
102 26 
102 13 
102 110 
102 72 
102 116 
102 64 
102 127 
102 134 
102 81 
102 106 
102 82 
102 36 
102 30 
102 80 
102 132 
102 143 
102 24 
102 77 
102 11 
102 123 
102 5 
102 83 
102 42 
102 66 
102 135 
102 124 
102 68 
102 151 
102 104 
102 108 
102 2 
102 117 
102 1 
102 9 
102 33 
102 147 
102 52 
102 105 
102 58 
102 6 
102 14 
103 127 
103 98 
103 6 
103 0 
103 93 
103 81 
103 148 
103 69 
103 42 
103 31 
103 1 
103 66 
103 104 
103 139 
103 36 
103 21 
103 3 
103 109 
103 123 
103 152 
103 120 
103 106 
103 50 
103 2 
103 135 
103 30 
103 140 
103 94 
103 29 
103 151 
103 74 
103 89 
103 88 
103 147 
103 150 
103 92 
103 15 
103 96 
103 78 
103 38 
103 144 
103 22 
103 134 
103 136 
103 132 
103 63 
103 108 
103 24 
103 114 
103 11 
103 130 
103 18 
103 124 
103 83 
103 27 
103 99 
103 28 
103 122 
103 46 
103 72 
103 90 
103 26 
103 58 
103 52 
103 43 
103 32 
103 112 
103 51 
103 49 
103 75 
103 118 
103 77 
103 7 
103 100 
103 68 
104 79 
104 4 
104 32 
104 85 
104 111 
104 67 
104 1 
104 122 
104 3 
104 54 
104 105 
104 121 
104 30 
104 103 
104 90 
104 16 
104 9 
104 26 
104 132 
104 25 
104 35 
104 66 
104 31 
104 47 
104 148 
104 22 
104 59 
104 0 
104 61 
104 46 
104 120 
104 87 
104 62 
104 101 
104 131 
104 136 
104 24 
104 100 
104 99 
104 113 
104 41 
104 14 
104 91 
104 84 
104 65 
104 15 
104 76 
104 36 
104 141 
104 8 
104 45 
104 58 
104 119 
104 133 
104 144 
104 53 
104 81 
104 89 
104 20 
104 117 
104 57 
104 102 
104 130 
104 75 
104 44 
104 34 
104 109 
104 27 
104 108 
104 125 
104 150 
104 18 
104 80 
104 2 
104 21 
105 0 
105 151 
105 3 
105 70 
105 47 
105 38 
105 141 
105 113 
105 106 
105 145 
105 104 
105 7 
105 56 
105 15 
105 81 
105 30 
105 2 
105 48 
105 12 
105 37 
105 41 
105 42 
105 11 
105 50 
105 60 
105 20 
105 49 
105 9 
105 144 
105 133 
105 136 
105 108 
105 14 
105 92 
105 51 
105 120 
105 78 
105 123 
105 91 
105 126 
105 146 
105 107 
105 140 
105 65 
105 83 
105 73 
105 23 
105 59 
105 43 
105 64 
105 62 
105 124 
105 66 
105 97 
105 69 
105 6 
105 82 
105 75 
105 40 
105 99 
105 111 
105 117 
105 129 
105 128 
105 153 
105 131 
105 102 
105 63 
106 114 
106 22 
106 14 
106 107 
106 83 
106 123 
106 47 
106 117 
106 105 
106 145 
106 40 
106 89 
106 7 
106 54 
106 92 
106 147 
106 19 
106 109 
106 33 
106 100 
106 8 
106 5 
106 103 
106 110 
106 15 
106 101 
106 63 
106 4 
106 129 
106 67 
106 16 
106 79 
106 84 
106 73 
106 150 
106 68 
106 57 
106 12 
106 2 
106 102 
106 18 
106 149 
106 76 
106 85 
106 13 
106 97 
106 82 
106 90 
106 66 
106 30 
106 50 
106 127 
106 75 
106 96 
106 48 
106 32 
106 95 
106 3 
106 46 
106 35 
106 130 
106 138 
106 122 
106 120 
106 135 
106 131 
106 9 
106 148 
106 59 
106 45 
106 112 
106 124 
107 142 
107 33 
107 63 
107 106 
107 77 
107 112 
107 148 
107 28 
107 54 
107 109 
107 125 
107 132 
107 110 
107 11 
107 56 
107 8 
107 74 
107 48 
107 26 
107 73 
107 21 
107 129 
107 83 
107 41 
107 146 
107 66 
107 96 
107 82 
107 49 
107 62 
107 89 
107 4 
107 65 
107 64 
107 81 
107 149 
107 47 
107 59 
107 111 
107 18 
107 114 
107 105 
107 117 
107 58 
107 93 
107 137 
107 150 
107 36 
107 131 
107 127 
107 108 
107 140 
107 86 
107 40 
107 144 
107 92 
107 17 
107 143 
107 38 
107 25 
107 119 
107 138 
107 123 
107 116 
107 141 
107 0 
107 115 
107 31 
107 5 
107 113 
107 20 
107 97 
107 60 
107 122 
107 121 
108 6 
108 3 
108 66 
108 40 
108 60 
108 34 
108 27 
108 49 
108 59 
108 144 
108 96 
108 122 
108 146 
108 55 
108 2 
108 5 
108 18 
108 24 
108 134 
108 93 
108 82 
108 52 
108 130 
108 76 
108 7 
108 105 
108 38 
108 33 
108 150 
108 92 
108 101 
108 32 
108 89 
108 151 
108 136 
108 67 
108 62 
108 123 
108 103 
108 58 
108 30 
108 23 
108 45 
108 29 
108 116 
108 17 
108 16 
108 107 
108 109 
108 140 
108 143 
108 54 
108 53 
108 68 
108 19 
108 9 
108 31 
108 50 
108 36 
108 39 
108 119 
108 129 
108 44 
108 74 
108 20 
108 100 
108 102 
108 104 
108 139 
108 127 
108 61 
108 125 
108 26 
108 72 
108 11 
109 115 
109 51 
109 137 
109 1 
109 48 
109 4 
109 107 
109 63 
109 25 
109 102 
109 69 
109 2 
109 59 
109 52 
109 84 
109 146 
109 71 
109 129 
109 86 
109 37 
109 60 
109 12 
109 106 
109 11 
109 149 
109 119 
109 8 
109 103 
109 45 
109 3 
109 98 
109 135 
109 117 
109 34 
109 20 
109 82 
109 23 
109 43 
109 22 
109 21 
109 127 
109 79 
109 26 
109 139 
109 58 
109 152 
109 87 
109 47 
109 89 
109 40 
109 113 
109 121 
109 122 
109 133 
109 95 
109 96 
109 49 
109 13 
109 153 
109 100 
109 108 
109 32 
109 72 
109 150 
109 111 
109 46 
109 50 
109 24 
109 94 
109 36 
109 97 
109 53 
109 42 
109 81 
109 143 
109 104 
109 130 
109 65 
109 33 
109 145 
109 44 
109 74 
109 66 
109 90 
109 70 
110 86 
110 34 
110 121 
110 112 
110 37 
110 39 
110 113 
110 136 
110 11 
110 144 
110 143 
110 124 
110 38 
110 107 
110 92 
110 43 
110 22 
110 46 
110 150 
110 83 
110 129 
110 82 
110 140 
110 33 
110 75 
110 116 
110 56 
110 74 
110 131 
110 147 
110 106 
110 98 
110 137 
110 49 
110 3 
110 149 
110 102 
110 60 
110 128 
110 133 
110 70 
110 115 
110 23 
110 0 
110 52 
110 87 
110 101 
110 24 
110 62 
110 94 
110 15 
110 125 
110 48 
110 54 
110 152 
110 17 
110 27 
110 111 
110 100 
110 142 
110 117 
110 141 
110 20 
110 4 
110 79 
110 99 
110 139 
110 132 
110 5 
110 26 
110 97 
110 130 
110 2 
110 55 
110 10 
111 70 
111 116 
111 104 
111 80 
111 3 
111 65 
111 18 
111 120 
111 41 
111 146 
111 29 
111 126 
111 32 
111 133 
111 48 
111 62 
111 4 
111 122 
111 21 
111 101 
111 82 
111 135 
111 137 
111 49 
111 95 
111 67 
111 53 
111 22 
111 152 
111 119 
111 98 
111 9 
111 92 
111 73 
111 61 
111 50 
111 100 
111 107 
111 140 
111 63 
111 27 
111 25 
111 139 
111 143 
111 51 
111 84 
111 121 
111 74 
111 66 
111 138 
111 110 
111 109 
111 149 
111 42 
111 105 
111 91 
111 153 
111 46 
111 12 
111 16 
111 24 
111 6 
111 54 
111 145 
111 52 
111 123 
111 76 
111 64 
112 29 
112 52 
112 130 
112 11 
112 151 
112 113 
112 107 
112 32 
112 135 
112 110 
112 33 
112 70 
112 48 
112 55 
112 143 
112 62 
112 58 
112 20 
112 74 
112 25 
112 66 
112 18 
112 87 
112 75 
112 133 
112 30 
112 38 
112 22 
112 13 
112 64 
112 4 
112 114 
112 152 
112 36 
112 102 
112 76 
112 139 
112 7 
112 94 
112 88 
112 42 
112 80 
112 59 
112 3 
112 54 
112 140 
112 68 
112 19 
112 24 
112 16 
112 137 
112 83 
112 91 
112 51 
112 145 
112 92 
112 53 
112 6 
112 44 
112 123 
112 96 
112 15 
112 21 
112 146 
112 71 
112 5 
112 82 
112 77 
112 84 
112 117 
112 103 
112 81 
112 89 
112 26 
112 86 
112 37 
112 49 
112 106 
113 64 
113 139 
113 112 
113 63 
113 152 
113 74 
113 110 
113 105 
113 146 
113 79 
113 44 
113 18 
113 81 
113 58 
113 125 
113 135 
113 12 
113 134 
113 70 
113 22 
113 136 
113 122 
113 31 
113 80 
113 88 
113 99 
113 117 
113 130 
113 120 
113 4 
113 95 
113 68 
113 101 
113 33 
113 16 
113 20 
113 5 
113 28 
113 97 
113 55 
113 96 
113 92 
113 116 
113 115 
113 82 
113 109 
113 100 
113 60 
113 104 
113 67 
113 51 
113 45 
113 52 
113 121 
113 93 
113 143 
113 128 
113 114 
113 75 
113 89 
113 10 
113 78 
113 77 
113 85 
113 84 
113 87 
113 124 
113 69 
113 2 
113 36 
113 129 
113 3 
113 132 
113 94 
113 107 
113 149 
113 23 
113 11 
114 106 
114 24 
114 126 
114 38 
114 141 
114 135 
114 99 
114 72 
114 124 
114 59 
114 96 
114 89 
114 80 
114 116 
114 56 
114 46 
114 19 
114 51 
114 145 
114 43 
114 150 
114 95 
114 35 
114 112 
114 86 
114 73 
114 137 
114 36 
114 0 
114 87 
114 3 
114 21 
114 134 
114 120 
114 23 
114 92 
114 17 
114 84 
114 121 
114 107 
114 82 
114 103 
114 14 
114 69 
114 30 
114 98 
114 8 
114 53 
114 1 
114 77 
114 148 
114 152 
114 65 
114 20 
114 125 
114 136 
114 113 
114 123 
114 58 
114 37 
114 79 
114 11 
114 153 
114 40 
114 28 
114 71 
114 83 
114 75 
114 7 
114 5 
114 31 
114 81 
114 63 
114 48 
114 68 
115 20 
115 109 
115 56 
115 10 
115 142 
115 13 
115 45 
115 40 
115 25 
115 12 
115 58 
115 69 
115 27 
115 14 
115 116 
115 90 
115 85 
115 28 
115 121 
115 21 
115 30 
115 88 
115 152 
115 127 
115 76 
115 129 
115 54 
115 113 
115 86 
115 95 
115 6 
115 17 
115 110 
115 73 
115 141 
115 118 
115 35 
115 125 
115 131 
115 49 
115 81 
115 75 
115 140 
115 132 
115 63 
115 32 
115 36 
115 72 
115 51 
115 19 
115 145 
115 117 
115 122 
115 148 
115 68 
115 83 
115 55 
115 42 
115 4 
115 67 
115 3 
115 107 
115 124 
115 91 
115 150 
115 1 
115 153 
115 26 
115 82 
115 137 
115 22 
115 47 
115 44 
116 98 
116 70 
116 111 
116 149 
116 67 
116 8 
116 152 
116 14 
116 150 
116 73 
116 89 
116 4 
116 90 
116 0 
116 82 
116 29 
116 72 
116 11 
116 80 
116 32 
116 55 
116 37 
116 99 
116 114 
116 77 
116 115 
116 40 
116 24 
116 16 
116 122 
116 23 
116 145 
116 110 
116 15 
116 38 
116 59 
116 58 
116 117 
116 69 
116 74 
116 95 
116 141 
116 39 
116 22 
116 88 
116 125 
116 113 
116 148 
116 52 
116 102 
116 36 
116 78 
116 137 
116 19 
116 71 
116 44 
116 57 
116 119 
116 63 
116 100 
116 10 
116 30 
116 108 
116 126 
116 56 
116 9 
116 33 
116 146 
116 62 
116 43 
116 50 
116 92 
116 3 
116 68 
116 124 
116 35 
116 60 
116 53 
116 120 
116 66 
116 107 
116 132 
116 134 
116 96 
116 147 
116 135 
116 28 
116 51 
116 42 
116 27 
116 79 
117 82 
117 122 
117 69 
117 89 
117 106 
117 3 
117 75 
117 73 
117 4 
117 96 
117 13 
117 144 
117 22 
117 101 
117 134 
117 27 
117 38 
117 98 
117 109 
117 44 
117 132 
117 85 
117 24 
117 47 
117 116 
117 113 
117 49 
117 50 
117 57 
117 51 
117 56 
117 129 
117 88 
117 28 
117 138 
117 70 
117 1 
117 43 
117 36 
117 153 
117 54 
117 107 
117 61 
117 32 
117 66 
117 67 
117 26 
117 148 
117 42 
117 23 
117 150 
117 48 
117 79 
117 128 
117 12 
117 142 
117 62 
117 115 
117 125 
117 110 
117 104 
117 93 
117 105 
117 37 
117 99 
117 140 
117 112 
117 102 
117 133 
117 68 
117 100 
117 147 
117 9 
117 41 
117 0 
118 4 
118 138 
118 130 
118 62 
118 38 
118 50 
118 56 
118 17 
118 100 
118 58 
118 131 
118 59 
118 146 
118 8 
118 136 
118 120 
118 79 
118 93 
118 87 
118 9 
118 73 
118 61 
118 69 
118 97 
118 127 
118 37 
118 81 
118 126 
118 77 
118 41 
118 32 
118 49 
118 0 
118 143 
118 51 
118 60 
118 129 
118 14 
118 145 
118 64 
118 48 
118 122 
118 125 
118 115 
118 132 
118 83 
118 150 
118 20 
118 66 
118 142 
118 2 
118 82 
118 96 
118 139 
118 84 
118 26 
118 45 
118 124 
118 5 
118 135 
118 6 
118 85 
118 140 
118 10 
118 7 
118 152 
118 103 
118 75 
118 80 
118 99 
118 36 
118 63 
118 88 
118 15 
119 30 
119 12 
119 131 
119 102 
119 49 
119 89 
119 152 
119 17 
119 61 
119 42 
119 70 
119 124 
119 51 
119 98 
119 142 
119 109 
119 69 
119 126 
119 24 
119 122 
119 153 
119 146 
119 57 
119 87 
119 97 
119 111 
119 100 
119 55 
119 44 
119 46 
119 21 
119 93 
119 137 
119 147 
119 43 
119 52 
119 1 
119 5 
119 58 
119 2 
119 35 
119 101 
119 45 
119 125 
119 88 
119 80 
119 79 
119 68 
119 86 
119 92 
119 20 
119 116 
119 31 
119 129 
119 127 
119 71 
119 59 
119 104 
119 8 
119 19 
119 150 
119 37 
119 29 
119 132 
119 3 
119 72 
119 108 
119 107 
119 0 
119 48 
119 39 
119 151 
119 139 
119 85 
120 149 
120 140 
120 81 
120 16 
120 64 
120 50 
120 27 
120 83 
120 111 
120 95 
120 102 
120 56 
120 31 
120 19 
120 118 
120 41 
120 46 
120 86 
120 6 
120 0 
120 80 
120 121 
120 97 
120 77 
120 103 
120 72 
120 129 
120 113 
120 138 
120 78 
120 63 
120 144 
120 45 
120 114 
120 12 
120 125 
120 104 
120 137 
120 48 
120 105 
120 44 
120 58 
120 93 
120 3 
120 59 
120 136 
120 26 
120 32 
120 8 
120 90 
120 51 
120 60 
120 35 
120 62 
120 9 
120 57 
120 30 
120 153 
120 21 
120 47 
120 5 
120 28 
120 38 
120 7 
120 37 
120 116 
120 65 
120 42 
120 49 
120 106 
120 146 
120 122 
120 141 
120 132 
120 152 
120 11 
121 10 
121 83 
121 61 
121 62 
121 144 
121 137 
121 142 
121 95 
121 110 
121 145 
121 3 
121 27 
121 46 
121 91 
121 70 
121 104 
121 102 
121 34 
121 54 
121 120 
121 89 
121 40 
121 115 
121 138 
121 123 
121 139 
121 72 
121 87 
121 86 
121 24 
121 74 
121 151 
121 147 
121 152 
121 8 
121 36 
121 56 
121 98 
121 25 
121 150 
121 26 
121 132 
121 11 
121 101 
121 109 
121 32 
121 128 
121 124 
121 48 
121 97 
121 114 
121 5 
121 41 
121 4 
121 113 
121 63 
121 111 
121 59 
121 68 
121 77 
121 23 
121 57 
121 0 
121 75 
121 148 
121 133 
121 141 
121 49 
121 16 
121 153 
121 143 
121 1 
121 93 
121 135 
121 85 
121 79 
121 12 
121 107 
122 147 
122 153 
122 48 
122 104 
122 117 
122 132 
122 49 
122 45 
122 9 
122 36 
122 13 
122 40 
122 58 
122 31 
122 71 
122 11 
122 111 
122 10 
122 18 
122 3 
122 66 
122 148 
122 87 
122 108 
122 116 
122 94 
122 113 
122 119 
122 152 
122 4 
122 91 
122 61 
122 43 
122 86 
122 150 
122 67 
122 81 
122 82 
122 80 
122 74 
122 129 
122 149 
122 92 
122 44 
122 42 
122 19 
122 101 
122 109 
122 60 
122 118 
122 29 
122 5 
122 35 
122 59 
122 143 
122 93 
122 76 
122 32 
122 139 
122 33 
122 103 
122 30 
122 8 
122 7 
122 57 
122 146 
122 79 
122 25 
122 115 
122 126 
122 131 
122 27 
122 55 
122 124 
122 98 
122 73 
122 137 
122 22 
122 83 
122 106 
122 120 
122 72 
122 136 
122 65 
122 107 
122 38 
122 140 
123 106 
123 96 
123 61 
123 59 
123 11 
123 48 
123 65 
123 44 
123 71 
123 52 
123 1 
123 6 
123 87 
123 37 
123 62 
123 137 
123 103 
123 58 
123 45 
123 121 
123 97 
123 27 
123 131 
123 128 
123 75 
123 60 
123 129 
123 148 
123 101 
123 126 
123 29 
123 105 
123 143 
123 50 
123 108 
123 55 
123 73 
123 70 
123 136 
123 83 
123 142 
123 74 
123 68 
123 92 
123 90 
123 102 
123 67 
123 81 
123 125 
123 36 
123 24 
123 132 
123 114 
123 33 
123 46 
123 139 
123 72 
123 134 
123 151 
123 49 
123 14 
123 112 
123 78 
123 25 
123 107 
123 149 
123 7 
123 54 
123 111 
124 59 
124 27 
124 40 
124 57 
124 147 
124 24 
124 140 
124 10 
124 110 
124 15 
124 14 
124 33 
124 71 
124 70 
124 80 
124 114 
124 119 
124 133 
124 3 
124 125 
124 0 
124 16 
124 61 
124 74 
124 68 
124 100 
124 46 
124 95 
124 98 
124 146 
124 130 
124 11 
124 129 
124 6 
124 39 
124 132 
124 72 
124 121 
124 53 
124 143 
124 103 
124 5 
124 22 
124 135 
124 83 
124 43 
124 105 
124 52 
124 150 
124 41 
124 116 
124 2 
124 118 
124 102 
124 113 
124 49 
124 122 
124 37 
124 115 
124 18 
124 17 
124 90 
124 30 
124 93 
124 73 
124 82 
124 31 
124 153 
124 138 
124 141 
124 128 
124 8 
124 136 
124 106 
125 132 
125 131 
125 14 
125 47 
125 142 
125 27 
125 64 
125 107 
125 145 
125 63 
125 87 
125 12 
125 113 
125 143 
125 148 
125 6 
125 20 
125 84 
125 29 
125 102 
125 79 
125 124 
125 2 
125 50 
125 73 
125 152 
125 28 
125 80 
125 96 
125 13 
125 43 
125 140 
125 128 
125 32 
125 101 
125 120 
125 116 
125 56 
125 67 
125 35 
125 46 
125 74 
125 22 
125 60 
125 118 
125 119 
125 3 
125 115 
125 25 
125 146 
125 138 
125 110 
125 114 
125 123 
125 78 
125 26 
125 153 
125 24 
125 4 
125 150 
125 117 
125 41 
125 139 
125 98 
125 92 
125 59 
125 89 
125 10 
125 104 
125 21 
125 108 
125 82 
125 39 
125 31 
125 144 
125 36 
126 94 
126 3 
126 114 
126 78 
126 19 
126 50 
126 97 
126 111 
126 147 
126 32 
126 79 
126 12 
126 56 
126 8 
126 13 
126 93 
126 55 
126 119 
126 46 
126 127 
126 41 
126 59 
126 51 
126 44 
126 118 
126 99 
126 0 
126 48 
126 1 
126 52 
126 123 
126 26 
126 37 
126 60 
126 105 
126 146 
126 22 
126 18 
126 49 
126 15 
126 141 
126 88 
126 116 
126 83 
126 39 
126 89 
126 38 
126 40 
126 66 
126 65 
126 24 
126 6 
126 80 
126 122 
126 45 
126 9 
126 27 
126 72 
126 28 
126 95 
126 144 
126 132 
126 25 
126 85 
126 63 
126 42 
126 139 
126 58 
126 86 
126 29 
127 84 
127 77 
127 103 
127 3 
127 39 
127 18 
127 51 
127 24 
127 54 
127 142 
127 144 
127 69 
127 85 
127 47 
127 9 
127 138 
127 97 
127 44 
127 55 
127 126 
127 139 
127 135 
127 58 
127 118 
127 130 
127 137 
127 91 
127 56 
127 109 
127 68 
127 115 
127 42 
127 92 
127 67 
127 140 
127 102 
127 131 
127 86 
127 65 
127 53 
127 62 
127 133 
127 31 
127 17 
127 45 
127 57 
127 7 
127 41 
127 119 
127 107 
127 12 
127 2 
127 30 
127 82 
127 106 
127 32 
127 22 
127 150 
127 37 
127 108 
127 136 
127 34 
127 147 
127 46 
128 95 
128 69 
128 6 
128 53 
128 130 
128 47 
128 146 
128 26 
128 63 
128 153 
128 144 
128 147 
128 27 
128 30 
128 67 
128 93 
128 5 
128 12 
128 123 
128 23 
128 88 
128 54 
128 40 
128 140 
128 71 
128 44 
128 151 
128 125 
128 134 
128 136 
128 110 
128 121 
128 152 
128 89 
128 36 
128 38 
128 64 
128 49 
128 24 
128 68 
128 55 
128 33 
128 131 
128 18 
128 82 
128 28 
128 143 
128 48 
128 91 
128 14 
128 62 
128 117 
128 113 
128 9 
128 32 
128 145 
128 141 
128 75 
128 73 
128 52 
128 78 
128 105 
128 77 
128 129 
128 137 
128 58 
128 79 
128 124 
128 100 
129 45 
129 5 
129 16 
129 101 
129 76 
129 89 
129 93 
129 29 
129 58 
129 97 
129 36 
129 7 
129 144 
129 133 
129 20 
129 18 
129 52 
129 17 
129 109 
129 1 
129 92 
129 110 
129 141 
129 83 
129 147 
129 15 
129 107 
129 134 
129 120 
129 123 
129 47 
129 94 
129 28 
129 135 
129 82 
129 106 
129 122 
129 115 
129 11 
129 117 
129 60 
129 151 
129 124 
129 118 
129 13 
129 150 
129 22 
129 39 
129 34 
129 27 
129 8 
129 26 
129 119 
129 62 
129 87 
129 59 
129 54 
129 142 
129 40 
129 43 
129 131 
129 77 
129 130 
129 63 
129 108 
129 81 
129 65 
129 68 
129 96 
129 44 
129 61 
129 105 
129 48 
129 113 
129 10 
129 128 
129 86 
129 37 
129 53 
129 136 
129 98 
129 143 
129 78 
129 91 
130 1 
130 118 
130 112 
130 99 
130 34 
130 149 
130 93 
130 5 
130 128 
130 85 
130 148 
130 36 
130 8 
130 82 
130 39 
130 78 
130 0 
130 127 
130 147 
130 113 
130 12 
130 30 
130 81 
130 37 
130 97 
130 60 
130 108 
130 84 
130 40 
130 124 
130 75 
130 96 
130 77 
130 150 
130 50 
130 72 
130 21 
130 68 
130 94 
130 23 
130 51 
130 80 
130 135 
130 152 
130 74 
130 31 
130 59 
130 103 
130 92 
130 153 
130 49 
130 54 
130 146 
130 138 
130 22 
130 129 
130 26 
130 58 
130 13 
130 67 
130 48 
130 139 
130 70 
130 71 
130 104 
130 79 
130 73 
130 106 
130 27 
130 109 
130 52 
130 110 
131 102 
131 58 
131 44 
131 119 
131 125 
131 145 
131 80 
131 46 
131 118 
131 12 
131 72 
131 23 
131 3 
131 138 
131 88 
131 99 
131 95 
131 87 
131 57 
131 13 
131 37 
131 73 
131 21 
131 16 
131 98 
131 123 
131 110 
131 75 
131 29 
131 96 
131 26 
131 141 
131 77 
131 79 
131 71 
131 11 
131 31 
131 0 
131 104 
131 133 
131 127 
131 45 
131 54 
131 153 
131 136 
131 90 
131 128 
131 28 
131 34 
131 115 
131 51 
131 67 
131 146 
131 107 
131 32 
131 49 
131 129 
131 59 
131 4 
131 94 
131 122 
131 47 
131 81 
131 5 
131 105 
131 74 
131 137 
131 62 
131 43 
131 106 
131 27 
131 1 
131 69 
131 55 
131 17 
131 7 
131 144 
132 125 
132 72 
132 54 
132 140 
132 122 
132 135 
132 107 
132 68 
132 97 
132 83 
132 18 
132 63 
132 24 
132 75 
132 104 
132 11 
132 14 
132 44 
132 117 
132 37 
132 15 
132 20 
132 133 
132 153 
132 151 
132 138 
132 139 
132 52 
132 8 
132 76 
132 69 
132 121 
132 86 
132 74 
132 2 
132 89 
132 0 
132 124 
132 141 
132 150 
132 142 
132 65 
132 103 
132 149 
132 27 
132 82 
132 92 
132 118 
132 102 
132 88 
132 7 
132 4 
132 115 
132 25 
132 5 
132 55 
132 123 
132 10 
132 30 
132 147 
132 146 
132 119 
132 62 
132 91 
132 90 
132 116 
132 78 
132 126 
132 113 
132 1 
132 144 
132 120 
132 41 
132 81 
132 110 
132 77 
132 95 
132 64 
132 21 
132 67 
133 56 
133 89 
133 148 
133 90 
133 14 
133 102 
133 134 
133 34 
133 63 
133 137 
133 129 
133 81 
133 82 
133 111 
133 124 
133 19 
133 3 
133 70 
133 61 
133 112 
133 46 
133 136 
133 8 
133 25 
133 79 
133 132 
133 58 
133 49 
133 17 
133 30 
133 23 
133 11 
133 105 
133 10 
133 0 
133 99 
133 85 
133 94 
133 131 
133 16 
133 95 
133 110 
133 109 
133 1 
133 51 
133 127 
133 84 
133 96 
133 38 
133 145 
133 45 
133 143 
133 149 
133 80 
133 93 
133 40 
133 78 
133 153 
133 67 
133 21 
133 86 
133 52 
133 37 
133 104 
133 139 
133 150 
133 140 
133 121 
133 152 
133 28 
133 72 
133 66 
133 142 
133 75 
133 117 
133 100 
133 147 
133 98 
133 32 
134 60 
134 100 
134 98 
134 133 
134 0 
134 80 
134 55 
134 149 
134 37 
134 25 
134 146 
134 56 
134 45 
134 50 
134 117 
134 83 
134 113 
134 90 
134 135 
134 1 
134 67 
134 129 
134 59 
134 108 
134 86 
134 138 
134 10 
134 99 
134 23 
134 92 
134 152 
134 114 
134 64 
134 76 
134 51 
134 128 
134 62 
134 77 
134 102 
134 103 
134 75 
134 7 
134 137 
134 63 
134 27 
134 28 
134 58 
134 53 
134 84 
134 32 
134 73 
134 82 
134 123 
134 142 
134 78 
134 43 
134 12 
134 49 
134 147 
134 11 
134 16 
134 46 
134 70 
134 66 
134 116 
134 91 
134 97 
134 89 
134 57 
134 96 
135 44 
135 55 
135 33 
135 112 
135 22 
135 53 
135 114 
135 51 
135 66 
135 132 
135 63 
135 149 
135 4 
135 147 
135 113 
135 75 
135 145 
135 16 
135 36 
135 148 
135 111 
135 134 
135 137 
135 109 
135 127 
135 18 
135 84 
135 103 
135 28 
135 62 
135 12 
135 129 
135 91 
135 59 
135 92 
135 86 
135 90 
135 47 
135 64 
135 70 
135 9 
135 151 
135 89 
135 56 
135 130 
135 26 
135 153 
135 124 
135 35 
135 39 
135 41 
135 88 
135 76 
135 99 
135 94 
135 144 
135 142 
135 96 
135 13 
135 102 
135 118 
135 40 
135 57 
135 152 
135 5 
135 73 
135 34 
135 85 
135 98 
135 52 
135 121 
135 46 
135 106 
135 116 
135 69 
135 54 
135 15 
135 29 
135 37 
135 19 
136 74 
136 75 
136 14 
136 69 
136 6 
136 110 
136 65 
136 72 
136 29 
136 40 
136 31 
136 34 
136 49 
136 24 
136 28 
136 41 
136 118 
136 32 
136 113 
136 133 
136 45 
136 92 
136 148 
136 9 
136 100 
136 82 
136 105 
136 145 
136 22 
136 68 
136 128 
136 7 
136 12 
136 108 
136 46 
136 63 
136 8 
136 104 
136 141 
136 147 
136 95 
136 61 
136 73 
136 57 
136 59 
136 103 
136 120 
136 123 
136 131 
136 23 
136 85 
136 19 
136 114 
136 51 
136 79 
136 11 
136 84 
136 13 
136 99 
136 52 
136 18 
136 78 
136 62 
136 3 
136 122 
136 86 
136 127 
136 101 
136 129 
136 96 
136 2 
136 140 
136 56 
136 80 
136 124 
136 151 
136 21 
137 64 
137 109 
137 121 
137 153 
137 25 
137 1 
137 55 
137 71 
137 87 
137 63 
137 30 
137 69 
137 133 
137 51 
137 97 
137 61 
137 24 
137 35 
137 84 
137 86 
137 88 
137 48 
137 123 
137 138 
137 11 
137 77 
137 81 
137 50 
137 111 
137 135 
137 101 
137 12 
137 96 
137 42 
137 127 
137 114 
137 110 
137 68 
137 5 
137 142 
137 102 
137 14 
137 52 
137 120 
137 58 
137 119 
137 46 
137 147 
137 116 
137 90 
137 78 
137 85 
137 134 
137 44 
137 91 
137 36 
137 145 
137 10 
137 107 
137 8 
137 27 
137 82 
137 112 
137 100 
137 45 
137 49 
137 9 
137 150 
137 83 
137 23 
137 15 
137 152 
137 98 
137 38 
137 60 
137 19 
137 122 
137 80 
137 131 
137 3 
137 76 
137 128 
137 139 
137 149 
137 73 
137 4 
137 115 
137 70 
137 141 
137 67 
138 118 
138 74 
138 99 
138 142 
138 89 
138 50 
138 98 
138 32 
138 19 
138 127 
138 131 
138 63 
138 72 
138 76 
138 94 
138 137 
138 145 
138 40 
138 46 
138 121 
138 61 
138 18 
138 25 
138 28 
138 134 
138 132 
138 35 
138 91 
138 120 
138 0 
138 6 
138 42 
138 34 
138 117 
138 11 
138 59 
138 47 
138 70 
138 41 
138 88 
138 73 
138 141 
138 81 
138 10 
138 152 
138 64 
138 71 
138 125 
138 143 
138 51 
138 3 
138 16 
138 130 
138 14 
138 111 
138 79 
138 107 
138 106 
138 95 
138 48 
138 62 
138 144 
138 75 
138 55 
138 146 
138 124 
138 1 
138 17 
138 82 
139 113 
139 34 
139 60 
139 87 
139 43 
139 97 
139 96 
139 82 
139 141 
139 69 
139 48 
139 8 
139 148 
139 52 
139 103 
139 88 
139 58 
139 11 
139 4 
139 100 
139 57 
139 127 
139 0 
139 17 
139 121 
139 112 
139 132 
139 42 
139 1 
139 9 
139 109 
139 31 
139 47 
139 91 
139 27 
139 95 
139 26 
139 45 
139 56 
139 19 
139 5 
139 111 
139 3 
139 144 
139 76 
139 122 
139 54 
139 118 
139 15 
139 123 
139 77 
139 133 
139 92 
139 23 
139 22 
139 35 
139 65 
139 130 
139 125 
139 81 
139 37 
139 38 
139 78 
139 152 
139 126 
139 108 
139 137 
139 101 
139 110 
139 89 
139 119 
140 120 
140 45 
140 7 
140 48 
140 82 
140 24 
140 150 
140 146 
140 42 
140 124 
140 132 
140 94 
140 102 
140 62 
140 60 
140 29 
140 66 
140 90 
140 8 
140 26 
140 21 
140 110 
140 6 
140 91 
140 11 
140 73 
140 13 
140 80 
140 50 
140 15 
140 41 
140 103 
140 56 
140 128 
140 143 
140 125 
140 46 
140 32 
140 83 
140 127 
140 0 
140 95 
140 28 
140 58 
140 5 
140 111 
140 142 
140 65 
140 43 
140 112 
140 105 
140 69 
140 49 
140 115 
140 107 
140 64 
140 108 
140 33 
140 148 
140 22 
140 51 
140 153 
140 96 
140 92 
140 133 
140 9 
140 14 
140 19 
140 118 
140 86 
140 117 
140 77 
140 98 
140 61 
140 136 
140 79 
140 122 
140 20 
140 37 
140 67 
141 90 
141 62 
141 3 
141 83 
141 34 
141 139 
141 105 
141 114 
141 26 
141 72 
141 97 
141 151 
141 129 
141 14 
141 9 
141 60 
141 91 
141 6 
141 37 
141 17 
141 31 
141 86 
141 131 
141 116 
141 71 
141 79 
141 74 
141 51 
141 152 
141 68 
141 142 
141 136 
141 47 
141 132 
141 147 
141 138 
141 76 
141 115 
141 64 
141 57 
141 42 
141 36 
141 126 
141 50 
141 22 
141 104 
141 13 
141 144 
141 20 
141 88 
141 143 
141 128 
141 18 
141 121 
141 67 
141 110 
141 95 
141 15 
141 107 
141 96 
141 92 
141 94 
141 120 
141 55 
141 81 
141 124 
141 78 
141 148 
141 137 
142 97 
142 80 
142 58 
142 107 
142 23 
142 115 
142 121 
142 125 
142 138 
142 52 
142 127 
142 88 
142 17 
142 20 
142 44 
142 35 
142 13 
142 2 
142 19 
142 38 
142 68 
142 7 
142 65 
142 96 
142 82 
142 90 
142 21 
142 119 
142 32 
142 41 
142 4 
142 14 
142 50 
142 87 
142 102 
142 85 
142 137 
142 26 
142 51 
142 40 
142 89 
142 64 
142 78 
142 141 
142 22 
142 150 
142 132 
142 140 
142 70 
142 98 
142 76 
142 71 
142 81 
142 123 
142 75 
142 66 
142 49 
142 3 
142 153 
142 118 
142 28 
142 129 
142 84 
142 135 
142 56 
142 117 
142 100 
142 60 
142 134 
142 72 
142 110 
142 145 
142 18 
142 101 
142 133 
142 10 
142 151 
142 77 
142 99 
142 1 
142 95 
142 93 
142 27 
142 91 
142 48 
143 6 
143 77 
143 7 
143 150 
143 1 
143 25 
143 9 
143 14 
143 110 
143 53 
143 17 
143 60 
143 112 
143 151 
143 101 
143 79 
143 125 
143 24 
143 148 
143 15 
143 62 
143 21 
143 18 
143 80 
143 13 
143 4 
143 100 
143 50 
143 29 
143 118 
143 140 
143 42 
143 34 
143 86 
143 152 
143 147 
143 54 
143 57 
143 123 
143 73 
143 0 
143 124 
143 43 
143 56 
143 48 
143 102 
143 128 
143 122 
143 111 
143 69 
143 133 
143 22 
143 99 
143 138 
143 113 
143 23 
143 108 
143 70 
143 82 
143 35 
143 59 
143 141 
143 49 
143 90 
143 107 
143 78 
143 3 
143 84 
143 88 
143 121 
143 52 
143 109 
143 144 
143 12 
143 20 
143 47 
143 129 
143 61 
143 83 
144 146 
144 32 
144 20 
144 80 
144 121 
144 74 
144 110 
144 127 
144 21 
144 59 
144 129 
144 7 
144 65 
144 37 
144 92 
144 84 
144 117 
144 85 
144 108 
144 72 
144 128 
144 36 
144 89 
144 23 
144 4 
144 60 
144 22 
144 105 
144 58 
144 120 
144 17 
144 34 
144 5 
144 86 
144 31 
144 25 
144 103 
144 79 
144 152 
144 101 
144 98 
144 19 
144 70 
144 88 
144 47 
144 24 
144 147 
144 139 
144 141 
144 90 
144 93 
144 49 
144 10 
144 12 
144 68 
144 107 
144 104 
144 135 
144 96 
144 6 
144 26 
144 42 
144 91 
144 99 
144 1 
144 41 
144 46 
144 2 
144 126 
144 78 
144 143 
144 138 
144 132 
144 27 
144 153 
144 40 
144 57 
144 150 
144 131 
144 125 
144 16 
145 49 
145 152 
145 20 
145 85 
145 73 
145 131 
145 121 
145 89 
145 31 
145 45 
145 105 
145 125 
145 106 
145 91 
145 101 
145 98 
145 27 
145 53 
145 25 
145 54 
145 135 
145 114 
145 138 
145 116 
145 78 
145 36 
145 16 
145 4 
145 68 
145 71 
145 86 
145 94 
145 136 
145 60 
145 39 
145 19 
145 92 
145 153 
145 118 
145 80 
145 11 
145 51 
145 81 
145 87 
145 56 
145 52 
145 41 
145 3 
145 137 
145 69 
145 79 
145 133 
145 76 
145 18 
145 6 
145 112 
145 128 
145 44 
145 146 
145 23 
145 37 
145 115 
145 147 
145 142 
145 88 
145 55 
145 15 
145 30 
145 77 
145 0 
145 148 
145 14 
145 97 
145 109 
145 70 
145 33 
145 95 
145 111 
145 48 
145 93 
145 62 
146 150 
146 7 
146 91 
146 144 
146 24 
146 70 
146 140 
146 44 
146 45 
146 78 
146 113 
146 111 
146 52 
146 118 
146 128 
146 96 
146 134 
146 69 
146 95 
146 100 
146 109 
146 153 
146 50 
146 108 
146 84 
146 15 
146 107 
146 119 
146 9 
146 61 
146 8 
146 86 
146 124 
146 98 
146 32 
146 148 
146 22 
146 5 
146 105 
146 36 
146 126 
146 94 
146 19 
146 125 
146 20 
146 4 
146 11 
146 72 
146 131 
146 81 
146 130 
146 145 
146 116 
146 122 
146 132 
146 57 
146 87 
146 112 
146 92 
146 21 
146 152 
146 75 
146 39 
146 120 
146 67 
146 3 
146 51 
146 149 
146 73 
146 80 
146 138 
146 35 
146 23 
146 16 
147 122 
147 67 
147 68 
147 124 
147 1 
147 24 
147 28 
147 54 
147 126 
147 51 
147 85 
147 93 
147 94 
147 96 
147 106 
147 135 
147 11 
147 95 
147 31 
147 129 
147 148 
147 22 
147 20 
147 128 
147 48 
147 46 
147 110 
147 130 
147 2 
147 35 
147 121 
147 103 
147 119 
147 36 
147 89 
147 143 
147 64 
147 45 
147 137 
147 136 
147 141 
147 3 
147 150 
147 41 
147 27 
147 62 
147 100 
147 83 
147 60 
147 101 
147 66 
147 15 
147 144 
147 98 
147 18 
147 63 
147 29 
147 81 
147 57 
147 25 
147 70 
147 23 
147 132 
147 7 
147 145 
147 0 
147 134 
147 76 
147 6 
147 78 
147 13 
147 116 
147 55 
147 50 
147 117 
147 75 
147 133 
147 102 
147 90 
147 127 
148 19 
148 133 
148 0 
148 49 
148 107 
148 36 
148 68 
148 103 
148 100 
148 13 
148 41 
148 57 
148 48 
148 139 
148 9 
148 130 
148 88 
148 125 
148 47 
148 122 
148 82 
148 81 
148 147 
148 135 
148 143 
148 5 
148 95 
148 30 
148 72 
148 43 
148 136 
148 77 
148 104 
148 28 
148 123 
148 116 
148 17 
148 58 
148 92 
148 146 
148 29 
148 1 
148 52 
148 101 
148 22 
148 117 
148 114 
148 42 
148 67 
148 2 
148 16 
148 32 
148 140 
148 10 
148 74 
148 121 
148 150 
148 50 
148 90 
148 115 
148 91 
148 62 
148 18 
148 153 
148 31 
148 65 
148 51 
148 56 
148 66 
148 145 
148 61 
148 8 
148 54 
148 3 
148 38 
148 20 
148 106 
148 44 
148 27 
148 141 
148 4 
148 60 
149 120 
149 116 
149 102 
149 130 
149 89 
149 134 
149 49 
149 35 
149 135 
149 94 
149 97 
149 12 
149 5 
149 33 
149 93 
149 74 
149 45 
149 32 
149 62 
149 109 
149 40 
149 88 
149 67 
149 96 
149 90 
149 110 
149 21 
149 122 
149 107 
149 44 
149 100 
149 78 
149 132 
149 66 
149 106 
149 68 
149 42 
149 133 
149 17 
149 6 
149 54 
149 53 
149 111 
149 87 
149 19 
149 150 
149 123 
149 15 
149 113 
149 0 
149 4 
149 146 
149 137 
149 43 
149 37 
149 51 
149 2 
150 82 
150 146 
150 143 
150 41 
150 140 
150 0 
150 116 
150 69 
150 5 
150 89 
150 110 
150 152 
150 96 
150 94 
150 20 
150 114 
150 95 
150 61 
150 13 
150 122 
150 42 
150 91 
150 44 
150 58 
150 108 
150 121 
150 103 
150 47 
150 106 
150 87 
150 153 
150 130 
150 129 
150 2 
150 3 
150 142 
150 132 
150 16 
150 147 
150 57 
150 79 
150 22 
150 63 
150 40 
150 117 
150 107 
150 118 
150 51 
150 8 
150 21 
150 101 
150 124 
150 86 
150 50 
150 4 
150 109 
150 119 
150 137 
150 133 
150 148 
150 29 
150 125 
150 88 
150 39 
150 28 
150 62 
150 127 
150 98 
150 46 
150 19 
150 149 
150 100 
150 12 
150 26 
150 55 
150 17 
150 83 
150 25 
150 115 
150 104 
150 144 
150 92 
150 24 
151 1 
151 55 
151 105 
151 87 
151 68 
151 112 
151 64 
151 0 
151 27 
151 94 
151 26 
151 143 
151 49 
151 21 
151 50 
151 141 
151 77 
151 14 
151 90 
151 5 
151 63 
151 132 
151 41 
151 44 
151 83 
151 121 
151 12 
151 103 
151 33 
151 100 
151 128 
151 82 
151 129 
151 8 
151 84 
151 108 
151 15 
151 75 
151 135 
151 65 
151 24 
151 10 
151 73 
151 19 
151 29 
151 152 
151 123 
151 67 
151 38 
151 102 
151 11 
151 89 
151 45 
151 52 
151 142 
151 76 
151 153 
151 39 
151 119 
151 2 
151 136 
151 72 
152 145 
152 96 
152 10 
152 116 
152 113 
152 32 
152 54 
152 59 
152 86 
152 27 
152 18 
152 119 
152 22 
152 92 
152 102 
152 150 
152 100 
152 52 
152 33 
152 103 
152 122 
152 112 
152 20 
152 37 
152 53 
152 125 
152 80 
152 115 
152 111 
152 67 
152 121 
152 4 
152 29 
152 85 
152 109 
152 134 
152 99 
152 40 
152 17 
152 26 
152 9 
152 143 
152 51 
152 141 
152 56 
152 41 
152 128 
152 79 
152 12 
152 64 
152 144 
152 138 
152 130 
152 88 
152 65 
152 90 
152 114 
152 82 
152 63 
152 36 
152 151 
152 110 
152 35 
152 58 
152 0 
152 46 
152 23 
152 133 
152 137 
152 57 
152 146 
152 135 
152 69 
152 78 
152 139 
152 68 
152 118 
152 14 
152 120 
152 16 
152 48 
152 66 
152 44 
152 2 
152 70 
153 89 
153 122 
153 137 
153 85 
153 64 
153 63 
153 23 
153 65 
153 49 
153 146 
153 128 
153 99 
153 50 
153 88 
153 102 
153 119 
153 17 
153 0 
153 132 
153 61 
153 87 
153 30 
153 94 
153 55 
153 4 
153 150 
153 145 
153 56 
153 39 
153 34 
153 73 
153 19 
153 117 
153 97 
153 2 
153 86 
153 33 
153 131 
153 41 
153 80 
153 135 
153 35 
153 76 
153 130 
153 109 
153 142 
153 125 
153 20 
153 45 
153 133 
153 53 
153 120 
153 70 
153 140 
153 46 
153 81 
153 29 
153 38 
153 60 
153 90 
153 54 
153 31 
153 42 
153 47 
153 148 
153 25 
153 71 
153 121 
153 22 
153 114 
153 111 
153 67 
153 84 
153 105 
153 18 
153 82 
153 144 
153 124 
153 69 
153 43 
153 10 
153 151 
153 52 
153 101 
153 115 
153 68 
