0 57 
0 29 
0 152 
0 59 
0 162 
0 145 
0 69 
0 1 
0 48 
0 40 
0 20 
0 8 
0 148 
0 164 
0 147 
0 113 
0 104 
0 25 
0 77 
0 99 
0 60 
0 130 
0 74 
0 96 
0 32 
0 97 
0 118 
0 90 
0 131 
0 98 
0 72 
0 100 
0 117 
0 89 
0 115 
1 155 
1 38 
1 20 
1 41 
1 58 
1 149 
1 0 
1 21 
1 87 
1 128 
1 78 
1 13 
1 82 
1 61 
1 108 
1 67 
1 98 
1 69 
1 7 
1 154 
1 101 
1 22 
1 65 
1 118 
1 138 
1 18 
1 34 
2 49 
2 147 
2 69 
2 59 
2 33 
2 44 
2 131 
2 77 
2 41 
2 89 
2 146 
2 31 
2 141 
2 132 
2 24 
2 125 
2 164 
2 118 
2 158 
2 53 
2 50 
2 94 
2 105 
2 152 
2 120 
2 27 
2 25 
2 130 
2 28 
2 151 
2 16 
2 135 
2 133 
2 56 
3 25 
3 104 
3 71 
3 99 
3 70 
3 45 
3 9 
3 143 
3 15 
3 132 
3 57 
3 82 
3 134 
3 149 
3 164 
3 118 
3 42 
3 161 
3 46 
3 163 
3 74 
3 51 
3 110 
3 44 
3 158 
3 145 
3 81 
3 122 
3 8 
3 141 
3 147 
4 102 
4 131 
4 107 
4 42 
4 163 
4 99 
4 121 
4 82 
4 56 
4 48 
4 7 
4 55 
4 127 
4 62 
4 33 
4 29 
4 91 
4 103 
4 83 
4 90 
4 109 
4 47 
4 100 
4 88 
4 153 
4 105 
4 67 
4 21 
4 117 
4 70 
4 95 
4 135 
4 147 
4 66 
4 45 
4 146 
4 133 
5 54 
5 51 
5 108 
5 153 
5 132 
5 164 
5 165 
5 49 
5 26 
5 88 
5 68 
5 154 
5 65 
5 95 
5 127 
5 13 
5 90 
5 61 
5 144 
5 126 
5 143 
5 86 
5 120 
5 110 
5 28 
5 57 
5 136 
5 75 
5 129 
5 25 
5 107 
6 90 
6 17 
6 10 
6 46 
6 55 
6 133 
6 93 
6 141 
6 136 
6 72 
6 95 
6 125 
6 131 
6 127 
6 48 
6 82 
6 22 
6 61 
6 92 
6 23 
6 42 
6 45 
6 24 
6 156 
6 51 
6 153 
6 143 
6 11 
6 146 
7 86 
7 75 
7 34 
7 165 
7 103 
7 10 
7 73 
7 67 
7 4 
7 16 
7 42 
7 38 
7 128 
7 79 
7 96 
7 47 
7 53 
7 105 
7 135 
7 43 
7 155 
7 1 
7 71 
7 131 
7 69 
7 52 
7 58 
7 80 
7 113 
7 161 
7 123 
7 88 
7 130 
7 90 
7 28 
7 121 
7 24 
8 96 
8 116 
8 35 
8 48 
8 155 
8 17 
8 41 
8 85 
8 46 
8 75 
8 92 
8 74 
8 0 
8 39 
8 149 
8 158 
8 123 
8 120 
8 136 
8 58 
8 133 
8 156 
8 131 
8 140 
8 26 
8 3 
8 118 
8 49 
8 50 
8 115 
9 154 
9 27 
9 126 
9 31 
9 3 
9 132 
9 70 
9 120 
9 14 
9 113 
9 153 
9 134 
9 21 
9 37 
9 121 
9 46 
9 58 
9 59 
9 140 
9 139 
9 150 
9 130 
9 116 
9 60 
9 73 
9 129 
9 62 
9 131 
9 29 
9 122 
9 43 
9 41 
9 125 
10 55 
10 6 
10 139 
10 48 
10 7 
10 12 
10 45 
10 74 
10 23 
10 63 
10 44 
10 20 
10 103 
10 92 
10 76 
10 54 
10 142 
10 150 
10 77 
10 126 
10 17 
10 98 
10 57 
10 64 
10 67 
10 135 
10 85 
10 46 
10 132 
10 114 
10 60 
10 140 
10 124 
10 59 
10 149 
10 110 
10 22 
11 73 
11 116 
11 106 
11 97 
11 48 
11 27 
11 107 
11 152 
11 82 
11 25 
11 91 
11 36 
11 129 
11 12 
11 30 
11 31 
11 137 
11 80 
11 86 
11 34 
11 113 
11 117 
11 147 
11 60 
11 95 
11 50 
11 14 
11 19 
11 74 
11 89 
11 6 
11 153 
12 102 
12 55 
12 142 
12 10 
12 38 
12 103 
12 17 
12 141 
12 101 
12 11 
12 135 
12 40 
12 83 
12 68 
12 165 
12 66 
12 74 
12 107 
12 156 
12 162 
12 134 
12 60 
12 72 
12 53 
12 46 
13 99 
13 45 
13 139 
13 103 
13 97 
13 37 
13 69 
13 29 
13 150 
13 114 
13 93 
13 24 
13 144 
13 71 
13 1 
13 5 
13 55 
13 78 
13 66 
13 88 
13 59 
13 152 
13 77 
13 65 
13 36 
13 74 
13 76 
13 125 
13 127 
13 34 
14 80 
14 91 
14 122 
14 25 
14 60 
14 54 
14 159 
14 115 
14 93 
14 154 
14 61 
14 41 
14 110 
14 87 
14 160 
14 114 
14 40 
14 9 
14 127 
14 140 
14 151 
14 58 
14 53 
14 139 
14 55 
14 137 
14 51 
14 132 
14 119 
14 69 
14 130 
14 73 
14 29 
14 26 
14 85 
14 92 
14 163 
14 134 
14 50 
14 111 
14 48 
14 79 
14 11 
14 32 
14 155 
14 22 
14 71 
14 124 
14 28 
15 16 
15 118 
15 29 
15 18 
15 67 
15 27 
15 115 
15 105 
15 102 
15 106 
15 114 
15 37 
15 3 
15 138 
15 123 
15 43 
15 26 
15 95 
15 90 
15 100 
15 101 
15 22 
15 53 
15 88 
15 61 
15 59 
15 154 
16 15 
16 102 
16 141 
16 95 
16 91 
16 111 
16 151 
16 21 
16 100 
16 112 
16 158 
16 156 
16 7 
16 131 
16 97 
16 109 
16 39 
16 84 
16 157 
16 79 
16 74 
16 130 
16 44 
16 152 
16 37 
16 161 
16 103 
16 47 
16 63 
16 85 
16 124 
16 119 
16 93 
16 69 
16 2 
16 146 
16 62 
16 92 
16 23 
17 6 
17 150 
17 52 
17 112 
17 66 
17 12 
17 101 
17 81 
17 8 
17 56 
17 28 
17 121 
17 92 
17 147 
17 50 
17 99 
17 96 
17 131 
17 51 
17 10 
17 39 
17 45 
17 31 
17 107 
17 142 
17 128 
17 144 
17 155 
17 149 
17 79 
17 57 
17 85 
18 15 
18 141 
18 76 
18 122 
18 164 
18 44 
18 67 
18 161 
18 26 
18 99 
18 21 
18 117 
18 81 
18 74 
18 103 
18 97 
18 100 
18 137 
18 162 
18 110 
18 60 
18 142 
18 90 
18 66 
18 22 
18 98 
18 102 
18 128 
18 82 
18 1 
18 27 
18 29 
18 151 
19 151 
19 30 
19 123 
19 69 
19 160 
19 20 
19 137 
19 152 
19 72 
19 101 
19 36 
19 105 
19 81 
19 114 
19 71 
19 127 
19 41 
19 85 
19 141 
19 79 
19 148 
19 125 
19 153 
19 37 
19 53 
19 11 
19 60 
19 142 
19 149 
19 96 
20 154 
20 71 
20 1 
20 139 
20 44 
20 88 
20 19 
20 163 
20 142 
20 46 
20 102 
20 10 
20 67 
20 23 
20 47 
20 85 
20 69 
20 32 
20 158 
20 0 
20 150 
20 164 
20 68 
20 155 
20 114 
20 149 
20 87 
20 84 
20 83 
20 95 
20 35 
21 73 
21 141 
21 67 
21 47 
21 151 
21 106 
21 132 
21 131 
21 16 
21 152 
21 1 
21 109 
21 97 
21 122 
21 93 
21 18 
21 72 
21 36 
21 64 
21 9 
21 91 
21 133 
21 82 
21 101 
21 68 
21 129 
21 143 
21 117 
21 4 
21 112 
21 51 
21 134 
21 40 
21 102 
21 62 
21 125 
21 53 
21 115 
21 116 
21 113 
21 31 
21 165 
21 75 
22 161 
22 127 
22 80 
22 142 
22 129 
22 94 
22 47 
22 150 
22 78 
22 23 
22 154 
22 55 
22 123 
22 71 
22 124 
22 82 
22 24 
22 146 
22 49 
22 6 
22 107 
22 98 
22 15 
22 153 
22 134 
22 126 
22 65 
22 1 
22 159 
22 29 
22 18 
22 76 
22 152 
22 105 
22 14 
22 141 
22 10 
23 140 
23 70 
23 93 
23 77 
23 10 
23 102 
23 66 
23 22 
23 63 
23 108 
23 20 
23 161 
23 115 
23 130 
23 153 
23 100 
23 71 
23 25 
23 110 
23 6 
23 65 
23 134 
23 68 
23 163 
23 141 
23 136 
23 31 
23 16 
24 119 
24 85 
24 139 
24 150 
24 13 
24 104 
24 157 
24 56 
24 80 
24 59 
24 129 
24 73 
24 75 
24 25 
24 22 
24 103 
24 72 
24 71 
24 2 
24 115 
24 141 
24 36 
24 102 
24 154 
24 70 
24 6 
24 95 
24 147 
24 42 
24 76 
24 161 
24 140 
24 7 
24 39 
24 30 
25 3 
25 14 
25 99 
25 44 
25 36 
25 96 
25 79 
25 165 
25 11 
25 56 
25 164 
25 70 
25 109 
25 143 
25 24 
25 132 
25 121 
25 0 
25 69 
25 131 
25 110 
25 23 
25 144 
25 137 
25 160 
25 61 
25 133 
25 37 
25 59 
25 152 
25 126 
25 104 
25 2 
25 71 
25 90 
25 113 
25 154 
25 51 
25 149 
25 5 
26 83 
26 46 
26 37 
26 49 
26 81 
26 160 
26 107 
26 63 
26 55 
26 133 
26 5 
26 161 
26 115 
26 18 
26 121 
26 90 
26 61 
26 96 
26 125 
26 139 
26 158 
26 80 
26 14 
26 15 
26 27 
26 52 
26 149 
26 79 
26 77 
26 8 
26 66 
26 94 
26 97 
26 75 
27 42 
27 9 
27 15 
27 58 
27 92 
27 11 
27 116 
27 44 
27 115 
27 31 
27 81 
27 91 
27 110 
27 163 
27 103 
27 124 
27 108 
27 129 
27 86 
27 109 
27 113 
27 87 
27 140 
27 152 
27 26 
27 126 
27 158 
27 66 
27 76 
27 36 
27 156 
27 82 
27 39 
27 2 
27 155 
27 154 
27 118 
27 101 
27 127 
27 125 
27 72 
27 32 
27 70 
27 97 
27 62 
27 18 
27 123 
27 30 
28 78 
28 117 
28 137 
28 102 
28 90 
28 126 
28 51 
28 57 
28 39 
28 42 
28 43 
28 17 
28 132 
28 106 
28 114 
28 149 
28 49 
28 141 
28 60 
28 94 
28 162 
28 5 
28 109 
28 71 
28 118 
28 99 
28 2 
28 115 
28 130 
28 7 
28 56 
28 14 
29 15 
29 60 
29 0 
29 133 
29 13 
29 132 
29 88 
29 51 
29 35 
29 78 
29 131 
29 4 
29 140 
29 109 
29 164 
29 79 
29 30 
29 42 
29 14 
29 62 
29 156 
29 66 
29 150 
29 147 
29 68 
29 113 
29 120 
29 80 
29 155 
29 89 
29 90 
29 64 
29 154 
29 22 
29 144 
29 163 
29 110 
29 162 
29 9 
29 121 
29 58 
29 135 
29 18 
30 44 
30 156 
30 159 
30 19 
30 152 
30 91 
30 120 
30 133 
30 52 
30 130 
30 11 
30 165 
30 40 
30 38 
30 98 
30 73 
30 29 
30 49 
30 114 
30 63 
30 50 
30 144 
30 157 
30 88 
30 24 
30 27 
31 79 
31 9 
31 40 
31 48 
31 45 
31 74 
31 69 
31 112 
31 84 
31 27 
31 2 
31 114 
31 11 
31 78 
31 159 
31 36 
31 116 
31 103 
31 75 
31 139 
31 17 
31 41 
31 56 
31 156 
31 21 
31 63 
31 99 
31 135 
31 23 
31 101 
31 125 
31 76 
32 100 
32 157 
32 84 
32 147 
32 141 
32 20 
32 128 
32 53 
32 86 
32 165 
32 127 
32 119 
32 76 
32 68 
32 50 
32 150 
32 0 
32 145 
32 95 
32 51 
32 60 
32 47 
32 81 
32 78 
32 44 
32 98 
32 77 
32 14 
32 49 
32 27 
32 133 
32 160 
33 98 
33 88 
33 2 
33 121 
33 45 
33 124 
33 89 
33 4 
33 131 
33 138 
33 113 
33 86 
33 144 
33 94 
33 102 
33 160 
33 49 
33 109 
33 163 
33 146 
33 165 
33 51 
33 63 
34 155 
34 7 
34 97 
34 76 
34 141 
34 77 
34 122 
34 123 
34 125 
34 60 
34 106 
34 109 
34 82 
34 89 
34 112 
34 43 
34 70 
34 142 
34 66 
34 154 
34 45 
34 58 
34 131 
34 132 
34 144 
34 98 
34 78 
34 38 
34 11 
34 124 
34 113 
34 121 
34 52 
34 100 
34 152 
34 65 
34 13 
34 37 
34 157 
34 1 
34 165 
34 158 
35 93 
35 36 
35 152 
35 122 
35 8 
35 161 
35 148 
35 29 
35 142 
35 159 
35 47 
35 137 
35 128 
35 145 
35 55 
35 88 
35 45 
35 72 
35 48 
35 124 
35 117 
35 20 
35 83 
36 55 
36 75 
36 35 
36 92 
36 37 
36 153 
36 151 
36 118 
36 25 
36 80 
36 106 
36 45 
36 19 
36 144 
36 108 
36 160 
36 136 
36 59 
36 119 
36 11 
36 109 
36 21 
36 68 
36 121 
36 31 
36 122 
36 90 
36 24 
36 27 
36 13 
36 149 
36 137 
36 66 
36 131 
36 129 
36 86 
36 101 
36 52 
36 123 
37 149 
37 113 
37 97 
37 36 
37 79 
37 52 
37 115 
37 105 
37 144 
37 26 
37 116 
37 123 
37 13 
37 98 
37 43 
37 15 
37 159 
37 104 
37 138 
37 9 
37 162 
37 16 
37 82 
37 48 
37 25 
37 112 
37 19 
37 55 
37 134 
37 38 
37 34 
37 107 
38 68 
38 1 
38 12 
38 98 
38 144 
38 143 
38 71 
38 137 
38 87 
38 120 
38 7 
38 123 
38 30 
38 74 
38 91 
38 160 
38 59 
38 136 
38 81 
38 34 
38 103 
38 49 
38 84 
38 52 
38 76 
38 140 
38 117 
38 37 
38 134 
38 42 
39 114 
39 123 
39 78 
39 119 
39 121 
39 148 
39 137 
39 28 
39 86 
39 112 
39 96 
39 136 
39 131 
39 16 
39 111 
39 52 
39 8 
39 160 
39 163 
39 17 
39 27 
39 162 
39 71 
39 159 
39 62 
39 42 
39 100 
39 113 
39 154 
39 24 
39 56 
39 55 
40 31 
40 55 
40 85 
40 73 
40 14 
40 71 
40 0 
40 97 
40 30 
40 12 
40 162 
40 121 
40 161 
40 48 
40 133 
40 149 
40 65 
40 43 
40 137 
40 54 
40 134 
40 42 
40 21 
40 52 
40 160 
40 95 
40 72 
40 118 
40 76 
40 80 
40 135 
40 152 
41 133 
41 132 
41 103 
41 88 
41 1 
41 14 
41 74 
41 151 
41 2 
41 118 
41 8 
41 66 
41 161 
41 19 
41 131 
41 110 
41 62 
41 69 
41 119 
41 148 
41 112 
41 82 
41 149 
41 31 
41 47 
41 77 
41 156 
41 130 
41 76 
41 44 
41 138 
41 9 
41 140 
42 27 
42 122 
42 110 
42 113 
42 160 
42 107 
42 4 
42 133 
42 129 
42 98 
42 94 
42 28 
42 7 
42 103 
42 49 
42 47 
42 74 
42 75 
42 3 
42 29 
42 54 
42 6 
42 40 
42 112 
42 124 
42 59 
42 39 
42 24 
42 142 
42 92 
42 86 
42 114 
42 140 
42 38 
42 93 
43 66 
43 140 
43 141 
43 50 
43 156 
43 135 
43 64 
43 105 
43 109 
43 89 
43 28 
43 37 
43 84 
43 121 
43 162 
43 73 
43 142 
43 34 
43 15 
43 110 
43 7 
43 87 
43 40 
43 149 
43 133 
43 146 
43 116 
43 119 
43 145 
43 114 
43 60 
43 165 
43 164 
43 9 
43 83 
44 30 
44 98 
44 160 
44 85 
44 25 
44 20 
44 121 
44 2 
44 95 
44 71 
44 27 
44 18 
44 10 
44 130 
44 114 
44 110 
44 136 
44 106 
44 84 
44 74 
44 16 
44 3 
44 141 
44 108 
44 66 
44 32 
44 125 
44 57 
44 41 
44 80 
45 91 
45 98 
45 13 
45 3 
45 134 
45 31 
45 10 
45 165 
45 36 
45 33 
45 164 
45 79 
45 96 
45 112 
45 76 
45 77 
45 93 
45 149 
45 67 
45 157 
45 34 
45 17 
45 144 
45 51 
45 35 
45 6 
45 102 
45 100 
45 78 
45 50 
45 71 
45 159 
45 4 
45 103 
45 161 
45 64 
46 6 
46 26 
46 82 
46 77 
46 58 
46 153 
46 20 
46 67 
46 8 
46 70 
46 117 
46 92 
46 133 
46 9 
46 50 
46 3 
46 130 
46 68 
46 86 
46 143 
46 84 
46 10 
46 142 
46 97 
46 12 
46 125 
46 164 
47 128 
47 72 
47 151 
47 21 
47 155 
47 154 
47 131 
47 100 
47 58 
47 22 
47 158 
47 76 
47 20 
47 125 
47 59 
47 105 
47 35 
47 42 
47 7 
47 4 
47 88 
47 74 
47 152 
47 96 
47 16 
47 32 
47 41 
47 157 
47 97 
47 64 
48 152 
48 10 
48 11 
48 130 
48 31 
48 8 
48 100 
48 94 
48 164 
48 4 
48 0 
48 147 
48 63 
48 154 
48 116 
48 6 
48 95 
48 57 
48 125 
48 40 
48 135 
48 52 
48 90 
48 37 
48 137 
48 82 
48 54 
48 14 
48 35 
48 126 
48 58 
48 67 
48 129 
49 2 
49 84 
49 109 
49 26 
49 127 
49 133 
49 5 
49 125 
49 139 
49 90 
49 69 
49 42 
49 72 
49 28 
49 164 
49 33 
49 22 
49 30 
49 80 
49 108 
49 129 
49 78 
49 38 
49 52 
49 32 
49 118 
49 8 
49 111 
49 122 
50 109 
50 54 
50 87 
50 43 
50 63 
50 80 
50 62 
50 101 
50 51 
50 138 
50 151 
50 126 
50 164 
50 17 
50 135 
50 124 
50 46 
50 156 
50 2 
50 32 
50 30 
50 146 
50 14 
50 116 
50 11 
50 84 
50 45 
50 8 
50 113 
50 74 
51 85 
51 160 
51 5 
51 162 
51 135 
51 28 
51 164 
51 121 
51 29 
51 98 
51 50 
51 150 
51 73 
51 132 
51 102 
51 92 
51 107 
51 86 
51 14 
51 124 
51 111 
51 17 
51 109 
51 97 
51 3 
51 101 
51 21 
51 142 
51 77 
51 88 
51 45 
51 95 
51 32 
51 155 
51 33 
51 74 
51 6 
51 145 
51 25 
52 78 
52 65 
52 88 
52 37 
52 17 
52 159 
52 59 
52 30 
52 99 
52 108 
52 60 
52 165 
52 153 
52 121 
52 96 
52 39 
52 111 
52 148 
52 134 
52 48 
52 100 
52 137 
52 69 
52 7 
52 40 
52 26 
52 117 
52 49 
52 68 
52 34 
52 119 
52 38 
52 36 
53 121 
53 99 
53 61 
53 84 
53 111 
53 130 
53 81 
53 32 
53 14 
53 7 
53 154 
53 122 
53 123 
53 100 
53 77 
53 2 
53 147 
53 112 
53 135 
53 162 
53 15 
53 56 
53 21 
53 70 
53 79 
53 19 
53 12 
53 153 
53 59 
54 5 
54 50 
54 89 
54 146 
54 126 
54 14 
54 106 
54 125 
54 59 
54 118 
54 63 
54 83 
54 120 
54 10 
54 76 
54 94 
54 80 
54 161 
54 42 
54 40 
54 163 
54 165 
54 48 
54 132 
54 130 
54 123 
54 103 
54 78 
54 75 
54 138 
55 36 
55 75 
55 113 
55 10 
55 12 
55 92 
55 6 
55 110 
55 40 
55 68 
55 119 
55 114 
55 147 
55 26 
55 100 
55 4 
55 63 
55 22 
55 14 
55 129 
55 13 
55 130 
55 98 
55 144 
55 35 
55 105 
55 118 
55 84 
55 81 
55 80 
55 37 
55 125 
55 83 
55 101 
55 60 
55 39 
55 164 
56 144 
56 141 
56 137 
56 59 
56 64 
56 159 
56 100 
56 4 
56 25 
56 17 
56 24 
56 111 
56 119 
56 161 
56 131 
56 89 
56 107 
56 152 
56 53 
56 69 
56 60 
56 135 
56 31 
56 164 
56 28 
56 72 
56 39 
56 2 
57 109 
57 0 
57 111 
57 84 
57 85 
57 158 
57 129 
57 28 
57 107 
57 122 
57 152 
57 3 
57 113 
57 99 
57 135 
57 146 
57 142 
57 80 
57 89 
57 48 
57 143 
57 155 
57 165 
57 10 
57 125 
57 130 
57 5 
57 81 
57 110 
57 91 
57 44 
57 160 
57 161 
57 112 
57 17 
58 92 
58 69 
58 73 
58 27 
58 47 
58 1 
58 46 
58 124 
58 96 
58 145 
58 105 
58 151 
58 14 
58 70 
58 127 
58 139 
58 9 
58 34 
58 158 
58 129 
58 8 
58 7 
58 80 
58 108 
58 95 
58 66 
58 48 
58 29 
58 148 
58 113 
58 82 
59 76 
59 100 
59 0 
59 2 
59 89 
59 56 
59 161 
59 52 
59 36 
59 54 
59 96 
59 24 
59 47 
59 109 
59 87 
59 62 
59 63 
59 135 
59 126 
59 160 
59 144 
59 13 
59 9 
59 99 
59 38 
59 155 
59 136 
59 25 
59 131 
59 122 
59 73 
59 42 
59 118 
59 94 
59 114 
59 10 
59 68 
59 15 
59 117 
59 53 
59 65 
60 126 
60 29 
60 138 
60 75 
60 14 
60 139 
60 102 
60 52 
60 34 
60 129 
60 80 
60 101 
60 136 
60 84 
60 160 
60 28 
60 151 
60 120 
60 159 
60 116 
60 0 
60 165 
60 94 
60 161 
60 56 
60 18 
60 11 
60 32 
60 98 
60 12 
60 9 
60 10 
60 132 
60 43 
60 19 
60 55 
60 104 
61 93 
61 53 
61 156 
61 121 
61 136 
61 14 
61 130 
61 81 
61 142 
61 109 
61 65 
61 67 
61 26 
61 98 
61 79 
61 1 
61 99 
61 5 
61 6 
61 66 
61 25 
61 137 
61 104 
61 15 
61 72 
61 107 
62 162 
62 79 
62 91 
62 138 
62 50 
62 129 
62 146 
62 155 
62 93 
62 4 
62 126 
62 105 
62 59 
62 121 
62 41 
62 87 
62 29 
62 73 
62 160 
62 120 
62 68 
62 165 
62 109 
62 124 
62 21 
62 82 
62 149 
62 39 
62 103 
62 111 
62 77 
62 9 
62 140 
62 27 
62 16 
62 122 
62 133 
63 137 
63 154 
63 120 
63 96 
63 88 
63 50 
63 163 
63 10 
63 138 
63 26 
63 128 
63 23 
63 89 
63 55 
63 54 
63 48 
63 92 
63 71 
63 59 
63 97 
63 123 
63 72 
63 145 
63 73 
63 136 
63 30 
63 16 
63 162 
63 93 
63 31 
63 152 
63 33 
63 159 
64 160 
64 56 
64 102 
64 103 
64 43 
64 141 
64 94 
64 21 
64 84 
64 148 
64 83 
64 142 
64 80 
64 10 
64 99 
64 29 
64 100 
64 85 
64 127 
64 73 
64 130 
64 76 
64 156 
64 47 
64 45 
64 66 
65 52 
65 161 
65 130 
65 105 
65 101 
65 151 
65 154 
65 112 
65 102 
65 134 
65 61 
65 5 
65 137 
65 40 
65 155 
65 156 
65 23 
65 94 
65 13 
65 129 
65 106 
65 22 
65 1 
65 160 
65 136 
65 128 
65 34 
65 117 
65 59 
66 43 
66 100 
66 110 
66 135 
66 17 
66 137 
66 23 
66 41 
66 151 
66 75 
66 109 
66 76 
66 34 
66 13 
66 61 
66 12 
66 29 
66 146 
66 120 
66 27 
66 108 
66 36 
66 126 
66 18 
66 164 
66 44 
66 4 
66 148 
66 130 
66 116 
66 81 
66 58 
66 26 
66 152 
66 134 
66 77 
66 78 
66 64 
66 131 
67 21 
67 15 
67 163 
67 7 
67 90 
67 118 
67 18 
67 46 
67 20 
67 81 
67 61 
67 110 
67 162 
67 87 
67 1 
67 45 
67 108 
67 4 
67 102 
67 77 
67 96 
67 10 
67 159 
67 92 
67 75 
67 85 
67 154 
67 48 
67 114 
68 38 
68 126 
68 101 
68 151 
68 137 
68 98 
68 55 
68 96 
68 5 
68 91 
68 36 
68 118 
68 78 
68 110 
68 20 
68 134 
68 12 
68 159 
68 21 
68 135 
68 117 
68 29 
68 74 
68 62 
68 32 
68 145 
68 46 
68 23 
68 146 
68 71 
68 153 
68 52 
68 119 
68 59 
68 139 
69 124 
69 2 
69 58 
69 125 
69 19 
69 99 
69 138 
69 13 
69 71 
69 127 
69 0 
69 31 
69 140 
69 90 
69 143 
69 135 
69 20 
69 49 
69 162 
69 126 
69 164 
69 161 
69 14 
69 81 
69 129 
69 25 
69 41 
69 1 
69 88 
69 52 
69 152 
69 133 
69 7 
69 56 
69 16 
69 137 
69 98 
69 89 
69 103 
70 143 
70 3 
70 121 
70 146 
70 76 
70 23 
70 90 
70 149 
70 9 
70 84 
70 152 
70 99 
70 119 
70 25 
70 75 
70 46 
70 58 
70 79 
70 34 
70 95 
70 4 
70 24 
70 53 
70 104 
70 130 
70 162 
70 27 
70 98 
70 124 
70 163 
70 155 
71 148 
71 149 
71 3 
71 133 
71 130 
71 109 
71 20 
71 76 
71 69 
71 44 
71 38 
71 13 
71 98 
71 19 
71 40 
71 79 
71 75 
71 151 
71 22 
71 97 
71 63 
71 116 
71 23 
71 24 
71 84 
71 7 
71 108 
71 91 
71 28 
71 152 
71 101 
71 39 
71 68 
71 25 
71 80 
71 120 
71 143 
71 45 
71 14 
72 47 
72 108 
72 123 
72 121 
72 113 
72 19 
72 80 
72 119 
72 6 
72 133 
72 21 
72 130 
72 116 
72 49 
72 160 
72 63 
72 24 
72 139 
72 145 
72 101 
72 35 
72 117 
72 126 
72 0 
72 40 
72 12 
72 27 
72 90 
72 61 
72 56 
72 118 
73 21 
73 95 
73 11 
73 128 
73 58 
73 7 
73 40 
73 105 
73 75 
73 51 
73 24 
73 43 
73 153 
73 107 
73 133 
73 93 
73 14 
73 98 
73 30 
73 63 
73 83 
73 62 
73 132 
73 162 
73 129 
73 59 
73 64 
73 100 
73 9 
73 164 
73 97 
74 91 
74 155 
74 124 
74 161 
74 10 
74 31 
74 88 
74 83 
74 41 
74 82 
74 8 
74 42 
74 159 
74 133 
74 18 
74 38 
74 16 
74 107 
74 44 
74 47 
74 3 
74 12 
74 0 
74 68 
74 165 
74 81 
74 110 
74 104 
74 114 
74 13 
74 51 
74 146 
74 11 
74 80 
74 50 
75 55 
75 7 
75 36 
75 60 
75 163 
75 153 
75 89 
75 78 
75 113 
75 82 
75 73 
75 100 
75 71 
75 8 
75 70 
75 24 
75 94 
75 66 
75 95 
75 42 
75 128 
75 147 
75 31 
75 165 
75 5 
75 80 
75 158 
75 67 
75 131 
75 127 
75 54 
75 21 
75 157 
75 26 
76 59 
76 153 
76 34 
76 70 
76 18 
76 133 
76 118 
76 71 
76 98 
76 47 
76 120 
76 45 
76 154 
76 10 
76 66 
76 54 
76 100 
76 84 
76 107 
76 32 
76 121 
76 27 
76 144 
76 123 
76 90 
76 80 
76 13 
76 22 
76 165 
76 24 
76 64 
76 41 
76 38 
76 40 
76 104 
76 31 
77 119 
77 116 
77 108 
77 23 
77 34 
77 114 
77 46 
77 2 
77 45 
77 160 
77 138 
77 126 
77 10 
77 0 
77 128 
77 87 
77 53 
77 95 
77 67 
77 13 
77 90 
77 51 
77 155 
77 26 
77 62 
77 41 
77 32 
77 78 
77 163 
77 66 
78 163 
78 52 
78 28 
78 154 
78 39 
78 75 
78 107 
78 110 
78 22 
78 117 
78 115 
78 29 
78 103 
78 1 
78 162 
78 68 
78 153 
78 31 
78 135 
78 13 
78 101 
78 108 
78 34 
78 125 
78 49 
78 99 
78 86 
78 32 
78 45 
78 54 
78 77 
78 89 
78 131 
78 66 
79 98 
79 31 
79 37 
79 62 
79 133 
79 140 
79 97 
79 151 
79 25 
79 157 
79 152 
79 45 
79 71 
79 113 
79 135 
79 145 
79 7 
79 70 
79 29 
79 16 
79 61 
79 136 
79 155 
79 117 
79 95 
79 85 
79 86 
79 19 
79 105 
79 53 
79 26 
79 14 
79 149 
79 91 
79 125 
79 132 
79 147 
79 17 
80 14 
80 106 
80 36 
80 22 
80 50 
80 72 
80 159 
80 161 
80 122 
80 102 
80 24 
80 60 
80 132 
80 116 
80 99 
80 57 
80 54 
80 141 
80 11 
80 26 
80 90 
80 126 
80 144 
80 49 
80 64 
80 29 
80 96 
80 58 
80 7 
80 75 
80 76 
80 55 
80 71 
80 82 
80 142 
80 40 
80 74 
80 44 
80 83 
81 153 
81 26 
81 19 
81 61 
81 142 
81 115 
81 111 
81 151 
81 53 
81 17 
81 27 
81 67 
81 105 
81 120 
81 147 
81 18 
81 69 
81 138 
81 133 
81 119 
81 117 
81 141 
81 55 
81 38 
81 127 
81 74 
81 57 
81 3 
81 32 
81 66 
81 104 
82 46 
82 151 
82 116 
82 106 
82 11 
82 4 
82 75 
82 98 
82 74 
82 3 
82 104 
82 22 
82 134 
82 34 
82 1 
82 21 
82 6 
82 37 
82 109 
82 133 
82 120 
82 27 
82 132 
82 110 
82 111 
82 41 
82 48 
82 115 
82 62 
82 123 
82 121 
82 138 
82 80 
82 18 
82 58 
83 129 
83 145 
83 101 
83 26 
83 139 
83 111 
83 74 
83 148 
83 106 
83 54 
83 4 
83 12 
83 84 
83 73 
83 64 
83 104 
83 153 
83 114 
83 150 
83 140 
83 20 
83 122 
83 123 
83 121 
83 163 
83 55 
83 97 
83 96 
83 35 
83 43 
83 80 
84 114 
84 49 
84 57 
84 53 
84 32 
84 115 
84 70 
84 134 
84 31 
84 142 
84 43 
84 16 
84 60 
84 64 
84 44 
84 76 
84 83 
84 103 
84 71 
84 55 
84 106 
84 151 
84 141 
84 20 
84 156 
84 46 
84 38 
84 109 
84 50 
84 160 
84 119 
84 121 
84 102 
85 51 
85 141 
85 165 
85 44 
85 57 
85 24 
85 40 
85 162 
85 126 
85 8 
85 94 
85 20 
85 91 
85 19 
85 92 
85 129 
85 14 
85 142 
85 93 
85 79 
85 16 
85 64 
85 114 
85 135 
85 127 
85 10 
85 67 
85 103 
85 17 
86 7 
86 107 
86 124 
86 39 
86 129 
86 33 
86 92 
86 51 
86 148 
86 102 
86 90 
86 32 
86 27 
86 5 
86 11 
86 79 
86 46 
86 78 
86 123 
86 114 
86 42 
86 36 
87 146 
87 130 
87 97 
87 50 
87 106 
87 14 
87 128 
87 1 
87 150 
87 133 
87 38 
87 117 
87 161 
87 59 
87 110 
87 67 
87 27 
87 62 
87 95 
87 43 
87 77 
87 107 
87 89 
87 20 
87 93 
87 140 
87 156 
87 101 
88 52 
88 33 
88 116 
88 41 
88 144 
88 20 
88 63 
88 29 
88 96 
88 74 
88 5 
88 124 
88 137 
88 91 
88 115 
88 4 
88 47 
88 13 
88 150 
88 35 
88 69 
88 136 
88 51 
88 15 
88 7 
88 145 
88 30 
88 125 
88 146 
88 155 
89 54 
89 100 
89 75 
89 59 
89 43 
89 33 
89 138 
89 63 
89 110 
89 2 
89 133 
89 134 
89 102 
89 159 
89 91 
89 34 
89 57 
89 148 
89 56 
89 129 
89 87 
89 29 
89 152 
89 69 
89 0 
89 121 
89 78 
89 11 
90 6 
90 125 
90 135 
90 154 
90 115 
90 70 
90 28 
90 67 
90 156 
90 142 
90 69 
90 49 
90 26 
90 163 
90 92 
90 86 
90 4 
90 157 
90 5 
90 80 
90 36 
90 15 
90 48 
90 77 
90 29 
90 76 
90 0 
90 18 
90 25 
90 150 
90 7 
90 124 
90 72 
91 14 
91 74 
91 45 
91 16 
91 119 
91 30 
91 129 
91 162 
91 130 
91 123 
91 62 
91 165 
91 118 
91 11 
91 107 
91 159 
91 27 
91 142 
91 85 
91 68 
91 4 
91 128 
91 88 
91 21 
91 89 
91 38 
91 71 
91 117 
91 104 
91 150 
91 141 
91 108 
91 157 
91 79 
91 57 
91 133 
92 58 
92 55 
92 36 
92 113 
92 27 
92 128 
92 10 
92 51 
92 8 
92 95 
92 86 
92 90 
92 17 
92 63 
92 99 
92 46 
92 85 
92 145 
92 6 
92 14 
92 153 
92 67 
92 42 
92 116 
92 107 
92 129 
92 16 
92 105 
93 35 
93 161 
93 119 
93 96 
93 61 
93 23 
93 6 
93 14 
93 149 
93 132 
93 13 
93 165 
93 109 
93 134 
93 62 
93 21 
93 111 
93 103 
93 45 
93 162 
93 156 
93 73 
93 85 
93 63 
93 87 
93 16 
93 143 
93 136 
93 137 
93 42 
94 165 
94 152 
94 110 
94 116 
94 42 
94 22 
94 48 
94 127 
94 108 
94 155 
94 64 
94 162 
94 85 
94 98 
94 75 
94 33 
94 54 
94 122 
94 101 
94 28 
94 117 
94 142 
94 2 
94 65 
94 60 
94 105 
94 59 
94 26 
95 131 
95 73 
95 16 
95 44 
95 116 
95 99 
95 5 
95 92 
95 6 
95 133 
95 100 
95 75 
95 48 
95 87 
95 15 
95 161 
95 70 
95 77 
95 98 
95 79 
95 51 
95 157 
95 4 
95 32 
95 24 
95 58 
95 40 
95 11 
95 20 
95 129 
96 8 
96 93 
96 108 
96 63 
96 129 
96 25 
96 125 
96 88 
96 58 
96 68 
96 109 
96 39 
96 45 
96 98 
96 59 
96 157 
96 127 
96 26 
96 7 
96 52 
96 117 
96 133 
96 17 
96 154 
96 47 
96 80 
96 118 
96 67 
96 0 
96 143 
96 142 
96 156 
96 19 
96 83 
97 122 
97 37 
97 138 
97 34 
97 101 
97 11 
97 87 
97 13 
97 164 
97 79 
97 114 
97 132 
97 161 
97 21 
97 16 
97 71 
97 111 
97 40 
97 63 
97 18 
97 147 
97 51 
97 146 
97 119 
97 99 
97 0 
97 102 
97 157 
97 47 
97 83 
97 26 
97 46 
97 27 
97 73 
98 79 
98 45 
98 44 
98 33 
98 110 
98 161 
98 105 
98 38 
98 68 
98 42 
98 51 
98 76 
98 107 
98 37 
98 82 
98 71 
98 155 
98 96 
98 149 
98 94 
98 61 
98 30 
98 55 
98 158 
98 73 
98 1 
98 10 
98 22 
98 34 
98 99 
98 95 
98 0 
98 60 
98 18 
98 69 
98 32 
98 70 
99 13 
99 3 
99 53 
99 25 
99 120 
99 69 
99 4 
99 52 
99 133 
99 70 
99 95 
99 18 
99 113 
99 57 
99 80 
99 92 
99 17 
99 61 
99 114 
99 0 
99 59 
99 104 
99 64 
99 97 
99 98 
99 150 
99 78 
99 28 
99 132 
99 31 
99 101 
100 140 
100 66 
100 59 
100 32 
100 89 
100 47 
100 48 
100 16 
100 56 
100 116 
100 120 
100 55 
100 75 
100 153 
100 107 
100 23 
100 95 
100 76 
100 4 
100 18 
100 52 
100 53 
100 15 
100 111 
100 125 
100 64 
100 73 
100 45 
100 39 
100 128 
100 165 
100 0 
100 34 
100 155 
101 83 
101 97 
101 121 
101 68 
101 65 
101 129 
101 163 
101 141 
101 19 
101 149 
101 50 
101 142 
101 17 
101 112 
101 158 
101 12 
101 60 
101 136 
101 127 
101 21 
101 94 
101 78 
101 15 
101 51 
101 72 
101 71 
101 1 
101 152 
101 140 
101 27 
101 99 
101 55 
101 87 
101 31 
101 36 
102 4 
102 12 
102 16 
102 28 
102 127 
102 64 
102 60 
102 65 
102 15 
102 23 
102 20 
102 80 
102 51 
102 89 
102 86 
102 33 
102 123 
102 67 
102 24 
102 106 
102 148 
102 21 
102 45 
102 105 
102 97 
102 117 
102 18 
102 84 
103 144 
103 7 
103 41 
103 13 
103 157 
103 112 
103 12 
103 64 
103 114 
103 159 
103 146 
103 10 
103 78 
103 42 
103 119 
103 128 
103 27 
103 93 
103 4 
103 18 
103 24 
103 113 
103 84 
103 31 
103 16 
103 155 
103 127 
103 38 
103 118 
103 54 
103 123 
103 62 
103 121 
103 141 
103 45 
103 69 
103 85 
104 3 
104 154 
104 125 
104 24 
104 112 
104 37 
104 82 
104 153 
104 133 
104 0 
104 143 
104 83 
104 130 
104 99 
104 132 
104 91 
104 74 
104 25 
104 127 
104 144 
104 61 
104 70 
104 76 
104 60 
104 81 
105 162 
105 37 
105 98 
105 155 
105 65 
105 115 
105 130 
105 15 
105 157 
105 19 
105 73 
105 43 
105 58 
105 106 
105 81 
105 62 
105 47 
105 125 
105 138 
105 7 
105 163 
105 4 
105 55 
105 2 
105 94 
105 79 
105 102 
105 143 
105 116 
105 22 
105 128 
105 109 
105 141 
105 114 
105 158 
105 122 
105 92 
106 11 
106 80 
106 21 
106 127 
106 128 
106 87 
106 36 
106 82 
106 54 
106 15 
106 147 
106 83 
106 105 
106 117 
106 34 
106 133 
106 28 
106 44 
106 132 
106 121 
106 113 
106 84 
106 102 
106 115 
106 65 
106 150 
106 123 
106 129 
107 4 
107 132 
107 86 
107 42 
107 11 
107 57 
107 26 
107 163 
107 114 
107 78 
107 98 
107 142 
107 91 
107 51 
107 135 
107 100 
107 158 
107 157 
107 73 
107 74 
107 76 
107 22 
107 87 
107 139 
107 56 
107 17 
107 12 
107 140 
107 126 
107 92 
107 37 
107 61 
107 5 
108 72 
108 96 
108 5 
108 132 
108 77 
108 124 
108 94 
108 154 
108 36 
108 52 
108 113 
108 23 
108 135 
108 150 
108 130 
108 146 
108 27 
108 144 
108 1 
108 134 
108 67 
108 78 
108 71 
108 49 
108 66 
108 128 
108 58 
108 91 
108 44 
108 115 
109 50 
109 57 
109 154 
109 71 
109 49 
109 123 
109 43 
109 111 
109 93 
109 129 
109 21 
109 96 
109 126 
109 61 
109 163 
109 29 
109 25 
109 36 
109 16 
109 59 
109 34 
109 4 
109 119 
109 66 
109 27 
109 139 
109 51 
109 33 
109 28 
109 82 
109 62 
109 127 
109 122 
109 84 
109 110 
109 117 
109 105 
109 160 
110 138 
110 42 
110 94 
110 98 
110 55 
110 164 
110 66 
110 14 
110 78 
110 127 
110 89 
110 44 
110 67 
110 27 
110 68 
110 87 
110 41 
110 43 
110 162 
110 25 
110 134 
110 23 
110 5 
110 136 
110 123 
110 131 
110 165 
110 3 
110 74 
110 18 
110 82 
110 143 
110 29 
110 57 
110 109 
110 10 
111 57 
111 145 
111 53 
111 16 
111 83 
111 137 
111 135 
111 109 
111 81 
111 153 
111 154 
111 133 
111 148 
111 93 
111 97 
111 164 
111 56 
111 144 
111 39 
111 52 
111 140 
111 51 
111 161 
111 100 
111 115 
111 82 
111 156 
111 14 
111 62 
111 49 
112 127 
112 17 
112 156 
112 103 
112 65 
112 31 
112 155 
112 101 
112 138 
112 16 
112 39 
112 45 
112 104 
112 34 
112 117 
112 119 
112 120 
112 153 
112 137 
112 21 
112 53 
112 42 
112 158 
112 41 
112 162 
112 37 
112 125 
112 57 
113 37 
113 55 
113 92 
113 42 
113 128 
113 129 
113 72 
113 75 
113 108 
113 9 
113 33 
113 79 
113 99 
113 57 
113 120 
113 0 
113 103 
113 27 
113 106 
113 119 
113 114 
113 29 
113 11 
113 7 
113 34 
113 25 
113 21 
113 39 
113 115 
113 50 
113 58 
113 126 
113 131 
114 39 
114 84 
114 131 
114 97 
114 154 
114 77 
114 13 
114 115 
114 19 
114 107 
114 14 
114 55 
114 158 
114 103 
114 15 
114 44 
114 28 
114 31 
114 162 
114 20 
114 99 
114 30 
114 134 
114 113 
114 129 
114 83 
114 74 
114 85 
114 10 
114 86 
114 42 
114 59 
114 43 
114 105 
114 67 
115 37 
115 90 
115 105 
115 14 
115 15 
115 84 
115 149 
115 114 
115 81 
115 27 
115 135 
115 78 
115 26 
115 23 
115 128 
115 88 
115 24 
115 158 
115 111 
115 106 
115 82 
115 121 
115 21 
115 28 
115 108 
115 146 
115 113 
115 123 
115 122 
115 0 
115 8 
115 136 
116 11 
116 77 
116 88 
116 125 
116 37 
116 8 
116 121 
116 155 
116 94 
116 27 
116 82 
116 100 
116 95 
116 136 
116 80 
116 140 
116 129 
116 48 
116 152 
116 72 
116 71 
116 122 
116 31 
116 60 
116 43 
116 50 
116 9 
116 137 
116 21 
116 66 
116 105 
116 92 
117 163 
117 28 
117 155 
117 78 
117 127 
117 106 
117 122 
117 18 
117 87 
117 137 
117 46 
117 96 
117 112 
117 94 
117 21 
117 68 
117 81 
117 91 
117 4 
117 151 
117 79 
117 11 
117 125 
117 72 
117 52 
117 102 
117 35 
117 165 
117 0 
117 38 
117 109 
117 65 
117 59 
117 141 
118 15 
118 141 
118 162 
118 163 
118 156 
118 161 
118 36 
118 76 
118 67 
118 91 
118 54 
118 41 
118 144 
118 153 
118 127 
118 68 
118 154 
118 3 
118 150 
118 121 
118 2 
118 55 
118 96 
118 135 
118 28 
118 0 
118 103 
118 27 
118 59 
118 1 
118 40 
118 140 
118 8 
118 49 
118 145 
118 72 
119 77 
119 93 
119 91 
119 24 
119 121 
119 124 
119 39 
119 148 
119 135 
119 55 
119 156 
119 128 
119 72 
119 70 
119 36 
119 103 
119 127 
119 158 
119 145 
119 109 
119 56 
119 14 
119 159 
119 112 
119 149 
119 32 
119 81 
119 41 
119 113 
119 142 
119 97 
119 123 
119 43 
119 16 
119 52 
119 84 
119 68 
119 162 
120 128 
120 99 
120 63 
120 30 
120 125 
120 9 
120 100 
120 135 
120 76 
120 137 
120 38 
120 81 
120 54 
120 150 
120 113 
120 60 
120 112 
120 8 
120 62 
120 5 
120 66 
120 29 
120 2 
120 82 
120 124 
120 147 
120 71 
120 151 
120 145 
120 122 
120 130 
121 53 
121 70 
121 154 
121 101 
121 61 
121 119 
121 44 
121 116 
121 164 
121 158 
121 127 
121 72 
121 33 
121 39 
121 51 
121 4 
121 145 
121 26 
121 17 
121 151 
121 43 
121 52 
121 62 
121 9 
121 25 
121 40 
121 157 
121 106 
121 118 
121 36 
121 76 
121 130 
121 115 
121 34 
121 82 
121 83 
121 103 
121 89 
121 84 
121 7 
121 149 
121 29 
122 97 
122 42 
122 14 
122 146 
122 18 
122 35 
122 34 
122 132 
122 144 
122 80 
122 57 
122 21 
122 117 
122 123 
122 158 
122 53 
122 116 
122 155 
122 150 
122 94 
122 36 
122 148 
122 109 
122 59 
122 83 
122 3 
122 120 
122 9 
122 62 
122 105 
122 115 
122 49 
123 19 
123 39 
123 37 
123 72 
123 157 
123 91 
123 136 
123 133 
123 109 
123 34 
123 22 
123 122 
123 38 
123 128 
123 126 
123 102 
123 15 
123 63 
123 156 
123 53 
123 149 
123 161 
123 8 
123 110 
123 143 
123 76 
123 119 
123 106 
123 82 
123 54 
123 103 
123 7 
123 83 
123 86 
123 145 
123 115 
123 36 
123 27 
124 69 
124 128 
124 74 
124 86 
124 119 
124 129 
124 160 
124 108 
124 33 
124 58 
124 148 
124 139 
124 137 
124 88 
124 22 
124 142 
124 27 
124 159 
124 155 
124 51 
124 50 
124 165 
124 62 
124 42 
124 34 
124 120 
124 16 
124 35 
124 10 
124 90 
124 70 
124 14 
124 143 
125 90 
125 69 
125 116 
125 104 
125 157 
125 96 
125 120 
125 54 
125 34 
125 49 
125 47 
125 6 
125 105 
125 26 
125 161 
125 48 
125 2 
125 57 
125 78 
125 117 
125 100 
125 21 
125 19 
125 142 
125 13 
125 112 
125 44 
125 79 
125 27 
125 88 
125 55 
125 46 
125 9 
125 31 
126 60 
126 149 
126 9 
126 153 
126 142 
126 68 
126 54 
126 28 
126 85 
126 109 
126 131 
126 62 
126 50 
126 69 
126 151 
126 123 
126 59 
126 77 
126 5 
126 10 
126 80 
126 27 
126 163 
126 134 
126 25 
126 66 
126 72 
126 22 
126 107 
126 48 
126 113 
126 145 
127 112 
127 106 
127 102 
127 49 
127 121 
127 22 
127 156 
127 69 
127 94 
127 135 
127 110 
127 117 
127 14 
127 4 
127 19 
127 118 
127 96 
127 145 
127 119 
127 5 
127 6 
127 101 
127 58 
127 32 
127 81 
127 103 
127 132 
127 109 
127 104 
127 64 
127 85 
127 147 
127 13 
127 27 
127 75 
128 47 
128 159 
128 120 
128 124 
128 73 
128 147 
128 113 
128 106 
128 152 
128 92 
128 63 
128 87 
128 1 
128 133 
128 119 
128 32 
128 103 
128 7 
128 115 
128 91 
128 123 
128 75 
128 151 
128 77 
128 35 
128 141 
128 140 
128 108 
128 100 
128 17 
128 65 
128 18 
128 105 
129 149 
129 145 
129 83 
129 96 
129 113 
129 101 
129 91 
129 57 
129 42 
129 124 
129 22 
129 62 
129 109 
129 86 
129 60 
129 11 
129 24 
129 116 
129 55 
129 27 
129 69 
129 85 
129 139 
129 162 
129 21 
129 89 
129 164 
129 58 
129 49 
129 65 
129 158 
129 154 
129 114 
129 131 
129 73 
129 106 
129 161 
129 36 
129 9 
129 95 
129 92 
129 5 
129 48 
130 87 
130 71 
130 48 
130 65 
130 105 
130 53 
130 91 
130 140 
130 61 
130 44 
130 144 
130 23 
130 30 
130 72 
130 108 
130 55 
130 14 
130 16 
130 0 
130 104 
130 57 
130 46 
130 156 
130 146 
130 9 
130 121 
130 54 
130 2 
130 66 
130 7 
130 64 
130 70 
130 41 
130 28 
130 161 
130 120 
131 4 
131 95 
131 114 
131 143 
131 47 
131 21 
131 157 
131 2 
131 126 
131 16 
131 39 
131 29 
131 33 
131 6 
131 41 
131 148 
131 152 
131 136 
131 17 
131 25 
131 56 
131 34 
131 154 
131 7 
131 110 
131 129 
131 59 
131 0 
131 8 
131 36 
131 141 
131 75 
131 133 
131 9 
131 78 
131 142 
131 66 
131 113 
132 107 
132 41 
132 108 
132 152 
132 21 
132 9 
132 145 
132 29 
132 93 
132 122 
132 5 
132 162 
132 97 
132 51 
132 28 
132 3 
132 80 
132 141 
132 25 
132 14 
132 2 
132 106 
132 139 
132 73 
132 34 
132 104 
132 82 
132 127 
132 54 
132 99 
132 10 
132 60 
132 79 
132 164 
133 154 
133 71 
133 41 
133 79 
133 155 
133 6 
133 76 
133 29 
133 42 
133 123 
133 30 
133 49 
133 26 
133 99 
133 128 
133 87 
133 72 
133 106 
133 111 
133 89 
133 95 
133 74 
133 135 
133 46 
133 73 
133 104 
133 96 
133 21 
133 81 
133 40 
133 156 
133 43 
133 69 
133 8 
133 82 
133 25 
133 131 
133 2 
133 91 
133 149 
133 4 
133 32 
133 62 
134 141 
134 160 
134 45 
134 84 
134 65 
134 93 
134 143 
134 9 
134 3 
134 89 
134 82 
134 68 
134 139 
134 52 
134 108 
134 110 
134 114 
134 40 
134 21 
134 23 
134 14 
134 126 
134 22 
134 12 
134 161 
134 37 
134 38 
134 66 
135 90 
135 51 
135 43 
135 66 
135 119 
135 111 
135 127 
135 120 
135 141 
135 115 
135 108 
135 69 
135 79 
135 107 
135 57 
135 12 
135 133 
135 78 
135 59 
135 50 
135 7 
135 161 
135 48 
135 68 
135 53 
135 118 
135 56 
135 4 
135 85 
135 10 
135 2 
135 31 
135 149 
135 40 
135 29 
136 159 
136 141 
136 61 
136 123 
136 149 
136 36 
136 39 
136 6 
136 116 
136 146 
136 60 
136 44 
136 101 
136 157 
136 79 
136 131 
136 63 
136 144 
136 88 
136 110 
136 38 
136 8 
136 59 
136 5 
136 65 
136 153 
136 23 
136 93 
136 115 
137 63 
137 28 
137 157 
137 19 
137 56 
137 68 
137 111 
137 39 
137 66 
137 124 
137 38 
137 120 
137 139 
137 88 
137 65 
137 117 
137 153 
137 14 
137 11 
137 162 
137 141 
137 35 
137 18 
137 52 
137 40 
137 112 
137 25 
137 61 
137 36 
137 48 
137 156 
137 116 
137 69 
137 145 
137 93 
138 110 
138 60 
138 146 
138 97 
138 69 
138 62 
138 148 
138 153 
138 63 
138 89 
138 112 
138 50 
138 165 
138 33 
138 145 
138 15 
138 37 
138 159 
138 161 
138 105 
138 77 
138 147 
138 81 
138 156 
138 163 
138 82 
138 151 
138 1 
138 54 
138 41 
139 10 
139 13 
139 83 
139 20 
139 60 
139 141 
139 24 
139 143 
139 124 
139 49 
139 137 
139 154 
139 14 
139 134 
139 26 
139 142 
139 129 
139 109 
139 162 
139 58 
139 132 
139 72 
139 31 
139 107 
139 9 
139 159 
139 68 
140 100 
140 43 
140 23 
140 79 
140 149 
140 147 
140 130 
140 69 
140 162 
140 14 
140 29 
140 116 
140 111 
140 27 
140 148 
140 9 
140 128 
140 107 
140 163 
140 83 
140 101 
140 8 
140 158 
140 87 
140 151 
140 150 
140 118 
140 42 
140 10 
140 38 
140 62 
140 24 
140 41 
141 118 
141 21 
141 85 
141 16 
141 18 
141 43 
141 34 
141 134 
141 136 
141 56 
141 139 
141 101 
141 6 
141 64 
141 135 
141 12 
141 32 
141 2 
141 132 
141 137 
141 28 
141 80 
141 24 
141 81 
141 128 
141 19 
141 84 
141 44 
141 91 
141 131 
141 3 
141 103 
141 23 
141 22 
141 165 
141 105 
141 117 
142 12 
142 126 
142 153 
142 155 
142 22 
142 147 
142 20 
142 90 
142 101 
142 35 
142 81 
142 61 
142 107 
142 84 
142 91 
142 124 
142 57 
142 43 
142 10 
142 139 
142 34 
142 64 
142 119 
142 94 
142 85 
142 51 
142 17 
142 161 
142 18 
142 96 
142 125 
142 42 
142 80 
142 46 
142 19 
142 131 
143 162 
143 70 
143 131 
143 3 
143 150 
143 38 
143 139 
143 69 
143 134 
143 25 
143 57 
143 163 
143 21 
143 104 
143 5 
143 164 
143 123 
143 165 
143 96 
143 110 
143 46 
143 148 
143 158 
143 152 
143 71 
143 105 
143 93 
143 6 
143 124 
144 103 
144 56 
144 88 
144 37 
144 152 
144 38 
144 149 
144 147 
144 36 
144 154 
144 122 
144 13 
144 118 
144 130 
144 33 
144 111 
144 108 
144 5 
144 55 
144 165 
144 59 
144 80 
144 136 
144 25 
144 34 
144 76 
144 45 
144 148 
144 150 
144 30 
144 29 
144 104 
144 17 
145 129 
145 83 
145 111 
145 0 
145 132 
145 121 
145 58 
145 164 
145 138 
145 127 
145 79 
145 155 
145 119 
145 63 
145 92 
145 35 
145 72 
145 149 
145 68 
145 32 
145 3 
145 88 
145 43 
145 51 
145 137 
145 123 
145 120 
145 118 
145 126 
146 153 
146 87 
146 138 
146 70 
146 122 
146 54 
146 156 
146 62 
146 103 
146 136 
146 2 
146 57 
146 108 
146 22 
146 97 
146 66 
146 130 
146 43 
146 50 
146 68 
146 33 
146 159 
146 151 
146 160 
146 4 
146 115 
146 74 
146 16 
146 88 
146 164 
146 6 
147 2 
147 128 
147 140 
147 144 
147 142 
147 55 
147 106 
147 32 
147 48 
147 81 
147 152 
147 17 
147 0 
147 75 
147 97 
147 138 
147 156 
147 53 
147 29 
147 11 
147 4 
147 24 
147 120 
147 127 
147 79 
147 3 
148 71 
148 39 
148 119 
148 138 
148 83 
148 124 
148 35 
148 111 
148 157 
148 86 
148 0 
148 64 
148 131 
148 52 
148 89 
148 140 
148 41 
148 102 
148 122 
148 144 
148 19 
148 143 
148 66 
148 58 
149 71 
149 37 
149 129 
149 126 
149 70 
149 144 
149 140 
149 93 
149 1 
149 136 
149 115 
149 101 
149 98 
149 28 
149 3 
149 8 
149 45 
149 123 
149 119 
149 40 
149 43 
149 145 
149 36 
149 20 
149 160 
149 41 
149 62 
149 26 
149 79 
149 133 
149 19 
149 135 
149 10 
149 121 
149 17 
149 25 
150 17 
150 13 
150 143 
150 24 
150 22 
150 51 
150 87 
150 108 
150 156 
150 153 
150 120 
150 20 
150 10 
150 122 
150 118 
150 88 
150 29 
150 159 
150 91 
150 99 
150 9 
150 32 
150 106 
150 144 
150 83 
150 90 
150 140 
151 19 
151 47 
151 21 
151 36 
151 68 
151 65 
151 79 
151 82 
151 16 
151 153 
151 41 
151 81 
151 14 
151 50 
151 71 
151 58 
151 66 
151 121 
151 126 
151 60 
151 128 
151 84 
151 117 
151 146 
151 2 
151 120 
151 140 
151 138 
151 18 
152 48 
152 94 
152 0 
152 30 
152 144 
152 35 
152 160 
152 128 
152 132 
152 19 
152 11 
152 154 
152 70 
152 79 
152 162 
152 21 
152 57 
152 147 
152 164 
152 116 
152 131 
152 153 
152 16 
152 27 
152 69 
152 47 
152 13 
152 56 
152 2 
152 71 
152 25 
152 101 
152 143 
152 63 
152 89 
152 22 
152 34 
152 66 
152 40 
153 146 
153 76 
153 126 
153 36 
153 165 
153 142 
153 5 
153 75 
153 81 
153 138 
153 151 
153 46 
153 154 
153 111 
153 118 
153 157 
153 100 
153 23 
153 9 
153 150 
153 162 
153 52 
153 137 
153 73 
153 164 
153 78 
153 104 
153 152 
153 4 
153 112 
153 83 
153 92 
153 22 
153 68 
153 19 
153 155 
153 6 
153 136 
153 53 
153 11 
154 109 
154 9 
154 20 
154 133 
154 63 
154 78 
154 104 
154 90 
154 47 
154 121 
154 65 
154 114 
154 14 
154 144 
154 152 
154 108 
154 153 
154 22 
154 111 
154 5 
154 76 
154 139 
154 48 
154 53 
154 118 
154 34 
154 96 
154 131 
154 129 
154 29 
154 1 
154 24 
154 27 
154 157 
154 25 
154 39 
154 158 
154 67 
154 15 
155 1 
155 34 
155 47 
155 74 
155 117 
155 133 
155 105 
155 116 
155 142 
155 8 
155 112 
155 94 
155 62 
155 98 
155 159 
155 145 
155 124 
155 20 
155 122 
155 7 
155 57 
155 79 
155 65 
155 103 
155 59 
155 29 
155 77 
155 27 
155 160 
155 51 
155 153 
155 164 
155 14 
155 17 
155 100 
155 70 
155 88 
156 30 
156 118 
156 43 
156 61 
156 112 
156 127 
156 90 
156 146 
156 119 
156 16 
156 159 
156 150 
156 93 
156 123 
156 147 
156 138 
156 29 
156 50 
156 133 
156 65 
156 27 
156 130 
156 111 
156 84 
156 8 
156 6 
156 96 
156 137 
156 12 
156 31 
156 41 
156 64 
156 87 
157 32 
157 103 
157 137 
157 123 
157 125 
157 105 
157 79 
157 131 
157 24 
157 96 
157 153 
157 148 
157 107 
157 90 
157 16 
157 136 
157 121 
157 45 
157 95 
157 30 
157 154 
157 91 
157 47 
157 97 
157 34 
157 75 
158 121 
158 57 
158 47 
158 114 
158 16 
158 101 
158 20 
158 119 
158 107 
158 122 
158 8 
158 98 
158 26 
158 2 
158 27 
158 115 
158 58 
158 129 
158 112 
158 3 
158 75 
158 143 
158 140 
158 154 
158 105 
158 34 
159 30 
159 128 
159 136 
159 52 
159 14 
159 162 
159 56 
159 80 
159 103 
159 91 
159 156 
159 37 
159 35 
159 124 
159 155 
159 74 
159 138 
159 89 
159 31 
159 119 
159 60 
159 68 
159 150 
159 163 
159 67 
159 146 
159 39 
159 22 
159 45 
159 139 
159 63 
160 51 
160 64 
160 44 
160 162 
160 134 
160 152 
160 42 
160 19 
160 124 
160 26 
160 14 
160 36 
160 77 
160 72 
160 33 
160 60 
160 39 
160 38 
160 59 
160 62 
160 25 
160 40 
160 149 
160 155 
160 65 
160 84 
160 146 
160 57 
160 109 
160 32 
161 93 
161 22 
161 65 
161 118 
161 98 
161 35 
161 74 
161 59 
161 80 
161 97 
161 26 
161 23 
161 18 
161 41 
161 87 
161 69 
161 163 
161 138 
161 56 
161 40 
161 125 
161 135 
161 54 
161 111 
161 3 
161 123 
161 95 
161 16 
161 142 
161 60 
161 7 
161 129 
161 130 
161 134 
161 24 
161 45 
161 57 
162 143 
162 118 
162 62 
162 165 
162 160 
162 105 
162 51 
162 159 
162 0 
162 91 
162 132 
162 85 
162 140 
162 152 
162 94 
162 69 
162 43 
162 78 
162 114 
162 153 
162 93 
162 40 
162 137 
162 67 
162 37 
162 139 
162 129 
162 110 
162 18 
162 28 
162 73 
162 53 
162 63 
162 39 
162 112 
162 12 
162 70 
162 29 
162 119 
163 78 
163 117 
163 118 
163 67 
163 75 
163 101 
163 4 
163 20 
163 63 
163 107 
163 109 
163 90 
163 27 
163 161 
163 105 
163 39 
163 143 
163 3 
163 33 
163 126 
163 54 
163 14 
163 159 
163 138 
163 23 
163 140 
163 29 
163 83 
163 77 
163 70 
164 97 
164 121 
164 110 
164 51 
164 18 
164 48 
164 5 
164 45 
164 145 
164 50 
164 25 
164 111 
164 152 
164 29 
164 69 
164 3 
164 153 
164 0 
164 20 
164 49 
164 2 
164 129 
164 143 
164 66 
164 155 
164 56 
164 132 
164 73 
164 43 
164 46 
164 146 
164 55 
165 94 
165 7 
165 162 
165 85 
165 153 
165 45 
165 91 
165 25 
165 93 
165 5 
165 138 
165 52 
165 30 
165 32 
165 12 
165 144 
165 57 
165 124 
165 60 
165 75 
165 110 
165 74 
165 143 
165 62 
165 54 
165 33 
165 76 
165 117 
165 21 
165 100 
165 43 
165 141 
165 34 
