0 25 32 108 209 143 129 86 63 198 186 50 105 176 101 120 231 121 184 5 139 18 16 12 207 187 167 46 211 53 194 159 183 154 233 208 110 80 174 147 29 
1 163 51 64 30 161 225 21 82 185 192 92 165 229 26 133 193 144 101 55 181 22 131 218 136 63 80 170 190 87 231 23 213 73 221 191 219 140 125 167 223 143 32 180 53 84 160 210 226 
2 19 208 139 16 110 63 232 190 177 33 226 77 37 11 32 50 120 93 151 91 169 192 25 131 145 123 47 194 3 108 162 158 214 199 171 87 222 182 148 178 52 204 206 9 152 64 49 211 48 229 183 
3 216 136 96 210 146 10 99 11 166 207 61 49 195 83 232 230 4 39 227 115 176 82 151 141 190 64 58 2 168 179 169 52 6 196 38 67 148 37 134 203 113 19 129 85 107 117 78 119 214 76 
4 195 133 136 235 97 155 46 32 106 18 202 50 146 127 3 45 184 29 167 176 80 138 130 229 234 217 73 49 215 139 113 122 27 177 221 78 92 25 237 94 118 128 107 225 178 180 
5 101 64 156 143 12 17 126 179 55 54 237 102 234 150 232 172 196 225 60 215 11 217 0 58 21 226 16 181 137 171 146 98 208 59 70 153 218 202 79 38 131 20 191 23 99 89 127 236 6 72 49 68 56 123 154 134 176 34 230 
6 135 85 26 43 84 77 17 34 185 142 109 168 171 57 81 54 160 46 66 164 146 215 63 3 25 98 94 69 96 29 5 14 138 93 132 
7 18 55 63 192 210 132 54 140 113 133 77 222 28 45 162 106 80 217 84 219 51 159 62 184 122 89 59 29 212 178 88 216 43 171 176 191 167 101 128 71 41 154 232 9 25 49 187 68 69 87 
8 202 103 56 39 234 171 221 192 137 73 114 177 53 79 182 164 210 160 17 33 222 30 69 168 120 118 51 58 191 237 172 236 157 25 43 105 144 92 128 212 218 113 121 65 29 140 161 61 104 170 169 203 9 78 
9 124 234 167 198 53 195 87 176 225 50 120 119 13 205 202 63 196 112 160 28 22 224 129 42 52 62 201 116 189 104 226 111 188 2 219 11 37 7 121 103 39 143 159 54 8 
10 227 100 231 222 97 177 34 3 18 140 66 92 183 216 237 114 117 121 17 160 214 146 55 109 184 125 30 175 124 54 126 62 178 91 136 211 87 145 80 115 101 142 49 14 134 157 147 76 64 45 28 103 
11 164 36 172 61 55 185 118 71 169 81 203 206 3 2 67 5 200 204 68 132 134 182 87 139 214 219 100 174 63 222 112 114 119 72 128 192 161 28 74 9 16 108 152 142 97 88 
12 55 5 46 207 122 203 124 16 228 112 223 195 31 235 40 198 156 187 0 170 121 84 219 224 20 68 104 180 83 34 119 221 118 108 164 205 226 191 63 140 184 62 97 210 92 
13 110 19 215 170 125 172 127 113 237 167 229 98 47 146 9 164 111 106 171 204 212 174 95 186 209 228 52 62 71 88 210 135 66 116 132 129 108 134 104 24 180 42 85 
14 129 17 202 175 142 194 108 213 55 25 63 41 228 91 153 42 198 48 210 99 236 21 134 186 220 168 179 204 100 75 58 209 184 87 221 127 70 152 124 111 157 136 203 192 10 224 6 77 128 79 191 
15 88 144 160 33 174 167 183 44 155 47 233 222 220 109 100 61 115 218 237 101 123 180 188 65 168 25 92 193 86 66 191 83 153 236 178 105 179 138 163 99 97 96 26 24 131 154 
16 82 195 2 89 65 165 121 12 95 162 205 78 170 140 67 42 137 231 210 146 156 32 72 0 5 90 228 64 39 214 107 37 34 77 29 41 124 68 175 158 204 114 172 52 194 28 92 108 106 11 199 153 36 224 225 97 
17 229 14 5 128 6 40 151 162 152 75 73 67 36 194 182 10 103 8 93 185 48 70 142 99 161 89 23 112 72 27 165 63 102 196 146 164 29 175 41 209 217 26 61 
18 7 165 137 193 180 223 204 130 104 10 136 116 231 4 145 162 67 40 0 217 64 221 205 212 151 147 216 83 111 87 60 234 189 230 96 128 33 74 
19 2 58 13 187 60 46 215 158 63 195 20 29 102 51 28 23 159 191 33 40 109 219 151 160 235 30 128 50 149 155 129 237 3 84 180 206 156 66 73 150 222 
20 228 21 68 65 133 152 51 150 224 48 88 235 183 87 43 176 143 141 19 227 140 84 108 118 28 154 147 37 208 172 23 102 120 12 40 180 184 85 221 56 61 185 192 22 31 5 119 211 107 60 97 222 72 62 34 45 127 178 32 79 58 52 225 149 191 
21 100 32 1 20 99 66 225 128 189 93 163 96 178 234 115 14 77 217 5 138 187 212 126 131 28 210 30 87 179 172 48 47 79 164 58 219 152 65 218 206 86 110 74 230 204 133 35 101 95 228 
22 183 121 233 115 91 124 185 179 88 133 161 52 1 141 49 142 63 226 228 9 57 98 231 128 20 210 167 223 64 176 201 190 178 114 110 70 
23 123 25 217 143 140 225 220 97 39 167 176 152 78 214 64 142 229 181 119 40 207 44 33 19 60 52 20 191 135 1 195 98 46 112 17 113 218 73 105 85 222 114 216 117 110 5 24 202 70 163 58 
24 33 95 48 170 81 172 76 200 211 49 136 53 69 152 167 158 87 175 71 117 130 70 181 151 213 139 26 233 31 42 186 210 100 174 110 222 51 124 142 82 23 192 66 132 148 154 13 122 15 199 207 201 97 
25 23 105 0 48 225 132 177 164 14 127 191 103 113 209 106 215 224 175 2 217 15 157 131 126 216 226 82 110 80 178 58 109 8 149 81 179 220 6 227 200 4 230 188 35 165 236 138 193 7 148 
26 218 230 180 6 63 121 130 68 215 1 52 234 147 214 231 139 142 194 59 106 34 166 125 100 146 41 157 46 24 154 155 135 64 236 80 98 79 181 50 227 207 38 229 90 15 51 224 190 104 17 143 
27 83 80 198 167 107 207 181 236 144 129 158 57 188 117 146 210 65 66 139 217 53 226 211 194 215 140 192 98 17 69 187 4 147 229 73 205 70 234 97 111 
28 72 103 185 193 230 100 140 137 126 207 60 153 187 7 216 159 45 184 226 213 20 9 19 95 21 124 70 121 55 129 75 113 98 35 101 49 167 202 74 16 138 31 11 41 165 91 149 10 182 56 
29 181 216 113 102 233 145 225 165 124 140 148 31 221 105 172 19 46 122 160 129 96 173 135 91 125 195 40 4 60 156 143 174 16 193 236 44 93 80 7 229 57 6 184 41 185 8 36 17 166 218 186 0 
30 1 67 204 219 136 150 177 205 84 157 31 198 90 65 236 100 39 125 115 220 8 226 209 21 48 101 92 10 46 184 169 237 81 194 73 190 19 197 231 201 96 112 232 78 51 183 180 60 118 155 71 148 
31 32 220 140 183 78 199 174 171 200 30 180 29 159 123 133 110 230 12 164 67 62 90 40 100 185 168 162 44 175 170 116 37 66 125 229 132 24 20 58 203 122 154 142 79 34 165 107 28 65 121 111 205 64 72 77 41 
32 21 31 94 0 226 190 150 104 170 83 153 4 36 41 173 108 232 149 227 2 100 40 98 16 48 177 92 136 137 159 126 146 60 118 209 207 196 62 109 72 1 85 20 219 
33 78 24 132 50 105 102 156 15 176 63 120 66 215 2 141 172 83 125 207 8 23 124 70 151 57 201 233 19 216 39 80 123 118 212 73 69 189 191 197 202 142 18 177 54 173 
34 99 138 119 76 6 10 57 203 51 161 219 39 82 35 96 237 202 41 26 150 52 16 48 12 125 153 97 53 31 152 78 63 20 116 190 230 91 79 201 209 118 49 5 
35 149 204 199 134 234 188 180 63 111 144 146 160 191 68 212 131 34 103 192 81 101 162 147 213 220 194 152 228 217 175 203 28 137 214 74 159 107 174 59 235 110 155 21 25 193 78 201 58 70 179 
36 158 202 212 199 11 109 194 233 235 40 49 32 51 156 164 17 185 223 97 135 174 62 124 148 133 128 136 143 85 184 203 89 152 75 104 67 64 222 29 56 16 58 163 54 
37 202 155 117 144 121 120 95 185 86 180 2 214 224 40 82 55 57 20 91 16 75 31 166 188 113 83 204 191 63 119 227 85 236 231 88 3 115 196 156 9 39 205 97 
38 188 202 130 144 109 180 153 212 160 234 146 192 81 206 169 83 49 54 97 154 85 86 52 5 163 227 3 194 56 26 218 197 214 142 96 93 84 
39 58 81 166 158 109 161 220 8 60 63 202 97 23 118 159 192 34 236 185 87 128 170 30 78 120 3 178 16 107 230 167 82 132 33 75 144 157 175 64 207 88 164 98 197 51 217 139 127 37 91 9 
40 59 49 103 130 17 111 227 211 52 210 36 86 200 106 60 71 67 154 37 32 74 12 18 23 153 31 192 183 29 115 187 19 20 158 147 94 84 156 139 90 181 117 204 219 146 176 168 120 177 
41 126 123 178 46 109 194 14 150 115 103 140 32 74 183 186 146 91 42 133 207 151 34 145 87 168 81 164 43 112 99 176 26 93 84 59 89 67 77 180 96 16 49 94 101 227 120 29 61 124 191 60 28 7 175 17 181 152 31 
42 211 142 111 48 183 205 214 191 220 147 14 55 137 194 151 16 41 70 88 95 213 117 68 161 9 53 67 121 58 113 120 171 223 146 116 51 24 112 233 122 235 195 85 119 208 64 129 13 
43 162 228 122 6 138 151 164 88 163 20 119 157 55 202 73 176 180 231 137 214 41 130 47 178 8 172 198 79 170 51 205 234 7 112 92 125 70 54 103 181 136 183 184 196 153 
44 119 131 115 72 59 202 48 124 15 154 149 63 129 138 127 215 137 193 199 23 123 31 122 92 65 113 45 29 140 167 139 190 118 141 110 237 47 133 67 175 196 94 105 112 152 100 
45 140 125 173 133 130 7 143 78 28 176 224 104 202 189 4 52 93 55 86 44 221 91 59 156 152 216 20 61 120 228 171 128 102 10 188 
46 186 211 143 12 217 41 64 117 4 19 226 65 154 190 146 131 197 61 203 207 29 181 63 138 160 220 89 72 94 132 52 30 26 6 23 125 176 0 114 103 224 182 180 234 139 79 202 
47 123 143 103 72 165 13 112 93 68 15 77 211 86 207 102 87 198 169 51 144 104 65 126 73 2 184 21 79 43 120 152 214 44 167 190 109 131 78 173 
48 181 25 24 145 42 61 136 171 154 210 20 44 63 197 123 14 100 32 70 17 157 182 30 93 76 21 234 213 91 34 149 92 72 98 75 96 205 216 175 217 107 150 178 101 151 161 2 104 167 
49 131 40 145 182 212 36 24 200 3 135 196 53 22 118 193 210 123 222 107 72 38 94 190 215 79 4 211 41 28 176 109 97 95 62 227 10 217 5 2 57 51 7 34 
50 212 33 9 88 112 123 176 0 117 4 2 80 200 232 69 67 71 170 141 138 233 219 53 119 114 135 124 144 126 99 19 172 220 85 78 26 197 222 68 145 89 79 160 
51 159 1 72 102 169 69 68 143 89 20 57 152 181 34 192 36 222 121 19 205 47 126 7 151 127 161 8 226 117 42 196 86 43 140 75 202 217 24 30 166 39 198 62 26 49 187 81 
52 170 213 117 97 40 67 26 225 22 190 150 229 130 191 60 195 204 142 45 194 105 162 9 23 13 71 34 46 110 123 146 38 74 69 3 16 2 233 217 106 59 127 136 124 101 20 
53 160 121 9 106 235 147 159 232 186 231 8 24 49 59 222 75 118 202 42 206 139 163 27 50 220 161 208 62 0 74 34 89 112 193 197 133 228 167 155 1 93 174 227 153 157 130 181 
54 167 125 191 102 58 108 7 237 5 63 168 183 144 157 226 70 145 73 6 38 158 88 131 10 122 196 215 79 77 150 162 212 208 164 43 179 156 154 177 33 209 202 36 9 
55 12 138 159 179 7 174 11 232 211 151 106 139 5 14 203 42 1 140 79 145 43 37 217 213 216 120 64 10 161 230 118 183 169 28 72 115 45 142 87 152 66 220 153 100 132 103 191 93 63 
56 194 8 164 111 108 91 204 189 116 188 167 123 129 191 232 83 126 217 214 20 143 112 68 153 184 38 132 206 121 119 86 36 210 5 215 131 28 
57 153 163 154 65 186 51 34 197 27 231 75 118 173 149 184 37 6 207 191 22 132 33 180 203 147 63 237 74 221 102 29 215 105 78 106 49 161 182 62 
58 39 19 210 54 190 167 69 206 75 139 5 184 103 106 225 169 110 202 150 221 229 72 42 14 3 8 21 25 158 116 112 126 31 180 233 109 81 219 142 68 87 99 136 149 192 36 35 20 23 188 96 89 
59 80 40 44 164 234 66 183 95 53 198 144 26 156 149 107 221 69 41 81 174 64 5 178 7 128 172 45 208 131 117 185 114 227 197 213 35 52 67 148 166 118 130 218 212 179 223 171 207 
60 136 180 229 101 19 235 39 130 118 173 28 232 172 5 40 197 167 81 202 188 52 125 168 124 184 23 85 29 203 192 193 132 91 32 154 96 20 179 147 214 65 18 30 227 41 110 142 190 79 134 120 87 161 
61 154 48 104 11 229 88 102 165 72 130 221 215 3 76 46 180 86 105 15 192 178 197 206 90 142 94 20 107 79 217 181 124 41 210 168 67 8 45 218 177 119 17 
62 133 139 184 208 197 149 221 74 134 150 181 31 236 147 152 223 148 36 159 7 13 83 98 10 198 9 53 228 135 196 49 217 32 20 107 155 117 172 51 112 12 203 169 167 102 57 
63 134 84 117 26 35 7 75 222 2 33 76 39 204 14 0 54 48 105 19 9 210 205 44 232 107 46 97 22 71 162 230 129 66 207 1 11 115 175 120 92 169 57 157 37 6 141 17 123 68 12 138 124 128 96 34 191 72 209 178 55 156 181 150 
64 5 1 79 156 144 46 69 133 89 72 197 211 206 98 230 122 186 183 23 90 127 196 217 55 18 111 16 3 59 65 231 26 39 170 138 232 22 210 209 142 36 78 2 42 31 10 
65 112 197 20 237 16 104 57 210 226 219 106 206 96 46 30 86 220 148 15 173 47 166 27 84 82 126 102 125 184 116 81 233 44 74 64 149 175 21 195 138 111 203 101 177 79 60 67 8 31 98 154 193 172 186 168 215 189 
66 206 213 75 21 98 200 93 114 59 33 10 85 139 72 173 110 133 89 63 143 195 79 101 225 128 27 15 230 222 144 31 164 55 6 179 147 76 140 13 150 170 161 153 171 199 92 77 217 24 19 226 137 122 210 100 
67 161 30 114 129 153 177 115 97 151 88 118 133 52 217 207 17 218 71 16 40 11 80 201 76 189 31 176 215 199 18 50 139 209 68 143 221 178 174 42 110 227 41 109 225 168 211 125 79 122 3 98 132 36 65 59 182 202 61 105 44 142 228 124 191 194 
68 184 20 223 74 51 26 133 47 139 112 181 178 35 11 229 194 42 152 67 220 12 75 16 197 136 83 56 183 179 95 160 170 63 228 58 175 50 5 7 109 
69 83 82 216 94 51 64 141 58 167 215 130 203 139 24 50 189 210 8 80 59 229 188 192 96 27 52 144 6 103 205 195 33 71 208 155 225 228 79 182 220 7 
70 167 143 226 214 73 204 114 86 147 237 217 223 148 42 221 95 54 48 90 17 24 109 33 28 130 123 5 127 14 202 196 182 159 43 173 215 138 205 110 165 23 27 220 229 35 22 201 
71 121 117 225 186 148 11 74 90 177 67 99 40 82 91 80 171 217 63 203 111 24 50 149 104 129 219 202 98 52 105 93 132 13 228 153 125 109 116 224 169 69 94 89 216 73 7 178 30 182 155 
72 132 28 215 51 47 74 44 83 155 138 64 61 112 121 229 66 110 179 91 16 86 233 49 46 85 58 191 172 55 126 201 48 17 88 166 184 11 95 181 216 114 20 32 79 213 63 5 232 200 237 31 
73 169 99 70 115 158 191 138 117 17 97 8 193 214 217 207 43 188 140 54 205 47 172 116 155 190 180 92 4 101 1 30 23 129 33 146 78 123 184 71 27 19 134 107 
74 72 177 68 173 195 223 71 62 41 88 115 81 125 191 40 151 83 99 96 135 183 161 222 128 184 221 65 165 145 78 109 52 35 53 90 95 92 57 28 130 117 21 193 210 11 87 215 136 176 94 18 
75 130 66 215 63 110 192 17 58 83 220 85 229 208 217 57 223 53 230 168 14 37 127 28 39 68 48 171 160 141 51 36 119 101 142 225 115 169 228 152 121 93 96 184 198 117 214 145 194 
76 213 231 198 199 142 110 158 125 24 34 63 187 172 61 154 78 67 218 236 208 205 180 87 48 223 161 127 66 195 141 99 124 212 138 122 148 100 193 168 174 196 216 10 3 
77 172 183 105 150 6 190 79 158 7 2 47 226 21 121 174 143 148 141 176 216 116 153 228 210 111 16 41 175 201 194 236 145 220 135 54 217 179 152 66 166 14 188 212 31 
78 33 162 210 209 191 146 31 16 171 23 188 45 199 39 76 91 101 89 113 81 192 133 104 105 230 176 85 74 108 185 143 154 111 151 50 30 212 4 73 34 139 117 57 211 64 98 107 35 142 3 47 173 8 
79 100 64 193 130 77 128 214 213 85 8 230 55 112 169 207 127 66 21 47 220 49 174 86 179 5 43 54 61 26 67 31 109 227 65 107 72 137 34 60 103 190 14 20 173 225 69 50 46 178 
80 59 27 187 132 112 148 149 194 191 50 67 7 184 102 71 199 229 157 162 110 1 69 4 118 25 116 33 200 29 99 224 26 178 141 153 10 214 196 84 185 231 129 0 119 83 
81 125 146 39 24 108 178 208 209 106 136 11 161 126 87 112 124 196 82 38 74 60 91 168 35 6 88 41 199 78 158 65 228 59 216 30 119 184 191 25 93 58 160 177 162 211 197 157 172 130 223 129 51 
82 69 16 128 1 178 180 118 232 126 134 153 179 131 84 81 156 167 71 34 142 37 96 204 205 133 3 124 65 90 215 129 25 176 193 39 208 152 115 200 166 116 151 119 24 203 207 181 141 
83 69 27 182 194 72 126 188 125 32 199 186 174 75 3 216 74 33 109 153 146 112 38 86 227 191 220 204 203 56 62 136 196 139 12 37 15 133 229 18 224 68 98 157 217 166 176 159 169 80 
84 122 63 6 133 85 152 184 30 141 82 148 207 221 128 20 115 7 65 12 139 200 41 88 167 40 127 114 108 176 95 129 138 222 19 80 1 103 38 
85 164 6 94 84 127 165 189 211 79 66 225 75 174 186 157 153 60 204 203 72 160 88 38 170 100 20 115 78 36 163 23 101 91 37 109 50 171 167 42 32 3 178 155 13 
86 215 100 70 37 198 0 107 40 47 227 201 159 61 65 72 125 197 123 83 15 173 195 38 45 108 79 153 172 51 140 161 21 180 175 237 141 232 56 111 190 229 
87 219 202 9 94 132 99 196 228 81 232 115 20 162 234 39 136 169 155 108 24 112 47 11 166 186 41 76 197 21 91 236 103 1 14 156 111 55 163 161 179 188 167 215 10 2 194 100 18 58 74 141 222 208 60 7 
88 15 134 118 183 154 185 138 178 61 50 228 231 235 67 184 22 20 127 43 189 129 74 104 146 42 156 96 234 130 90 102 161 81 210 165 85 54 133 92 84 230 13 72 190 39 7 201 37 119 225 175 97 11 
89 160 161 16 51 166 64 216 177 191 116 164 106 90 66 185 78 46 115 169 236 153 208 41 92 201 93 17 168 7 111 149 36 53 183 167 96 5 209 71 50 159 187 234 58 
90 139 148 102 126 185 115 112 157 71 226 175 182 145 30 196 103 64 31 89 165 16 222 88 70 82 135 177 141 219 209 146 180 61 98 40 74 99 160 26 136 155 
91 189 143 192 142 170 206 125 198 22 14 56 234 177 108 41 71 2 72 81 78 94 209 29 138 153 110 87 180 37 48 210 196 169 204 45 60 10 202 85 219 208 136 133 181 227 34 172 28 39 111 
92 101 1 142 103 131 160 10 180 214 221 162 218 170 110 213 144 97 222 139 119 32 166 15 194 230 30 44 73 104 88 89 63 48 220 108 187 8 74 130 226 43 4 16 66 145 168 141 112 232 12 176 
93 136 186 141 194 131 47 100 66 185 210 155 21 216 228 110 138 2 202 130 17 127 231 48 45 71 41 198 181 89 29 227 166 81 162 196 182 75 53 122 199 177 55 6 38 121 
94 178 228 69 85 32 174 87 216 163 203 205 199 225 141 105 171 91 232 46 212 160 49 157 207 176 185 132 40 173 61 41 138 214 190 6 140 101 71 108 154 4 124 44 128 74 197 222 137 
95 213 24 208 180 217 196 201 37 16 159 59 235 131 175 70 13 42 28 120 203 97 103 138 102 72 74 68 49 101 84 104 232 21 155 230 204 141 
96 224 107 153 98 113 3 158 176 65 118 207 21 88 74 173 34 82 133 235 106 29 192 152 102 215 186 181 154 177 191 203 119 213 103 41 48 125 69 180 218 30 60 219 6 137 89 63 131 99 18 15 183 75 150 223 38 58 
97 115 162 52 67 4 10 23 39 73 151 183 114 155 92 63 36 156 200 231 235 38 95 208 203 132 164 184 34 120 20 49 176 110 142 15 227 12 88 27 37 11 16 24 
98 160 178 215 96 139 103 228 211 66 13 104 100 64 175 184 216 232 32 192 173 154 169 5 194 22 71 143 99 90 23 62 28 48 230 27 26 127 6 186 83 107 67 39 180 78 65 166 236 226 219 
99 34 197 234 73 21 215 210 102 193 131 229 87 181 3 232 154 71 14 151 189 112 74 129 171 161 132 17 41 191 98 80 50 163 124 76 90 187 233 5 15 141 58 96 184 114 116 179 182 157 115 
100 10 21 79 86 218 140 227 28 93 106 215 230 206 197 98 224 127 165 220 15 32 30 48 164 156 152 153 31 111 11 26 234 200 14 141 193 124 169 85 208 233 178 24 172 103 221 87 76 55 138 158 177 66 180 44 
101 5 194 227 131 60 92 210 221 217 201 203 142 106 1 103 136 172 0 150 120 15 155 209 154 78 130 35 66 159 30 112 237 73 141 28 41 85 75 95 65 224 94 10 48 7 21 153 52 
102 51 54 33 29 235 99 236 90 120 172 212 61 180 5 158 168 19 80 197 47 116 207 88 96 173 65 216 206 20 135 179 194 95 225 215 106 105 17 57 130 108 129 45 62 185 
103 47 98 8 28 180 40 190 92 25 41 181 90 101 153 143 112 201 58 157 128 35 182 17 139 226 176 87 230 194 155 185 95 203 96 224 233 100 46 127 69 43 183 172 55 136 9 79 162 219 84 10 
104 222 235 200 234 146 61 161 65 32 214 217 113 18 130 106 98 138 88 220 117 167 45 216 142 179 47 71 78 219 12 92 185 140 159 36 204 9 170 229 95 136 8 202 13 208 26 180 48 171 
105 25 201 33 77 163 129 155 107 63 0 111 94 123 29 61 150 174 206 226 169 137 52 208 122 71 78 227 8 113 23 188 15 142 102 57 119 194 67 192 133 44 
106 216 211 207 53 170 158 235 233 55 232 210 81 104 65 100 13 148 101 4 40 25 7 89 58 173 161 108 96 165 26 167 196 156 128 127 237 134 206 223 102 188 52 57 16 212 162 114 192 
107 96 118 176 174 183 122 230 27 235 199 227 105 86 193 170 222 63 164 49 113 39 59 16 119 212 61 233 124 98 20 48 35 79 195 150 62 141 31 157 78 4 3 219 73 226 134 
108 191 0 81 54 111 14 170 56 32 214 91 87 20 106 129 234 114 163 166 226 2 140 218 12 92 86 78 229 208 110 84 130 109 145 187 16 135 189 94 102 13 232 171 11 136 
109 214 39 38 36 41 137 117 216 15 226 175 176 141 6 188 83 10 148 111 70 215 144 190 19 67 25 74 200 71 58 186 85 79 49 108 127 32 166 47 68 
110 13 225 176 156 153 2 135 76 203 75 236 120 166 160 93 66 31 147 177 92 184 72 175 58 214 91 127 80 112 25 67 116 52 181 226 197 24 108 23 237 129 21 220 44 97 35 111 70 0 60 211 22 
111 131 42 158 112 56 40 108 199 214 13 35 218 190 105 122 71 121 100 229 115 64 109 151 77 154 87 182 149 162 89 14 235 65 211 78 18 170 9 117 168 110 193 31 202 27 86 126 165 91 130 166 
112 65 214 111 176 50 80 47 12 181 90 203 68 72 81 221 122 219 175 190 103 99 79 231 210 9 87 135 200 83 101 41 110 11 158 179 23 187 229 178 58 17 42 193 133 56 30 43 53 130 149 62 143 44 118 92 119 123 
113 171 29 96 13 167 180 104 7 192 25 205 120 140 157 233 188 78 107 185 42 199 231 44 214 28 37 234 23 133 4 124 105 172 8 168 197 169 3 158 212 173 130 182 
114 149 166 216 67 121 70 194 66 212 236 140 97 8 10 123 127 229 159 108 175 118 184 232 208 11 50 211 164 205 46 84 23 16 221 225 138 59 72 189 223 125 99 106 22 172 
115 189 97 173 44 73 220 67 90 22 122 199 187 41 161 87 217 190 74 176 21 188 15 30 178 84 223 3 111 120 89 118 40 204 63 208 55 192 166 185 148 85 181 228 82 150 75 37 10 152 175 139 172 221 99 
116 135 187 226 196 127 18 89 56 158 195 102 73 77 65 31 110 170 80 222 237 58 42 9 71 227 147 82 13 184 34 213 99 146 124 215 210 
117 71 63 37 169 52 187 213 109 183 46 210 73 50 200 10 104 189 168 179 237 159 42 136 27 24 190 153 195 51 167 137 156 128 122 59 23 74 111 40 62 78 148 3 75 
118 88 107 206 82 11 67 60 39 96 140 228 170 133 231 49 57 178 20 162 53 229 115 55 80 114 186 8 214 12 159 126 33 32 183 176 181 146 44 143 200 30 4 59 217 112 139 34 197 
119 184 44 34 196 179 9 212 191 197 43 166 157 131 23 144 92 153 177 213 229 50 96 12 107 11 81 189 37 75 20 138 82 164 88 105 56 42 121 61 3 112 204 80 217 
120 147 130 172 102 209 37 9 33 198 110 215 2 0 185 101 39 213 113 95 55 168 139 115 188 8 184 20 42 63 228 47 223 157 193 97 41 40 235 212 45 60 194 122 
121 71 53 231 22 37 114 172 185 16 168 186 26 205 214 72 213 183 198 0 10 51 77 196 162 161 111 12 42 125 28 211 175 8 56 75 139 31 232 9 119 93 
122 84 43 177 12 107 115 112 125 64 111 208 29 133 170 127 222 191 44 105 181 158 172 203 148 160 144 193 7 212 54 188 223 42 31 4 150 196 117 67 76 93 162 24 66 120 
123 47 23 143 41 210 153 186 50 48 156 31 105 193 114 195 15 201 56 49 223 150 2 44 166 220 86 134 70 151 226 180 52 170 216 33 132 63 73 218 5 112 231 
124 9 12 176 29 22 44 81 169 167 206 219 131 152 221 146 227 60 33 198 196 82 197 28 36 10 217 100 130 50 16 113 14 99 178 205 76 107 24 234 63 61 137 151 41 94 52 235 204 116 212 67 236 
125 81 142 211 45 54 13 163 131 76 149 222 214 141 83 91 130 230 122 74 216 133 169 151 30 33 197 60 86 140 29 26 126 201 121 10 65 202 189 212 31 46 34 229 225 96 71 175 67 1 143 43 161 145 114 147 156 136 
126 41 136 5 90 83 82 231 127 219 81 28 166 176 180 223 134 132 51 21 216 202 47 129 65 25 125 200 72 56 10 154 32 58 50 118 225 139 197 163 168 149 111 
127 163 13 170 85 152 193 126 25 176 116 100 156 88 114 4 64 44 201 177 79 93 122 110 222 51 186 75 14 70 76 84 106 166 98 161 167 151 103 109 5 146 229 20 52 173 158 39 205 234 130 209 141 
128 82 193 180 174 17 172 210 21 235 79 39 84 133 103 197 129 141 150 74 144 66 36 22 219 59 106 205 8 192 117 19 190 143 217 165 63 11 7 18 4 14 94 212 45 
129 148 14 67 193 105 0 27 186 147 88 190 44 140 233 145 99 128 108 63 29 56 178 126 9 71 82 171 28 143 73 188 110 84 19 198 3 13 80 102 131 42 81 137 
130 194 120 38 75 79 40 214 18 26 176 60 104 199 125 61 177 45 69 216 191 234 225 52 93 149 231 151 101 88 150 24 43 70 4 155 170 124 158 185 136 229 163 92 108 112 74 207 102 59 127 53 81 113 111 
131 111 215 49 101 125 44 99 218 93 145 92 220 46 95 180 124 82 191 184 211 35 119 225 1 237 2 21 25 54 193 194 168 5 200 59 157 96 199 154 213 182 129 15 139 47 56 
132 72 33 147 25 161 7 87 80 200 213 11 126 229 142 223 231 196 197 46 167 176 99 57 181 71 39 97 94 31 60 152 123 67 56 184 13 55 210 24 191 163 192 6 
133 183 62 4 84 185 20 64 45 68 140 7 67 1 22 134 118 31 125 128 41 66 122 96 82 78 36 148 88 164 204 167 229 83 113 182 154 112 235 230 160 53 91 21 44 105 176 200 
134 88 63 35 212 162 182 82 216 62 133 153 205 229 141 14 126 11 199 172 123 106 223 3 178 202 215 222 136 60 13 152 232 10 73 5 107 234 
135 6 116 224 166 110 148 237 49 150 161 221 74 112 29 36 90 173 227 23 102 50 26 13 77 62 160 172 108 155 184 162 
136 147 60 93 3 126 48 4 30 170 152 81 153 18 24 101 174 160 87 168 117 138 1 32 83 36 237 130 232 210 10 68 176 167 14 91 134 104 52 43 103 58 154 74 90 209 179 125 108 
137 150 18 216 203 217 109 28 42 8 158 16 44 194 5 105 169 43 172 207 32 222 149 210 151 117 35 138 187 181 186 96 124 204 79 200 176 66 140 94 129 
138 55 34 88 43 152 159 72 73 104 93 44 154 46 21 166 91 50 136 229 4 95 218 94 137 65 64 172 226 76 119 114 15 63 224 237 28 84 70 100 25 6 170 213 
139 197 62 148 2 98 149 90 170 55 68 58 232 66 215 69 210 212 144 0 26 103 164 235 67 92 11 120 152 204 53 84 27 224 24 83 230 4 40 231 216 44 163 182 196 176 78 126 121 188 39 200 183 115 46 118 131 
140 197 45 100 31 157 214 23 222 29 133 7 28 236 10 41 212 118 16 114 55 173 129 20 113 73 232 200 125 183 156 213 146 228 108 141 104 44 27 176 66 51 86 187 1 94 172 152 12 219 8 208 166 137 
141 93 169 224 125 69 84 192 94 33 20 190 205 22 202 151 200 134 109 226 214 128 147 50 143 77 90 222 3 100 140 101 75 76 191 80 63 142 44 177 86 107 99 87 198 127 92 185 82 195 95 
142 125 217 205 42 175 76 91 208 14 92 177 201 101 206 229 6 198 207 23 191 22 82 26 146 104 52 132 158 17 55 61 170 105 31 141 184 166 58 75 24 211 187 97 10 64 67 60 33 172 78 38 11 204 
143 123 70 47 5 46 191 91 51 23 167 0 204 45 20 196 103 229 215 155 77 226 67 66 141 148 29 98 230 36 212 186 56 190 178 78 129 128 125 144 118 223 203 231 1 222 112 181 184 9 26 218 
144 152 38 15 37 64 27 220 194 1 35 189 54 139 92 173 119 59 198 47 172 128 171 182 183 66 176 122 192 109 39 226 50 186 8 184 213 69 190 143 147 235 216 
145 186 231 190 48 175 49 209 29 206 149 131 185 158 211 90 18 154 202 55 129 54 2 150 41 164 178 74 77 204 10 226 223 108 151 228 125 50 92 236 75 
146 81 189 226 104 173 78 3 13 38 46 147 35 4 41 88 228 16 124 142 27 10 5 157 83 177 26 140 42 90 52 32 6 118 193 73 190 127 17 215 40 165 116 199 
147 136 212 120 132 53 70 42 146 129 26 221 175 153 110 204 62 158 148 141 20 186 35 227 57 18 202 40 218 66 168 187 232 27 116 60 144 225 190 125 219 191 170 10 0 159 
148 129 139 233 182 90 71 227 188 135 29 166 106 80 70 84 230 156 217 218 162 221 65 147 77 62 143 185 109 36 133 122 115 2 3 236 76 117 59 24 235 228 178 30 205 25 
149 153 152 35 114 236 219 139 228 125 211 217 145 162 62 80 227 32 182 44 212 229 130 57 59 225 71 137 48 111 65 187 89 206 25 166 199 19 112 181 173 207 203 158 58 157 177 126 150 28 213 20 176 
150 137 196 172 77 230 151 32 30 20 190 191 41 164 5 222 62 52 135 101 105 153 128 162 145 130 123 58 166 237 34 216 233 226 177 161 122 54 66 185 115 48 214 107 149 19 205 96 231 63 
151 152 180 150 17 43 199 55 198 194 67 216 97 42 182 2 99 141 74 125 41 192 130 166 3 51 24 33 111 188 123 137 18 19 179 127 78 82 145 165 124 232 184 48 183 207 159 200 202 
152 149 144 151 236 84 138 20 127 136 191 17 51 183 187 23 124 180 215 24 226 100 176 62 181 229 162 68 206 96 139 237 35 21 188 55 82 14 163 36 47 45 160 132 34 140 75 2 77 217 115 134 201 11 44 41 
153 149 167 96 197 182 57 67 38 110 123 170 136 227 32 14 28 171 82 103 157 147 134 40 150 100 91 85 83 119 234 117 77 218 231 89 15 34 5 176 71 86 80 162 213 205 66 56 194 55 16 53 101 43 
154 61 88 57 48 162 46 99 44 164 76 145 178 40 182 138 165 101 20 173 98 171 96 38 215 111 126 26 78 133 60 31 222 0 191 94 231 131 7 65 226 136 24 54 5 15 185 
155 206 37 174 72 4 176 105 220 93 15 167 97 143 87 101 73 130 103 181 182 26 191 158 19 234 228 62 69 35 216 135 53 168 161 30 225 95 85 90 71 190 
156 5 64 110 33 181 200 166 179 127 36 237 123 82 148 220 100 88 12 16 97 59 29 140 87 161 225 106 40 187 117 45 203 236 188 209 37 19 54 125 63 
157 140 211 222 90 30 183 153 43 54 119 103 80 113 85 25 48 146 215 171 94 26 237 39 8 120 63 14 214 83 131 189 107 173 81 53 149 191 10 99 
158 36 39 111 76 106 192 96 73 170 77 145 102 211 27 231 19 179 191 137 225 206 116 24 221 202 147 176 142 122 81 54 212 58 199 112 222 40 130 2 16 155 196 208 113 127 149 100 223 173 
159 51 55 190 53 138 95 39 196 31 28 171 86 114 117 7 101 19 215 62 32 104 118 0 35 70 166 186 83 89 151 228 9 147 
160 89 98 53 175 180 213 15 38 92 168 110 35 136 10 8 228 29 9 46 165 6 94 85 122 181 203 207 19 75 190 135 199 152 68 133 90 81 185 209 1 50 
161 233 67 1 89 104 39 188 196 132 207 214 81 115 34 236 22 232 217 166 135 106 121 42 88 74 220 55 99 51 76 211 17 156 87 53 225 205 221 216 127 150 86 230 66 186 125 167 11 48 8 155 57 228 60 
162 43 78 97 173 134 149 16 17 154 237 87 7 18 92 121 164 118 148 63 152 80 209 150 31 35 52 214 223 2 111 189 192 153 54 176 93 81 168 106 122 194 103 191 212 135 
163 1 127 125 57 105 94 169 21 43 187 213 211 204 202 220 108 234 53 179 194 198 87 232 99 85 166 152 38 139 130 191 15 210 190 126 23 132 36 
164 11 85 217 56 184 59 25 165 13 43 150 154 36 230 8 100 89 107 31 162 139 41 145 212 21 172 66 6 221 187 208 179 133 114 188 97 12 186 213 39 228 119 54 17 226 215 169 
165 18 235 171 16 47 29 85 1 164 191 61 234 209 100 204 228 154 205 90 106 207 160 88 194 197 74 212 188 17 223 128 31 151 176 187 28 70 25 146 231 175 111 180 236 
166 114 39 135 174 89 156 194 228 148 3 190 126 110 198 161 220 119 217 138 87 237 231 151 123 65 92 26 150 222 193 108 115 37 191 211 93 127 163 149 72 82 177 142 172 51 83 182 109 77 59 29 159 98 225 140 111 
167 70 9 54 153 27 143 113 195 13 15 220 58 23 234 69 124 155 82 60 104 24 223 56 215 227 132 4 106 39 0 84 133 117 170 87 22 44 28 127 1 89 136 161 7 53 85 47 62 48 
168 235 178 184 121 201 188 231 228 54 160 102 117 81 6 136 60 15 206 120 234 14 41 31 8 185 227 75 218 3 89 67 212 181 147 131 200 204 113 183 205 222 61 169 111 40 155 162 76 126 65 92 197 175 
169 51 73 117 11 141 218 163 214 124 170 87 2 194 125 79 230 58 198 47 185 38 105 137 98 89 55 212 100 30 63 91 181 3 183 217 71 75 113 202 168 178 62 164 206 83 8 
170 183 203 13 52 24 127 139 106 91 32 175 158 136 153 16 108 236 220 118 107 92 169 39 228 172 12 50 122 202 1 31 116 85 130 123 142 167 189 43 64 68 66 111 104 206 8 147 138 
171 113 225 187 181 165 48 220 182 199 8 186 78 31 13 153 233 94 159 226 192 71 185 6 99 203 5 154 176 179 157 144 129 195 42 193 209 75 237 2 230 85 7 66 232 175 45 108 212 104 174 59 
172 77 200 150 13 11 128 24 121 120 206 102 76 228 60 5 101 188 33 182 29 170 187 235 198 137 73 21 144 20 134 210 72 122 183 202 164 8 59 43 86 100 138 50 16 113 135 166 220 140 62 103 65 81 142 91 114 186 115 
173 231 217 45 115 162 214 74 146 190 222 175 60 32 140 66 199 182 144 106 57 96 216 29 98 154 65 220 228 102 135 86 174 94 213 218 70 149 229 127 157 113 79 47 78 33 158 
174 94 107 128 55 191 166 155 15 31 83 196 209 136 198 85 13 77 105 211 195 36 67 11 177 29 219 206 59 204 173 79 24 205 35 175 53 76 0 171 
175 214 160 142 145 14 198 170 191 190 173 234 90 201 98 147 112 95 109 110 25 24 213 31 114 10 63 77 35 186 65 16 39 179 203 48 125 121 86 68 174 197 44 171 41 88 115 17 165 209 168 
176 183 110 107 112 9 33 194 124 130 155 207 96 234 50 127 23 0 20 115 126 45 109 67 152 43 103 3 158 77 186 132 171 4 82 41 189 144 94 188 46 78 153 140 49 118 209 136 22 97 139 232 7 84 162 165 221 83 40 133 137 74 208 5 92 149 
177 122 74 187 67 30 10 25 142 217 2 182 89 130 71 222 189 8 212 91 110 127 32 183 146 119 90 96 174 198 150 234 166 4 218 141 65 81 184 203 61 100 149 40 93 191 33 54 
178 94 98 82 229 41 168 81 88 194 184 21 211 179 154 68 118 115 129 39 67 210 145 61 25 218 180 59 43 10 112 100 196 143 124 15 80 7 219 2 134 48 22 20 63 169 221 71 223 85 148 4 79 
179 55 119 5 22 158 156 82 178 72 117 228 104 196 222 21 219 14 171 163 87 112 190 164 66 3 79 102 175 151 25 15 60 68 77 232 220 54 136 99 59 35 
180 199 26 60 128 160 151 82 95 103 38 18 35 184 113 214 37 189 102 92 31 131 152 61 126 15 76 43 235 229 181 91 57 73 223 123 178 12 90 20 41 58 96 86 30 1 98 19 46 13 104 165 230 4 100 
181 48 29 171 209 226 156 27 99 112 191 51 1 103 68 202 62 185 46 23 152 5 180 96 24 122 132 155 93 160 110 213 115 169 204 216 168 118 26 137 72 205 61 40 149 91 82 182 206 43 200 143 53 41 186 63 
182 83 217 153 219 148 49 171 225 134 208 177 90 191 149 151 8 172 209 17 173 154 103 11 184 48 144 227 197 111 220 155 133 139 2 70 166 93 67 46 181 131 57 71 69 113 28 99 
183 170 176 22 133 233 88 77 42 107 230 31 117 213 15 152 157 59 10 219 20 121 97 41 54 64 186 236 74 40 177 140 55 144 172 227 202 225 229 118 169 89 0 68 168 30 218 96 103 139 151 43 2 
184 119 68 62 185 168 180 164 213 84 237 88 178 98 131 0 80 110 58 28 57 200 60 4 182 10 120 74 47 65 7 114 14 30 20 234 81 36 97 72 144 142 116 56 194 29 73 177 132 187 12 151 99 135 75 43 143 188 
185 195 189 217 1 28 184 88 222 133 11 121 90 207 213 37 93 145 6 22 120 39 181 36 171 31 169 197 17 89 148 168 113 225 103 104 115 209 201 94 224 78 20 130 216 59 150 188 160 29 233 80 208 210 141 102 154 
186 145 46 93 123 71 121 57 221 171 206 129 83 0 53 217 41 64 183 213 85 14 87 13 230 147 176 232 96 118 187 127 235 207 175 143 24 144 164 109 98 209 137 161 226 218 159 29 65 225 172 181 
187 202 171 80 19 116 177 117 76 115 152 28 191 223 163 12 172 21 217 40 0 186 233 112 164 149 92 156 208 147 27 99 137 140 142 108 221 184 227 165 192 89 7 51 
188 38 234 35 228 161 83 148 236 168 214 172 78 198 115 27 60 15 56 73 109 210 113 120 209 190 151 37 69 152 176 87 164 205 105 122 165 129 218 156 106 9 185 139 25 77 58 45 184 
189 115 146 185 91 213 85 180 21 202 88 177 144 56 99 117 67 69 221 45 125 176 217 226 211 162 170 119 204 9 33 207 114 108 157 18 65 
190 205 145 32 159 218 103 77 173 58 2 175 150 46 223 166 111 115 237 141 129 52 112 191 117 204 3 188 1 49 73 109 179 196 222 30 143 160 128 88 94 197 44 144 146 22 192 207 34 163 60 47 147 79 216 26 86 217 235 155 232 
191 203 54 108 143 174 78 152 175 42 165 150 181 73 25 89 187 158 119 182 80 131 35 130 190 142 74 52 57 216 122 56 23 83 72 99 96 15 19 8 166 37 81 155 1 141 5 163 12 33 230 154 7 63 41 55 147 157 132 177 162 14 67 20 235 
192 231 91 1 221 158 7 195 75 8 113 51 141 38 39 204 210 236 200 171 2 35 40 98 151 96 61 196 78 60 144 115 69 27 20 214 201 128 162 232 11 190 14 24 105 58 187 205 106 208 132 216 211 
193 128 79 18 212 129 99 28 127 1 107 73 123 49 44 206 210 196 15 82 100 166 213 219 131 122 29 60 171 120 194 112 146 53 235 74 199 225 76 111 35 221 65 204 25 
194 130 101 56 93 83 176 36 114 41 151 14 166 178 144 42 80 17 169 218 137 26 68 52 92 98 165 163 103 2 35 208 131 27 30 77 199 0 193 102 16 87 153 38 184 221 224 105 162 230 120 67 75 195 
195 185 4 16 9 192 167 214 74 19 3 12 197 223 116 123 196 52 66 174 29 117 218 86 171 23 234 76 65 69 107 42 230 141 194 
196 150 119 95 161 116 87 174 199 5 159 90 81 143 49 226 9 227 121 64 195 205 179 192 124 193 132 224 203 91 106 83 190 217 54 178 51 206 70 122 139 62 3 158 32 17 80 37 237 215 93 44 213 76 43 201 
197 140 65 234 139 99 153 62 64 100 57 48 46 202 119 221 60 217 195 102 128 212 125 185 86 124 87 132 61 182 165 226 110 68 30 190 113 59 53 39 50 33 126 175 38 81 219 168 223 118 94 
198 27 9 76 218 234 175 151 91 207 86 0 120 226 30 14 121 235 166 174 142 188 215 12 59 144 47 169 172 124 203 177 163 208 222 93 62 224 43 129 51 141 209 75 
199 180 35 76 36 237 151 209 221 171 111 115 31 83 130 107 94 226 196 173 78 80 67 44 234 81 134 205 113 158 2 194 160 149 66 193 131 16 93 146 24 
200 224 104 172 222 24 66 156 211 31 40 49 117 132 11 50 229 192 141 184 112 140 97 126 100 84 80 212 82 109 206 131 168 25 118 221 72 181 139 137 151 133 
201 105 220 210 95 168 101 142 175 86 67 103 127 123 213 125 202 33 72 185 89 77 192 9 30 88 22 215 204 34 35 152 196 24 70 
202 8 36 37 38 187 14 221 87 39 44 216 189 9 4 197 181 145 141 93 60 45 43 158 163 34 170 126 53 58 71 201 125 172 147 70 183 5 91 51 28 227 134 169 23 67 33 111 104 54 46 151 
203 191 170 220 12 110 137 112 34 101 11 55 94 217 69 46 71 171 207 85 95 60 198 83 122 196 57 96 97 160 103 210 35 213 36 31 175 156 65 14 82 3 143 177 149 228 62 225 237 8 
204 35 30 18 70 226 143 63 218 56 165 192 13 11 147 234 163 82 52 139 85 14 190 115 83 229 206 174 133 213 181 37 91 189 16 145 104 168 236 2 40 137 21 211 201 224 124 193 119 142 95 
205 190 142 30 121 42 16 9 94 113 63 141 134 51 76 165 82 196 73 199 18 221 222 114 48 224 128 161 12 188 124 237 43 174 153 181 69 168 70 27 227 127 31 192 150 37 148 
206 66 155 118 91 145 172 186 233 100 58 65 11 64 124 142 225 158 219 105 38 193 168 152 231 53 102 174 61 204 149 196 21 200 106 218 170 236 56 2 181 19 234 169 
207 106 12 27 161 185 176 198 28 67 3 96 47 46 142 84 79 41 73 23 102 33 0 165 203 57 225 137 63 208 210 94 186 160 39 32 231 189 82 211 130 190 26 236 149 151 220 24 59 
208 2 95 142 62 81 182 75 237 122 76 20 105 207 5 115 198 89 97 194 82 114 100 164 53 187 59 108 211 91 158 69 0 54 218 87 140 224 42 185 104 176 192 209 
209 181 78 145 81 120 199 0 165 174 25 182 223 67 101 91 162 30 13 188 226 14 90 185 171 32 176 186 64 156 89 160 63 198 127 17 175 136 54 34 208 
210 123 58 78 101 128 99 212 65 201 7 3 232 106 48 218 117 93 40 211 63 14 139 192 16 8 112 231 49 27 69 188 193 21 88 178 172 77 207 91 137 203 13 136 24 215 235 22 237 64 74 163 61 132 56 12 1 185 66 116 219 
211 125 42 46 106 98 227 149 55 157 219 40 210 85 231 64 158 145 24 200 47 225 178 131 163 221 174 161 189 27 114 49 0 166 67 121 10 111 208 20 142 207 78 204 81 226 2 110 222 192 
212 50 147 134 36 193 210 38 102 49 119 114 140 149 177 139 13 35 226 197 21 237 164 94 125 158 18 169 122 143 200 168 107 7 33 165 8 76 54 78 120 106 113 77 128 162 124 171 59 
213 76 95 66 227 160 52 117 185 189 184 183 14 79 121 163 186 132 92 225 120 42 28 55 229 175 201 119 24 48 35 140 193 181 96 1 204 203 173 236 232 144 164 153 59 72 231 131 116 230 196 138 237 149 
214 175 109 112 140 70 173 130 104 195 125 42 161 180 111 121 169 79 92 37 26 188 23 108 73 10 141 110 11 43 228 237 16 162 56 113 118 2 35 192 94 157 80 60 150 232 47 227 38 3 75 230 215 
215 72 86 131 13 226 98 99 75 100 26 231 33 19 69 229 61 120 152 139 5 143 25 198 44 67 167 157 96 159 82 154 49 109 27 4 54 210 87 6 102 57 196 70 134 146 74 201 164 65 56 116 214 
216 106 69 3 114 29 137 94 151 89 202 134 93 232 109 28 10 130 98 125 83 173 55 217 104 126 191 102 77 25 150 33 123 218 81 18 181 48 23 161 185 139 7 72 45 71 155 76 190 144 192 
217 142 185 173 182 164 95 46 23 137 104 149 177 101 67 233 70 115 203 197 186 161 218 5 21 166 75 7 148 71 73 18 25 55 216 64 187 27 56 124 189 35 4 196 61 48 51 77 128 169 62 83 52 39 232 152 49 66 221 118 235 17 190 119 
218 26 100 198 190 231 131 210 204 169 111 221 67 92 217 15 76 194 148 1 195 153 168 178 108 216 147 23 5 138 21 96 188 8 177 206 173 183 123 208 38 186 61 29 226 59 143 
219 87 149 30 182 231 65 211 126 230 183 34 124 112 220 227 206 7 12 11 71 179 50 104 174 90 193 21 128 19 236 1 178 96 58 91 40 140 9 147 197 107 103 32 210 98 
220 203 31 201 39 171 115 23 167 144 131 42 155 75 170 15 100 166 104 219 156 65 30 14 163 173 222 161 123 46 68 83 230 35 79 182 53 92 77 25 50 55 172 110 179 226 70 207 69 
221 101 202 192 199 186 8 218 62 61 112 147 197 124 92 29 70 84 237 158 135 148 189 227 211 67 58 18 59 74 205 14 20 164 12 45 1 161 114 100 4 57 194 224 187 176 200 193 178 217 115 
222 104 200 10 185 63 125 140 157 173 7 228 15 177 150 51 107 53 92 223 8 49 90 220 122 74 179 127 137 141 166 66 198 11 205 116 158 227 190 23 154 24 2 20 168 229 84 236 134 36 50 143 87 211 225 94 19 
223 68 18 224 74 12 190 70 187 237 209 195 75 126 167 36 222 62 115 123 132 76 162 180 42 120 122 22 106 165 134 145 143 1 114 232 158 178 81 96 197 59 
224 96 233 200 135 234 141 223 237 20 100 37 45 25 9 226 12 196 139 185 198 205 80 103 83 71 46 138 101 221 194 14 208 26 204 16 
225 171 110 1 71 25 9 23 29 182 229 21 94 5 52 211 85 206 158 130 213 58 131 207 149 230 66 185 156 67 161 183 125 102 126 114 75 233 69 193 147 88 155 203 79 166 222 4 20 186 16 
226 146 215 32 70 181 116 65 204 46 90 2 199 198 77 171 109 196 54 152 228 212 28 141 5 22 143 103 105 30 224 25 209 51 123 189 108 27 197 144 110 150 12 138 92 9 145 186 220 211 154 164 218 66 98 107 1 
227 10 101 213 211 148 100 40 153 107 149 32 86 20 196 219 124 3 221 167 168 83 182 135 67 183 147 222 105 93 41 37 116 237 25 79 38 202 59 49 26 187 91 60 97 53 205 214 
228 43 94 20 149 98 188 88 12 87 14 172 166 168 222 118 93 165 226 146 170 160 179 22 173 214 16 13 77 81 35 140 120 115 71 62 68 164 155 75 53 145 69 45 203 230 161 67 21 159 148 231 
229 17 60 178 61 13 225 99 1 215 72 75 143 142 200 149 52 23 134 114 80 68 132 152 213 180 111 138 231 118 58 119 4 204 69 31 112 133 108 125 183 83 130 29 27 104 127 222 26 173 86 70 2 
230 26 150 183 107 28 100 219 125 64 164 148 79 31 3 169 63 186 75 225 55 92 103 66 39 220 143 78 88 139 98 171 161 133 191 21 18 25 34 213 194 228 95 180 195 214 5 
231 76 192 145 10 173 121 233 219 218 235 88 126 211 215 158 168 18 57 53 118 0 26 16 112 210 130 43 93 166 132 206 229 97 153 113 22 1 64 139 30 37 207 213 143 154 80 165 150 228 123 
232 2 55 82 210 106 53 87 60 99 5 216 32 237 161 139 63 98 3 50 236 140 94 186 56 114 163 136 147 213 64 192 30 179 176 214 171 151 86 217 223 72 121 7 108 95 134 92 190 
233 161 183 224 148 231 29 22 106 36 206 217 236 15 171 129 72 113 50 33 65 187 24 100 235 150 107 42 58 103 99 0 225 52 185 
234 9 197 104 99 35 188 198 8 224 59 38 167 176 165 175 5 26 91 87 21 130 204 88 108 168 199 163 100 153 48 4 195 184 113 177 155 43 124 18 46 206 127 27 134 89 
235 104 165 168 102 53 60 106 4 231 107 88 36 128 95 20 198 12 139 96 180 172 97 186 233 19 111 210 133 193 42 35 120 144 148 217 124 190 191 
236 149 152 102 27 188 114 140 110 170 161 233 39 14 30 192 62 76 232 183 87 89 29 8 213 15 77 26 219 37 156 204 148 206 5 222 207 25 145 98 165 124 
237 65 199 13 224 54 70 184 5 135 232 156 162 10 190 223 15 208 221 117 34 166 131 212 152 214 150 101 8 157 136 116 30 171 106 205 57 227 210 110 86 138 4 19 44 196 72 213 203 
