0 51 75 6 34 15 23 5 69 72 88 98 41 96 37 10 62 77 39 53 99 14 87 44 61 93 67 68 59 38 3 50 81 30 9 36 48 101 13 100 63 73 90 89 95 58 17 8 94 71 97 20 80 86 65 26 19 
1 16 54 39 82 81 63 20 44 77 28 32 15 10 25 26 52 85 34 35 22 36 50 89 31 43 75 97 2 17 49 104 41 40 24 70 6 69 27 74 87 55 46 102 83 53 100 61 59 42 65 4 60 48 62 88 8 91 95 33 58 
2 69 97 77 50 104 85 52 36 93 35 74 83 42 68 49 90 54 100 88 71 41 15 31 26 105 32 48 23 44 84 28 1 47 75 80 19 30 92 73 27 6 91 63 37 98 87 81 89 72 4 
3 17 5 89 33 104 98 11 84 102 46 81 103 34 58 20 19 41 25 44 51 94 91 62 0 10 54 57 61 71 52 12 43 39 78 105 23 83 6 95 60 87 68 48 76 65 64 86 50 31 100 13 16 67 70 
4 35 80 75 21 22 59 91 47 99 38 45 43 90 84 14 83 27 105 24 100 60 51 34 86 7 64 70 66 78 79 20 6 88 61 68 10 81 42 89 17 15 29 36 54 92 85 1 102 40 72 12 2 23 69 
5 51 38 3 72 62 0 14 101 81 12 95 7 43 37 78 28 19 47 105 87 82 18 99 11 33 74 65 10 91 85 50 94 79 100 49 64 31 27 58 54 22 70 39 63 97 93 98 55 30 86 34 76 
6 97 37 0 95 54 45 18 66 73 59 50 67 47 15 70 57 63 32 49 77 52 80 92 87 12 35 61 64 69 31 4 85 20 53 89 30 79 1 48 74 28 68 90 102 3 83 39 2 33 8 14 60 41 93 51 25 38 56 98 101 
7 13 8 71 28 60 73 77 49 78 70 90 5 16 56 76 103 85 51 27 93 4 37 42 31 62 14 58 84 68 26 40 75 98 54 55 59 47 18 20 87 79 67 104 88 92 69 11 9 80 23 91 
8 83 7 76 38 91 64 11 104 85 58 60 89 77 14 97 10 87 86 54 49 33 53 98 16 103 57 55 70 26 78 80 22 59 29 51 35 23 31 12 30 0 6 1 96 62 81 100 
9 69 81 38 26 31 13 104 35 47 54 51 70 92 105 21 22 40 49 45 67 23 82 12 68 79 0 58 29 91 44 76 86 10 89 65 28 50 59 61 25 85 48 34 41 72 17 37 78 84 39 42 97 7 15 
10 104 81 17 65 45 30 68 80 1 40 52 0 83 8 18 91 46 94 13 103 63 3 48 5 33 50 54 98 71 4 96 9 79 78 86 14 56 89 29 34 28 97 35 11 43 55 24 41 
11 101 86 18 56 8 71 37 43 3 74 93 57 75 29 16 70 62 98 21 47 80 82 38 5 96 84 52 60 42 51 34 59 99 87 32 61 30 39 49 36 104 26 100 63 89 95 72 10 94 46 102 25 105 103 7 68 
12 71 19 82 84 45 104 68 51 5 63 87 46 79 42 39 40 32 6 73 78 74 9 34 77 53 35 3 95 49 83 29 94 59 97 54 62 14 38 8 100 55 76 103 50 61 30 101 21 89 72 4 47 28 65 70 
13 83 7 76 72 9 36 37 97 23 90 48 19 103 79 44 94 102 78 68 95 22 10 101 31 85 99 30 104 77 0 91 29 62 64 41 51 105 66 3 38 63 88 65 61 53 100 
14 54 17 84 27 102 62 49 72 5 35 60 41 68 40 69 16 4 8 82 33 0 38 46 44 88 45 90 28 93 86 21 101 42 81 7 22 79 70 10 30 55 53 67 12 98 100 37 6 29 105 39 78 34 61 52 73 47 92 104 
15 17 0 23 41 35 90 1 62 6 75 51 37 63 91 50 43 2 89 85 32 38 66 48 84 42 99 30 102 101 61 4 74 52 71 16 103 58 55 59 97 86 94 64 81 9 
16 1 23 46 58 103 74 48 69 33 21 96 70 91 14 76 92 51 11 7 30 66 44 41 97 59 95 8 93 83 67 31 89 78 36 24 90 73 60 64 15 47 45 35 3 94 81 84 85 82 104 27 
17 79 3 39 14 25 45 15 10 91 101 74 33 67 63 95 48 41 43 104 100 64 85 24 88 98 89 20 22 37 53 35 1 59 72 96 47 55 97 30 60 27 4 54 0 87 77 82 9 51 66 80 42 36 28 
18 22 11 6 91 105 93 20 86 35 36 33 10 53 68 73 90 5 83 58 57 103 92 48 74 76 19 88 60 47 52 30 97 98 78 45 49 27 71 25 62 40 28 31 21 81 7 70 102 46 67 72 51 100 99 
19 23 42 35 105 12 75 79 13 65 61 58 76 3 34 5 71 45 83 104 52 24 41 66 33 82 18 60 48 91 96 81 2 78 86 90 103 28 55 29 84 92 27 59 67 0 47 87 
20 46 1 95 103 69 64 49 67 102 18 56 33 68 36 65 34 3 104 59 43 63 17 57 97 50 74 71 4 29 27 6 48 72 98 80 82 40 35 58 30 79 93 61 7 44 0 55 26 21 60 25 99 
21 4 54 103 16 51 104 62 9 41 92 94 31 46 105 11 52 26 82 93 44 14 77 91 38 47 78 95 76 55 22 61 37 99 57 96 89 75 18 79 29 86 53 12 60 80 20 56 72 67 
22 85 35 18 37 40 4 70 24 97 30 63 81 91 9 47 98 61 26 96 55 48 1 54 102 13 95 60 77 17 80 8 51 100 31 14 50 76 34 23 52 94 21 5 25 74 27 84 39 105 33 90 42 38 79 58 46 88 
23 16 54 19 24 57 62 55 15 61 0 80 13 73 93 35 70 87 60 86 9 94 40 2 46 58 53 38 47 22 3 32 66 72 49 8 34 59 33 63 84 4 7 
24 102 23 83 75 56 60 78 80 22 74 53 59 88 81 77 96 17 44 4 42 19 68 54 101 61 65 52 29 1 16 90 92 48 47 43 94 35 57 97 64 38 27 70 100 39 50 10 103 66 33 
25 103 17 33 37 61 94 97 101 79 78 58 30 83 48 102 1 68 41 67 93 3 36 75 76 91 54 77 56 64 73 95 38 52 57 45 47 9 98 22 18 34 88 11 6 99 49 20 
26 100 63 9 95 81 98 32 46 69 33 31 82 30 66 1 37 21 51 80 68 22 90 97 88 55 2 64 8 62 102 76 59 38 50 99 104 7 27 47 96 11 84 49 94 48 53 105 85 78 65 0 35 20 
27 37 90 54 14 78 81 98 73 92 93 75 99 48 88 4 50 49 58 40 43 7 85 55 36 63 51 20 59 97 53 41 5 47 101 1 84 62 26 17 18 2 67 22 71 24 29 87 19 32 31 35 16 
28 39 59 7 46 43 64 40 44 98 1 55 61 76 69 49 31 104 86 5 30 14 72 103 92 51 29 2 105 88 50 47 45 9 6 36 10 18 19 84 60 35 53 12 17 
29 35 70 41 82 68 80 71 88 11 53 36 95 52 79 93 38 42 89 77 28 9 48 72 54 20 8 24 33 87 32 12 105 13 61 104 92 91 86 10 100 4 39 51 14 19 64 21 27 60 84 81 
30 71 100 48 93 63 50 10 22 38 103 35 25 41 81 37 73 98 31 26 16 36 85 28 47 61 91 70 67 68 62 0 46 13 95 54 88 69 18 2 6 17 11 51 15 14 66 20 8 33 43 42 5 52 72 12 86 87 79 97 
31 9 41 68 78 42 77 87 33 74 58 53 101 79 76 84 26 21 39 30 28 95 98 67 13 1 2 64 16 56 6 89 83 7 22 94 100 5 60 34 8 38 49 75 82 18 3 104 55 92 27 73 102 
32 62 102 26 1 69 39 81 6 60 49 76 58 57 12 94 98 67 2 68 74 46 72 66 15 43 29 11 86 47 23 36 70 99 91 77 71 84 78 45 27 104 
33 59 86 41 3 25 64 16 50 17 58 40 31 20 26 18 63 14 90 8 85 97 81 96 5 82 35 19 10 44 52 91 45 105 29 102 39 34 6 30 43 71 22 100 23 73 94 60 24 46 1 
34 69 61 48 0 76 37 39 57 36 63 54 93 101 103 52 20 102 3 58 19 1 75 4 90 59 65 45 12 68 79 98 11 71 35 81 33 22 50 77 43 40 31 10 95 25 9 92 23 14 105 44 80 42 5 
35 29 22 4 19 9 15 96 14 51 30 2 101 100 72 18 77 79 38 49 23 76 63 67 50 1 52 6 81 33 17 94 12 90 34 104 87 54 98 60 86 64 8 20 24 10 48 73 89 16 61 97 28 56 26 93 53 55 27 37 69 
36 13 34 46 2 38 18 69 77 20 50 29 99 30 41 89 1 53 25 84 65 67 98 48 100 27 0 102 71 16 101 59 11 86 96 32 57 28 4 83 85 51 104 66 103 73 40 17 62 74 88 
37 44 6 80 22 27 85 34 25 13 83 11 70 50 41 0 98 66 30 90 95 42 15 26 5 105 64 17 43 7 63 100 76 67 40 84 39 101 45 102 21 46 14 78 71 81 2 103 86 9 35 94 
38 90 88 44 5 61 47 65 9 99 58 8 75 49 46 30 4 92 36 95 63 35 66 85 87 14 104 11 29 0 89 55 96 23 21 57 15 26 25 81 98 31 12 78 24 13 79 91 6 77 22 103 70 41 
39 51 28 17 1 52 34 32 66 0 31 74 59 45 12 78 47 55 93 62 73 88 46 33 76 3 37 43 80 79 11 5 44 68 6 29 54 89 63 22 14 24 101 9 95 105 49 90 
40 42 46 66 61 22 87 28 82 41 47 14 33 10 54 92 9 71 86 74 12 73 75 27 76 64 93 23 51 101 43 1 56 91 37 98 52 20 34 72 7 48 49 69 18 84 59 97 63 105 83 90 4 36 
41 79 29 33 105 84 31 54 15 95 40 0 14 72 17 30 37 56 85 21 48 68 25 36 59 69 16 61 3 81 73 45 94 2 53 19 92 49 66 71 1 27 90 87 57 67 46 13 99 9 43 6 58 100 47 104 103 10 70 38 
42 59 19 40 81 31 71 80 78 95 72 2 102 37 58 12 84 79 64 24 92 14 29 67 44 96 82 105 51 11 93 89 7 83 66 50 85 54 70 15 4 43 69 1 30 53 101 75 90 48 94 22 17 9 45 34 
43 92 66 64 28 67 11 84 4 65 17 51 56 52 85 48 5 98 20 88 95 27 45 15 83 53 37 102 1 40 3 32 39 34 42 99 24 77 41 30 80 63 50 105 33 10 72 47 61 78 
44 45 37 38 75 105 1 89 28 96 48 13 57 90 98 24 14 16 84 0 21 60 3 55 42 50 56 2 92 33 76 85 9 87 100 65 82 81 88 39 97 53 61 78 72 91 68 20 93 34 
45 44 79 17 6 95 10 62 86 12 4 99 72 74 39 71 58 92 14 9 19 84 78 41 43 34 73 87 69 52 93 100 33 50 83 28 47 63 18 25 37 66 80 60 16 65 105 42 61 32 51 
46 16 88 94 40 28 20 65 87 98 74 100 55 36 38 26 48 58 3 67 21 12 72 83 14 10 79 71 54 56 76 92 23 30 32 68 39 89 82 59 103 70 1 102 41 80 37 77 61 66 11 75 96 99 18 81 64 78 60 33 22 
47 81 38 69 72 4 9 6 40 101 53 22 88 102 11 91 83 5 104 55 30 71 39 96 87 103 57 54 77 70 2 62 28 48 17 94 21 18 23 82 75 99 45 27 32 25 26 24 7 16 64 41 100 90 14 50 43 12 19 78 
48 34 30 66 69 16 78 17 74 73 44 46 93 25 13 41 27 57 55 43 95 91 65 22 89 51 79 103 36 85 18 2 10 82 29 0 56 20 67 84 47 19 49 15 87 6 92 9 24 40 60 77 3 35 26 1 53 98 81 42 105 76 96 68 94 104 63 
49 51 14 38 58 7 60 69 20 66 101 64 6 28 35 32 9 2 84 27 61 8 78 97 41 1 67 12 48 5 53 88 18 11 23 94 40 31 52 26 103 63 54 71 79 59 77 25 90 80 39 
50 85 64 59 6 2 30 33 37 71 77 72 100 96 36 83 27 89 35 15 92 20 101 1 70 0 44 10 28 5 45 22 42 34 51 52 9 86 26 103 78 88 68 93 58 95 3 12 43 56 24 97 47 73 
51 0 5 57 39 49 101 88 103 87 78 9 21 86 35 72 65 15 12 43 16 95 26 7 4 98 3 48 80 28 56 40 42 27 11 22 64 89 105 8 50 70 54 73 71 62 30 77 63 29 13 83 36 6 17 93 18 45 
52 39 55 58 105 71 104 2 53 10 34 98 61 43 6 21 1 29 60 35 19 76 45 54 87 11 33 3 74 80 24 83 67 18 50 95 22 25 63 101 40 103 89 79 92 66 70 15 49 73 97 30 62 14 84 88 91 
53 92 97 63 24 98 52 47 31 54 0 93 29 82 18 101 8 62 67 36 55 41 17 43 96 12 76 23 99 66 6 27 102 49 91 87 14 103 71 1 44 42 26 48 79 70 21 84 57 28 35 13 100 
54 23 14 1 27 6 41 88 58 21 9 92 85 55 34 72 75 40 99 53 81 69 2 8 71 46 22 70 25 86 3 24 47 52 29 10 30 42 35 12 51 5 73 17 4 7 39 104 100 49 84 102 96 95 77 98 57 
55 52 23 57 46 100 69 71 54 58 56 85 28 48 103 75 61 102 22 47 60 53 27 39 26 38 44 8 104 66 82 64 17 97 89 21 99 90 68 14 1 88 7 70 12 5 19 62 86 15 31 10 20 83 87 35 84 
56 96 11 65 24 88 62 55 41 75 20 67 87 43 7 86 77 46 100 105 66 51 57 31 25 44 98 48 58 68 40 74 69 10 73 92 50 35 83 21 6 78 79 
57 51 75 105 23 93 59 55 34 92 11 61 6 48 44 76 32 20 80 102 81 8 18 89 47 56 3 69 62 100 99 38 98 25 41 36 21 24 65 63 70 53 60 90 54 
58 96 16 38 52 54 93 49 33 8 55 25 69 102 46 31 71 42 45 3 19 34 92 27 32 80 63 18 9 99 23 78 60 7 56 79 83 5 91 0 85 20 50 94 89 73 15 41 86 67 105 22 66 88 1 
59 33 61 42 79 50 57 28 77 4 6 68 24 64 92 81 39 20 41 16 87 84 34 0 66 98 27 90 17 8 11 26 46 12 9 83 36 62 76 80 63 93 7 1 40 67 23 15 103 100 49 19 94 
60 72 24 7 64 98 101 49 95 14 92 8 97 32 103 81 4 44 100 23 55 52 22 88 83 73 11 84 96 58 19 18 79 89 69 66 94 35 67 17 77 31 48 3 16 6 1 45 86 28 29 21 33 57 46 20 
61 59 38 97 34 40 25 23 65 57 28 94 52 19 22 95 83 55 81 41 0 49 98 30 6 3 78 77 24 4 86 11 72 29 69 105 9 21 87 15 66 96 1 44 46 20 91 12 68 35 14 45 43 13 99 
62 63 23 32 103 73 5 90 45 14 56 101 15 21 67 0 11 53 105 75 3 74 30 104 39 94 26 7 57 99 47 92 97 27 51 59 12 13 76 18 55 1 52 65 8 36 93 68 
63 62 26 1 72 64 30 17 34 53 77 86 22 89 6 38 12 33 15 35 20 99 58 65 10 102 81 70 27 101 37 74 69 71 90 0 45 52 97 82 105 51 88 59 5 11 39 2 43 49 40 75 13 57 76 23 79 48 
64 50 8 43 28 63 33 60 92 86 96 20 74 59 49 17 98 103 102 82 67 75 42 37 84 40 4 6 31 26 25 51 55 97 5 85 35 13 91 16 3 73 24 70 47 79 29 66 46 89 99 72 88 15 
65 38 98 77 56 46 10 95 61 51 43 71 81 19 20 79 48 67 63 69 34 36 68 5 87 24 76 66 9 44 103 84 99 73 80 100 3 82 1 57 45 75 62 13 26 0 89 12 
66 40 43 88 48 6 86 100 49 37 39 38 69 70 101 26 16 105 71 93 68 56 4 59 19 55 53 41 32 82 42 76 75 15 65 84 60 87 23 72 52 30 61 46 45 99 13 64 36 78 95 90 17 24 102 79 58 103 
67 77 82 88 92 43 6 17 90 20 62 87 56 46 25 9 35 85 64 65 31 76 53 0 32 30 36 42 16 105 49 103 48 37 52 60 41 14 96 104 69 27 94 59 86 18 7 95 101 58 3 21 19 75 78 102 
68 101 29 59 80 31 10 105 14 103 12 25 41 20 2 26 18 69 66 13 0 30 24 99 9 32 34 65 104 81 94 46 56 4 95 7 93 55 6 39 78 3 50 89 44 61 98 100 102 97 76 48 11 62 
69 89 34 9 47 2 48 96 0 16 20 55 49 82 58 14 32 26 70 36 66 74 28 54 41 71 68 65 78 45 103 6 57 84 83 63 79 30 56 60 1 61 88 42 85 92 67 40 72 91 95 99 7 98 4 35 
70 29 97 101 105 22 9 37 86 78 7 6 69 16 95 85 11 66 23 77 54 104 30 50 4 8 63 47 103 75 88 73 42 100 1 14 51 46 5 32 52 98 55 64 18 24 53 57 3 92 41 80 38 12 
71 30 12 7 76 75 11 52 55 50 77 42 29 65 88 58 99 45 66 40 19 54 46 96 69 85 47 20 73 2 78 3 103 98 102 36 41 34 63 10 90 74 83 51 18 101 53 15 0 27 86 37 32 33 49 89 93 
72 93 5 60 13 47 79 63 102 0 14 83 41 54 51 35 50 42 89 45 46 103 28 29 84 94 17 20 32 105 86 61 96 87 23 40 66 81 88 11 69 73 9 44 75 30 64 92 18 91 12 2 21 4 43 
73 95 99 62 6 7 77 103 84 48 27 81 23 30 80 74 40 85 18 104 12 76 41 98 71 45 100 75 39 60 101 87 25 0 70 91 51 2 16 54 56 52 65 72 35 64 58 33 36 14 31 50 
74 16 84 46 17 80 48 24 11 31 64 2 82 69 39 45 73 81 40 94 20 90 75 12 62 79 5 32 18 105 102 52 63 101 56 78 77 71 6 99 1 93 15 22 104 87 92 97 36 
75 0 57 4 24 38 71 44 102 19 76 56 93 27 11 15 54 55 92 87 40 64 34 62 25 74 104 73 1 79 2 70 66 47 7 31 77 88 21 72 46 42 63 65 78 103 67 
76 94 89 80 71 8 34 13 90 96 75 79 101 31 28 16 95 35 7 19 57 32 67 40 73 46 25 91 87 52 44 53 26 18 9 37 65 22 39 66 21 59 62 86 102 12 3 82 105 84 63 48 68 5 
77 67 96 97 65 86 59 87 2 100 7 73 1 63 71 31 50 35 0 85 91 8 89 6 36 24 56 70 84 22 21 29 94 25 47 61 12 13 74 34 81 93 51 60 32 48 46 43 75 17 49 99 38 54 
78 100 96 24 27 51 48 91 82 70 83 25 7 31 42 102 94 5 39 13 49 45 69 12 89 71 4 8 61 16 58 81 21 74 10 3 18 90 88 19 50 101 68 44 93 37 38 14 66 46 26 9 92 32 75 56 47 67 43 
79 17 41 45 98 59 72 83 25 76 19 31 35 13 12 42 46 65 104 29 48 74 9 34 4 86 75 58 69 82 14 10 5 60 6 39 90 52 20 21 87 53 64 102 7 38 49 100 63 22 30 66 56 
80 37 4 76 29 81 24 23 68 74 10 42 73 6 26 97 83 11 84 58 57 92 51 22 82 8 91 52 2 20 39 59 88 100 46 65 43 45 0 17 34 21 70 49 7 
81 47 9 10 42 89 84 1 80 27 26 86 73 22 30 5 92 32 105 65 59 88 99 24 54 3 93 74 61 60 91 41 95 33 57 0 35 63 14 68 78 34 4 19 44 38 77 101 72 87 18 37 46 48 2 16 85 15 8 29 
82 29 67 86 1 92 104 12 40 78 69 74 26 53 14 21 64 11 9 5 95 33 80 48 84 42 19 55 79 85 66 47 46 20 44 63 88 31 94 65 17 76 16 
83 90 13 8 24 85 37 89 79 94 72 97 78 25 10 2 4 50 61 86 46 93 47 80 102 19 91 92 18 60 16 43 31 99 42 69 52 12 45 59 58 71 3 1 6 36 51 101 40 55 56 96 
84 90 81 14 41 74 96 105 73 43 12 95 3 4 31 85 49 44 104 42 80 94 45 64 77 59 36 11 82 60 99 2 72 69 48 37 66 7 15 103 27 65 26 91 87 40 22 28 102 32 19 76 54 9 53 52 16 23 88 93 55 29 
85 22 50 37 83 98 8 54 2 105 55 41 103 77 70 38 84 43 100 17 30 99 7 67 1 73 71 27 86 33 88 48 13 6 44 15 5 82 42 64 9 58 69 36 93 4 26 16 81 
86 33 82 11 77 104 97 45 66 64 81 70 51 63 18 103 83 56 93 28 40 8 102 23 14 85 4 96 87 101 54 105 79 9 72 61 32 50 10 35 99 36 29 19 76 98 71 3 67 60 89 58 55 5 37 21 0 30 15 
87 40 51 77 46 95 31 67 103 56 38 12 101 75 8 93 23 0 6 5 59 76 47 86 45 52 65 92 44 102 29 73 11 35 48 66 41 72 1 53 61 84 17 81 3 74 7 79 2 100 27 94 30 55 97 19 
88 38 46 51 104 66 67 54 0 56 99 29 71 96 81 24 27 47 14 17 43 92 2 26 85 60 39 28 18 30 4 70 102 78 69 49 44 82 63 80 72 55 50 75 91 25 1 13 64 7 52 90 84 94 58 22 36 
89 69 3 76 81 102 44 94 83 63 8 77 72 92 50 17 36 48 1 38 29 78 57 15 31 16 42 90 46 51 93 9 60 6 55 0 4 100 52 10 11 21 68 39 58 35 86 71 2 64 12 65 96 
90 83 38 84 27 62 76 15 13 67 4 7 37 44 2 97 14 26 33 103 99 34 18 74 93 89 59 94 35 63 0 71 78 79 55 41 24 102 16 6 105 19 95 101 42 22 66 40 88 57 47 49 39 
91 8 17 95 4 78 18 22 16 77 96 10 15 47 48 81 83 30 3 76 25 21 5 80 33 9 13 19 40 73 58 29 53 32 84 64 97 88 69 44 2 61 103 101 38 72 1 52 104 7 
92 43 53 67 82 64 54 9 60 57 27 38 81 16 59 21 40 89 75 98 45 58 6 88 50 42 80 28 83 46 18 41 44 94 87 62 2 29 48 24 100 52 69 93 34 4 56 19 78 72 31 7 70 14 74 
93 72 57 30 58 94 18 96 11 34 27 2 75 48 23 53 104 81 86 87 83 21 25 99 14 66 95 0 29 7 98 90 40 16 103 39 45 42 89 68 77 74 59 92 5 85 50 20 78 6 44 51 71 35 84 62 
94 76 46 25 89 93 83 99 61 13 21 102 78 74 32 10 84 23 3 41 77 62 92 68 35 72 31 90 47 5 12 96 60 22 49 24 67 0 26 11 82 58 16 33 87 42 98 15 48 88 37 59 
95 6 73 45 91 26 20 87 65 41 60 17 84 38 70 42 37 76 5 61 51 48 100 29 31 43 13 81 93 22 16 82 104 30 12 25 68 52 21 0 34 3 11 90 102 50 69 67 98 66 54 1 39 
96 77 58 56 98 78 69 84 76 44 35 64 93 0 16 88 91 50 24 22 71 86 47 33 11 38 99 42 53 60 17 101 10 19 94 72 36 26 67 21 61 46 8 54 48 89 97 83 
97 6 70 61 77 2 53 86 25 13 22 83 104 100 60 8 90 16 80 49 20 26 33 101 1 103 27 17 64 18 55 12 62 63 44 5 99 10 105 91 24 52 40 98 0 68 35 15 102 50 9 87 96 74 30 
98 65 79 96 3 85 46 105 60 0 26 28 27 53 37 52 30 22 64 11 92 44 43 17 61 31 51 8 99 32 73 93 36 59 56 34 71 10 20 57 40 18 35 38 25 14 7 70 5 86 97 68 2 48 95 94 69 6 54 
99 38 73 4 88 94 27 54 71 45 81 0 36 85 93 63 98 90 5 68 96 13 84 58 83 53 62 57 11 100 47 105 15 55 26 102 74 43 86 32 97 21 65 41 66 46 69 25 101 64 77 18 61 20 
100 26 78 30 77 46 55 66 97 35 17 50 85 4 95 2 60 56 73 36 45 22 37 57 99 31 44 0 105 70 5 89 92 29 80 11 1 14 12 104 65 102 3 54 87 33 24 68 41 59 79 47 18 13 53 8 
101 103 11 51 70 68 17 25 60 62 5 34 49 47 76 35 31 66 87 53 50 14 13 97 86 24 63 40 0 96 74 73 36 27 52 37 15 71 81 78 83 90 91 42 67 39 99 12 102 6 
102 24 89 14 72 75 32 58 20 25 3 78 94 42 13 34 47 55 64 83 86 22 57 63 43 36 74 26 104 71 87 105 33 53 88 90 99 37 15 46 1 6 76 95 84 100 4 18 11 79 68 54 97 66 101 31 67 
103 101 25 16 51 62 20 21 73 30 85 68 34 87 55 13 86 3 60 64 7 72 28 90 10 48 8 93 47 18 69 71 97 67 70 46 65 84 50 52 53 49 19 12 15 37 91 36 104 24 59 41 11 38 75 66 
104 10 88 3 9 8 86 82 52 2 21 97 17 12 93 28 20 84 38 47 79 73 19 70 62 75 68 95 55 102 13 1 35 105 29 26 11 67 74 54 100 36 31 7 103 41 16 91 48 14 32 
105 57 41 19 44 70 84 52 98 18 68 85 9 81 21 66 4 37 5 62 56 2 86 42 67 74 28 33 51 102 100 72 29 99 104 3 61 63 90 97 13 14 76 26 43 22 34 11 40 45 48 58 39 
