0 87 
0 44 
0 71 
0 58 
0 21 
0 113 
0 15 
0 3 
0 14 
0 106 
0 98 
0 103 
0 74 
0 36 
0 23 
0 64 
0 85 
0 26 
0 62 
0 102 
0 37 
0 17 
0 6 
0 50 
0 68 
0 42 
0 101 
0 92 
0 60 
0 32 
0 91 
0 94 
0 31 
0 27 
0 69 
0 108 
0 117 
0 56 
0 8 
0 41 
0 121 
0 59 
0 4 
0 47 
0 57 
0 96 
0 28 
0 1 
0 80 
0 63 
0 109 
0 115 
0 122 
0 75 
0 66 
0 79 
0 33 
0 114 
0 13 
0 54 
0 73 
0 77 
0 81 
0 120 
0 51 
0 25 
0 45 
0 105 
0 39 
0 78 
0 53 
0 72 
0 40 
0 82 
0 19 
0 55 
0 7 
0 111 
0 34 
0 18 
0 11 
0 76 
0 67 
0 30 
0 84 
0 10 
0 89 
0 61 
0 52 
0 88 
0 22 
0 24 
1 103 
1 52 
1 120 
1 65 
1 110 
1 40 
1 61 
1 51 
1 82 
1 3 
1 114 
1 5 
1 16 
1 34 
1 29 
1 24 
1 91 
1 19 
1 74 
1 71 
1 93 
1 36 
1 56 
1 46 
1 68 
1 30 
1 70 
1 69 
1 73 
1 88 
1 15 
1 94 
1 96 
1 81 
1 20 
1 79 
1 17 
1 7 
1 43 
1 55 
1 27 
1 113 
1 117 
1 39 
1 54 
1 63 
1 64 
1 57 
1 122 
1 99 
1 32 
1 0 
1 92 
1 115 
1 23 
1 26 
1 104 
1 106 
1 121 
1 116 
1 25 
1 85 
1 89 
1 109 
1 6 
1 87 
1 77 
1 102 
1 90 
1 59 
1 119 
1 75 
1 31 
1 83 
1 53 
1 101 
1 21 
1 38 
1 41 
1 14 
1 67 
1 84 
1 108 
1 12 
1 118 
1 98 
1 107 
1 2 
1 125 
1 45 
2 80 
2 102 
2 45 
2 70 
2 53 
2 27 
2 66 
2 21 
2 11 
2 43 
2 17 
2 89 
2 48 
2 78 
2 88 
2 117 
2 4 
2 84 
2 83 
2 121 
2 74 
2 30 
2 94 
2 73 
2 19 
2 5 
2 112 
2 56 
2 31 
2 119 
2 71 
2 46 
2 103 
2 57 
2 95 
2 23 
2 15 
2 20 
2 51 
2 49 
2 79 
2 55 
2 32 
2 28 
2 40 
2 77 
2 76 
2 108 
2 99 
2 107 
2 29 
2 39 
2 113 
2 16 
2 44 
2 116 
2 33 
2 85 
2 114 
2 25 
2 90 
2 120 
2 63 
2 124 
2 75 
2 38 
2 41 
2 126 
2 22 
2 92 
2 24 
2 122 
2 65 
2 98 
2 50 
2 118 
2 69 
2 86 
2 59 
2 54 
2 96 
2 105 
2 7 
2 101 
2 35 
2 100 
2 110 
2 91 
2 8 
2 68 
2 18 
2 115 
2 104 
2 34 
2 64 
2 93 
2 62 
2 9 
2 87 
2 47 
2 1 
2 72 
2 52 
3 29 
3 25 
3 22 
3 87 
3 58 
3 118 
3 90 
3 5 
3 4 
3 0 
3 1 
3 33 
3 116 
3 59 
3 120 
3 121 
3 51 
3 101 
3 105 
3 126 
3 85 
3 84 
3 110 
3 125 
3 19 
3 112 
3 14 
3 54 
3 61 
3 98 
3 68 
3 30 
3 62 
3 86 
3 38 
3 83 
3 48 
3 123 
3 73 
3 20 
3 60 
3 13 
3 97 
3 56 
3 94 
3 92 
3 15 
3 26 
3 124 
3 95 
3 80 
3 77 
3 24 
3 9 
3 57 
3 64 
3 82 
3 111 
3 6 
3 117 
3 44 
3 109 
3 93 
3 72 
3 28 
3 63 
3 40 
3 53 
3 7 
3 12 
3 52 
3 18 
3 21 
3 16 
3 34 
3 27 
3 76 
3 50 
3 55 
3 96 
3 32 
3 107 
3 102 
3 74 
3 122 
3 35 
3 43 
3 36 
3 89 
3 39 
3 113 
3 69 
3 100 
3 106 
3 115 
3 88 
4 54 
4 10 
4 40 
4 85 
4 20 
4 78 
4 115 
4 45 
4 42 
4 51 
4 22 
4 3 
4 87 
4 62 
4 33 
4 116 
4 8 
4 61 
4 27 
4 111 
4 68 
4 98 
4 2 
4 119 
4 19 
4 7 
4 79 
4 39 
4 84 
4 120 
4 6 
4 29 
4 28 
4 60 
4 58 
4 90 
4 65 
4 21 
4 52 
4 0 
4 11 
4 25 
4 103 
4 74 
4 32 
4 26 
4 104 
4 70 
4 121 
4 69 
4 46 
4 91 
4 12 
4 106 
4 64 
4 112 
4 102 
4 63 
4 100 
4 15 
4 55 
4 13 
4 53 
4 14 
4 36 
4 18 
4 72 
4 67 
4 37 
4 30 
4 9 
4 75 
4 34 
4 41 
4 82 
4 59 
4 23 
4 99 
4 80 
4 124 
4 83 
4 105 
4 113 
4 24 
4 17 
4 92 
4 76 
4 66 
4 89 
4 108 
4 110 
4 47 
5 96 
5 39 
5 15 
5 103 
5 28 
5 94 
5 3 
5 85 
5 86 
5 1 
5 61 
5 10 
5 59 
5 98 
5 40 
5 27 
5 93 
5 23 
5 12 
5 33 
5 113 
5 64 
5 80 
5 29 
5 47 
5 65 
5 106 
5 44 
5 123 
5 111 
5 8 
5 79 
5 16 
5 2 
5 66 
5 55 
5 83 
5 63 
5 97 
5 53 
5 18 
5 116 
5 121 
5 58 
5 20 
5 60 
5 109 
5 49 
5 21 
5 70 
5 87 
5 57 
5 73 
5 56 
5 30 
5 46 
5 102 
5 25 
5 43 
5 120 
5 69 
5 51 
5 88 
5 114 
5 92 
5 7 
5 117 
5 6 
5 81 
5 42 
5 110 
5 24 
5 9 
5 107 
5 54 
5 108 
5 99 
5 36 
5 89 
5 104 
5 76 
5 101 
5 105 
5 71 
5 91 
5 82 
5 74 
5 17 
5 118 
5 14 
5 125 
5 32 
5 31 
5 26 
5 72 
5 41 
6 124 
6 116 
6 56 
6 53 
6 106 
6 13 
6 42 
6 9 
6 95 
6 40 
6 7 
6 63 
6 111 
6 83 
6 11 
6 123 
6 119 
6 87 
6 89 
6 64 
6 94 
6 78 
6 125 
6 0 
6 79 
6 8 
6 33 
6 99 
6 34 
6 38 
6 86 
6 4 
6 46 
6 115 
6 58 
6 98 
6 77 
6 28 
6 82 
6 67 
6 14 
6 19 
6 122 
6 90 
6 36 
6 30 
6 48 
6 29 
6 69 
6 62 
6 108 
6 91 
6 22 
6 50 
6 59 
6 66 
6 25 
6 65 
6 41 
6 61 
6 20 
6 3 
6 71 
6 103 
6 100 
6 126 
6 118 
6 57 
6 17 
6 45 
6 32 
6 1 
6 113 
6 5 
6 43 
6 104 
6 120 
6 117 
6 70 
6 31 
6 96 
6 72 
6 84 
6 55 
6 101 
6 47 
6 121 
6 23 
6 44 
6 15 
6 112 
6 109 
6 92 
6 114 
6 39 
6 102 
6 80 
6 52 
7 64 
7 57 
7 76 
7 34 
7 6 
7 67 
7 90 
7 103 
7 54 
7 108 
7 16 
7 62 
7 89 
7 95 
7 91 
7 40 
7 93 
7 121 
7 125 
7 28 
7 69 
7 37 
7 66 
7 52 
7 38 
7 4 
7 45 
7 92 
7 39 
7 77 
7 44 
7 113 
7 31 
7 26 
7 1 
7 111 
7 104 
7 117 
7 119 
7 15 
7 85 
7 23 
7 101 
7 112 
7 25 
7 59 
7 65 
7 75 
7 122 
7 114 
7 98 
7 36 
7 50 
7 12 
7 32 
7 30 
7 27 
7 48 
7 70 
7 58 
7 9 
7 20 
7 106 
7 78 
7 5 
7 17 
7 19 
7 3 
7 41 
7 71 
7 42 
7 120 
7 47 
7 97 
7 88 
7 84 
7 56 
7 0 
7 2 
7 126 
7 49 
7 102 
7 53 
7 46 
7 80 
7 43 
7 10 
7 73 
7 87 
7 74 
7 100 
7 18 
7 61 
7 55 
7 109 
7 33 
8 100 
8 114 
8 43 
8 107 
8 125 
8 73 
8 20 
8 29 
8 33 
8 24 
8 59 
8 126 
8 10 
8 86 
8 76 
8 74 
8 124 
8 88 
8 75 
8 11 
8 4 
8 95 
8 112 
8 90 
8 92 
8 63 
8 65 
8 45 
8 56 
8 64 
8 35 
8 6 
8 60 
8 47 
8 117 
8 102 
8 5 
8 78 
8 77 
8 52 
8 18 
8 49 
8 123 
8 62 
8 84 
8 118 
8 106 
8 115 
8 122 
8 0 
8 109 
8 54 
8 31 
8 27 
8 19 
8 82 
8 91 
8 46 
8 81 
8 17 
8 39 
8 110 
8 79 
8 15 
8 119 
8 13 
8 40 
8 12 
8 120 
8 44 
8 9 
8 98 
8 30 
8 48 
8 68 
8 121 
8 2 
8 99 
8 89 
8 25 
8 23 
8 32 
8 26 
8 111 
8 37 
8 103 
9 104 
9 50 
9 62 
9 6 
9 107 
9 75 
9 89 
9 86 
9 10 
9 14 
9 101 
9 110 
9 88 
9 123 
9 60 
9 73 
9 116 
9 85 
9 100 
9 51 
9 95 
9 111 
9 46 
9 26 
9 103 
9 66 
9 99 
9 45 
9 112 
9 39 
9 108 
9 70 
9 54 
9 120 
9 32 
9 35 
9 126 
9 42 
9 27 
9 102 
9 97 
9 115 
9 29 
9 23 
9 71 
9 76 
9 31 
9 125 
9 33 
9 90 
9 113 
9 3 
9 37 
9 81 
9 67 
9 92 
9 7 
9 57 
9 96 
9 72 
9 77 
9 56 
9 69 
9 8 
9 30 
9 105 
9 41 
9 4 
9 28 
9 65 
9 5 
9 59 
9 15 
9 83 
9 21 
9 119 
9 94 
9 82 
9 38 
9 19 
9 84 
9 52 
9 34 
9 12 
9 40 
9 44 
9 18 
9 98 
9 2 
9 122 
9 93 
9 106 
10 61 
10 4 
10 57 
10 108 
10 73 
10 120 
10 94 
10 107 
10 66 
10 74 
10 9 
10 8 
10 5 
10 53 
10 18 
10 24 
10 17 
10 47 
10 110 
10 36 
10 71 
10 12 
10 87 
10 99 
10 51 
10 82 
10 31 
10 97 
10 38 
10 123 
10 89 
10 34 
10 88 
10 69 
10 118 
10 68 
10 100 
10 111 
10 19 
10 63 
10 90 
10 56 
10 81 
10 83 
10 65 
10 77 
10 116 
10 25 
10 44 
10 42 
10 115 
10 43 
10 105 
10 59 
10 11 
10 95 
10 119 
10 117 
10 96 
10 14 
10 60 
10 45 
10 86 
10 126 
10 22 
10 54 
10 91 
10 64 
10 101 
10 27 
10 98 
10 124 
10 16 
10 103 
10 23 
10 85 
10 7 
10 67 
10 52 
10 76 
10 0 
10 48 
10 20 
10 32 
10 40 
10 80 
10 112 
11 83 
11 101 
11 91 
11 27 
11 21 
11 76 
11 111 
11 119 
11 120 
11 78 
11 93 
11 103 
11 41 
11 58 
11 47 
11 70 
11 59 
11 37 
11 110 
11 6 
11 16 
11 79 
11 63 
11 105 
11 8 
11 17 
11 56 
11 2 
11 65 
11 69 
11 71 
11 40 
11 112 
11 42 
11 85 
11 54 
11 19 
11 80 
11 117 
11 68 
11 4 
11 106 
11 52 
11 50 
11 36 
11 116 
11 72 
11 60 
11 82 
11 86 
11 25 
11 75 
11 95 
11 57 
11 44 
11 51 
11 10 
11 126 
11 35 
11 29 
11 96 
11 87 
11 18 
11 122 
11 81 
11 97 
11 113 
11 98 
11 43 
11 31 
11 74 
11 115 
11 22 
11 67 
11 0 
11 77 
11 121 
11 39 
11 45 
11 33 
11 20 
11 107 
11 73 
11 48 
11 15 
11 92 
11 32 
11 26 
12 67 
12 63 
12 75 
12 58 
12 50 
12 42 
12 33 
12 61 
12 99 
12 26 
12 34 
12 71 
12 80 
12 44 
12 124 
12 20 
12 82 
12 90 
12 5 
12 10 
12 15 
12 88 
12 40 
12 110 
12 70 
12 115 
12 59 
12 103 
12 31 
12 81 
12 121 
12 54 
12 72 
12 35 
12 37 
12 68 
12 116 
12 92 
12 65 
12 73 
12 113 
12 76 
12 51 
12 24 
12 102 
12 38 
12 94 
12 53 
12 43 
12 22 
12 120 
12 13 
12 84 
12 48 
12 95 
12 104 
12 36 
12 119 
12 4 
12 30 
12 101 
12 7 
12 109 
12 78 
12 21 
12 62 
12 77 
12 41 
12 108 
12 8 
12 125 
12 14 
12 112 
12 52 
12 66 
12 3 
12 17 
12 25 
12 32 
12 117 
12 60 
12 111 
12 91 
12 74 
12 18 
12 1 
12 122 
12 87 
12 9 
12 69 
12 114 
12 100 
12 39 
12 89 
12 45 
12 96 
12 126 
13 81 
13 112 
13 6 
13 123 
13 106 
13 122 
13 66 
13 35 
13 117 
13 33 
13 92 
13 115 
13 89 
13 80 
13 108 
13 93 
13 101 
13 63 
13 39 
13 120 
13 28 
13 38 
13 23 
13 19 
13 76 
13 82 
13 109 
13 71 
13 75 
13 83 
13 124 
13 103 
13 110 
13 53 
13 64 
13 36 
13 67 
13 77 
13 78 
13 17 
13 25 
13 59 
13 121 
13 62 
13 114 
13 102 
13 105 
13 104 
13 3 
13 69 
13 12 
13 61 
13 96 
13 27 
13 20 
13 37 
13 0 
13 113 
13 26 
13 118 
13 116 
13 8 
13 4 
13 22 
13 125 
13 54 
13 49 
13 51 
13 100 
13 16 
13 56 
13 18 
13 14 
13 15 
13 84 
13 50 
13 107 
13 42 
13 29 
13 60 
13 111 
13 94 
13 34 
13 70 
13 52 
13 40 
13 65 
13 119 
13 88 
13 43 
13 98 
13 31 
13 45 
13 87 
13 91 
13 97 
13 126 
13 55 
14 67 
14 49 
14 27 
14 103 
14 38 
14 109 
14 0 
14 88 
14 26 
14 9 
14 97 
14 126 
14 107 
14 30 
14 70 
14 63 
14 121 
14 62 
14 116 
14 100 
14 124 
14 44 
14 80 
14 66 
14 59 
14 85 
14 68 
14 98 
14 122 
14 79 
14 84 
14 3 
14 120 
14 71 
14 35 
14 86 
14 74 
14 51 
14 99 
14 15 
14 24 
14 28 
14 16 
14 46 
14 56 
14 72 
14 6 
14 48 
14 31 
14 18 
14 91 
14 108 
14 94 
14 69 
14 111 
14 92 
14 73 
14 114 
14 36 
14 96 
14 23 
14 89 
14 29 
14 60 
14 106 
14 10 
14 45 
14 90 
14 64 
14 4 
14 41 
14 20 
14 47 
14 12 
14 57 
14 75 
14 77 
14 65 
14 13 
14 37 
14 33 
14 123 
14 102 
14 17 
14 118 
14 42 
14 93 
14 83 
14 61 
14 87 
14 1 
14 21 
14 55 
14 104 
14 5 
14 22 
14 81 
14 112 
15 5 
15 31 
15 54 
15 101 
15 45 
15 0 
15 100 
15 42 
15 39 
15 44 
15 78 
15 49 
15 115 
15 50 
15 12 
15 69 
15 109 
15 37 
15 88 
15 20 
15 38 
15 60 
15 97 
15 27 
15 119 
15 47 
15 1 
15 40 
15 59 
15 95 
15 107 
15 71 
15 29 
15 118 
15 14 
15 52 
15 98 
15 53 
15 82 
15 62 
15 103 
15 99 
15 7 
15 114 
15 2 
15 125 
15 36 
15 64 
15 30 
15 73 
15 22 
15 3 
15 33 
15 8 
15 74 
15 108 
15 32 
15 120 
15 4 
15 89 
15 23 
15 90 
15 18 
15 83 
15 61 
15 66 
15 65 
15 57 
15 86 
15 13 
15 17 
15 77 
15 9 
15 21 
15 105 
15 19 
15 111 
15 126 
15 87 
15 51 
15 63 
15 104 
15 92 
15 94 
15 76 
15 121 
15 84 
15 122 
15 123 
15 26 
15 67 
15 80 
15 91 
15 6 
15 96 
15 48 
15 117 
15 56 
15 16 
15 11 
15 34 
15 24 
15 35 
16 58 
16 78 
16 66 
16 83 
16 118 
16 88 
16 107 
16 120 
16 86 
16 94 
16 93 
16 123 
16 7 
16 1 
16 49 
16 11 
16 110 
16 50 
16 82 
16 43 
16 37 
16 87 
16 125 
16 52 
16 40 
16 28 
16 5 
16 90 
16 46 
16 47 
16 23 
16 61 
16 122 
16 64 
16 62 
16 14 
16 91 
16 54 
16 103 
16 98 
16 48 
16 124 
16 34 
16 76 
16 105 
16 29 
16 20 
16 81 
16 77 
16 101 
16 114 
16 92 
16 84 
16 115 
16 73 
16 30 
16 2 
16 44 
16 33 
16 42 
16 13 
16 104 
16 19 
16 3 
16 116 
16 126 
16 100 
16 10 
16 68 
16 31 
16 36 
16 26 
16 63 
16 57 
16 74 
16 45 
16 53 
16 72 
16 99 
16 15 
16 106 
16 21 
16 108 
16 35 
16 102 
17 117 
17 86 
17 83 
17 118 
17 46 
17 109 
17 27 
17 19 
17 10 
17 87 
17 11 
17 77 
17 120 
17 2 
17 119 
17 0 
17 125 
17 30 
17 78 
17 18 
17 110 
17 115 
17 85 
17 31 
17 22 
17 38 
17 1 
17 101 
17 41 
17 13 
17 94 
17 63 
17 102 
17 8 
17 90 
17 80 
17 121 
17 89 
17 116 
17 66 
17 21 
17 6 
17 113 
17 50 
17 70 
17 53 
17 103 
17 36 
17 49 
17 96 
17 29 
17 43 
17 7 
17 65 
17 107 
17 74 
17 34 
17 79 
17 100 
17 60 
17 93 
17 52 
17 12 
17 68 
17 48 
17 15 
17 58 
17 44 
17 106 
17 14 
17 37 
17 105 
17 75 
17 108 
17 72 
17 47 
17 95 
17 73 
17 99 
17 28 
17 4 
17 92 
17 51 
17 32 
17 111 
17 5 
17 123 
17 45 
17 82 
17 20 
17 88 
17 55 
17 25 
18 47 
18 75 
18 55 
18 91 
18 112 
18 86 
18 102 
18 25 
18 118 
18 62 
18 52 
18 10 
18 80 
18 84 
18 57 
18 53 
18 20 
18 24 
18 73 
18 35 
18 23 
18 29 
18 116 
18 60 
18 51 
18 123 
18 50 
18 104 
18 39 
18 17 
18 61 
18 8 
18 68 
18 113 
18 32 
18 66 
18 33 
18 49 
18 65 
18 74 
18 59 
18 38 
18 90 
18 121 
18 5 
18 105 
18 14 
18 109 
18 83 
18 21 
18 43 
18 19 
18 26 
18 36 
18 89 
18 124 
18 119 
18 103 
18 41 
18 97 
18 11 
18 34 
18 99 
18 30 
18 15 
18 107 
18 4 
18 85 
18 120 
18 70 
18 100 
18 3 
18 88 
18 31 
18 13 
18 95 
18 37 
18 58 
18 87 
18 67 
18 63 
18 98 
18 22 
18 82 
18 108 
18 71 
18 0 
18 12 
18 110 
18 122 
18 44 
18 2 
18 28 
18 27 
18 9 
18 92 
18 69 
18 96 
18 7 
18 40 
19 43 
19 70 
19 50 
19 87 
19 101 
19 98 
19 33 
19 119 
19 58 
19 88 
19 97 
19 112 
19 1 
19 20 
19 17 
19 94 
19 56 
19 110 
19 124 
19 126 
19 78 
19 54 
19 35 
19 69 
19 3 
19 4 
19 13 
19 99 
19 28 
19 2 
19 125 
19 25 
19 71 
19 21 
19 10 
19 108 
19 64 
19 11 
19 29 
19 6 
19 113 
19 118 
19 53 
19 61 
19 8 
19 104 
19 24 
19 79 
19 18 
19 105 
19 55 
19 73 
19 84 
19 72 
19 85 
19 117 
19 109 
19 67 
19 41 
19 68 
19 40 
19 66 
19 27 
19 81 
19 95 
19 31 
19 7 
19 77 
19 16 
19 45 
19 121 
19 111 
19 15 
19 57 
19 0 
19 82 
19 48 
19 51 
19 102 
19 36 
19 63 
19 9 
19 116 
19 93 
19 122 
19 62 
19 86 
19 107 
19 59 
19 49 
19 89 
19 37 
19 80 
19 44 
19 47 
19 103 
19 60 
20 34 
20 23 
20 4 
20 8 
20 72 
20 31 
20 114 
20 43 
20 48 
20 28 
20 19 
20 83 
20 105 
20 12 
20 18 
20 49 
20 47 
20 65 
20 64 
20 112 
20 96 
20 118 
20 15 
20 115 
20 123 
20 100 
20 109 
20 38 
20 59 
20 22 
20 29 
20 63 
20 97 
20 1 
20 126 
20 56 
20 69 
20 26 
20 98 
20 2 
20 86 
20 73 
20 5 
20 35 
20 85 
20 3 
20 106 
20 88 
20 77 
20 58 
20 119 
20 46 
20 89 
20 55 
20 76 
20 71 
20 108 
20 13 
20 16 
20 6 
20 51 
20 125 
20 67 
20 57 
20 81 
20 121 
20 104 
20 7 
20 24 
20 14 
20 30 
20 74 
20 122 
20 116 
20 41 
20 110 
20 99 
20 32 
20 45 
20 66 
20 40 
20 107 
20 91 
20 102 
20 111 
20 27 
20 25 
20 33 
20 124 
20 103 
20 52 
20 39 
20 113 
20 11 
20 93 
20 75 
20 70 
20 10 
20 17 
20 37 
21 42 
21 11 
21 0 
21 69 
21 121 
21 34 
21 25 
21 99 
21 2 
21 70 
21 60 
21 55 
21 125 
21 102 
21 116 
21 58 
21 67 
21 49 
21 66 
21 100 
21 88 
21 27 
21 36 
21 46 
21 89 
21 61 
21 31 
21 44 
21 19 
21 110 
21 115 
21 26 
21 30 
21 51 
21 73 
21 41 
21 123 
21 105 
21 4 
21 37 
21 95 
21 101 
21 117 
21 18 
21 29 
21 47 
21 5 
21 90 
21 87 
21 35 
21 94 
21 56 
21 93 
21 17 
21 12 
21 97 
21 92 
21 74 
21 113 
21 112 
21 71 
21 124 
21 76 
21 119 
21 72 
21 3 
21 54 
21 15 
21 82 
21 9 
21 63 
21 84 
21 52 
21 120 
21 1 
21 48 
21 28 
21 77 
21 106 
21 107 
21 14 
21 98 
21 68 
21 81 
21 45 
21 50 
21 108 
21 91 
21 111 
21 59 
21 16 
21 118 
22 45 
22 66 
22 53 
22 3 
22 75 
22 108 
22 79 
22 4 
22 88 
22 34 
22 113 
22 73 
22 84 
22 99 
22 122 
22 83 
22 103 
22 93 
22 116 
22 54 
22 70 
22 37 
22 106 
22 33 
22 74 
22 87 
22 20 
22 112 
22 62 
22 42 
22 17 
22 82 
22 97 
22 44 
22 31 
22 59 
22 92 
22 60 
22 90 
22 47 
22 51 
22 125 
22 12 
22 121 
22 6 
22 95 
22 15 
22 29 
22 57 
22 25 
22 58 
22 39 
22 115 
22 118 
22 80 
22 41 
22 24 
22 81 
22 126 
22 69 
22 85 
22 96 
22 13 
22 61 
22 117 
22 40 
22 10 
22 86 
22 101 
22 91 
22 56 
22 46 
22 2 
22 49 
22 104 
22 72 
22 120 
22 63 
22 18 
22 11 
22 48 
22 110 
22 50 
22 38 
22 27 
22 0 
22 98 
22 14 
22 94 
22 114 
23 82 
23 91 
23 20 
23 112 
23 105 
23 102 
23 39 
23 30 
23 121 
23 96 
23 42 
23 124 
23 98 
23 64 
23 0 
23 81 
23 52 
23 117 
23 76 
23 36 
23 55 
23 5 
23 113 
23 18 
23 104 
23 99 
23 13 
23 29 
23 111 
23 53 
23 49 
23 60 
23 118 
23 120 
23 89 
23 92 
23 57 
23 61 
23 38 
23 16 
23 44 
23 73 
23 27 
23 2 
23 7 
23 54 
23 9 
23 35 
23 125 
23 59 
23 47 
23 37 
23 72 
23 33 
23 63 
23 1 
23 24 
23 119 
23 65 
23 14 
23 45 
23 34 
23 58 
23 109 
23 100 
23 85 
23 83 
23 126 
23 15 
23 84 
23 115 
23 56 
23 79 
23 41 
23 50 
23 103 
23 71 
23 90 
23 114 
23 26 
23 51 
23 93 
23 62 
23 77 
23 4 
23 10 
23 122 
23 110 
23 108 
23 6 
23 107 
23 43 
23 8 
23 94 
23 87 
24 42 
24 27 
24 91 
24 72 
24 8 
24 77 
24 63 
24 53 
24 73 
24 1 
24 108 
24 74 
24 10 
24 94 
24 18 
24 75 
24 30 
24 62 
24 114 
24 52 
24 81 
24 58 
24 102 
24 45 
24 117 
24 43 
24 49 
24 66 
24 14 
24 59 
24 12 
24 121 
24 29 
24 38 
24 46 
24 32 
24 87 
24 37 
24 111 
24 19 
24 110 
24 78 
24 101 
24 105 
24 23 
24 56 
24 3 
24 36 
24 41 
24 35 
24 40 
24 22 
24 51 
24 48 
24 71 
24 116 
24 115 
24 99 
24 20 
24 93 
24 34 
24 67 
24 70 
24 2 
24 5 
24 89 
24 90 
24 92 
24 26 
24 86 
24 88 
24 64 
24 31 
24 4 
24 103 
24 126 
24 55 
24 25 
24 112 
24 125 
24 47 
24 100 
24 85 
24 68 
24 83 
24 124 
24 122 
24 15 
24 0 
25 89 
25 3 
25 45 
25 57 
25 66 
25 49 
25 33 
25 125 
25 111 
25 79 
25 84 
25 21 
25 52 
25 101 
25 38 
25 18 
25 83 
25 48 
25 94 
25 50 
25 60 
25 118 
25 67 
25 102 
25 70 
25 81 
25 76 
25 41 
25 116 
25 99 
25 122 
25 93 
25 123 
25 19 
25 42 
25 97 
25 36 
25 30 
25 115 
25 63 
25 80 
25 37 
25 73 
25 29 
25 13 
25 62 
25 65 
25 4 
25 59 
25 39 
25 82 
25 7 
25 58 
25 114 
25 10 
25 91 
25 11 
25 35 
25 22 
25 87 
25 86 
25 47 
25 6 
25 110 
25 121 
25 120 
25 1 
25 5 
25 40 
25 126 
25 2 
25 0 
25 77 
25 27 
25 103 
25 34 
25 12 
25 64 
25 107 
25 124 
25 20 
25 78 
25 105 
25 90 
25 112 
25 31 
25 75 
25 24 
25 8 
25 96 
25 108 
25 88 
25 109 
25 98 
25 104 
25 17 
26 68 
26 91 
26 30 
26 85 
26 95 
26 14 
26 54 
26 44 
26 12 
26 0 
26 28 
26 45 
26 125 
26 111 
26 73 
26 113 
26 90 
26 65 
26 119 
26 9 
26 53 
26 42 
26 62 
26 83 
26 79 
26 71 
26 88 
26 7 
26 21 
26 101 
26 41 
26 102 
26 61 
26 20 
26 109 
26 110 
26 123 
26 103 
26 89 
26 97 
26 93 
26 80 
26 31 
26 76 
26 4 
26 46 
26 120 
26 52 
26 18 
26 3 
26 1 
26 114 
26 77 
26 69 
26 13 
26 82 
26 92 
26 112 
26 67 
26 49 
26 74 
26 63 
26 57 
26 98 
26 43 
26 37 
26 72 
26 121 
26 84 
26 94 
26 40 
26 23 
26 24 
26 58 
26 87 
26 124 
26 48 
26 50 
26 75 
26 16 
26 27 
26 15 
26 38 
26 99 
26 105 
26 115 
26 78 
26 86 
26 108 
26 5 
26 36 
26 116 
26 29 
26 8 
26 107 
26 47 
26 11 
26 64 
27 11 
27 24 
27 14 
27 44 
27 2 
27 81 
27 122 
27 41 
27 55 
27 17 
27 5 
27 116 
27 89 
27 4 
27 46 
27 43 
27 56 
27 88 
27 39 
27 35 
27 65 
27 51 
27 21 
27 15 
27 98 
27 53 
27 78 
27 96 
27 0 
27 83 
27 91 
27 121 
27 23 
27 1 
27 75 
27 9 
27 113 
27 58 
27 36 
27 8 
27 101 
27 48 
27 106 
27 29 
27 110 
27 97 
27 107 
27 40 
27 114 
27 104 
27 123 
27 38 
27 85 
27 13 
27 70 
27 45 
27 7 
27 31 
27 94 
27 19 
27 61 
27 52 
27 118 
27 67 
27 103 
27 84 
27 25 
27 64 
27 109 
27 90 
27 28 
27 77 
27 111 
27 10 
27 3 
27 71 
27 115 
27 20 
27 119 
27 63 
27 54 
27 26 
27 108 
27 30 
27 33 
27 69 
27 18 
27 66 
27 74 
27 79 
27 22 
27 95 
27 76 
27 99 
27 93 
28 95 
28 48 
28 90 
28 40 
28 65 
28 68 
28 118 
28 86 
28 5 
28 75 
28 84 
28 20 
28 77 
28 26 
28 99 
28 58 
28 53 
28 30 
28 13 
28 88 
28 51 
28 66 
28 7 
28 91 
28 93 
28 19 
28 16 
28 106 
28 4 
28 80 
28 6 
28 61 
28 14 
28 70 
28 102 
28 116 
28 44 
28 117 
28 0 
28 124 
28 32 
28 2 
28 74 
28 123 
28 63 
28 35 
28 52 
28 96 
28 64 
28 55 
28 104 
28 47 
28 120 
28 3 
28 54 
28 100 
28 107 
28 37 
28 82 
28 39 
28 27 
28 97 
28 126 
28 110 
28 9 
28 81 
28 78 
28 125 
28 108 
28 43 
28 45 
28 109 
28 29 
28 67 
28 72 
28 103 
28 98 
28 41 
28 21 
28 83 
28 17 
28 85 
28 76 
28 49 
28 18 
28 69 
28 36 
28 71 
28 60 
28 56 
28 34 
28 115 
29 3 
29 126 
29 32 
29 104 
29 89 
29 83 
29 8 
29 118 
29 42 
29 35 
29 57 
29 77 
29 1 
29 36 
29 81 
29 54 
29 33 
29 111 
29 39 
29 112 
29 41 
29 18 
29 103 
29 60 
29 5 
29 23 
29 125 
29 46 
29 95 
29 20 
29 15 
29 4 
29 119 
29 76 
29 45 
29 25 
29 24 
29 19 
29 101 
29 9 
29 70 
29 43 
29 94 
29 78 
29 6 
29 27 
29 55 
29 34 
29 80 
29 21 
29 110 
29 86 
29 69 
29 61 
29 74 
29 22 
29 16 
29 49 
29 37 
29 14 
29 121 
29 123 
29 2 
29 106 
29 11 
29 59 
29 38 
29 65 
29 17 
29 73 
29 124 
29 63 
29 72 
29 53 
29 87 
29 64 
29 31 
29 109 
29 44 
29 122 
29 79 
29 85 
29 13 
29 102 
29 28 
29 97 
29 113 
29 56 
29 98 
29 47 
29 66 
29 90 
29 91 
29 26 
29 117 
30 76 
30 44 
30 106 
30 66 
30 26 
30 117 
30 23 
30 57 
30 42 
30 97 
30 14 
30 50 
30 68 
30 115 
30 40 
30 111 
30 24 
30 28 
30 110 
30 77 
30 1 
30 38 
30 17 
30 114 
30 91 
30 118 
30 65 
30 2 
30 92 
30 120 
30 62 
30 70 
30 37 
30 32 
30 119 
30 25 
30 21 
30 54 
30 58 
30 3 
30 39 
30 122 
30 52 
30 104 
30 85 
30 98 
30 83 
30 102 
30 6 
30 80 
30 100 
30 15 
30 34 
30 49 
30 116 
30 113 
30 12 
30 123 
30 124 
30 5 
30 90 
30 7 
30 101 
30 87 
30 95 
30 16 
30 67 
30 88 
30 18 
30 20 
30 82 
30 9 
30 121 
30 4 
30 63 
30 109 
30 8 
30 78 
30 53 
30 108 
30 35 
30 93 
30 107 
30 125 
30 75 
30 45 
30 103 
30 31 
30 27 
30 33 
30 99 
30 55 
30 0 
30 56 
30 81 
30 41 
31 63 
31 15 
31 37 
31 96 
31 58 
31 64 
31 38 
31 20 
31 75 
31 71 
31 86 
31 90 
31 45 
31 50 
31 123 
31 120 
31 54 
31 57 
31 53 
31 103 
31 97 
31 61 
31 10 
31 12 
31 83 
31 107 
31 113 
31 43 
31 17 
31 98 
31 33 
31 0 
31 105 
31 21 
31 2 
31 7 
31 36 
31 22 
31 72 
31 85 
31 8 
31 51 
31 59 
31 34 
31 14 
31 42 
31 79 
31 26 
31 56 
31 60 
31 9 
31 74 
31 78 
31 69 
31 68 
31 66 
31 91 
31 125 
31 101 
31 99 
31 81 
31 27 
31 41 
31 19 
31 124 
31 114 
31 110 
31 47 
31 18 
31 48 
31 88 
31 1 
31 35 
31 112 
31 29 
31 6 
31 108 
31 11 
31 16 
31 49 
31 67 
31 39 
31 122 
31 44 
31 82 
31 25 
31 24 
31 30 
31 102 
31 117 
31 32 
31 13 
31 89 
31 109 
31 62 
31 94 
31 55 
31 93 
31 5 
31 46 
31 65 
32 35 
32 29 
32 126 
32 45 
32 86 
32 105 
32 95 
32 78 
32 42 
32 93 
32 58 
32 96 
32 59 
32 109 
32 118 
32 52 
32 84 
32 33 
32 101 
32 38 
32 122 
32 107 
32 36 
32 56 
32 0 
32 18 
32 79 
32 68 
32 62 
32 30 
32 103 
32 97 
32 9 
32 55 
32 74 
32 106 
32 24 
32 111 
32 39 
32 4 
32 2 
32 88 
32 1 
32 112 
32 117 
32 28 
32 116 
32 66 
32 98 
32 83 
32 72 
32 104 
32 61 
32 51 
32 92 
32 7 
32 77 
32 90 
32 15 
32 94 
32 69 
32 71 
32 6 
32 87 
32 41 
32 91 
32 121 
32 113 
32 40 
32 60 
32 67 
32 20 
32 81 
32 12 
32 125 
32 54 
32 44 
32 114 
32 3 
32 120 
32 70 
32 123 
32 115 
32 31 
32 17 
32 99 
32 5 
32 119 
32 10 
32 8 
32 11 
32 89 
33 108 
33 104 
33 25 
33 125 
33 8 
33 19 
33 64 
33 107 
33 110 
33 13 
33 3 
33 83 
33 12 
33 74 
33 4 
33 93 
33 45 
33 73 
33 50 
33 29 
33 92 
33 89 
33 5 
33 67 
33 32 
33 57 
33 79 
33 100 
33 75 
33 22 
33 97 
33 88 
33 6 
33 87 
33 121 
33 55 
33 31 
33 126 
33 71 
33 48 
33 18 
33 58 
33 49 
33 122 
33 78 
33 72 
33 95 
33 80 
33 42 
33 9 
33 90 
33 120 
33 35 
33 39 
33 56 
33 23 
33 15 
33 109 
33 101 
33 0 
33 62 
33 81 
33 40 
33 117 
33 66 
33 53 
33 2 
33 38 
33 124 
33 16 
33 103 
33 63 
33 37 
33 46 
33 14 
33 36 
33 119 
33 123 
33 20 
33 47 
33 41 
33 68 
33 76 
33 30 
33 54 
33 11 
33 43 
33 27 
33 77 
33 94 
33 112 
33 102 
33 99 
33 69 
33 82 
33 118 
33 7 
34 20 
34 77 
34 97 
34 104 
34 66 
34 7 
34 21 
34 109 
34 36 
34 22 
34 1 
34 113 
34 49 
34 119 
34 12 
34 43 
34 83 
34 56 
34 58 
34 117 
34 6 
34 76 
34 10 
34 116 
34 90 
34 96 
34 103 
34 82 
34 75 
34 124 
34 31 
34 57 
34 102 
34 16 
34 29 
34 30 
34 51 
34 89 
34 99 
34 55 
34 23 
34 118 
34 73 
34 52 
34 126 
34 40 
34 121 
34 81 
34 18 
34 70 
34 110 
34 112 
34 61 
34 46 
34 24 
34 17 
34 79 
34 25 
34 93 
34 107 
34 62 
34 3 
34 64 
34 4 
34 67 
34 0 
34 13 
34 80 
34 114 
34 65 
34 98 
34 100 
34 54 
34 38 
34 94 
34 111 
34 123 
34 41 
34 9 
34 69 
34 35 
34 85 
34 72 
34 122 
34 2 
34 87 
34 50 
34 125 
34 84 
34 15 
34 48 
34 28 
35 32 
35 118 
35 96 
35 54 
35 29 
35 120 
35 50 
35 95 
35 13 
35 65 
35 85 
35 73 
35 60 
35 104 
35 78 
35 99 
35 113 
35 18 
35 111 
35 27 
35 8 
35 19 
35 83 
35 110 
35 36 
35 125 
35 119 
35 14 
35 12 
35 43 
35 9 
35 46 
35 47 
35 115 
35 49 
35 20 
35 90 
35 88 
35 39 
35 92 
35 41 
35 112 
35 23 
35 33 
35 71 
35 28 
35 81 
35 25 
35 72 
35 93 
35 68 
35 21 
35 24 
35 51 
35 66 
35 59 
35 11 
35 114 
35 106 
35 53 
35 100 
35 109 
35 45 
35 82 
35 101 
35 31 
35 76 
35 97 
35 116 
35 42 
35 57 
35 52 
35 30 
35 38 
35 2 
35 70 
35 108 
35 123 
35 3 
35 74 
35 69 
35 34 
35 67 
35 58 
35 64 
35 55 
35 102 
35 103 
35 16 
35 15 
36 91 
36 94 
36 64 
36 55 
36 34 
36 98 
36 80 
36 46 
36 105 
36 69 
36 29 
36 0 
36 1 
36 10 
36 23 
36 122 
36 32 
36 112 
36 124 
36 77 
36 90 
36 53 
36 71 
36 21 
36 35 
36 50 
36 65 
36 62 
36 44 
36 25 
36 31 
36 13 
36 99 
36 89 
36 106 
36 27 
36 6 
36 15 
36 11 
36 95 
36 121 
36 42 
36 49 
36 56 
36 14 
36 102 
36 78 
36 7 
36 103 
36 12 
36 79 
36 74 
36 24 
36 18 
36 75 
36 101 
36 39 
36 70 
36 107 
36 17 
36 4 
36 52 
36 51 
36 126 
36 96 
36 47 
36 82 
36 110 
36 123 
36 37 
36 116 
36 41 
36 117 
36 68 
36 92 
36 45 
36 61 
36 33 
36 84 
36 5 
36 40 
36 120 
36 59 
36 16 
36 19 
36 115 
36 93 
36 125 
36 3 
36 48 
36 83 
36 113 
36 72 
36 28 
36 26 
36 88 
36 67 
36 63 
37 60 
37 97 
37 31 
37 59 
37 40 
37 66 
37 49 
37 65 
37 82 
37 48 
37 91 
37 50 
37 11 
37 88 
37 46 
37 96 
37 116 
37 113 
37 51 
37 122 
37 92 
37 0 
37 103 
37 61 
37 115 
37 125 
37 22 
37 15 
37 7 
37 16 
37 108 
37 84 
37 118 
37 45 
37 57 
37 78 
37 72 
37 120 
37 30 
37 12 
37 74 
37 44 
37 41 
37 126 
37 106 
37 70 
37 25 
37 21 
37 109 
37 67 
37 54 
37 24 
37 105 
37 62 
37 75 
37 23 
37 53 
37 38 
37 81 
37 119 
37 71 
37 29 
37 9 
37 101 
37 13 
37 55 
37 86 
37 47 
37 85 
37 69 
37 64 
37 107 
37 123 
37 117 
37 76 
37 26 
37 90 
37 52 
37 87 
37 94 
37 33 
37 28 
37 4 
37 83 
37 36 
37 121 
37 18 
37 14 
37 68 
37 17 
37 98 
37 79 
37 112 
37 80 
37 111 
37 58 
37 124 
37 77 
37 19 
37 8 
37 20 
38 60 
38 42 
38 118 
38 111 
38 77 
38 31 
38 89 
38 98 
38 14 
38 124 
38 101 
38 25 
38 66 
38 105 
38 95 
38 32 
38 109 
38 13 
38 30 
38 15 
38 7 
38 114 
38 20 
38 10 
38 102 
38 96 
38 6 
38 40 
38 90 
38 23 
38 17 
38 56 
38 120 
38 99 
38 71 
38 50 
38 54 
38 18 
38 24 
38 91 
38 3 
38 107 
38 41 
38 67 
38 12 
38 85 
38 59 
38 55 
38 37 
38 74 
38 72 
38 93 
38 27 
38 70 
38 78 
38 94 
38 83 
38 46 
38 92 
38 76 
38 104 
38 39 
38 86 
38 126 
38 29 
38 33 
38 58 
38 117 
38 57 
38 2 
38 123 
38 119 
38 108 
38 106 
38 112 
38 81 
38 113 
38 64 
38 45 
38 84 
38 44 
38 69 
38 35 
38 88 
38 1 
38 53 
38 9 
38 26 
38 34 
38 62 
38 61 
38 121 
38 48 
38 22 
38 52 
38 43 
38 49 
38 87 
38 116 
39 40 
39 5 
39 50 
39 113 
39 108 
39 96 
39 52 
39 23 
39 119 
39 121 
39 57 
39 104 
39 15 
39 64 
39 65 
39 29 
39 84 
39 13 
39 27 
39 111 
39 79 
39 44 
39 88 
39 18 
39 4 
39 124 
39 9 
39 7 
39 56 
39 118 
39 46 
39 30 
39 102 
39 73 
39 106 
39 1 
39 25 
39 94 
39 35 
39 32 
39 100 
39 47 
39 82 
39 55 
39 33 
39 8 
39 74 
39 83 
39 22 
39 107 
39 105 
39 43 
39 2 
39 36 
39 117 
39 90 
39 92 
39 38 
39 71 
39 91 
39 126 
39 59 
39 61 
39 101 
39 110 
39 63 
39 0 
39 53 
39 28 
39 48 
39 77 
39 42 
39 62 
39 120 
39 87 
39 115 
39 99 
39 31 
39 20 
39 97 
39 78 
39 11 
39 75 
39 67 
39 109 
39 81 
39 116 
39 122 
39 3 
39 114 
39 68 
39 12 
39 123 
39 6 
39 103 
39 125 
40 120 
40 75 
40 39 
40 4 
40 116 
40 96 
40 104 
40 28 
40 37 
40 57 
40 1 
40 60 
40 6 
40 73 
40 47 
40 7 
40 94 
40 5 
40 122 
40 87 
40 30 
40 11 
40 72 
40 12 
40 55 
40 15 
40 16 
40 102 
40 38 
40 100 
40 48 
40 88 
40 67 
40 78 
40 105 
40 49 
40 108 
40 63 
40 91 
40 2 
40 27 
40 53 
40 45 
40 92 
40 24 
40 19 
40 34 
40 33 
40 25 
40 71 
40 8 
40 76 
40 114 
40 50 
40 106 
40 22 
40 110 
40 121 
40 66 
40 101 
40 65 
40 3 
40 32 
40 44 
40 74 
40 69 
40 68 
40 59 
40 126 
40 20 
40 26 
40 93 
40 111 
40 97 
40 0 
40 51 
40 117 
40 62 
40 36 
40 124 
40 125 
40 46 
40 85 
40 82 
40 58 
40 89 
40 81 
40 113 
40 13 
40 54 
40 56 
40 43 
40 115 
40 9 
40 61 
40 10 
40 18 
41 53 
41 88 
41 45 
41 11 
41 60 
41 71 
41 27 
41 124 
41 42 
41 79 
41 113 
41 48 
41 29 
41 87 
41 56 
41 25 
41 85 
41 75 
41 61 
41 62 
41 111 
41 123 
41 80 
41 107 
41 26 
41 17 
41 72 
41 37 
41 21 
41 0 
41 97 
41 55 
41 38 
41 91 
41 35 
41 119 
41 66 
41 92 
41 110 
41 118 
41 89 
41 24 
41 19 
41 77 
41 74 
41 6 
41 93 
41 22 
41 69 
41 94 
41 121 
41 18 
41 31 
41 12 
41 115 
41 70 
41 95 
41 32 
41 23 
41 14 
41 78 
41 76 
41 2 
41 63 
41 9 
41 44 
41 64 
41 7 
41 36 
41 20 
41 67 
41 101 
41 4 
41 103 
41 33 
41 47 
41 1 
41 28 
41 54 
41 100 
41 34 
41 122 
41 105 
41 126 
41 99 
41 30 
41 46 
41 114 
41 5 
42 120 
42 21 
42 24 
42 115 
42 38 
42 6 
42 74 
42 29 
42 94 
42 56 
42 108 
42 63 
42 4 
42 70 
42 23 
42 30 
42 67 
42 15 
42 126 
42 32 
42 12 
42 123 
42 41 
42 62 
42 98 
42 114 
42 61 
42 105 
42 82 
42 125 
42 66 
42 57 
42 53 
42 0 
42 26 
42 68 
42 46 
42 78 
42 71 
42 11 
42 25 
42 22 
42 83 
42 104 
42 47 
42 48 
42 89 
42 9 
42 43 
42 118 
42 55 
42 31 
42 33 
42 87 
42 101 
42 91 
42 36 
42 76 
42 10 
42 86 
42 69 
42 44 
42 54 
42 110 
42 90 
42 59 
42 16 
42 103 
42 77 
42 5 
42 73 
42 50 
42 58 
42 39 
42 109 
42 111 
42 7 
42 85 
42 121 
42 64 
42 107 
42 49 
42 14 
42 35 
42 13 
42 116 
42 65 
42 52 
42 72 
42 106 
42 96 
42 102 
43 70 
43 19 
43 48 
43 8 
43 56 
43 118 
43 20 
43 80 
43 92 
43 52 
43 34 
43 108 
43 2 
43 78 
43 103 
43 46 
43 27 
43 45 
43 102 
43 74 
43 16 
43 121 
43 82 
43 51 
43 31 
43 117 
43 55 
43 24 
43 86 
43 35 
43 116 
43 53 
43 1 
43 44 
43 71 
43 61 
43 125 
43 42 
43 96 
43 119 
43 29 
43 124 
43 93 
43 12 
43 18 
43 106 
43 99 
43 73 
43 10 
43 58 
43 39 
43 126 
43 123 
43 69 
43 5 
43 50 
43 110 
43 47 
43 64 
43 105 
43 98 
43 17 
43 26 
43 91 
43 6 
43 62 
43 85 
43 113 
43 107 
43 89 
43 66 
43 11 
43 57 
43 28 
43 111 
43 83 
43 95 
43 7 
43 13 
43 3 
43 104 
43 97 
43 54 
43 23 
43 33 
43 40 
43 59 
43 115 
43 38 
44 83 
44 30 
44 0 
44 104 
44 123 
44 53 
44 27 
44 26 
44 47 
44 96 
44 15 
44 112 
44 86 
44 14 
44 12 
44 82 
44 77 
44 70 
44 87 
44 39 
44 60 
44 5 
44 126 
44 76 
44 117 
44 108 
44 107 
44 122 
44 7 
44 36 
44 21 
44 78 
44 23 
44 22 
44 37 
44 43 
44 59 
44 80 
44 124 
44 101 
44 105 
44 28 
44 116 
44 103 
44 97 
44 10 
44 62 
44 55 
44 54 
44 11 
44 65 
44 52 
44 99 
44 119 
44 102 
44 74 
44 95 
44 42 
44 2 
44 16 
44 114 
44 3 
44 84 
44 46 
44 8 
44 48 
44 125 
44 81 
44 121 
44 40 
44 41 
44 88 
44 111 
44 17 
44 49 
44 29 
44 109 
44 32 
44 38 
44 120 
44 45 
44 73 
44 31 
44 56 
44 50 
44 113 
44 58 
44 18 
44 6 
44 100 
44 9 
44 19 
44 110 
44 61 
45 22 
45 25 
45 123 
45 32 
45 41 
45 4 
45 15 
45 2 
45 107 
45 104 
45 56 
45 31 
45 124 
45 33 
45 47 
45 26 
45 59 
45 8 
45 43 
45 119 
45 99 
45 98 
45 80 
45 81 
45 96 
45 121 
45 48 
45 93 
45 9 
45 89 
45 84 
45 37 
45 110 
45 24 
45 7 
45 100 
45 86 
45 29 
45 69 
45 79 
45 82 
45 52 
45 73 
45 53 
45 54 
45 51 
45 64 
45 23 
45 40 
45 61 
45 27 
45 118 
45 102 
45 91 
45 14 
45 6 
45 35 
45 109 
45 49 
45 10 
45 94 
45 103 
45 76 
45 0 
45 122 
45 97 
45 46 
45 20 
45 19 
45 62 
45 38 
45 36 
45 67 
45 28 
45 75 
45 68 
45 50 
45 44 
45 106 
45 30 
45 115 
45 55 
45 114 
45 111 
45 113 
45 116 
45 85 
45 90 
45 11 
45 16 
45 21 
45 13 
45 83 
45 72 
45 17 
45 117 
45 77 
45 1 
45 58 
45 60 
45 12 
46 59 
46 58 
46 63 
46 92 
46 17 
46 120 
46 122 
46 114 
46 108 
46 36 
46 105 
46 37 
46 73 
46 69 
46 100 
46 56 
46 1 
46 43 
46 97 
46 27 
46 125 
46 89 
46 52 
46 112 
46 9 
46 42 
46 29 
46 65 
46 21 
46 78 
46 16 
46 50 
46 6 
46 2 
46 95 
46 39 
46 35 
46 119 
46 14 
46 24 
46 26 
46 8 
46 20 
46 86 
46 115 
46 62 
46 4 
46 47 
46 104 
46 84 
46 55 
46 5 
46 38 
46 68 
46 107 
46 53 
46 57 
46 44 
46 94 
46 60 
46 34 
46 22 
46 45 
46 33 
46 79 
46 106 
46 61 
46 66 
46 96 
46 40 
46 101 
46 109 
46 54 
46 124 
46 7 
46 75 
46 72 
46 70 
46 67 
46 126 
46 110 
46 81 
46 90 
46 88 
46 41 
46 31 
46 77 
46 74 
46 87 
47 18 
47 118 
47 103 
47 109 
47 11 
47 110 
47 115 
47 44 
47 40 
47 45 
47 123 
47 125 
47 10 
47 71 
47 97 
47 55 
47 93 
47 20 
47 79 
47 5 
47 8 
47 121 
47 50 
47 120 
47 15 
47 59 
47 16 
47 76 
47 42 
47 92 
47 0 
47 35 
47 67 
47 65 
47 22 
47 88 
47 85 
47 77 
47 39 
47 126 
47 95 
47 21 
47 78 
47 23 
47 54 
47 51 
47 72 
47 46 
47 25 
47 117 
47 37 
47 53 
47 68 
47 43 
47 84 
47 28 
47 14 
47 60 
47 63 
47 102 
47 36 
47 48 
47 70 
47 31 
47 107 
47 112 
47 83 
47 116 
47 81 
47 7 
47 57 
47 98 
47 17 
47 74 
47 33 
47 6 
47 99 
47 41 
47 29 
47 122 
47 101 
47 114 
47 69 
47 75 
47 24 
47 100 
47 2 
47 26 
47 19 
47 86 
47 56 
47 64 
47 4 
47 61 
47 73 
48 43 
48 125 
48 28 
48 123 
48 88 
48 115 
48 61 
48 55 
48 37 
48 104 
48 113 
48 20 
48 25 
48 98 
48 112 
48 56 
48 84 
48 86 
48 41 
48 92 
48 2 
48 94 
48 45 
48 114 
48 82 
48 66 
48 33 
48 79 
48 117 
48 91 
48 99 
48 62 
48 40 
48 102 
48 109 
48 111 
48 42 
48 106 
48 14 
48 105 
48 16 
48 116 
48 93 
48 52 
48 3 
48 27 
48 107 
48 6 
48 100 
48 12 
48 110 
48 54 
48 90 
48 83 
48 96 
48 24 
48 121 
48 60 
48 7 
48 97 
48 58 
48 68 
48 57 
48 75 
48 70 
48 69 
48 119 
48 44 
48 74 
48 47 
48 31 
48 39 
48 17 
48 81 
48 95 
48 8 
48 65 
48 50 
48 19 
48 26 
48 77 
48 85 
48 120 
48 49 
48 21 
48 22 
48 72 
48 51 
48 122 
48 53 
48 38 
48 15 
48 36 
48 67 
48 11 
48 10 
48 34 
48 80 
48 73 
49 14 
49 92 
49 83 
49 25 
49 37 
49 63 
49 100 
49 101 
49 16 
49 34 
49 15 
49 52 
49 108 
49 79 
49 50 
49 109 
49 20 
49 95 
49 21 
49 51 
49 71 
49 23 
49 93 
49 119 
49 8 
49 114 
49 24 
49 80 
49 91 
49 18 
49 97 
49 33 
49 90 
49 106 
49 66 
49 35 
49 40 
49 2 
49 62 
49 115 
49 102 
49 5 
49 89 
49 36 
49 58 
49 30 
49 118 
49 56 
49 29 
49 104 
49 125 
49 65 
49 87 
49 26 
49 45 
49 84 
49 69 
49 17 
49 76 
49 13 
49 55 
49 99 
49 64 
49 85 
49 22 
49 74 
49 44 
49 98 
49 42 
49 70 
49 75 
49 31 
49 67 
49 48 
49 7 
49 28 
49 113 
49 19 
49 121 
49 117 
49 59 
49 38 
49 120 
49 124 
50 86 
50 51 
50 124 
50 19 
50 87 
50 108 
50 81 
50 9 
50 39 
50 52 
50 64 
50 35 
50 101 
50 12 
50 72 
50 92 
50 71 
50 37 
50 25 
50 31 
50 30 
50 107 
50 33 
50 49 
50 15 
50 118 
50 119 
50 16 
50 95 
50 109 
50 0 
50 18 
50 125 
50 106 
50 84 
50 85 
50 104 
50 47 
50 36 
50 79 
50 46 
50 103 
50 65 
50 38 
50 11 
50 94 
50 60 
50 80 
50 74 
50 6 
50 83 
50 7 
50 115 
50 114 
50 116 
50 17 
50 126 
50 43 
50 54 
50 40 
50 62 
50 63 
50 23 
50 73 
50 68 
50 42 
50 82 
50 2 
50 3 
50 13 
50 48 
50 67 
50 53 
50 91 
50 26 
50 45 
50 77 
50 121 
50 44 
50 76 
50 111 
50 66 
50 69 
50 112 
50 22 
50 21 
50 70 
50 90 
50 34 
50 89 
50 97 
51 50 
51 104 
51 117 
51 105 
51 98 
51 120 
51 74 
51 1 
51 78 
51 4 
51 125 
51 90 
51 102 
51 3 
51 113 
51 37 
51 52 
51 18 
51 28 
51 9 
51 10 
51 27 
51 116 
51 49 
51 110 
51 99 
51 58 
51 61 
51 101 
51 57 
51 43 
51 96 
51 55 
51 14 
51 103 
51 80 
51 66 
51 21 
51 93 
51 12 
51 106 
51 31 
51 2 
51 119 
51 121 
51 22 
51 70 
51 56 
51 34 
51 47 
51 45 
51 32 
51 83 
51 11 
51 35 
51 91 
51 54 
51 24 
51 100 
51 62 
51 97 
51 20 
51 5 
51 65 
51 92 
51 0 
51 13 
51 59 
51 85 
51 68 
51 36 
51 108 
51 75 
51 87 
51 67 
51 23 
51 124 
51 40 
51 64 
51 126 
51 19 
51 15 
51 114 
51 72 
51 122 
51 79 
51 48 
51 107 
51 89 
51 17 
51 112 
51 77 
51 71 
52 1 
52 74 
52 93 
52 126 
52 81 
52 79 
52 50 
52 39 
52 25 
52 86 
52 18 
52 43 
52 49 
52 70 
52 23 
52 120 
52 32 
52 110 
52 106 
52 54 
52 59 
52 51 
52 116 
52 102 
52 95 
52 46 
52 71 
52 7 
52 24 
52 65 
52 125 
52 8 
52 16 
52 61 
52 53 
52 76 
52 15 
52 78 
52 97 
52 103 
52 122 
52 30 
52 4 
52 48 
52 11 
52 94 
52 108 
52 45 
52 88 
52 90 
52 26 
52 104 
52 67 
52 60 
52 28 
52 44 
52 58 
52 66 
52 57 
52 34 
52 83 
52 84 
52 100 
52 27 
52 99 
52 85 
52 112 
52 64 
52 36 
52 72 
52 124 
52 37 
52 12 
52 3 
52 17 
52 98 
52 96 
52 77 
52 118 
52 35 
52 21 
52 75 
52 114 
52 42 
52 20 
52 13 
52 9 
52 10 
52 115 
52 123 
52 117 
52 0 
52 80 
52 38 
52 2 
52 6 
53 83 
53 6 
53 22 
53 41 
53 66 
53 120 
53 125 
53 115 
53 44 
53 24 
53 56 
53 2 
53 10 
53 55 
53 18 
53 124 
53 28 
53 31 
53 107 
53 42 
53 72 
53 26 
53 23 
53 73 
53 36 
53 123 
53 74 
53 27 
53 90 
53 52 
53 64 
53 121 
53 15 
53 104 
53 105 
53 108 
53 13 
53 43 
53 82 
53 69 
53 92 
53 5 
53 19 
53 75 
53 63 
53 12 
53 86 
53 119 
53 70 
53 45 
53 40 
53 118 
53 37 
53 60 
53 61 
53 97 
53 93 
53 106 
53 114 
53 81 
53 59 
53 116 
53 67 
53 101 
53 58 
53 35 
53 47 
53 17 
53 122 
53 33 
53 46 
53 87 
53 4 
53 54 
53 89 
53 68 
53 3 
53 78 
53 39 
53 95 
53 29 
53 91 
53 102 
53 79 
53 0 
53 30 
53 62 
53 1 
53 85 
53 50 
53 103 
53 112 
53 7 
53 38 
53 117 
53 48 
53 16 
53 96 
53 113 
54 4 
54 58 
54 35 
54 15 
54 94 
54 113 
54 68 
54 117 
54 7 
54 26 
54 63 
54 89 
54 29 
54 71 
54 92 
54 52 
54 31 
54 99 
54 79 
54 82 
54 115 
54 19 
54 22 
54 3 
54 12 
54 55 
54 67 
54 9 
54 11 
54 72 
54 98 
54 30 
54 16 
54 73 
54 38 
54 8 
54 101 
54 59 
54 1 
54 23 
54 37 
54 70 
54 81 
54 84 
54 76 
54 47 
54 45 
54 60 
54 44 
54 108 
54 48 
54 100 
54 51 
54 0 
54 65 
54 88 
54 125 
54 42 
54 50 
54 13 
54 53 
54 85 
54 80 
54 10 
54 28 
54 103 
54 105 
54 93 
54 21 
54 116 
54 66 
54 5 
54 106 
54 32 
54 97 
54 2 
54 69 
54 27 
54 46 
54 96 
54 34 
54 41 
54 104 
54 102 
54 40 
54 64 
54 33 
54 90 
54 43 
54 124 
54 111 
54 126 
54 86 
54 74 
54 109 
54 56 
55 80 
55 18 
55 104 
55 67 
55 121 
55 48 
55 36 
55 95 
55 59 
55 91 
55 27 
55 53 
55 106 
55 23 
55 103 
55 107 
55 21 
55 47 
55 93 
55 84 
55 105 
55 33 
55 40 
55 51 
55 43 
55 54 
55 79 
55 5 
55 116 
55 56 
55 1 
55 32 
55 41 
55 76 
55 78 
55 58 
55 72 
55 94 
55 42 
55 63 
55 88 
55 83 
55 29 
55 2 
55 57 
55 122 
55 38 
55 39 
55 109 
55 77 
55 19 
55 44 
55 119 
55 73 
55 20 
55 34 
55 117 
55 46 
55 37 
55 89 
55 60 
55 69 
55 4 
55 28 
55 65 
55 74 
55 97 
55 49 
55 126 
55 102 
55 98 
55 85 
55 110 
55 108 
55 118 
55 100 
55 112 
55 66 
55 3 
55 115 
55 0 
55 6 
55 101 
55 70 
55 75 
55 86 
55 45 
55 90 
55 120 
55 24 
55 111 
55 14 
55 35 
55 31 
55 30 
55 68 
55 17 
55 7 
55 113 
55 13 
55 92 
56 125 
56 6 
56 103 
56 43 
56 42 
56 53 
56 78 
56 45 
56 121 
56 83 
56 48 
56 107 
56 88 
56 72 
56 11 
56 1 
56 91 
56 19 
56 34 
56 46 
56 8 
56 27 
56 79 
56 41 
56 80 
56 77 
56 32 
56 68 
56 87 
56 57 
56 108 
56 65 
56 67 
56 69 
56 2 
56 39 
56 20 
56 102 
56 126 
56 55 
56 0 
56 38 
56 112 
56 10 
56 14 
56 98 
56 71 
56 119 
56 85 
56 59 
56 60 
56 118 
56 51 
56 31 
56 3 
56 36 
56 33 
56 49 
56 63 
56 24 
56 96 
56 5 
56 21 
56 70 
56 115 
56 74 
56 110 
56 114 
56 61 
56 58 
56 23 
56 92 
56 9 
56 105 
56 120 
56 22 
56 13 
56 75 
56 90 
56 95 
56 109 
56 94 
56 7 
56 29 
56 64 
56 99 
56 44 
56 111 
56 40 
56 97 
56 15 
56 62 
56 30 
56 28 
56 47 
56 54 
57 7 
57 10 
57 25 
57 40 
57 81 
57 65 
57 95 
57 76 
57 30 
57 29 
57 61 
57 39 
57 80 
57 117 
57 18 
57 33 
57 31 
57 63 
57 42 
57 106 
57 101 
57 121 
57 56 
57 104 
57 60 
57 85 
57 124 
57 88 
57 51 
57 96 
57 37 
57 23 
57 93 
57 111 
57 94 
57 2 
57 123 
57 0 
57 125 
57 70 
57 34 
57 1 
57 120 
57 55 
57 5 
57 89 
57 22 
57 75 
57 3 
57 11 
57 100 
57 90 
57 118 
57 105 
57 52 
57 68 
57 99 
57 112 
57 6 
57 79 
57 9 
57 20 
57 48 
57 46 
57 26 
57 122 
57 38 
57 107 
57 14 
57 116 
57 115 
57 84 
57 15 
57 126 
57 77 
57 47 
57 86 
57 64 
57 62 
57 19 
57 69 
57 43 
57 73 
57 35 
57 110 
57 114 
57 72 
57 98 
57 16 
57 59 
57 87 
57 113 
57 119 
58 16 
58 98 
58 46 
58 31 
58 54 
58 65 
58 0 
58 75 
58 124 
58 3 
58 19 
58 12 
58 11 
58 90 
58 82 
58 76 
58 32 
58 122 
58 118 
58 112 
58 85 
58 116 
58 28 
58 93 
58 21 
58 34 
58 68 
58 51 
58 24 
58 71 
58 104 
58 63 
58 6 
58 4 
58 33 
58 99 
58 30 
58 96 
58 117 
58 55 
58 27 
58 5 
58 81 
58 25 
58 100 
58 49 
58 113 
58 20 
58 107 
58 126 
58 22 
58 23 
58 52 
58 109 
58 43 
58 53 
58 70 
58 61 
58 48 
58 110 
58 7 
58 56 
58 69 
58 87 
58 103 
58 38 
58 120 
58 115 
58 42 
58 17 
58 114 
58 60 
58 72 
58 123 
58 18 
58 26 
58 94 
58 83 
58 111 
58 95 
58 88 
58 89 
58 40 
58 37 
58 44 
58 91 
58 35 
58 66 
58 106 
58 77 
58 84 
58 101 
58 45 
58 80 
59 46 
59 60 
59 37 
59 101 
59 78 
59 87 
59 111 
59 8 
59 11 
59 75 
59 55 
59 120 
59 5 
59 108 
59 32 
59 84 
59 3 
59 118 
59 66 
59 52 
59 45 
59 14 
59 122 
59 119 
59 114 
59 96 
59 62 
59 99 
59 12 
59 70 
59 20 
59 94 
59 15 
59 86 
59 47 
59 24 
59 44 
59 18 
59 107 
59 22 
59 13 
59 0 
59 106 
59 25 
59 31 
59 54 
59 7 
59 64 
59 112 
59 56 
59 85 
59 38 
59 23 
59 95 
59 123 
59 90 
59 126 
59 6 
59 10 
59 53 
59 67 
59 125 
59 35 
59 65 
59 29 
59 116 
59 74 
59 42 
59 51 
59 39 
59 105 
59 80 
59 104 
59 1 
59 71 
59 68 
59 93 
59 40 
59 63 
59 9 
59 98 
59 109 
59 4 
59 2 
59 69 
59 36 
59 73 
59 57 
59 83 
59 88 
59 89 
59 77 
59 19 
59 97 
59 76 
59 79 
59 81 
59 43 
59 21 
59 49 
59 61 
59 82 
59 113 
60 37 
60 38 
60 59 
60 62 
60 71 
60 40 
60 82 
60 75 
60 41 
60 94 
60 61 
60 25 
60 125 
60 83 
60 91 
60 35 
60 112 
60 9 
60 21 
60 29 
60 18 
60 86 
60 8 
60 79 
60 15 
60 44 
60 57 
60 23 
60 0 
60 98 
60 93 
60 4 
60 104 
60 77 
60 87 
60 124 
60 100 
60 90 
60 111 
60 121 
60 22 
60 123 
60 5 
60 96 
60 126 
60 65 
60 89 
60 116 
60 56 
60 3 
60 68 
60 31 
60 50 
60 11 
60 76 
60 53 
60 103 
60 101 
60 54 
60 66 
60 67 
60 52 
60 84 
60 70 
60 118 
60 14 
60 92 
60 80 
60 55 
60 48 
60 10 
60 117 
60 72 
60 99 
60 47 
60 73 
60 46 
60 107 
60 32 
60 17 
60 119 
60 81 
60 88 
60 58 
60 12 
60 13 
60 69 
60 78 
60 120 
60 122 
60 105 
60 114 
60 97 
60 115 
60 109 
60 28 
60 108 
60 19 
60 45 
61 10 
61 96 
61 122 
61 48 
61 1 
61 5 
61 57 
61 60 
61 12 
61 82 
61 81 
61 4 
61 108 
61 37 
61 42 
61 67 
61 41 
61 31 
61 51 
61 18 
61 88 
61 126 
61 125 
61 3 
61 52 
61 21 
61 23 
61 65 
61 16 
61 28 
61 77 
61 26 
61 86 
61 63 
61 69 
61 43 
61 75 
61 97 
61 19 
61 76 
61 94 
61 13 
61 29 
61 53 
61 32 
61 62 
61 87 
61 101 
61 121 
61 68 
61 80 
61 45 
61 73 
61 6 
61 89 
61 58 
61 56 
61 100 
61 22 
61 27 
61 103 
61 78 
61 113 
61 93 
61 39 
61 34 
61 15 
61 106 
61 72 
61 118 
61 123 
61 36 
61 46 
61 98 
61 116 
61 114 
61 105 
61 14 
61 109 
61 83 
61 102 
61 85 
61 38 
61 40 
61 0 
61 59 
61 104 
61 120 
61 7 
61 90 
61 47 
61 44 
62 65 
62 92 
62 9 
62 60 
62 73 
62 86 
62 4 
62 120 
62 7 
62 18 
62 83 
62 42 
62 107 
62 14 
62 0 
62 77 
62 122 
62 90 
62 84 
62 24 
62 99 
62 76 
62 89 
62 59 
62 41 
62 26 
62 123 
62 22 
62 78 
62 30 
62 8 
62 36 
62 109 
62 32 
62 15 
62 48 
62 16 
62 3 
62 25 
62 13 
62 105 
62 49 
62 116 
62 63 
62 37 
62 6 
62 121 
62 91 
62 44 
62 46 
62 66 
62 61 
62 114 
62 33 
62 79 
62 113 
62 51 
62 125 
62 12 
62 104 
62 50 
62 70 
62 101 
62 43 
62 45 
62 34 
62 67 
62 57 
62 53 
62 23 
62 39 
62 40 
62 111 
62 75 
62 103 
62 117 
62 119 
62 82 
62 108 
62 71 
62 19 
62 38 
62 126 
62 31 
62 2 
62 69 
62 56 
62 85 
62 93 
63 31 
63 12 
63 64 
63 83 
63 66 
63 73 
63 46 
63 117 
63 42 
63 116 
63 24 
63 49 
63 6 
63 92 
63 102 
63 81 
63 97 
63 54 
63 108 
63 124 
63 14 
63 125 
63 112 
63 11 
63 13 
63 122 
63 121 
63 115 
63 8 
63 57 
63 94 
63 111 
63 75 
63 93 
63 110 
63 78 
63 20 
63 58 
63 10 
63 72 
63 25 
63 5 
63 101 
63 91 
63 61 
63 90 
63 62 
63 1 
63 55 
63 53 
63 40 
63 17 
63 0 
63 68 
63 76 
63 28 
63 23 
63 56 
63 120 
63 69 
63 74 
63 67 
63 107 
63 4 
63 88 
63 126 
63 84 
63 26 
63 113 
63 106 
63 103 
63 2 
63 50 
63 123 
63 33 
63 100 
63 3 
63 47 
63 39 
63 41 
63 29 
63 105 
63 65 
63 30 
63 87 
63 59 
63 22 
63 21 
63 86 
63 18 
63 15 
63 82 
63 119 
63 27 
63 98 
63 89 
63 16 
63 19 
63 99 
63 70 
63 77 
63 109 
63 96 
63 36 
64 7 
64 124 
64 114 
64 63 
64 31 
64 50 
64 33 
64 36 
64 96 
64 109 
64 66 
64 23 
64 39 
64 0 
64 110 
64 81 
64 113 
64 69 
64 8 
64 6 
64 20 
64 5 
64 107 
64 79 
64 103 
64 85 
64 74 
64 104 
64 73 
64 75 
64 53 
64 116 
64 125 
64 19 
64 82 
64 13 
64 16 
64 89 
64 1 
64 91 
64 59 
64 83 
64 15 
64 45 
64 3 
64 88 
64 108 
64 4 
64 76 
64 72 
64 28 
64 14 
64 43 
64 37 
64 52 
64 119 
64 27 
64 49 
64 41 
64 101 
64 80 
64 77 
64 29 
64 10 
64 38 
64 25 
64 42 
64 34 
64 57 
64 111 
64 24 
64 51 
64 78 
64 56 
64 93 
64 99 
64 86 
64 54 
64 122 
64 35 
64 67 
64 2 
64 70 
64 106 
64 47 
64 71 
64 26 
65 62 
65 58 
65 28 
65 1 
65 70 
65 57 
65 37 
65 35 
65 118 
65 81 
65 122 
65 83 
65 39 
65 73 
65 11 
65 72 
65 8 
65 115 
65 88 
65 20 
65 27 
65 91 
65 26 
65 5 
65 93 
65 52 
65 120 
65 101 
65 30 
65 46 
65 56 
65 124 
65 89 
65 36 
65 92 
65 61 
65 121 
65 50 
65 116 
65 18 
65 12 
65 85 
65 4 
65 25 
65 47 
65 80 
65 82 
65 75 
65 77 
65 10 
65 7 
65 60 
65 98 
65 68 
65 106 
65 23 
65 44 
65 87 
65 6 
65 54 
65 113 
65 49 
65 90 
65 59 
65 55 
65 51 
65 78 
65 94 
65 29 
65 66 
65 69 
65 99 
65 74 
65 96 
65 123 
65 40 
65 110 
65 14 
65 79 
65 17 
65 107 
65 63 
65 15 
65 2 
65 9 
65 119 
65 86 
65 48 
65 105 
65 103 
65 42 
65 34 
65 95 
65 13 
65 84 
65 125 
65 104 
65 71 
65 114 
65 31 
65 112 
65 108 
66 81 
66 22 
66 16 
66 53 
66 113 
66 63 
66 25 
66 30 
66 37 
66 34 
66 119 
66 10 
66 13 
66 91 
66 125 
66 64 
66 116 
66 2 
66 90 
66 122 
66 38 
66 59 
66 14 
66 105 
66 42 
66 28 
66 68 
66 7 
66 21 
66 80 
66 118 
66 9 
66 85 
66 48 
66 102 
66 18 
66 5 
66 106 
66 100 
66 67 
66 24 
66 51 
66 74 
66 49 
66 104 
66 73 
66 41 
66 110 
66 32 
66 60 
66 62 
66 0 
66 31 
66 96 
66 6 
66 17 
66 52 
66 114 
66 35 
66 19 
66 33 
66 65 
66 95 
66 40 
66 124 
66 99 
66 77 
66 12 
66 84 
66 15 
66 20 
66 54 
66 43 
66 55 
66 46 
66 83 
66 109 
66 117 
66 29 
66 94 
66 93 
66 86 
66 97 
66 50 
66 4 
66 98 
66 58 
66 112 
66 92 
66 27 
66 87 
66 123 
66 107 
66 70 
67 14 
67 12 
67 75 
67 122 
67 55 
67 119 
67 117 
67 7 
67 42 
67 108 
67 83 
67 25 
67 116 
67 33 
67 98 
67 77 
67 121 
67 61 
67 21 
67 70 
67 95 
67 76 
67 106 
67 56 
67 54 
67 124 
67 66 
67 125 
67 90 
67 93 
67 6 
67 13 
67 40 
67 85 
67 47 
67 38 
67 37 
67 107 
67 105 
67 88 
67 73 
67 52 
67 60 
67 19 
67 120 
67 59 
67 101 
67 53 
67 63 
67 9 
67 26 
67 72 
67 112 
67 20 
67 30 
67 69 
67 109 
67 27 
67 4 
67 24 
67 32 
67 41 
67 118 
67 86 
67 51 
67 62 
67 89 
67 45 
67 78 
67 50 
67 18 
67 34 
67 31 
67 49 
67 97 
67 28 
67 80 
67 11 
67 74 
67 111 
67 1 
67 15 
67 87 
67 0 
67 84 
67 71 
67 91 
67 10 
67 39 
67 35 
67 110 
67 46 
67 82 
67 64 
67 48 
67 36 
68 26 
68 105 
68 28 
68 115 
68 54 
68 80 
68 70 
68 30 
68 76 
68 72 
68 4 
68 87 
68 107 
68 14 
68 58 
68 1 
68 116 
68 0 
68 66 
68 56 
68 42 
68 18 
68 10 
68 32 
68 12 
68 100 
68 3 
68 11 
68 113 
68 125 
68 98 
68 60 
68 120 
68 63 
68 118 
68 93 
68 74 
68 96 
68 65 
68 31 
68 97 
68 35 
68 61 
68 79 
68 123 
68 19 
68 57 
68 88 
68 46 
68 48 
68 47 
68 106 
68 110 
68 71 
68 69 
68 85 
68 51 
68 53 
68 77 
68 50 
68 59 
68 17 
68 40 
68 36 
68 126 
68 112 
68 37 
68 82 
68 8 
68 111 
68 119 
68 86 
68 16 
68 45 
68 33 
68 121 
68 83 
68 89 
68 2 
68 99 
68 21 
68 24 
68 55 
68 91 
68 73 
68 39 
69 96 
69 105 
69 21 
69 121 
69 72 
69 76 
69 111 
69 110 
69 93 
69 36 
69 126 
69 71 
69 46 
69 77 
69 11 
69 64 
69 15 
69 7 
69 19 
69 101 
69 1 
69 90 
69 125 
69 10 
69 56 
69 97 
69 0 
69 20 
69 80 
69 73 
69 45 
69 53 
69 102 
69 61 
69 84 
69 88 
69 70 
69 117 
69 92 
69 14 
69 114 
69 6 
69 13 
69 29 
69 94 
69 4 
69 31 
69 26 
69 63 
69 43 
69 41 
69 82 
69 116 
69 89 
69 42 
69 22 
69 55 
69 32 
69 5 
69 58 
69 37 
69 123 
69 49 
69 109 
69 67 
69 108 
69 74 
69 65 
69 68 
69 106 
69 9 
69 48 
69 120 
69 107 
69 119 
69 40 
69 112 
69 91 
69 2 
69 57 
69 59 
69 38 
69 54 
69 124 
69 60 
69 115 
69 100 
69 95 
69 103 
69 83 
69 35 
69 34 
69 50 
69 47 
69 12 
69 28 
69 27 
69 62 
69 87 
69 18 
69 98 
69 3 
69 78 
69 33 
70 43 
70 94 
70 19 
70 65 
70 109 
70 11 
70 42 
70 2 
70 108 
70 116 
70 68 
70 79 
70 85 
70 14 
70 97 
70 52 
70 21 
70 25 
70 44 
70 22 
70 1 
70 83 
70 67 
70 12 
70 118 
70 95 
70 59 
70 9 
70 30 
70 72 
70 125 
70 37 
70 104 
70 69 
70 57 
70 115 
70 29 
70 28 
70 54 
70 105 
70 51 
70 53 
70 5 
70 4 
70 84 
70 38 
70 60 
70 56 
70 27 
70 58 
70 7 
70 36 
70 17 
70 77 
70 114 
70 124 
70 123 
70 98 
70 41 
70 34 
70 48 
70 62 
70 18 
70 24 
70 47 
70 93 
70 82 
70 107 
70 80 
70 6 
70 87 
70 76 
70 49 
70 117 
70 110 
70 32 
70 55 
70 35 
70 96 
70 90 
70 13 
70 92 
70 63 
70 46 
70 99 
70 88 
70 120 
70 121 
70 73 
70 50 
70 64 
70 71 
70 20 
70 111 
70 66 
70 126 
71 0 
71 60 
71 96 
71 84 
71 41 
71 31 
71 103 
71 120 
71 124 
71 50 
71 54 
71 69 
71 1 
71 12 
71 47 
71 88 
71 89 
71 10 
71 11 
71 123 
71 49 
71 52 
71 42 
71 36 
71 105 
71 14 
71 13 
71 115 
71 112 
71 19 
71 15 
71 58 
71 26 
71 33 
71 106 
71 2 
71 43 
71 38 
71 100 
71 97 
71 94 
71 109 
71 56 
71 9 
71 78 
71 118 
71 91 
71 110 
71 35 
71 74 
71 20 
71 37 
71 102 
71 86 
71 24 
71 6 
71 40 
71 73 
71 39 
71 68 
71 32 
71 21 
71 72 
71 59 
71 23 
71 122 
71 99 
71 80 
71 111 
71 7 
71 27 
71 81 
71 18 
71 77 
71 5 
71 87 
71 62 
71 93 
71 67 
71 114 
71 65 
71 107 
71 70 
71 28 
71 51 
71 64 
72 95 
72 24 
72 20 
72 69 
72 87 
72 74 
72 50 
72 56 
72 107 
72 68 
72 65 
72 83 
72 106 
72 100 
72 40 
72 123 
72 101 
72 53 
72 105 
72 108 
72 113 
72 115 
72 98 
72 12 
72 70 
72 37 
72 82 
72 63 
72 54 
72 41 
72 118 
72 31 
72 14 
72 33 
72 126 
72 55 
72 103 
72 86 
72 112 
72 109 
72 88 
72 11 
72 23 
72 32 
72 38 
72 19 
72 35 
72 47 
72 102 
72 120 
72 64 
72 85 
72 125 
72 67 
72 91 
72 97 
72 3 
72 9 
72 71 
72 60 
72 96 
72 52 
72 90 
72 26 
72 4 
72 78 
72 29 
72 21 
72 61 
72 22 
72 92 
72 58 
72 0 
72 6 
72 114 
72 17 
72 122 
72 110 
72 79 
72 28 
72 57 
72 89 
72 42 
72 51 
72 76 
72 48 
72 46 
72 117 
72 34 
72 75 
72 116 
72 45 
72 16 
72 36 
72 2 
72 5 
73 83 
73 97 
73 117 
73 8 
73 63 
73 10 
73 119 
73 62 
73 89 
73 40 
73 24 
73 22 
73 35 
73 33 
73 46 
73 9 
73 98 
73 65 
73 18 
73 26 
73 118 
73 122 
73 121 
73 53 
73 1 
73 90 
73 64 
73 2 
73 23 
73 69 
73 12 
73 21 
73 87 
73 25 
73 54 
73 39 
73 79 
73 113 
73 20 
73 66 
73 112 
73 3 
73 104 
73 45 
73 14 
73 67 
73 43 
73 15 
73 5 
73 92 
73 19 
73 55 
73 61 
73 76 
73 34 
73 0 
73 71 
73 16 
73 124 
73 110 
73 99 
73 29 
73 60 
73 78 
73 50 
73 102 
73 86 
73 42 
73 82 
73 106 
73 57 
73 103 
73 81 
73 116 
73 115 
73 59 
73 85 
73 111 
73 44 
73 17 
73 77 
73 123 
73 7 
73 95 
73 84 
73 93 
73 94 
73 70 
73 11 
73 68 
73 88 
73 101 
73 114 
73 48 
73 47 
74 81 
74 94 
74 52 
74 75 
74 116 
74 42 
74 76 
74 125 
74 51 
74 10 
74 72 
74 126 
74 92 
74 33 
74 8 
74 102 
74 0 
74 91 
74 100 
74 24 
74 1 
74 105 
74 107 
74 108 
74 97 
74 122 
74 43 
74 22 
74 2 
74 53 
74 64 
74 14 
74 37 
74 18 
74 124 
74 103 
74 66 
74 32 
74 87 
74 96 
74 4 
74 114 
74 104 
74 80 
74 28 
74 31 
74 50 
74 38 
74 29 
74 68 
74 39 
74 78 
74 88 
74 71 
74 36 
74 15 
74 90 
74 41 
74 56 
74 121 
74 63 
74 44 
74 115 
74 82 
74 21 
74 26 
74 55 
74 69 
74 59 
74 65 
74 20 
74 48 
74 17 
74 119 
74 40 
74 49 
74 11 
74 79 
74 47 
74 3 
74 67 
74 16 
74 106 
74 123 
74 12 
74 77 
74 112 
74 35 
74 113 
74 7 
74 5 
74 111 
74 27 
74 54 
74 46 
74 101 
75 40 
75 67 
75 18 
75 82 
75 12 
75 22 
75 74 
75 58 
75 102 
75 9 
75 31 
75 91 
75 28 
75 60 
75 59 
75 108 
75 76 
75 77 
75 88 
75 8 
75 84 
75 123 
75 85 
75 24 
75 33 
75 63 
75 41 
75 110 
75 96 
75 64 
75 109 
75 13 
75 27 
75 34 
75 61 
75 65 
75 53 
75 80 
75 37 
75 119 
75 7 
75 0 
75 57 
75 95 
75 11 
75 121 
75 36 
75 106 
75 111 
75 48 
75 2 
75 14 
75 51 
75 103 
75 56 
75 1 
75 4 
75 117 
75 118 
75 17 
75 78 
75 49 
75 45 
75 52 
75 62 
75 26 
75 90 
75 55 
75 30 
75 46 
75 25 
75 97 
75 116 
75 112 
75 122 
75 39 
75 89 
75 72 
75 98 
75 47 
75 20 
75 107 
75 79 
75 100 
75 104 
76 30 
76 11 
76 7 
76 74 
76 115 
76 69 
76 57 
76 78 
76 106 
76 58 
76 8 
76 75 
76 23 
76 112 
76 111 
76 68 
76 83 
76 98 
76 97 
76 25 
76 62 
76 101 
76 108 
76 86 
76 124 
76 89 
76 67 
76 103 
76 44 
76 13 
76 34 
76 52 
76 47 
76 90 
76 123 
76 81 
76 29 
76 12 
76 105 
76 55 
76 118 
76 61 
76 122 
76 9 
76 26 
76 54 
76 42 
76 60 
76 16 
76 63 
76 2 
76 95 
76 20 
76 84 
76 109 
76 88 
76 87 
76 73 
76 82 
76 121 
76 64 
76 38 
76 80 
76 40 
76 107 
76 49 
76 117 
76 37 
76 96 
76 21 
76 41 
76 45 
76 77 
76 35 
76 94 
76 3 
76 126 
76 70 
76 116 
76 102 
76 125 
76 119 
76 92 
76 15 
76 5 
76 104 
76 33 
76 72 
76 79 
76 0 
76 50 
76 28 
76 10 
76 4 
76 59 
76 110 
76 27 
77 34 
77 92 
77 117 
77 93 
77 38 
77 24 
77 94 
77 29 
77 75 
77 28 
77 90 
77 17 
77 44 
77 69 
77 62 
77 30 
77 122 
77 67 
77 36 
77 56 
77 8 
77 118 
77 102 
77 7 
77 6 
77 106 
77 60 
77 61 
77 78 
77 13 
77 85 
77 79 
77 116 
77 65 
77 10 
77 47 
77 80 
77 105 
77 20 
77 2 
77 101 
77 55 
77 3 
77 107 
77 26 
77 41 
77 125 
77 82 
77 32 
77 16 
77 99 
77 114 
77 0 
77 124 
77 108 
77 70 
77 12 
77 9 
77 119 
77 97 
77 1 
77 42 
77 14 
77 25 
77 91 
77 66 
77 76 
77 95 
77 68 
77 19 
77 109 
77 84 
77 104 
77 39 
77 27 
77 64 
77 15 
77 57 
77 121 
77 52 
77 126 
77 23 
77 115 
77 48 
77 50 
77 100 
77 71 
77 83 
77 110 
77 73 
77 74 
77 21 
77 11 
77 63 
77 103 
77 59 
77 33 
77 37 
77 51 
77 87 
77 45 
77 58 
77 89 
77 46 
78 16 
78 4 
78 59 
78 11 
78 118 
78 51 
78 76 
78 56 
78 32 
78 125 
78 15 
78 89 
78 35 
78 43 
78 104 
78 19 
78 2 
78 6 
78 119 
78 17 
78 42 
78 8 
78 124 
78 62 
78 63 
78 46 
78 27 
78 37 
78 44 
78 52 
78 98 
78 91 
78 84 
78 101 
78 77 
78 97 
78 33 
78 13 
78 40 
78 55 
78 102 
78 116 
78 29 
78 71 
78 108 
78 24 
78 47 
78 36 
78 31 
78 74 
78 87 
78 112 
78 83 
78 38 
78 12 
78 90 
78 81 
78 105 
78 65 
78 7 
78 121 
78 41 
78 61 
78 99 
78 73 
78 72 
78 53 
78 0 
78 111 
78 30 
78 109 
78 82 
78 28 
78 67 
78 80 
78 93 
78 75 
78 123 
78 64 
78 25 
78 85 
78 60 
78 95 
78 120 
78 122 
78 115 
78 39 
78 26 
78 106 
78 110 
78 114 
78 69 
78 100 
79 121 
79 115 
79 80 
79 52 
79 88 
79 101 
79 25 
79 126 
79 22 
79 70 
79 92 
79 41 
79 95 
79 11 
79 49 
79 99 
79 81 
79 103 
79 120 
79 84 
79 54 
79 33 
79 56 
79 6 
79 47 
79 60 
79 87 
79 39 
79 64 
79 14 
79 5 
79 4 
79 26 
79 32 
79 50 
79 55 
79 1 
79 48 
79 112 
79 45 
79 73 
79 125 
79 77 
79 109 
79 2 
79 31 
79 86 
79 19 
79 106 
79 36 
79 8 
79 68 
79 0 
79 119 
79 62 
79 97 
79 118 
79 57 
79 85 
79 100 
79 23 
79 96 
79 65 
79 17 
79 34 
79 83 
79 110 
79 124 
79 46 
79 93 
79 53 
79 94 
79 29 
79 74 
79 107 
79 123 
79 72 
79 37 
79 104 
79 91 
79 82 
79 51 
79 76 
79 90 
79 114 
79 59 
79 89 
79 27 
79 75 
80 102 
80 55 
80 2 
80 79 
80 94 
80 122 
80 91 
80 123 
80 68 
80 57 
80 36 
80 13 
80 43 
80 18 
80 12 
80 14 
80 119 
80 83 
80 126 
80 45 
80 5 
80 56 
80 66 
80 115 
80 84 
80 49 
80 106 
80 117 
80 41 
80 69 
80 51 
80 93 
80 28 
80 95 
80 104 
80 25 
80 11 
80 44 
80 125 
80 65 
80 33 
80 99 
80 26 
80 75 
80 30 
80 74 
80 85 
80 0 
80 29 
80 77 
80 107 
80 50 
80 86 
80 3 
80 17 
80 103 
80 61 
80 22 
80 60 
80 97 
80 88 
80 76 
80 108 
80 113 
80 54 
80 112 
80 59 
80 71 
80 70 
80 64 
80 111 
80 98 
80 78 
80 92 
80 121 
80 4 
80 101 
80 67 
80 34 
80 82 
80 37 
80 7 
80 114 
80 15 
80 105 
80 52 
80 19 
80 6 
80 48 
80 10 
80 124 
80 58 
81 74 
81 66 
81 50 
81 13 
81 89 
81 83 
81 57 
81 52 
81 103 
81 122 
81 114 
81 63 
81 27 
81 65 
81 109 
81 124 
81 29 
81 23 
81 61 
81 84 
81 79 
81 64 
81 25 
81 110 
81 125 
81 45 
81 108 
81 24 
81 12 
81 106 
81 117 
81 1 
81 76 
81 10 
81 119 
81 58 
81 126 
81 107 
81 54 
81 100 
81 8 
81 91 
81 35 
81 37 
81 53 
81 16 
81 9 
81 111 
81 31 
81 22 
81 33 
81 78 
81 34 
81 20 
81 19 
81 96 
81 0 
81 11 
81 44 
81 5 
81 38 
81 60 
81 47 
81 90 
81 32 
81 28 
81 97 
81 71 
81 48 
81 116 
81 95 
81 73 
81 104 
81 121 
81 40 
81 39 
81 21 
81 59 
81 46 
81 30 
81 85 
81 14 
81 123 
82 23 
82 75 
82 121 
82 60 
82 124 
82 58 
82 1 
82 37 
82 111 
82 112 
82 83 
82 61 
82 98 
82 44 
82 12 
82 103 
82 54 
82 42 
82 16 
82 10 
82 95 
82 43 
82 48 
82 126 
82 123 
82 13 
82 90 
82 22 
82 15 
82 72 
82 119 
82 64 
82 6 
82 53 
82 113 
82 34 
82 125 
82 86 
82 25 
82 114 
82 65 
82 117 
82 45 
82 8 
82 39 
82 11 
82 3 
82 77 
82 102 
82 76 
82 87 
82 96 
82 107 
82 26 
82 69 
82 74 
82 122 
82 30 
82 116 
82 36 
82 28 
82 35 
82 70 
82 50 
82 106 
82 120 
82 68 
82 78 
82 21 
82 4 
82 0 
82 73 
82 104 
82 19 
82 84 
82 63 
82 110 
82 18 
82 9 
82 80 
82 40 
82 89 
82 118 
82 62 
82 31 
82 79 
82 91 
82 109 
82 5 
82 92 
82 67 
82 17 
82 59 
82 100 
82 33 
83 53 
83 11 
83 73 
83 44 
83 17 
83 121 
83 118 
83 16 
83 49 
83 63 
83 29 
83 81 
83 90 
83 119 
83 67 
83 33 
83 25 
83 6 
83 56 
83 101 
83 62 
83 65 
83 82 
83 117 
83 60 
83 20 
83 34 
83 113 
83 76 
83 105 
83 80 
83 72 
83 22 
83 104 
83 100 
83 70 
83 99 
83 96 
83 107 
83 123 
83 2 
83 35 
83 31 
83 26 
83 13 
83 42 
83 27 
83 5 
83 86 
83 106 
83 10 
83 3 
83 88 
83 30 
83 55 
83 115 
83 18 
83 64 
83 32 
83 50 
83 39 
83 78 
83 51 
83 38 
83 89 
83 48 
83 52 
83 94 
83 23 
83 91 
83 120 
83 110 
83 15 
83 37 
83 79 
83 47 
83 116 
83 92 
83 125 
83 87 
83 9 
83 1 
83 122 
83 58 
83 14 
83 43 
83 102 
83 66 
83 95 
83 4 
83 77 
83 28 
83 61 
83 59 
83 69 
83 109 
83 68 
83 111 
83 97 
83 36 
83 45 
83 24 
83 126 
84 126 
84 109 
84 124 
84 25 
84 71 
84 28 
84 22 
84 48 
84 59 
84 81 
84 75 
84 32 
84 18 
84 108 
84 79 
84 39 
84 114 
84 55 
84 3 
84 62 
84 50 
84 2 
84 117 
84 14 
84 37 
84 45 
84 80 
84 4 
84 96 
84 112 
84 8 
84 119 
84 106 
84 78 
84 69 
84 86 
84 105 
84 94 
84 54 
84 92 
84 88 
84 12 
84 70 
84 110 
84 19 
84 60 
84 76 
84 46 
84 102 
84 104 
84 52 
84 16 
84 123 
84 63 
84 49 
84 23 
84 47 
84 44 
84 27 
84 57 
84 66 
84 77 
84 98 
84 101 
84 26 
84 13 
84 7 
84 116 
84 36 
84 38 
84 82 
84 21 
84 6 
84 15 
84 122 
84 9 
84 100 
84 107 
84 1 
84 67 
84 73 
84 89 
84 65 
84 0 
84 34 
84 97 
84 58 
84 125 
85 4 
85 26 
85 5 
85 116 
85 70 
85 0 
85 35 
85 58 
85 75 
85 9 
85 3 
85 120 
85 14 
85 41 
85 102 
85 108 
85 50 
85 57 
85 66 
85 64 
85 17 
85 90 
85 11 
85 106 
85 119 
85 65 
85 31 
85 109 
85 77 
85 67 
85 95 
85 7 
85 30 
85 88 
85 20 
85 38 
85 47 
85 86 
85 56 
85 59 
85 80 
85 103 
85 114 
85 117 
85 19 
85 27 
85 87 
85 91 
85 1 
85 37 
85 72 
85 96 
85 23 
85 79 
85 22 
85 123 
85 89 
85 2 
85 54 
85 52 
85 68 
85 115 
85 51 
85 98 
85 18 
85 55 
85 49 
85 111 
85 101 
85 43 
85 107 
85 42 
85 53 
85 29 
85 112 
85 48 
85 122 
85 78 
85 40 
85 73 
85 105 
85 10 
85 125 
85 45 
85 61 
85 121 
85 28 
85 34 
85 97 
85 24 
85 81 
85 62 
85 110 
85 100 
85 99 
86 50 
86 17 
86 101 
86 114 
86 118 
86 28 
86 32 
86 108 
86 18 
86 16 
86 62 
86 109 
86 9 
86 5 
86 31 
86 104 
86 8 
86 52 
86 122 
86 88 
86 48 
86 44 
86 90 
86 113 
86 60 
86 124 
86 116 
86 76 
86 110 
86 111 
86 91 
86 106 
86 59 
86 14 
86 43 
86 6 
86 45 
86 83 
86 61 
86 3 
86 20 
86 82 
86 84 
86 72 
86 85 
86 126 
86 53 
86 112 
86 79 
86 29 
86 11 
86 42 
86 46 
86 100 
86 80 
86 25 
86 98 
86 97 
86 37 
86 71 
86 10 
86 123 
86 38 
86 22 
86 73 
86 15 
86 67 
86 24 
86 57 
86 65 
86 2 
86 103 
86 63 
86 68 
86 102 
86 55 
86 64 
86 66 
86 93 
86 19 
86 105 
86 26 
86 92 
86 117 
86 119 
86 54 
86 47 
86 95 
87 105 
87 0 
87 50 
87 19 
87 59 
87 115 
87 3 
87 102 
87 72 
87 4 
87 103 
87 17 
87 40 
87 6 
87 96 
87 68 
87 10 
87 41 
87 44 
87 79 
87 16 
87 33 
87 94 
87 56 
87 109 
87 22 
87 122 
87 125 
87 60 
87 73 
87 121 
87 74 
87 100 
87 24 
87 113 
87 42 
87 126 
87 5 
87 110 
87 21 
87 78 
87 92 
87 116 
87 118 
87 25 
87 61 
87 76 
87 65 
87 85 
87 82 
87 124 
87 30 
87 89 
87 11 
87 99 
87 49 
87 104 
87 58 
87 53 
87 32 
87 97 
87 1 
87 101 
87 37 
87 51 
87 29 
87 63 
87 83 
87 120 
87 70 
87 26 
87 18 
87 91 
87 15 
87 39 
87 106 
87 112 
87 90 
87 14 
87 67 
87 71 
87 57 
87 7 
87 107 
87 114 
87 12 
87 117 
87 93 
87 13 
87 34 
87 69 
87 2 
87 77 
87 66 
87 23 
87 38 
87 46 
88 96 
88 48 
88 16 
88 41 
88 79 
88 22 
88 14 
88 119 
88 105 
88 19 
88 37 
88 86 
88 107 
88 8 
88 75 
88 56 
88 9 
88 71 
88 65 
88 122 
88 12 
88 27 
88 28 
88 2 
88 15 
88 33 
88 39 
88 94 
88 112 
88 57 
88 21 
88 61 
88 1 
88 10 
88 92 
88 114 
88 26 
88 117 
88 40 
88 69 
88 85 
88 113 
88 124 
88 83 
88 35 
88 47 
88 55 
88 95 
88 52 
88 125 
88 67 
88 32 
88 72 
88 20 
88 84 
88 74 
88 98 
88 91 
88 103 
88 64 
88 76 
88 68 
88 80 
88 54 
88 120 
88 63 
88 110 
88 121 
88 30 
88 5 
88 99 
88 111 
88 18 
88 31 
88 104 
88 60 
88 44 
88 102 
88 7 
88 24 
88 93 
88 123 
88 106 
88 58 
88 38 
88 108 
88 59 
88 13 
88 89 
88 101 
88 70 
88 118 
88 126 
88 90 
88 46 
88 0 
88 73 
88 36 
88 17 
88 25 
88 3 
89 25 
89 121 
89 81 
89 29 
89 118 
89 38 
89 102 
89 9 
89 73 
89 13 
89 7 
89 54 
89 100 
89 78 
89 33 
89 27 
89 2 
89 71 
89 93 
89 6 
89 62 
89 46 
89 76 
89 112 
89 45 
89 23 
89 10 
89 21 
89 65 
89 117 
89 105 
89 106 
89 42 
89 36 
89 64 
89 26 
89 49 
89 60 
89 94 
89 34 
89 57 
89 20 
89 41 
89 14 
89 17 
89 103 
89 83 
89 115 
89 55 
89 95 
89 18 
89 61 
89 69 
89 1 
89 87 
89 15 
89 85 
89 123 
89 53 
89 96 
89 107 
89 24 
89 43 
89 67 
89 108 
89 5 
89 116 
89 72 
89 58 
89 63 
89 98 
89 82 
89 40 
89 110 
89 88 
89 68 
89 8 
89 51 
89 59 
89 75 
89 91 
89 84 
89 3 
89 31 
89 101 
89 122 
89 4 
89 113 
89 19 
89 0 
89 79 
89 119 
89 50 
89 99 
89 77 
89 32 
89 12 
90 28 
90 109 
90 83 
90 92 
90 7 
90 3 
90 58 
90 105 
90 31 
90 66 
90 91 
90 110 
90 51 
90 77 
90 94 
90 8 
90 86 
90 12 
90 118 
90 62 
90 26 
90 97 
90 36 
90 117 
90 120 
90 73 
90 85 
90 69 
90 16 
90 124 
90 53 
90 82 
90 102 
90 38 
90 34 
90 76 
90 106 
90 67 
90 107 
90 4 
90 60 
90 49 
90 10 
90 18 
90 6 
90 112 
90 22 
90 63 
90 111 
90 35 
90 52 
90 9 
90 33 
90 125 
90 21 
90 17 
90 59 
90 74 
90 48 
90 30 
90 57 
90 32 
90 78 
90 122 
90 123 
90 39 
90 65 
90 14 
90 114 
90 15 
90 2 
90 95 
90 42 
90 72 
90 37 
90 27 
90 1 
90 56 
90 23 
90 24 
90 81 
90 108 
90 75 
90 87 
90 70 
90 25 
90 55 
90 79 
90 98 
90 45 
90 113 
90 54 
90 116 
90 50 
90 100 
90 29 
90 46 
90 88 
90 101 
90 61 
91 36 
91 23 
91 26 
91 11 
91 24 
91 18 
91 66 
91 75 
91 80 
91 37 
91 55 
91 7 
91 90 
91 74 
91 1 
91 60 
91 114 
91 56 
91 110 
91 103 
91 92 
91 65 
91 28 
91 112 
91 97 
91 93 
91 86 
91 30 
91 0 
91 49 
91 48 
91 27 
91 78 
91 96 
91 120 
91 63 
91 16 
91 125 
91 38 
91 116 
91 14 
91 64 
91 41 
91 42 
91 40 
91 71 
91 62 
91 113 
91 8 
91 6 
91 25 
91 126 
91 81 
91 119 
91 4 
91 88 
91 101 
91 31 
91 51 
91 85 
91 45 
91 72 
91 83 
91 39 
91 32 
91 77 
91 22 
91 43 
91 10 
91 53 
91 20 
91 117 
91 122 
91 69 
91 87 
91 50 
91 99 
91 79 
91 121 
91 12 
91 2 
91 82 
91 5 
91 67 
91 15 
91 89 
91 118 
91 105 
91 58 
91 21 
91 13 
91 68 
91 29 
92 77 
92 62 
92 49 
92 110 
92 116 
92 46 
92 90 
92 63 
92 93 
92 13 
92 74 
92 50 
92 79 
92 43 
92 104 
92 33 
92 54 
92 8 
92 48 
92 103 
92 37 
92 102 
92 114 
92 91 
92 112 
92 0 
92 108 
92 96 
92 23 
92 30 
92 88 
92 7 
92 65 
92 124 
92 12 
92 47 
92 53 
92 22 
92 69 
92 35 
92 98 
92 14 
92 115 
92 41 
92 106 
92 84 
92 1 
92 3 
92 73 
92 101 
92 87 
92 32 
92 40 
92 60 
92 38 
92 16 
92 26 
92 39 
92 9 
92 21 
92 51 
92 56 
92 5 
92 105 
92 2 
92 83 
92 24 
92 36 
92 72 
92 99 
92 80 
92 15 
92 76 
92 122 
92 109 
92 70 
92 4 
92 17 
92 120 
92 119 
92 82 
92 100 
92 125 
92 6 
92 86 
92 18 
92 66 
92 11 
92 123 
92 55 
93 52 
93 77 
93 11 
93 16 
93 92 
93 32 
93 124 
93 69 
93 122 
93 13 
93 33 
93 101 
93 1 
93 5 
93 7 
93 104 
93 97 
93 89 
93 47 
93 58 
93 55 
93 22 
93 63 
93 121 
93 116 
93 108 
93 65 
93 49 
93 98 
93 91 
93 45 
93 28 
93 25 
93 112 
93 99 
93 113 
93 60 
93 96 
93 80 
93 57 
93 67 
93 125 
93 51 
93 110 
93 48 
93 106 
93 26 
93 43 
93 68 
93 38 
93 53 
93 94 
93 35 
93 21 
93 109 
93 41 
93 3 
93 24 
93 61 
93 70 
93 54 
93 17 
93 59 
93 34 
93 79 
93 40 
93 23 
93 88 
93 78 
93 14 
93 30 
93 100 
93 103 
93 64 
93 36 
93 19 
93 71 
93 66 
93 73 
93 102 
93 86 
93 114 
93 87 
93 20 
93 31 
93 2 
93 107 
93 9 
93 62 
93 27 
94 70 
94 113 
94 74 
94 54 
94 5 
94 42 
94 80 
94 112 
94 10 
94 36 
94 77 
94 16 
94 60 
94 126 
94 25 
94 118 
94 40 
94 103 
94 19 
94 24 
94 90 
94 120 
94 63 
94 101 
94 6 
94 115 
94 88 
94 48 
94 87 
94 59 
94 116 
94 122 
94 2 
94 1 
94 0 
94 121 
94 98 
94 57 
94 125 
94 55 
94 39 
94 52 
94 71 
94 84 
94 12 
94 17 
94 14 
94 29 
94 110 
94 89 
94 50 
94 3 
94 61 
94 69 
94 119 
94 114 
94 123 
94 93 
94 38 
94 21 
94 99 
94 32 
94 41 
94 83 
94 124 
94 27 
94 65 
94 45 
94 46 
94 37 
94 108 
94 104 
94 26 
94 105 
94 79 
94 76 
94 109 
94 58 
94 56 
94 15 
94 13 
94 9 
94 96 
94 100 
94 34 
94 66 
94 95 
94 73 
94 31 
94 33 
94 23 
94 22 
95 72 
95 28 
95 115 
95 6 
95 57 
95 35 
95 55 
95 32 
95 26 
95 7 
95 114 
95 79 
95 8 
95 38 
95 122 
95 50 
95 101 
95 52 
95 49 
95 9 
95 82 
95 111 
95 67 
95 70 
95 110 
95 29 
95 123 
95 15 
95 80 
95 46 
95 2 
95 85 
95 113 
95 21 
95 33 
95 119 
95 88 
95 126 
95 36 
95 47 
95 96 
95 22 
95 59 
95 76 
95 3 
95 12 
95 124 
95 75 
95 11 
95 117 
95 89 
95 10 
95 30 
95 44 
95 99 
95 112 
95 19 
95 41 
95 66 
95 90 
95 77 
95 53 
95 18 
95 56 
95 104 
95 105 
95 106 
95 48 
95 109 
95 81 
95 58 
95 43 
95 83 
95 78 
95 17 
95 107 
95 69 
95 65 
95 118 
95 73 
95 94 
95 27 
95 125 
95 116 
95 120 
95 100 
95 86 
96 5 
96 69 
96 99 
96 103 
96 61 
96 40 
96 105 
96 31 
96 88 
96 35 
96 39 
96 71 
96 23 
96 64 
96 110 
96 113 
96 44 
96 32 
96 37 
96 102 
96 100 
96 87 
96 112 
96 106 
96 114 
96 115 
96 59 
96 45 
96 20 
96 125 
96 83 
96 126 
96 57 
96 92 
96 51 
96 75 
96 38 
96 84 
96 27 
96 1 
96 34 
96 93 
96 91 
96 58 
96 118 
96 74 
96 121 
96 43 
96 0 
96 60 
96 98 
96 95 
96 122 
96 14 
96 68 
96 56 
96 13 
96 66 
96 28 
96 48 
96 82 
96 10 
96 11 
96 85 
96 9 
96 22 
96 117 
96 81 
96 116 
96 17 
96 72 
96 104 
96 76 
96 65 
96 36 
96 79 
96 89 
96 119 
96 52 
96 6 
96 109 
96 3 
96 46 
96 2 
96 123 
96 94 
96 54 
96 70 
96 15 
96 42 
96 53 
96 63 
96 18 
96 25 
96 12 
97 37 
97 34 
97 73 
97 110 
97 109 
97 63 
97 105 
97 14 
97 30 
97 19 
97 70 
97 122 
97 74 
97 47 
97 93 
97 76 
97 46 
97 33 
97 31 
97 90 
97 10 
97 91 
97 114 
97 15 
97 123 
97 107 
97 125 
97 25 
97 20 
97 106 
97 69 
97 22 
97 49 
97 52 
97 32 
97 41 
97 78 
97 5 
97 103 
97 71 
97 9 
97 26 
97 61 
97 113 
97 44 
97 27 
97 3 
97 53 
97 121 
97 68 
97 86 
97 79 
97 80 
97 48 
97 51 
97 98 
97 18 
97 21 
97 72 
97 126 
97 55 
97 99 
97 87 
97 120 
97 77 
97 11 
97 100 
97 117 
97 101 
97 45 
97 28 
97 81 
97 35 
97 7 
97 40 
97 54 
97 29 
97 67 
97 124 
97 39 
97 75 
97 66 
97 43 
97 59 
97 119 
97 83 
97 85 
97 60 
97 56 
97 50 
97 84 
97 108 
97 112 
97 13 
98 58 
98 124 
98 19 
98 51 
98 38 
98 23 
98 36 
98 0 
98 5 
98 48 
98 42 
98 82 
98 73 
98 76 
98 67 
98 4 
98 45 
98 14 
98 121 
98 105 
98 93 
98 117 
98 72 
98 27 
98 60 
98 31 
98 3 
98 99 
98 6 
98 15 
98 54 
98 78 
98 94 
98 20 
98 109 
98 16 
98 30 
98 56 
98 68 
98 92 
98 65 
98 96 
98 114 
98 111 
98 32 
98 7 
98 100 
98 88 
98 86 
98 126 
98 119 
98 97 
98 70 
98 43 
98 26 
98 85 
98 11 
98 118 
98 55 
98 101 
98 84 
98 125 
98 52 
98 2 
98 8 
98 59 
98 10 
98 49 
98 80 
98 61 
98 47 
98 18 
98 37 
98 63 
98 102 
98 57 
98 108 
98 29 
98 34 
98 89 
98 28 
98 123 
98 120 
98 90 
98 13 
98 21 
98 75 
98 66 
98 1 
98 9 
98 69 
98 110 
98 22 
98 104 
98 25 
99 112 
99 96 
99 124 
99 118 
99 12 
99 21 
99 22 
99 28 
99 35 
99 79 
99 54 
99 45 
99 10 
99 62 
99 83 
99 23 
99 51 
99 6 
99 9 
99 120 
99 59 
99 25 
99 19 
99 105 
99 93 
99 104 
99 14 
99 119 
99 98 
99 58 
99 48 
99 15 
99 36 
99 38 
99 109 
99 80 
99 110 
99 1 
99 108 
99 103 
99 43 
99 123 
99 102 
99 34 
99 2 
99 44 
99 57 
99 94 
99 77 
99 31 
99 113 
99 87 
99 115 
99 24 
99 73 
99 95 
99 18 
99 111 
99 52 
99 88 
99 97 
99 65 
99 60 
99 66 
99 49 
99 78 
99 71 
99 20 
99 121 
99 125 
99 5 
99 92 
99 4 
99 39 
99 122 
99 47 
99 91 
99 114 
99 56 
99 64 
99 17 
99 26 
99 63 
99 8 
99 70 
99 68 
99 30 
99 101 
99 32 
99 16 
99 41 
99 89 
99 27 
99 33 
99 85 
100 8 
100 107 
100 114 
100 49 
100 15 
100 74 
100 89 
100 14 
100 46 
100 96 
100 33 
100 72 
100 9 
100 83 
100 105 
100 21 
100 20 
100 106 
100 113 
100 108 
100 104 
100 121 
100 66 
100 10 
100 45 
100 40 
100 68 
100 60 
100 115 
100 71 
100 119 
100 87 
100 118 
100 39 
100 81 
100 58 
100 30 
100 48 
100 86 
100 98 
100 112 
100 120 
100 57 
100 54 
100 51 
100 6 
100 4 
100 35 
100 61 
100 23 
100 102 
100 52 
100 79 
100 123 
100 110 
100 13 
100 28 
100 97 
100 63 
100 18 
100 17 
100 55 
100 16 
100 124 
100 93 
100 2 
100 69 
100 34 
100 77 
100 84 
100 94 
100 41 
100 101 
100 111 
100 92 
100 44 
100 12 
100 24 
100 7 
100 90 
100 47 
100 3 
100 82 
100 78 
100 85 
100 95 
100 75 
101 11 
101 86 
101 59 
101 19 
101 15 
101 50 
101 79 
101 38 
101 123 
101 25 
101 49 
101 9 
101 83 
101 93 
101 103 
101 13 
101 3 
101 120 
101 32 
101 107 
101 94 
101 95 
101 76 
101 72 
101 57 
101 0 
101 69 
101 106 
101 51 
101 65 
101 104 
101 17 
101 26 
101 63 
101 78 
101 54 
101 44 
101 29 
101 21 
101 7 
101 27 
101 42 
101 24 
101 77 
101 60 
101 92 
101 61 
101 118 
101 12 
101 91 
101 33 
101 37 
101 31 
101 67 
101 53 
101 36 
101 16 
101 30 
101 115 
101 105 
101 40 
101 22 
101 87 
101 108 
101 39 
101 97 
101 62 
101 85 
101 64 
101 98 
101 35 
101 84 
101 10 
101 41 
101 117 
101 1 
101 55 
101 6 
101 80 
101 2 
101 46 
101 5 
101 121 
101 88 
101 47 
101 100 
101 125 
101 99 
101 89 
101 113 
101 73 
101 74 
101 90 
101 58 
102 80 
102 115 
102 108 
102 2 
102 23 
102 87 
102 75 
102 119 
102 18 
102 63 
102 89 
102 74 
102 25 
102 51 
102 117 
102 96 
102 0 
102 52 
102 21 
102 92 
102 43 
102 85 
102 110 
102 106 
102 124 
102 8 
102 24 
102 120 
102 38 
102 66 
102 40 
102 77 
102 90 
102 56 
102 48 
102 26 
102 113 
102 69 
102 12 
102 39 
102 116 
102 9 
102 112 
102 78 
102 28 
102 49 
102 34 
102 30 
102 13 
102 123 
102 17 
102 36 
102 99 
102 107 
102 118 
102 71 
102 72 
102 84 
102 82 
102 44 
102 5 
102 4 
102 45 
102 100 
102 114 
102 55 
102 1 
102 47 
102 73 
102 109 
102 53 
102 88 
102 14 
102 121 
102 20 
102 126 
102 76 
102 29 
102 19 
102 98 
102 83 
102 111 
102 7 
102 3 
102 86 
102 125 
102 54 
102 31 
102 61 
102 93 
102 35 
102 33 
102 6 
102 16 
102 42 
103 1 
103 96 
103 124 
103 47 
103 5 
103 14 
103 56 
103 81 
103 11 
103 114 
103 7 
103 71 
103 87 
103 0 
103 94 
103 123 
103 101 
103 107 
103 79 
103 82 
103 55 
103 92 
103 43 
103 37 
103 104 
103 22 
103 29 
103 91 
103 121 
103 31 
103 9 
103 76 
103 12 
103 64 
103 113 
103 50 
103 51 
103 34 
103 13 
103 15 
103 112 
103 32 
103 2 
103 52 
103 106 
103 74 
103 97 
103 26 
103 16 
103 4 
103 72 
103 44 
103 99 
103 85 
103 60 
103 36 
103 88 
103 80 
103 89 
103 6 
103 18 
103 17 
103 58 
103 63 
103 61 
103 27 
103 45 
103 42 
103 33 
103 54 
103 23 
103 75 
103 119 
103 25 
103 125 
103 117 
103 109 
103 41 
103 86 
103 53 
103 10 
103 20 
103 73 
103 93 
103 65 
103 62 
103 28 
103 30 
103 126 
103 69 
103 24 
103 77 
103 105 
103 110 
103 118 
103 35 
103 39 
103 19 
103 8 
104 9 
104 51 
104 55 
104 34 
104 29 
104 44 
104 40 
104 33 
104 105 
104 120 
104 122 
104 45 
104 48 
104 39 
104 126 
104 86 
104 92 
104 111 
104 35 
104 93 
104 121 
104 78 
104 123 
104 103 
104 83 
104 23 
104 118 
104 18 
104 57 
104 50 
104 64 
104 101 
104 100 
104 58 
104 99 
104 114 
104 53 
104 60 
104 7 
104 80 
104 42 
104 117 
104 116 
104 30 
104 109 
104 70 
104 66 
104 73 
104 19 
104 74 
104 13 
104 4 
104 52 
104 113 
104 27 
104 108 
104 32 
104 12 
104 1 
104 46 
104 49 
104 106 
104 84 
104 38 
104 110 
104 87 
104 112 
104 20 
104 28 
104 62 
104 96 
104 16 
104 115 
104 59 
104 77 
104 22 
104 6 
104 94 
104 88 
104 95 
104 107 
104 82 
104 5 
104 15 
104 81 
104 76 
104 79 
104 54 
104 43 
104 2 
104 14 
104 65 
104 61 
104 98 
104 75 
104 25 
105 111 
105 87 
105 117 
105 96 
105 68 
105 104 
105 23 
105 69 
105 51 
105 32 
105 90 
105 36 
105 97 
105 46 
105 88 
105 74 
105 11 
105 38 
105 20 
105 3 
105 83 
105 66 
105 109 
105 42 
105 100 
105 55 
105 98 
105 72 
105 99 
105 71 
105 31 
105 89 
105 53 
105 21 
105 76 
105 108 
105 40 
105 48 
105 18 
105 62 
105 84 
105 44 
105 67 
105 70 
105 37 
105 122 
105 13 
105 123 
105 77 
105 24 
105 16 
105 19 
105 10 
105 39 
105 118 
105 57 
105 78 
105 110 
105 43 
105 116 
105 101 
105 92 
105 56 
105 54 
105 59 
105 0 
105 9 
105 63 
105 106 
105 94 
105 95 
105 15 
105 17 
105 65 
105 113 
105 2 
105 61 
105 85 
105 25 
105 4 
105 5 
105 26 
105 80 
105 41 
105 91 
105 60 
105 103 
105 86 
105 119 
105 112 
106 6 
106 30 
106 13 
106 109 
106 76 
106 0 
106 111 
106 55 
106 124 
106 52 
106 72 
106 121 
106 96 
106 22 
106 57 
106 50 
106 102 
106 5 
106 67 
106 101 
106 100 
106 81 
106 86 
106 28 
106 80 
106 66 
106 85 
106 97 
106 8 
106 71 
106 90 
106 77 
106 84 
106 37 
106 89 
106 103 
106 83 
106 48 
106 51 
106 39 
106 59 
106 49 
106 36 
106 11 
106 32 
106 93 
106 114 
106 27 
106 20 
106 115 
106 43 
106 92 
106 120 
106 79 
106 1 
106 122 
106 65 
106 4 
106 53 
106 104 
106 75 
106 29 
106 14 
106 35 
106 68 
106 40 
106 63 
106 7 
106 69 
106 126 
106 113 
106 123 
106 61 
106 38 
106 82 
106 46 
106 105 
106 95 
106 17 
106 54 
106 73 
106 88 
106 87 
106 108 
106 45 
106 74 
106 116 
106 119 
106 107 
106 42 
106 21 
106 78 
106 125 
106 58 
106 64 
106 16 
106 9 
106 3 
107 100 
107 8 
107 16 
107 9 
107 10 
107 33 
107 45 
107 14 
107 50 
107 88 
107 109 
107 56 
107 62 
107 103 
107 74 
107 111 
107 72 
107 55 
107 108 
107 101 
107 68 
107 53 
107 32 
107 110 
107 112 
107 64 
107 83 
107 31 
107 119 
107 44 
107 15 
107 97 
107 41 
107 115 
107 90 
107 125 
107 59 
107 38 
107 124 
107 67 
107 117 
107 116 
107 81 
107 48 
107 80 
107 27 
107 58 
107 102 
107 77 
107 39 
107 2 
107 82 
107 63 
107 36 
107 46 
107 76 
107 37 
107 57 
107 18 
107 28 
107 60 
107 17 
107 89 
107 65 
107 47 
107 70 
107 69 
107 85 
107 34 
107 43 
107 5 
107 20 
107 25 
107 42 
107 104 
107 113 
107 13 
107 30 
107 79 
107 3 
107 95 
107 118 
107 106 
107 84 
107 51 
107 87 
107 21 
107 19 
107 23 
107 11 
107 75 
107 71 
107 1 
107 93 
107 26 
107 66 
108 10 
108 33 
108 50 
108 102 
108 124 
108 39 
108 42 
108 86 
108 7 
108 22 
108 70 
108 75 
108 67 
108 125 
108 46 
108 13 
108 59 
108 63 
108 110 
108 24 
108 114 
108 49 
108 43 
108 74 
108 84 
108 115 
108 107 
108 61 
108 111 
108 123 
108 85 
108 76 
108 93 
108 72 
108 37 
108 92 
108 81 
108 56 
108 44 
108 100 
108 9 
108 53 
108 19 
108 0 
108 105 
108 14 
108 40 
108 52 
108 99 
108 78 
108 6 
108 117 
108 104 
108 2 
108 54 
108 20 
108 64 
108 15 
108 77 
108 80 
108 12 
108 69 
108 51 
108 101 
108 113 
108 38 
108 55 
108 94 
108 120 
108 5 
108 30 
108 31 
108 28 
108 90 
108 89 
108 17 
108 118 
108 98 
108 106 
108 62 
108 18 
108 121 
108 88 
108 35 
108 23 
108 27 
108 1 
108 26 
108 21 
108 109 
108 112 
108 4 
108 25 
108 97 
108 16 
108 60 
108 119 
108 65 
109 84 
109 90 
109 70 
109 106 
109 47 
109 14 
109 17 
109 86 
109 117 
109 112 
109 34 
109 110 
109 64 
109 97 
109 81 
109 32 
109 119 
109 107 
109 49 
109 105 
109 38 
109 15 
109 50 
109 126 
109 87 
109 20 
109 13 
109 75 
109 62 
109 48 
109 8 
109 26 
109 85 
109 37 
109 98 
109 99 
109 104 
109 5 
109 79 
109 71 
109 72 
109 18 
109 0 
109 55 
109 111 
109 124 
109 33 
109 19 
109 76 
109 12 
109 58 
109 93 
109 23 
109 114 
109 120 
109 35 
109 1 
109 118 
109 45 
109 69 
109 3 
109 67 
109 27 
109 77 
109 30 
109 102 
109 42 
109 103 
109 29 
109 121 
109 78 
109 44 
109 59 
109 94 
109 56 
109 96 
109 95 
109 28 
109 46 
109 92 
109 66 
109 61 
109 113 
109 83 
109 82 
109 39 
109 63 
109 31 
109 6 
109 123 
109 108 
109 60 
109 54 
109 7 
109 25 
110 92 
110 1 
110 33 
110 47 
110 97 
110 109 
110 96 
110 69 
110 108 
110 11 
110 9 
110 90 
110 122 
110 52 
110 10 
110 19 
110 64 
110 91 
110 30 
110 16 
110 107 
110 81 
110 3 
110 12 
110 86 
110 102 
110 51 
110 17 
110 95 
110 115 
110 45 
110 63 
110 75 
110 35 
110 120 
110 21 
110 13 
110 26 
110 121 
110 93 
110 99 
110 94 
110 71 
110 27 
110 24 
110 66 
110 29 
110 41 
110 8 
110 87 
110 48 
110 84 
110 25 
110 56 
110 58 
110 88 
110 104 
110 68 
110 73 
110 105 
110 43 
110 42 
110 126 
110 83 
110 40 
110 34 
110 112 
110 100 
110 31 
110 65 
110 39 
110 36 
110 55 
110 5 
110 117 
110 20 
110 28 
110 79 
110 72 
110 70 
110 57 
110 82 
110 123 
110 2 
110 77 
110 89 
110 113 
110 22 
110 23 
110 124 
110 18 
110 78 
110 67 
110 46 
110 125 
110 103 
110 76 
110 85 
110 98 
110 4 
110 44 
111 105 
111 38 
111 11 
111 59 
111 114 
111 25 
111 69 
111 6 
111 82 
111 106 
111 104 
111 112 
111 29 
111 115 
111 76 
111 107 
111 30 
111 4 
111 26 
111 35 
111 39 
111 63 
111 108 
111 9 
111 95 
111 23 
111 86 
111 5 
111 41 
111 123 
111 10 
111 125 
111 122 
111 7 
111 121 
111 57 
111 48 
111 60 
111 90 
111 32 
111 14 
111 24 
111 98 
111 109 
111 120 
111 3 
111 81 
111 75 
111 118 
111 99 
111 88 
111 85 
111 71 
111 124 
111 19 
111 27 
111 42 
111 44 
111 40 
111 80 
111 78 
111 15 
111 116 
111 64 
111 20 
111 68 
111 43 
111 58 
111 113 
111 62 
111 0 
111 13 
111 102 
111 12 
111 73 
111 67 
111 37 
111 45 
111 34 
111 56 
111 50 
111 55 
111 17 
111 83 
111 54 
111 100 
111 74 
111 21 
111 70 
111 8 
112 99 
112 23 
112 13 
112 94 
112 18 
112 109 
112 82 
112 48 
112 19 
112 111 
112 44 
112 63 
112 60 
112 58 
112 76 
112 8 
112 29 
112 115 
112 96 
112 92 
112 20 
112 36 
112 11 
112 107 
112 46 
112 3 
112 91 
112 88 
112 89 
112 9 
112 93 
112 122 
112 22 
112 71 
112 2 
112 84 
112 103 
112 123 
112 56 
112 79 
112 116 
112 102 
112 90 
112 7 
112 73 
112 72 
112 59 
112 35 
112 86 
112 32 
112 113 
112 78 
112 100 
112 4 
112 57 
112 125 
112 26 
112 104 
112 21 
112 67 
112 95 
112 52 
112 110 
112 80 
112 12 
112 34 
112 118 
112 47 
112 38 
112 69 
112 31 
112 68 
112 55 
112 119 
112 85 
112 53 
112 87 
112 37 
112 25 
112 114 
112 74 
112 75 
112 6 
112 51 
112 50 
112 24 
112 66 
112 108 
112 33 
112 105 
112 14 
112 10 
112 97 
112 65 
113 94 
113 66 
113 39 
113 54 
113 120 
113 0 
113 48 
113 96 
113 22 
113 115 
113 34 
113 114 
113 41 
113 37 
113 51 
113 83 
113 86 
113 35 
113 64 
113 23 
113 26 
113 5 
113 124 
113 72 
113 31 
113 100 
113 18 
113 93 
113 103 
113 119 
113 7 
113 12 
113 102 
113 82 
113 1 
113 68 
113 27 
113 73 
113 95 
113 19 
113 88 
113 87 
113 97 
113 91 
113 58 
113 104 
113 112 
113 9 
113 30 
113 116 
113 13 
113 99 
113 62 
113 2 
113 65 
113 17 
113 21 
113 121 
113 126 
113 80 
113 63 
113 122 
113 6 
113 61 
113 11 
113 106 
113 32 
113 123 
113 108 
113 43 
113 38 
113 107 
113 105 
113 111 
113 118 
113 117 
113 29 
113 125 
113 109 
113 110 
113 40 
113 4 
113 20 
113 45 
113 74 
113 44 
113 57 
113 90 
113 49 
113 36 
113 101 
113 89 
113 53 
113 3 
113 55 
113 59 
114 8 
114 64 
114 126 
114 86 
114 125 
114 111 
114 100 
114 20 
114 103 
114 81 
114 120 
114 1 
114 46 
114 113 
114 108 
114 95 
114 42 
114 91 
114 84 
114 92 
114 96 
114 59 
114 24 
114 30 
114 38 
114 48 
114 97 
114 124 
114 49 
114 88 
114 104 
114 15 
114 106 
114 82 
114 13 
114 74 
114 69 
114 25 
114 14 
114 98 
114 85 
114 27 
114 7 
114 94 
114 26 
114 116 
114 53 
114 62 
114 0 
114 66 
114 77 
114 16 
114 109 
114 35 
114 50 
114 123 
114 56 
114 70 
114 90 
114 40 
114 44 
114 102 
114 2 
114 5 
114 31 
114 23 
114 58 
114 72 
114 32 
114 52 
114 51 
114 57 
114 61 
114 34 
114 99 
114 45 
114 80 
114 112 
114 47 
114 79 
114 87 
114 93 
114 117 
114 60 
114 12 
114 71 
114 118 
114 78 
114 39 
114 6 
114 73 
114 65 
114 41 
114 121 
114 22 
115 42 
115 95 
115 79 
115 102 
115 123 
115 48 
115 68 
115 87 
115 4 
115 53 
115 76 
115 13 
115 47 
115 113 
115 15 
115 30 
115 111 
115 119 
115 108 
115 63 
115 65 
115 54 
115 112 
115 37 
115 120 
115 96 
115 94 
115 20 
115 12 
115 72 
115 80 
115 17 
115 110 
115 71 
115 6 
115 21 
115 8 
115 107 
115 25 
115 100 
115 121 
115 35 
115 70 
115 9 
115 49 
115 83 
115 106 
115 92 
115 0 
115 1 
115 117 
115 10 
115 46 
115 56 
115 22 
115 50 
115 89 
115 24 
115 16 
115 74 
115 99 
115 126 
115 101 
115 41 
115 23 
115 85 
115 57 
115 104 
115 58 
115 27 
115 55 
115 116 
115 77 
115 39 
115 11 
115 73 
115 69 
115 125 
115 36 
115 45 
115 32 
115 124 
115 78 
115 26 
115 2 
115 40 
115 52 
115 60 
115 43 
115 3 
115 28 
116 6 
116 40 
116 74 
116 92 
116 63 
116 120 
116 70 
116 85 
116 66 
116 3 
116 37 
116 4 
116 14 
116 58 
116 27 
116 9 
116 67 
116 119 
116 52 
116 21 
116 18 
116 22 
116 117 
116 25 
116 68 
116 86 
116 51 
116 93 
116 94 
116 126 
116 34 
116 64 
116 43 
116 55 
116 65 
116 12 
116 104 
116 102 
116 112 
116 48 
116 91 
116 5 
116 78 
116 62 
116 107 
116 77 
116 28 
116 44 
116 60 
116 10 
116 11 
116 32 
116 30 
116 87 
116 114 
116 17 
116 113 
116 53 
116 1 
116 50 
116 69 
116 24 
116 13 
116 2 
116 59 
116 105 
116 96 
116 82 
116 57 
116 20 
116 36 
116 83 
116 47 
116 54 
116 16 
116 111 
116 84 
116 81 
116 76 
116 35 
116 115 
116 73 
116 42 
116 89 
116 61 
116 123 
116 122 
116 19 
116 106 
116 75 
116 45 
116 72 
116 90 
116 39 
116 26 
116 95 
116 38 
117 17 
117 105 
117 73 
117 51 
117 77 
117 63 
117 54 
117 67 
117 30 
117 13 
117 109 
117 57 
117 124 
117 83 
117 23 
117 102 
117 116 
117 2 
117 34 
117 90 
117 8 
117 84 
117 98 
117 44 
117 24 
117 43 
117 80 
117 89 
117 81 
117 48 
117 0 
117 7 
117 88 
117 11 
117 104 
117 1 
117 58 
117 123 
117 119 
117 69 
117 126 
117 107 
117 21 
117 82 
117 28 
117 32 
117 120 
117 121 
117 85 
117 115 
117 108 
117 122 
117 19 
117 55 
117 95 
117 47 
117 39 
117 10 
117 33 
117 125 
117 3 
117 60 
117 96 
117 22 
117 38 
117 76 
117 37 
117 97 
117 5 
117 110 
117 103 
117 36 
117 6 
117 75 
117 101 
117 12 
117 91 
117 40 
117 70 
117 113 
117 62 
117 53 
117 66 
117 31 
117 72 
117 114 
117 87 
117 15 
117 52 
117 86 
117 45 
117 49 
117 29 
118 35 
118 38 
118 47 
118 83 
118 16 
118 86 
118 28 
118 89 
118 17 
118 29 
118 43 
118 3 
118 78 
118 65 
118 123 
118 99 
118 18 
118 94 
118 119 
118 32 
118 58 
118 25 
118 59 
118 90 
118 50 
118 73 
118 104 
118 20 
118 121 
118 66 
118 70 
118 23 
118 37 
118 77 
118 30 
118 10 
118 15 
118 8 
118 39 
118 72 
118 96 
118 76 
118 19 
118 42 
118 100 
118 56 
118 71 
118 53 
118 68 
118 49 
118 87 
118 102 
118 101 
118 41 
118 60 
118 34 
118 22 
118 105 
118 57 
118 125 
118 45 
118 13 
118 6 
118 79 
118 109 
118 111 
118 27 
118 98 
118 112 
118 67 
118 61 
118 55 
118 2 
118 52 
118 14 
118 75 
118 113 
118 108 
118 82 
118 107 
118 95 
118 91 
118 1 
118 5 
118 88 
118 114 
118 122 
118 103 
118 21 
118 33 
119 67 
119 73 
119 11 
119 19 
119 83 
119 102 
119 66 
119 39 
119 88 
119 118 
119 109 
119 34 
119 121 
119 6 
119 80 
119 115 
119 116 
119 50 
119 17 
119 45 
119 78 
119 59 
119 26 
119 4 
119 49 
119 15 
119 107 
119 35 
119 113 
119 85 
119 99 
119 29 
119 2 
119 82 
119 30 
119 84 
119 7 
119 46 
119 100 
119 117 
119 81 
119 95 
119 43 
119 51 
119 56 
119 126 
119 41 
119 53 
119 20 
119 75 
119 91 
119 94 
119 23 
119 55 
119 12 
119 37 
119 98 
119 79 
119 123 
119 44 
119 8 
119 10 
119 18 
119 64 
119 77 
119 48 
119 21 
119 38 
119 103 
119 1 
119 120 
119 74 
119 96 
119 60 
119 69 
119 65 
119 112 
119 125 
119 33 
119 68 
119 9 
119 76 
119 63 
119 27 
119 62 
119 106 
119 13 
119 122 
119 92 
119 97 
119 89 
119 32 
119 86 
119 105 
119 57 
119 108 
120 42 
120 123 
120 40 
120 1 
120 53 
120 10 
120 113 
120 11 
120 51 
120 35 
120 104 
120 16 
120 125 
120 116 
120 46 
120 126 
120 114 
120 62 
120 59 
120 71 
120 121 
120 52 
120 31 
120 3 
120 94 
120 79 
120 17 
120 101 
120 13 
120 85 
120 115 
120 99 
120 14 
120 65 
120 102 
120 23 
120 90 
120 47 
120 30 
120 37 
120 4 
120 110 
120 38 
120 9 
120 91 
120 57 
120 68 
120 26 
120 12 
120 106 
120 117 
120 33 
120 100 
120 67 
120 111 
120 63 
120 25 
120 72 
120 109 
120 15 
120 88 
120 5 
120 83 
120 8 
120 122 
120 0 
120 2 
120 97 
120 28 
120 56 
120 58 
120 18 
120 69 
120 119 
120 108 
120 6 
120 7 
120 22 
120 87 
120 82 
120 39 
120 36 
120 21 
120 32 
120 44 
120 48 
120 60 
120 98 
120 78 
120 55 
120 70 
120 92 
120 61 
120 95 
120 49 
121 79 
121 83 
121 89 
121 82 
121 55 
121 21 
121 69 
121 23 
121 39 
121 56 
121 120 
121 14 
121 119 
121 3 
121 7 
121 63 
121 104 
121 106 
121 103 
121 67 
121 93 
121 73 
121 57 
121 98 
121 45 
121 43 
121 118 
121 2 
121 33 
121 47 
121 12 
121 100 
121 94 
121 53 
121 65 
121 111 
121 27 
121 110 
121 24 
121 18 
121 115 
121 0 
121 87 
121 13 
121 60 
121 5 
121 96 
121 51 
121 36 
121 62 
121 22 
121 117 
121 4 
121 97 
121 61 
121 17 
121 75 
121 1 
121 29 
121 74 
121 25 
121 76 
121 48 
121 41 
121 34 
121 88 
121 20 
121 113 
121 78 
121 40 
121 32 
121 44 
121 30 
121 37 
121 99 
121 26 
121 19 
121 126 
121 77 
121 42 
121 102 
121 109 
121 123 
121 80 
121 15 
121 8 
121 81 
121 91 
121 108 
121 68 
121 6 
121 50 
121 11 
121 101 
121 85 
121 38 
121 70 
121 124 
121 122 
121 49 
121 114 
122 13 
122 67 
122 61 
122 80 
122 81 
122 104 
122 46 
122 27 
122 65 
122 93 
122 66 
122 86 
122 58 
122 126 
122 40 
122 22 
122 97 
122 110 
122 63 
122 95 
122 37 
122 36 
122 59 
122 62 
122 74 
122 88 
122 32 
122 77 
122 73 
122 14 
122 25 
122 87 
122 94 
122 112 
122 44 
122 125 
122 111 
122 16 
122 8 
122 123 
122 52 
122 33 
122 30 
122 6 
122 76 
122 1 
122 105 
122 55 
122 96 
122 7 
122 117 
122 0 
122 106 
122 90 
122 53 
122 82 
122 120 
122 113 
122 11 
122 57 
122 20 
122 45 
122 71 
122 2 
122 91 
122 29 
122 83 
122 72 
122 85 
122 99 
122 92 
122 31 
122 15 
122 116 
122 3 
122 23 
122 84 
122 51 
122 47 
122 78 
122 60 
122 19 
122 64 
122 75 
122 119 
122 48 
122 18 
122 12 
122 41 
122 89 
122 34 
122 39 
122 118 
122 121 
122 24 
122 9 
123 120 
123 45 
123 48 
123 13 
123 115 
123 44 
123 101 
123 80 
123 16 
123 118 
123 42 
123 31 
123 6 
123 103 
123 47 
123 75 
123 9 
123 124 
123 104 
123 18 
123 72 
123 108 
123 71 
123 83 
123 20 
123 5 
123 53 
123 10 
123 41 
123 82 
123 97 
123 62 
123 25 
123 95 
123 8 
123 111 
123 76 
123 122 
123 112 
123 21 
123 26 
123 57 
123 117 
123 60 
123 3 
123 102 
123 105 
123 28 
123 99 
123 27 
123 59 
123 94 
123 30 
123 29 
123 119 
123 68 
123 43 
123 90 
123 114 
123 84 
123 70 
123 85 
123 86 
123 69 
123 89 
123 37 
123 100 
123 63 
123 65 
123 106 
123 38 
123 113 
123 36 
123 126 
123 14 
123 61 
123 58 
123 121 
123 88 
123 78 
123 33 
123 79 
123 96 
123 32 
123 110 
123 15 
123 116 
123 98 
123 74 
123 73 
123 35 
123 34 
123 17 
123 109 
123 52 
123 92 
123 39 
123 66 
123 81 
124 6 
124 50 
124 98 
124 103 
124 64 
124 58 
124 84 
124 108 
124 99 
124 82 
124 38 
124 23 
124 71 
124 93 
124 41 
124 45 
124 63 
124 81 
124 117 
124 8 
124 106 
124 14 
124 12 
124 123 
124 53 
124 19 
124 86 
124 36 
124 76 
124 113 
124 102 
124 57 
124 78 
124 39 
124 114 
124 65 
124 90 
124 13 
124 67 
124 92 
124 60 
124 74 
124 34 
124 44 
124 107 
124 88 
124 16 
124 43 
124 28 
124 3 
124 109 
124 95 
124 30 
124 87 
124 18 
124 77 
124 73 
124 94 
124 70 
124 126 
124 21 
124 33 
124 31 
124 66 
124 2 
124 52 
124 29 
124 111 
124 79 
124 26 
124 51 
124 25 
124 10 
124 100 
124 20 
124 40 
124 69 
124 4 
124 97 
124 46 
124 115 
124 110 
124 121 
124 54 
124 37 
124 24 
124 80 
124 49 
125 56 
125 48 
125 8 
125 114 
125 33 
125 53 
125 74 
125 25 
125 120 
125 66 
125 108 
125 78 
125 60 
125 51 
125 63 
125 47 
125 26 
125 7 
125 21 
125 6 
125 42 
125 81 
125 46 
125 37 
125 17 
125 3 
125 50 
125 96 
125 29 
125 52 
125 16 
125 61 
125 35 
125 69 
125 19 
125 97 
125 122 
125 87 
125 111 
125 64 
125 67 
125 107 
125 70 
125 93 
125 82 
125 91 
125 94 
125 80 
125 43 
125 57 
125 15 
125 68 
125 79 
125 88 
125 22 
125 23 
125 9 
125 90 
125 77 
125 31 
125 118 
125 59 
125 49 
125 54 
125 62 
125 112 
125 72 
125 20 
125 117 
125 13 
125 12 
125 44 
125 98 
125 103 
125 99 
125 83 
125 32 
125 28 
125 119 
125 76 
125 40 
125 30 
125 115 
125 113 
125 102 
125 85 
125 126 
125 36 
125 101 
125 65 
125 24 
125 5 
125 92 
125 110 
125 106 
125 34 
125 95 
125 1 
125 39 
125 84 
126 29 
126 84 
126 32 
126 114 
126 52 
126 8 
126 79 
126 120 
126 94 
126 74 
126 42 
126 104 
126 14 
126 69 
126 122 
126 19 
126 3 
126 80 
126 109 
126 96 
126 44 
126 82 
126 61 
126 116 
126 33 
126 20 
126 56 
126 37 
126 9 
126 72 
126 117 
126 81 
126 95 
126 119 
126 60 
126 86 
126 87 
126 47 
126 91 
126 58 
126 98 
126 59 
126 43 
126 11 
126 34 
126 6 
126 50 
126 63 
126 22 
126 115 
126 25 
126 23 
126 10 
126 124 
126 38 
126 110 
126 113 
126 97 
126 39 
126 55 
126 106 
126 36 
126 2 
126 28 
126 123 
126 57 
126 40 
126 68 
126 121 
126 77 
126 76 
126 15 
126 16 
126 51 
126 102 
126 7 
126 103 
126 125 
126 24 
126 62 
126 41 
126 46 
126 88 
126 54 
126 70 
126 13 
126 83 
126 12 
