0 25 3 7 18 122 5 100 4 110 130 63 117 62 16 76 67 79 109 70 37 35 30 107 136 51 87 95 118 
1 117 131 122 116 121 101 128 72 130 59 45 54 22 24 29 80 126 127 132 6 103 97 88 77 73 74 114 125 
2 121 49 77 107 54 100 86 66 25 123 45 33 30 23 82 12 128 78 119 62 7 39 47 83 65 129 
3 46 25 10 0 58 8 131 96 119 29 82 59 123 49 133 70 113 19 63 23 57 118 137 132 84 134 93 125 73 67 12 104 17 116 
4 6 101 69 56 5 22 105 55 28 90 8 0 33 121 87 61 102 78 125 57 126 81 25 38 98 113 24 29 117 104 40 60 
5 52 95 4 14 74 21 0 107 67 11 22 125 68 64 88 131 41 117 26 133 58 104 129 
6 4 11 18 102 17 41 82 115 116 54 97 30 45 137 56 77 8 125 129 36 83 105 57 27 120 1 9 55 79 94 47 99 7 44 
7 85 57 0 122 81 68 125 90 10 74 107 63 110 114 119 124 116 17 95 113 104 2 61 26 6 53 33 86 
8 133 3 53 40 4 69 125 46 52 6 120 67 21 41 11 33 38 74 
9 80 130 75 95 38 27 11 85 79 118 57 135 52 97 47 84 90 6 17 63 48 127 
10 53 3 51 109 18 118 111 124 7 69 33 120 24 129 92 99 116 83 37 29 97 54 136 25 130 66 35 64 44 
11 6 89 110 133 38 56 99 9 74 15 5 75 57 80 112 19 111 98 124 20 39 104 100 82 116 72 106 45 103 44 8 
12 102 88 17 81 47 24 92 85 115 84 75 117 36 32 52 74 127 120 2 100 76 41 25 133 19 3 46 78 118 
13 79 122 134 19 32 136 15 29 23 121 71 97 36 48 54 116 67 52 114 74 83 77 59 24 103 110 130 66 
14 78 131 5 47 113 79 34 124 54 28 86 105 123 134 58 26 84 73 27 
15 133 44 103 42 106 124 88 35 32 24 114 47 11 33 90 52 13 94 39 89 53 91 122 130 85 102 22 71 127 96 132 121 72 128 
16 94 93 137 20 78 82 62 39 0 101 87 71 100 102 114 54 134 91 35 
17 66 12 21 44 23 6 28 87 31 118 51 41 130 72 134 100 7 102 82 86 9 125 50 3 95 123 
18 130 50 6 100 82 85 61 76 0 52 10 45 26 95 70 127 25 21 84 44 124 80 131 53 57 40 79 
19 99 79 93 49 77 13 137 120 96 107 32 11 24 3 50 127 23 51 70 33 66 38 12 63 69 135 28 118 81 
20 130 67 73 42 132 41 47 108 16 83 25 39 114 11 63 137 115 69 37 131 127 22 
21 60 46 17 5 86 95 93 131 123 135 55 18 115 108 69 107 8 122 117 87 88 78 49 54 124 76 113 56 80 101 
22 29 67 55 94 4 83 107 92 5 91 98 1 133 27 46 95 15 57 44 84 54 20 123 
23 29 79 17 50 67 124 64 78 13 33 73 2 103 118 47 132 87 116 3 19 52 113 108 69 36 43 68 
24 99 124 105 129 50 60 131 12 116 15 88 92 43 10 77 115 19 137 136 1 70 79 113 81 80 82 72 4 65 13 56 
25 101 0 66 3 28 71 64 62 82 113 39 2 85 18 56 126 20 57 58 94 115 31 98 45 4 12 10 122 123 105 114 137 61 109 68 
26 34 28 82 45 88 94 102 75 54 46 71 18 101 133 70 124 113 89 122 56 5 62 14 74 7 51 67 
27 58 123 56 9 96 91 44 133 72 106 86 73 22 87 35 127 89 40 76 6 80 137 109 14 34 
28 106 80 83 26 25 4 17 33 115 121 70 57 50 52 14 107 96 122 132 109 101 114 108 62 61 130 103 47 51 127 55 120 54 90 123 19 37 
29 69 22 94 83 23 84 95 49 56 51 66 3 13 101 126 63 33 54 86 73 100 133 1 10 114 79 80 46 4 36 68 99 102 
30 106 122 93 109 82 90 45 43 58 6 2 70 132 48 107 65 32 79 46 0 61 113 134 51 
31 88 60 119 103 82 114 17 134 133 73 91 38 113 25 53 124 108 90 102 129 64 89 68 33 97 70 120 
32 120 124 101 97 15 126 127 13 61 33 39 19 64 55 12 106 111 96 43 54 30 137 74 46 70 100 
33 125 73 51 70 78 126 57 131 28 32 15 4 129 10 29 23 124 112 2 47 46 121 85 96 103 19 118 31 8 7 40 
34 26 104 115 131 105 65 57 124 14 98 122 89 100 93 71 44 120 94 51 85 117 90 72 47 27 83 
35 73 54 129 117 15 68 46 99 47 100 131 108 113 88 45 110 63 80 62 61 134 127 60 27 59 50 41 81 10 0 66 97 120 16 
36 121 50 47 44 48 83 135 117 134 12 13 124 128 42 43 6 101 29 85 23 115 76 
37 90 114 113 117 38 115 83 109 41 39 137 10 54 94 78 82 63 20 0 80 133 28 
38 108 11 92 112 9 94 37 133 121 102 53 52 48 122 50 73 70 114 31 63 4 43 120 19 69 134 8 55 
39 113 77 129 131 80 82 32 42 102 25 15 70 16 86 20 50 37 59 105 11 79 57 2 75 93 
40 101 44 58 133 75 8 102 60 64 110 130 85 103 131 112 27 132 80 54 4 18 124 107 69 33 
41 94 20 6 73 83 17 103 90 120 122 95 37 136 128 102 107 12 5 62 56 74 59 43 48 35 111 92 8 126 80 
42 59 81 15 100 20 120 68 104 117 90 79 112 39 51 36 91 122 94 130 43 58 134 
43 112 126 76 118 30 61 24 53 87 55 60 36 66 131 47 41 38 32 104 42 78 71 57 116 90 23 
44 125 15 103 17 40 36 107 46 27 61 78 137 126 34 18 114 97 71 22 11 87 6 10 104 
45 93 123 92 52 48 26 18 30 35 76 2 79 112 1 6 97 109 49 25 98 105 69 64 11 62 85 
46 137 48 3 21 136 91 35 131 119 59 97 44 26 69 107 85 57 84 33 8 66 73 22 115 29 120 95 111 30 50 32 114 12 
47 123 36 90 12 14 20 80 35 132 15 66 129 62 71 50 33 54 86 105 23 88 48 102 72 9 133 43 125 75 126 28 127 6 2 108 34 111 
48 128 46 36 45 65 123 135 38 95 82 85 13 47 96 30 41 62 112 49 103 9 72 73 
49 64 135 137 19 29 100 2 118 78 3 102 132 68 45 65 67 123 77 52 48 21 61 
50 68 18 36 24 54 88 23 121 28 38 47 65 122 39 19 76 35 96 103 80 46 17 60 
51 109 33 10 131 90 98 119 133 29 128 85 123 42 17 122 93 34 96 80 132 103 19 113 28 64 117 26 0 53 30 
52 5 55 45 123 18 15 130 38 96 62 90 66 122 28 136 82 12 121 78 112 98 9 8 107 13 109 49 23 91 99 71 
53 91 10 95 105 8 38 130 122 43 68 56 111 15 31 83 73 98 114 18 7 51 
54 104 35 61 130 50 127 86 2 133 100 26 79 6 58 14 29 1 65 13 47 37 112 10 59 101 32 16 91 88 40 121 116 124 28 22 21 72 
55 52 22 4 73 60 125 100 21 132 32 81 94 43 97 122 79 106 102 104 6 28 110 107 91 38 98 
56 4 27 66 73 11 57 29 109 89 78 102 70 25 53 100 6 41 76 26 112 98 24 135 21 
57 34 7 79 56 74 33 122 102 28 100 84 9 11 88 46 108 25 4 128 3 6 81 133 39 22 92 43 18 98 
58 27 72 79 40 3 111 100 54 30 129 82 126 120 99 25 14 75 104 5 61 69 123 42 80 
59 42 66 133 106 117 101 46 3 83 1 111 110 65 39 84 94 98 35 41 64 128 54 13 79 131 119 
60 121 107 21 81 24 63 96 31 68 55 40 71 75 110 108 69 103 43 35 67 64 61 4 50 91 73 72 
61 136 54 63 18 96 129 32 44 43 117 62 4 67 35 87 105 90 28 7 58 49 30 25 106 60 83 
62 99 124 86 25 106 16 52 94 109 61 47 35 0 87 98 77 118 41 2 26 28 48 69 64 95 45 
63 90 61 60 94 129 0 29 35 7 103 115 87 88 67 20 3 89 131 38 120 121 37 19 9 
64 49 85 84 81 131 25 23 40 91 105 68 32 79 119 118 5 112 124 59 88 31 51 45 90 10 62 86 60 74 
65 70 34 130 48 136 89 95 50 114 128 115 54 59 124 73 49 137 30 72 104 24 66 2 
66 17 25 56 59 120 29 47 74 52 2 107 46 43 10 110 19 35 75 13 65 
67 123 69 20 22 90 23 83 5 109 92 102 61 0 128 63 13 89 86 8 49 115 60 120 130 3 71 26 
68 50 42 130 35 81 98 7 60 99 64 102 94 53 5 116 90 49 77 133 70 84 101 31 29 112 23 25 
69 4 29 67 99 84 132 85 10 8 79 46 60 87 86 117 107 21 113 74 127 45 62 100 20 58 23 72 19 38 109 134 106 40 
70 65 117 137 112 104 33 102 123 28 78 18 39 56 26 30 134 107 38 3 24 80 84 87 130 86 68 0 92 19 118 32 31 93 
71 72 25 111 60 76 26 47 13 106 96 129 34 16 98 131 93 15 44 127 137 43 52 67 
72 71 58 111 77 1 27 79 17 82 136 125 47 109 94 83 11 24 65 69 15 34 48 54 60 
73 35 33 20 104 56 85 95 55 41 119 38 31 23 29 27 46 65 53 127 3 128 14 106 86 1 48 60 
74 123 85 5 105 57 11 126 66 7 115 12 118 41 125 69 13 26 82 104 32 110 1 8 64 97 
75 86 9 116 79 40 108 26 130 12 11 60 99 83 58 78 118 47 98 114 76 66 96 39 
76 43 107 18 132 71 85 130 45 0 111 12 115 50 56 129 116 95 27 75 113 103 21 36 
77 113 39 19 72 2 124 135 24 119 6 62 81 68 97 102 49 131 13 130 1 132 106 
78 14 137 33 105 56 16 119 23 129 70 49 113 122 44 84 121 4 95 123 106 52 2 37 87 116 75 104 124 130 21 43 102 98 12 
79 134 19 13 23 58 92 57 75 14 9 42 54 69 117 72 64 45 131 129 119 108 55 24 0 29 121 39 95 6 84 30 109 59 118 111 18 
80 9 114 113 28 88 39 47 112 99 89 35 82 102 11 104 121 100 70 1 131 24 18 29 51 27 40 84 50 97 135 37 58 110 41 105 21 
81 42 64 12 60 95 7 68 109 94 136 122 120 55 77 90 4 24 111 101 35 57 97 19 
82 95 128 18 30 26 39 113 6 124 16 103 31 25 3 133 48 80 72 58 52 2 97 98 17 11 37 24 108 74 84 
83 29 135 128 28 22 36 67 37 132 41 20 59 113 10 75 107 53 88 6 111 72 13 116 2 123 34 61 
84 99 64 29 114 69 107 12 57 85 108 46 78 91 59 120 70 18 96 123 9 102 68 3 79 80 14 82 22 98 109 
85 7 64 136 120 74 73 118 18 123 12 9 51 69 76 84 46 25 40 48 33 15 130 128 101 34 36 131 87 133 45 
86 75 54 62 21 131 2 135 114 29 14 119 69 27 39 47 113 67 70 17 97 110 64 127 137 73 91 7 
87 124 122 130 115 17 110 4 137 105 43 134 89 62 69 16 63 61 120 100 23 27 78 70 136 21 44 0 85 
88 131 117 31 125 12 113 101 120 133 15 106 80 50 130 26 35 24 132 57 92 63 136 5 118 47 127 128 83 104 64 1 21 54 119 112 
89 11 97 118 113 56 123 80 94 65 87 15 116 34 105 101 26 119 67 112 103 27 63 95 31 135 131 
90 94 63 47 37 99 121 67 51 30 4 42 15 7 52 41 130 68 81 61 115 116 31 9 137 120 64 34 43 28 
91 132 53 100 105 46 136 27 118 134 64 22 84 31 15 131 99 42 107 114 113 116 52 54 108 16 55 86 60 
92 79 38 125 45 12 116 134 109 67 24 22 10 99 88 128 70 41 57 105 
93 116 19 45 30 109 16 21 128 111 126 96 34 51 71 3 108 105 104 39 70 
94 41 90 121 29 16 22 38 26 63 129 62 89 15 81 68 55 105 108 37 25 34 59 101 42 72 6 122 137 
95 82 5 9 29 81 53 107 73 137 21 124 114 48 18 41 65 78 22 7 79 76 89 46 132 62 0 17 
96 60 109 61 27 19 3 52 105 93 71 127 28 130 84 48 33 50 51 132 32 15 131 101 75 
97 89 32 46 121 6 99 13 45 124 55 10 9 134 77 82 44 1 86 101 80 127 81 122 35 31 74 
98 110 51 115 68 99 126 112 131 109 119 101 116 34 124 11 62 22 103 52 120 25 71 59 121 53 82 45 75 102 4 56 78 84 57 55 114 127 
99 19 24 62 84 69 90 131 35 11 122 100 98 68 80 136 118 97 10 92 75 58 91 133 103 132 6 52 29 
100 120 102 42 110 91 18 49 133 35 99 119 0 2 111 57 54 55 132 123 58 109 34 29 56 17 87 80 130 12 104 16 135 11 69 32 
101 4 25 88 32 40 59 1 132 118 29 98 26 16 89 102 94 28 81 85 54 36 97 68 106 96 21 
102 100 12 6 120 70 110 103 57 123 26 40 38 67 39 125 56 68 80 4 113 136 49 41 101 117 47 15 17 16 55 84 77 124 122 31 98 121 78 29 
103 15 131 44 116 117 31 102 82 41 63 23 114 40 98 119 60 33 106 89 99 50 28 1 121 51 13 11 48 76 
104 34 54 117 73 70 42 130 136 122 80 107 100 132 58 78 11 7 88 55 43 65 5 74 4 3 93 44 
105 34 24 91 4 53 74 131 78 64 87 96 114 14 89 94 47 61 39 112 6 45 129 92 25 93 80 
106 30 15 28 120 88 59 62 27 71 131 130 116 78 111 32 118 55 124 103 109 11 101 73 61 77 69 
107 60 76 84 95 44 5 2 123 22 7 19 46 66 28 115 70 41 69 104 83 21 52 91 30 0 132 55 40 
108 38 116 35 20 75 60 84 57 94 137 79 21 31 28 82 122 91 23 47 93 
109 51 122 93 30 96 56 10 81 92 67 37 98 62 100 110 45 28 72 0 106 52 118 119 79 27 69 25 116 84 
110 11 98 100 102 0 87 40 128 35 60 7 59 109 66 134 124 86 129 13 55 112 80 74 
111 58 72 10 100 71 93 59 11 53 76 106 113 81 83 32 41 134 118 46 127 47 79 
112 43 136 70 38 80 98 42 11 33 45 52 54 64 40 89 105 56 48 128 125 110 68 88 
113 39 77 88 80 14 37 89 82 35 117 25 137 78 83 102 26 119 3 31 86 24 69 7 111 91 51 23 4 30 76 21 
114 80 135 84 37 15 124 31 95 105 86 128 136 7 65 103 38 20 29 28 13 44 91 16 75 127 121 119 53 25 46 1 98 
115 130 34 135 98 131 37 12 116 28 125 87 127 6 107 63 24 65 74 21 76 25 126 90 46 67 20 136 118 36 
116 93 108 121 1 103 75 24 92 115 6 98 132 89 10 68 123 106 13 7 23 78 90 76 91 11 54 83 43 3 109 
117 88 1 104 70 35 103 37 59 42 132 36 113 61 79 12 0 69 102 5 129 21 51 34 4 126 
118 132 85 89 43 10 49 91 9 101 17 99 64 23 122 88 106 62 74 3 75 109 111 33 115 119 70 79 12 19 0 
119 51 46 31 100 78 3 73 98 64 77 86 7 113 103 79 89 2 114 88 109 118 59 
120 100 127 32 88 85 126 102 42 106 66 19 41 10 81 87 12 58 84 98 34 8 6 63 130 38 46 90 122 67 28 35 31 
121 36 94 60 2 116 90 50 1 38 125 28 97 133 4 13 80 78 52 33 136 79 98 63 103 114 102 54 15 129 
122 124 109 87 1 30 13 7 0 57 99 38 52 53 41 104 34 81 51 78 50 118 28 55 15 26 42 102 21 108 25 94 120 97 134 
123 67 47 27 74 45 85 52 48 89 70 102 107 51 21 100 2 3 14 116 78 124 84 49 58 25 83 28 22 136 17 
124 87 122 24 15 32 62 34 82 10 23 114 77 95 14 33 26 36 98 7 11 97 65 123 64 31 106 130 18 102 78 110 54 21 40 
125 44 88 33 92 121 7 55 115 129 102 8 5 4 137 72 6 74 47 112 17 3 1 
126 132 43 120 32 33 74 98 29 93 25 58 44 1 4 115 129 47 117 41 
127 120 130 129 54 32 115 18 96 12 35 88 27 19 1 134 69 114 15 47 73 28 97 71 111 20 86 98 9 
128 48 83 82 51 1 93 110 114 65 36 41 67 92 2 57 88 85 133 59 112 135 73 15 
129 137 127 35 132 39 24 61 63 125 94 78 33 47 10 71 58 79 135 136 6 76 126 117 31 105 110 5 121 2 
130 18 9 20 115 127 54 68 104 65 88 87 52 75 0 1 53 17 40 76 90 106 100 96 15 85 124 70 137 10 42 28 120 78 77 13 67 
131 88 103 14 1 34 39 51 24 99 46 115 105 3 35 33 64 86 98 21 79 106 40 91 5 80 71 43 63 77 18 20 96 59 85 89 
132 91 126 129 118 20 76 47 117 83 101 69 100 88 55 116 49 23 28 104 30 40 96 1 99 3 51 15 107 95 77 
133 15 88 11 59 8 100 40 51 38 27 54 121 31 82 26 3 22 29 47 99 12 68 128 5 57 37 85 
134 79 13 92 91 31 87 36 17 35 70 14 97 127 111 110 3 16 42 69 38 30 122 
135 49 83 114 115 36 48 77 21 86 9 129 100 128 89 80 19 56 
136 61 85 46 137 112 91 65 13 104 52 99 81 114 41 102 24 88 72 121 129 10 87 115 0 123 
137 46 129 49 70 136 78 19 95 16 113 87 44 24 6 125 37 108 3 20 130 65 27 90 71 32 94 86 25 
