0 66 70 42 82 13 26 18 123 64 25 2 38 94 8 19 51 108 39 59 138 57 156 163 112 132 128 47 116 149 139 133 110 99 31 20 119 62 48 131 63 140 30 41 45 162 40 61 84 129 15 111 147 87 134 
1 80 146 31 134 12 45 108 154 129 109 152 98 87 142 118 132 97 124 27 151 60 62 139 105 86 17 128 38 7 48 32 81 157 19 
2 106 41 48 33 68 12 0 162 90 50 97 75 148 159 44 122 113 134 143 112 28 4 126 153 38 73 77 100 17 37 87 6 34 32 163 27 118 85 102 152 42 14 74 111 23 136 127 94 21 60 49 149 67 156 144 
3 118 10 142 104 64 33 5 11 38 146 97 148 86 164 102 62 111 22 53 44 48 46 130 98 13 37 89 131 78 82 139 65 114 112 75 35 153 149 155 147 95 152 122 
4 157 29 88 135 59 60 79 156 19 98 12 117 74 48 147 71 93 100 61 152 102 110 38 108 2 39 150 97 120 159 53 131 58 6 28 149 31 116 83 160 109 161 139 49 136 42 155 92 
5 83 76 93 42 87 16 85 55 10 28 115 158 135 134 121 136 3 88 27 103 107 66 63 18 23 90 97 99 30 11 7 118 144 24 120 89 94 54 161 123 20 50 59 79 57 164 102 109 154 29 150 122 119 44 
6 14 115 111 11 72 124 82 108 117 154 162 152 29 110 45 112 144 74 48 105 35 77 60 13 98 63 75 61 150 2 4 85 7 138 88 76 43 47 102 96 155 91 10 109 121 55 62 83 39 114 
7 98 96 92 156 150 86 8 11 16 76 68 19 158 111 157 72 129 125 88 64 32 41 106 134 38 148 103 95 144 5 62 79 115 94 119 104 12 14 6 33 130 20 152 48 136 35 1 149 80 26 137 82 114 97 100 164 107 
8 76 99 106 134 97 133 7 40 102 13 125 0 94 24 70 145 77 31 155 163 126 53 110 128 104 157 143 90 44 114 108 144 21 92 
9 41 128 34 50 126 30 149 20 82 44 106 135 145 144 62 29 67 116 42 98 25 103 74 160 105 111 52 11 148 99 120 102 61 40 147 161 16 19 123 112 132 33 85 96 138 146 90 47 142 46 97 84 21 
10 64 50 51 3 134 104 112 5 91 74 94 72 158 66 147 14 154 110 30 48 60 121 11 63 129 42 162 127 26 13 164 115 150 87 23 6 46 93 77 19 119 141 148 
11 108 20 119 149 101 62 6 85 7 48 109 136 135 103 3 106 52 37 5 75 82 67 138 9 66 133 44 87 17 40 10 41 105 131 22 146 124 96 127 32 125 91 158 15 134 71 
12 64 52 1 32 97 4 81 2 23 42 76 80 88 68 128 160 50 92 136 59 124 51 62 78 103 66 18 58 146 7 48 151 94 129 40 22 156 115 104 119 60 
13 143 69 82 42 0 103 147 127 33 58 115 34 8 105 22 91 145 131 156 104 29 102 17 148 100 59 109 160 62 6 112 75 86 76 3 67 10 101 118 114 120 44 96 149 77 20 138 108 
14 100 6 105 111 163 74 140 31 108 33 138 81 16 104 134 85 77 34 97 37 45 10 149 157 35 129 137 128 109 106 125 82 46 50 49 135 17 99 73 7 159 30 94 89 160 18 62 101 156 131 2 132 141 88 55 39 24 78 116 
15 40 121 41 87 164 109 46 149 129 88 162 76 89 64 139 97 81 21 143 111 80 132 78 16 52 151 18 156 35 57 154 11 33 70 146 0 68 48 
16 127 116 158 45 163 93 5 41 86 7 61 72 73 139 14 106 77 78 148 144 32 91 67 95 56 28 156 37 92 33 115 21 79 15 125 9 35 132 55 111 90 140 52 119 60 82 83 29 118 63 62 
17 44 119 58 72 132 57 49 100 139 21 145 13 113 84 86 125 105 115 56 80 140 2 14 33 74 11 1 69 92 39 151 91 75 94 160 158 31 124 141 32 
18 74 125 68 158 119 123 136 46 105 70 95 159 0 116 55 142 64 25 163 5 144 56 71 99 41 94 85 115 67 107 75 69 141 24 63 12 66 34 22 137 31 26 134 78 14 15 35 153 111 79 104 83 160 97 
19 91 28 4 44 134 66 79 7 80 82 0 72 138 132 24 60 85 25 117 75 125 90 34 88 36 77 156 113 133 9 32 38 160 81 64 126 99 93 10 61 46 100 74 1 
20 11 114 70 29 9 58 53 65 84 89 76 150 33 83 134 158 110 153 117 105 119 152 109 161 113 157 0 121 124 115 7 116 135 48 127 129 120 51 41 32 5 28 111 146 151 112 144 141 47 92 132 39 139 13 
21 75 45 61 143 149 72 121 122 115 136 145 128 151 17 29 162 66 124 130 73 116 139 39 161 15 85 54 159 107 153 16 132 104 154 112 118 155 77 8 152 60 27 2 50 91 9 
22 39 109 161 129 74 135 37 111 83 62 98 33 138 57 140 13 65 81 150 24 155 151 35 67 123 99 105 144 58 3 94 154 18 136 127 52 102 160 103 11 110 119 142 72 76 12 125 60 148 36 46 126 157 104 
23 41 60 98 127 96 56 25 78 100 27 131 126 12 129 90 61 24 38 5 81 42 87 62 121 72 143 65 37 136 39 82 103 152 63 50 33 10 2 149 51 85 132 130 142 32 102 117 67 
24 59 106 86 90 99 35 126 131 111 43 156 129 76 158 8 23 22 69 19 38 105 144 155 44 92 18 97 112 5 47 52 49 79 107 153 67 93 66 124 152 14 25 120 104 
25 140 113 101 41 158 23 128 164 50 121 79 38 122 0 65 155 18 117 146 83 126 36 124 57 142 58 60 143 42 160 141 9 19 61 63 90 49 82 157 98 64 106 34 116 89 154 72 104 149 43 78 112 54 147 24 
26 149 70 73 94 0 123 106 124 160 97 96 100 118 127 142 114 157 85 72 74 81 161 67 163 61 84 31 91 119 99 88 10 18 138 102 128 75 137 7 153 69 93 
27 116 39 45 148 128 23 70 158 29 114 135 94 100 91 109 150 48 5 35 164 112 80 64 117 120 160 136 97 88 60 41 133 1 36 79 137 124 127 156 131 152 108 147 126 2 125 130 44 163 38 138 104 21 63 87 
28 159 144 121 109 116 19 75 5 164 156 145 100 81 129 77 2 87 113 68 126 51 16 71 114 4 131 40 73 65 154 132 20 163 149 89 140 153 66 
29 4 42 36 56 48 79 20 156 146 60 95 119 27 109 6 9 13 145 21 102 47 94 72 67 61 88 125 77 73 122 89 71 57 115 152 141 5 69 151 49 44 16 113 164 
30 136 110 33 122 144 51 104 137 74 9 147 124 107 36 131 140 114 134 68 35 129 160 155 115 86 72 84 151 5 91 158 103 54 109 10 101 135 38 106 111 132 14 69 90 0 153 46 100 152 105 142 156 146 
31 36 42 125 1 88 129 52 144 157 82 71 14 32 39 83 163 37 48 137 51 87 159 118 92 112 46 124 101 102 77 113 143 94 8 148 127 26 97 73 0 80 161 4 57 18 104 93 132 108 110 142 139 81 17 109 107 65 60 106 
32 44 36 12 81 131 110 132 31 34 57 148 54 156 92 16 121 108 35 7 142 116 136 79 95 51 157 80 104 52 2 145 20 19 64 120 11 83 41 130 117 102 1 153 150 139 23 135 17 89 113 
33 30 89 115 2 109 131 13 152 75 22 3 14 36 159 37 110 72 20 107 69 155 154 147 99 103 122 140 73 149 144 80 17 16 56 41 114 153 7 111 151 48 58 113 136 23 127 9 55 94 163 82 162 15 138 148 76 
34 37 65 9 78 90 125 129 97 58 32 114 47 62 13 124 36 83 117 14 107 99 69 149 95 113 132 19 18 148 126 2 25 164 74 162 142 116 46 138 79 82 76 
35 148 101 57 24 93 104 153 54 80 30 82 27 145 71 125 111 51 155 160 75 22 32 94 102 14 126 156 95 6 157 47 42 87 128 44 7 16 129 49 18 15 97 92 3 154 132 58 84 73 98 41 
36 31 81 158 32 96 29 98 104 52 163 87 59 145 141 153 30 33 154 73 74 25 34 119 123 113 82 161 61 27 134 150 58 149 102 19 164 125 71 146 53 118 75 22 147 56 160 46 133 
37 110 34 114 48 69 153 126 22 160 154 106 61 40 33 31 156 124 92 107 77 50 14 56 133 41 118 139 73 11 149 134 43 16 2 158 157 116 23 51 64 89 140 3 117 145 130 65 108 49 155 
38 163 53 107 150 164 131 122 161 25 43 162 153 124 62 0 151 71 23 3 4 24 2 145 7 111 47 46 82 30 64 121 134 143 137 57 89 76 65 1 19 90 159 55 27 91 148 97 157 
39 99 76 22 109 138 27 78 137 52 152 160 46 31 135 44 0 102 4 93 58 110 55 123 21 120 128 121 41 145 108 133 23 17 119 112 86 154 49 69 162 20 101 6 90 14 48 45 
40 152 15 103 49 113 87 145 46 102 125 108 37 48 160 8 79 149 127 70 153 109 129 81 64 146 111 148 132 154 110 94 63 42 86 9 11 114 128 162 28 43 12 85 147 159 0 69 117 96 161 47 50 
41 23 9 58 2 25 126 107 15 149 51 16 114 54 81 92 140 47 27 96 102 37 71 7 106 18 148 44 118 72 76 150 59 93 131 33 39 42 112 11 89 20 145 53 0 100 143 32 85 35 162 99 
42 126 31 0 66 29 73 5 13 54 162 116 142 156 61 12 128 59 138 141 157 25 163 164 79 9 154 23 129 111 152 86 40 143 153 151 41 77 10 35 46 58 105 2 109 4 117 87 75 
43 119 83 81 100 97 108 24 124 38 120 121 80 92 149 95 128 104 112 51 48 37 89 114 60 131 40 44 6 65 25 71 113 136 153 154 134 101 155 163 116 
44 104 17 93 32 80 147 88 49 138 50 19 112 103 9 85 54 2 156 39 58 65 114 100 41 24 3 142 11 130 145 43 107 35 92 27 116 56 133 160 13 60 8 115 125 29 5 
45 21 16 27 135 1 80 151 56 116 98 62 142 127 60 140 6 164 101 156 161 94 14 117 49 59 46 67 162 108 139 159 83 114 130 155 0 71 48 73 65 104 112 69 102 95 39 111 
46 102 139 138 162 82 18 132 40 157 39 88 144 100 15 155 68 104 83 116 146 131 31 51 148 151 149 45 107 59 70 124 38 69 14 141 54 3 128 55 90 142 67 42 87 137 34 110 94 153 105 10 121 158 30 71 126 22 106 161 9 117 134 19 36 
47 145 58 126 111 110 142 80 134 153 150 69 34 53 96 54 103 86 41 137 98 108 159 51 109 29 38 0 97 76 24 161 35 79 6 65 71 139 59 20 9 117 113 120 40 100 127 92 
48 129 2 37 29 151 113 159 4 123 11 40 161 162 27 31 140 53 6 107 75 43 52 114 97 125 146 78 127 10 108 3 153 87 12 20 0 7 33 112 64 45 1 72 61 84 39 163 15 164 
49 132 143 54 163 44 76 40 78 156 52 95 80 17 141 164 89 91 115 71 149 45 62 90 88 130 135 25 136 14 53 84 108 83 134 148 137 57 24 51 140 35 39 121 86 4 122 79 59 155 61 29 2 37 
50 114 10 109 127 55 9 150 90 25 44 130 149 122 117 95 2 12 37 133 101 151 51 71 140 63 54 14 91 143 154 74 144 61 68 57 5 23 115 59 69 152 97 21 112 40 148 
51 151 87 76 60 10 129 30 63 85 41 164 149 137 118 31 35 0 142 46 12 152 47 50 43 32 28 148 109 65 37 111 92 62 79 52 80 143 20 141 83 49 23 113 58 67 101 
52 12 65 81 31 99 39 36 86 124 49 156 66 140 11 97 127 63 108 87 9 77 48 148 74 142 73 114 131 95 76 136 32 22 112 154 24 51 15 91 107 125 16 106 88 82 
53 99 101 86 152 38 134 70 138 115 82 20 47 104 96 65 119 48 151 159 122 128 56 54 68 92 114 3 8 4 49 112 125 140 41 36 160 95 72 154 142 103 
54 49 62 91 42 133 164 129 41 35 120 85 44 149 47 55 32 138 68 81 30 103 104 53 60 127 50 63 158 46 21 5 92 73 69 148 162 160 75 66 83 132 71 25 159 88 106 
55 143 89 50 97 126 5 164 120 141 18 56 58 99 77 95 83 54 107 39 106 69 64 91 139 74 153 130 62 46 116 108 16 132 38 33 14 6 149 86 111 125 101 
56 110 61 23 76 29 68 45 62 55 82 104 154 85 67 102 37 18 17 81 112 53 60 16 135 113 75 151 33 64 89 137 128 44 121 150 117 156 148 108 93 124 36 100 163 
57 64 77 35 85 80 118 99 112 17 147 134 22 63 32 96 25 155 161 66 0 162 90 127 124 74 159 106 82 130 91 94 148 58 69 38 67 31 29 61 49 50 128 145 149 117 71 15 5 65 
58 94 41 155 157 120 47 17 153 34 76 13 20 55 102 25 98 119 142 44 137 91 39 143 22 36 138 12 57 4 109 71 146 33 127 151 121 42 84 101 111 75 35 86 66 85 51 64 
59 70 159 99 24 4 95 98 114 120 104 36 106 158 68 80 76 42 85 12 0 92 13 45 88 46 129 117 41 74 66 151 123 136 119 141 5 47 50 81 89 150 49 103 110 155 
60 23 138 63 124 162 116 51 65 4 67 29 86 148 122 118 70 45 163 156 25 27 64 19 154 56 1 113 6 54 157 68 10 146 83 121 92 43 80 120 135 99 141 44 22 21 112 2 16 72 94 12 119 31 
61 151 86 92 145 133 56 70 21 139 74 140 153 112 37 16 42 150 106 129 135 4 81 72 82 23 163 119 89 117 121 76 36 100 123 25 102 29 152 116 26 6 9 93 66 84 50 110 128 57 154 85 90 0 104 49 48 19 87 71 
62 70 54 141 107 11 139 158 45 84 22 56 151 34 38 96 9 108 113 159 65 12 49 147 136 3 122 1 23 106 13 7 63 115 85 99 55 0 51 83 14 94 138 150 121 6 72 97 102 149 16 117 
63 134 60 149 51 118 112 98 81 163 99 57 83 65 5 125 111 153 52 79 131 25 40 50 18 62 122 54 6 157 132 129 121 10 67 115 0 88 158 68 151 23 120 27 93 106 16 
64 134 12 57 10 141 95 157 108 121 80 3 0 85 18 162 126 65 27 88 104 40 152 77 7 60 15 72 148 38 55 163 25 37 136 56 91 154 78 149 137 48 32 19 140 130 119 89 76 74 58 98 
65 34 52 125 96 103 60 145 108 135 105 160 97 25 20 92 120 74 152 64 22 53 63 82 44 130 102 121 62 95 84 128 119 112 156 161 76 138 23 163 87 51 126 28 38 43 47 78 98 3 124 45 133 37 153 146 79 31 159 66 57 
66 0 80 42 157 155 124 19 52 5 10 121 57 70 129 21 101 151 148 137 12 11 18 77 141 100 79 59 61 117 76 108 118 90 123 74 95 68 54 24 84 131 58 132 72 85 65 28 
67 164 160 69 163 116 60 120 147 125 70 108 148 149 119 56 9 71 84 16 22 82 155 45 18 127 29 11 68 26 135 78 81 134 57 13 63 46 138 144 24 124 151 85 2 51 23 
68 164 113 155 137 110 18 93 92 98 56 88 2 7 108 59 30 12 46 54 121 86 79 28 114 53 67 135 102 131 60 94 146 140 144 50 63 152 128 154 66 158 132 91 97 151 104 15 
69 158 147 13 81 67 37 116 79 162 47 98 130 99 33 24 124 133 34 92 112 125 55 164 102 18 46 117 74 57 146 17 110 135 54 30 50 39 40 29 45 115 26 
70 62 59 83 0 145 110 26 20 105 135 61 53 85 18 27 138 60 67 96 40 124 8 66 75 104 119 114 117 46 139 71 107 141 99 158 160 15 101 134 88 
71 88 134 89 125 152 154 161 96 31 4 142 113 137 35 38 128 67 49 140 146 83 41 18 50 122 70 99 28 127 156 29 58 144 162 124 100 36 78 43 163 45 103 47 57 54 76 46 119 61 11 94 117 
72 121 131 21 17 85 6 104 147 16 123 162 118 141 124 61 140 33 130 10 19 7 30 132 127 87 26 64 29 41 94 23 161 107 25 144 22 92 145 48 53 62 82 137 79 159 136 60 66 108 
73 138 126 42 87 26 106 130 16 75 36 107 159 115 37 2 136 145 129 84 33 21 135 142 124 52 137 31 14 134 105 29 85 28 54 95 98 99 93 45 123 113 35 91 148 76 
74 18 22 14 84 61 30 4 99 154 36 10 65 6 118 150 26 9 113 57 112 145 52 100 147 69 93 55 59 17 135 97 108 50 34 110 161 66 127 2 64 19 
75 21 86 158 82 151 28 157 33 118 135 73 106 2 120 107 35 129 70 97 136 11 48 99 139 98 18 19 56 83 6 147 13 94 76 163 108 26 54 17 140 160 3 58 36 42 
76 141 107 39 5 8 126 51 49 56 104 116 132 155 58 7 79 59 12 145 24 86 122 20 111 151 128 129 103 15 125 61 158 65 148 41 147 153 52 160 106 124 38 157 13 99 6 47 75 66 138 154 115 22 89 71 64 134 34 33 83 88 73 
77 130 57 87 93 104 91 121 100 16 55 37 14 163 112 28 64 106 31 8 52 6 115 111 145 2 66 116 19 29 137 42 134 132 113 129 125 150 142 108 10 21 13 109 160 151 
78 34 23 39 102 49 90 110 103 16 105 128 141 145 12 112 67 48 164 101 15 81 119 64 95 18 148 71 3 127 138 25 65 120 152 149 139 14 
79 88 151 127 86 98 29 69 4 137 25 19 142 76 40 155 81 164 42 68 114 129 32 63 27 109 7 85 105 66 158 145 51 16 47 112 24 138 150 34 5 49 72 108 65 18 94 
80 127 1 44 66 163 129 94 64 57 102 45 95 47 49 151 126 143 59 35 12 43 19 112 27 160 125 104 146 17 118 32 135 113 87 33 107 15 31 86 60 51 97 91 84 7 133 141 
81 163 36 100 110 52 69 43 32 12 129 63 93 41 138 159 96 61 14 143 79 22 92 28 40 54 148 127 23 56 89 112 26 124 87 146 91 115 160 15 155 95 134 161 67 78 98 107 19 59 31 122 154 128 1 108 126 
82 99 160 131 75 117 13 129 46 0 31 136 6 163 53 103 9 56 90 35 19 153 61 65 105 86 36 137 67 87 91 11 93 128 85 25 38 57 114 14 125 162 23 157 161 140 3 152 33 7 107 111 72 154 102 34 113 16 52 139 
83 5 134 141 70 139 43 148 108 22 135 155 31 149 128 25 63 113 55 20 46 34 71 162 127 84 98 154 147 75 157 87 60 45 49 4 62 51 101 54 103 122 32 130 6 102 153 16 121 18 76 91 
84 153 138 158 117 112 74 97 113 62 161 145 148 20 125 67 30 17 65 83 73 136 109 163 26 49 61 114 116 123 58 80 0 66 35 135 118 48 9 155 
85 92 57 112 149 70 105 51 5 72 11 64 125 44 54 103 115 56 14 88 145 59 164 26 19 155 119 18 82 151 146 79 106 21 114 93 6 62 158 73 144 150 104 2 108 40 9 61 23 147 89 58 41 128 67 66 123 
86 53 61 75 122 164 79 24 108 52 7 94 60 16 147 153 156 140 76 143 128 47 30 82 96 17 68 3 89 116 42 132 141 127 117 40 1 137 13 80 159 39 49 102 133 58 105 100 55 90 106 
87 129 51 77 118 127 5 73 36 40 130 164 15 106 122 1 31 90 131 152 107 132 72 28 108 82 52 92 23 81 111 80 135 65 11 2 83 48 97 126 150 35 46 10 112 121 162 94 42 61 27 0 
88 71 79 4 44 145 31 91 68 136 108 107 5 125 157 12 46 90 113 64 27 15 85 7 105 59 138 49 29 144 159 19 137 142 156 121 104 6 26 124 111 152 63 163 146 158 117 123 14 119 126 52 54 93 70 76 
89 71 116 55 134 33 144 102 95 150 156 147 113 20 49 139 153 112 136 61 140 109 15 86 81 154 96 98 146 38 37 43 108 25 106 56 29 5 14 145 41 124 3 143 76 90 59 138 28 85 64 130 161 32 
90 34 94 147 24 50 106 152 130 82 78 23 2 88 87 145 137 5 113 107 57 49 138 25 157 19 153 46 30 66 111 144 141 38 16 8 158 89 61 122 9 39 96 86 
91 161 54 19 155 114 77 88 126 140 27 10 105 99 13 96 49 120 156 16 30 147 122 58 104 82 127 94 81 134 55 57 26 50 107 92 158 64 141 110 52 17 80 121 6 132 11 151 38 68 73 21 109 83 
92 61 137 7 85 97 68 103 153 41 65 43 37 12 81 129 31 147 32 69 59 146 126 93 87 144 115 24 53 16 151 91 51 60 54 17 104 107 44 121 101 35 72 20 116 8 4 161 47 
93 44 5 16 68 77 35 115 155 4 81 150 121 95 158 114 103 107 98 162 111 156 39 92 82 120 41 129 74 117 61 85 31 110 136 97 24 73 19 10 122 125 56 63 26 88 
94 58 90 164 80 26 128 86 111 98 110 27 0 8 10 104 45 109 161 143 108 142 35 96 18 29 31 113 114 91 40 72 22 68 57 7 99 116 119 75 5 14 12 117 62 149 46 33 137 17 87 132 2 140 60 79 71 
95 122 121 158 64 59 89 100 162 141 80 18 29 124 49 105 130 119 50 93 55 153 143 109 43 128 65 16 34 32 35 144 7 99 142 156 52 81 73 78 66 104 110 53 45 3 147 
96 106 36 65 7 118 23 140 128 71 102 145 105 99 26 81 100 53 57 47 113 62 70 91 119 41 86 153 101 120 94 122 123 89 111 144 6 11 13 151 9 110 40 129 90 
97 162 55 124 121 84 92 8 154 12 43 34 129 65 26 2 159 1 163 27 14 52 5 3 161 137 75 4 48 15 24 136 47 114 31 74 102 87 144 128 113 109 80 93 35 133 7 62 50 68 9 155 38 115 18 
98 145 7 23 79 36 161 136 111 59 144 68 4 94 159 45 63 22 99 69 100 104 125 108 1 109 115 58 101 121 93 47 131 9 83 89 75 6 25 163 152 140 3 149 114 81 73 150 147 65 162 110 118 119 35 123 155 64 
99 82 53 39 59 157 52 24 128 57 8 155 74 98 96 63 55 91 138 69 140 126 149 125 5 34 18 133 22 33 114 75 95 9 135 71 94 0 14 146 111 26 62 118 76 151 130 70 60 107 137 142 73 19 161 41 
100 14 81 134 127 23 121 95 138 43 112 145 153 129 17 104 27 98 4 77 26 96 120 46 137 28 108 13 44 133 61 124 139 74 2 66 143 106 71 41 116 157 30 7 142 56 86 110 19 47 160 
101 53 114 141 35 25 111 11 162 45 98 104 159 50 96 31 66 127 129 30 108 113 164 78 163 14 13 83 131 58 136 92 123 117 43 70 39 55 51 
102 141 46 148 89 122 78 80 96 130 159 40 8 142 146 58 126 4 13 56 41 65 39 31 29 35 3 103 61 129 68 149 69 9 144 36 135 22 143 97 110 152 114 26 2 139 6 128 105 5 86 32 82 45 62 83 23 
103 117 148 40 65 150 13 92 143 82 44 11 5 85 47 78 93 104 129 76 30 157 54 9 33 102 106 7 12 133 107 118 22 23 71 83 59 151 53 
104 44 130 119 126 76 36 121 30 10 77 59 3 35 72 100 98 144 56 53 114 14 46 94 13 43 116 162 101 103 64 80 149 70 158 91 54 125 105 32 7 124 88 157 31 138 21 25 85 8 92 95 151 45 61 27 12 110 18 68 22 141 24 
105 14 70 141 126 18 85 65 134 95 96 91 13 135 78 82 116 88 148 17 140 143 20 24 9 6 22 147 133 104 1 79 114 73 11 42 102 46 120 137 152 86 30 
106 125 2 96 24 124 8 73 160 26 90 37 150 59 116 87 61 9 75 11 16 137 107 77 41 121 7 55 142 103 62 14 57 135 85 110 30 25 76 147 129 159 89 100 46 52 163 63 86 31 54 
107 76 132 41 157 120 38 62 30 88 164 73 5 33 129 37 93 55 127 106 75 87 34 48 90 46 18 80 103 70 91 72 21 149 117 44 92 81 52 151 99 124 24 163 82 144 142 31 143 7 
108 11 155 163 111 86 64 109 65 1 83 88 43 40 6 14 68 115 98 140 67 0 100 62 94 47 32 135 4 87 52 45 141 101 160 48 147 89 27 49 74 144 39 125 157 66 113 55 85 31 75 139 77 8 37 56 118 79 72 81 13 
109 114 39 50 22 162 28 108 110 33 1 29 11 15 27 116 156 98 95 94 40 89 161 155 158 160 13 47 30 118 79 14 20 84 51 164 126 58 163 122 4 151 97 125 6 136 42 5 31 77 91 137 
110 56 37 30 81 70 68 109 47 164 32 137 94 78 6 33 112 143 121 134 4 20 148 136 10 39 40 133 113 106 0 69 102 120 22 8 61 74 93 91 46 95 126 31 98 96 104 100 131 59 135 
111 134 108 101 149 14 98 47 6 133 22 139 94 24 116 7 76 35 125 40 159 93 63 9 38 42 136 126 128 87 77 145 3 96 130 162 119 30 15 99 51 33 129 88 118 90 143 20 155 16 161 2 58 163 18 82 137 164 55 0 45 
112 142 84 85 10 57 100 63 61 127 44 140 128 80 27 6 110 89 43 160 31 77 2 158 65 69 56 81 0 151 78 74 159 13 155 24 145 118 52 119 154 41 53 21 148 39 48 79 162 87 146 125 9 25 3 20 45 141 60 50 
113 153 144 68 25 145 40 115 84 48 134 96 89 71 83 2 163 88 62 90 36 17 28 156 31 139 148 94 60 74 34 80 56 130 119 125 110 101 151 20 19 33 108 97 150 77 142 43 73 51 82 47 29 133 32 
114 50 101 109 37 20 160 59 115 91 41 27 34 127 30 164 104 149 93 122 26 137 44 70 79 68 99 146 153 48 94 53 82 52 121 97 85 105 28 33 43 40 45 98 135 84 102 155 150 119 116 13 152 154 3 8 7 6 
115 137 33 124 113 6 114 93 5 53 21 108 13 85 98 30 49 144 131 73 119 161 17 18 77 157 92 81 147 7 62 20 16 155 29 122 63 10 76 130 50 150 12 44 69 162 136 97 134 135 138 
116 89 27 16 150 60 28 69 67 76 45 42 106 126 18 133 146 111 109 149 105 46 104 9 162 32 122 153 86 21 0 61 77 135 37 94 25 20 4 55 124 84 152 34 44 114 100 161 92 43 14 
117 133 103 82 84 159 4 6 50 25 150 27 145 34 61 20 70 161 45 19 59 148 69 86 135 93 152 164 66 107 94 37 128 157 155 57 88 153 40 101 132 56 32 42 47 149 46 71 23 138 62 139 
118 120 3 96 87 123 57 63 144 60 75 72 51 26 1 31 74 121 37 132 153 41 80 109 131 5 103 112 99 111 2 135 66 21 13 138 36 98 108 84 155 16 
119 125 104 154 17 43 11 18 29 95 132 67 53 61 58 96 36 162 157 70 115 65 85 20 123 113 111 7 26 94 0 112 59 78 22 39 148 114 122 134 88 64 98 10 16 12 71 60 5 
120 141 118 58 107 131 59 161 55 67 43 54 100 65 152 139 27 138 153 136 91 75 96 160 93 9 149 39 4 157 155 5 110 20 60 13 78 32 105 63 162 47 24 
121 95 15 72 28 64 97 104 100 21 157 25 127 134 123 5 77 93 43 161 155 110 98 66 146 118 164 32 68 61 65 106 133 23 38 114 88 39 60 20 10 63 58 92 91 138 56 143 49 87 46 6 62 83 
122 95 86 135 144 102 30 123 38 21 60 25 50 138 87 76 2 114 131 53 91 96 71 33 62 116 63 150 109 29 115 119 83 49 81 93 90 153 149 137 3 5 
123 131 146 133 118 18 122 150 26 0 121 48 72 134 136 36 126 153 144 163 22 61 96 128 39 119 145 59 154 84 5 66 9 88 101 141 73 132 98 85 
124 159 60 115 106 97 131 151 52 66 95 30 6 26 43 38 72 153 37 25 34 127 70 1 69 12 31 148 21 145 81 46 100 57 161 73 27 104 142 76 20 88 150 130 133 147 89 71 116 11 107 129 65 67 24 17 155 56 
125 106 71 119 18 65 31 34 128 131 40 85 88 98 67 8 146 35 84 80 7 126 63 99 76 17 111 160 69 104 148 48 14 29 19 113 82 134 130 108 53 140 147 16 27 135 36 52 109 112 77 22 11 143 93 44 55 
126 42 76 41 104 73 47 24 152 105 9 55 37 139 153 164 23 116 80 91 161 158 144 25 129 64 102 125 99 123 157 2 92 35 131 28 111 8 148 34 137 109 151 65 27 87 110 19 46 128 22 88 81 
127 80 16 79 23 50 100 87 143 135 152 121 13 132 112 114 45 40 26 124 107 72 52 81 101 57 83 91 67 54 31 48 86 27 22 71 137 20 10 58 129 158 74 78 139 33 136 11 2 47 
128 9 96 25 99 148 125 94 152 27 160 153 112 83 42 12 71 86 161 76 21 78 43 142 95 65 53 82 134 14 123 111 0 154 146 39 1 156 46 40 61 97 56 8 35 57 158 26 117 102 68 147 130 85 81 126 
129 140 87 48 31 157 80 22 82 51 34 97 81 54 100 1 23 61 24 126 30 107 15 7 76 92 40 28 103 75 66 153 131 79 101 14 42 73 102 59 158 93 63 151 106 10 111 20 152 127 12 134 124 77 35 143 130 141 0 96 160 
130 77 104 132 73 87 102 50 95 90 134 69 162 72 144 137 65 21 158 49 150 113 111 57 55 3 125 7 44 45 124 157 99 153 27 37 115 83 64 32 129 128 89 23 
131 123 82 72 120 124 24 38 152 32 33 23 125 30 13 146 87 122 115 46 129 98 126 63 118 68 134 52 41 160 4 27 157 11 28 0 43 3 101 161 14 138 66 154 110 133 
132 49 130 107 17 76 149 46 150 32 127 119 1 19 72 140 87 118 40 0 86 34 63 144 30 15 133 21 31 77 28 152 16 55 9 91 14 35 20 68 54 138 117 23 94 123 66 157 147 
133 117 61 123 8 111 54 116 134 27 50 69 37 156 100 99 149 121 153 110 103 11 105 0 132 158 124 39 19 44 150 160 97 146 80 65 161 86 131 157 36 113 
134 83 64 71 111 63 162 89 100 1 53 8 152 10 113 150 47 5 164 121 105 19 57 156 30 133 130 123 144 147 14 20 110 2 7 36 128 37 149 131 91 38 81 125 73 67 49 77 18 129 139 119 43 76 11 46 70 115 0 
135 122 70 4 45 65 127 22 83 149 5 27 75 61 11 105 157 9 152 39 143 108 30 56 68 80 49 73 67 106 87 99 159 117 14 116 74 102 20 114 69 118 137 125 60 84 32 110 115 
136 30 159 98 18 88 82 5 11 123 21 164 27 12 89 120 145 110 146 75 157 32 162 73 156 62 137 111 49 84 97 52 22 64 23 59 7 144 93 147 33 127 101 109 43 4 2 72 115 148 
137 160 153 92 68 115 39 158 30 110 79 51 31 71 106 100 47 90 130 58 114 161 152 82 142 97 66 14 136 27 73 88 38 149 126 86 77 127 18 49 64 141 56 135 138 46 139 26 145 99 140 94 7 105 111 72 154 122 109 
138 60 84 73 146 162 39 46 44 100 70 53 22 81 14 122 42 99 19 120 54 151 0 88 153 11 90 65 58 6 141 104 26 76 67 137 163 118 79 34 78 131 121 62 89 9 132 27 33 117 147 13 115 
139 46 144 83 61 140 62 111 126 143 163 16 17 160 120 89 37 113 15 70 100 75 1 21 0 55 45 145 164 102 137 127 108 134 3 47 4 31 20 32 82 78 154 117 
140 129 25 96 139 61 14 112 91 155 30 41 86 45 72 108 22 52 48 99 159 71 89 132 105 154 33 50 17 68 98 145 141 153 37 125 53 0 161 82 137 49 16 75 64 94 28 
141 76 102 120 163 83 101 157 64 62 105 147 95 55 36 49 72 42 78 25 160 108 18 86 66 46 140 138 91 59 70 137 51 29 90 142 60 14 20 80 123 112 129 17 10 104 
142 112 3 47 159 144 42 45 154 79 18 71 102 25 1 26 146 58 128 158 51 94 137 32 148 106 95 73 52 44 88 152 124 46 155 149 22 34 164 141 113 99 31 77 9 107 100 30 23 53 
143 55 49 13 21 156 127 162 103 80 139 81 86 110 95 135 25 94 2 153 159 154 105 31 58 23 42 15 38 50 102 100 51 148 111 41 89 8 121 125 129 107 
144 113 89 139 122 28 30 31 98 142 118 104 126 46 134 9 6 18 115 130 16 156 123 95 22 24 33 88 92 7 132 102 159 5 68 108 71 85 50 151 97 67 136 96 90 72 20 8 155 107 149 2 
145 164 147 98 61 70 88 47 113 65 96 40 36 100 84 76 35 9 21 28 13 117 90 29 17 136 85 8 78 155 124 73 38 123 163 111 74 77 112 79 140 39 89 139 44 32 41 37 57 137 149 72 
146 153 123 138 1 147 29 116 102 25 155 125 131 142 3 121 71 46 80 40 92 136 114 154 48 89 81 85 163 128 12 68 99 69 60 158 58 11 156 88 112 20 36 133 9 65 15 30 
147 145 44 69 146 90 141 13 30 89 72 162 4 86 57 67 164 160 134 10 92 148 91 33 62 115 105 76 153 83 74 108 75 106 9 27 124 125 136 98 40 85 128 36 3 149 25 138 0 132 95 
148 35 155 157 102 103 27 83 128 160 60 84 67 2 32 16 105 13 81 147 124 110 3 46 41 40 66 113 142 125 7 64 76 52 31 9 117 51 149 57 126 34 49 112 143 54 78 119 161 22 56 33 38 10 50 73 136 
149 26 111 11 63 85 21 41 132 9 135 51 50 83 54 114 40 67 116 15 43 49 99 104 34 14 133 46 37 33 102 163 134 120 0 148 36 137 4 151 98 107 64 142 25 94 7 57 28 13 23 55 3 145 117 78 144 157 2 122 162 62 147 
150 116 103 38 50 7 151 89 123 132 134 106 47 61 93 27 117 20 22 153 74 4 36 130 41 122 6 161 124 87 158 98 85 114 10 113 79 133 56 160 115 62 77 59 32 5 
151 61 79 51 124 150 75 48 45 153 80 62 38 76 21 53 138 1 22 30 50 46 66 157 162 112 85 56 113 42 92 129 59 126 149 12 33 99 144 17 109 58 107 15 63 20 96 104 91 163 29 67 68 103 77 
152 40 156 53 71 126 134 39 131 128 127 33 90 1 6 120 65 135 4 87 161 64 137 51 20 42 61 98 142 117 27 157 102 154 7 88 129 29 23 2 68 116 132 114 82 78 105 50 21 30 24 3 
153 146 155 113 84 137 37 154 151 126 58 61 100 47 92 128 35 36 38 86 124 82 95 40 89 120 150 143 129 96 20 123 118 2 63 138 114 133 116 76 147 42 55 48 33 90 140 21 160 130 30 46 24 117 43 18 3 122 26 65 32 83 28 
154 155 119 71 153 97 37 1 6 142 74 36 56 143 42 33 10 60 40 140 89 161 146 128 83 22 50 123 52 112 152 25 64 76 21 28 68 114 39 15 61 35 43 5 82 81 53 131 137 139 
155 153 148 58 108 154 68 66 99 91 76 93 83 140 25 146 79 46 121 30 57 35 22 33 109 67 85 145 24 8 112 81 120 161 115 114 45 142 21 117 6 111 158 163 49 124 144 4 43 3 118 97 98 59 84 37 
156 152 29 7 143 49 4 89 24 42 52 134 86 37 28 109 45 13 60 44 163 32 144 91 133 0 65 113 93 136 35 16 95 27 88 128 71 19 157 14 146 15 12 56 30 2 
157 4 141 148 58 64 129 107 99 66 31 121 46 75 88 135 7 42 119 26 126 103 136 14 151 32 115 60 164 90 25 63 83 120 37 20 35 76 152 131 104 130 156 108 82 8 117 161 100 132 22 149 133 1 38 
158 69 36 95 16 75 84 25 18 137 62 5 27 59 126 7 161 162 24 93 10 20 142 112 30 104 109 76 130 129 37 54 79 91 85 133 146 150 63 128 127 88 155 90 46 68 70 11 17 
159 136 28 124 59 117 102 18 48 98 142 33 81 2 97 73 31 140 101 53 143 47 62 163 111 57 88 112 135 144 4 45 14 106 21 86 38 40 162 54 72 65 
160 82 137 67 114 106 39 37 128 65 148 26 40 147 139 80 12 30 27 35 112 25 109 9 125 13 141 120 81 108 76 131 22 153 14 4 54 44 19 150 133 75 53 17 70 36 129 77 100 18 
161 91 22 98 71 164 120 84 38 126 48 158 121 128 45 94 57 152 137 109 36 97 115 117 163 65 154 26 124 20 21 72 81 150 155 31 9 47 74 82 4 5 140 131 111 116 133 148 157 99 40 46 89 92 
162 134 60 138 109 97 46 42 143 101 95 147 69 72 2 38 6 48 64 158 130 104 15 119 21 93 83 116 57 136 151 45 111 82 40 10 71 34 54 112 0 98 87 39 120 33 159 115 149 41 
163 81 141 38 108 49 80 16 14 67 36 82 139 164 63 31 60 61 113 18 156 97 42 77 159 123 161 0 26 149 145 146 64 8 84 98 65 109 2 101 75 88 138 71 27 28 155 107 33 111 151 106 43 56 48 
164 145 68 67 86 94 25 38 161 110 55 87 51 54 15 28 126 134 147 163 49 114 107 27 45 136 79 42 121 85 3 69 157 78 101 109 34 36 117 10 139 142 5 111 7 29 48 
