0 125 4 94 20 54 106 166 133 88 35 3 65 47 66 30 74 122 137 103 141 151 131 75 101 42 95 7 124 70 11 36 123 22 41 104 110 120 129 173 112 146 34 51 163 127 85 21 145 93 37 160 50 78 40 46 43 171 32 90 59 44 158 97 134 161 99 107 73 49 130 10 6 155 76 48 111 28 63 18 33 72 31 113 118 172 174 53 167 132 79 143 87 45 91 165 12 117 147 150 14 140 105 67 56 92 5 96 138 84 27 60 69 169 156 24 139 154 39 126 136 168 108 135 100 2 23 89 98 25 8 13 142 128 164 86 16 115 57 17 170 52 157 148 102 83 153 9 19 55 58 114 116 71 159 
1 158 107 108 2 79 167 162 144 29 63 30 53 105 41 25 47 154 45 142 113 31 9 145 10 172 38 156 11 88 84 120 161 143 123 67 18 20 114 112 42 130 68 109 173 7 85 71 19 91 121 50 141 22 60 39 155 99 131 152 5 94 65 92 61 100 56 149 16 59 86 4 159 157 33 170 165 134 166 95 98 90 8 122 139 69 44 93 133 137 36 48 138 43 171 35 128 140 62 72 160 164 96 118 74 64 153 148 136 80 168 124 21 26 13 174 163 129 135 104 169 37 78 82 146 6 27 151 34 17 55 126 73 52 101 125 117 24 106 46 150 116 15 
2 1 144 163 99 14 103 5 48 65 13 61 140 45 85 132 159 105 107 117 23 11 141 169 59 84 123 164 115 143 166 47 79 55 37 122 161 120 149 22 118 74 108 82 87 6 53 156 134 15 3 90 138 148 116 147 42 91 43 155 25 12 77 57 28 174 137 88 93 168 64 16 71 60 135 125 40 27 58 69 165 4 160 68 52 154 36 102 44 89 114 81 50 38 112 80 167 145 86 95 7 83 113 62 72 0 49 131 136 119 32 139 142 66 109 31 41 54 104 110 18 162 30 34 46 128 97 153 35 8 173 127 106 96 73 29 100 39 157 133 
3 37 101 136 23 53 131 117 32 155 173 0 122 90 55 140 160 63 106 68 134 96 21 161 65 125 57 159 130 94 162 103 121 112 28 142 165 104 84 99 86 139 15 78 60 59 4 157 39 107 74 93 92 26 46 133 97 115 167 24 2 6 44 114 64 13 147 9 31 119 70 34 66 95 174 154 164 145 124 135 81 85 146 16 128 170 22 69 129 169 116 12 83 45 75 79 110 172 73 62 36 58 38 11 111 166 17 148 120 35 76 10 67 72 54 41 47 156 137 56 33 29 43 42 20 123 87 51 163 27 102 88 49 105 48 40 150 80 108 152 149 50 61 8 141 132 153 109 113 
4 0 29 127 82 164 59 159 154 145 58 149 71 5 6 95 91 117 85 103 112 165 156 68 135 14 57 78 84 134 107 83 132 39 69 27 157 122 12 131 15 106 25 123 152 147 144 162 32 13 23 18 92 3 72 28 118 56 24 133 99 43 93 20 166 1 19 113 48 22 172 102 119 163 62 8 16 155 174 88 90 128 141 96 101 169 64 170 42 35 104 7 2 110 63 9 33 139 77 158 44 160 37 173 65 47 60 153 50 40 67 140 150 168 120 98 108 70 21 130 52 31 151 76 143 124 129 30 171 137 54 66 121 10 41 73 136 26 36 34 75 89 111 87 81 79 114 11 97 109 167 148 
5 21 169 73 51 49 131 97 2 104 157 4 126 36 105 109 120 79 44 11 89 130 12 80 26 32 154 150 13 106 116 27 138 45 165 119 75 88 129 158 121 87 41 147 114 113 127 93 168 84 142 108 71 149 20 1 164 56 123 37 50 22 63 19 77 86 132 161 112 125 68 74 53 65 139 43 70 64 38 136 82 10 83 62 98 155 171 0 25 60 118 173 8 7 134 156 135 33 107 148 58 61 52 122 137 46 143 115 159 40 133 124 110 6 72 55 29 14 151 141 48 9 101 94 90 28 172 18 47 34 35 42 166 81 145 140 24 96 144 100 59 111 57 30 167 15 102 
6 7 73 8 13 27 117 120 135 128 52 112 151 55 156 36 70 123 104 4 94 136 146 141 115 95 74 154 34 131 10 71 31 142 121 16 165 167 48 102 63 17 47 93 161 125 35 159 80 51 132 87 39 46 114 89 85 69 149 40 64 150 21 119 129 79 98 2 75 0 145 59 84 158 30 148 3 110 9 22 99 109 90 41 53 18 134 32 152 11 68 54 58 50 168 83 171 101 88 56 14 170 44 61 81 122 43 86 42 124 82 166 66 19 172 5 164 106 67 137 111 147 62 108 160 78 127 113 37 38 91 77 1 105 23 100 33 65 169 144 97 140 49 45 72 133 60 116 
7 115 57 108 6 88 132 8 24 93 74 30 124 128 61 18 111 0 50 127 40 139 113 138 55 72 87 52 76 32 51 119 13 83 25 15 19 146 153 92 37 70 33 39 34 1 162 65 12 60 49 141 154 114 96 158 125 126 85 135 117 102 47 136 168 98 121 54 164 134 22 35 137 149 131 63 68 59 69 144 118 38 143 165 151 4 148 104 97 107 110 5 79 89 90 172 58 116 122 123 160 120 81 133 2 167 48 64 9 28 140 130 147 91 94 17 62 150 109 29 166 161 169 26 105 75 10 145 84 112 36 171 14 129 23 163 86 21 53 159 173 27 152 66 46 106 42 156 157 82 44 103 11 73 155 
8 114 77 6 99 7 80 95 43 90 72 102 170 53 93 133 19 51 15 69 173 46 92 54 89 104 48 98 122 115 12 55 113 164 34 151 67 152 38 16 26 103 159 68 74 91 121 79 20 50 27 101 129 56 13 126 148 131 94 40 39 119 110 128 45 86 18 23 167 36 47 134 14 42 62 127 144 24 132 117 31 33 154 63 125 73 10 118 96 139 4 137 57 1 165 64 141 150 107 44 21 25 145 22 106 58 108 123 135 97 5 158 88 65 138 11 78 49 172 130 109 124 85 160 166 116 162 60 0 143 105 41 61 136 171 168 140 66 84 28 111 29 147 32 149 17 155 169 2 3 163 157 70 146 120 156 35 
9 94 90 139 127 58 60 150 162 155 106 63 93 135 39 91 50 149 170 92 80 156 116 98 1 12 133 13 172 123 134 95 104 169 148 146 128 69 19 70 118 77 141 115 158 72 83 54 32 26 121 40 17 142 145 79 49 160 56 84 18 161 103 137 120 68 28 167 87 76 51 67 168 31 16 75 102 42 38 10 81 3 45 113 6 46 57 52 88 124 55 164 4 21 117 174 64 132 126 107 61 110 35 29 37 136 62 131 163 30 7 108 85 33 43 154 140 166 147 53 36 5 152 165 151 41 22 99 23 129 112 82 34 143 130 44 89 144 59 78 71 0 138 111 96 86 153 173 48 15 109 
10 59 130 27 77 75 42 35 66 115 85 60 72 94 149 124 159 123 41 131 32 142 158 14 1 173 13 141 62 6 24 69 167 61 43 117 87 81 89 34 105 168 11 143 58 47 101 97 129 95 109 96 86 139 45 152 171 155 31 73 162 56 20 16 112 70 0 76 82 110 125 80 9 44 147 136 8 111 93 128 160 132 38 71 107 140 116 5 174 29 67 172 150 161 30 134 151 119 148 36 144 37 102 170 126 90 17 114 3 50 48 153 33 104 156 92 78 22 121 79 122 28 120 7 135 118 133 57 4 49 63 53 106 12 64 51 52 91 46 21 154 166 138 
11 21 94 37 43 93 61 128 87 88 116 69 72 166 168 115 140 90 126 169 125 38 5 151 0 60 161 138 110 63 66 26 46 1 2 28 101 109 22 145 174 173 10 119 12 163 147 25 31 91 24 86 92 59 159 114 133 16 84 129 39 14 127 124 65 67 100 77 105 132 107 33 64 118 95 76 56 137 113 29 40 117 150 27 103 164 6 81 148 44 54 19 78 79 18 74 158 75 83 162 8 34 36 3 35 70 160 146 50 123 152 142 104 143 141 167 32 171 120 170 108 58 155 47 165 52 48 80 98 55 62 111 134 112 30 85 20 121 102 89 51 23 45 68 99 15 153 172 4 7 
12 95 64 81 54 136 89 18 94 102 86 133 131 29 55 122 121 88 60 9 113 124 148 5 8 98 20 130 151 111 174 120 162 33 164 114 50 4 142 145 11 90 62 22 46 32 173 71 163 7 116 49 76 165 112 79 137 126 34 75 141 72 129 84 53 169 160 82 52 42 59 135 43 167 117 15 159 107 110 153 69 99 13 143 157 63 37 2 24 149 65 0 150 17 38 70 83 132 14 104 156 3 47 61 168 78 36 119 58 152 85 66 31 134 23 56 41 123 155 161 127 87 100 77 67 45 51 91 140 16 39 96 48 108 128 166 10 172 103 25 115 171 40 
13 72 123 44 17 6 32 40 19 80 153 2 42 82 76 74 77 41 70 9 139 33 134 96 78 26 47 63 10 35 58 152 5 7 122 173 56 52 69 27 101 119 55 165 73 50 174 172 59 4 79 88 8 90 158 28 147 102 100 30 161 31 53 97 163 86 64 21 105 3 36 108 166 12 132 39 118 23 141 75 156 138 51 127 18 48 20 135 54 149 49 111 62 71 34 116 142 83 66 154 113 170 57 99 128 144 114 133 137 150 130 120 157 22 140 38 126 168 107 143 16 145 148 104 160 0 85 131 164 1 92 136 169 25 68 115 87 117 29 67 93 110 89 46 84 81 103 112 95 45 24 94 
14 2 38 162 25 93 92 133 134 72 136 4 70 104 82 45 154 161 74 108 73 23 80 10 97 18 115 141 167 130 109 138 75 170 152 47 68 90 94 83 52 125 146 103 41 81 53 85 148 65 35 48 20 61 11 56 173 40 58 71 147 17 8 99 101 150 87 100 159 34 46 24 15 140 164 149 54 42 127 33 96 128 135 118 160 0 51 157 12 50 91 132 105 66 86 28 57 77 6 119 79 174 158 163 49 30 39 102 153 131 44 27 26 98 122 67 116 63 62 19 78 5 120 121 168 60 117 43 84 124 112 151 110 155 142 7 76 114 166 123 36 145 64 31 113 143 126 
15 87 75 26 126 129 139 30 88 118 82 135 64 50 153 111 39 134 136 8 163 85 54 86 147 91 159 146 108 62 103 124 65 59 74 25 105 7 112 4 145 109 144 154 121 3 95 94 113 58 104 47 93 98 165 110 107 131 106 43 152 2 12 140 142 167 69 166 14 23 141 96 42 115 33 66 83 61 36 29 38 77 19 119 149 73 84 172 31 53 41 18 125 68 55 157 168 57 16 164 122 117 63 155 24 130 34 51 156 170 70 116 21 49 133 44 150 97 174 76 37 90 100 160 89 48 11 123 128 67 143 56 101 127 28 46 9 5 1 
16 158 59 54 134 28 56 127 159 104 45 110 55 165 116 91 42 107 167 114 115 166 68 43 69 124 132 163 19 44 6 103 139 8 24 83 38 146 76 105 141 162 130 102 170 120 169 122 11 145 71 66 112 109 65 86 118 156 10 64 129 151 33 41 21 131 81 94 137 9 1 108 100 60 135 72 160 27 25 89 39 4 128 26 37 123 90 78 80 29 98 2 31 61 35 142 3 174 147 172 84 57 173 140 75 52 136 152 15 53 58 48 164 111 143 30 13 95 101 22 79 121 46 93 161 155 34 113 0 150 12 99 82 18 70 96 168 97 51 32 36 20 126 67 49 92 74 
17 89 92 13 57 104 74 72 148 172 70 113 36 157 48 90 140 103 150 100 173 79 47 87 25 124 85 81 115 145 98 91 158 73 125 109 77 162 35 6 119 137 94 84 65 9 27 153 117 165 122 58 45 101 40 168 78 14 28 42 108 139 99 161 112 67 164 121 166 31 63 34 156 20 155 151 149 130 12 51 22 154 44 136 152 86 163 95 160 19 135 41 46 116 146 127 93 66 10 3 106 170 76 120 69 107 133 132 38 129 7 23 26 123 169 53 56 8 0 126 1 131 118 97 144 75 167 159 141 33 52 143 128 59 50 142 37 
18 98 79 105 33 28 156 106 42 118 62 173 35 12 147 83 45 145 7 125 88 165 142 77 60 146 164 43 14 80 23 69 48 27 91 85 71 75 163 73 41 38 135 117 1 140 39 108 53 102 54 162 124 47 56 72 4 24 170 166 174 129 9 19 97 8 63 143 139 172 70 36 0 138 136 29 126 109 152 122 22 103 66 84 107 89 13 121 6 95 131 130 96 153 148 132 144 158 110 119 11 116 15 141 51 40 68 61 34 169 111 154 155 100 167 149 81 99 74 57 128 55 26 44 159 171 104 58 82 137 160 101 65 161 52 127 134 2 93 5 21 94 168 30 16 76 31 150 86 78 157 114 
19 57 160 69 119 71 56 173 13 77 130 146 42 118 66 133 104 8 122 172 135 24 96 131 167 31 98 153 126 151 68 158 129 162 16 7 9 95 73 170 139 88 97 62 50 33 61 1 136 90 120 106 47 78 45 72 52 154 41 87 85 102 101 18 25 164 86 149 89 132 60 63 58 105 37 5 113 53 74 4 39 143 156 81 59 110 169 155 35 99 121 15 117 55 163 128 127 23 148 79 11 67 36 65 40 30 64 17 44 48 20 76 93 141 145 109 29 27 21 152 51 100 166 114 6 22 138 28 107 14 103 171 49 125 92 137 159 168 91 123 116 70 75 94 82 112 150 0 84 34 165 144 147 
20 137 170 150 0 123 138 117 98 148 155 69 140 27 133 163 118 149 28 139 169 141 114 134 12 32 59 88 100 39 95 124 34 160 145 1 96 64 144 63 151 49 8 41 62 68 47 65 97 120 110 29 71 51 40 14 10 94 143 74 5 92 154 89 85 172 167 111 125 78 4 164 30 130 152 24 56 57 84 52 156 21 128 112 58 17 46 157 66 113 127 13 135 83 115 43 173 162 122 168 90 87 158 126 42 19 106 109 53 77 70 26 99 153 105 50 104 55 61 81 121 48 45 23 37 80 44 129 136 103 108 3 31 33 165 116 147 107 142 72 22 91 146 11 82 73 75 161 119 16 174 
21 5 11 132 61 34 33 114 159 54 136 158 57 29 146 154 65 80 85 3 112 129 149 98 125 171 141 69 53 64 49 121 0 96 97 108 68 37 44 24 106 50 6 55 75 144 16 116 51 134 140 152 13 131 139 20 23 91 169 164 88 30 43 122 59 128 76 39 161 40 120 82 130 89 8 166 143 42 66 156 73 9 74 135 62 77 168 78 31 133 142 83 19 148 170 45 72 27 48 63 124 172 99 1 119 155 4 103 15 145 56 32 67 153 47 22 104 118 87 18 28 86 52 115 7 101 93 38 138 174 167 36 109 10 147 150 107 58 41 
22 92 33 171 158 144 70 26 81 34 130 42 44 88 117 79 121 124 75 66 126 41 47 30 77 89 125 127 170 46 45 0 118 136 72 173 78 39 147 11 153 122 97 32 68 93 91 12 99 162 160 2 105 96 155 1 167 95 137 73 156 164 80 40 152 142 103 148 5 101 7 174 140 64 134 71 4 49 6 28 55 18 90 138 17 159 50 67 36 146 8 54 57 69 31 154 3 104 56 145 82 161 120 113 48 111 108 151 65 149 60 27 119 13 61 106 102 150 84 168 19 131 38 52 143 172 16 133 10 109 112 135 24 139 21 169 9 129 83 20 35 123 132 51 166 163 98 114 85 29 
23 149 3 58 53 111 113 141 59 173 112 162 96 117 60 130 32 26 145 126 94 85 74 95 14 109 84 98 87 100 167 18 97 30 2 103 69 80 91 61 78 123 108 161 25 158 4 165 77 121 64 151 44 71 54 79 115 48 66 67 8 93 34 57 133 24 86 153 137 90 120 122 15 21 13 140 73 29 37 68 50 38 132 47 156 36 19 39 128 174 166 135 129 89 88 134 105 92 116 107 163 28 42 104 168 75 99 160 81 70 76 0 63 12 20 118 159 55 136 17 41 40 101 146 155 147 131 144 65 9 6 119 7 125 45 62 127 11 157 102 51 106 33 142 172 154 72 148 46 
24 111 131 40 53 88 7 119 56 159 44 79 139 121 148 138 41 89 105 84 19 96 62 110 50 59 48 136 26 55 168 10 170 73 108 103 144 130 16 30 112 82 140 57 162 11 116 87 32 167 152 37 60 18 21 128 158 70 173 146 118 4 80 52 157 154 92 75 106 95 71 97 23 69 8 169 123 83 3 161 160 20 66 14 38 135 72 145 171 12 156 141 122 61 34 133 107 39 35 126 115 91 90 125 102 31 85 0 65 165 51 174 54 149 64 101 49 42 100 63 15 36 143 81 127 163 28 120 99 155 98 172 153 166 47 22 93 114 124 117 129 134 94 58 142 5 113 68 132 74 43 13 1 27 25 
25 29 116 170 99 14 165 149 1 95 154 60 31 145 48 17 131 151 75 79 59 90 64 37 163 113 15 36 70 42 109 7 127 43 98 41 92 4 11 86 58 133 63 139 23 40 174 159 166 119 134 57 144 107 155 30 124 115 110 19 112 164 117 156 108 136 74 128 152 46 45 39 101 56 93 138 73 2 106 140 27 16 146 173 132 81 62 91 77 8 172 122 89 82 5 65 72 87 114 32 147 123 85 105 33 54 135 158 160 94 129 153 111 0 55 103 150 148 141 28 66 157 126 67 143 61 83 13 125 53 118 96 97 161 34 49 69 26 12 76 102 130 120 168 80 24 
26 62 15 173 100 127 168 110 28 22 171 63 89 114 109 115 93 44 158 136 104 108 82 92 96 23 117 46 128 36 13 77 105 148 5 83 24 101 11 72 49 112 94 140 156 32 8 42 43 149 60 64 55 132 119 81 9 80 66 139 172 71 151 68 142 161 98 3 85 169 131 90 141 152 87 120 153 16 76 150 126 135 74 143 145 57 30 40 133 51 27 56 102 20 147 113 38 124 116 95 33 174 103 37 159 14 164 69 118 50 18 163 165 134 88 1 29 122 17 166 59 129 111 7 146 162 138 106 73 35 4 52 123 155 130 86 25 65 45 75 167 97 41 34 79 121 160 107 
27 127 101 84 6 157 10 169 128 159 148 144 104 20 125 54 55 52 137 100 66 132 102 51 57 45 149 164 147 85 56 173 120 65 61 170 77 49 162 18 81 4 163 90 114 31 41 5 154 59 40 13 121 122 71 17 50 38 96 8 119 143 74 62 140 63 168 91 69 126 142 72 39 33 166 141 107 167 36 87 16 25 44 37 48 11 64 112 152 86 124 117 2 138 135 115 113 156 151 155 83 42 94 0 73 26 32 129 111 19 22 60 21 99 14 134 80 106 43 30 78 89 53 150 70 123 3 174 1 133 172 116 165 7 88 105 146 145 46 67 153 24 
28 172 35 51 82 18 163 154 16 26 76 134 137 83 52 129 54 79 20 112 141 70 116 128 45 99 115 166 149 11 138 118 130 173 85 3 31 100 126 74 125 155 158 41 109 159 68 136 102 29 4 50 30 13 17 95 146 9 133 88 69 37 0 90 71 104 42 84 111 161 96 56 66 139 142 22 2 157 174 108 135 119 48 123 44 75 58 57 106 121 120 73 43 87 14 78 59 122 131 40 124 61 151 23 92 117 156 89 38 167 63 7 19 144 164 147 80 33 24 169 25 153 93 97 127 150 62 8 65 10 5 53 21 140 103 49 34 98 36 168 110 148 171 162 15 152 
29 135 81 144 25 4 1 120 147 12 161 55 169 119 53 21 156 127 126 59 146 173 115 63 155 129 108 96 70 36 84 73 95 80 77 75 50 54 56 148 28 93 20 87 34 74 136 140 91 109 35 41 89 162 66 157 88 32 51 18 106 57 33 11 153 23 83 72 102 15 78 154 121 16 151 10 128 158 49 107 167 142 46 137 98 132 99 168 85 39 30 64 97 113 104 123 69 92 67 105 19 9 45 149 160 141 131 150 165 31 118 170 171 5 61 71 3 62 145 101 26 47 86 7 58 130 152 8 52 37 112 122 159 79 76 42 94 174 48 68 13 82 164 103 117 163 143 114 2 38 22 43 138 
30 60 78 133 15 90 70 1 51 7 107 0 66 138 68 160 132 130 95 153 80 150 122 22 127 83 134 23 158 99 75 24 35 41 100 162 58 119 93 118 59 144 47 91 25 31 28 56 37 13 82 72 38 79 40 34 6 139 52 140 20 85 65 71 84 21 145 33 63 146 126 73 131 105 155 168 110 172 106 74 57 10 116 26 113 19 104 157 129 103 111 161 29 32 136 165 49 44 135 124 151 67 98 61 14 149 114 42 89 16 125 88 9 159 115 108 48 27 76 36 102 54 167 142 69 39 101 43 147 45 137 77 4 11 2 170 123 18 164 128 87 141 156 173 174 166 121 62 5 46 117 
31 129 40 39 133 172 65 67 139 115 110 136 125 103 47 102 162 25 1 91 49 128 42 43 155 81 19 171 99 82 122 96 85 6 78 33 106 107 66 68 27 160 55 150 28 75 169 126 11 72 112 164 146 109 52 104 145 143 84 10 127 30 79 118 144 76 159 13 119 166 174 71 153 83 77 9 8 156 63 0 58 121 113 117 37 17 154 3 32 141 163 161 132 116 138 16 80 87 100 15 22 93 94 69 34 151 170 24 173 59 120 48 21 111 44 97 108 53 74 60 130 165 29 12 64 124 54 157 45 140 92 89 131 36 20 2 4 90 88 41 46 114 86 158 152 147 105 18 142 73 123 14 95 
32 148 171 41 90 13 88 105 3 94 135 107 56 104 154 23 155 50 99 43 119 132 10 121 127 128 5 20 82 137 72 76 89 111 7 36 150 35 48 26 169 22 66 63 69 170 9 53 57 108 91 24 12 157 4 61 141 0 102 158 68 103 166 85 117 131 129 34 44 79 134 145 33 62 122 164 71 29 40 31 55 81 6 161 86 139 115 143 100 67 120 87 37 52 153 147 70 97 156 114 174 42 173 106 30 27 144 92 140 25 159 96 98 109 45 11 101 130 138 123 54 75 116 59 64 136 2 49 77 58 21 167 142 113 124 80 118 8 38 93 83 47 16 165 39 78 95 133 
33 22 64 126 118 18 60 163 121 21 153 162 154 165 42 95 85 157 80 13 170 36 144 59 128 116 48 158 46 55 31 12 167 169 136 71 88 132 87 39 19 127 102 152 96 49 7 89 97 133 53 103 52 141 109 112 100 122 93 72 168 16 143 151 54 68 32 27 114 140 155 164 8 0 149 11 1 43 135 15 66 29 14 58 119 159 30 174 161 98 77 73 147 172 105 92 106 79 117 4 107 173 75 62 5 166 78 120 86 111 94 101 124 91 25 67 26 38 145 138 74 28 9 108 10 90 156 3 37 76 142 131 20 41 83 44 84 125 6 160 63 70 61 65 57 23 123 69 129 81 17 
34 174 92 157 173 143 164 21 123 131 51 22 76 167 47 64 117 95 74 119 105 121 124 103 129 80 6 113 58 8 114 166 98 44 134 50 150 116 85 0 120 144 138 20 63 10 125 126 49 165 152 7 87 94 151 140 65 101 12 108 128 32 29 91 35 147 23 97 30 67 122 141 112 14 55 96 132 99 75 43 102 161 135 17 106 56 137 53 3 160 100 146 107 42 118 71 13 24 130 31 52 40 77 79 73 93 156 11 153 159 149 18 81 145 78 41 15 45 142 171 148 133 88 59 16 62 38 110 115 158 5 172 57 1 2 9 48 61 127 28 84 4 139 155 25 170 36 86 19 54 26 136 
35 158 100 152 28 114 62 0 38 10 173 136 18 103 171 133 167 146 159 64 92 49 13 141 56 119 63 75 17 145 32 30 77 66 138 143 60 165 157 6 87 116 57 89 90 125 137 14 47 144 120 34 169 130 111 29 61 121 129 86 51 110 123 7 134 73 84 104 83 142 19 149 124 122 117 80 59 94 109 41 160 16 68 4 147 24 44 79 43 36 81 135 1 108 91 82 140 127 74 9 11 164 69 40 148 78 53 3 96 163 70 154 99 76 39 107 168 85 155 174 131 65 52 170 58 106 161 128 54 95 71 48 5 26 22 42 2 150 172 98 162 105 72 132 112 8 115 153 
36 159 64 101 114 107 129 72 6 5 17 110 81 59 115 122 150 174 149 120 55 130 109 145 171 0 26 50 33 138 45 157 99 25 156 32 29 96 40 148 85 172 88 49 165 126 43 74 93 60 77 167 125 68 44 116 132 8 92 41 105 38 37 18 46 108 47 13 27 98 128 67 56 15 65 83 63 58 170 169 163 131 23 22 155 118 86 143 10 19 1 35 161 2 76 71 91 113 173 3 121 151 133 11 12 164 79 141 103 24 82 69 30 154 31 147 106 9 112 137 139 39 94 89 7 152 166 117 140 104 51 153 4 100 127 144 28 21 75 70 14 34 16 135 124 84 42 146 
37 171 3 100 118 11 47 60 173 87 111 46 168 128 163 79 40 80 38 123 103 71 101 66 150 25 115 82 133 114 153 97 167 170 74 64 108 51 158 0 7 48 63 68 131 112 147 139 2 21 174 24 145 138 141 30 57 137 52 99 72 161 143 126 148 113 42 92 28 19 109 5 69 36 172 107 124 85 120 110 149 12 31 121 56 27 50 157 23 102 76 16 106 136 165 39 91 142 98 78 32 45 94 160 67 10 93 4 146 65 9 132 81 144 59 26 95 49 130 159 43 20 84 122 86 164 33 134 83 152 1 96 6 29 53 119 90 62 127 15 155 75 104 70 17 89 
38 139 80 167 73 54 125 14 53 42 160 173 35 152 120 106 11 37 110 151 140 108 63 1 144 114 137 8 50 162 18 16 59 155 67 79 103 27 148 46 94 149 156 147 72 95 136 82 30 68 99 74 96 138 123 62 36 119 101 9 83 24 45 132 154 77 5 10 15 91 23 78 39 12 76 7 163 105 159 133 87 174 157 60 84 98 85 90 43 135 129 115 134 3 109 2 124 166 26 89 153 81 172 121 75 13 69 28 33 161 22 169 49 100 111 17 165 48 168 171 55 127 158 65 117 88 126 52 6 34 32 142 44 61 150 92 97 41 21 164 56 113 40 104 145 58 47 64 131 170 29 57 107 
39 68 79 46 160 31 135 162 167 171 48 136 119 55 65 15 9 59 127 173 90 101 62 121 148 84 174 4 164 82 133 22 20 166 104 140 18 33 122 72 7 54 83 98 41 6 139 56 129 168 161 11 3 8 1 118 110 105 150 125 27 155 87 25 103 107 53 52 70 156 19 50 13 78 85 16 95 134 69 42 21 158 108 37 38 51 91 23 117 96 44 74 24 94 64 57 128 109 152 63 151 144 29 67 86 14 0 137 111 88 138 102 80 147 35 130 92 97 149 163 66 30 40 99 73 100 36 115 12 43 143 145 61 141 81 154 165 32 132 2 114 
40 31 137 103 108 119 24 13 82 64 141 72 42 161 48 168 150 84 37 44 47 129 115 112 7 149 111 156 53 162 55 174 100 68 105 134 90 86 114 139 49 36 171 27 126 92 41 59 125 109 0 9 25 43 143 63 50 107 46 102 133 6 17 110 20 8 148 14 165 30 22 169 61 163 77 75 91 131 118 127 78 54 80 32 122 11 99 98 172 153 140 21 135 2 19 83 147 26 144 34 58 95 28 18 62 106 157 74 35 117 4 116 138 5 151 170 73 66 136 121 67 23 123 160 166 39 76 113 164 3 81 152 159 132 70 158 79 51 56 167 38 104 173 146 145 97 128 96 12 142 
41 58 93 50 32 101 102 116 174 160 52 143 1 24 100 158 13 59 92 148 10 166 128 83 150 114 22 99 104 79 169 0 130 108 112 80 27 67 18 30 49 71 25 133 53 40 123 136 14 28 168 20 39 62 124 5 44 119 173 170 95 127 19 113 165 152 109 94 16 122 106 36 29 85 154 76 45 117 155 156 6 171 125 97 64 140 35 131 120 15 107 96 115 144 17 139 43 147 48 164 121 126 98 132 34 137 73 3 87 129 77 12 61 157 51 8 141 42 105 66 47 82 23 163 2 90 31 78 161 57 9 33 91 134 111 167 55 4 75 86 38 162 110 70 54 145 118 26 21 72 69 
42 52 38 18 160 109 84 10 164 55 19 62 97 40 22 104 13 72 50 79 33 16 31 155 0 111 82 133 100 90 139 77 25 80 66 26 94 122 1 119 78 110 59 58 173 113 108 138 43 107 136 165 76 17 37 134 106 8 64 103 124 12 131 95 75 67 9 92 121 159 172 61 86 28 2 57 15 14 157 101 39 88 112 129 34 71 127 163 146 4 91 21 154 156 170 20 27 171 32 149 23 144 148 6 99 69 60 161 30 93 24 150 65 63 147 117 174 87 115 70 85 41 3 118 152 135 168 114 81 44 153 162 54 116 29 5 102 48 132 128 35 142 145 120 74 7 45 36 
43 122 104 169 11 130 163 8 77 74 113 170 166 141 80 106 152 69 131 88 81 31 32 97 115 18 16 153 144 117 96 89 10 174 126 79 25 138 26 93 90 36 133 61 44 0 40 124 160 168 103 64 56 42 173 92 66 140 139 148 70 46 12 4 15 155 143 101 91 34 2 57 85 33 5 165 21 146 129 118 145 82 158 67 119 109 72 20 28 58 50 35 63 1 71 38 55 156 6 73 127 102 41 60 59 151 53 120 137 86 159 98 78 161 27 37 114 52 83 9 3 110 134 65 87 30 157 14 68 48 54 39 164 62 171 108 136 24 84 135 75 45 100 29 
44 13 117 140 156 24 168 57 149 125 143 60 81 22 50 40 26 5 103 160 118 82 69 94 132 92 159 71 139 16 34 127 116 161 164 120 66 65 43 76 95 49 70 21 62 80 0 123 41 130 52 85 23 36 77 113 148 89 32 54 102 163 153 68 64 135 3 121 157 10 122 109 170 96 104 27 162 171 124 152 107 28 86 112 91 1 11 8 73 108 17 151 56 39 35 75 155 2 19 6 146 4 97 105 61 30 58 31 174 53 154 46 131 165 78 14 45 93 87 167 150 144 63 133 169 20 18 100 110 59 114 88 42 129 172 33 115 15 51 38 9 72 119 55 134 47 145 138 67 166 90 147 74 79 98 7 142 83 
45 102 111 118 99 119 93 18 16 149 1 115 135 2 85 106 53 54 14 77 169 145 143 27 97 173 28 22 163 36 167 128 160 117 59 153 87 67 58 5 95 52 92 124 46 83 10 103 139 19 116 165 150 17 156 8 162 60 108 84 78 130 25 64 71 141 38 41 147 90 9 0 138 172 86 100 168 55 56 94 157 91 105 166 70 133 174 164 37 127 51 101 144 3 129 155 98 72 69 142 104 62 126 154 21 29 151 32 88 74 82 114 44 20 34 123 81 131 57 125 31 136 89 49 112 30 12 66 152 148 122 65 140 23 137 159 113 11 80 73 107 134 42 79 13 26 6 146 110 63 43 161 
46 88 76 39 159 117 51 145 93 122 37 118 135 82 8 55 26 103 87 77 151 99 83 112 22 104 133 11 33 92 48 149 152 125 81 91 113 96 114 128 137 129 171 164 143 45 147 86 168 0 148 12 167 38 106 136 108 6 40 84 174 73 154 3 43 142 25 110 101 74 36 14 64 132 153 173 71 58 9 69 141 94 20 98 169 158 95 62 124 79 134 163 172 29 139 65 17 57 80 63 161 5 100 44 155 157 89 78 85 119 49 16 120 107 66 75 54 115 31 59 102 111 160 109 52 2 47 53 7 13 126 90 27 144 140 10 105 67 150 165 30 15 1 23 146 
47 132 37 148 95 0 34 66 136 1 31 164 77 40 75 50 17 61 54 22 13 106 125 72 104 174 163 149 88 6 14 111 105 56 93 10 58 18 2 48 65 121 102 19 83 147 20 67 113 135 150 30 60 35 159 15 122 119 130 8 158 7 116 171 169 36 91 160 155 156 63 110 51 85 98 167 86 79 162 68 131 153 23 118 124 82 161 115 73 168 12 146 173 114 89 172 4 108 59 90 137 87 57 76 99 139 3 133 53 128 41 11 96 29 80 24 120 21 92 55 123 84 100 103 64 5 151 101 71 157 141 154 46 62 32 126 44 145 170 78 38 109 94 152 127 
48 165 171 39 151 2 59 120 86 84 123 40 135 17 138 55 145 162 25 159 8 74 131 24 33 90 108 18 129 122 46 51 6 32 37 117 164 160 47 87 95 118 126 127 112 140 124 104 23 62 14 81 78 70 102 63 116 0 79 155 64 4 143 111 88 173 97 77 67 27 83 28 13 170 72 56 132 149 174 93 133 68 89 80 99 66 1 60 19 71 22 57 31 113 41 91 58 96 134 154 172 16 115 109 130 147 20 7 10 166 158 150 119 69 21 52 156 30 128 92 114 148 38 5 49 146 110 53 11 73 168 43 3 35 12 29 34 42 76 141 121 65 15 61 157 94 163 82 101 9 142 50 
49 167 53 99 112 143 109 126 5 161 74 144 153 59 145 75 90 89 31 165 51 106 156 148 35 103 122 26 131 92 27 96 21 136 40 80 41 160 36 157 33 34 87 65 121 20 100 44 9 85 93 128 12 7 79 54 155 164 124 63 0 159 62 129 64 67 152 107 171 132 142 139 82 173 114 56 123 22 133 154 94 116 119 113 69 130 86 13 29 140 141 84 104 91 8 77 76 30 134 163 14 174 70 102 108 24 61 73 110 38 147 37 2 88 172 52 71 66 46 32 81 83 45 48 19 15 68 97 120 58 127 168 3 135 118 10 95 57 50 28 125 115 55 149 25 60 6 105 72 101 16 
50 104 160 41 58 132 15 134 158 86 42 75 9 44 151 47 32 78 128 7 36 97 81 174 24 71 99 88 111 172 34 12 113 38 57 137 150 117 19 94 0 152 115 27 118 13 70 8 87 29 40 102 74 116 162 21 84 28 1 159 98 156 125 140 5 136 39 66 130 82 153 95 85 37 63 133 72 23 119 161 22 14 114 6 173 79 69 43 92 163 170 135 2 96 129 103 20 4 122 11 90 51 121 59 142 93 147 108 168 10 105 76 120 80 26 106 55 126 123 62 91 127 64 154 124 171 101 139 157 49 3 73 53 143 54 109 56 155 146 167 17 148 110 48 
51 103 28 109 46 85 5 115 171 153 93 119 34 30 91 58 8 149 79 157 107 143 49 27 142 126 131 150 102 139 86 84 89 7 52 99 48 0 121 96 37 70 125 74 133 90 141 6 169 67 137 164 106 156 20 97 158 120 174 112 75 78 128 21 132 9 138 129 100 166 168 87 65 29 35 73 135 47 154 72 63 13 152 167 114 80 14 127 170 39 17 161 136 45 108 69 162 122 26 18 117 95 118 123 54 146 155 104 81 61 56 105 24 50 19 159 88 77 94 144 15 41 151 62 68 147 3 55 111 163 12 44 173 82 140 36 130 76 11 22 60 40 92 172 10 23 16 57 110 64 
52 164 149 71 79 42 6 100 161 41 53 153 136 131 146 85 172 169 28 27 75 91 148 59 66 121 123 102 150 7 80 147 144 51 110 13 139 114 157 65 45 105 142 14 97 31 95 63 82 62 135 33 158 76 19 119 44 84 37 24 170 12 152 78 96 67 166 30 64 99 39 151 81 134 20 117 74 124 127 57 9 174 86 118 130 98 58 32 125 129 162 2 93 89 34 16 87 54 104 138 113 122 5 101 83 106 163 116 22 107 49 43 48 171 140 160 61 11 35 73 115 4 132 18 29 38 72 46 0 21 173 77 92 109 103 26 141 155 137 94 1 10 17 143 126 165 133 55 69 90 
53 49 159 156 3 24 38 23 99 139 52 140 1 8 87 29 65 45 154 60 153 119 40 88 173 21 147 122 148 66 101 151 138 98 75 18 145 41 32 33 164 57 14 146 96 170 165 129 70 133 55 12 72 105 13 167 2 67 71 78 112 19 39 61 90 132 0 127 5 109 172 84 34 97 93 157 160 6 80 124 86 135 69 171 82 64 125 76 116 15 149 113 131 83 111 20 120 102 134 54 16 158 142 44 31 161 43 35 126 89 152 130 117 110 62 56 74 68 106 95 27 47 136 163 9 48 107 166 91 17 37 144 28 174 141 25 162 94 7 10 46 50 118 100 59 169 143 104 103 58 
54 16 154 38 0 78 85 73 149 12 161 113 155 153 56 123 21 27 28 159 15 170 169 8 45 62 47 114 137 98 111 162 9 18 135 82 39 151 83 66 124 126 164 101 29 63 140 49 23 69 67 44 84 118 96 33 94 80 65 7 117 139 71 14 40 146 172 86 87 136 166 90 74 70 121 13 59 160 6 145 22 11 165 105 130 92 88 76 152 148 52 158 115 81 106 51 53 163 99 157 120 24 25 102 116 3 32 174 60 110 127 129 31 134 75 30 138 125 2 46 141 173 95 42 68 43 35 133 168 142 4 100 77 144 72 143 108 41 131 89 50 122 112 167 93 58 34 128 
55 64 154 106 139 169 72 6 132 92 42 3 60 135 119 148 39 150 152 129 125 116 149 109 12 29 16 99 48 27 36 73 46 107 114 174 8 158 7 162 69 24 100 40 62 96 137 80 33 31 103 74 133 26 13 68 165 78 2 104 171 21 111 75 53 126 123 144 77 89 153 170 121 56 76 88 34 151 142 136 87 143 108 67 22 93 112 91 120 32 127 45 167 19 147 86 117 155 161 61 156 166 9 163 115 70 160 15 43 85 102 66 138 95 20 82 63 128 172 159 124 173 18 58 130 5 141 25 84 50 38 90 23 51 131 11 81 47 145 41 118 71 1 168 44 49 101 0 122 83 157 52 113 94 
56 60 129 143 108 19 110 24 62 94 16 122 169 32 134 54 173 116 170 145 123 168 69 35 27 160 72 137 78 77 13 111 47 117 61 18 101 83 75 29 8 151 39 131 4 138 113 43 121 9 10 30 14 139 133 164 91 144 98 93 174 163 104 5 57 141 55 155 152 1 58 25 20 49 71 67 28 11 37 142 36 105 97 34 106 112 109 45 159 115 89 48 135 153 0 81 90 44 66 146 22 6 120 26 80 172 65 162 166 130 70 51 150 86 127 59 167 161 147 88 158 53 157 12 156 124 64 3 87 73 21 148 68 92 171 140 17 63 79 84 103 114 38 40 149 50 136 107 102 15 74 165 125 128 85 
57 7 19 110 167 17 153 66 131 137 44 155 134 156 149 102 4 21 91 168 125 27 113 105 174 112 83 77 3 164 50 161 80 136 24 133 100 32 81 82 78 35 90 151 53 122 165 25 99 37 88 93 115 173 75 92 23 118 109 76 119 56 60 20 96 42 43 140 152 29 2 61 9 52 8 106 64 145 73 28 26 30 62 22 14 16 172 139 39 146 84 124 74 15 13 46 98 128 48 138 127 104 147 143 47 18 150 107 45 169 95 68 117 114 111 41 159 103 85 130 170 34 0 10 171 108 160 157 49 87 69 59 33 51 162 101 120 5 97 158 38 58 
58 124 127 41 158 50 60 72 23 154 9 4 155 163 137 51 59 140 106 150 161 162 62 71 93 166 34 172 13 61 170 156 144 121 73 45 96 86 10 133 110 63 25 47 90 30 113 17 114 42 15 76 143 88 164 130 142 149 14 97 157 95 19 99 146 56 77 92 112 31 65 46 33 67 20 119 153 167 36 101 28 131 6 160 173 8 43 2 52 139 104 81 109 174 132 116 40 148 3 120 145 7 5 44 89 48 98 69 12 16 107 85 123 64 100 75 135 55 79 105 11 32 18 84 102 83 29 74 35 70 49 126 117 136 168 138 66 24 103 82 169 159 68 38 87 128 0 134 152 54 21 122 53 108 129 57 
59 10 127 16 148 149 78 4 118 150 103 141 98 155 105 23 48 168 36 49 39 41 58 95 94 52 109 60 77 62 33 134 25 24 90 29 89 20 69 15 162 145 2 45 167 157 160 130 27 172 126 38 117 84 40 112 166 88 13 3 42 11 0 91 137 30 156 100 140 63 102 164 132 165 114 82 76 161 12 6 138 1 96 143 79 153 66 93 169 174 19 151 21 7 87 54 125 73 35 92 110 124 120 116 173 163 28 85 115 129 31 144 152 72 128 43 47 111 70 154 50 65 56 37 147 68 131 81 101 32 75 113 159 44 86 67 123 26 61 146 34 97 46 71 83 9 133 106 57 99 80 139 53 142 5 170 17 158 64 
60 109 151 56 30 139 102 58 33 166 37 70 142 9 104 10 77 90 93 147 55 120 113 44 23 25 12 132 18 59 68 53 152 11 80 159 172 112 171 169 118 160 26 138 35 78 89 111 106 128 136 36 3 168 7 24 47 165 94 131 1 73 45 126 19 154 98 174 57 16 148 127 173 91 75 121 82 157 88 2 66 85 170 135 122 119 5 48 38 141 83 63 0 156 140 64 71 4 43 145 22 125 100 99 144 31 134 27 42 155 129 8 54 143 137 124 115 81 14 162 74 123 107 69 101 158 130 72 84 67 51 49 117 87 96 153 65 6 133 
61 98 78 136 166 11 21 116 77 159 97 90 62 88 7 2 127 107 47 139 71 158 118 82 92 27 10 83 58 102 23 80 100 95 85 19 56 43 119 163 122 32 93 121 69 111 155 137 146 120 104 167 14 72 66 67 91 112 40 87 35 128 1 53 42 125 74 15 57 70 172 123 149 142 94 103 106 134 153 24 16 140 55 141 170 169 150 132 129 152 99 156 6 12 148 28 157 9 44 162 143 18 124 5 51 20 30 22 49 29 41 101 161 8 68 52 154 76 145 59 133 173 105 117 25 147 89 160 38 75 165 34 39 33 96 81 135 3 151 48 174 110 65 144 79 
62 26 122 155 149 76 134 93 56 18 35 124 42 101 98 154 138 61 135 121 125 54 105 24 39 150 58 142 89 59 15 75 137 116 10 55 110 100 108 166 19 148 152 12 146 63 52 156 20 41 44 153 172 92 27 48 117 104 143 132 49 94 88 90 8 130 174 38 102 87 32 118 139 4 123 99 86 158 164 131 25 5 112 72 13 46 103 151 57 95 115 71 144 167 21 74 81 3 33 119 80 126 109 40 1 64 45 173 140 111 9 133 2 53 168 14 141 159 84 120 97 29 7 91 147 51 129 85 6 127 28 77 160 50 68 70 11 34 114 37 83 169 145 23 161 136 47 113 43 69 67 30 79 
63 120 173 155 1 101 26 68 9 150 3 157 106 95 77 127 169 81 70 66 166 98 38 139 13 11 35 29 142 93 161 152 6 72 34 32 58 113 37 20 25 134 102 52 62 40 54 171 111 27 59 49 100 85 167 48 83 132 18 19 5 0 121 99 156 143 31 8 69 12 47 109 67 138 17 89 51 96 7 30 50 71 36 131 80 105 117 114 86 130 124 137 79 118 91 104 4 162 160 136 43 103 39 60 46 154 107 129 94 126 55 170 15 141 24 116 28 163 21 123 42 23 14 119 44 148 140 64 75 82 112 88 147 133 174 158 145 56 65 33 10 153 146 168 108 151 110 135 84 45 73 
64 55 36 110 90 33 12 151 163 168 40 15 140 34 152 167 166 85 157 115 113 141 35 144 83 25 153 66 21 37 78 127 155 67 172 26 20 91 134 130 23 65 122 82 72 6 43 173 161 73 16 97 71 137 42 92 145 49 143 45 81 119 13 121 44 52 46 48 164 114 3 11 22 132 87 101 124 5 98 27 174 116 8 57 41 69 2 160 80 4 117 53 138 129 146 74 39 102 19 125 147 9 29 94 60 62 96 133 123 24 142 105 31 7 165 1 58 103 159 106 104 77 32 56 111 63 128 149 100 76 88 70 107 50 47 112 150 171 126 169 120 148 10 89 93 170 136 14 38 156 68 51 158 59 109 
65 115 31 168 151 81 0 169 39 170 135 2 130 89 136 165 113 53 108 132 119 173 21 3 15 27 87 79 83 163 52 99 80 17 44 49 47 7 125 34 64 20 14 161 16 157 144 122 117 164 74 88 91 147 11 1 54 128 105 102 75 96 112 51 66 58 30 143 127 120 5 129 12 131 78 36 150 82 139 142 77 73 159 162 19 118 107 25 140 145 46 114 8 141 167 101 4 153 116 174 56 110 22 84 126 95 37 24 172 148 94 59 92 109 42 160 152 158 76 43 38 35 18 72 28 149 23 166 86 45 63 6 85 97 33 138 133 48 68 70 61 26 60 71 123 67 
66 136 110 119 131 57 10 151 155 86 19 0 71 47 30 72 172 117 79 132 27 63 52 37 22 97 113 11 94 118 64 31 42 53 98 106 76 35 32 126 44 116 166 173 26 143 54 16 171 100 165 43 104 23 109 61 164 105 29 95 160 24 65 145 50 70 59 112 15 28 124 33 74 18 146 158 153 138 3 122 167 20 69 159 60 96 121 14 56 21 48 80 152 73 83 13 128 103 125 67 127 55 130 17 92 157 149 12 142 6 148 90 139 133 40 168 49 161 25 120 41 39 8 81 2 46 115 91 45 163 134 156 174 82 85 4 58 147 99 129 7 77 150 68 123 114 87 137 144 
67 79 71 156 159 75 31 129 164 150 117 100 138 139 110 114 169 145 97 102 91 8 76 95 107 41 45 121 1 116 157 136 64 38 124 74 118 51 167 174 47 170 162 54 23 161 82 61 90 53 34 49 52 11 92 9 70 89 42 84 126 69 17 146 105 122 68 56 48 63 143 144 55 36 58 152 148 149 111 171 135 0 43 168 10 158 22 32 73 19 81 93 78 72 96 37 160 120 39 134 155 66 137 29 30 88 4 33 125 3 109 147 103 99 14 142 6 80 40 128 12 25 59 21 154 94 130 123 165 163 127 13 60 44 173 113 15 27 104 166 62 86 108 46 131 16 98 65 
68 92 39 86 156 124 126 151 99 129 63 70 100 122 3 30 4 150 121 166 72 78 106 60 153 118 16 148 131 91 19 165 155 96 107 40 154 145 31 8 117 22 159 167 14 1 55 37 130 21 98 20 73 32 28 119 36 173 115 89 26 82 164 9 38 33 44 102 132 110 5 149 104 67 74 133 125 7 47 23 128 163 127 137 6 88 77 79 85 48 35 2 160 136 15 93 174 84 18 116 83 152 140 59 158 53 90 108 143 57 168 69 114 61 135 51 139 113 56 49 62 161 43 54 13 101 80 81 29 11 24 95 65 58 66 157 94 111 64 109 142 162 
69 94 19 107 137 20 169 11 112 152 96 116 82 8 43 74 44 72 170 16 55 56 83 59 102 18 10 151 159 23 93 4 70 73 21 128 9 157 79 155 13 163 134 164 145 78 32 109 61 139 121 105 118 6 54 131 91 161 27 124 154 115 104 126 24 28 37 89 67 15 114 113 95 12 63 133 141 46 110 136 81 39 71 7 117 49 64 1 53 100 150 66 138 50 22 2 99 166 148 31 51 3 80 92 153 77 0 45 29 86 35 58 123 162 42 38 144 174 17 98 75 119 48 26 158 36 173 108 135 120 168 68 147 30 132 76 142 103 87 171 122 60 129 57 149 25 33 62 106 167 52 41 
70 75 99 132 22 165 154 60 171 17 30 6 127 68 140 125 134 13 160 14 63 147 124 153 0 28 77 130 158 69 25 98 29 9 51 129 89 87 90 148 103 115 7 133 136 50 44 24 123 151 163 120 126 138 139 53 159 48 88 161 10 121 122 79 43 102 18 67 39 156 166 174 66 92 104 5 108 141 94 61 170 3 54 45 85 12 100 173 101 116 81 80 150 32 111 55 73 83 20 149 72 11 56 164 169 49 59 131 35 23 84 4 128 42 145 15 172 93 27 58 114 117 110 64 137 62 157 71 95 168 19 16 40 162 33 119 135 146 41 37 91 36 8 82 65 96 152 74 118 109 142 
71 95 158 67 52 19 88 121 92 156 120 4 66 159 99 164 170 144 104 100 37 125 174 58 61 50 44 6 72 142 18 89 157 73 165 131 172 33 166 171 154 41 93 139 27 94 1 124 75 12 107 109 76 16 162 23 117 26 20 152 64 14 85 24 91 5 53 31 147 45 28 54 98 32 56 22 46 96 30 114 106 97 10 135 133 69 84 81 63 122 42 173 78 2 34 13 126 140 62 118 116 43 145 48 36 128 167 86 60 129 83 103 134 168 132 87 136 29 49 105 149 169 148 161 70 137 47 35 59 123 55 108 146 80 102 9 90 127 153 77 0 65 74 141 111 
72 13 167 154 91 58 36 93 55 94 17 8 10 113 114 40 11 157 42 66 135 14 103 116 158 139 68 171 142 108 109 121 7 69 47 26 77 32 151 56 144 22 71 130 63 85 9 39 31 99 117 18 110 102 120 131 83 19 4 163 153 64 128 159 140 107 38 147 33 12 124 37 78 30 61 53 134 76 170 27 123 174 79 0 155 16 24 82 88 51 29 95 166 50 129 48 92 118 86 43 62 168 67 75 149 25 45 80 152 1 70 59 84 126 73 21 101 143 3 97 2 105 127 5 161 74 125 138 137 119 115 160 65 98 52 162 106 20 111 44 60 104 54 100 90 35 136 6 49 150 96 132 23 41 145 
73 115 6 38 5 162 93 54 88 102 81 107 153 130 149 97 55 154 14 140 17 24 69 94 136 18 71 19 86 58 104 29 148 13 134 109 152 157 68 80 75 171 10 141 64 150 0 79 60 110 22 169 46 123 105 87 74 116 95 8 35 51 25 120 23 131 30 155 57 111 160 145 15 59 65 33 156 44 28 124 78 67 139 101 146 47 21 66 144 121 34 27 3 100 70 43 122 132 129 90 72 133 151 84 49 112 41 85 168 40 135 92 159 56 82 52 83 48 39 138 161 26 4 103 143 170 167 1 20 50 45 163 114 77 2 31 174 147 137 118 63 7 76 
74 146 118 17 43 113 96 167 49 108 7 155 34 148 0 86 110 159 82 13 150 23 6 14 122 48 161 69 141 15 174 85 131 37 100 55 135 151 163 168 121 8 51 28 36 67 138 50 166 78 105 27 2 84 125 90 29 3 156 137 20 136 94 65 147 25 38 114 149 73 46 107 19 115 61 5 126 52 68 66 142 132 111 130 127 97 165 54 26 30 11 39 64 117 158 21 92 170 57 62 162 139 164 35 83 40 31 153 45 18 1 87 53 120 80 95 33 76 101 75 129 145 89 93 72 103 123 58 140 81 109 60 152 124 134 171 116 24 42 143 157 133 56 44 102 70 71 16 
75 156 70 15 87 159 10 157 67 123 86 122 151 84 50 47 52 49 22 129 167 0 92 25 174 130 62 155 81 140 35 18 30 109 14 53 31 5 71 29 172 56 73 133 147 12 21 161 24 55 142 57 51 6 76 91 104 40 42 128 9 65 106 153 121 34 160 80 13 60 111 127 28 154 169 132 103 72 11 165 44 162 135 16 3 88 131 152 33 119 102 77 107 108 137 164 38 23 90 97 124 69 95 58 93 126 32 138 150 54 59 74 63 116 158 114 136 98 105 46 146 144 7 101 118 82 148 139 85 112 19 41 166 61 168 145 37 4 83 20 17 36 26 163 43 125 
76 46 62 116 132 28 126 34 112 83 13 153 159 89 141 131 120 162 98 7 32 139 67 113 130 66 142 140 16 158 149 44 173 12 107 71 52 150 58 118 96 161 109 91 31 104 101 59 42 72 10 84 102 9 75 57 0 55 41 138 163 82 90 11 106 125 129 80 37 26 21 103 168 114 38 121 135 53 133 172 85 143 111 171 54 170 36 128 19 93 49 86 145 155 99 3 17 47 124 23 50 35 122 74 30 123 169 65 33 61 69 64 4 136 147 119 40 92 95 164 166 78 154 29 156 14 148 48 15 81 105 51 79 127 152 77 110 100 18 88 167 94 25 115 144 73 
77 143 111 88 8 81 94 10 127 19 43 60 61 92 106 151 135 13 47 63 122 95 150 170 18 85 118 45 46 59 102 22 26 109 141 57 70 72 98 17 27 42 137 56 129 138 9 35 113 153 114 149 104 29 36 23 155 44 84 146 101 103 174 152 93 136 55 96 120 40 133 31 5 140 11 169 58 161 97 156 89 162 119 171 48 100 2 38 91 134 15 117 25 33 90 65 68 166 157 145 173 147 14 115 130 78 34 4 21 69 49 20 165 75 107 142 128 172 51 64 121 168 131 41 108 126 32 12 158 80 79 62 30 6 124 154 123 52 54 76 66 82 132 139 159 73 105 71 160 86 
78 113 59 61 30 173 54 159 88 102 94 153 99 147 150 4 50 135 118 68 13 129 79 151 142 140 107 90 114 31 22 141 103 101 56 105 64 23 155 69 60 0 111 169 166 130 165 3 42 120 55 57 104 19 96 74 133 98 132 149 137 48 144 119 72 17 157 51 45 52 20 168 134 53 116 160 40 39 145 124 170 172 89 65 29 16 38 71 83 91 73 161 37 11 67 156 128 28 77 123 8 122 112 21 12 33 81 80 138 121 35 44 34 92 82 148 46 43 14 127 27 164 126 10 162 109 6 171 152 1 41 167 146 76 85 97 9 110 143 87 174 47 115 117 125 32 18 
79 112 18 39 67 154 1 52 117 108 24 138 84 133 115 167 37 22 151 51 28 42 5 131 66 165 109 17 78 25 90 80 147 139 41 128 99 126 118 148 161 69 65 43 91 105 38 2 8 9 127 86 13 144 12 169 49 111 23 31 6 101 73 114 168 158 140 30 70 32 137 85 48 134 113 149 72 145 143 59 157 129 100 83 0 164 171 152 153 47 124 146 123 96 170 141 68 19 50 63 46 11 88 35 33 3 150 34 14 7 163 104 81 103 92 122 106 98 36 162 89 132 136 58 82 130 160 16 156 10 77 166 107 29 56 142 110 87 40 76 125 121 97 45 4 44 120 61 26 93 102 62 
80 38 128 88 8 143 13 81 106 43 84 149 119 37 9 85 30 33 145 14 21 5 34 60 79 137 18 123 166 52 23 55 161 41 146 42 159 107 116 49 141 61 162 65 57 86 29 114 26 6 124 121 44 98 73 150 118 90 174 24 111 93 163 22 82 54 92 130 10 122 125 138 154 102 144 75 40 76 110 105 53 160 63 126 51 16 112 168 95 104 35 64 171 31 83 70 129 113 120 48 134 148 151 66 69 127 139 140 132 46 62 164 56 72 2 94 78 172 115 133 87 96 39 1 27 74 20 142 50 28 67 169 152 153 77 47 91 11 89 101 32 68 3 155 170 99 71 45 165 59 157 25 
81 29 140 174 77 12 127 97 112 94 158 65 124 80 22 91 144 117 73 159 36 44 169 121 104 43 63 135 31 17 50 154 85 110 153 75 137 27 82 46 10 145 123 26 57 150 143 119 14 111 95 113 99 164 90 156 98 48 122 16 64 107 106 134 126 52 9 136 168 166 172 93 102 109 19 69 148 101 151 25 162 32 71 141 132 131 11 3 70 56 67 58 35 114 138 6 2 62 92 142 163 54 79 78 51 89 38 37 170 34 7 103 116 20 165 18 118 23 24 45 59 60 49 66 147 87 86 42 74 133 55 152 40 157 68 5 155 76 108 61 39 161 115 100 4 13 33 88 128 167 130 
82 116 108 159 145 4 156 28 158 100 40 128 15 169 101 94 114 13 74 46 127 69 126 26 14 42 125 44 31 107 61 32 122 37 39 123 106 146 81 112 98 24 113 103 54 83 52 57 109 143 119 64 88 157 68 38 2 67 30 59 12 80 10 121 163 49 167 141 76 72 164 50 130 142 133 5 111 43 93 65 120 172 118 21 135 60 47 53 137 147 95 115 162 104 25 151 22 35 139 89 6 55 85 102 154 45 78 96 99 131 129 36 79 155 149 63 41 73 18 132 91 1 110 150 138 174 92 75 152 84 9 16 51 66 19 171 170 58 148 29 140 153 20 86 77 70 134 87 48 7 166 117 
83 99 87 160 100 28 76 18 94 116 146 89 41 155 4 105 143 46 85 30 64 127 26 57 69 98 61 149 169 7 65 123 16 133 168 173 84 135 14 9 96 167 92 39 45 82 54 137 56 72 47 115 119 118 136 63 145 126 31 24 104 38 158 79 15 150 35 29 154 110 117 48 36 102 5 20 88 78 12 80 128 6 40 151 11 157 148 53 27 3 66 13 60 152 139 164 70 147 174 74 125 71 21 130 144 112 68 52 91 2 101 163 172 122 159 43 37 107 49 58 73 171 131 33 25 141 90 22 62 134 138 103 59 129 32 106 0 75 165 111 170 93 55 166 108 44 
84 150 101 27 94 42 104 48 79 122 80 75 40 105 162 147 110 4 24 89 159 23 97 155 39 166 118 51 1 102 2 146 106 29 120 83 59 3 17 144 148 134 31 174 11 52 129 50 109 74 126 77 9 133 112 95 12 5 46 163 54 45 158 76 172 130 6 67 20 117 85 28 145 152 30 98 35 53 156 18 136 113 124 71 170 149 173 138 123 15 16 168 0 38 90 57 49 154 68 65 72 119 22 160 73 70 171 164 108 165 128 37 167 55 62 131 86 58 8 14 116 47 7 33 82 56 93 103 60 34 111 13 19 151 143 135 36 63 43 137 
85 86 89 51 154 103 163 133 54 10 4 52 64 150 15 2 45 171 23 80 77 17 33 126 21 83 81 139 125 158 27 87 31 99 18 167 74 110 34 92 28 72 0 95 61 36 166 145 128 149 151 1 112 49 129 32 134 14 165 6 44 100 102 143 91 19 7 140 63 174 98 71 114 159 20 41 79 26 37 157 30 108 130 84 122 147 43 39 47 144 50 131 106 70 3 68 60 152 148 76 141 104 136 38 153 29 59 93 24 55 111 155 132 8 25 12 58 164 115 97 82 94 121 146 73 46 9 13 35 42 118 156 62 123 135 107 96 116 168 57 173 11 75 66 65 78 161 109 160 120 22 127 138 56 137 
86 85 68 109 121 132 91 130 87 157 134 170 66 48 129 75 12 50 74 127 137 15 108 118 103 51 123 112 174 40 158 165 73 107 58 80 25 3 46 10 141 11 79 16 171 94 8 172 19 99 149 154 13 23 133 162 96 100 1 5 42 122 35 98 93 106 161 62 45 54 168 47 116 114 53 117 44 27 63 32 72 95 49 52 55 36 14 153 17 124 110 139 147 126 97 105 39 76 33 6 71 69 56 2 169 120 111 43 156 152 115 113 37 167 84 128 29 59 92 131 81 0 31 164 65 104 166 21 7 41 138 146 173 140 144 145 150 82 26 155 125 160 9 34 67 148 18 88 143 151 90 77 163 
87 15 102 123 75 149 83 37 86 99 11 126 122 53 105 115 88 17 46 23 7 144 85 155 174 154 152 45 65 10 140 151 33 167 70 49 34 24 107 48 108 35 139 50 110 5 135 6 96 109 170 29 19 95 117 2 93 165 14 9 61 62 73 39 124 148 51 141 90 173 64 127 55 159 27 0 26 133 54 142 59 129 111 98 163 150 128 101 31 32 20 38 28 52 104 25 143 120 136 157 172 47 118 80 74 44 71 166 41 138 42 113 12 145 56 3 43 131 97 81 168 125 69 21 13 100 114 91 103 30 79 57 4 78 60 156 161 171 58 82 66 130 146 94 147 153 112 
88 46 77 7 134 32 71 80 122 24 15 119 0 78 73 121 95 114 127 11 104 156 61 22 12 18 153 43 87 90 164 50 53 93 1 20 110 152 47 137 174 19 33 131 36 98 112 165 5 115 108 125 169 130 59 167 99 101 13 102 124 126 58 106 82 128 57 154 92 139 94 89 70 62 65 28 55 29 48 141 166 96 72 147 21 123 132 2 143 4 42 133 83 68 60 158 145 9 157 111 79 23 6 54 75 146 8 129 103 161 170 144 136 100 163 120 67 149 107 109 45 39 51 30 56 172 168 49 26 63 44 138 34 31 38 64 148 97 3 151 162 105 27 113 117 91 76 173 150 81 86 171 
89 17 156 120 154 85 117 104 12 167 26 65 24 119 91 83 49 84 8 5 95 76 62 22 59 137 148 51 32 43 168 126 71 144 10 146 107 125 70 159 60 33 113 128 161 6 35 97 94 160 68 155 44 110 88 147 162 55 19 141 20 136 29 67 116 69 108 77 163 96 63 16 78 18 152 164 145 98 56 133 122 173 21 123 142 92 48 23 25 150 149 169 52 109 2 47 157 174 165 112 132 7 105 82 58 81 103 38 172 28 53 30 130 46 79 124 93 0 27 74 131 171 166 45 31 139 153 121 80 135 36 61 170 9 11 13 15 4 54 64 129 115 143 140 134 102 37 
90 64 102 141 9 32 156 146 30 8 104 60 3 61 163 11 17 94 49 39 88 162 79 135 59 25 147 48 42 78 128 119 40 27 114 149 148 171 124 113 164 103 14 12 70 43 152 58 140 95 107 51 19 0 57 133 160 13 132 35 80 81 74 122 116 110 134 131 62 111 165 67 154 127 151 172 28 166 137 2 53 118 23 87 99 45 26 76 157 101 108 22 1 6 109 150 117 16 4 54 77 115 56 143 20 96 105 24 142 130 38 84 10 7 168 100 120 47 73 50 144 75 169 66 68 112 139 123 98 33 97 55 31 41 5 121 83 37 136 174 92 15 158 71 153 46 145 138 72 44 129 93 86 52 
91 72 86 168 100 81 4 163 51 136 9 128 89 123 16 31 52 96 57 15 17 107 138 103 68 115 165 93 67 18 46 129 23 133 79 151 64 8 22 11 94 32 134 173 148 1 147 144 59 121 30 143 85 131 76 34 69 27 117 29 71 56 65 61 124 75 40 126 47 43 2 21 95 167 0 114 55 164 77 60 122 154 108 45 102 109 25 38 37 44 39 78 140 172 157 14 42 63 156 162 118 24 139 101 161 36 35 49 146 142 48 110 33 83 169 7 137 171 116 174 160 62 145 82 80 66 53 50 12 41 6 135 127 113 19 112 20 119 87 92 88 97 70 149 166 125 10 170 153 132 152 141 
92 68 95 22 109 104 17 34 165 171 71 55 14 77 159 153 9 41 26 157 110 8 75 106 35 111 44 61 49 46 151 152 96 85 140 25 122 7 150 40 45 114 83 120 4 11 154 142 62 138 146 136 24 166 43 88 130 3 135 57 36 20 155 37 149 64 67 80 1 105 161 101 42 174 167 58 124 132 70 158 100 134 119 99 72 141 59 0 89 168 123 126 173 50 115 33 147 54 23 69 74 144 81 133 108 32 102 79 28 29 148 66 94 65 78 156 73 10 48 39 31 13 160 113 86 93 56 145 47 172 19 76 82 118 139 131 107 129 38 90 52 125 51 91 163 128 164 117 98 16 116 
93 41 147 124 137 46 72 62 73 11 168 7 51 164 14 60 45 140 9 8 150 26 135 141 116 161 110 159 157 126 58 138 158 91 88 69 121 63 95 136 43 99 125 139 131 0 47 6 71 22 132 129 36 61 107 30 49 102 153 113 29 166 15 109 33 57 5 80 23 3 87 149 77 156 128 97 151 56 170 104 162 155 4 94 25 86 108 59 81 10 55 53 122 82 144 2 112 152 48 1 96 31 67 52 134 37 34 76 68 19 106 143 85 17 123 130 117 105 50 42 75 44 101 89 169 174 148 163 74 28 70 16 92 24 118 172 18 103 146 32 84 154 21 13 142 133 64 98 54 83 79 90 
94 9 69 146 84 0 11 77 163 104 72 112 56 81 32 140 10 131 12 78 6 82 168 99 90 83 23 59 44 172 118 66 153 160 134 157 3 151 73 26 127 107 114 144 42 17 14 50 174 149 119 71 111 91 95 34 154 15 38 103 120 108 135 89 8 60 20 86 41 88 62 171 74 161 142 1 16 54 93 100 158 97 133 117 110 136 173 70 49 46 45 61 35 130 113 125 39 31 109 37 167 105 27 138 64 129 80 33 143 150 92 169 63 102 65 85 25 51 165 139 166 159 124 164 7 122 145 137 67 152 5 128 36 156 106 18 162 147 24 29 19 53 155 52 76 101 48 47 68 13 87 55 
95 71 92 157 12 143 101 8 149 88 47 34 151 147 4 25 161 97 63 77 59 100 6 0 23 89 30 33 108 173 150 155 158 172 153 9 112 93 67 19 20 128 102 85 45 61 29 140 148 10 116 125 90 52 171 44 94 48 131 15 81 138 41 87 38 22 84 24 28 124 168 58 137 139 42 66 73 110 69 11 141 174 91 50 160 146 1 39 3 113 72 18 169 107 129 46 80 86 82 62 152 159 104 17 114 40 162 51 65 55 99 26 145 2 75 126 16 37 118 109 74 53 57 111 132 119 136 106 54 164 115 76 122 70 35 121 130 165 49 166 134 68 103 154 13 170 32 31 
96 145 164 74 129 133 143 124 23 69 172 26 168 91 19 161 106 163 24 3 117 13 174 31 134 55 153 68 132 43 49 155 29 92 46 36 51 112 58 138 122 20 33 21 83 10 146 128 101 27 152 169 78 87 97 53 22 144 7 76 103 136 38 107 54 77 52 154 171 86 65 34 59 151 57 116 110 140 88 158 15 98 28 71 44 8 156 89 126 63 14 125 79 18 4 66 105 149 150 162 39 90 93 0 67 41 141 159 50 147 64 32 48 104 1 35 139 82 80 160 120 135 109 165 100 137 47 85 102 37 115 167 99 12 16 157 25 170 166 5 61 9 111 2 114 70 60 130 72 40 118 123 
97 152 174 103 81 147 5 157 42 61 139 99 116 168 95 104 73 154 140 43 84 50 45 66 120 67 14 163 23 169 135 37 108 142 22 19 144 153 10 170 155 52 122 21 130 113 33 123 105 0 20 96 145 89 134 64 51 18 124 58 24 34 93 13 3 165 158 77 94 101 121 109 48 133 71 56 53 126 41 74 143 173 107 7 8 32 115 102 132 86 29 44 31 117 127 129 160 137 131 85 114 75 167 111 72 146 164 138 125 62 90 39 100 106 28 119 148 87 159 166 59 49 88 118 172 141 112 15 149 38 156 25 128 2 65 17 78 162 79 6 16 91 40 4 26 57 
98 18 116 61 20 59 103 126 163 62 113 134 146 160 151 9 162 8 109 23 17 12 19 120 63 171 112 76 83 77 21 34 70 54 66 82 25 138 53 158 88 153 102 68 39 122 80 108 166 78 139 50 81 132 15 6 85 144 26 155 56 107 7 60 124 114 157 149 71 86 96 159 145 36 84 47 1 64 46 40 154 99 169 135 89 133 137 130 33 170 87 152 16 5 142 123 52 37 100 110 38 174 29 106 57 118 45 143 104 58 30 32 125 41 79 69 43 14 4 127 0 172 150 90 24 75 11 72 129 115 167 28 22 35 164 93 44 92 67 161 121 
99 83 169 49 132 70 8 2 147 104 137 53 25 68 87 45 158 110 97 78 94 71 152 55 139 32 123 41 31 46 28 50 172 30 156 85 79 146 36 130 149 131 51 93 65 118 138 3 100 113 72 22 164 88 173 157 143 168 141 151 57 81 160 0 4 166 37 1 86 14 38 17 124 163 128 58 159 170 115 63 52 171 122 162 106 34 90 12 107 154 6 145 62 120 40 161 19 98 102 108 92 136 155 48 69 165 112 29 61 135 13 129 127 20 95 54 116 60 42 76 27 18 23 47 67 35 134 82 21 150 24 144 167 174 148 142 39 9 16 153 96 121 105 80 101 66 119 59 11 140 133 111 
100 35 37 26 52 91 82 101 141 83 106 135 105 113 131 68 67 157 41 145 27 167 17 71 104 95 108 122 140 23 168 42 55 40 20 62 102 160 137 171 74 61 30 28 126 163 99 57 49 116 154 128 59 172 66 33 85 120 13 109 63 103 142 14 11 51 1 117 94 86 16 150 79 77 147 166 155 45 114 92 34 69 173 70 32 31 143 139 124 98 138 134 158 73 151 149 119 90 88 146 111 60 46 174 162 18 169 19 170 121 24 164 0 58 38 161 110 44 97 12 136 96 125 133 107 64 39 47 132 87 6 127 54 15 123 36 159 144 72 76 81 53 152 5 2 43 148 
101 3 84 36 27 145 41 95 151 166 100 173 63 82 62 148 140 103 127 0 37 39 167 133 147 113 139 123 141 26 134 11 78 53 13 10 172 56 88 96 135 54 8 150 153 17 34 155 79 19 169 77 76 14 171 118 132 104 107 46 125 22 92 38 25 156 117 142 97 43 90 42 64 111 131 168 81 126 58 109 4 70 144 87 119 159 154 73 6 45 91 146 65 116 157 33 52 152 129 83 24 72 122 32 93 136 105 164 108 59 16 61 74 29 106 23 30 18 5 80 75 120 115 47 68 174 60 50 170 21 99 165 55 163 94 1 49 57 15 161 48 124 
102 165 87 45 90 60 41 8 73 78 149 12 109 31 141 57 170 132 162 27 52 150 77 139 174 51 67 137 69 115 123 111 136 110 84 122 61 100 6 95 112 156 138 33 18 153 119 16 98 63 47 157 72 32 144 50 28 93 168 142 154 88 40 85 117 19 13 145 59 48 161 44 7 163 76 160 152 62 70 127 116 9 68 65 106 114 173 34 118 80 159 164 4 81 171 135 29 37 121 83 125 99 91 167 103 130 158 146 155 64 124 107 2 10 24 97 43 26 53 92 75 55 108 128 14 49 94 148 22 82 133 54 143 39 140 30 105 58 134 129 96 46 3 126 42 11 0 113 169 23 71 147 166 56 25 74 89 79 5 
103 51 127 40 118 59 85 97 168 2 98 35 136 4 31 0 17 101 167 72 44 37 106 46 113 108 134 34 114 91 112 49 15 163 86 23 120 24 16 3 78 55 8 90 119 82 70 135 123 14 38 158 45 33 32 94 137 43 96 9 169 77 100 121 42 22 39 104 133 122 156 172 164 18 128 11 129 76 131 110 61 132 130 154 166 102 62 115 75 63 30 160 157 109 142 66 117 161 88 50 79 89 71 143 138 165 81 155 26 139 67 64 36 25 116 111 20 19 21 74 170 141 147 69 105 57 146 124 47 148 93 173 83 171 56 73 84 58 87 28 52 29 12 95 13 53 140 7 
104 50 43 92 127 17 94 99 60 90 89 126 5 88 6 110 84 113 27 42 132 111 16 19 26 32 97 81 71 100 14 151 8 142 141 41 116 46 9 165 0 47 152 168 39 73 162 150 109 138 3 171 77 31 157 106 133 78 122 146 55 48 61 125 15 66 62 124 76 156 140 69 148 144 101 56 169 93 75 115 83 103 28 134 161 68 70 145 44 154 35 107 123 105 166 120 80 12 4 82 63 7 58 22 95 30 158 85 87 49 139 79 29 117 52 98 45 51 23 20 128 121 96 57 131 11 159 129 136 173 64 13 167 112 10 163 108 18 1 2 130 21 155 86 149 36 72 135 37 114 38 67 40 53 170 
105 119 130 107 18 59 32 100 1 148 5 34 87 84 143 24 2 62 83 127 57 26 165 120 122 40 15 156 106 155 78 10 151 47 16 114 150 52 126 79 167 138 117 97 147 74 69 22 113 53 39 36 19 73 66 159 65 92 11 13 172 67 139 160 153 56 131 80 104 121 63 30 45 133 125 0 140 38 33 14 54 96 90 23 161 129 162 116 94 135 109 44 86 89 142 136 20 29 25 51 164 93 145 144 128 64 50 72 168 101 58 8 123 102 71 41 149 75 61 170 174 7 103 108 3 6 132 99 76 110 88 137 27 35 31 49 77 112 46 166 124 158 
106 55 0 164 18 159 100 77 9 80 122 38 43 3 63 45 126 58 96 103 114 68 92 49 47 171 174 129 138 120 119 82 5 31 115 84 105 154 147 66 158 4 60 140 123 104 19 46 51 21 133 151 88 149 24 41 42 112 111 15 109 167 166 102 81 157 75 99 110 86 29 25 76 34 71 56 57 85 37 108 150 170 61 30 28 8 143 163 152 33 124 107 137 98 20 32 128 93 153 54 40 118 79 17 132 141 22 52 165 117 64 27 53 6 50 156 97 145 101 36 139 134 95 160 35 135 72 94 26 113 121 125 83 169 10 59 162 7 2 23 69 1 161 144 168 
107 1 133 105 156 36 69 154 139 32 30 168 174 171 73 118 51 61 55 4 111 16 159 167 91 82 2 78 125 145 115 68 31 94 67 80 113 86 128 89 146 87 90 93 71 76 144 153 40 25 126 42 0 72 162 3 165 121 169 160 98 114 119 15 96 49 116 129 101 81 74 161 37 39 141 158 27 157 11 12 151 99 108 104 18 10 143 44 8 95 34 140 134 97 123 24 29 166 7 41 65 102 33 106 23 172 147 163 9 5 63 75 77 112 58 88 132 17 142 13 164 52 173 19 57 35 170 152 83 100 130 46 85 53 109 64 124 20 79 60 92 110 45 56 122 21 135 38 26 
108 1 7 82 56 40 172 79 137 74 112 133 26 65 95 14 72 100 126 168 103 38 86 15 48 109 24 29 41 153 97 155 37 152 62 18 165 170 88 23 163 156 21 32 139 87 154 46 158 94 42 34 143 98 122 2 127 5 25 17 45 151 130 146 16 36 89 85 13 121 123 107 93 55 90 132 70 149 28 91 106 39 99 44 8 125 164 51 35 113 120 92 22 47 31 75 102 147 49 0 50 166 30 84 9 68 101 141 77 4 136 33 69 104 11 138 162 20 114 6 135 174 140 105 157 57 3 71 12 81 159 63 171 145 54 118 43 67 167 83 110 117 58 
109 132 92 60 121 51 86 146 49 42 129 170 126 143 136 128 26 112 116 55 167 151 102 5 130 36 79 135 59 23 72 98 77 152 17 108 161 169 14 11 25 160 75 124 114 148 104 15 1 40 155 31 10 69 82 73 127 28 133 71 138 87 33 84 16 76 93 163 41 120 134 100 66 168 125 57 29 37 106 172 115 97 44 165 18 63 53 81 6 90 137 56 91 101 43 35 158 94 58 39 89 103 140 20 38 157 105 62 19 8 156 154 164 173 113 32 88 131 48 65 67 171 96 95 162 141 7 78 22 2 107 74 110 145 46 166 144 159 52 85 111 50 21 117 47 139 4 68 3 119 142 70 64 9 
110 66 64 57 171 56 157 26 141 126 99 104 31 36 16 74 38 92 84 67 93 129 113 24 11 81 161 132 115 0 102 62 88 121 85 52 149 163 58 125 154 42 72 164 87 153 156 116 20 136 135 131 40 8 25 90 89 147 73 158 39 15 168 172 10 150 46 68 37 95 12 6 106 35 96 94 145 47 143 69 19 146 152 123 83 80 117 134 173 103 111 30 137 59 165 18 151 4 86 7 98 3 112 124 9 65 133 118 91 53 49 148 5 159 54 138 100 120 140 43 44 48 70 82 167 142 139 2 109 34 170 14 114 119 107 79 105 13 41 78 174 76 128 63 169 61 28 45 51 108 50 
111 24 77 45 141 155 23 37 117 15 104 116 130 7 114 42 164 107 40 92 112 153 12 50 102 32 169 56 54 131 139 47 124 60 78 145 161 94 120 162 154 61 81 132 113 79 63 80 55 128 138 150 106 90 35 20 172 0 160 158 48 28 10 115 101 74 82 163 67 75 73 87 174 110 13 88 121 157 136 76 70 146 30 53 159 171 22 147 85 27 31 33 3 18 100 119 59 140 62 16 39 137 86 97 25 38 122 64 103 95 6 166 26 57 127 118 51 8 46 11 143 41 151 156 72 126 109 4 84 9 96 83 99 5 134 68 71 
112 79 49 6 94 81 140 124 138 108 23 76 109 118 69 4 159 174 162 148 147 40 120 134 28 57 149 46 103 21 171 111 98 60 157 26 95 86 41 0 173 15 82 153 102 3 24 96 1 88 31 59 121 119 37 85 48 131 12 168 33 16 84 25 10 51 106 61 34 53 65 151 17 58 5 170 158 152 66 20 128 55 27 56 135 136 42 113 80 44 133 122 139 167 62 93 164 99 110 89 78 2 132 83 107 73 126 127 90 104 146 123 166 63 142 45 22 114 36 14 29 64 11 97 137 160 150 7 91 9 75 172 169 19 117 163 54 13 35 105 141 87 
113 139 172 156 78 163 129 142 74 43 23 17 72 100 54 60 98 104 146 158 1 65 126 12 64 103 150 110 148 57 7 101 8 123 130 66 34 164 25 137 50 76 128 46 141 107 90 77 82 124 63 99 58 97 89 15 127 93 47 42 111 105 56 81 5 44 41 37 132 169 159 79 19 115 145 4 119 0 69 9 133 31 11 114 116 84 95 49 20 125 112 153 134 80 94 30 27 131 53 136 118 135 154 13 117 108 155 36 22 29 157 48 26 52 170 149 138 109 122 2 143 86 165 87 59 92 68 32 6 16 91 40 106 166 102 152 45 24 38 62 88 168 120 140 67 161 173 14 55 3 
114 8 36 35 152 88 72 129 21 82 26 156 137 149 111 55 67 106 20 41 16 103 167 54 78 34 37 130 135 146 38 12 27 90 94 46 40 136 52 150 154 109 145 165 1 105 77 92 147 80 11 170 58 123 173 7 164 6 5 79 59 85 107 74 122 98 33 102 3 64 49 69 142 71 91 100 113 158 126 86 51 76 63 166 143 174 50 81 95 32 2 47 65 25 139 13 119 125 10 30 97 172 169 19 45 162 124 43 117 48 68 108 44 57 75 112 42 148 70 140 24 153 155 31 62 110 134 87 168 14 132 56 115 22 104 121 163 73 29 96 131 66 141 4 118 0 157 39 18 
115 73 162 7 152 65 150 51 10 31 79 11 148 26 36 87 45 64 40 161 6 157 17 8 43 141 16 91 171 14 28 37 29 102 107 110 119 106 151 132 147 167 9 2 144 149 88 122 70 50 153 137 83 124 116 118 173 123 127 23 68 25 126 169 57 69 3 146 104 99 120 113 109 121 74 15 111 131 174 140 56 134 20 143 32 117 170 82 90 47 138 62 27 103 92 24 135 41 97 55 77 155 156 38 59 145 54 168 80 85 5 172 142 48 30 86 42 60 154 158 72 52 66 46 44 95 96 39 125 34 136 13 101 164 0 128 129 21 98 114 49 81 133 78 89 76 12 160 139 35 
116 98 82 41 76 25 61 11 55 97 109 56 111 69 83 143 9 16 72 93 28 33 104 165 146 62 153 161 155 170 44 34 5 80 134 140 67 66 95 121 157 24 174 35 12 110 100 45 169 115 50 156 128 36 90 152 129 118 138 21 48 107 73 102 89 47 78 141 96 2 142 113 86 64 137 49 10 125 31 70 147 122 13 59 53 30 162 18 3 23 58 105 71 150 167 17 65 158 101 7 68 124 26 99 164 40 81 171 172 149 52 8 131 127 63 120 54 14 159 32 103 91 132 123 15 75 139 160 136 85 20 84 135 163 42 19 27 126 74 154 133 0 144 1 92 6 
117 44 170 46 20 6 3 169 79 89 151 34 111 81 4 67 22 23 154 156 150 66 121 134 26 158 96 2 147 43 153 10 45 157 18 68 50 59 125 56 48 72 146 17 105 165 32 71 62 102 87 132 65 25 91 172 7 8 12 54 100 101 84 52 133 41 94 167 144 31 11 83 90 110 69 138 0 19 77 86 35 63 115 64 27 163 55 164 39 143 168 131 118 126 74 130 33 9 136 166 113 103 51 104 28 149 129 40 97 93 15 152 155 122 53 139 124 106 174 42 114 57 119 38 14 70 173 123 61 24 58 140 137 13 162 36 148 128 171 29 88 112 60 109 127 1 78 92 108 82 30 
118 121 103 37 59 33 74 45 18 15 165 144 19 134 112 46 107 20 174 77 78 120 44 68 86 148 61 124 94 84 22 66 28 79 60 173 9 99 123 139 152 50 48 131 67 30 167 2 115 69 4 80 76 171 16 24 172 125 83 31 142 166 39 135 116 168 54 101 57 40 62 90 0 11 102 13 8 160 43 14 127 7 82 34 47 72 141 133 52 36 169 63 117 91 5 138 65 113 71 170 98 51 128 150 130 106 110 137 155 122 1 87 159 81 29 126 26 95 164 146 23 85 42 111 97 93 75 32 92 21 10 25 55 129 49 149 162 119 17 161 53 108 114 73 41 145 70 157 96 156 
119 157 105 122 166 66 19 40 24 138 88 51 45 55 39 34 130 80 29 89 133 156 144 131 32 150 65 53 35 106 90 142 159 7 115 169 17 155 129 11 137 103 141 5 13 26 173 42 102 94 112 61 30 81 128 82 27 83 25 125 41 52 68 6 8 123 47 78 165 31 107 57 38 160 64 135 132 113 77 4 58 33 158 3 146 49 28 92 167 147 15 161 50 43 140 151 101 10 18 60 153 14 154 164 62 75 134 100 114 12 172 111 22 84 121 69 174 48 136 63 46 2 21 139 163 95 72 117 97 143 149 76 37 23 162 110 91 152 70 118 44 99 170 124 20 171 109 
120 63 89 6 143 71 135 174 48 153 60 29 38 142 121 5 36 123 156 167 169 112 118 97 98 76 27 12 141 126 106 0 105 103 1 145 34 84 139 44 148 92 16 78 111 19 146 72 129 2 94 20 159 61 70 100 161 109 9 35 51 124 122 134 77 115 37 128 23 65 144 73 125 55 26 99 104 82 21 170 28 41 173 32 59 80 56 172 154 67 138 131 22 108 164 58 31 33 87 53 168 171 88 90 163 13 54 43 7 3 137 152 4 17 158 86 116 50 74 96 157 149 110 24 11 147 69 62 150 14 66 155 46 132 47 165 10 49 101 133 64 42 113 8 85 57 25 136 79 160 
121 167 118 109 169 71 86 128 88 33 170 24 120 81 34 62 12 22 68 166 117 173 125 52 72 163 39 155 32 122 164 146 93 132 6 110 3 21 137 58 51 67 27 74 152 9 112 8 49 116 15 5 47 61 80 23 91 69 140 1 56 123 103 107 70 82 55 7 144 174 63 64 42 35 44 115 127 17 126 75 108 31 97 157 37 171 18 139 102 19 105 54 29 60 28 172 159 76 143 66 135 133 134 111 150 73 36 41 151 78 104 50 38 20 138 100 119 85 77 40 161 14 130 16 10 141 89 160 131 90 95 158 4 99 11 106 48 153 79 114 149 129 30 154 26 98 
122 43 119 134 62 139 88 124 46 144 3 56 145 87 106 84 75 68 36 0 12 19 77 74 8 100 30 148 31 141 121 49 82 48 102 132 105 53 155 127 167 13 4 123 22 92 42 160 39 96 27 115 97 61 104 17 2 98 16 57 169 64 33 108 47 90 65 152 41 130 70 81 129 120 34 171 114 32 103 80 99 86 44 67 23 85 157 18 40 162 21 66 91 1 93 24 133 35 71 89 173 163 140 112 20 116 25 60 174 138 149 51 28 6 73 78 147 137 79 52 7 5 50 15 168 118 113 172 117 125 83 101 14 111 158 37 150 76 154 153 26 94 151 143 10 135 95 29 69 45 126 164 156 166 159 165 136 54 170 55 107 146 58 
123 135 87 13 20 154 6 34 124 48 163 75 54 10 173 56 120 91 37 128 52 99 101 113 0 80 9 166 102 82 86 157 83 122 162 1 2 167 23 81 118 4 41 127 103 97 106 114 44 115 70 119 121 55 72 38 73 5 147 24 156 129 49 35 108 62 88 110 152 170 61 104 28 79 16 130 84 98 89 158 132 149 92 174 107 126 8 146 125 138 78 161 29 51 172 137 25 7 155 11 93 69 133 64 58 63 32 144 140 45 90 12 105 168 76 116 165 112 74 142 85 3 59 50 17 40 117 27 159 145 47 60 67 19 30 153 71 141 171 77 14 22 100 26 151 15 33 66 31 160 65 150 96 
124 58 162 159 130 93 145 169 68 122 164 135 166 138 62 81 123 112 7 10 96 147 22 34 17 12 70 0 173 118 16 15 171 136 150 134 20 109 90 113 146 67 45 111 18 129 160 156 71 54 80 43 41 115 48 88 168 25 49 72 104 97 69 95 120 42 91 99 11 143 172 87 98 37 92 140 66 52 78 161 157 126 64 152 44 158 53 84 79 35 47 3 128 165 27 73 46 59 63 9 100 86 102 170 106 57 28 110 38 61 30 8 26 116 6 167 33 139 154 76 75 5 55 117 89 21 31 114 60 125 56 1 94 127 137 141 32 4 174 132 24 14 107 103 142 74 50 77 155 119 36 105 101 
125 0 38 138 150 133 55 44 31 27 11 152 70 18 163 62 121 71 57 82 22 141 47 17 85 3 107 129 174 21 167 46 170 34 93 51 89 110 117 6 156 40 28 14 143 88 95 65 36 132 119 35 104 74 130 118 7 50 109 151 39 20 10 162 145 101 61 8 80 5 161 148 120 76 68 96 41 102 116 113 105 59 169 172 144 2 108 53 52 94 153 157 123 24 15 64 66 165 139 83 114 60 164 98 146 122 67 30 137 126 136 124 97 160 45 134 100 72 168 54 155 19 149 87 115 25 154 33 23 106 158 159 173 171 79 49 92 86 135 91 140 1 128 78 56 75 
126 136 33 15 49 68 98 104 76 110 109 137 87 5 11 82 23 113 130 128 106 131 85 108 29 22 129 152 93 51 19 141 171 120 89 79 43 59 143 28 34 40 36 100 66 31 105 168 48 54 148 132 8 107 12 88 84 70 138 164 167 115 7 135 55 37 27 60 83 69 91 67 149 157 81 121 18 74 169 124 96 160 97 101 30 114 26 80 159 139 145 92 71 123 134 20 24 117 165 162 172 86 10 9 62 161 65 45 72 41 0 63 53 13 140 118 112 75 95 147 125 153 173 77 78 146 50 25 144 38 127 58 133 102 122 17 166 156 174 142 1 111 116 64 47 46 16 52 14 
127 59 27 58 103 104 4 26 9 81 153 77 166 88 70 16 132 82 159 61 86 101 63 39 7 29 105 30 22 32 83 169 94 122 25 44 136 0 152 64 162 134 33 148 123 48 109 79 113 31 115 142 41 143 133 5 108 11 8 135 167 90 164 102 160 121 128 65 40 53 161 87 14 52 60 13 55 74 168 171 20 118 75 51 68 42 19 173 130 144 149 172 158 45 139 80 43 17 35 66 99 57 97 163 56 116 131 24 98 112 72 54 78 12 157 38 124 146 28 62 138 111 6 18 50 126 91 49 156 37 100 170 155 67 147 23 36 34 76 174 145 140 2 71 117 85 15 47 
128 144 172 80 173 6 27 121 11 82 164 109 7 150 37 143 91 130 167 41 126 31 123 50 26 33 28 32 90 79 138 166 9 45 69 113 134 95 46 107 85 60 89 96 119 168 49 24 100 72 34 136 116 88 8 111 93 25 132 141 155 51 99 65 61 75 154 120 145 127 171 162 148 20 142 36 112 103 10 16 14 159 21 68 19 4 29 124 149 140 23 87 83 165 3 169 129 78 39 76 66 1 106 71 13 57 118 160 152 156 59 77 104 102 55 105 18 84 158 48 0 70 64 47 86 67 153 94 174 170 35 115 30 157 2 42 97 12 117 151 110 15 137 92 40 58 125 17 81 56 54 146 
129 31 148 156 56 150 36 15 171 144 113 154 109 96 68 141 67 86 114 55 28 40 75 110 78 126 34 140 21 125 19 106 29 48 0 91 77 119 46 70 10 5 93 124 151 136 120 85 8 166 160 137 39 84 11 32 6 53 18 16 12 116 49 122 147 51 107 161 168 35 134 123 174 131 79 65 132 142 76 43 103 72 87 95 42 64 80 23 52 128 3 30 61 105 162 45 88 38 59 50 99 27 94 73 117 63 71 97 135 138 101 172 25 104 60 143 41 82 54 20 74 17 173 62 1 26 102 44 4 164 98 24 22 130 9 92 7 115 83 69 153 118 170 66 159 152 145 89 33 121 165 90 133 58 
130 10 105 124 43 86 19 134 138 22 152 65 136 119 151 111 23 168 128 73 109 36 126 30 5 75 113 132 12 3 70 41 169 14 114 99 28 72 137 24 165 59 76 131 153 142 1 16 159 78 88 68 97 64 44 125 58 47 0 92 122 62 35 84 45 80 171 20 108 85 161 50 144 82 166 74 17 49 140 98 18 103 21 123 52 63 127 94 102 34 54 146 164 117 90 158 77 118 8 66 13 56 139 83 93 163 143 31 53 48 89 157 32 149 15 150 167 7 55 37 39 79 121 107 4 141 29 67 104 57 129 95 9 51 60 26 147 154 160 156 162 25 87 96 174 81 155 
131 24 66 3 5 57 144 161 34 52 94 100 12 79 43 0 142 126 19 25 10 119 143 134 48 51 6 68 76 136 49 172 99 74 71 4 130 111 88 93 145 173 157 37 160 118 95 141 72 112 56 32 110 8 148 60 91 69 139 132 1 90 156 140 16 15 159 42 151 40 174 21 155 26 129 137 115 85 105 101 7 65 62 73 18 47 63 103 30 81 36 58 41 117 113 53 28 120 75 164 154 150 104 14 70 44 97 166 9 29 167 109 22 116 59 127 77 82 45 2 84 13 89 31 35 87 86 33 158 55 138 23 83 163 121 133 92 17 54 153 162 146 114 38 67 
132 109 99 47 7 86 21 70 139 50 76 55 104 127 134 2 30 66 156 102 60 27 32 65 160 44 4 130 16 110 96 172 121 122 141 155 115 33 164 144 26 93 6 173 125 126 111 90 154 157 143 78 159 161 171 131 36 98 62 117 59 63 19 128 51 113 101 8 49 11 68 152 46 119 5 34 92 64 53 13 38 0 108 129 74 10 147 25 88 81 23 103 31 146 12 48 168 162 137 123 18 14 140 75 61 151 58 29 97 9 80 89 73 112 135 85 37 106 71 107 41 79 165 136 17 116 149 95 69 174 82 120 138 52 124 100 153 105 166 40 114 42 22 24 77 35 39 3 91 72 
133 107 31 30 85 0 96 161 125 149 79 20 14 12 19 8 165 108 35 119 146 173 148 9 101 42 152 158 46 37 140 39 83 91 156 58 55 41 151 25 43 57 70 51 166 104 33 162 134 109 11 90 142 168 75 106 78 40 127 4 53 84 56 23 28 3 136 77 86 103 117 94 69 113 49 97 82 139 68 87 164 71 50 167 98 122 88 89 105 45 112 118 160 157 48 1 38 24 76 121 170 26 138 92 36 13 21 110 64 80 144 123 73 7 62 5 102 17 66 44 47 174 22 100 61 34 15 63 81 131 54 147 126 27 143 10 59 137 120 93 65 115 145 99 74 116 155 6 52 129 32 2 60 
134 122 88 62 157 16 86 130 28 50 118 56 57 14 98 153 15 132 70 155 3 117 4 112 13 131 103 59 20 147 30 136 9 96 94 101 124 149 34 142 40 171 128 116 69 167 166 127 63 64 91 84 73 161 133 164 152 25 165 85 0 148 97 109 90 72 8 42 120 2 32 145 21 78 79 81 7 129 52 104 22 35 144 1 39 77 173 92 6 110 115 168 61 107 146 113 10 159 121 80 126 172 170 23 46 100 93 5 38 67 139 119 49 53 138 48 71 60 150 12 27 135 99 137 26 54 163 125 37 43 151 102 106 18 41 24 66 11 83 114 74 156 140 160 95 44 45 141 82 58 111 89 
135 29 123 145 142 39 158 6 124 138 32 15 100 55 120 65 62 9 48 77 93 72 46 4 171 45 19 153 109 78 81 90 141 139 167 143 97 114 170 18 74 83 168 54 103 101 52 87 161 47 140 94 110 169 7 126 118 92 127 12 148 119 44 16 24 33 165 51 34 102 71 28 14 112 98 67 13 20 53 26 82 172 3 56 2 40 76 60 23 121 27 115 8 75 113 35 17 50 21 38 151 99 105 173 154 5 162 132 30 129 174 25 0 159 58 134 96 73 69 42 68 1 85 22 108 146 122 89 106 10 116 137 91 156 49 166 149 70 104 61 63 125 36 84 43 107 155 
136 137 66 126 3 61 12 52 35 152 39 109 31 103 130 6 47 91 65 15 21 14 26 148 24 134 131 174 124 168 102 22 165 73 127 49 33 114 93 67 57 60 41 70 19 129 46 28 110 92 128 42 147 38 29 162 96 83 166 74 77 25 156 7 89 133 154 167 145 140 144 143 18 50 81 55 10 94 69 5 84 54 112 37 138 153 17 99 51 111 113 63 68 85 117 169 16 160 163 30 105 88 87 173 159 9 0 146 139 104 1 164 101 79 125 119 71 132 2 108 32 40 20 45 100 8 23 53 95 75 170 116 13 76 172 115 90 151 58 155 4 62 157 122 56 43 64 72 120 150 34 
137 136 20 146 40 93 69 99 161 108 126 57 28 58 114 0 27 86 153 167 143 160 102 80 62 89 32 170 55 81 154 54 113 38 56 130 121 77 100 88 162 50 17 138 46 119 141 151 83 115 59 51 12 129 61 103 35 142 155 37 78 22 9 64 74 150 95 79 16 23 90 131 174 7 163 11 148 169 2 8 34 109 116 98 144 68 82 110 158 132 152 164 63 1 171 166 159 29 106 157 67 123 13 122 75 118 5 47 139 39 97 43 120 147 111 41 125 156 168 172 60 134 3 6 91 96 72 18 94 124 36 30 70 145 135 19 112 4 71 117 173 45 133 105 52 128 73 66 165 84 85 
138 151 20 119 124 135 125 79 130 112 162 62 24 30 159 48 67 7 91 11 93 36 28 106 128 172 14 34 43 77 5 137 145 53 60 170 98 35 104 96 102 99 105 74 174 109 37 95 56 92 42 126 149 70 144 111 146 116 161 38 166 173 51 59 168 2 142 140 76 18 25 80 45 63 13 163 66 22 143 117 136 150 84 31 64 69 27 115 147 122 0 118 1 100 154 81 123 120 8 152 133 94 52 55 78 134 57 113 103 165 155 129 40 121 33 39 19 32 97 171 110 87 75 108 72 54 132 88 127 131 82 26 73 167 58 83 86 21 141 65 44 9 90 164 160 85 10 29 
139 38 113 55 60 9 122 132 15 107 53 31 24 97 99 140 67 20 72 13 7 61 145 101 102 63 85 51 173 135 79 42 44 166 76 16 167 151 40 52 19 93 111 120 71 25 118 3 108 10 37 45 87 26 155 69 39 163 98 70 131 88 56 43 17 95 18 49 54 30 21 105 62 159 150 5 28 133 164 8 157 121 1 65 126 32 112 58 73 174 100 147 91 86 57 143 46 172 127 4 153 80 149 41 104 83 82 146 134 74 114 125 169 161 130 0 137 124 144 96 117 103 136 66 47 162 142 94 160 90 119 2 89 68 106 116 158 22 36 110 92 75 154 50 171 156 34 59 77 109 115 152 
140 81 44 149 156 112 94 20 64 53 3 93 101 70 11 2 173 17 139 58 38 97 165 146 100 145 73 167 129 78 75 172 133 26 87 116 92 39 18 76 150 95 24 90 152 141 106 155 34 48 54 121 27 135 148 59 72 43 85 29 79 104 161 131 50 154 170 164 77 21 33 30 15 136 138 22 14 96 124 160 57 171 25 23 115 10 130 40 107 0 41 122 105 128 61 91 119 132 71 65 16 109 49 80 1 60 35 32 62 111 13 4 68 126 102 7 123 142 63 110 9 52 31 166 168 8 74 114 159 108 147 12 143 117 144 56 45 51 36 5 28 134 86 82 127 113 99 6 125 46 169 89 103 157 
141 90 166 150 59 111 159 100 23 129 40 110 43 151 169 145 102 155 0 6 154 93 20 28 104 64 115 135 122 170 126 125 76 77 142 10 101 14 35 74 120 2 21 78 168 132 113 80 9 16 119 172 137 152 149 140 86 32 51 131 164 7 33 99 73 1 37 12 89 128 56 173 34 107 27 82 45 116 87 88 171 95 15 26 13 69 46 153 162 70 31 24 8 81 160 118 79 4 92 61 85 96 18 60 165 49 65 19 29 106 11 36 63 108 55 62 143 25 5 41 109 103 130 121 124 54 161 97 163 83 53 47 123 174 156 48 30 39 52 138 17 134 114 3 112 91 71 
142 135 147 156 113 60 151 120 161 171 150 1 153 18 131 72 104 170 62 10 157 51 78 141 6 63 119 71 134 97 12 76 3 130 52 166 9 174 92 133 102 149 127 137 118 26 58 5 100 75 27 164 94 46 22 49 152 15 138 101 155 55 114 128 82 28 169 56 74 129 116 35 87 61 148 65 98 89 37 16 29 90 13 167 145 103 81 91 105 45 77 21 53 159 11 50 115 66 64 107 160 34 67 139 158 80 0 140 30 154 123 2 112 33 32 99 69 110 124 20 38 54 168 14 79 143 126 24 42 93 59 23 146 31 163 68 109 17 70 44 48 40 
143 77 170 95 56 49 34 80 120 109 96 41 44 128 144 105 116 154 159 51 174 137 83 131 45 135 1 165 10 126 35 2 46 125 153 152 81 66 31 40 82 146 99 27 58 91 132 108 127 85 160 157 62 37 20 33 18 124 64 145 43 63 48 136 79 59 163 65 19 12 55 0 67 110 88 107 148 138 97 26 7 115 156 162 114 32 121 106 90 21 117 100 36 76 155 139 93 147 87 98 61 94 168 103 173 130 11 57 5 72 16 13 102 113 129 22 24 60 8 141 151 68 122 161 119 25 4 167 111 140 133 172 142 9 39 73 164 166 54 50 78 74 29 15 84 52 17 89 53 169 86 14 
144 128 29 2 22 1 129 131 122 49 118 151 81 27 143 71 119 33 64 159 156 43 87 72 38 52 173 24 34 94 58 89 174 15 115 97 132 20 84 4 169 147 91 102 107 149 25 79 161 172 30 96 65 138 35 31 78 21 55 98 56 8 104 121 136 120 80 130 134 117 67 166 85 93 153 7 137 154 125 101 18 127 10 145 62 45 73 40 41 92 39 146 148 13 32 163 42 59 158 88 83 90 133 60 37 139 69 105 167 170 123 51 44 28 99 126 23 160 75 53 140 109 171 150 9 6 54 86 155 36 100 17 5 168 46 61 162 19 116 76 106 66 
145 135 101 82 124 170 46 96 172 4 146 122 141 18 49 100 56 48 23 25 153 36 45 139 1 80 17 67 140 163 107 168 171 59 154 68 120 35 81 11 138 114 12 0 69 20 131 166 15 162 53 156 85 111 31 9 152 37 16 97 102 83 149 6 64 32 151 134 125 143 136 113 79 66 128 24 84 98 78 110 104 99 30 43 89 57 73 26 3 126 147 88 8 54 77 144 22 65 71 142 115 58 165 19 76 60 161 2 155 95 105 34 33 13 70 74 87 29 106 21 94 61 91 169 92 137 159 123 63 174 109 7 157 55 62 5 75 39 164 86 108 42 127 44 41 47 27 129 90 38 133 14 160 40 118 72 148 
146 94 137 90 74 109 19 174 145 52 113 98 6 166 148 133 83 35 171 169 21 18 140 15 157 116 29 152 121 99 9 114 82 80 84 0 7 89 16 155 124 31 96 62 14 107 117 149 150 120 167 104 143 53 61 92 24 77 138 28 115 153 58 108 67 170 54 66 95 43 110 25 119 30 79 34 132 165 42 134 22 64 3 156 56 102 147 123 130 73 161 111 101 57 47 88 44 144 91 37 139 17 51 163 11 100 151 125 136 85 97 118 158 112 126 127 48 23 59 75 1 135 26 103 78 93 20 86 63 70 164 71 27 131 142 40 50 8 45 87 122 128 36 46 
147 93 164 142 99 97 148 60 95 18 151 29 78 124 84 112 15 70 150 101 156 90 134 79 27 117 171 52 53 22 115 106 11 114 46 4 37 144 172 91 47 105 38 5 75 72 136 13 110 89 14 34 74 65 71 129 123 167 163 2 3 10 45 85 88 100 166 132 119 149 0 55 145 82 33 155 116 35 16 154 158 138 32 139 77 40 92 146 86 173 64 152 107 160 143 96 122 83 41 111 26 25 159 108 57 137 59 50 48 67 56 39 126 49 42 7 28 120 9 69 62 36 6 51 81 63 30 23 76 103 61 20 140 8 133 174 94 66 127 170 31 130 102 162 44 73 21 168 87 19 
148 32 129 59 157 20 47 17 156 147 27 74 55 101 24 105 115 159 146 112 41 133 52 12 113 122 136 150 68 26 39 118 49 89 9 160 79 53 90 36 109 73 127 62 70 120 163 95 46 38 84 169 91 126 29 166 134 14 158 8 140 44 131 40 37 164 43 104 22 6 135 87 155 2 128 151 125 60 137 81 67 171 143 142 173 11 19 18 85 10 7 69 80 83 54 58 61 144 5 42 92 35 21 3 65 102 66 110 78 167 1 13 63 170 93 25 48 34 56 99 97 114 71 88 168 162 45 75 103 165 76 0 117 154 82 64 149 28 86 4 152 100 23 50 145 
149 23 59 52 62 87 140 54 95 25 4 10 133 44 102 80 55 57 9 45 36 20 51 114 73 40 112 27 28 21 83 134 47 99 46 90 110 26 115 161 77 76 94 85 141 169 146 38 2 144 142 6 173 138 164 78 106 58 19 93 5 145 92 150 86 74 1 98 33 79 126 14 68 37 108 7 12 156 67 171 17 61 84 147 35 15 13 48 128 123 127 96 162 89 122 53 72 139 42 100 153 163 34 70 117 158 22 113 29 159 66 88 154 18 30 24 116 174 130 120 132 82 39 64 151 71 105 125 119 167 65 152 8 104 97 160 135 118 3 49 69 56 121 91 148 168 172 
150 157 84 20 141 59 129 115 125 9 67 55 63 128 93 40 142 36 85 78 68 117 17 162 74 77 41 58 119 95 113 102 62 147 52 30 148 51 37 124 5 32 34 31 114 50 104 140 156 92 105 151 169 81 146 172 76 101 45 80 47 6 73 174 171 154 111 165 137 14 39 163 149 110 100 139 83 168 11 90 65 12 26 8 106 0 164 138 69 87 10 96 61 89 70 121 79 116 158 153 118 13 167 94 131 56 134 4 29 22 57 42 48 130 44 155 122 99 75 98 25 160 120 7 27 173 28 170 82 16 15 112 3 64 38 144 35 86 66 19 18 88 72 46 21 161 136 1 123 
151 60 138 64 101 6 68 65 117 66 48 141 144 95 142 75 147 130 77 109 79 98 50 0 38 104 25 11 78 46 19 12 69 72 8 94 92 115 139 165 87 53 105 171 160 74 133 173 91 150 20 54 85 129 137 34 57 56 23 99 70 106 158 26 159 16 93 33 125 90 145 131 108 167 112 96 52 55 107 148 59 81 162 17 169 29 157 161 44 62 119 10 110 7 83 154 80 132 82 27 31 39 135 100 28 36 22 163 30 153 152 121 43 146 73 45 168 40 172 5 143 156 51 134 122 149 170 4 9 166 88 1 47 14 136 111 63 128 123 61 174 84 86 
152 35 97 115 174 114 136 64 55 38 130 156 99 125 69 43 170 169 60 126 133 109 146 13 104 87 88 92 8 46 63 14 159 127 108 33 121 62 50 90 34 141 118 140 4 143 145 10 73 24 134 96 41 116 122 71 160 77 1 22 52 102 49 25 15 56 21 142 20 132 161 84 112 18 57 26 79 67 124 110 51 89 27 123 44 6 98 93 137 95 85 165 17 106 66 154 163 39 61 54 147 167 83 75 138 16 72 128 59 173 151 12 11 101 19 117 68 120 53 86 65 172 153 157 107 42 80 37 9 78 94 29 45 171 81 74 149 82 36 40 166 119 3 113 164 7 76 31 129 168 100 70 47 58 148 91 28 139 
153 172 173 160 163 127 57 52 51 120 13 54 15 78 49 92 134 33 76 73 142 88 135 145 137 30 70 53 68 19 166 157 43 81 95 111 64 169 116 94 96 117 154 165 37 108 45 112 22 130 7 168 77 97 98 102 143 17 115 110 93 62 107 101 72 167 55 44 31 23 146 12 46 75 59 141 50 105 29 79 66 26 58 40 144 47 136 164 113 61 56 18 86 162 32 119 125 85 139 170 69 156 34 65 106 149 150 174 158 20 4 151 159 38 14 74 1 25 126 10 152 122 28 80 24 89 128 21 114 42 132 99 123 129 36 63 2 121 82 0 90 11 131 71 9 60 91 3 87 27 35 
154 55 79 89 72 54 85 107 123 70 58 129 4 28 62 1 117 25 143 33 32 141 166 97 73 53 14 164 6 21 81 137 153 5 68 87 145 106 27 114 71 163 110 161 15 94 111 92 108 100 7 102 132 19 24 88 150 69 160 46 20 86 90 60 173 96 140 136 41 128 169 8 80 99 51 38 31 104 165 49 83 172 91 98 3 29 171 156 144 103 158 17 75 101 168 147 22 42 151 159 152 2 120 138 162 113 13 119 174 135 84 63 45 109 44 131 0 18 48 59 149 124 82 35 122 9 36 115 157 142 61 67 50 125 76 139 47 77 167 93 148 39 130 116 95 10 121 23 
155 62 111 59 63 3 20 66 58 9 74 54 57 141 134 32 83 42 31 95 158 84 121 75 173 29 68 87 116 122 96 132 108 105 69 119 164 78 146 64 38 109 97 28 140 77 10 139 61 25 22 49 137 101 89 1 161 92 98 128 0 39 93 56 48 43 33 131 148 72 142 47 2 100 159 41 17 19 4 73 30 170 171 55 36 5 147 99 166 102 143 44 27 115 113 45 163 67 160 51 76 85 168 123 118 18 145 138 117 46 15 60 103 156 172 150 12 82 35 21 11 24 120 125 16 23 157 114 104 14 136 80 127 8 81 94 37 144 26 124 34 52 86 167 50 133 7 135 130 
156 75 113 53 129 89 107 90 82 68 44 18 67 142 140 172 6 148 162 71 88 114 152 57 4 117 9 119 132 120 29 158 165 40 147 144 49 159 1 99 164 36 26 58 105 102 163 133 169 150 145 125 166 124 108 62 110 38 59 116 51 81 16 45 50 104 25 74 22 93 131 2 136 63 31 123 101 39 103 77 20 70 47 174 13 19 96 17 41 149 84 24 154 143 23 73 12 146 55 91 42 78 27 21 32 115 61 43 170 34 153 5 60 0 128 109 28 167 155 137 86 56 3 92 48 10 106 15 33 151 85 79 127 94 66 135 76 126 111 134 141 97 161 122 139 157 7 130 87 30 8 64 160 118 
157 150 95 119 148 27 34 134 110 75 86 5 97 72 17 169 63 64 100 166 51 92 33 115 142 93 167 146 153 160 94 112 36 123 163 69 4 59 117 71 52 67 131 35 49 116 104 32 102 73 99 3 132 65 82 24 143 78 58 29 98 85 107 106 126 1 44 79 122 12 121 90 42 28 124 139 53 20 37 45 151 60 14 133 77 159 88 91 173 111 125 38 30 83 162 103 15 89 61 109 113 137 40 101 87 54 66 13 46 130 172 56 120 152 41 158 127 31 154 25 43 70 155 145 170 47 81 165 108 96 0 50 128 57 136 23 156 7 8 74 48 68 174 80 114 55 18 2 140 118 
158 1 16 35 71 22 58 162 135 82 81 99 50 173 41 26 113 21 72 117 156 155 10 55 133 95 17 61 93 19 85 30 166 33 70 86 37 106 98 9 76 5 28 23 103 32 52 0 24 148 108 151 13 7 51 110 174 79 47 84 6 97 94 111 107 170 96 112 92 83 119 66 62 114 124 159 43 39 46 88 67 29 154 167 137 123 18 171 161 127 147 102 20 109 11 74 104 163 130 8 100 4 54 150 144 14 116 153 149 53 165 160 168 25 120 169 48 56 68 69 128 142 122 157 146 65 38 115 77 75 172 131 139 63 31 34 121 60 90 125 40 105 59 64 57 
159 36 53 167 164 75 46 124 82 4 24 78 141 106 27 67 61 71 21 81 92 16 148 10 138 74 112 54 127 143 2 35 161 15 48 76 107 93 84 144 60 44 156 3 69 166 119 80 8 152 68 89 130 6 25 171 11 28 120 72 47 50 132 151 70 49 31 85 131 99 113 105 14 42 1 12 102 98 139 87 155 33 128 158 56 126 174 172 173 65 66 22 157 121 38 101 134 95 168 154 137 111 96 34 32 153 136 147 149 142 104 51 5 118 55 169 26 30 43 110 135 64 37 83 116 62 94 18 23 73 59 160 97 140 57 123 145 19 29 40 109 45 125 7 108 100 122 129 58 17 77 163 0 
160 19 50 39 153 38 42 41 83 3 98 30 70 44 137 132 56 157 94 148 45 109 100 59 31 20 60 49 167 151 122 0 124 48 131 22 9 174 43 129 90 99 89 143 164 162 12 107 152 154 102 111 127 119 66 172 24 47 105 78 75 140 16 118 95 10 126 53 80 14 34 73 141 54 64 133 35 58 2 37 68 63 17 173 55 103 67 136 165 4 147 1 128 155 169 11 8 7 97 158 29 23 84 25 142 96 65 13 139 161 125 150 171 79 52 91 92 6 72 116 18 159 121 40 106 62 144 170 46 112 61 149 57 33 163 134 15 85 130 168 86 145 138 115 77 123 156 120 26 
161 49 137 52 131 54 133 40 142 29 95 115 96 93 159 58 14 167 74 11 163 3 110 109 116 171 63 80 164 1 79 170 57 44 6 149 111 23 154 134 89 2 135 144 166 65 0 173 39 76 120 132 64 75 9 69 37 67 13 70 102 26 155 140 94 59 138 92 107 129 17 24 77 5 104 152 28 127 130 34 125 124 86 99 21 31 33 119 32 50 169 51 151 55 10 47 78 158 36 146 105 30 91 22 123 103 162 46 88 126 139 145 53 42 38 56 43 100 160 12 165 61 66 174 72 121 7 16 143 18 41 141 68 71 35 73 156 85 62 172 25 81 20 118 168 113 87 101 106 150 98 45 
162 115 124 158 39 1 73 14 9 156 138 23 33 31 84 112 150 48 102 98 172 58 90 55 76 40 19 27 17 12 59 3 137 38 123 104 30 127 54 80 145 16 18 24 7 168 4 22 111 133 50 10 67 71 107 136 45 160 89 93 125 167 86 29 99 128 77 141 173 44 122 170 151 81 47 132 143 65 20 82 96 149 153 116 52 91 51 63 126 75 157 105 154 129 11 95 161 135 74 56 61 100 69 166 79 114 8 139 109 108 78 163 60 26 42 72 2 148 174 94 119 53 117 70 118 88 41 106 97 147 35 131 57 144 130 28 165 68 
163 2 113 64 153 94 85 43 33 28 98 123 90 58 91 37 20 171 15 125 96 121 145 97 161 103 45 16 25 164 47 157 27 18 0 65 156 69 110 11 74 154 100 108 148 61 12 170 72 139 70 109 169 44 80 84 150 102 56 13 99 40 82 147 143 76 89 137 4 138 31 111 68 172 19 42 122 87 36 117 38 106 17 50 46 55 158 59 152 23 136 107 79 81 155 144 149 166 49 14 151 146 54 88 120 127 130 9 52 35 165 83 63 24 26 104 93 119 134 39 1 53 41 168 162 173 51 3 66 131 141 116 67 7 160 22 101 114 92 8 73 29 112 142 167 48 159 75 86 
164 52 159 4 147 106 170 124 96 34 42 93 128 174 67 71 47 172 111 154 18 88 113 27 8 39 121 156 163 57 12 161 155 44 69 90 2 173 132 46 31 48 99 53 110 134 54 141 51 114 81 58 126 149 49 59 160 19 25 167 148 68 65 22 56 142 5 66 127 140 7 20 33 64 17 32 14 21 102 103 82 79 139 91 62 133 89 11 3 150 153 45 112 117 137 108 9 130 171 165 120 119 83 168 80 131 74 41 35 1 70 15 109 125 75 105 116 85 16 36 100 26 107 84 136 97 101 6 28 118 13 0 37 78 94 129 95 86 76 40 115 30 43 122 143 145 38 146 152 29 98 166 138 92 
165 102 92 48 70 166 25 118 133 4 65 16 18 33 79 49 140 156 116 105 91 68 104 170 153 136 6 130 71 151 86 143 5 114 3 108 36 35 88 13 174 34 55 78 17 23 12 57 134 45 85 117 53 60 66 41 107 42 119 59 40 150 15 87 90 97 109 135 43 154 1 8 0 74 37 172 146 124 110 128 54 7 152 2 171 75 126 99 141 164 89 160 125 30 77 145 158 24 103 138 44 31 81 106 29 163 64 84 132 94 113 96 26 161 38 123 11 120 20 9 67 148 157 95 61 27 80 101 122 83 39 32 167 19 162 129 56 46 52 137 
166 119 141 61 60 0 165 101 124 127 43 11 173 64 146 157 121 41 154 68 63 16 153 84 58 80 123 28 158 34 139 128 159 39 71 62 145 85 134 2 156 59 78 66 142 133 25 32 74 129 18 161 148 93 169 98 92 99 118 136 174 31 138 27 52 4 51 90 106 15 88 70 13 81 17 130 147 100 144 1 54 104 72 45 103 114 77 21 23 55 155 69 107 137 117 33 163 38 56 3 6 131 8 162 19 108 48 87 94 9 89 140 112 7 26 111 24 53 167 40 97 79 151 65 109 76 86 132 126 170 5 152 75 135 36 113 14 96 122 12 95 22 143 44 91 102 164 67 30 105 10 83 82 
167 72 49 38 121 159 57 1 39 74 89 34 174 64 109 79 35 128 100 103 75 120 101 137 19 161 16 107 157 140 114 23 135 14 173 10 45 125 37 33 85 6 139 59 122 115 123 160 134 68 87 83 105 88 24 46 36 146 67 118 61 126 153 22 8 164 63 9 53 20 127 3 12 169 162 151 147 136 106 82 15 92 0 27 117 172 91 47 51 66 58 119 55 133 102 112 158 29 62 170 152 142 94 65 116 71 150 168 2 124 18 7 156 131 56 97 28 11 144 148 44 130 104 84 86 99 30 32 166 78 143 110 171 149 96 138 41 154 73 98 40 21 17 155 76 165 163 26 50 108 54 4 69 81 5 
168 26 91 93 103 65 64 44 37 59 171 40 11 94 107 97 130 96 56 57 108 100 24 136 145 104 89 141 83 173 10 153 135 74 170 46 162 126 41 60 128 102 112 133 43 99 124 39 17 33 27 5 79 109 118 110 95 7 9 78 138 129 51 81 150 86 101 45 127 76 30 2 134 80 67 132 6 92 20 72 117 154 159 84 47 29 15 21 12 164 90 115 120 155 143 167 23 122 71 158 0 4 50 22 151 13 62 105 88 137 77 73 1 66 35 123 68 69 38 172 8 140 14 125 163 42 87 85 48 148 49 70 54 19 142 18 58 114 174 75 55 16 63 28 113 152 161 144 160 149 147 25 106 
169 99 55 43 5 124 121 27 117 69 82 56 141 170 65 157 81 11 29 52 20 63 54 120 146 67 45 152 153 97 9 41 130 109 2 83 60 127 111 33 119 32 156 31 150 78 88 149 148 144 51 16 96 122 116 79 166 135 101 115 103 163 12 107 73 35 40 104 113 167 24 77 154 26 47 21 126 59 142 137 19 46 98 151 95 36 161 125 4 118 128 61 75 89 3 136 0 139 160 18 94 70 100 86 114 158 159 90 91 38 93 44 28 57 76 80 172 145 17 71 1 7 13 22 173 62 6 112 106 64 102 8 58 110 53 140 143 171 
170 143 20 117 145 164 25 43 109 86 8 121 169 65 56 71 9 102 54 77 152 33 142 69 141 22 174 24 137 27 165 58 116 37 135 161 19 14 125 138 32 108 97 168 16 163 114 18 41 87 67 53 52 172 72 93 55 171 140 99 158 112 146 1 44 78 70 162 123 84 48 36 106 98 155 79 120 51 115 4 60 61 3 134 133 50 42 6 167 118 76 124 74 13 153 31 10 156 88 113 21 81 173 17 63 100 29 144 40 148 11 15 107 103 35 151 136 150 105 160 128 110 30 57 157 127 101 0 166 89 80 82 73 96 129 147 119 47 64 34 59 122 83 91 38 95 104 
171 37 32 110 22 92 51 129 70 39 48 26 168 35 142 163 107 135 85 146 72 36 31 112 106 98 115 124 60 126 147 145 161 21 134 173 100 40 71 90 151 46 104 95 0 159 10 73 66 118 63 55 86 132 150 94 174 101 170 49 122 96 130 99 47 128 141 77 24 102 140 79 44 121 148 149 41 127 67 154 53 155 80 5 158 165 6 137 76 1 164 42 111 120 116 29 109 84 138 34 11 91 52 160 38 18 89 8 19 78 83 167 56 4 152 69 50 7 57 123 103 144 139 64 82 74 125 117 108 43 87 28 119 169 88 172 12 
172 28 113 128 153 31 108 174 156 17 145 66 52 96 19 164 162 9 94 95 60 99 58 1 138 132 140 131 50 71 59 64 36 141 101 13 147 75 150 62 144 100 26 118 86 170 117 110 84 20 18 124 90 111 109 37 160 42 105 103 0 4 81 167 45 53 54 78 61 154 40 82 163 165 159 135 30 121 125 33 25 10 15 91 76 127 16 134 46 57 120 139 126 107 3 47 8 56 7 123 80 119 65 87 38 89 77 48 122 116 115 129 55 114 6 83 151 157 88 155 98 137 49 173 21 22 152 70 168 24 169 158 44 136 92 93 97 5 34 27 143 112 161 35 51 12 11 23 149 171 
173 26 78 153 34 128 19 63 37 38 101 3 35 18 23 158 56 166 140 123 8 39 133 17 121 95 124 65 45 10 139 29 27 167 155 53 0 144 22 28 112 171 13 118 83 168 11 131 164 151 119 1 66 12 91 76 99 132 114 115 68 42 41 149 24 161 64 43 57 14 138 154 141 49 102 87 46 48 94 162 60 25 134 110 84 122 71 148 159 100 89 70 97 20 127 58 120 50 92 157 77 59 16 5 160 147 47 135 33 32 36 31 4 136 152 62 109 143 170 55 107 104 172 69 126 129 150 61 117 163 54 169 85 51 103 137 52 86 125 7 2 67 40 88 30 113 9 
174 34 97 81 152 41 172 146 164 167 120 107 36 112 118 143 71 55 96 75 50 57 102 39 106 40 170 136 12 125 74 87 47 86 43 88 11 144 165 94 142 13 116 25 37 138 84 160 67 80 18 150 77 166 51 85 158 46 171 31 56 62 72 121 131 60 92 22 129 0 70 156 137 95 28 59 2 115 64 3 4 52 33 159 10 111 45 48 114 23 16 123 122 139 38 58 98 32 9 154 89 68 83 14 65 153 44 49 100 24 135 69 26 149 119 117 54 42 93 133 161 99 91 1 35 132 105 124 128 63 27 108 82 145 147 162 53 66 101 90 126 29 141 168 15 110 21 127 151 78 61 73 30 20 157 130 
