0 27 
0 41 
0 80 
0 109 
0 106 
0 71 
0 10 
0 126 
0 59 
0 159 
0 136 
0 20 
1 75 
1 65 
1 155 
1 64 
1 125 
1 13 
1 187 
1 115 
1 15 
1 27 
1 140 
1 31 
1 189 
1 39 
1 165 
1 50 
1 45 
1 135 
1 25 
1 170 
1 137 
2 62 
2 80 
2 189 
2 14 
2 30 
2 137 
2 68 
2 67 
2 52 
2 113 
3 115 
3 73 
3 107 
3 161 
3 138 
3 144 
3 113 
3 153 
3 18 
3 87 
3 106 
3 121 
3 140 
3 108 
4 119 
4 27 
4 129 
4 114 
4 81 
4 112 
4 159 
4 72 
4 134 
4 178 
4 136 
4 43 
4 142 
4 52 
4 89 
4 38 
4 69 
4 74 
5 36 
5 109 
5 130 
5 57 
5 30 
5 150 
5 24 
5 81 
5 69 
5 103 
5 40 
5 164 
5 171 
5 138 
5 191 
5 131 
6 29 
6 129 
6 143 
6 84 
6 55 
6 43 
6 64 
6 147 
6 60 
6 46 
6 178 
6 175 
6 47 
6 51 
7 167 
7 29 
7 27 
7 158 
7 96 
7 22 
7 183 
7 109 
7 137 
7 84 
7 184 
7 25 
7 59 
7 70 
7 190 
7 114 
7 77 
7 23 
7 163 
7 165 
7 136 
8 85 
8 183 
8 172 
8 50 
8 118 
8 90 
8 155 
8 170 
8 102 
8 122 
8 74 
8 149 
8 68 
8 77 
8 27 
8 108 
8 62 
8 163 
8 67 
8 191 
9 71 
9 133 
9 189 
9 129 
9 92 
9 32 
9 108 
9 156 
9 83 
9 148 
9 89 
9 171 
9 58 
9 191 
9 90 
9 87 
10 22 
10 41 
10 34 
10 90 
10 143 
10 72 
10 126 
10 129 
10 50 
10 94 
10 0 
10 78 
10 68 
10 97 
10 170 
10 19 
10 31 
10 163 
11 37 
11 129 
11 189 
11 73 
11 149 
11 119 
11 162 
11 114 
11 188 
11 41 
11 50 
11 118 
11 20 
11 138 
11 35 
12 70 
12 88 
12 152 
12 40 
12 28 
12 26 
12 174 
12 69 
12 177 
12 38 
12 44 
12 53 
12 132 
12 32 
12 153 
12 137 
12 181 
12 157 
12 142 
13 46 
13 92 
13 167 
13 134 
13 99 
13 179 
13 1 
13 33 
13 117 
13 48 
13 126 
13 86 
13 190 
13 38 
13 182 
13 93 
13 88 
14 103 
14 137 
14 98 
14 132 
14 22 
14 55 
14 173 
14 87 
14 131 
14 2 
14 117 
14 15 
15 110 
15 56 
15 113 
15 182 
15 89 
15 92 
15 190 
15 139 
15 23 
15 1 
15 76 
15 172 
15 145 
15 173 
15 51 
15 14 
16 187 
16 48 
16 133 
16 122 
16 60 
16 172 
16 56 
16 162 
16 158 
16 44 
16 83 
16 188 
16 157 
16 135 
16 101 
16 167 
16 34 
16 64 
16 97 
16 159 
16 171 
16 51 
17 114 
17 152 
17 21 
17 44 
17 57 
17 30 
17 19 
17 75 
17 35 
17 157 
17 178 
17 151 
18 81 
18 67 
18 109 
18 183 
18 178 
18 97 
18 38 
18 148 
18 120 
18 96 
18 64 
18 151 
18 107 
18 3 
18 128 
18 47 
18 89 
18 42 
18 39 
18 134 
18 188 
18 180 
18 124 
18 113 
19 122 
19 38 
19 33 
19 167 
19 26 
19 57 
19 17 
19 141 
19 10 
19 28 
19 114 
19 29 
19 47 
20 166 
20 22 
20 131 
20 95 
20 188 
20 141 
20 86 
20 97 
20 185 
20 176 
20 43 
20 126 
20 28 
20 161 
20 11 
20 75 
20 172 
20 0 
20 47 
21 85 
21 121 
21 188 
21 134 
21 76 
21 185 
21 62 
21 17 
21 149 
21 41 
21 51 
21 153 
21 151 
21 168 
21 88 
21 158 
21 24 
21 191 
22 20 
22 177 
22 10 
22 43 
22 141 
22 14 
22 90 
22 102 
22 185 
22 7 
22 75 
22 100 
22 176 
22 164 
22 53 
22 60 
22 85 
22 122 
22 89 
22 33 
23 46 
23 31 
23 79 
23 77 
23 48 
23 88 
23 15 
23 116 
23 191 
23 35 
23 138 
23 149 
23 68 
23 7 
23 166 
24 82 
24 87 
24 148 
24 125 
24 151 
24 75 
24 117 
24 38 
24 40 
24 5 
24 156 
24 104 
24 169 
24 114 
24 132 
24 91 
24 171 
24 48 
24 30 
24 123 
24 69 
24 21 
24 170 
25 66 
25 139 
25 137 
25 105 
25 68 
25 153 
25 184 
25 70 
25 129 
25 116 
25 64 
25 83 
25 7 
25 156 
25 160 
25 1 
25 54 
26 121 
26 71 
26 73 
26 120 
26 157 
26 181 
26 19 
26 12 
26 147 
26 29 
26 155 
26 88 
26 74 
26 55 
26 154 
26 175 
26 58 
26 187 
26 65 
26 35 
26 101 
26 180 
26 145 
26 130 
26 150 
26 131 
26 66 
26 141 
26 99 
27 4 
27 174 
27 116 
27 124 
27 0 
27 7 
27 176 
27 39 
27 180 
27 186 
27 1 
27 150 
27 121 
27 109 
27 113 
27 8 
27 165 
27 158 
27 28 
27 99 
27 185 
27 178 
28 68 
28 164 
28 78 
28 38 
28 12 
28 188 
28 55 
28 34 
28 84 
28 128 
28 53 
28 20 
28 59 
28 19 
28 27 
28 171 
28 175 
28 85 
28 157 
29 6 
29 86 
29 160 
29 37 
29 7 
29 135 
29 95 
29 186 
29 64 
29 32 
29 107 
29 151 
29 26 
29 189 
29 178 
29 164 
29 116 
29 174 
29 80 
29 126 
29 19 
29 134 
29 84 
30 114 
30 156 
30 51 
30 67 
30 5 
30 179 
30 151 
30 134 
30 169 
30 137 
30 136 
30 65 
30 92 
30 17 
30 94 
30 105 
30 2 
30 24 
30 45 
30 181 
30 47 
30 142 
31 174 
31 23 
31 36 
31 167 
31 69 
31 82 
31 85 
31 50 
31 1 
31 150 
31 66 
31 10 
31 149 
31 54 
31 129 
31 112 
32 125 
32 29 
32 136 
32 151 
32 9 
32 63 
32 92 
32 168 
32 164 
32 70 
32 150 
32 143 
32 123 
32 12 
32 182 
32 186 
32 155 
32 142 
32 166 
32 139 
33 49 
33 65 
33 191 
33 135 
33 152 
33 123 
33 60 
33 59 
33 19 
33 44 
33 105 
33 70 
33 13 
33 90 
33 171 
33 181 
33 72 
33 77 
33 162 
33 128 
33 22 
33 149 
33 147 
33 36 
34 155 
34 64 
34 10 
34 61 
34 100 
34 48 
34 70 
34 52 
34 106 
34 28 
34 119 
34 109 
34 68 
34 99 
34 161 
34 92 
34 159 
34 114 
34 16 
34 53 
34 39 
35 157 
35 73 
35 60 
35 69 
35 66 
35 172 
35 23 
35 167 
35 17 
35 168 
35 26 
35 131 
35 132 
35 67 
35 123 
35 11 
35 133 
35 63 
35 135 
35 121 
35 83 
35 145 
36 63 
36 5 
36 127 
36 161 
36 31 
36 150 
36 37 
36 171 
36 116 
36 73 
36 141 
36 162 
36 103 
36 117 
36 181 
36 70 
36 147 
36 170 
36 105 
36 49 
36 137 
36 144 
36 33 
37 61 
37 29 
37 36 
37 11 
37 93 
37 186 
37 57 
37 49 
37 166 
37 55 
37 188 
37 102 
37 71 
37 183 
37 48 
37 132 
37 77 
38 86 
38 154 
38 19 
38 75 
38 18 
38 28 
38 169 
38 137 
38 24 
38 12 
38 172 
38 65 
38 80 
38 171 
38 4 
38 148 
38 142 
38 13 
38 122 
38 83 
38 70 
38 125 
38 156 
39 45 
39 157 
39 112 
39 139 
39 27 
39 90 
39 62 
39 1 
39 69 
39 18 
39 124 
39 135 
39 91 
39 50 
39 150 
39 34 
40 130 
40 44 
40 160 
40 156 
40 12 
40 172 
40 92 
40 81 
40 45 
40 24 
40 71 
40 5 
40 175 
40 114 
40 132 
41 68 
41 0 
41 133 
41 10 
41 118 
41 94 
41 48 
41 131 
41 165 
41 21 
41 88 
41 117 
41 96 
41 120 
41 11 
41 139 
41 87 
41 106 
41 102 
41 163 
41 80 
41 166 
42 80 
42 69 
42 127 
42 154 
42 165 
42 88 
42 140 
42 189 
42 143 
42 49 
42 48 
42 114 
42 174 
42 78 
42 71 
42 18 
42 92 
42 168 
42 166 
42 72 
42 178 
43 59 
43 22 
43 45 
43 80 
43 120 
43 70 
43 49 
43 20 
43 4 
43 6 
43 95 
43 67 
43 69 
43 89 
43 188 
43 178 
43 138 
44 62 
44 40 
44 116 
44 47 
44 163 
44 87 
44 33 
44 126 
44 132 
44 96 
44 124 
44 17 
44 123 
44 16 
44 164 
44 12 
44 143 
44 134 
44 133 
44 172 
45 39 
45 100 
45 122 
45 165 
45 43 
45 91 
45 60 
45 66 
45 188 
45 120 
45 132 
45 74 
45 40 
45 52 
45 166 
45 140 
45 138 
45 178 
45 30 
45 1 
45 183 
46 23 
46 13 
46 184 
46 145 
46 178 
46 109 
46 144 
46 70 
46 49 
46 160 
46 182 
46 6 
46 181 
47 117 
47 44 
47 92 
47 119 
47 179 
47 75 
47 18 
47 150 
47 169 
47 6 
47 30 
47 19 
47 20 
48 71 
48 148 
48 141 
48 189 
48 70 
48 16 
48 171 
48 41 
48 34 
48 75 
48 182 
48 23 
48 178 
48 172 
48 13 
48 133 
48 128 
48 42 
48 112 
48 24 
48 116 
48 37 
48 154 
48 156 
49 33 
49 178 
49 89 
49 61 
49 75 
49 111 
49 119 
49 46 
49 183 
49 154 
49 99 
49 37 
49 43 
49 90 
49 42 
49 138 
49 91 
49 133 
49 36 
49 144 
49 77 
50 110 
50 60 
50 8 
50 148 
50 190 
50 167 
50 152 
50 140 
50 85 
50 172 
50 10 
50 100 
50 31 
50 79 
50 11 
50 96 
50 1 
50 146 
50 39 
50 68 
50 87 
50 65 
51 147 
51 86 
51 30 
51 142 
51 186 
51 191 
51 84 
51 96 
51 72 
51 69 
51 149 
51 21 
51 152 
51 143 
51 126 
51 188 
51 123 
51 93 
51 70 
51 15 
51 6 
51 16 
51 167 
51 115 
52 150 
52 76 
52 163 
52 110 
52 103 
52 34 
52 45 
52 4 
52 60 
52 153 
52 156 
52 68 
52 179 
52 118 
52 2 
53 158 
53 65 
53 120 
53 101 
53 189 
53 183 
53 146 
53 12 
53 91 
53 130 
53 28 
53 184 
53 68 
53 34 
53 138 
53 22 
53 61 
53 111 
53 179 
54 151 
54 70 
54 77 
54 117 
54 84 
54 169 
54 139 
54 97 
54 76 
54 122 
54 103 
54 31 
54 175 
54 106 
54 113 
54 25 
55 125 
55 56 
55 99 
55 161 
55 103 
55 14 
55 143 
55 69 
55 104 
55 176 
55 28 
55 86 
55 6 
55 112 
55 151 
55 174 
55 26 
55 83 
55 37 
55 170 
55 89 
56 65 
56 55 
56 73 
56 112 
56 15 
56 79 
56 61 
56 140 
56 16 
56 119 
56 180 
56 97 
56 76 
56 129 
56 169 
56 167 
56 101 
56 105 
57 141 
57 79 
57 5 
57 128 
57 37 
57 121 
57 75 
57 17 
57 158 
57 85 
57 19 
57 173 
57 170 
57 105 
57 151 
58 176 
58 105 
58 181 
58 180 
58 113 
58 144 
58 79 
58 149 
58 26 
58 9 
58 86 
58 94 
59 43 
59 131 
59 33 
59 130 
59 88 
59 174 
59 147 
59 153 
59 76 
59 28 
59 7 
59 0 
59 191 
59 170 
60 111 
60 50 
60 149 
60 71 
60 33 
60 35 
60 16 
60 45 
60 74 
60 89 
60 6 
60 52 
60 119 
60 22 
60 140 
60 62 
61 37 
61 179 
61 34 
61 49 
61 158 
61 56 
61 187 
61 160 
61 119 
61 92 
61 90 
61 131 
61 154 
61 121 
61 124 
61 53 
61 112 
61 137 
62 44 
62 173 
62 169 
62 2 
62 150 
62 21 
62 168 
62 39 
62 183 
62 130 
62 126 
62 8 
62 91 
62 60 
62 109 
62 166 
63 36 
63 131 
63 177 
63 32 
63 186 
63 185 
63 89 
63 187 
63 79 
63 129 
63 144 
63 72 
63 169 
63 35 
63 94 
64 88 
64 165 
64 34 
64 92 
64 1 
64 171 
64 29 
64 18 
64 141 
64 109 
64 177 
64 174 
64 6 
64 25 
64 156 
64 159 
64 16 
64 140 
64 102 
65 56 
65 98 
65 144 
65 33 
65 146 
65 1 
65 162 
65 139 
65 124 
65 142 
65 126 
65 68 
65 53 
65 108 
65 30 
65 86 
65 155 
65 79 
65 38 
65 72 
65 26 
65 80 
65 125 
65 158 
65 122 
65 128 
65 112 
65 50 
66 150 
66 101 
66 25 
66 104 
66 171 
66 130 
66 159 
66 35 
66 45 
66 160 
66 172 
66 173 
66 103 
66 179 
66 31 
66 26 
67 18 
67 102 
67 118 
67 30 
67 131 
67 180 
67 77 
67 166 
67 152 
67 43 
67 137 
67 186 
67 95 
67 128 
67 175 
67 35 
67 2 
67 8 
67 133 
68 152 
68 189 
68 41 
68 28 
68 138 
68 87 
68 119 
68 65 
68 76 
68 111 
68 137 
68 140 
68 25 
68 71 
68 34 
68 143 
68 10 
68 53 
68 8 
68 2 
68 136 
68 161 
68 23 
68 135 
68 52 
68 129 
68 50 
68 162 
68 75 
69 42 
69 78 
69 35 
69 55 
69 31 
69 148 
69 12 
69 51 
69 132 
69 5 
69 43 
69 39 
69 77 
69 4 
69 71 
69 24 
69 176 
69 178 
69 186 
70 48 
70 77 
70 12 
70 161 
70 54 
70 182 
70 46 
70 114 
70 34 
70 33 
70 25 
70 43 
70 188 
70 150 
70 155 
70 93 
70 32 
70 36 
70 180 
70 88 
70 147 
70 142 
70 162 
70 7 
70 51 
70 105 
70 38 
70 120 
71 88 
71 162 
71 141 
71 48 
71 166 
71 9 
71 26 
71 184 
71 60 
71 180 
71 138 
71 68 
71 181 
71 139 
71 40 
71 159 
71 0 
71 130 
71 42 
71 145 
71 174 
71 132 
71 37 
71 69 
71 143 
71 188 
71 125 
72 165 
72 155 
72 109 
72 116 
72 4 
72 10 
72 114 
72 151 
72 51 
72 110 
72 65 
72 172 
72 63 
72 33 
72 175 
72 111 
72 42 
73 187 
73 56 
73 3 
73 35 
73 26 
73 155 
73 11 
73 176 
73 36 
73 111 
73 185 
73 168 
73 126 
73 124 
73 162 
73 190 
73 153 
73 172 
74 136 
74 126 
74 117 
74 104 
74 107 
74 125 
74 75 
74 123 
74 88 
74 191 
74 60 
74 45 
74 26 
74 8 
74 122 
74 140 
74 133 
74 150 
74 167 
74 4 
75 172 
75 1 
75 38 
75 24 
75 49 
75 74 
75 158 
75 48 
75 57 
75 47 
75 184 
75 156 
75 22 
75 80 
75 17 
75 101 
75 111 
75 139 
75 189 
75 89 
75 152 
75 121 
75 20 
75 68 
76 52 
76 68 
76 21 
76 179 
76 81 
76 142 
76 187 
76 151 
76 156 
76 148 
76 86 
76 15 
76 59 
76 54 
76 170 
76 56 
76 140 
77 154 
77 123 
77 70 
77 93 
77 106 
77 132 
77 54 
77 102 
77 23 
77 67 
77 135 
77 113 
77 153 
77 92 
77 133 
77 8 
77 69 
77 33 
77 150 
77 159 
77 7 
77 171 
77 49 
77 144 
77 37 
78 124 
78 112 
78 69 
78 28 
78 173 
78 123 
78 149 
78 80 
78 142 
78 10 
78 42 
78 158 
78 118 
78 100 
79 97 
79 57 
79 115 
79 110 
79 56 
79 23 
79 94 
79 95 
79 125 
79 58 
79 129 
79 65 
79 158 
79 63 
79 166 
79 140 
79 50 
79 185 
80 155 
80 190 
80 42 
80 184 
80 161 
80 0 
80 189 
80 104 
80 43 
80 2 
80 97 
80 191 
80 38 
80 78 
80 75 
80 65 
80 124 
80 142 
80 29 
80 140 
80 41 
81 18 
81 107 
81 97 
81 4 
81 108 
81 76 
81 40 
81 142 
81 5 
81 127 
81 184 
81 175 
81 120 
81 135 
81 99 
81 91 
82 24 
82 121 
82 160 
82 138 
82 85 
82 108 
82 172 
82 109 
82 31 
82 185 
83 116 
83 160 
83 184 
83 105 
83 141 
83 16 
83 55 
83 25 
83 9 
83 169 
83 85 
83 94 
83 38 
83 118 
83 35 
84 98 
84 109 
84 129 
84 100 
84 143 
84 54 
84 6 
84 171 
84 99 
84 51 
84 28 
84 177 
84 140 
84 91 
84 7 
84 178 
84 165 
84 29 
85 8 
85 147 
85 98 
85 115 
85 21 
85 171 
85 139 
85 82 
85 140 
85 50 
85 129 
85 145 
85 184 
85 137 
85 57 
85 127 
85 31 
85 155 
85 183 
85 142 
85 151 
85 83 
85 22 
85 138 
85 28 
85 168 
86 38 
86 184 
86 150 
86 29 
86 157 
86 51 
86 134 
86 55 
86 20 
86 65 
86 131 
86 76 
86 188 
86 173 
86 13 
86 181 
86 58 
86 87 
86 133 
87 24 
87 136 
87 44 
87 68 
87 120 
87 178 
87 183 
87 14 
87 139 
87 3 
87 176 
87 140 
87 41 
87 86 
87 9 
87 50 
88 71 
88 64 
88 140 
88 12 
88 176 
88 42 
88 59 
88 74 
88 102 
88 23 
88 26 
88 41 
88 187 
88 70 
88 105 
88 21 
88 13 
88 177 
88 118 
88 127 
88 147 
89 150 
89 49 
89 15 
89 131 
89 189 
89 177 
89 116 
89 102 
89 187 
89 148 
89 60 
89 63 
89 125 
89 18 
89 109 
89 4 
89 55 
89 9 
89 75 
89 43 
89 183 
89 22 
89 140 
89 120 
90 117 
90 135 
90 186 
90 98 
90 22 
90 10 
90 8 
90 99 
90 155 
90 39 
90 175 
90 33 
90 146 
90 49 
90 61 
90 112 
90 172 
90 164 
90 154 
90 169 
90 174 
90 9 
90 138 
91 177 
91 45 
91 183 
91 148 
91 179 
91 96 
91 84 
91 53 
91 158 
91 49 
91 94 
91 24 
91 118 
91 145 
91 39 
91 81 
91 62 
91 167 
92 162 
92 183 
92 13 
92 47 
92 64 
92 9 
92 40 
92 15 
92 32 
92 94 
92 30 
92 61 
92 34 
92 77 
92 42 
93 186 
93 188 
93 77 
93 37 
93 169 
93 184 
93 106 
93 157 
93 70 
93 180 
93 116 
93 51 
93 13 
93 110 
94 108 
94 41 
94 95 
94 79 
94 179 
94 92 
94 131 
94 174 
94 30 
94 10 
94 103 
94 91 
94 83 
94 97 
94 127 
94 63 
94 58 
95 106 
95 117 
95 20 
95 110 
95 127 
95 171 
95 29 
95 94 
95 161 
95 79 
95 103 
95 131 
95 43 
95 67 
95 166 
95 137 
96 102 
96 100 
96 156 
96 44 
96 18 
96 141 
96 51 
96 7 
96 91 
96 41 
96 140 
96 128 
96 50 
96 119 
96 149 
96 181 
97 181 
97 79 
97 180 
97 81 
97 18 
97 158 
97 20 
97 80 
97 54 
97 56 
97 10 
97 170 
97 16 
97 142 
97 122 
97 149 
97 101 
97 119 
97 94 
97 137 
98 65 
98 84 
98 90 
98 85 
98 14 
98 118 
98 177 
98 123 
98 119 
98 126 
98 190 
98 100 
98 140 
98 181 
99 148 
99 55 
99 90 
99 167 
99 100 
99 13 
99 179 
99 84 
99 135 
99 49 
99 34 
99 81 
99 120 
99 27 
99 111 
99 121 
99 26 
100 45 
100 132 
100 177 
100 96 
100 162 
100 84 
100 34 
100 110 
100 99 
100 147 
100 174 
100 109 
100 160 
100 22 
100 111 
100 50 
100 98 
100 78 
100 173 
100 153 
101 66 
101 159 
101 53 
101 167 
101 131 
101 182 
101 190 
101 177 
101 16 
101 130 
101 75 
101 26 
101 142 
101 97 
101 56 
102 96 
102 169 
102 160 
102 185 
102 67 
102 180 
102 168 
102 77 
102 22 
102 89 
102 8 
102 88 
102 191 
102 181 
102 116 
102 135 
102 37 
102 41 
102 188 
102 64 
103 14 
103 55 
103 52 
103 95 
103 106 
103 66 
103 36 
103 5 
103 94 
103 54 
103 149 
103 154 
103 162 
103 168 
103 139 
104 66 
104 74 
104 138 
104 80 
104 167 
104 55 
104 168 
104 24 
104 154 
104 190 
104 131 
104 170 
105 58 
105 25 
105 164 
105 83 
105 33 
105 191 
105 30 
105 88 
105 145 
105 36 
105 57 
105 70 
105 56 
105 180 
106 95 
106 183 
106 77 
106 142 
106 34 
106 93 
106 0 
106 103 
106 163 
106 191 
106 134 
106 148 
106 129 
106 168 
106 41 
106 3 
106 138 
106 149 
106 184 
106 54 
106 124 
106 159 
107 81 
107 167 
107 113 
107 3 
107 146 
107 74 
107 151 
107 185 
107 29 
107 120 
107 18 
107 144 
107 114 
107 141 
107 111 
108 128 
108 94 
108 165 
108 81 
108 82 
108 109 
108 65 
108 176 
108 133 
108 9 
108 151 
108 167 
108 112 
108 8 
108 3 
109 72 
109 18 
109 169 
109 5 
109 84 
109 116 
109 129 
109 46 
109 180 
109 108 
109 0 
109 134 
109 100 
109 64 
109 34 
109 7 
109 82 
109 89 
109 27 
109 156 
109 125 
109 174 
109 167 
109 62 
110 181 
110 126 
110 15 
110 50 
110 95 
110 178 
110 79 
110 140 
110 100 
110 52 
110 114 
110 190 
110 72 
110 93 
111 60 
111 122 
111 124 
111 137 
111 159 
111 49 
111 68 
111 73 
111 189 
111 183 
111 129 
111 100 
111 75 
111 72 
111 107 
111 53 
111 99 
112 78 
112 56 
112 39 
112 141 
112 169 
112 189 
112 4 
112 128 
112 118 
112 157 
112 55 
112 124 
112 180 
112 155 
112 90 
112 48 
112 113 
112 108 
112 171 
112 166 
112 65 
112 61 
112 31 
113 127 
113 107 
113 15 
113 188 
113 58 
113 140 
113 157 
113 189 
113 77 
113 3 
113 27 
113 179 
113 112 
113 161 
113 167 
113 18 
113 54 
113 2 
113 172 
114 30 
114 17 
114 4 
114 171 
114 169 
114 70 
114 72 
114 156 
114 110 
114 146 
114 190 
114 11 
114 117 
114 42 
114 34 
114 107 
114 24 
114 19 
114 40 
114 127 
114 7 
115 3 
115 79 
115 85 
115 124 
115 148 
115 126 
115 1 
115 131 
115 51 
116 44 
116 72 
116 27 
116 83 
116 154 
116 109 
116 174 
116 166 
116 161 
116 36 
116 89 
116 23 
116 25 
116 93 
116 102 
116 120 
116 29 
116 48 
116 158 
117 90 
117 95 
117 47 
117 178 
117 168 
117 74 
117 24 
117 54 
117 146 
117 13 
117 41 
117 114 
117 36 
117 184 
117 119 
117 163 
117 125 
117 14 
117 135 
118 146 
118 67 
118 98 
118 8 
118 182 
118 41 
118 112 
118 124 
118 158 
118 180 
118 91 
118 151 
118 11 
118 78 
118 52 
118 83 
118 88 
119 4 
119 153 
119 68 
119 47 
119 144 
119 125 
119 49 
119 11 
119 181 
119 61 
119 34 
119 98 
119 56 
119 117 
119 179 
119 60 
119 97 
119 96 
119 152 
120 128 
120 26 
120 165 
120 153 
120 121 
120 18 
120 87 
120 53 
120 45 
120 43 
120 107 
120 159 
120 41 
120 81 
120 116 
120 99 
120 176 
120 70 
120 89 
121 26 
121 82 
121 21 
121 167 
121 120 
121 57 
121 173 
121 124 
121 165 
121 171 
121 181 
121 143 
121 27 
121 61 
121 75 
121 128 
121 189 
121 3 
121 35 
121 99 
122 180 
122 168 
122 45 
122 152 
122 111 
122 19 
122 188 
122 16 
122 124 
122 8 
122 74 
122 54 
122 97 
122 186 
122 65 
122 38 
122 22 
122 172 
123 77 
123 33 
123 177 
123 78 
123 74 
123 44 
123 98 
123 32 
123 51 
123 152 
123 178 
123 24 
123 139 
123 35 
123 142 
124 78 
124 27 
124 125 
124 179 
124 115 
124 111 
124 65 
124 122 
124 163 
124 162 
124 129 
124 44 
124 121 
124 133 
124 112 
124 118 
124 142 
124 73 
124 171 
124 166 
124 61 
124 80 
124 39 
124 148 
124 18 
124 157 
124 153 
124 106 
125 55 
125 180 
125 124 
125 133 
125 24 
125 32 
125 119 
125 74 
125 1 
125 79 
125 167 
125 89 
125 169 
125 65 
125 157 
125 158 
125 109 
125 168 
125 189 
125 181 
125 117 
125 38 
125 71 
126 110 
126 74 
126 185 
126 162 
126 65 
126 44 
126 10 
126 167 
126 130 
126 115 
126 73 
126 98 
126 13 
126 20 
126 190 
126 156 
126 51 
126 0 
126 62 
126 29 
126 171 
127 113 
127 36 
127 156 
127 95 
127 42 
127 180 
127 171 
127 154 
127 85 
127 81 
127 178 
127 114 
127 158 
127 94 
127 88 
128 120 
128 129 
128 108 
128 168 
128 181 
128 112 
128 57 
128 18 
128 28 
128 154 
128 48 
128 146 
128 67 
128 96 
128 121 
128 33 
128 65 
129 128 
129 4 
129 166 
129 6 
129 84 
129 11 
129 109 
129 9 
129 85 
129 124 
129 10 
129 137 
129 165 
129 79 
129 160 
129 130 
129 25 
129 111 
129 159 
129 106 
129 63 
129 56 
129 155 
129 68 
129 31 
130 40 
130 5 
130 66 
130 59 
130 156 
130 126 
130 129 
130 71 
130 53 
130 101 
130 176 
130 143 
130 26 
130 171 
130 62 
131 150 
131 20 
131 63 
131 67 
131 89 
131 59 
131 151 
131 173 
131 101 
131 41 
131 94 
131 86 
131 95 
131 14 
131 115 
131 61 
131 169 
131 35 
131 187 
131 104 
131 26 
131 142 
131 190 
131 5 
132 100 
132 180 
132 166 
132 149 
132 14 
132 181 
132 77 
132 44 
132 45 
132 170 
132 69 
132 156 
132 12 
132 162 
132 167 
132 152 
132 24 
132 157 
132 71 
132 35 
132 40 
132 179 
132 37 
133 125 
133 41 
133 9 
133 16 
133 108 
133 169 
133 124 
133 48 
133 150 
133 77 
133 74 
133 174 
133 49 
133 44 
133 35 
133 67 
133 155 
133 86 
134 163 
134 86 
134 21 
134 30 
134 4 
134 13 
134 109 
134 157 
134 183 
134 175 
134 106 
134 44 
134 18 
134 170 
134 29 
135 90 
135 153 
135 33 
135 29 
135 77 
135 99 
135 145 
135 16 
135 164 
135 81 
135 102 
135 151 
135 39 
135 181 
135 68 
135 35 
135 1 
135 117 
136 74 
136 87 
136 32 
136 30 
136 137 
136 4 
136 162 
136 181 
136 68 
136 0 
136 7 
137 14 
137 25 
137 149 
137 111 
137 147 
137 177 
137 30 
137 68 
137 136 
137 129 
137 38 
137 85 
137 7 
137 141 
137 67 
137 12 
137 2 
137 36 
137 174 
137 95 
137 97 
137 1 
137 61 
138 68 
138 82 
138 104 
138 139 
138 3 
138 184 
138 71 
138 23 
138 49 
138 189 
138 45 
138 53 
138 5 
138 106 
138 11 
138 85 
138 90 
138 43 
139 162 
139 25 
139 39 
139 85 
139 65 
139 189 
139 138 
139 177 
139 185 
139 15 
139 168 
139 71 
139 87 
139 54 
139 140 
139 41 
139 75 
139 123 
139 32 
139 103 
140 153 
140 189 
140 88 
140 110 
140 190 
140 85 
140 167 
140 68 
140 156 
140 144 
140 50 
140 56 
140 42 
140 113 
140 84 
140 160 
140 139 
140 141 
140 152 
140 1 
140 79 
140 148 
140 45 
140 174 
140 74 
140 98 
140 96 
140 170 
140 87 
140 165 
140 60 
140 76 
140 80 
140 89 
140 64 
140 164 
140 3 
141 57 
141 71 
141 48 
141 178 
141 112 
141 22 
141 83 
141 165 
141 172 
141 64 
141 154 
141 20 
141 96 
141 36 
141 140 
141 137 
141 19 
141 167 
141 189 
141 107 
141 26 
142 160 
142 51 
142 65 
142 106 
142 157 
142 76 
142 81 
142 124 
142 4 
142 78 
142 85 
142 70 
142 97 
142 80 
142 38 
142 101 
142 32 
142 131 
142 12 
142 123 
142 150 
142 30 
143 161 
143 164 
143 10 
143 160 
143 55 
143 84 
143 6 
143 159 
143 189 
143 174 
143 121 
143 42 
143 51 
143 68 
143 186 
143 32 
143 44 
143 130 
143 71 
144 65 
144 145 
144 160 
144 149 
144 119 
144 46 
144 140 
144 58 
144 3 
144 171 
144 107 
144 170 
144 63 
144 189 
144 181 
144 49 
144 36 
144 77 
145 144 
145 46 
145 85 
145 165 
145 178 
145 135 
145 15 
145 71 
145 105 
145 26 
145 188 
145 91 
145 190 
145 159 
145 35 
146 65 
146 118 
146 107 
146 167 
146 117 
146 114 
146 152 
146 53 
146 90 
146 128 
146 50 
147 85 
147 51 
147 137 
147 100 
147 155 
147 26 
147 59 
147 189 
147 152 
147 6 
147 176 
147 70 
147 178 
147 36 
147 33 
147 88 
148 99 
148 48 
148 24 
148 50 
148 18 
148 154 
148 91 
148 69 
148 115 
148 89 
148 76 
148 106 
148 180 
148 140 
148 38 
148 9 
148 168 
148 124 
149 60 
149 132 
149 144 
149 166 
149 137 
149 175 
149 11 
149 181 
149 21 
149 187 
149 162 
149 8 
149 78 
149 51 
149 58 
149 97 
149 23 
149 103 
149 153 
149 176 
149 31 
149 106 
149 33 
149 96 
150 66 
150 86 
150 89 
150 131 
150 52 
150 36 
150 62 
150 5 
150 169 
150 70 
150 27 
150 32 
150 47 
150 133 
150 153 
150 74 
150 31 
150 26 
150 77 
150 170 
150 188 
150 142 
150 39 
151 178 
151 161 
151 24 
151 168 
151 30 
151 54 
151 131 
151 107 
151 32 
151 29 
151 72 
151 18 
151 76 
151 55 
151 165 
151 108 
151 21 
151 182 
151 57 
151 135 
151 118 
151 85 
151 17 
152 179 
152 122 
152 68 
152 33 
152 12 
152 50 
152 17 
152 146 
152 67 
152 147 
152 51 
152 140 
152 132 
152 181 
152 75 
152 123 
152 165 
152 177 
152 119 
153 140 
153 119 
153 135 
153 120 
153 25 
153 3 
153 59 
153 21 
153 77 
153 12 
153 181 
153 178 
153 150 
153 73 
153 149 
153 52 
153 124 
153 185 
153 100 
154 77 
154 38 
154 116 
154 42 
154 148 
154 127 
154 141 
154 49 
154 26 
154 128 
154 104 
154 61 
154 189 
154 103 
154 90 
154 156 
154 48 
154 167 
155 72 
155 80 
155 1 
155 34 
155 73 
155 90 
155 147 
155 8 
155 26 
155 65 
155 70 
155 158 
155 85 
155 112 
155 129 
155 32 
155 133 
156 30 
156 127 
156 40 
156 96 
156 140 
156 114 
156 130 
156 176 
156 76 
156 75 
156 162 
156 24 
156 132 
156 9 
156 64 
156 126 
156 109 
156 25 
156 52 
156 188 
156 154 
156 48 
156 161 
156 38 
157 86 
157 39 
157 35 
157 177 
157 180 
157 26 
157 142 
157 134 
157 113 
157 112 
157 93 
157 16 
157 164 
157 174 
157 125 
157 132 
157 17 
157 124 
157 12 
157 28 
158 177 
158 191 
158 169 
158 53 
158 171 
158 61 
158 75 
158 97 
158 7 
158 180 
158 16 
158 57 
158 79 
158 118 
158 155 
158 91 
158 164 
158 78 
158 125 
158 65 
158 27 
158 21 
158 127 
158 116 
159 101 
159 111 
159 4 
159 66 
159 143 
159 120 
159 190 
159 170 
159 129 
159 71 
159 164 
159 34 
159 64 
159 183 
159 0 
159 77 
159 184 
159 182 
159 16 
159 106 
159 145 
160 142 
160 102 
160 29 
160 166 
160 83 
160 40 
160 82 
160 144 
160 143 
160 66 
160 191 
160 61 
160 46 
160 129 
160 100 
160 140 
160 162 
160 168 
160 181 
160 25 
161 143 
161 36 
161 151 
161 70 
161 80 
161 55 
161 116 
161 3 
161 95 
161 185 
161 34 
161 20 
161 113 
161 163 
161 68 
161 178 
161 156 
162 71 
162 92 
162 139 
162 126 
162 65 
162 173 
162 100 
162 124 
162 11 
162 149 
162 16 
162 136 
162 156 
162 36 
162 73 
162 166 
162 132 
162 160 
162 70 
162 33 
162 103 
162 68 
163 44 
163 134 
163 52 
163 191 
163 124 
163 106 
163 161 
163 10 
163 117 
163 8 
163 41 
163 7 
164 143 
164 105 
164 28 
164 189 
164 32 
164 44 
164 29 
164 159 
164 135 
164 5 
164 157 
164 158 
164 22 
164 90 
164 170 
164 140 
165 72 
165 64 
165 179 
165 108 
165 120 
165 45 
165 42 
165 141 
165 129 
165 41 
165 121 
165 145 
165 151 
165 1 
165 27 
165 152 
165 140 
165 7 
165 84 
165 177 
166 20 
166 160 
166 71 
166 132 
166 129 
166 178 
166 116 
166 149 
166 67 
166 185 
166 37 
166 45 
166 162 
166 79 
166 124 
166 95 
166 42 
166 112 
166 32 
166 174 
166 23 
166 41 
166 62 
167 107 
167 186 
167 7 
167 13 
167 121 
167 146 
167 140 
167 99 
167 50 
167 101 
167 104 
167 19 
167 31 
167 169 
167 126 
167 125 
167 35 
167 176 
167 108 
167 16 
167 178 
167 132 
167 141 
167 74 
167 56 
167 109 
167 154 
167 91 
167 113 
167 51 
168 122 
168 117 
168 128 
168 151 
168 102 
168 180 
168 62 
168 139 
168 32 
168 175 
168 104 
168 73 
168 35 
168 106 
168 170 
168 21 
168 190 
168 42 
168 148 
168 125 
168 160 
168 103 
168 85 
169 102 
169 109 
169 112 
169 158 
169 114 
169 30 
169 176 
169 62 
169 93 
169 54 
169 167 
169 38 
169 133 
169 150 
169 171 
169 24 
169 125 
169 83 
169 131 
169 47 
169 63 
169 175 
169 56 
169 170 
169 90 
170 8 
170 159 
170 132 
170 173 
170 172 
170 144 
170 76 
170 168 
170 97 
170 55 
170 10 
170 177 
170 57 
170 140 
170 36 
170 169 
170 59 
170 134 
170 150 
170 188 
170 164 
170 1 
170 24 
170 104 
171 66 
171 95 
171 85 
171 114 
171 36 
171 48 
171 64 
171 158 
171 127 
171 84 
171 144 
171 121 
171 183 
171 33 
171 169 
171 124 
171 38 
171 5 
171 130 
171 9 
171 112 
171 24 
171 16 
171 126 
171 77 
171 28 
172 75 
172 8 
172 180 
172 186 
172 40 
172 16 
172 35 
172 141 
172 50 
172 185 
172 66 
172 82 
172 48 
172 170 
172 38 
172 177 
172 72 
172 15 
172 90 
172 73 
172 44 
172 122 
172 20 
172 113 
173 162 
173 62 
173 14 
173 78 
173 131 
173 121 
173 66 
173 170 
173 181 
173 86 
173 15 
173 57 
173 184 
173 100 
174 27 
174 31 
174 116 
174 59 
174 100 
174 12 
174 94 
174 185 
174 55 
174 64 
174 143 
174 42 
174 140 
174 133 
174 29 
174 189 
174 157 
174 71 
174 109 
174 90 
174 137 
174 166 
174 183 
175 182 
175 149 
175 176 
175 90 
175 134 
175 168 
175 26 
175 81 
175 40 
175 6 
175 169 
175 72 
175 67 
175 177 
175 28 
175 54 
176 58 
176 88 
176 27 
176 169 
176 175 
176 108 
176 73 
176 55 
176 156 
176 20 
176 167 
176 147 
176 22 
176 130 
176 87 
176 149 
176 69 
176 120 
177 187 
177 158 
177 22 
177 100 
177 157 
177 191 
177 123 
177 137 
177 98 
177 91 
177 63 
177 139 
177 89 
177 12 
177 64 
177 84 
177 172 
177 101 
177 170 
177 175 
177 152 
177 88 
177 165 
178 49 
178 189 
178 117 
178 18 
178 151 
178 141 
178 110 
178 166 
178 46 
178 87 
178 4 
178 187 
178 48 
178 29 
178 145 
178 167 
178 153 
178 6 
178 84 
178 147 
178 127 
178 45 
178 17 
178 123 
178 185 
178 43 
178 161 
178 27 
178 69 
178 42 
179 152 
179 191 
179 124 
179 61 
179 165 
179 30 
179 76 
179 47 
179 94 
179 13 
179 99 
179 91 
179 66 
179 113 
179 119 
179 52 
179 53 
179 132 
180 125 
180 122 
180 97 
180 132 
180 157 
180 102 
180 172 
180 71 
180 109 
180 127 
180 58 
180 168 
180 27 
180 67 
180 158 
180 189 
180 112 
180 56 
180 148 
180 118 
180 93 
180 70 
180 26 
180 185 
180 18 
180 105 
181 97 
181 110 
181 58 
181 132 
181 128 
181 26 
181 149 
181 119 
181 190 
181 71 
181 121 
181 173 
181 102 
181 36 
181 153 
181 33 
181 152 
181 136 
181 144 
181 125 
181 135 
181 86 
181 160 
181 30 
181 12 
181 46 
181 96 
181 98 
182 15 
182 175 
182 118 
182 70 
182 48 
182 101 
182 46 
182 32 
182 151 
182 159 
182 13 
183 106 
183 92 
183 8 
183 18 
183 188 
183 91 
183 87 
183 49 
183 134 
183 53 
183 7 
183 171 
183 111 
183 62 
183 85 
183 159 
183 89 
183 37 
183 174 
183 45 
184 86 
184 46 
184 71 
184 80 
184 83 
184 25 
184 138 
184 93 
184 85 
184 75 
184 81 
184 53 
184 117 
184 7 
184 173 
184 159 
184 106 
185 126 
185 102 
185 187 
185 21 
185 107 
185 161 
185 22 
185 139 
185 172 
185 63 
185 166 
185 20 
185 73 
185 174 
185 82 
185 180 
185 79 
185 178 
185 27 
185 153 
186 167 
186 93 
186 90 
186 29 
186 37 
186 51 
186 172 
186 63 
186 27 
186 143 
186 67 
186 32 
186 122 
186 69 
187 73 
187 16 
187 177 
187 185 
187 61 
187 149 
187 89 
187 76 
187 178 
187 1 
187 63 
187 26 
187 88 
187 131 
188 93 
188 113 
188 183 
188 122 
188 20 
188 21 
188 45 
188 28 
188 70 
188 16 
188 86 
188 11 
188 37 
188 51 
188 43 
188 145 
188 18 
188 156 
188 71 
188 102 
188 150 
188 170 
189 178 
189 48 
189 68 
189 140 
189 112 
189 9 
189 139 
189 80 
189 11 
189 89 
189 143 
189 111 
189 164 
189 42 
189 29 
189 53 
189 2 
189 113 
189 147 
189 180 
189 1 
189 138 
189 75 
189 154 
189 174 
189 144 
189 125 
189 141 
189 121 
190 80 
190 140 
190 50 
190 15 
190 181 
190 114 
190 159 
190 110 
190 101 
190 98 
190 104 
190 73 
190 126 
190 168 
190 13 
190 7 
190 145 
190 131 
191 179 
191 158 
191 33 
191 177 
191 163 
191 51 
191 105 
191 160 
191 74 
191 23 
191 102 
191 80 
191 106 
191 59 
191 9 
191 5 
191 8 
191 21 
