0 64 56 74 223 218 153 98 172 62 179 217 90 19 35 82 109 133 186 184 33 49 
1 11 163 100 166 59 80 55 6 144 196 191 114 172 193 33 149 211 65 125 64 134 130 176 
2 210 187 223 20 45 51 65 36 3 89 149 199 21 144 143 177 198 156 216 8 117 190 
3 199 55 100 218 58 216 25 217 135 2 126 113 208 13 163 171 201 
4 147 217 21 23 142 54 151 115 194 219 173 202 73 94 159 116 80 
5 154 153 201 169 52 82 183 96 140 159 144 215 126 174 190 145 102 74 20 7 122 36 110 73 
6 65 176 191 101 201 209 52 161 162 181 160 48 222 1 36 34 14 33 69 135 83 196 64 170 24 75 54 
7 43 201 80 8 213 46 207 212 187 114 107 92 38 9 181 166 110 5 64 145 134 161 195 
8 132 7 109 88 77 101 139 135 19 172 79 133 118 23 128 40 69 99 2 89 223 138 
9 213 97 209 147 193 174 46 182 7 175 200 148 98 103 119 140 149 13 44 172 106 
10 142 54 11 53 219 15 208 189 175 57 127 98 41 28 128 134 133 
11 1 41 84 206 57 108 50 10 113 135 214 64 127 77 190 40 90 198 144 107 158 217 124 136 69 25 
12 49 33 100 148 99 21 83 57 133 162 155 97 48 104 187 199 131 201 68 114 74 108 141 29 24 123 176 152 136 109 128 170 
13 202 213 210 24 82 35 42 118 123 3 91 56 9 
14 223 187 49 196 141 219 147 102 28 94 37 116 47 61 169 174 148 6 41 85 195 73 113 104 33 125 119 181 
15 93 186 143 131 160 178 166 35 10 222 188 25 148 159 106 126 206 52 144 167 77 26 45 87 130 138 219 91 108 79 137 
16 121 84 69 190 94 30 86 174 193 191 199 164 51 50 23 177 73 214 98 170 217 216 
17 130 179 63 65 92 191 20 181 164 113 112 174 101 211 38 96 203 169 57 28 107 209 81 83 
18 164 61 131 83 64 52 141 45 183 24 47 113 53 59 108 92 75 120 
19 211 31 69 46 8 99 194 123 88 0 67 166 37 52 63 74 133 
20 91 173 2 169 82 30 17 110 176 154 135 48 5 31 211 61 203 86 128 171 215 88 
21 69 102 12 110 4 95 196 111 127 182 44 25 66 2 37 84 70 141 210 158 195 
22 67 151 157 119 94 99 203 112 127 148 198 181 208 129 221 209 50 76 106 40 
23 93 121 180 165 75 191 4 114 60 66 218 136 54 88 36 8 16 58 72 101 189 193 197 31 55 76 172 150 
24 143 34 77 199 142 181 94 57 62 144 188 153 37 211 66 13 12 146 136 121 18 169 204 118 6 159 
25 187 48 183 51 133 149 67 3 119 41 15 55 21 88 44 154 45 96 83 172 110 30 29 99 214 11 
26 89 138 222 189 140 48 190 188 150 90 215 136 75 116 155 122 123 184 52 15 145 93 81 27 56 192 221 146 
27 114 86 95 70 60 197 179 208 210 172 106 176 88 26 122 28 97 
28 59 168 104 32 86 14 217 113 214 94 39 78 10 61 89 177 142 17 132 27 
29 156 31 153 182 76 103 12 206 87 147 25 106 123 107 113 92 36 
30 209 127 130 101 213 16 59 20 184 55 166 80 106 192 135 185 25 217 112 172 143 71 84 195 
31 163 97 208 39 132 19 202 49 138 29 71 131 141 154 61 20 190 40 200 83 210 23 175 
32 164 180 28 44 202 43 125 92 117 55 156 72 191 175 79 91 165 
33 12 72 127 208 219 87 79 158 50 6 81 100 58 1 149 94 187 199 0 216 14 
34 219 24 199 192 38 215 161 193 56 79 102 6 48 39 205 88 96 67 69 213 117 171 136 57 85 172 129 55 132 
35 15 134 175 174 88 217 138 171 199 123 173 0 110 13 113 54 146 
36 102 94 99 120 115 2 164 46 217 87 166 6 212 23 76 66 38 110 150 105 77 216 185 176 73 5 29 168 158 
37 221 213 70 192 104 72 153 14 42 82 24 135 159 172 93 21 38 19 92 136 77 90 
38 121 57 120 223 34 44 103 188 98 89 115 41 122 87 37 7 36 177 196 17 97 99 213 191 
39 144 31 131 49 188 172 140 185 99 34 28 162 135 95 133 159 
40 115 66 112 171 136 176 167 140 205 123 77 11 8 91 31 207 22 127 
41 11 147 111 70 176 49 107 219 25 130 178 188 14 38 109 10 158 199 195 81 171 50 46 189 135 172 
42 138 93 183 188 37 156 86 194 166 49 84 165 66 13 117 146 123 76 70 98 212 
43 162 150 104 7 194 87 32 77 148 161 122 48 206 106 80 176 146 91 107 147 57 
44 72 83 117 32 155 65 49 38 113 131 158 47 21 119 86 66 25 210 106 154 80 148 157 126 205 73 9 
45 68 74 214 124 46 2 146 163 190 196 211 171 80 18 139 98 143 165 60 25 195 15 172 188 62 56 96 209 173 189 99 
46 207 45 177 86 19 66 7 108 36 9 213 216 220 68 222 167 41 
47 85 179 176 94 44 14 141 100 206 146 205 201 18 160 133 181 125 
48 129 25 53 103 83 193 26 12 115 91 6 176 43 209 223 157 178 137 120 166 188 179 34 146 20 79 192 68 150 217 210 
49 12 184 14 79 41 53 78 136 88 44 31 39 51 148 114 202 119 74 42 167 176 80 130 0 209 
50 131 211 155 197 11 121 175 103 59 147 159 181 52 162 16 178 33 210 55 130 136 22 41 90 
51 173 198 25 2 76 134 148 49 16 175 111 200 163 220 96 196 105 
52 181 5 6 142 18 84 172 50 149 167 179 15 81 26 145 101 133 121 19 174 60 190 131 
53 48 128 94 91 49 87 131 10 176 125 204 221 75 88 18 168 169 142 219 148 212 174 
54 10 180 78 63 128 23 4 108 126 115 223 114 79 194 103 35 91 6 
55 3 142 210 91 128 120 201 162 206 1 30 107 25 165 103 32 148 50 223 154 34 23 
56 187 190 0 146 123 216 134 82 155 34 125 150 131 177 107 45 26 13 116 132 
57 140 11 38 138 75 12 114 132 24 201 99 171 61 175 135 126 10 141 179 91 34 137 17 76 146 89 125 43 78 
58 101 180 3 139 160 181 79 76 190 157 100 115 146 117 23 33 203 151 119 172 
59 28 83 61 151 112 30 1 50 167 70 175 111 158 87 18 130 207 
60 93 194 23 189 27 107 101 100 112 84 126 92 72 45 147 95 52 148 214 104 179 119 
61 67 18 59 108 115 140 101 130 14 57 74 161 170 143 31 146 28 133 20 185 92 145 186 
62 108 207 155 76 189 24 99 101 0 71 198 79 145 173 176 188 216 147 120 45 221 129 
63 151 98 189 17 116 190 54 138 99 68 185 191 148 109 78 19 129 71 
64 0 18 72 147 177 167 136 11 186 124 86 219 104 213 7 191 6 1 85 
65 6 104 120 118 17 213 69 2 129 44 217 172 212 188 98 80 135 89 143 1 
66 78 40 79 95 209 46 23 216 148 21 182 24 44 36 164 178 42 147 68 205 99 156 206 69 221 
67 22 61 133 25 220 98 116 191 19 154 34 137 186 94 174 
68 45 210 193 183 98 133 12 103 136 63 48 66 105 222 174 46 
69 86 16 21 143 65 183 19 77 120 149 118 141 91 6 202 34 173 8 175 97 66 92 11 105 
70 172 195 37 41 129 156 117 133 145 27 95 187 164 78 202 59 199 198 169 182 118 77 131 21 42 208 
71 103 200 175 62 108 31 218 198 221 211 151 183 63 30 130 92 
72 44 33 212 151 80 64 107 37 75 193 191 133 90 161 73 60 32 144 23 77 220 157 109 160 
73 221 125 176 198 182 105 203 134 130 175 106 72 16 14 75 209 114 181 128 4 44 36 115 199 88 119 5 
74 0 45 114 158 213 146 93 61 12 132 49 113 108 5 134 109 130 19 204 84 
75 123 212 176 158 57 167 76 23 177 95 130 79 134 173 72 26 215 201 73 53 94 101 216 18 6 
76 181 116 75 104 51 216 121 62 58 189 29 207 138 96 89 36 125 57 171 22 42 23 205 
77 162 24 158 43 8 121 69 110 196 216 40 120 124 11 194 141 109 15 70 128 166 36 72 90 37 
78 66 178 114 92 197 54 49 219 70 115 87 28 137 63 82 138 193 211 117 57 
79 123 142 129 110 185 49 66 148 58 75 93 96 89 8 34 62 111 33 152 169 126 54 48 203 32 107 162 103 104 88 84 15 
80 152 126 72 97 7 99 138 103 159 1 109 45 43 206 108 65 30 44 49 167 4 186 
81 208 200 153 211 149 204 162 147 215 98 157 185 52 33 117 222 126 88 26 41 17 123 
82 100 5 107 152 20 56 37 0 178 13 216 183 78 
83 178 147 194 18 59 12 44 48 223 201 219 144 158 169 115 94 136 25 146 6 31 151 104 17 159 
84 16 11 176 184 165 121 113 52 60 42 21 160 90 201 104 204 141 74 130 30 79 
85 47 199 122 126 155 213 92 217 14 113 114 209 86 34 64 
86 148 69 164 179 27 16 113 187 28 46 142 96 176 44 42 64 107 85 20 134 
87 211 43 53 207 147 194 114 161 33 101 36 156 204 38 127 78 177 29 15 59 186 175 102 119 
88 145 150 49 8 220 168 35 212 191 112 23 215 25 19 116 151 34 209 164 181 27 53 108 81 73 157 79 20 
89 26 187 148 128 167 221 133 171 156 93 2 79 91 102 141 38 153 170 65 76 123 116 119 28 216 113 57 8 
90 129 123 194 137 153 171 0 26 72 221 11 119 204 101 121 84 135 99 77 91 93 37 50 
91 198 141 103 20 53 55 219 48 172 89 112 43 124 159 69 121 40 169 57 32 145 90 174 203 104 13 213 15 54 
92 193 78 111 210 129 17 145 151 85 32 7 144 60 37 184 202 222 61 123 18 146 69 29 204 71 
93 15 60 23 42 219 149 211 103 190 74 118 79 139 126 89 141 37 26 200 138 132 108 90 
94 115 16 36 53 104 22 24 165 206 100 47 154 14 181 108 146 182 28 166 99 83 117 75 33 67 128 169 4 161 
95 105 119 200 27 66 75 151 124 21 70 131 97 129 166 165 181 60 175 153 39 125 
96 198 148 5 145 140 79 86 76 214 34 131 25 45 118 51 17 152 129 208 
97 184 188 80 31 9 166 12 131 189 95 160 122 111 38 69 27 
98 134 63 213 68 0 153 67 38 65 81 45 115 146 10 16 9 42 124 122 
99 146 12 151 36 80 203 22 125 62 57 171 19 175 63 39 94 161 141 90 8 25 66 157 208 38 106 45 
100 82 131 12 3 159 133 184 143 151 1 198 170 94 182 60 124 162 58 47 165 33 128 141 201 115 
101 58 121 30 6 167 188 173 61 193 118 8 60 62 183 128 114 87 155 198 196 17 52 90 75 23 156 158 117 
102 115 36 21 208 209 14 120 89 34 203 163 114 5 104 219 107 87 221 125 111 
103 71 91 113 197 204 48 206 80 93 50 38 177 68 188 152 207 29 190 55 215 213 147 9 79 116 221 54 146 
104 144 200 65 43 28 76 164 141 37 153 94 128 12 120 186 115 170 154 179 102 84 64 180 14 83 91 138 79 60 
105 95 194 149 163 128 108 73 107 148 164 36 68 51 69 
106 200 144 180 135 208 43 140 138 193 219 15 206 44 73 27 175 30 145 197 177 29 129 22 151 99 9 
107 72 82 41 192 202 60 223 122 203 55 105 7 43 56 86 161 79 11 17 131 149 29 102 142 216 
108 62 61 11 168 141 46 217 94 105 71 123 54 175 133 153 12 80 131 74 111 88 163 160 205 18 93 188 215 15 
109 154 133 8 156 173 80 197 129 223 41 77 137 118 153 0 63 74 12 113 72 
110 79 21 191 133 195 77 131 20 35 180 168 36 25 7 119 175 142 5 212 
111 41 92 136 222 154 21 116 79 59 51 211 108 147 219 187 97 156 181 183 102 
112 40 215 59 199 118 60 22 120 91 175 88 170 223 17 130 208 173 30 
113 103 86 11 194 44 125 164 84 28 17 74 163 85 120 181 202 143 18 3 188 35 14 109 89 29 
114 78 27 202 74 23 57 177 132 191 101 49 12 87 216 7 102 54 1 73 219 85 124 122 169 134 
115 40 102 94 218 61 48 206 36 54 58 83 38 175 98 104 4 78 208 124 182 204 120 171 130 158 73 100 
116 203 223 222 206 76 137 63 14 129 185 215 111 67 26 88 154 128 143 89 186 209 103 4 56 
117 206 169 158 44 153 70 155 192 186 201 194 127 32 58 94 150 34 81 42 2 207 78 101 
118 132 215 65 146 112 101 93 221 125 8 69 188 109 173 70 200 149 96 130 13 24 120 216 
119 95 222 188 139 22 25 49 44 217 213 90 154 155 89 151 178 186 110 182 9 58 87 73 14 60 
120 65 38 36 190 121 185 55 124 123 171 112 77 69 102 48 104 204 135 166 146 113 62 175 115 118 184 18 
121 192 38 16 209 23 101 120 139 219 50 76 151 77 159 84 168 185 146 91 24 157 52 90 162 196 202 
122 139 211 85 143 43 107 158 97 177 180 38 26 188 193 212 181 5 114 27 98 
123 75 126 79 90 185 169 56 218 213 120 180 40 108 205 19 35 207 12 26 89 177 13 42 92 29 203 81 
124 45 158 169 95 194 120 196 100 64 77 189 91 190 168 115 218 114 11 159 98 167 
125 73 206 142 135 167 99 132 113 53 138 173 202 191 32 118 56 189 213 192 76 157 95 1 57 14 47 102 
126 123 80 134 132 194 85 141 93 3 54 57 5 60 15 79 81 168 208 44 
127 30 33 152 166 151 138 22 21 203 11 117 209 158 10 87 172 191 185 146 40 
128 146 175 53 152 89 180 105 134 55 156 104 190 54 101 183 116 8 77 202 94 182 143 73 100 189 10 12 20 188 168 
129 90 79 48 70 201 92 65 193 179 222 116 130 202 180 95 109 210 182 22 140 63 106 208 185 62 147 34 96 
130 203 17 30 179 142 75 170 208 61 41 129 182 151 73 112 181 50 15 115 118 74 59 49 207 84 172 1 71 
131 100 18 50 220 15 169 143 39 53 97 44 110 208 12 166 95 160 31 168 108 155 56 96 70 158 180 206 107 140 52 
132 118 8 126 57 31 155 125 114 74 151 198 93 180 147 28 34 56 
133 197 100 67 12 109 25 70 68 89 110 72 8 108 142 168 161 173 52 61 0 47 39 19 10 
134 98 126 51 128 35 75 56 194 218 73 214 193 74 7 141 10 114 191 1 86 
135 219 106 125 11 3 8 57 37 184 65 20 120 39 6 30 171 90 206 174 183 210 41 
136 111 40 208 49 215 64 195 160 23 137 26 177 68 24 83 34 12 50 141 184 37 11 
137 116 169 90 212 136 48 109 67 216 78 57 209 167 198 188 15 
138 42 26 57 141 80 31 127 125 153 199 106 63 35 76 142 174 154 93 210 168 15 173 78 104 8 
139 122 121 58 119 163 189 93 146 8 45 171 151 152 176 161 145 212 190 220 196 
140 57 183 5 61 26 40 96 153 180 178 166 106 186 157 39 198 154 196 129 172 9 131 191 
141 91 170 160 172 138 14 104 126 197 108 169 18 206 93 185 89 47 147 31 12 182 189 69 213 57 77 99 184 155 21 136 84 100 134 151 
142 79 10 218 55 125 24 130 4 86 52 133 146 138 148 217 179 28 53 110 187 107 
143 15 24 69 195 198 100 131 122 205 207 194 193 45 2 116 61 113 128 65 30 200 
144 106 104 187 39 219 167 24 83 5 2 1 15 92 72 11 185 152 
145 88 189 158 70 96 154 195 92 173 62 5 26 106 52 139 222 91 7 61 220 
146 128 176 99 56 118 45 74 139 94 151 121 43 142 58 48 98 24 47 150 120 61 156 168 42 83 57 92 103 179 194 127 35 26 
147 153 41 4 83 64 14 212 87 150 81 9 50 168 141 201 215 43 103 111 29 60 62 66 155 132 129 220 
148 86 96 12 161 89 79 202 51 43 49 198 66 22 15 194 14 105 189 142 55 63 44 219 9 220 60 53 
149 206 192 105 81 25 93 168 150 52 69 2 155 174 33 118 1 107 9 214 
150 43 88 155 147 26 149 218 186 204 56 146 117 160 197 36 48 159 166 23 
151 63 22 72 99 100 59 95 171 218 121 92 127 209 202 146 181 156 4 193 139 130 153 88 132 184 119 58 71 83 211 106 141 
152 80 159 127 182 128 154 175 82 223 103 218 79 139 183 12 96 144 
153 147 5 81 0 104 117 185 98 179 37 90 140 24 29 138 108 89 151 109 170 95 199 201 182 
154 5 109 152 111 220 175 145 94 186 20 116 138 44 31 25 67 119 140 104 55 
155 165 156 50 150 44 62 12 85 132 117 223 56 101 202 26 131 149 141 119 147 
156 29 171 155 175 70 180 109 128 181 89 151 200 189 42 87 32 146 2 111 66 101 
157 172 188 22 183 189 203 140 58 48 181 81 195 158 121 206 125 44 72 99 88 
158 75 74 145 117 124 209 77 177 44 122 170 83 127 33 59 196 215 157 41 198 131 11 220 115 21 101 36 
159 100 152 5 80 121 220 50 15 37 91 188 193 210 4 124 150 83 24 39 
160 195 141 15 58 6 136 171 97 131 167 161 150 84 201 47 108 204 72 
161 174 148 34 6 43 87 72 160 61 133 99 165 139 107 7 189 94 213 
162 43 77 199 12 183 81 6 55 100 50 39 205 121 79 216 171 174 
163 31 105 1 45 139 220 180 208 113 195 102 51 108 164 3 
164 32 18 86 104 201 209 16 36 113 70 17 105 206 66 88 163 
165 201 155 194 23 179 84 94 167 55 100 45 161 95 42 214 198 181 32 
166 182 214 97 15 1 188 127 169 218 131 140 223 30 48 95 36 94 42 19 120 7 77 208 150 
167 211 208 101 75 202 89 144 40 125 209 64 165 59 160 183 52 49 15 172 171 46 80 137 192 124 
168 211 28 210 108 88 149 121 147 133 131 124 195 110 146 53 126 138 215 36 128 
169 117 5 131 124 137 173 123 20 166 141 199 83 14 70 79 91 53 17 222 94 24 208 114 
170 141 182 100 130 191 158 181 112 61 89 104 153 180 16 221 6 12 
171 156 216 40 151 177 213 45 120 89 90 99 199 160 57 139 35 202 185 198 34 220 135 167 115 41 76 20 3 162 
172 70 157 192 141 0 65 39 91 52 8 180 206 37 127 27 1 167 45 25 202 140 58 130 34 30 9 194 23 41 
173 206 51 20 101 169 109 214 75 192 145 125 62 35 180 118 176 221 112 133 69 4 174 45 138 191 
174 161 16 35 9 14 5 138 17 149 173 91 135 52 68 67 53 209 162 
175 206 128 156 190 154 71 152 50 35 197 216 57 59 218 182 108 112 99 51 10 115 202 73 198 205 106 219 9 120 32 95 69 87 110 31 
176 6 146 75 84 41 73 40 53 47 48 86 43 20 62 12 139 173 220 27 214 49 36 212 194 206 1 
177 200 211 75 114 46 64 171 158 103 213 192 136 209 122 2 16 87 56 123 38 106 28 181 
178 78 83 181 15 196 41 140 48 50 219 82 184 66 195 186 119 
179 17 86 165 130 153 47 129 0 207 48 27 52 211 142 57 104 205 146 60 
180 106 23 58 32 54 156 128 213 163 123 140 211 129 223 172 122 173 110 181 170 131 104 132 
181 52 178 76 205 208 58 24 6 156 220 94 151 50 17 170 219 157 22 130 7 95 212 113 88 211 73 180 165 122 111 177 47 14 
182 166 152 170 206 100 212 21 73 94 29 175 66 183 9 130 141 191 129 70 115 128 119 153 
183 42 140 5 25 68 157 162 69 217 101 191 167 182 18 128 192 152 82 71 111 135 
184 97 49 193 100 84 198 30 135 26 219 178 141 151 92 202 0 136 195 120 
185 199 79 123 153 120 220 116 121 141 39 81 171 63 210 30 61 144 36 127 129 219 212 
186 15 197 140 117 64 150 154 104 116 67 204 178 87 0 119 187 61 80 
187 56 25 144 89 14 2 86 12 70 7 111 33 186 142 
188 207 157 97 101 119 198 166 42 26 39 15 24 41 65 38 103 48 118 62 159 203 45 122 113 108 128 137 
189 213 205 26 63 145 60 139 157 62 97 76 207 156 124 10 125 221 141 148 218 23 128 161 41 219 45 
190 56 16 120 175 45 93 26 63 128 58 124 11 201 103 5 31 139 202 2 52 
191 6 194 23 216 16 17 110 170 114 183 125 72 88 1 67 202 182 32 63 127 64 134 173 38 140 
192 121 172 37 149 219 34 107 173 117 177 183 125 48 30 195 26 167 
193 92 184 206 16 68 48 101 129 34 9 72 220 151 143 106 203 217 134 1 159 122 23 78 223 
194 165 83 105 90 126 191 43 60 124 113 87 222 134 143 117 19 148 77 42 208 4 54 204 176 172 146 
195 215 70 199 160 143 208 145 110 136 163 14 168 157 45 178 41 201 192 184 21 7 30 
196 14 178 45 21 124 77 223 1 158 101 140 38 6 121 51 139 
197 133 103 50 78 186 175 141 109 27 106 150 23 
198 96 91 143 51 100 188 73 184 148 62 22 70 71 140 101 171 175 11 2 221 199 165 158 132 137 
199 3 195 185 85 34 162 24 112 16 223 12 171 169 138 70 2 35 220 41 198 221 153 33 73 
200 106 104 177 71 81 95 156 51 93 9 118 31 143 
201 165 5 7 6 129 164 55 208 57 83 12 117 147 190 47 75 160 84 195 153 100 3 
202 13 114 167 213 32 148 107 31 151 125 70 129 49 171 218 175 155 191 216 69 113 128 92 184 172 4 190 121 
203 116 130 99 157 22 107 127 73 193 102 188 79 58 17 20 91 123 
204 213 103 81 53 150 120 87 90 115 186 84 74 160 24 194 220 92 
205 189 181 143 40 123 211 34 47 175 162 179 66 108 44 219 76 
206 175 213 11 173 117 149 116 125 193 103 182 94 115 43 55 141 172 214 80 47 106 15 29 164 157 135 131 66 176 
207 46 188 217 62 87 143 189 7 179 103 76 123 222 130 59 40 117 
208 81 167 102 31 106 136 181 216 195 130 201 10 131 33 163 22 27 112 194 115 126 3 129 169 166 99 70 96 
209 30 217 121 102 158 6 66 167 164 9 151 48 127 177 88 73 85 45 22 116 17 137 174 49 
210 2 92 68 168 55 13 27 44 129 50 185 138 159 48 31 21 135 
211 168 167 87 50 81 177 122 19 93 45 180 24 205 111 179 71 181 20 17 1 151 78 
212 75 72 147 137 182 65 88 7 36 181 139 122 176 42 185 53 110 
213 189 9 206 37 204 98 30 74 65 202 7 123 171 13 180 85 177 103 141 119 125 34 46 64 215 91 38 161 
214 45 166 173 11 206 96 28 134 16 176 165 25 149 60 
215 112 195 118 34 136 116 81 26 5 88 103 147 158 75 168 213 108 20 
216 171 3 191 208 76 56 175 77 66 114 202 82 62 137 36 75 2 46 89 162 16 33 107 118 
217 209 4 207 3 183 65 35 108 28 0 36 85 119 193 142 48 11 16 30 
218 0 115 142 3 123 151 166 23 175 134 150 152 71 202 221 189 124 222 
219 34 135 93 144 192 121 14 78 91 41 10 83 33 181 106 178 184 111 64 175 114 4 148 15 102 53 185 205 189 
220 131 154 163 88 67 181 185 159 193 199 176 51 171 72 158 46 148 145 204 139 147 
221 37 73 89 118 90 189 71 53 218 173 198 62 22 199 170 103 102 26 66 
222 26 116 111 119 15 129 194 6 145 81 207 92 68 169 218 46 
223 116 14 0 2 38 83 199 107 152 196 155 166 48 180 54 112 109 55 8 193 
