0 26 
0 122 
0 80 
0 169 
0 193 
0 160 
0 125 
0 2 
0 131 
0 48 
0 222 
0 154 
0 60 
0 137 
0 198 
0 232 
0 57 
0 22 
0 163 
0 197 
0 208 
0 109 
0 105 
0 203 
0 147 
0 41 
0 170 
0 58 
0 156 
0 30 
0 101 
0 187 
0 221 
0 211 
0 71 
0 126 
0 214 
0 225 
0 14 
0 164 
0 6 
0 68 
0 238 
0 45 
0 145 
0 117 
0 108 
0 142 
0 233 
0 196 
1 147 
1 39 
1 19 
1 3 
1 181 
1 124 
1 8 
1 188 
1 134 
1 62 
1 83 
1 201 
1 21 
1 38 
1 52 
1 179 
1 233 
1 230 
1 12 
1 184 
1 178 
1 6 
1 232 
1 18 
1 203 
1 35 
1 25 
1 61 
1 54 
1 108 
1 55 
1 175 
1 82 
1 218 
1 137 
1 123 
1 141 
1 186 
1 143 
1 20 
1 66 
1 107 
1 165 
1 67 
1 109 
1 15 
1 142 
1 222 
2 76 
2 122 
2 71 
2 75 
2 204 
2 203 
2 0 
2 148 
2 115 
2 58 
2 144 
2 53 
2 158 
2 95 
2 232 
2 8 
2 229 
2 127 
2 109 
2 36 
2 205 
2 93 
2 214 
2 223 
2 40 
2 102 
2 21 
2 239 
2 114 
2 27 
2 210 
2 215 
2 206 
2 107 
2 112 
2 91 
2 200 
2 165 
2 57 
2 180 
2 222 
2 11 
2 154 
3 1 
3 188 
3 227 
3 129 
3 146 
3 202 
3 186 
3 54 
3 16 
3 113 
3 65 
3 164 
3 104 
3 191 
3 12 
3 116 
3 56 
3 212 
3 109 
3 28 
3 119 
3 71 
3 87 
3 161 
3 145 
3 235 
3 83 
3 74 
3 220 
3 6 
3 207 
3 136 
3 76 
3 231 
3 38 
3 97 
3 63 
3 64 
3 11 
3 34 
3 98 
3 70 
3 217 
3 179 
3 206 
3 50 
3 59 
3 60 
3 20 
4 126 
4 23 
4 179 
4 178 
4 54 
4 100 
4 138 
4 127 
4 18 
4 32 
4 15 
4 184 
4 109 
4 93 
4 153 
4 210 
4 217 
4 44 
4 158 
4 115 
4 16 
4 137 
4 196 
4 177 
4 200 
4 10 
4 35 
4 82 
4 43 
4 116 
4 36 
4 68 
4 56 
4 98 
4 122 
4 113 
4 143 
4 180 
4 124 
4 53 
4 212 
4 214 
4 129 
4 147 
4 198 
4 84 
4 157 
4 67 
4 197 
4 106 
4 206 
4 71 
4 176 
4 136 
4 88 
4 6 
4 215 
4 130 
4 77 
5 239 
5 6 
5 36 
5 180 
5 47 
5 148 
5 138 
5 29 
5 21 
5 112 
5 49 
5 109 
5 32 
5 18 
5 162 
5 212 
5 172 
5 106 
5 84 
5 134 
5 238 
5 181 
5 85 
5 225 
5 131 
5 139 
5 105 
5 15 
5 216 
5 213 
5 61 
5 178 
5 207 
5 87 
5 129 
5 192 
5 30 
5 222 
5 164 
5 235 
5 27 
5 149 
5 176 
5 38 
5 24 
5 198 
5 160 
6 5 
6 180 
6 101 
6 186 
6 217 
6 78 
6 25 
6 182 
6 140 
6 79 
6 58 
6 46 
6 235 
6 1 
6 75 
6 207 
6 29 
6 60 
6 177 
6 96 
6 73 
6 210 
6 130 
6 226 
6 179 
6 107 
6 157 
6 3 
6 113 
6 221 
6 195 
6 18 
6 200 
6 234 
6 225 
6 237 
6 54 
6 222 
6 104 
6 228 
6 35 
6 184 
6 32 
6 0 
6 205 
6 4 
6 119 
6 16 
6 233 
6 53 
6 10 
6 103 
7 62 
7 189 
7 201 
7 81 
7 96 
7 74 
7 184 
7 49 
7 239 
7 71 
7 198 
7 207 
7 13 
7 63 
7 219 
7 148 
7 66 
7 213 
7 168 
7 138 
7 233 
7 200 
7 140 
7 80 
7 10 
7 15 
7 173 
7 22 
7 112 
7 20 
7 35 
7 106 
7 50 
7 47 
7 229 
7 164 
7 175 
8 18 
8 47 
8 28 
8 84 
8 180 
8 236 
8 155 
8 1 
8 36 
8 150 
8 221 
8 127 
8 88 
8 13 
8 57 
8 157 
8 70 
8 72 
8 2 
8 122 
8 191 
8 26 
8 104 
8 102 
8 108 
8 164 
8 158 
8 177 
8 136 
8 12 
8 68 
8 223 
8 226 
8 238 
8 76 
8 52 
8 170 
8 228 
8 183 
8 145 
8 194 
8 94 
8 22 
8 105 
8 93 
8 135 
8 98 
8 184 
8 124 
9 171 
9 189 
9 40 
9 224 
9 239 
9 123 
9 163 
9 202 
9 79 
9 50 
9 105 
9 21 
9 25 
9 102 
9 55 
9 203 
9 66 
9 10 
9 179 
9 111 
9 89 
9 222 
9 138 
9 12 
9 59 
9 43 
9 84 
9 120 
9 194 
9 13 
9 175 
9 233 
9 151 
9 29 
9 100 
9 134 
9 53 
9 58 
9 157 
9 71 
9 185 
9 231 
9 238 
9 219 
9 96 
9 211 
10 116 
10 104 
10 168 
10 90 
10 214 
10 17 
10 225 
10 14 
10 93 
10 207 
10 234 
10 28 
10 75 
10 132 
10 29 
10 96 
10 122 
10 154 
10 88 
10 40 
10 206 
10 124 
10 148 
10 137 
10 227 
10 199 
10 9 
10 62 
10 4 
10 231 
10 83 
10 204 
10 87 
10 26 
10 33 
10 110 
10 211 
10 80 
10 36 
10 109 
10 146 
10 7 
10 66 
10 76 
10 179 
10 98 
10 112 
10 19 
10 196 
10 228 
10 77 
10 6 
10 171 
11 194 
11 158 
11 42 
11 107 
11 232 
11 86 
11 216 
11 145 
11 152 
11 74 
11 33 
11 28 
11 129 
11 227 
11 72 
11 108 
11 120 
11 111 
11 178 
11 94 
11 77 
11 98 
11 48 
11 219 
11 171 
11 135 
11 80 
11 53 
11 128 
11 176 
11 172 
11 38 
11 20 
11 100 
11 91 
11 133 
11 51 
11 3 
11 21 
11 102 
11 47 
11 2 
11 164 
11 124 
11 19 
11 92 
11 60 
11 97 
11 190 
12 94 
12 193 
12 203 
12 232 
12 31 
12 18 
12 200 
12 163 
12 107 
12 59 
12 142 
12 38 
12 212 
12 209 
12 144 
12 225 
12 3 
12 1 
12 187 
12 122 
12 27 
12 8 
12 137 
12 237 
12 186 
12 9 
12 116 
12 93 
12 41 
12 227 
12 180 
12 22 
12 221 
12 213 
12 86 
12 239 
12 160 
12 148 
12 136 
12 74 
12 126 
12 154 
12 201 
12 26 
13 233 
13 156 
13 21 
13 158 
13 29 
13 176 
13 100 
13 202 
13 194 
13 197 
13 183 
13 123 
13 119 
13 166 
13 114 
13 8 
13 212 
13 145 
13 46 
13 144 
13 118 
13 140 
13 7 
13 67 
13 231 
13 135 
13 186 
13 138 
13 121 
13 43 
13 83 
13 152 
13 9 
13 198 
13 69 
13 179 
13 85 
13 236 
13 49 
13 82 
13 113 
13 222 
13 218 
13 76 
13 65 
13 61 
13 139 
14 149 
14 123 
14 210 
14 21 
14 46 
14 10 
14 114 
14 89 
14 97 
14 184 
14 153 
14 80 
14 59 
14 164 
14 65 
14 69 
14 160 
14 24 
14 181 
14 66 
14 23 
14 188 
14 171 
14 84 
14 168 
14 43 
14 211 
14 215 
14 92 
14 165 
14 102 
14 62 
14 179 
14 103 
14 239 
14 79 
14 117 
14 54 
14 63 
14 229 
14 113 
14 0 
14 22 
14 95 
14 141 
14 148 
14 135 
14 25 
15 18 
15 211 
15 120 
15 20 
15 89 
15 116 
15 158 
15 4 
15 55 
15 231 
15 162 
15 99 
15 81 
15 122 
15 115 
15 150 
15 135 
15 60 
15 25 
15 72 
15 62 
15 222 
15 21 
15 127 
15 43 
15 5 
15 66 
15 214 
15 159 
15 203 
15 170 
15 118 
15 73 
15 185 
15 22 
15 7 
15 217 
15 221 
15 1 
15 172 
15 108 
16 127 
16 175 
16 197 
16 177 
16 172 
16 74 
16 233 
16 81 
16 59 
16 236 
16 82 
16 3 
16 205 
16 43 
16 208 
16 190 
16 126 
16 222 
16 55 
16 4 
16 101 
16 141 
16 129 
16 45 
16 156 
16 95 
16 69 
16 83 
16 134 
16 151 
16 34 
16 33 
16 60 
16 105 
16 147 
16 176 
16 166 
16 206 
16 125 
16 165 
16 148 
16 193 
16 6 
16 234 
17 114 
17 10 
17 145 
17 45 
17 85 
17 200 
17 214 
17 59 
17 130 
17 179 
17 74 
17 27 
17 111 
17 190 
17 18 
17 198 
17 184 
17 56 
17 25 
17 21 
17 218 
17 201 
17 178 
17 151 
17 211 
17 70 
17 37 
17 147 
17 31 
17 175 
17 226 
17 153 
17 103 
17 152 
17 115 
17 106 
17 233 
18 8 
18 213 
18 15 
18 12 
18 46 
18 4 
18 76 
18 202 
18 137 
18 179 
18 172 
18 5 
18 107 
18 203 
18 159 
18 69 
18 1 
18 95 
18 183 
18 77 
18 144 
18 17 
18 148 
18 167 
18 206 
18 219 
18 165 
18 216 
18 40 
18 210 
18 41 
18 190 
18 6 
18 176 
18 128 
18 71 
18 83 
18 50 
18 32 
18 184 
18 131 
18 182 
18 132 
18 58 
18 49 
19 88 
19 1 
19 116 
19 191 
19 213 
19 86 
19 110 
19 230 
19 79 
19 136 
19 65 
19 28 
19 231 
19 154 
19 118 
19 151 
19 92 
19 43 
19 54 
19 34 
19 144 
19 157 
19 66 
19 114 
19 179 
19 189 
19 200 
19 142 
19 26 
19 33 
19 203 
19 10 
19 207 
19 126 
19 233 
19 102 
19 164 
19 131 
19 184 
19 123 
19 11 
19 68 
20 128 
20 184 
20 213 
20 15 
20 123 
20 53 
20 205 
20 215 
20 209 
20 115 
20 220 
20 223 
20 37 
20 66 
20 102 
20 132 
20 124 
20 178 
20 40 
20 161 
20 197 
20 198 
20 81 
20 177 
20 138 
20 149 
20 236 
20 152 
20 87 
20 234 
20 208 
20 202 
20 11 
20 103 
20 24 
20 74 
20 1 
20 182 
20 112 
20 79 
20 7 
20 127 
20 77 
20 58 
20 221 
20 100 
20 3 
21 236 
21 13 
21 83 
21 167 
21 87 
21 209 
21 100 
21 14 
21 207 
21 169 
21 101 
21 67 
21 223 
21 130 
21 117 
21 5 
21 1 
21 194 
21 9 
21 142 
21 77 
21 44 
21 160 
21 15 
21 210 
21 50 
21 2 
21 104 
21 99 
21 181 
21 228 
21 123 
21 53 
21 135 
21 145 
21 116 
21 17 
21 175 
21 178 
21 229 
21 224 
21 214 
21 164 
21 11 
21 165 
21 163 
21 70 
21 234 
21 155 
21 119 
21 213 
21 88 
21 138 
21 32 
21 54 
22 193 
22 168 
22 96 
22 122 
22 234 
22 132 
22 216 
22 201 
22 233 
22 39 
22 134 
22 62 
22 0 
22 101 
22 26 
22 223 
22 199 
22 55 
22 94 
22 46 
22 173 
22 80 
22 47 
22 92 
22 49 
22 87 
22 180 
22 8 
22 97 
22 12 
22 65 
22 203 
22 89 
22 224 
22 106 
22 15 
22 138 
22 120 
22 141 
22 128 
22 7 
22 200 
22 190 
22 14 
22 214 
22 215 
22 116 
22 197 
23 76 
23 33 
23 4 
23 154 
23 166 
23 204 
23 157 
23 123 
23 215 
23 102 
23 179 
23 65 
23 162 
23 149 
23 144 
23 189 
23 132 
23 82 
23 31 
23 169 
23 225 
23 100 
23 140 
23 48 
23 14 
23 46 
23 52 
23 176 
23 202 
23 121 
23 198 
23 220 
23 226 
23 120 
23 63 
23 79 
23 165 
23 218 
23 130 
24 57 
24 147 
24 155 
24 146 
24 156 
24 76 
24 39 
24 132 
24 170 
24 106 
24 237 
24 73 
24 26 
24 134 
24 62 
24 153 
24 28 
24 154 
24 50 
24 186 
24 38 
24 27 
24 130 
24 14 
24 195 
24 86 
24 109 
24 40 
24 118 
24 31 
24 107 
24 58 
24 189 
24 122 
24 91 
24 102 
24 47 
24 214 
24 74 
24 142 
24 84 
24 20 
24 104 
24 71 
24 144 
24 108 
24 193 
24 66 
24 5 
24 69 
24 45 
25 143 
25 99 
25 79 
25 129 
25 40 
25 215 
25 113 
25 202 
25 6 
25 61 
25 180 
25 239 
25 9 
25 15 
25 83 
25 1 
25 145 
25 142 
25 71 
25 84 
25 214 
25 70 
25 106 
25 17 
25 195 
25 193 
25 120 
25 186 
25 127 
25 185 
25 63 
25 204 
25 217 
25 42 
25 14 
25 225 
26 205 
26 34 
26 62 
26 0 
26 94 
26 78 
26 201 
26 199 
26 79 
26 59 
26 125 
26 40 
26 75 
26 178 
26 42 
26 191 
26 72 
26 88 
26 24 
26 227 
26 71 
26 22 
26 116 
26 153 
26 154 
26 218 
26 8 
26 211 
26 161 
26 151 
26 182 
26 239 
26 158 
26 173 
26 222 
26 10 
26 195 
26 131 
26 179 
26 172 
26 97 
26 77 
26 196 
26 213 
26 103 
26 19 
26 61 
26 69 
26 175 
26 219 
26 167 
26 63 
26 230 
26 113 
26 221 
26 58 
26 82 
26 12 
27 71 
27 46 
27 77 
27 65 
27 62 
27 33 
27 220 
27 201 
27 141 
27 122 
27 24 
27 231 
27 84 
27 17 
27 166 
27 163 
27 205 
27 31 
27 156 
27 78 
27 92 
27 12 
27 60 
27 167 
27 151 
27 143 
27 123 
27 203 
27 142 
27 239 
27 2 
27 98 
27 128 
27 183 
27 211 
27 56 
27 146 
27 63 
27 212 
27 5 
27 221 
27 116 
27 219 
27 41 
27 209 
28 111 
28 8 
28 224 
28 135 
28 124 
28 217 
28 184 
28 165 
28 93 
28 199 
28 72 
28 10 
28 228 
28 207 
28 11 
28 222 
28 106 
28 178 
28 24 
28 19 
28 130 
28 32 
28 213 
28 218 
28 108 
28 162 
28 52 
28 33 
28 148 
28 201 
28 182 
28 59 
28 157 
28 3 
28 188 
28 154 
28 186 
28 200 
28 212 
28 83 
28 141 
28 122 
28 205 
28 73 
28 36 
28 87 
28 175 
28 211 
28 85 
28 197 
28 198 
29 199 
29 235 
29 13 
29 70 
29 236 
29 181 
29 101 
29 212 
29 114 
29 5 
29 215 
29 146 
29 10 
29 117 
29 106 
29 36 
29 189 
29 108 
29 193 
29 53 
29 141 
29 196 
29 125 
29 67 
29 6 
29 204 
29 109 
29 231 
29 179 
29 230 
29 126 
29 89 
29 194 
29 41 
29 96 
29 139 
29 169 
29 92 
29 91 
29 78 
29 202 
29 42 
29 9 
29 223 
29 33 
29 207 
29 79 
29 84 
29 160 
29 237 
29 229 
29 73 
29 159 
29 180 
29 38 
30 65 
30 187 
30 129 
30 36 
30 86 
30 189 
30 103 
30 78 
30 218 
30 58 
30 157 
30 151 
30 49 
30 168 
30 112 
30 61 
30 70 
30 116 
30 41 
30 227 
30 106 
30 110 
30 182 
30 123 
30 53 
30 63 
30 104 
30 150 
30 145 
30 220 
30 0 
30 89 
30 192 
30 226 
30 132 
30 5 
30 77 
30 163 
30 142 
30 60 
30 134 
30 99 
30 137 
30 34 
30 44 
30 224 
30 171 
30 82 
31 106 
31 12 
31 200 
31 71 
31 70 
31 88 
31 97 
31 174 
31 72 
31 162 
31 109 
31 170 
31 23 
31 219 
31 42 
31 101 
31 27 
31 66 
31 93 
31 24 
31 201 
31 64 
31 148 
31 212 
31 43 
31 35 
31 125 
31 113 
31 32 
31 124 
31 61 
31 171 
31 216 
31 63 
31 122 
31 189 
31 211 
31 220 
31 147 
31 182 
31 59 
31 173 
31 175 
31 179 
31 56 
31 77 
31 17 
31 92 
31 161 
31 102 
31 81 
31 110 
31 57 
32 154 
32 44 
32 38 
32 220 
32 103 
32 215 
32 4 
32 162 
32 144 
32 224 
32 73 
32 58 
32 5 
32 96 
32 28 
32 231 
32 104 
32 228 
32 111 
32 119 
32 88 
32 50 
32 164 
32 236 
32 85 
32 31 
32 127 
32 120 
32 65 
32 36 
32 197 
32 55 
32 176 
32 90 
32 179 
32 18 
32 6 
32 76 
32 210 
32 91 
32 59 
32 66 
32 118 
32 161 
32 82 
32 98 
32 21 
32 123 
33 156 
33 220 
33 23 
33 132 
33 113 
33 73 
33 118 
33 77 
33 233 
33 27 
33 161 
33 179 
33 153 
33 40 
33 11 
33 211 
33 164 
33 83 
33 134 
33 192 
33 35 
33 142 
33 169 
33 28 
33 75 
33 228 
33 109 
33 131 
33 38 
33 94 
33 10 
33 126 
33 226 
33 212 
33 16 
33 19 
33 53 
33 188 
33 29 
33 163 
33 145 
33 139 
33 56 
33 98 
33 141 
33 196 
33 65 
33 150 
34 26 
34 157 
34 196 
34 233 
34 130 
34 75 
34 235 
34 145 
34 222 
34 228 
34 137 
34 181 
34 136 
34 37 
34 152 
34 86 
34 225 
34 174 
34 205 
34 58 
34 57 
34 81 
34 220 
34 19 
34 118 
34 217 
34 80 
34 39 
34 65 
34 16 
34 223 
34 129 
34 78 
34 239 
34 182 
34 84 
34 52 
34 141 
34 36 
34 85 
34 3 
34 30 
34 202 
34 77 
34 35 
35 224 
35 62 
35 113 
35 141 
35 73 
35 33 
35 92 
35 225 
35 196 
35 107 
35 1 
35 201 
35 108 
35 39 
35 4 
35 124 
35 206 
35 84 
35 31 
35 191 
35 55 
35 75 
35 43 
35 217 
35 155 
35 104 
35 74 
35 131 
35 6 
35 94 
35 147 
35 95 
35 91 
35 7 
35 110 
35 176 
35 81 
35 219 
35 34 
35 190 
35 130 
36 5 
36 30 
36 228 
36 123 
36 235 
36 196 
36 232 
36 8 
36 106 
36 159 
36 210 
36 175 
36 69 
36 209 
36 197 
36 68 
36 151 
36 140 
36 29 
36 59 
36 139 
36 100 
36 77 
36 2 
36 118 
36 158 
36 92 
36 182 
36 63 
36 160 
36 164 
36 4 
36 65 
36 195 
36 129 
36 10 
36 168 
36 239 
36 114 
36 67 
36 32 
36 170 
36 237 
36 28 
36 79 
36 193 
36 173 
36 94 
36 34 
36 216 
36 166 
36 38 
37 176 
37 107 
37 195 
37 44 
37 92 
37 53 
37 133 
37 20 
37 56 
37 127 
37 85 
37 34 
37 232 
37 130 
37 65 
37 168 
37 142 
37 157 
37 190 
37 94 
37 58 
37 124 
37 134 
37 239 
37 150 
37 135 
37 93 
37 159 
37 52 
37 108 
37 185 
37 78 
37 182 
37 128 
37 62 
37 110 
37 66 
37 186 
37 111 
37 136 
37 218 
37 17 
37 101 
37 131 
37 141 
37 196 
37 143 
37 100 
37 161 
38 207 
38 168 
38 85 
38 70 
38 32 
38 40 
38 78 
38 237 
38 71 
38 145 
38 227 
38 182 
38 101 
38 204 
38 117 
38 1 
38 12 
38 69 
38 24 
38 136 
38 82 
38 58 
38 238 
38 74 
38 56 
38 148 
38 33 
38 223 
38 90 
38 64 
38 141 
38 235 
38 184 
38 65 
38 46 
38 11 
38 79 
38 126 
38 91 
38 3 
38 84 
38 188 
38 76 
38 239 
38 72 
38 180 
38 5 
38 51 
38 162 
38 36 
38 137 
38 111 
38 43 
38 29 
39 116 
39 1 
39 141 
39 168 
39 24 
39 133 
39 210 
39 154 
39 228 
39 88 
39 220 
39 22 
39 191 
39 165 
39 138 
39 131 
39 125 
39 206 
39 43 
39 200 
39 93 
39 193 
39 35 
39 190 
39 181 
39 34 
39 53 
39 99 
39 227 
39 136 
39 230 
39 150 
39 144 
39 122 
39 166 
39 160 
39 130 
40 83 
40 89 
40 68 
40 38 
40 153 
40 9 
40 61 
40 107 
40 111 
40 25 
40 228 
40 204 
40 80 
40 162 
40 26 
40 123 
40 217 
40 121 
40 143 
40 33 
40 99 
40 106 
40 231 
40 10 
40 20 
40 24 
40 45 
40 47 
40 118 
40 101 
40 2 
40 201 
40 220 
40 219 
40 109 
40 236 
40 136 
40 18 
40 84 
40 48 
40 95 
40 191 
40 73 
40 116 
40 207 
40 166 
40 129 
40 72 
40 62 
40 65 
40 187 
40 177 
41 124 
41 214 
41 179 
41 42 
41 145 
41 70 
41 201 
41 106 
41 65 
41 200 
41 189 
41 30 
41 49 
41 144 
41 213 
41 224 
41 180 
41 203 
41 126 
41 0 
41 184 
41 75 
41 12 
41 29 
41 186 
41 229 
41 18 
41 234 
41 155 
41 212 
41 84 
41 209 
41 43 
41 63 
41 89 
41 115 
41 134 
41 68 
41 27 
42 11 
42 182 
42 79 
42 41 
42 169 
42 152 
42 46 
42 26 
42 198 
42 208 
42 44 
42 115 
42 135 
42 205 
42 212 
42 171 
42 186 
42 31 
42 70 
42 93 
42 72 
42 195 
42 56 
42 85 
42 64 
42 49 
42 145 
42 96 
42 217 
42 133 
42 130 
42 170 
42 237 
42 174 
42 151 
42 29 
42 146 
42 136 
42 139 
42 187 
42 219 
42 54 
42 230 
42 97 
42 25 
43 87 
43 89 
43 162 
43 143 
43 130 
43 121 
43 197 
43 45 
43 137 
43 111 
43 16 
43 138 
43 98 
43 39 
43 127 
43 19 
43 125 
43 210 
43 134 
43 14 
43 236 
43 91 
43 113 
43 219 
43 15 
43 4 
43 147 
43 164 
43 86 
43 31 
43 46 
43 161 
43 13 
43 117 
43 105 
43 9 
43 106 
43 79 
43 35 
43 141 
43 95 
43 198 
43 231 
43 72 
43 139 
43 88 
43 83 
43 216 
43 58 
43 155 
43 41 
43 55 
43 82 
43 84 
43 181 
43 233 
43 50 
43 97 
43 38 
44 32 
44 232 
44 149 
44 37 
44 202 
44 91 
44 177 
44 204 
44 119 
44 90 
44 42 
44 47 
44 79 
44 229 
44 102 
44 165 
44 58 
44 4 
44 140 
44 220 
44 146 
44 21 
44 194 
44 123 
44 96 
44 203 
44 162 
44 182 
44 88 
44 46 
44 210 
44 80 
44 92 
44 101 
44 185 
44 216 
44 129 
44 121 
44 107 
44 120 
44 53 
44 205 
44 51 
44 223 
44 112 
44 30 
44 179 
44 170 
44 219 
44 144 
45 80 
45 152 
45 149 
45 188 
45 53 
45 43 
45 137 
45 17 
45 75 
45 216 
45 54 
45 190 
45 123 
45 239 
45 89 
45 139 
45 64 
45 187 
45 91 
45 90 
45 173 
45 164 
45 182 
45 177 
45 226 
45 66 
45 198 
45 40 
45 82 
45 16 
45 234 
45 46 
45 186 
45 102 
45 150 
45 225 
45 207 
45 111 
45 208 
45 52 
45 193 
45 84 
45 97 
45 223 
45 183 
45 171 
45 0 
45 185 
45 24 
46 195 
46 27 
46 95 
46 207 
46 152 
46 14 
46 18 
46 42 
46 192 
46 208 
46 54 
46 163 
46 185 
46 131 
46 13 
46 105 
46 112 
46 67 
46 91 
46 6 
46 22 
46 164 
46 23 
46 113 
46 230 
46 236 
46 83 
46 151 
46 65 
46 204 
46 45 
46 153 
46 154 
46 149 
46 43 
46 98 
46 101 
46 194 
46 38 
46 84 
46 86 
46 77 
46 44 
46 150 
46 214 
46 219 
46 102 
46 173 
46 125 
46 48 
46 123 
46 60 
46 93 
47 177 
47 137 
47 8 
47 121 
47 5 
47 233 
47 147 
47 129 
47 222 
47 123 
47 146 
47 178 
47 168 
47 138 
47 167 
47 227 
47 160 
47 44 
47 162 
47 139 
47 81 
47 210 
47 142 
47 114 
47 170 
47 40 
47 73 
47 22 
47 237 
47 153 
47 99 
47 236 
47 119 
47 60 
47 68 
47 91 
47 131 
47 24 
47 96 
47 59 
47 56 
47 220 
47 78 
47 171 
47 164 
47 144 
47 48 
47 191 
47 11 
47 115 
47 161 
47 7 
47 209 
47 113 
48 219 
48 176 
48 133 
48 80 
48 177 
48 0 
48 64 
48 197 
48 130 
48 229 
48 129 
48 86 
48 141 
48 186 
48 23 
48 193 
48 143 
48 166 
48 137 
48 70 
48 151 
48 54 
48 114 
48 145 
48 82 
48 125 
48 11 
48 149 
48 81 
48 233 
48 40 
48 72 
48 155 
48 180 
48 117 
48 227 
48 221 
48 83 
48 190 
48 47 
48 148 
48 57 
48 68 
48 184 
48 123 
48 46 
48 234 
48 99 
48 195 
48 208 
49 190 
49 106 
49 64 
49 215 
49 66 
49 232 
49 228 
49 122 
49 183 
49 222 
49 237 
49 7 
49 76 
49 94 
49 30 
49 149 
49 151 
49 130 
49 117 
49 65 
49 138 
49 5 
49 78 
49 166 
49 41 
49 89 
49 202 
49 22 
49 156 
49 206 
49 229 
49 42 
49 70 
49 157 
49 167 
49 52 
49 201 
49 13 
49 134 
49 83 
49 86 
49 236 
49 107 
49 18 
50 192 
50 177 
50 55 
50 193 
50 87 
50 227 
50 158 
50 160 
50 9 
50 100 
50 24 
50 237 
50 110 
50 60 
50 53 
50 98 
50 80 
50 32 
50 85 
50 229 
50 136 
50 194 
50 21 
50 58 
50 223 
50 79 
50 170 
50 135 
50 137 
50 105 
50 18 
50 217 
50 157 
50 147 
50 7 
50 149 
50 3 
50 43 
50 111 
50 183 
51 151 
51 215 
51 105 
51 148 
51 99 
51 136 
51 154 
51 174 
51 117 
51 116 
51 71 
51 131 
51 166 
51 186 
51 86 
51 235 
51 170 
51 68 
51 91 
51 216 
51 79 
51 92 
51 144 
51 102 
51 178 
51 130 
51 204 
51 221 
51 165 
51 11 
51 121 
51 191 
51 44 
51 157 
51 59 
51 69 
51 38 
51 201 
51 67 
52 166 
52 155 
52 118 
52 103 
52 92 
52 109 
52 108 
52 202 
52 222 
52 223 
52 55 
52 1 
52 129 
52 126 
52 28 
52 122 
52 89 
52 207 
52 158 
52 23 
52 73 
52 8 
52 171 
52 37 
52 66 
52 49 
52 200 
52 219 
52 134 
52 94 
52 45 
52 196 
52 216 
52 152 
52 60 
52 34 
52 199 
52 229 
52 226 
52 193 
52 172 
52 106 
52 212 
52 153 
53 94 
53 162 
53 185 
53 20 
53 155 
53 132 
53 71 
53 37 
53 45 
53 143 
53 195 
53 92 
53 2 
53 200 
53 226 
53 156 
53 129 
53 118 
53 50 
53 66 
53 29 
53 230 
53 189 
53 215 
53 220 
53 225 
53 57 
53 85 
53 100 
53 209 
53 69 
53 30 
53 237 
53 206 
53 103 
53 11 
53 39 
53 110 
53 21 
53 145 
53 4 
53 98 
53 223 
53 173 
53 33 
53 44 
53 9 
53 180 
53 222 
53 93 
53 112 
53 79 
53 234 
53 6 
53 136 
53 153 
53 70 
54 183 
54 90 
54 83 
54 4 
54 101 
54 232 
54 211 
54 179 
54 46 
54 61 
54 3 
54 113 
54 45 
54 191 
54 71 
54 94 
54 162 
54 196 
54 192 
54 80 
54 89 
54 147 
54 48 
54 159 
54 1 
54 66 
54 60 
54 152 
54 126 
54 19 
54 103 
54 185 
54 142 
54 217 
54 180 
54 6 
54 14 
54 123 
54 85 
54 168 
54 224 
54 177 
54 42 
54 68 
54 21 
54 78 
55 50 
55 57 
55 100 
55 89 
55 160 
55 191 
55 179 
55 94 
55 110 
55 88 
55 219 
55 175 
55 15 
55 127 
55 52 
55 139 
55 168 
55 22 
55 9 
55 157 
55 16 
55 142 
55 231 
55 185 
55 111 
55 224 
55 178 
55 1 
55 145 
55 216 
55 230 
55 181 
55 120 
55 35 
55 184 
55 237 
55 32 
55 74 
55 143 
55 171 
55 176 
55 107 
55 81 
55 43 
55 189 
55 93 
55 65 
55 134 
55 180 
56 193 
56 61 
56 234 
56 157 
56 90 
56 202 
56 64 
56 81 
56 178 
56 171 
56 77 
56 65 
56 37 
56 38 
56 88 
56 3 
56 210 
56 42 
56 228 
56 197 
56 172 
56 104 
56 126 
56 4 
56 17 
56 161 
56 58 
56 183 
56 186 
56 239 
56 80 
56 47 
56 31 
56 175 
56 27 
56 189 
56 194 
56 102 
56 33 
56 154 
57 208 
57 24 
57 206 
57 237 
57 55 
57 200 
57 180 
57 115 
57 8 
57 183 
57 64 
57 0 
57 94 
57 104 
57 77 
57 138 
57 170 
57 235 
57 95 
57 127 
57 105 
57 175 
57 53 
57 34 
57 196 
57 144 
57 61 
57 187 
57 90 
57 48 
57 2 
57 173 
57 31 
57 74 
58 236 
58 150 
58 233 
58 72 
58 148 
58 2 
58 30 
58 32 
58 65 
58 237 
58 38 
58 44 
58 187 
58 6 
58 196 
58 208 
58 37 
58 111 
58 222 
58 34 
58 138 
58 69 
58 24 
58 171 
58 50 
58 113 
58 199 
58 56 
58 117 
58 0 
58 201 
58 230 
58 128 
58 152 
58 59 
58 74 
58 214 
58 223 
58 43 
58 146 
58 9 
58 154 
58 20 
58 140 
58 18 
58 70 
58 26 
58 122 
59 75 
59 112 
59 136 
59 130 
59 26 
59 73 
59 122 
59 16 
59 116 
59 132 
59 156 
59 219 
59 64 
59 12 
59 17 
59 14 
59 139 
59 36 
59 188 
59 28 
59 108 
59 66 
59 84 
59 138 
59 171 
59 76 
59 155 
59 110 
59 9 
59 211 
59 220 
59 169 
59 125 
59 236 
59 47 
59 58 
59 103 
59 31 
59 223 
59 51 
59 201 
59 200 
59 32 
59 179 
59 198 
59 3 
59 172 
60 75 
60 145 
60 228 
60 81 
60 135 
60 219 
60 0 
60 184 
60 137 
60 63 
60 194 
60 214 
60 15 
60 166 
60 50 
60 191 
60 88 
60 238 
60 222 
60 54 
60 27 
60 221 
60 225 
60 6 
60 106 
60 119 
60 87 
60 47 
60 232 
60 127 
60 172 
60 52 
60 16 
60 76 
60 136 
60 30 
60 112 
60 148 
60 134 
60 46 
60 129 
60 11 
60 190 
60 223 
60 3 
61 212 
61 56 
61 75 
61 219 
61 40 
61 206 
61 223 
61 201 
61 54 
61 226 
61 107 
61 25 
61 98 
61 30 
61 186 
61 234 
61 164 
61 139 
61 97 
61 181 
61 182 
61 101 
61 197 
61 167 
61 161 
61 1 
61 172 
61 209 
61 63 
61 135 
61 78 
61 126 
61 112 
61 158 
61 110 
61 57 
61 228 
61 31 
61 5 
61 84 
61 143 
61 239 
61 91 
61 149 
61 189 
61 26 
61 92 
61 157 
61 13 
61 171 
61 76 
61 117 
62 197 
62 7 
62 26 
62 35 
62 118 
62 27 
62 84 
62 87 
62 1 
62 128 
62 223 
62 24 
62 199 
62 22 
62 228 
62 140 
62 73 
62 148 
62 135 
62 213 
62 206 
62 15 
62 71 
62 173 
62 174 
62 168 
62 78 
62 153 
62 10 
62 141 
62 235 
62 167 
62 99 
62 155 
62 100 
62 37 
62 14 
62 221 
62 116 
62 189 
62 133 
62 220 
62 129 
62 219 
62 101 
62 182 
62 40 
62 75 
62 226 
62 166 
62 66 
62 171 
62 239 
62 159 
63 226 
63 162 
63 135 
63 120 
63 110 
63 174 
63 75 
63 118 
63 87 
63 65 
63 81 
63 206 
63 68 
63 60 
63 133 
63 209 
63 7 
63 175 
63 82 
63 144 
63 222 
63 220 
63 228 
63 140 
63 61 
63 180 
63 157 
63 36 
63 30 
63 155 
63 117 
63 119 
63 148 
63 31 
63 187 
63 3 
63 14 
63 137 
63 23 
63 27 
63 102 
63 231 
63 179 
63 41 
63 25 
63 26 
63 107 
63 95 
63 215 
64 119 
64 109 
64 49 
64 121 
64 96 
64 98 
64 214 
64 143 
64 122 
64 56 
64 178 
64 179 
64 129 
64 48 
64 137 
64 59 
64 57 
64 73 
64 45 
64 157 
64 94 
64 237 
64 141 
64 106 
64 115 
64 136 
64 78 
64 69 
64 42 
64 87 
64 139 
64 160 
64 38 
64 138 
64 31 
64 236 
64 219 
64 68 
64 169 
64 101 
64 146 
64 126 
64 108 
64 193 
64 194 
64 152 
64 206 
64 189 
64 3 
64 124 
64 202 
64 97 
64 127 
64 173 
64 203 
64 198 
65 30 
65 87 
65 224 
65 27 
65 192 
65 83 
65 206 
65 205 
65 23 
65 179 
65 63 
65 124 
65 76 
65 85 
65 49 
65 56 
65 232 
65 58 
65 19 
65 3 
65 14 
65 41 
65 106 
65 37 
65 67 
65 147 
65 110 
65 182 
65 172 
65 46 
65 185 
65 36 
65 175 
65 38 
65 89 
65 34 
65 70 
65 32 
65 197 
65 238 
65 22 
65 221 
65 74 
65 117 
65 216 
65 69 
65 168 
65 114 
65 149 
65 13 
65 40 
65 55 
65 194 
65 154 
65 33 
65 79 
66 70 
66 170 
66 49 
66 88 
66 69 
66 167 
66 90 
66 156 
66 133 
66 153 
66 113 
66 124 
66 98 
66 112 
66 20 
66 162 
66 212 
66 89 
66 206 
66 91 
66 53 
66 137 
66 214 
66 14 
66 193 
66 45 
66 197 
66 31 
66 54 
66 7 
66 59 
66 95 
66 9 
66 71 
66 182 
66 111 
66 126 
66 110 
66 85 
66 149 
66 52 
66 169 
66 15 
66 184 
66 221 
66 139 
66 19 
66 213 
66 77 
66 151 
66 99 
66 37 
66 10 
66 134 
66 210 
66 1 
66 132 
66 228 
66 185 
66 32 
66 86 
66 24 
66 159 
66 160 
66 62 
66 198 
66 75 
67 146 
67 132 
67 83 
67 21 
67 171 
67 127 
67 124 
67 169 
67 92 
67 65 
67 177 
67 46 
67 202 
67 13 
67 193 
67 116 
67 29 
67 126 
67 210 
67 79 
67 218 
67 103 
67 147 
67 176 
67 36 
67 178 
67 220 
67 230 
67 4 
67 112 
67 107 
67 200 
67 236 
67 1 
67 182 
67 96 
67 51 
68 200 
68 238 
68 111 
68 40 
68 83 
68 207 
68 81 
68 105 
68 126 
68 231 
68 132 
68 63 
68 166 
68 229 
68 36 
68 123 
68 82 
68 211 
68 131 
68 51 
68 71 
68 220 
68 8 
68 160 
68 156 
68 4 
68 117 
68 199 
68 64 
68 47 
68 228 
68 168 
68 178 
68 149 
68 112 
68 48 
68 0 
68 98 
68 158 
68 235 
68 118 
68 183 
68 54 
68 41 
68 19 
69 196 
69 120 
69 236 
69 194 
69 66 
69 179 
69 217 
69 227 
69 107 
69 36 
69 144 
69 219 
69 80 
69 171 
69 38 
69 14 
69 18 
69 180 
69 159 
69 87 
69 166 
69 220 
69 157 
69 119 
69 117 
69 64 
69 142 
69 53 
69 207 
69 58 
69 122 
69 16 
69 204 
69 92 
69 76 
69 13 
69 91 
69 149 
69 146 
69 225 
69 65 
69 205 
69 210 
69 99 
69 167 
69 73 
69 175 
69 26 
69 197 
69 238 
69 70 
69 51 
69 150 
69 173 
69 235 
69 143 
69 24 
69 110 
70 132 
70 38 
70 66 
70 29 
70 129 
70 160 
70 31 
70 199 
70 41 
70 98 
70 8 
70 238 
70 207 
70 141 
70 30 
70 82 
70 131 
70 42 
70 71 
70 48 
70 236 
70 88 
70 79 
70 178 
70 149 
70 206 
70 184 
70 85 
70 239 
70 49 
70 133 
70 99 
70 25 
70 65 
70 156 
70 195 
70 146 
70 204 
70 152 
70 125 
70 17 
70 69 
70 226 
70 77 
70 214 
70 21 
70 3 
70 115 
70 108 
70 58 
70 53 
71 188 
71 163 
71 27 
71 169 
71 2 
71 212 
71 211 
71 31 
71 73 
71 53 
71 38 
71 127 
71 54 
71 7 
71 190 
71 26 
71 191 
71 234 
71 175 
71 51 
71 164 
71 148 
71 213 
71 160 
71 77 
71 95 
71 136 
71 62 
71 131 
71 206 
71 70 
71 104 
71 84 
71 233 
71 68 
71 66 
71 224 
71 3 
71 196 
71 25 
71 179 
71 129 
71 173 
71 207 
71 187 
71 0 
71 121 
71 100 
71 18 
71 128 
71 115 
71 4 
71 9 
71 24 
71 157 
72 182 
72 179 
72 110 
72 177 
72 58 
72 152 
72 28 
72 109 
72 26 
72 31 
72 121 
72 205 
72 187 
72 11 
72 165 
72 8 
72 158 
72 15 
72 113 
72 171 
72 232 
72 142 
72 42 
72 193 
72 222 
72 157 
72 124 
72 237 
72 196 
72 195 
72 48 
72 43 
72 145 
72 96 
72 122 
72 119 
72 87 
72 128 
72 38 
72 148 
72 162 
72 90 
72 135 
72 40 
72 238 
72 206 
72 224 
73 102 
73 235 
73 71 
73 33 
73 152 
73 59 
73 238 
73 138 
73 230 
73 104 
73 108 
73 187 
73 24 
73 207 
73 64 
73 200 
73 32 
73 157 
73 132 
73 35 
73 225 
73 186 
73 62 
73 218 
73 107 
73 206 
73 47 
73 154 
73 52 
73 202 
73 76 
73 83 
73 6 
73 149 
73 231 
73 175 
73 189 
73 141 
73 15 
73 28 
73 40 
73 91 
73 237 
73 172 
73 69 
73 29 
73 116 
73 195 
73 115 
74 202 
74 201 
74 132 
74 7 
74 16 
74 90 
74 153 
74 157 
74 11 
74 191 
74 160 
74 110 
74 17 
74 38 
74 163 
74 232 
74 97 
74 103 
74 135 
74 182 
74 235 
74 173 
74 3 
74 24 
74 78 
74 35 
74 55 
74 58 
74 93 
74 65 
74 20 
74 76 
74 144 
74 136 
74 80 
74 96 
74 106 
74 167 
74 12 
74 190 
74 122 
74 141 
74 146 
74 57 
75 60 
75 221 
75 178 
75 227 
75 59 
75 76 
75 2 
75 61 
75 156 
75 176 
75 63 
75 183 
75 109 
75 146 
75 132 
75 131 
75 26 
75 34 
75 94 
75 192 
75 10 
75 45 
75 102 
75 122 
75 212 
75 152 
75 189 
75 207 
75 113 
75 33 
75 216 
75 148 
75 222 
75 223 
75 6 
75 228 
75 230 
75 213 
75 190 
75 88 
75 204 
75 41 
75 232 
75 173 
75 86 
75 99 
75 193 
75 209 
75 145 
75 35 
75 185 
75 168 
75 157 
75 97 
75 180 
75 151 
75 199 
75 62 
75 66 
76 168 
76 2 
76 23 
76 82 
76 75 
76 93 
76 157 
76 78 
76 24 
76 89 
76 178 
76 225 
76 207 
76 208 
76 18 
76 49 
76 65 
76 97 
76 215 
76 130 
76 8 
76 59 
76 112 
76 73 
76 158 
76 238 
76 171 
76 131 
76 192 
76 69 
76 153 
76 102 
76 3 
76 191 
76 74 
76 10 
76 38 
76 60 
76 13 
76 87 
76 32 
76 105 
76 85 
76 224 
76 155 
76 226 
76 111 
76 217 
76 61 
76 79 
76 223 
77 27 
77 81 
77 78 
77 33 
77 84 
77 135 
77 56 
77 115 
77 228 
77 57 
77 116 
77 71 
77 227 
77 36 
77 238 
77 109 
77 194 
77 18 
77 21 
77 11 
77 89 
77 90 
77 190 
77 104 
77 26 
77 144 
77 140 
77 46 
77 93 
77 66 
77 220 
77 99 
77 114 
77 95 
77 97 
77 30 
77 31 
77 70 
77 149 
77 20 
77 98 
77 181 
77 79 
77 10 
77 4 
77 34 
78 26 
78 204 
78 30 
78 195 
78 38 
78 219 
78 77 
78 82 
78 76 
78 189 
78 6 
78 106 
78 166 
78 49 
78 145 
78 151 
78 125 
78 99 
78 27 
78 64 
78 62 
78 61 
78 207 
78 205 
78 228 
78 134 
78 37 
78 158 
78 202 
78 152 
78 74 
78 208 
78 34 
78 29 
78 47 
78 79 
78 182 
78 133 
78 216 
78 104 
78 209 
78 215 
78 54 
78 122 
79 118 
79 160 
79 25 
79 42 
79 26 
79 206 
79 117 
79 182 
79 9 
79 89 
79 19 
79 199 
79 123 
79 6 
79 44 
79 114 
79 223 
79 121 
79 215 
79 131 
79 119 
79 205 
79 183 
79 202 
79 70 
79 51 
79 67 
79 138 
79 155 
79 43 
79 193 
79 50 
79 197 
79 38 
79 36 
79 102 
79 14 
79 78 
79 234 
79 228 
79 159 
79 230 
79 20 
79 92 
79 29 
79 126 
79 23 
79 166 
79 192 
79 53 
79 145 
79 218 
79 77 
79 65 
79 172 
79 76 
80 99 
80 92 
80 45 
80 0 
80 199 
80 162 
80 48 
80 104 
80 113 
80 40 
80 182 
80 226 
80 222 
80 14 
80 86 
80 131 
80 69 
80 153 
80 82 
80 209 
80 202 
80 176 
80 54 
80 172 
80 50 
80 22 
80 178 
80 197 
80 160 
80 90 
80 10 
80 34 
80 11 
80 115 
80 114 
80 187 
80 189 
80 128 
80 44 
80 56 
80 89 
80 7 
80 183 
80 167 
80 74 
80 106 
80 144 
80 139 
80 196 
80 163 
80 96 
80 175 
81 219 
81 60 
81 68 
81 77 
81 7 
81 89 
81 82 
81 16 
81 186 
81 93 
81 56 
81 239 
81 63 
81 163 
81 220 
81 198 
81 15 
81 207 
81 47 
81 86 
81 190 
81 20 
81 127 
81 34 
81 147 
81 124 
81 230 
81 94 
81 48 
81 182 
81 224 
81 154 
81 200 
81 145 
81 104 
81 184 
81 229 
81 170 
81 177 
81 55 
81 35 
81 153 
81 106 
81 156 
81 138 
81 31 
81 125 
82 165 
82 76 
82 239 
82 159 
82 228 
82 78 
82 215 
82 81 
82 217 
82 16 
82 169 
82 209 
82 93 
82 139 
82 23 
82 126 
82 38 
82 70 
82 68 
82 80 
82 131 
82 135 
82 102 
82 87 
82 63 
82 83 
82 112 
82 45 
82 176 
82 4 
82 48 
82 1 
82 157 
82 91 
82 191 
82 133 
82 231 
82 205 
82 180 
82 196 
82 152 
82 100 
82 13 
82 207 
82 232 
82 201 
82 125 
82 43 
82 137 
82 129 
82 216 
82 104 
82 32 
82 30 
82 221 
82 26 
83 165 
83 116 
83 40 
83 54 
83 225 
83 102 
83 183 
83 68 
83 139 
83 21 
83 67 
83 236 
83 65 
83 219 
83 113 
83 213 
83 215 
83 1 
83 154 
83 33 
83 106 
83 176 
83 179 
83 82 
83 25 
83 230 
83 239 
83 173 
83 46 
83 10 
83 212 
83 73 
83 97 
83 16 
83 101 
83 28 
83 13 
83 91 
83 3 
83 178 
83 18 
83 151 
83 104 
83 43 
83 143 
83 136 
83 48 
83 49 
83 141 
83 170 
83 192 
83 110 
83 237 
83 172 
84 210 
84 169 
84 138 
84 8 
84 77 
84 197 
84 62 
84 103 
84 149 
84 125 
84 147 
84 193 
84 217 
84 27 
84 5 
84 130 
84 71 
84 87 
84 14 
84 166 
84 59 
84 172 
84 92 
84 35 
84 25 
84 180 
84 229 
84 121 
84 40 
84 46 
84 61 
84 9 
84 185 
84 191 
84 177 
84 168 
84 24 
84 118 
84 101 
84 128 
84 38 
84 221 
84 45 
84 34 
84 4 
84 148 
84 198 
84 41 
84 111 
84 29 
84 104 
84 109 
84 207 
84 43 
84 239 
84 96 
85 112 
85 38 
85 189 
85 191 
85 172 
85 180 
85 232 
85 17 
85 65 
85 131 
85 37 
85 153 
85 133 
85 88 
85 101 
85 123 
85 5 
85 42 
85 50 
85 53 
85 204 
85 174 
85 136 
85 70 
85 116 
85 32 
85 66 
85 214 
85 120 
85 108 
85 135 
85 102 
85 213 
85 155 
85 219 
85 13 
85 177 
85 137 
85 193 
85 159 
85 229 
85 54 
85 34 
85 76 
85 167 
85 28 
85 212 
85 90 
85 154 
86 170 
86 190 
86 30 
86 131 
86 197 
86 124 
86 110 
86 11 
86 203 
86 173 
86 19 
86 171 
86 107 
86 196 
86 234 
86 236 
86 228 
86 80 
86 160 
86 91 
86 233 
86 220 
86 166 
86 48 
86 51 
86 81 
86 24 
86 34 
86 129 
86 182 
86 128 
86 97 
86 43 
86 133 
86 75 
86 162 
86 46 
86 139 
86 183 
86 135 
86 116 
86 102 
86 12 
86 223 
86 98 
86 204 
86 123 
86 150 
86 192 
86 49 
86 109 
86 66 
86 96 
86 87 
87 184 
87 65 
87 43 
87 50 
87 21 
87 232 
87 168 
87 63 
87 153 
87 62 
87 206 
87 154 
87 218 
87 140 
87 222 
87 157 
87 82 
87 69 
87 219 
87 84 
87 101 
87 125 
87 10 
87 64 
87 112 
87 97 
87 214 
87 60 
87 204 
87 22 
87 3 
87 162 
87 99 
87 173 
87 20 
87 136 
87 94 
87 103 
87 5 
87 216 
87 28 
87 213 
87 72 
87 106 
87 76 
87 146 
87 117 
87 86 
87 124 
88 184 
88 185 
88 125 
88 19 
88 66 
88 137 
88 31 
88 103 
88 8 
88 55 
88 39 
88 26 
88 181 
88 131 
88 10 
88 129 
88 85 
88 97 
88 56 
88 60 
88 32 
88 70 
88 234 
88 110 
88 75 
88 214 
88 174 
88 191 
88 44 
88 190 
88 155 
88 186 
88 233 
88 171 
88 205 
88 111 
88 43 
88 199 
88 192 
88 128 
88 4 
88 21 
88 167 
88 216 
89 207 
89 94 
89 197 
89 40 
89 43 
89 233 
89 15 
89 55 
89 81 
89 142 
89 76 
89 125 
89 14 
89 92 
89 181 
89 79 
89 45 
89 217 
89 122 
89 221 
89 118 
89 185 
89 66 
89 49 
89 52 
89 104 
89 173 
89 54 
89 156 
89 189 
89 187 
89 9 
89 123 
89 77 
89 120 
89 29 
89 168 
89 162 
89 65 
89 166 
89 101 
89 90 
89 163 
89 80 
89 30 
89 22 
89 176 
89 141 
89 158 
89 41 
89 212 
90 174 
90 204 
90 54 
90 146 
90 56 
90 141 
90 10 
90 144 
90 132 
90 66 
90 184 
90 74 
90 131 
90 176 
90 44 
90 124 
90 45 
90 148 
90 154 
90 93 
90 183 
90 223 
90 164 
90 77 
90 38 
90 188 
90 80 
90 105 
90 149 
90 123 
90 194 
90 91 
90 89 
90 120 
90 92 
90 165 
90 137 
90 198 
90 239 
90 32 
90 237 
90 231 
90 57 
90 72 
90 155 
90 153 
90 211 
90 85 
91 187 
91 205 
91 108 
91 195 
91 185 
91 122 
91 44 
91 202 
91 200 
91 221 
91 198 
91 86 
91 111 
91 45 
91 129 
91 46 
91 66 
91 51 
91 43 
91 157 
91 82 
91 212 
91 131 
91 24 
91 234 
91 83 
91 47 
91 90 
91 69 
91 29 
91 163 
91 61 
91 38 
91 11 
91 73 
91 144 
91 125 
91 201 
91 2 
91 35 
91 32 
91 206 
91 114 
91 155 
92 80 
92 111 
92 225 
92 149 
92 132 
92 37 
92 222 
92 101 
92 53 
92 52 
92 234 
92 89 
92 176 
92 119 
92 173 
92 35 
92 67 
92 180 
92 214 
92 121 
92 22 
92 190 
92 27 
92 170 
92 19 
92 191 
92 36 
92 146 
92 84 
92 14 
92 51 
92 69 
92 198 
92 29 
92 96 
92 155 
92 90 
92 138 
92 44 
92 118 
92 237 
92 100 
92 108 
92 181 
92 104 
92 79 
92 61 
92 203 
92 144 
92 133 
92 31 
92 11 
92 221 
93 100 
93 214 
93 203 
93 222 
93 76 
93 81 
93 10 
93 28 
93 4 
93 82 
93 218 
93 129 
93 98 
93 127 
93 158 
93 42 
93 116 
93 190 
93 31 
93 2 
93 39 
93 90 
93 120 
93 37 
93 103 
93 12 
93 238 
93 164 
93 77 
93 74 
93 160 
93 128 
93 194 
93 181 
93 8 
93 96 
93 53 
93 55 
93 177 
93 146 
93 46 
94 89 
94 12 
94 26 
94 53 
94 171 
94 161 
94 55 
94 236 
94 75 
94 49 
94 198 
94 160 
94 54 
94 64 
94 118 
94 223 
94 57 
94 22 
94 114 
94 37 
94 214 
94 190 
94 116 
94 11 
94 33 
94 184 
94 152 
94 197 
94 202 
94 156 
94 151 
94 81 
94 8 
94 233 
94 220 
94 97 
94 87 
94 205 
94 212 
94 52 
94 185 
94 109 
94 234 
94 232 
94 231 
94 176 
94 169 
94 187 
94 36 
94 35 
94 139 
94 121 
94 149 
95 117 
95 97 
95 210 
95 46 
95 130 
95 222 
95 180 
95 205 
95 207 
95 2 
95 187 
95 150 
95 101 
95 214 
95 71 
95 18 
95 57 
95 175 
95 151 
95 66 
95 138 
95 191 
95 194 
95 114 
95 16 
95 208 
95 164 
95 188 
95 193 
95 166 
95 43 
95 127 
95 145 
95 129 
95 137 
95 40 
95 77 
95 161 
95 35 
95 203 
95 108 
95 107 
95 217 
95 237 
95 14 
95 63 
95 197 
96 134 
96 208 
96 64 
96 7 
96 123 
96 22 
96 219 
96 143 
96 202 
96 104 
96 10 
96 32 
96 194 
96 168 
96 189 
96 187 
96 136 
96 178 
96 6 
96 44 
96 29 
96 157 
96 42 
96 47 
96 92 
96 113 
96 201 
96 72 
96 124 
96 74 
96 93 
96 114 
96 231 
96 179 
96 212 
96 86 
96 238 
96 236 
96 80 
96 9 
96 67 
96 186 
96 84 
97 161 
97 124 
97 95 
97 171 
97 167 
97 137 
97 119 
97 198 
97 31 
97 126 
97 112 
97 134 
97 14 
97 239 
97 226 
97 190 
97 176 
97 76 
97 182 
97 227 
97 121 
97 61 
97 88 
97 115 
97 74 
97 235 
97 86 
97 87 
97 225 
97 83 
97 26 
97 94 
97 213 
97 189 
97 22 
97 228 
97 181 
97 158 
97 236 
97 211 
97 195 
97 3 
97 77 
97 193 
97 75 
97 174 
97 45 
97 178 
97 212 
97 64 
97 229 
97 42 
97 179 
97 43 
97 11 
97 173 
98 211 
98 204 
98 229 
98 64 
98 117 
98 178 
98 162 
98 176 
98 232 
98 70 
98 61 
98 210 
98 101 
98 66 
98 107 
98 43 
98 93 
98 170 
98 50 
98 173 
98 106 
98 137 
98 11 
98 181 
98 200 
98 123 
98 219 
98 46 
98 115 
98 4 
98 133 
98 53 
98 27 
98 86 
98 151 
98 197 
98 199 
98 10 
98 228 
98 220 
98 99 
98 154 
98 3 
98 68 
98 225 
98 77 
98 202 
98 8 
98 33 
98 32 
99 80 
99 25 
99 212 
99 153 
99 141 
99 121 
99 123 
99 51 
99 129 
99 130 
99 15 
99 158 
99 40 
99 196 
99 239 
99 209 
99 78 
99 228 
99 115 
99 113 
99 164 
99 110 
99 47 
99 100 
99 116 
99 87 
99 75 
99 62 
99 70 
99 148 
99 21 
99 39 
99 112 
99 66 
99 227 
99 147 
99 77 
99 69 
99 173 
99 187 
99 98 
99 218 
99 220 
99 30 
99 124 
99 48 
99 183 
99 174 
99 142 
99 155 
99 102 
100 93 
100 227 
100 21 
100 55 
100 13 
100 4 
100 50 
100 159 
100 23 
100 126 
100 199 
100 36 
100 133 
100 179 
100 180 
100 53 
100 106 
100 103 
100 99 
100 195 
100 217 
100 178 
100 135 
100 62 
100 146 
100 172 
100 11 
100 113 
100 119 
100 82 
100 71 
100 156 
100 92 
100 9 
100 111 
100 165 
100 108 
100 154 
100 221 
100 171 
100 37 
100 20 
101 132 
101 195 
101 117 
101 54 
101 120 
101 6 
101 29 
101 21 
101 92 
101 180 
101 212 
101 118 
101 38 
101 199 
101 98 
101 185 
101 22 
101 194 
101 95 
101 85 
101 129 
101 153 
101 121 
101 16 
101 31 
101 61 
101 166 
101 40 
101 149 
101 87 
101 215 
101 229 
101 105 
101 208 
101 46 
101 83 
101 196 
101 232 
101 64 
101 89 
101 0 
101 109 
101 236 
101 234 
101 44 
101 84 
101 181 
101 156 
101 131 
101 37 
101 182 
101 62 
101 134 
101 224 
102 73 
102 83 
102 222 
102 168 
102 211 
102 23 
102 227 
102 160 
102 103 
102 75 
102 157 
102 44 
102 20 
102 185 
102 143 
102 9 
102 8 
102 214 
102 82 
102 138 
102 239 
102 2 
102 148 
102 114 
102 45 
102 119 
102 24 
102 118 
102 51 
102 14 
102 85 
102 76 
102 86 
102 79 
102 145 
102 183 
102 46 
102 106 
102 11 
102 63 
102 19 
102 137 
102 152 
102 56 
102 31 
102 169 
102 99 
103 220 
103 30 
103 32 
103 52 
103 173 
103 205 
103 88 
103 102 
103 84 
103 199 
103 170 
103 200 
103 231 
103 112 
103 152 
103 195 
103 109 
103 153 
103 168 
103 190 
103 116 
103 214 
103 100 
103 74 
103 54 
103 93 
103 208 
103 53 
103 67 
103 202 
103 145 
103 87 
103 59 
103 150 
103 20 
103 154 
103 146 
103 14 
103 26 
103 236 
103 234 
103 117 
103 133 
103 221 
103 233 
103 107 
103 230 
103 17 
103 216 
103 138 
103 6 
104 216 
104 10 
104 80 
104 159 
104 194 
104 73 
104 201 
104 162 
104 96 
104 237 
104 180 
104 57 
104 8 
104 3 
104 151 
104 203 
104 32 
104 89 
104 190 
104 71 
104 56 
104 124 
104 30 
104 199 
104 21 
104 134 
104 77 
104 130 
104 206 
104 166 
104 81 
104 167 
104 155 
104 35 
104 106 
104 176 
104 6 
104 24 
104 83 
104 168 
104 141 
104 113 
104 92 
104 144 
104 84 
104 82 
104 78 
104 109 
105 211 
105 122 
105 173 
105 68 
105 51 
105 171 
105 207 
105 116 
105 209 
105 180 
105 159 
105 155 
105 9 
105 46 
105 150 
105 195 
105 183 
105 129 
105 57 
105 106 
105 0 
105 142 
105 120 
105 128 
105 222 
105 169 
105 182 
105 5 
105 101 
105 224 
105 90 
105 43 
105 8 
105 139 
105 200 
105 137 
105 16 
105 50 
105 235 
105 179 
105 214 
105 76 
105 136 
106 31 
106 169 
106 49 
106 191 
106 230 
106 218 
106 223 
106 24 
106 78 
106 36 
106 83 
106 139 
106 28 
106 41 
106 110 
106 40 
106 195 
106 65 
106 29 
106 64 
106 5 
106 122 
106 186 
106 30 
106 98 
106 105 
106 113 
106 112 
106 124 
106 100 
106 215 
106 60 
106 202 
106 25 
106 43 
106 165 
106 180 
106 127 
106 168 
106 104 
106 176 
106 22 
106 87 
106 4 
106 80 
106 177 
106 102 
106 7 
106 126 
106 74 
106 81 
106 152 
106 52 
106 143 
106 17 
106 107 
106 130 
106 157 
107 37 
107 199 
107 11 
107 178 
107 160 
107 238 
107 40 
107 132 
107 69 
107 86 
107 61 
107 12 
107 233 
107 98 
107 18 
107 35 
107 73 
107 24 
107 226 
107 157 
107 6 
107 149 
107 179 
107 227 
107 2 
107 188 
107 44 
107 200 
107 1 
107 67 
107 55 
107 192 
107 103 
107 95 
107 164 
107 204 
107 141 
107 49 
107 63 
107 131 
107 106 
108 184 
108 165 
108 91 
108 234 
108 195 
108 189 
108 176 
108 73 
108 197 
108 52 
108 190 
108 28 
108 11 
108 29 
108 8 
108 188 
108 227 
108 59 
108 35 
108 1 
108 163 
108 155 
108 210 
108 37 
108 158 
108 199 
108 85 
108 64 
108 185 
108 233 
108 148 
108 212 
108 122 
108 111 
108 92 
108 95 
108 215 
108 191 
108 100 
108 24 
108 173 
108 15 
108 70 
108 211 
108 0 
108 130 
108 124 
109 156 
109 64 
109 75 
109 221 
109 72 
109 4 
109 132 
109 31 
109 137 
109 52 
109 147 
109 214 
109 5 
109 185 
109 171 
109 178 
109 2 
109 103 
109 0 
109 169 
109 24 
109 77 
109 33 
109 215 
109 3 
109 29 
109 40 
109 152 
109 229 
109 10 
109 198 
109 124 
109 173 
109 101 
109 94 
109 116 
109 177 
109 142 
109 145 
109 159 
109 86 
109 84 
109 1 
109 188 
109 104 
110 63 
110 145 
110 72 
110 210 
110 173 
110 178 
110 86 
110 186 
110 159 
110 55 
110 19 
110 147 
110 231 
110 106 
110 74 
110 130 
110 50 
110 65 
110 113 
110 30 
110 157 
110 174 
110 99 
110 88 
110 232 
110 66 
110 222 
110 10 
110 59 
110 61 
110 53 
110 217 
110 37 
110 158 
110 207 
110 161 
110 155 
110 141 
110 176 
110 196 
110 35 
110 114 
110 83 
110 69 
110 31 
110 208 
111 92 
111 223 
111 28 
111 68 
111 192 
111 40 
111 118 
111 43 
111 228 
111 124 
111 91 
111 227 
111 201 
111 58 
111 165 
111 11 
111 32 
111 17 
111 55 
111 9 
111 66 
111 146 
111 215 
111 158 
111 45 
111 127 
111 88 
111 37 
111 114 
111 113 
111 214 
111 108 
111 199 
111 84 
111 100 
111 181 
111 211 
111 217 
111 122 
111 147 
111 76 
111 179 
111 50 
111 38 
111 175 
111 119 
112 85 
112 230 
112 172 
112 231 
112 174 
112 59 
112 239 
112 136 
112 97 
112 217 
112 166 
112 133 
112 30 
112 5 
112 66 
112 141 
112 160 
112 158 
112 152 
112 140 
112 46 
112 103 
112 189 
112 134 
112 154 
112 168 
112 82 
112 156 
112 106 
112 238 
112 180 
112 131 
112 87 
112 76 
112 61 
112 207 
112 157 
112 99 
112 223 
112 159 
112 232 
112 20 
112 2 
112 10 
112 67 
112 121 
112 196 
112 68 
112 7 
112 44 
112 60 
112 53 
112 128 
112 222 
112 117 
112 186 
113 238 
113 130 
113 33 
113 182 
113 80 
113 35 
113 189 
113 114 
113 83 
113 25 
113 151 
113 54 
113 66 
113 3 
113 115 
113 75 
113 110 
113 72 
113 137 
113 106 
113 99 
113 134 
113 46 
113 215 
113 186 
113 201 
113 214 
113 171 
113 43 
113 58 
113 31 
113 4 
113 6 
113 96 
113 100 
113 111 
113 13 
113 136 
113 14 
113 104 
113 196 
113 234 
113 116 
113 26 
113 47 
114 186 
114 141 
114 17 
114 175 
114 182 
114 14 
114 113 
114 129 
114 161 
114 13 
114 29 
114 172 
114 215 
114 79 
114 142 
114 94 
114 47 
114 139 
114 48 
114 102 
114 95 
114 218 
114 80 
114 2 
114 36 
114 19 
114 199 
114 231 
114 227 
114 77 
114 111 
114 115 
114 221 
114 146 
114 65 
114 96 
114 140 
114 119 
114 208 
114 188 
114 174 
114 211 
114 110 
114 91 
115 185 
115 232 
115 186 
115 166 
115 213 
115 2 
115 20 
115 57 
115 189 
115 151 
115 77 
115 42 
115 15 
115 113 
115 230 
115 4 
115 233 
115 64 
115 99 
115 97 
115 173 
115 204 
115 190 
115 172 
115 80 
115 98 
115 174 
115 143 
115 183 
115 114 
115 161 
115 182 
115 71 
115 137 
115 225 
115 136 
115 200 
115 70 
115 47 
115 41 
115 228 
115 17 
115 129 
115 73 
116 39 
116 10 
116 83 
116 141 
116 182 
116 118 
116 173 
116 214 
116 19 
116 15 
116 59 
116 156 
116 105 
116 177 
116 186 
116 234 
116 135 
116 51 
116 26 
116 30 
116 183 
116 77 
116 93 
116 3 
116 103 
116 94 
116 67 
116 140 
116 4 
116 85 
116 99 
116 172 
116 12 
116 117 
116 223 
116 210 
116 21 
116 86 
116 205 
116 144 
116 203 
116 181 
116 109 
116 62 
116 40 
116 187 
116 155 
116 132 
116 127 
116 123 
116 209 
116 217 
116 179 
116 229 
116 73 
116 227 
116 113 
116 27 
116 22 
116 152 
117 95 
117 224 
117 101 
117 216 
117 98 
117 121 
117 79 
117 38 
117 21 
117 49 
117 51 
117 213 
117 190 
117 29 
117 167 
117 125 
117 69 
117 169 
117 153 
117 68 
117 197 
117 43 
117 195 
117 116 
117 237 
117 58 
117 63 
117 127 
117 65 
117 206 
117 48 
117 193 
117 14 
117 103 
117 87 
117 210 
117 0 
117 112 
117 198 
117 61 
118 79 
118 155 
118 126 
118 216 
118 116 
118 63 
118 138 
118 52 
118 33 
118 111 
118 62 
118 101 
118 177 
118 229 
118 89 
118 220 
118 94 
118 184 
118 13 
118 53 
118 208 
118 152 
118 127 
118 36 
118 19 
118 24 
118 40 
118 188 
118 165 
118 34 
118 174 
118 102 
118 15 
118 204 
118 84 
118 92 
118 150 
118 166 
118 68 
118 32 
118 203 
118 224 
118 186 
119 64 
119 222 
119 152 
119 177 
119 210 
119 97 
119 193 
119 13 
119 124 
119 208 
119 171 
119 194 
119 176 
119 235 
119 92 
119 225 
119 44 
119 169 
119 221 
119 175 
119 79 
119 202 
119 32 
119 69 
119 3 
119 60 
119 102 
119 47 
119 172 
119 209 
119 138 
119 63 
119 148 
119 183 
119 100 
119 72 
119 190 
119 239 
119 234 
119 185 
119 114 
119 134 
119 230 
119 195 
119 21 
119 6 
119 141 
119 143 
119 111 
120 63 
120 194 
120 69 
120 206 
120 15 
120 101 
120 223 
120 150 
120 190 
120 205 
120 235 
120 130 
120 11 
120 181 
120 122 
120 105 
120 93 
120 89 
120 184 
120 85 
120 55 
120 32 
120 124 
120 9 
120 90 
120 25 
120 155 
120 182 
120 189 
120 23 
120 22 
120 44 
120 159 
120 149 
120 169 
120 156 
120 233 
121 124 
121 129 
121 174 
121 47 
121 64 
121 191 
121 134 
121 230 
121 43 
121 99 
121 225 
121 117 
121 40 
121 72 
121 164 
121 97 
121 162 
121 79 
121 144 
121 92 
121 101 
121 182 
121 155 
121 140 
121 219 
121 135 
121 212 
121 23 
121 13 
121 190 
121 205 
121 133 
121 215 
121 84 
121 232 
121 167 
121 44 
121 71 
121 231 
121 216 
121 112 
121 51 
121 234 
121 201 
121 94 
121 139 
122 105 
122 0 
122 2 
122 196 
122 187 
122 194 
122 49 
122 22 
122 59 
122 64 
122 183 
122 91 
122 235 
122 220 
122 75 
122 132 
122 89 
122 169 
122 15 
122 10 
122 142 
122 27 
122 8 
122 123 
122 106 
122 52 
122 190 
122 178 
122 12 
122 120 
122 228 
122 203 
122 148 
122 168 
122 69 
122 24 
122 193 
122 176 
122 226 
122 141 
122 171 
122 160 
122 28 
122 4 
122 136 
122 31 
122 205 
122 234 
122 155 
122 72 
122 216 
122 108 
122 39 
122 147 
122 217 
122 74 
122 125 
122 172 
122 111 
122 58 
122 78 
123 179 
123 156 
123 14 
123 193 
123 36 
123 96 
123 9 
123 47 
123 20 
123 23 
123 99 
123 40 
123 13 
123 150 
123 235 
123 45 
123 79 
123 220 
123 68 
123 137 
123 185 
123 122 
123 85 
123 133 
123 218 
123 226 
123 167 
123 30 
123 89 
123 44 
123 27 
123 98 
123 124 
123 155 
123 90 
123 1 
123 182 
123 21 
123 177 
123 188 
123 217 
123 135 
123 54 
123 86 
123 202 
123 116 
123 48 
123 19 
123 46 
123 233 
123 139 
123 184 
123 32 
124 121 
124 97 
124 41 
124 150 
124 28 
124 1 
124 86 
124 166 
124 145 
124 119 
124 65 
124 151 
124 220 
124 66 
124 177 
124 111 
124 90 
124 67 
124 20 
124 10 
124 149 
124 37 
124 192 
124 106 
124 35 
124 216 
124 218 
124 104 
124 81 
124 72 
124 140 
124 180 
124 181 
124 123 
124 234 
124 226 
124 31 
124 120 
124 109 
124 131 
124 144 
124 4 
124 143 
124 96 
124 164 
124 135 
124 195 
124 64 
124 99 
124 8 
124 11 
124 227 
124 87 
124 108 
124 203 
125 137 
125 164 
125 168 
125 183 
125 88 
125 223 
125 0 
125 26 
125 236 
125 89 
125 228 
125 176 
125 229 
125 201 
125 84 
125 217 
125 239 
125 39 
125 117 
125 78 
125 172 
125 29 
125 43 
125 87 
125 130 
125 48 
125 31 
125 195 
125 59 
125 235 
125 212 
125 91 
125 70 
125 200 
125 207 
125 16 
125 82 
125 46 
125 238 
125 122 
125 152 
125 202 
125 81 
126 134 
126 4 
126 118 
126 181 
126 223 
126 68 
126 213 
126 215 
126 192 
126 97 
126 190 
126 187 
126 137 
126 139 
126 185 
126 82 
126 171 
126 100 
126 16 
126 52 
126 54 
126 66 
126 41 
126 67 
126 56 
126 61 
126 158 
126 33 
126 29 
126 145 
126 148 
126 136 
126 149 
126 163 
126 160 
126 64 
126 38 
126 0 
126 166 
126 225 
126 238 
126 183 
126 19 
126 79 
126 106 
126 231 
126 12 
126 179 
127 16 
127 169 
127 193 
127 219 
127 177 
127 4 
127 137 
127 8 
127 71 
127 187 
127 157 
127 166 
127 55 
127 67 
127 37 
127 145 
127 134 
127 2 
127 93 
127 175 
127 43 
127 224 
127 216 
127 57 
127 118 
127 81 
127 176 
127 15 
127 32 
127 135 
127 106 
127 95 
127 183 
127 60 
127 202 
127 25 
127 117 
127 236 
127 111 
127 184 
127 116 
127 172 
127 20 
127 217 
127 194 
127 64 
127 140 
128 20 
128 224 
128 141 
128 232 
128 158 
128 159 
128 205 
128 62 
128 178 
128 187 
128 197 
128 183 
128 150 
128 200 
128 105 
128 86 
128 219 
128 223 
128 237 
128 11 
128 37 
128 231 
128 58 
128 80 
128 182 
128 18 
128 170 
128 84 
128 93 
128 72 
128 27 
128 22 
128 166 
128 160 
128 172 
128 88 
128 71 
128 195 
128 217 
128 220 
128 112 
128 201 
129 121 
129 30 
129 25 
129 70 
129 47 
129 239 
129 185 
129 181 
129 3 
129 235 
129 64 
129 180 
129 114 
129 190 
129 99 
129 11 
129 93 
129 215 
129 53 
129 52 
129 211 
129 48 
129 88 
129 91 
129 101 
129 105 
129 160 
129 132 
129 16 
129 86 
129 179 
129 200 
129 176 
129 133 
129 36 
129 226 
129 238 
129 152 
129 157 
129 151 
129 71 
129 130 
129 166 
129 95 
129 34 
129 4 
129 44 
129 5 
129 162 
129 62 
129 225 
129 40 
129 174 
129 82 
129 155 
129 161 
129 60 
129 115 
130 168 
130 113 
130 34 
130 95 
130 43 
130 59 
130 217 
130 136 
130 21 
130 48 
130 49 
130 228 
130 99 
130 147 
130 17 
130 165 
130 233 
130 110 
130 37 
130 28 
130 76 
130 24 
130 172 
130 84 
130 120 
130 213 
130 207 
130 175 
130 125 
130 232 
130 6 
130 191 
130 222 
130 104 
130 152 
130 129 
130 211 
130 51 
130 42 
130 202 
130 150 
130 163 
130 216 
130 161 
130 39 
130 4 
130 194 
130 23 
130 106 
130 108 
130 35 
131 199 
131 134 
131 216 
131 86 
131 173 
131 214 
131 154 
131 190 
131 141 
131 0 
131 75 
131 133 
131 90 
131 88 
131 80 
131 85 
131 46 
131 39 
131 51 
131 70 
131 82 
131 236 
131 71 
131 68 
131 33 
131 79 
131 156 
131 143 
131 165 
131 112 
131 5 
131 232 
131 155 
131 191 
131 197 
131 26 
131 208 
131 91 
131 162 
131 47 
131 76 
131 124 
131 185 
131 233 
131 146 
131 138 
131 35 
131 101 
131 147 
131 37 
131 19 
131 18 
131 142 
131 107 
131 158 
131 163 
132 101 
132 70 
132 185 
132 67 
132 33 
132 75 
132 181 
132 74 
132 53 
132 92 
132 68 
132 90 
132 59 
132 24 
132 22 
132 107 
132 10 
132 109 
132 122 
132 23 
132 73 
132 210 
132 20 
132 177 
132 202 
132 198 
132 154 
132 178 
132 148 
132 144 
132 129 
132 183 
132 162 
132 239 
132 30 
132 116 
132 66 
132 184 
132 18 
132 220 
132 169 
132 136 
132 151 
133 188 
133 48 
133 196 
133 192 
133 183 
133 175 
133 39 
133 37 
133 131 
133 66 
133 112 
133 144 
133 220 
133 179 
133 146 
133 63 
133 85 
133 123 
133 100 
133 194 
133 228 
133 129 
133 86 
133 162 
133 121 
133 70 
133 141 
133 82 
133 239 
133 98 
133 42 
133 62 
133 11 
133 151 
133 159 
133 78 
133 198 
133 160 
133 103 
133 178 
133 222 
133 206 
133 212 
133 92 
133 200 
133 163 
134 126 
134 230 
134 161 
134 131 
134 96 
134 121 
134 1 
134 97 
134 24 
134 166 
134 22 
134 194 
134 172 
134 33 
134 239 
134 127 
134 135 
134 195 
134 112 
134 5 
134 157 
134 145 
134 37 
134 235 
134 113 
134 43 
134 104 
134 78 
134 52 
134 16 
134 218 
134 174 
134 193 
134 175 
134 66 
134 219 
134 49 
134 9 
134 30 
134 163 
134 119 
134 60 
134 137 
134 41 
134 101 
134 177 
134 168 
134 55 
135 63 
135 60 
135 28 
135 157 
135 77 
135 202 
135 210 
135 116 
135 42 
135 15 
135 183 
135 134 
135 62 
135 82 
135 13 
135 194 
135 152 
135 61 
135 121 
135 150 
135 37 
135 74 
135 11 
135 149 
135 211 
135 100 
135 21 
135 127 
135 50 
135 86 
135 85 
135 139 
135 123 
135 226 
135 162 
135 215 
135 151 
135 209 
135 199 
135 223 
135 124 
135 72 
135 168 
135 8 
135 155 
135 14 
135 137 
136 167 
136 208 
136 202 
136 59 
136 143 
136 152 
136 112 
136 210 
136 222 
136 51 
136 130 
136 173 
136 34 
136 19 
136 190 
136 205 
136 38 
136 71 
136 157 
136 64 
136 8 
136 145 
136 85 
136 50 
136 96 
136 40 
136 126 
136 162 
136 87 
136 197 
136 39 
136 3 
136 122 
136 142 
136 37 
136 74 
136 113 
136 83 
136 60 
136 4 
136 115 
136 42 
136 12 
136 185 
136 139 
136 219 
136 237 
136 203 
136 105 
136 132 
136 53 
136 239 
137 47 
137 218 
137 172 
137 176 
137 125 
137 181 
137 163 
137 97 
137 88 
137 127 
137 45 
137 126 
137 0 
137 64 
137 34 
137 109 
137 43 
137 60 
137 197 
137 183 
137 18 
137 144 
137 123 
137 66 
137 113 
137 10 
137 151 
137 4 
137 48 
137 98 
137 12 
137 201 
137 198 
137 224 
137 230 
137 1 
137 191 
137 215 
137 95 
137 105 
137 85 
137 50 
137 223 
137 90 
137 63 
137 180 
137 115 
137 182 
137 30 
137 102 
137 82 
137 134 
137 146 
137 192 
137 38 
137 135 
138 84 
138 118 
138 4 
138 205 
138 233 
138 73 
138 217 
138 168 
138 150 
138 47 
138 5 
138 139 
138 39 
138 49 
138 43 
138 153 
138 152 
138 167 
138 57 
138 181 
138 102 
138 186 
138 20 
138 59 
138 189 
138 13 
138 7 
138 95 
138 58 
138 64 
138 9 
138 172 
138 79 
138 142 
138 166 
138 119 
138 92 
138 131 
138 175 
138 22 
138 227 
138 206 
138 81 
138 103 
138 21 
139 151 
139 83 
139 209 
139 140 
139 208 
139 235 
139 138 
139 106 
139 82 
139 45 
139 126 
139 55 
139 61 
139 47 
139 59 
139 36 
139 114 
139 145 
139 5 
139 64 
139 234 
139 173 
139 66 
139 86 
139 29 
139 150 
139 180 
139 105 
139 43 
139 135 
139 94 
139 166 
139 42 
139 165 
139 136 
139 161 
139 33 
139 80 
139 121 
139 123 
139 13 
140 237 
140 139 
140 209 
140 161 
140 6 
140 112 
140 62 
140 87 
140 44 
140 13 
140 36 
140 23 
140 63 
140 116 
140 121 
140 231 
140 172 
140 124 
140 230 
140 221 
140 175 
140 77 
140 7 
140 178 
140 233 
140 114 
140 58 
140 214 
140 195 
140 227 
140 127 
141 116 
141 114 
141 39 
141 128 
141 90 
141 131 
141 99 
141 191 
141 163 
141 173 
141 205 
141 35 
141 27 
141 182 
141 112 
141 70 
141 206 
141 64 
141 188 
141 48 
141 187 
141 29 
141 146 
141 16 
141 147 
141 38 
141 62 
141 156 
141 190 
141 122 
141 1 
141 237 
141 178 
141 177 
141 28 
141 133 
141 43 
141 73 
141 171 
141 234 
141 22 
141 110 
141 34 
141 104 
141 89 
141 37 
141 83 
141 228 
141 119 
141 107 
141 14 
141 74 
141 162 
141 33 
141 203 
142 156 
142 225 
142 227 
142 89 
142 193 
142 211 
142 185 
142 179 
142 229 
142 12 
142 122 
142 208 
142 21 
142 37 
142 114 
142 33 
142 166 
142 232 
142 55 
142 47 
142 72 
142 105 
142 69 
142 181 
142 144 
142 160 
142 182 
142 221 
142 199 
142 25 
142 27 
142 54 
142 154 
142 138 
142 150 
142 187 
142 202 
142 158 
142 212 
142 24 
142 136 
142 164 
142 109 
142 19 
142 30 
142 206 
142 226 
142 131 
142 1 
142 172 
142 99 
142 0 
143 25 
143 43 
143 136 
143 64 
143 53 
143 40 
143 171 
143 96 
143 102 
143 212 
143 48 
143 131 
143 27 
143 159 
143 61 
143 193 
143 219 
143 4 
143 161 
143 149 
143 148 
143 115 
143 124 
143 1 
143 155 
143 55 
143 156 
143 151 
143 83 
143 220 
143 232 
143 106 
143 37 
143 69 
143 119 
143 236 
143 237 
144 193 
144 164 
144 90 
144 157 
144 2 
144 69 
144 32 
144 170 
144 23 
144 200 
144 133 
144 13 
144 137 
144 232 
144 227 
144 178 
144 12 
144 41 
144 121 
144 185 
144 63 
144 18 
144 177 
144 132 
144 142 
144 19 
144 194 
144 201 
144 237 
144 57 
144 77 
144 51 
144 149 
144 124 
144 116 
144 168 
144 189 
144 234 
144 203 
144 91 
144 74 
144 39 
144 47 
144 80 
144 104 
144 24 
144 92 
144 230 
144 44 
145 60 
145 110 
145 219 
145 41 
145 204 
145 11 
145 34 
145 124 
145 38 
145 17 
145 225 
145 13 
145 127 
145 158 
145 212 
145 169 
145 78 
145 150 
145 134 
145 136 
145 191 
145 139 
145 185 
145 25 
145 48 
145 166 
145 55 
145 30 
145 8 
145 126 
145 3 
145 193 
145 42 
145 228 
145 103 
145 75 
145 152 
145 53 
145 21 
145 81 
145 95 
145 221 
145 72 
145 149 
145 231 
145 238 
145 102 
145 181 
145 109 
145 33 
145 79 
145 0 
146 67 
146 90 
146 200 
146 75 
146 3 
146 24 
146 47 
146 182 
146 179 
146 171 
146 29 
146 209 
146 133 
146 208 
146 151 
146 176 
146 161 
146 141 
146 180 
146 44 
146 92 
146 111 
146 188 
146 178 
146 211 
146 238 
146 10 
146 64 
146 218 
146 173 
146 100 
146 70 
146 131 
146 163 
146 69 
146 103 
146 192 
146 227 
146 155 
146 197 
146 42 
146 114 
146 172 
146 27 
146 58 
146 87 
146 137 
146 93 
146 189 
146 213 
146 74 
146 228 
147 1 
147 24 
147 178 
147 47 
147 223 
147 233 
147 195 
147 191 
147 110 
147 161 
147 109 
147 130 
147 84 
147 160 
147 65 
147 217 
147 200 
147 54 
147 156 
147 0 
147 81 
147 141 
147 43 
147 67 
147 175 
147 4 
147 99 
147 31 
147 235 
147 221 
147 35 
147 131 
147 17 
147 16 
147 122 
147 205 
147 50 
147 172 
147 111 
147 201 
148 207 
148 171 
148 2 
148 51 
148 58 
148 5 
148 71 
148 234 
148 62 
148 10 
148 38 
148 28 
148 90 
148 202 
148 75 
148 7 
148 182 
148 208 
148 132 
148 122 
148 18 
148 102 
148 31 
148 239 
148 126 
148 99 
148 119 
148 63 
148 143 
148 220 
148 152 
148 108 
148 84 
148 72 
148 12 
148 233 
148 48 
148 16 
148 60 
148 14 
149 182 
149 14 
149 45 
149 92 
149 44 
149 210 
149 162 
149 49 
149 23 
149 84 
149 230 
149 124 
149 101 
149 214 
149 177 
149 188 
149 20 
149 70 
149 150 
149 46 
149 66 
149 73 
149 48 
149 234 
149 172 
149 135 
149 90 
149 126 
149 193 
149 186 
149 107 
149 144 
149 143 
149 69 
149 145 
149 61 
149 216 
149 68 
149 65 
149 77 
149 5 
149 183 
149 120 
149 94 
149 50 
149 208 
149 156 
149 181 
150 124 
150 186 
150 58 
150 8 
150 177 
150 138 
150 236 
150 226 
150 123 
150 208 
150 120 
150 158 
150 168 
150 185 
150 15 
150 95 
150 128 
150 105 
150 145 
150 151 
150 154 
150 37 
150 135 
150 182 
150 149 
150 30 
150 178 
150 45 
150 142 
150 46 
150 172 
150 139 
150 103 
150 39 
150 130 
150 86 
150 220 
150 222 
150 227 
150 69 
150 118 
150 214 
150 156 
150 212 
150 33 
150 197 
151 51 
151 139 
151 155 
151 165 
151 226 
151 113 
151 30 
151 230 
151 124 
151 49 
151 115 
151 36 
151 206 
151 197 
151 146 
151 104 
151 78 
151 26 
151 150 
151 137 
151 193 
151 48 
151 200 
151 19 
151 95 
151 46 
151 27 
151 94 
151 185 
151 173 
151 129 
151 203 
151 66 
151 16 
151 218 
151 210 
151 133 
151 42 
151 83 
151 143 
151 98 
151 9 
151 17 
151 172 
151 135 
151 75 
151 229 
151 190 
151 176 
151 237 
151 132 
152 119 
152 226 
152 45 
152 46 
152 136 
152 73 
152 42 
152 72 
152 193 
152 11 
152 169 
152 181 
152 75 
152 185 
152 112 
152 103 
152 138 
152 34 
152 118 
152 237 
152 135 
152 198 
152 155 
152 54 
152 162 
152 213 
152 94 
152 163 
152 109 
152 20 
152 236 
152 160 
152 129 
152 13 
152 145 
152 165 
152 78 
152 130 
152 223 
152 58 
152 220 
152 52 
152 82 
152 64 
152 148 
152 70 
152 224 
152 192 
152 205 
152 156 
152 102 
152 106 
152 17 
152 125 
152 218 
152 116 
153 40 
153 219 
153 99 
153 189 
153 212 
153 198 
153 87 
153 74 
153 174 
153 33 
153 221 
153 14 
153 66 
153 24 
153 4 
153 182 
153 85 
153 160 
153 26 
153 80 
153 138 
153 159 
153 101 
153 103 
153 62 
153 47 
153 117 
153 194 
153 46 
153 233 
153 186 
153 76 
153 204 
153 202 
153 235 
153 208 
153 190 
153 90 
153 17 
153 81 
153 53 
153 52 
154 32 
154 220 
154 196 
154 131 
154 23 
154 235 
154 0 
154 39 
154 51 
154 83 
154 87 
154 182 
154 24 
154 10 
154 26 
154 112 
154 132 
154 90 
154 150 
154 19 
154 73 
154 28 
154 180 
154 46 
154 142 
154 169 
154 81 
154 189 
154 103 
154 98 
154 186 
154 58 
154 172 
154 100 
154 56 
154 65 
154 203 
154 12 
154 218 
154 85 
154 2 
155 118 
155 151 
155 170 
155 161 
155 203 
155 52 
155 8 
155 24 
155 53 
155 233 
155 221 
155 208 
155 105 
155 204 
155 220 
155 214 
155 200 
155 191 
155 168 
155 152 
155 121 
155 232 
155 192 
155 131 
155 222 
155 205 
155 108 
155 59 
155 186 
155 123 
155 62 
155 79 
155 88 
155 63 
155 92 
155 104 
155 120 
155 85 
155 48 
155 35 
155 122 
155 143 
155 41 
155 156 
155 116 
155 110 
155 146 
155 207 
155 43 
155 90 
155 135 
155 129 
155 76 
155 21 
155 198 
155 99 
155 91 
156 109 
156 13 
156 33 
156 142 
156 123 
156 75 
156 195 
156 222 
156 24 
156 213 
156 66 
156 116 
156 59 
156 221 
156 53 
156 112 
156 27 
156 89 
156 147 
156 131 
156 203 
156 211 
156 159 
156 16 
156 49 
156 234 
156 68 
156 94 
156 141 
156 226 
156 217 
156 0 
156 70 
156 169 
156 175 
156 155 
156 143 
156 100 
156 101 
156 152 
156 172 
156 120 
156 150 
156 81 
156 149 
156 174 
157 159 
157 34 
157 56 
157 202 
157 76 
157 23 
157 144 
157 135 
157 30 
157 74 
157 171 
157 8 
157 127 
157 214 
157 102 
157 73 
157 64 
157 37 
157 55 
157 87 
157 136 
157 134 
157 110 
157 69 
157 163 
157 28 
157 183 
157 206 
157 63 
157 212 
157 72 
157 239 
157 168 
157 82 
157 49 
157 91 
157 19 
157 107 
157 112 
157 129 
157 96 
157 6 
157 195 
157 4 
157 75 
157 197 
157 50 
157 9 
157 51 
157 71 
157 233 
157 61 
157 175 
157 186 
157 106 
158 11 
158 211 
158 179 
158 13 
158 128 
158 50 
158 201 
158 15 
158 189 
158 2 
158 99 
158 150 
158 112 
158 72 
158 4 
158 145 
158 235 
158 93 
158 8 
158 173 
158 26 
158 36 
158 52 
158 162 
158 126 
158 76 
158 61 
158 108 
158 78 
158 111 
158 142 
158 209 
158 97 
158 110 
158 89 
158 68 
158 191 
158 131 
159 234 
159 205 
159 157 
159 82 
159 189 
159 216 
159 164 
159 128 
159 104 
159 110 
159 36 
159 231 
159 105 
159 214 
159 170 
159 100 
159 203 
159 18 
159 153 
159 177 
159 69 
159 237 
159 54 
159 156 
159 37 
159 143 
159 15 
159 180 
159 193 
159 112 
159 212 
159 188 
159 181 
159 133 
159 187 
159 85 
159 79 
159 120 
159 109 
159 219 
159 66 
159 235 
159 29 
159 62 
160 79 
160 107 
160 0 
160 55 
160 50 
160 70 
160 218 
160 196 
160 102 
160 222 
160 86 
160 94 
160 182 
160 74 
160 47 
160 112 
160 153 
160 14 
160 147 
160 71 
160 129 
160 21 
160 203 
160 80 
160 142 
160 36 
160 64 
160 68 
160 205 
160 214 
160 152 
160 122 
160 126 
160 224 
160 228 
160 93 
160 199 
160 195 
160 12 
160 128 
160 133 
160 216 
160 29 
160 39 
160 212 
160 170 
160 66 
160 5 
161 166 
161 97 
161 197 
161 134 
161 155 
161 94 
161 199 
161 33 
161 114 
161 189 
161 147 
161 140 
161 181 
161 223 
161 232 
161 26 
161 20 
161 146 
161 184 
161 61 
161 180 
161 3 
161 43 
161 56 
161 235 
161 143 
161 172 
161 185 
161 168 
161 209 
161 110 
161 95 
161 115 
161 229 
161 129 
161 130 
161 139 
161 47 
161 31 
161 32 
161 37 
162 63 
162 43 
162 53 
162 80 
162 98 
162 40 
162 23 
162 149 
162 32 
162 31 
162 194 
162 15 
162 104 
162 54 
162 121 
162 47 
162 66 
162 5 
162 239 
162 199 
162 28 
162 208 
162 158 
162 152 
162 132 
162 205 
162 184 
162 133 
162 44 
162 87 
162 89 
162 131 
162 136 
162 86 
162 169 
162 129 
162 135 
162 72 
162 221 
162 191 
162 188 
162 163 
162 38 
162 141 
163 233 
163 71 
163 212 
163 137 
163 228 
163 169 
163 141 
163 232 
163 9 
163 46 
163 199 
163 12 
163 81 
163 214 
163 203 
163 0 
163 74 
163 164 
163 27 
163 157 
163 152 
163 108 
163 179 
163 231 
163 224 
163 196 
163 89 
163 126 
163 146 
163 91 
163 188 
163 174 
163 189 
163 30 
163 130 
163 134 
163 33 
163 21 
163 205 
163 175 
163 162 
163 80 
163 133 
163 131 
164 172 
164 144 
164 125 
164 159 
164 33 
164 213 
164 169 
164 173 
164 121 
164 14 
164 61 
164 71 
164 199 
164 3 
164 45 
164 163 
164 8 
164 208 
164 46 
164 210 
164 227 
164 99 
164 185 
164 217 
164 90 
164 32 
164 36 
164 196 
164 43 
164 230 
164 93 
164 95 
164 231 
164 170 
164 223 
164 183 
164 142 
164 192 
164 47 
164 21 
164 124 
164 229 
164 221 
164 0 
164 5 
164 19 
164 107 
164 237 
164 11 
164 181 
164 7 
164 211 
165 82 
165 83 
165 222 
165 228 
165 108 
165 151 
165 194 
165 184 
165 28 
165 185 
165 39 
165 72 
165 130 
165 44 
165 196 
165 227 
165 229 
165 223 
165 167 
165 205 
165 111 
165 131 
165 118 
165 179 
165 177 
165 18 
165 220 
165 175 
165 106 
165 14 
165 152 
165 182 
165 207 
165 90 
165 51 
165 190 
165 203 
165 239 
165 2 
165 100 
165 1 
165 21 
165 16 
165 139 
165 23 
165 171 
166 161 
166 192 
166 191 
166 52 
166 115 
166 229 
166 23 
166 171 
166 187 
166 124 
166 78 
166 13 
166 112 
166 134 
166 127 
166 68 
166 49 
166 51 
166 86 
166 60 
166 142 
166 69 
166 48 
166 211 
166 27 
166 101 
166 84 
166 169 
166 145 
166 185 
166 89 
166 138 
166 95 
166 104 
166 129 
166 184 
166 237 
166 203 
166 204 
166 126 
166 128 
166 40 
166 39 
166 16 
166 196 
166 139 
166 36 
166 79 
166 197 
166 118 
166 62 
167 136 
167 97 
167 217 
167 21 
167 197 
167 213 
167 66 
167 205 
167 198 
167 204 
167 47 
167 201 
167 117 
167 138 
167 218 
167 165 
167 61 
167 123 
167 212 
167 27 
167 18 
167 191 
167 62 
167 199 
167 49 
167 121 
167 104 
167 171 
167 178 
167 215 
167 80 
167 189 
167 69 
167 26 
167 74 
167 85 
167 88 
168 192 
168 130 
168 76 
168 38 
168 206 
168 125 
168 10 
168 102 
168 217 
168 22 
168 87 
168 39 
168 138 
168 234 
168 47 
168 30 
168 202 
168 150 
168 55 
168 37 
168 96 
168 155 
168 237 
168 112 
168 195 
168 103 
168 62 
168 188 
168 14 
168 221 
168 229 
168 7 
168 122 
168 157 
168 193 
168 89 
168 36 
168 228 
168 75 
168 106 
168 233 
168 84 
168 144 
168 161 
168 68 
168 65 
168 214 
168 104 
168 135 
168 54 
168 191 
168 134 
169 106 
169 84 
169 71 
169 127 
169 0 
169 163 
169 42 
169 21 
169 82 
169 152 
169 164 
169 122 
169 196 
169 67 
169 212 
169 23 
169 119 
169 33 
169 145 
169 109 
169 187 
169 166 
169 117 
169 105 
169 66 
169 59 
169 229 
169 162 
169 210 
169 154 
169 64 
169 170 
169 29 
169 173 
169 214 
169 156 
169 223 
169 94 
169 202 
169 120 
169 132 
169 221 
169 102 
170 86 
170 214 
170 155 
170 66 
170 189 
170 24 
170 144 
170 31 
170 103 
170 159 
170 190 
170 98 
170 57 
170 175 
170 217 
170 51 
170 47 
170 92 
170 8 
170 236 
170 212 
170 223 
170 0 
170 169 
170 164 
170 50 
170 15 
170 177 
170 36 
170 196 
170 42 
170 128 
170 181 
170 239 
170 202 
170 81 
170 235 
170 176 
170 44 
170 83 
170 160 
171 9 
171 148 
171 176 
171 97 
171 94 
171 105 
171 227 
171 166 
171 67 
171 199 
171 86 
171 202 
171 157 
171 143 
171 119 
171 56 
171 146 
171 69 
171 109 
171 126 
171 42 
171 72 
171 14 
171 59 
171 113 
171 187 
171 52 
171 58 
171 11 
171 196 
171 76 
171 201 
171 122 
171 31 
171 141 
171 239 
171 88 
171 167 
171 191 
171 55 
171 47 
171 45 
171 232 
171 30 
171 231 
171 100 
171 61 
171 165 
171 62 
171 220 
171 10 
172 137 
172 164 
172 112 
172 185 
172 85 
172 16 
172 233 
172 225 
172 114 
172 218 
172 186 
172 134 
172 197 
172 18 
172 220 
172 130 
172 5 
172 229 
172 80 
172 65 
172 125 
172 192 
172 61 
172 231 
172 56 
172 84 
172 140 
172 179 
172 116 
172 26 
172 138 
172 115 
172 149 
172 219 
172 119 
172 11 
172 150 
172 161 
172 100 
172 60 
172 73 
172 178 
172 128 
172 151 
172 146 
172 216 
172 127 
172 156 
172 154 
172 52 
172 15 
172 142 
172 147 
172 122 
172 83 
172 79 
172 59 
173 131 
173 105 
173 116 
173 110 
173 86 
173 103 
173 237 
173 136 
173 141 
173 164 
173 92 
173 183 
173 45 
173 189 
173 223 
173 98 
173 62 
173 89 
173 22 
173 158 
173 179 
173 83 
173 199 
173 26 
173 115 
173 221 
173 184 
173 75 
173 87 
173 151 
173 139 
173 180 
173 74 
173 71 
173 109 
173 146 
173 169 
173 36 
173 212 
173 31 
173 238 
173 99 
173 7 
173 53 
173 46 
173 69 
173 108 
173 57 
173 64 
173 97 
174 90 
174 121 
174 112 
174 63 
174 31 
174 153 
174 198 
174 51 
174 34 
174 62 
174 110 
174 85 
174 88 
174 118 
174 196 
174 115 
174 192 
174 134 
174 42 
174 185 
174 163 
174 97 
174 193 
174 129 
174 227 
174 114 
174 99 
174 156 
175 16 
175 114 
175 183 
175 133 
175 238 
175 36 
175 55 
175 234 
175 195 
175 71 
175 193 
175 119 
175 200 
175 170 
175 127 
175 63 
175 95 
175 214 
175 239 
175 57 
175 236 
175 130 
175 65 
175 1 
175 165 
175 197 
175 185 
175 140 
175 73 
175 9 
175 147 
175 21 
175 134 
175 203 
175 138 
175 156 
175 31 
175 56 
175 28 
175 69 
175 26 
175 17 
175 163 
175 157 
175 80 
175 111 
175 7 
176 37 
176 137 
176 171 
176 48 
176 232 
176 213 
176 75 
176 13 
176 98 
176 108 
176 125 
176 90 
176 97 
176 119 
176 92 
176 83 
176 185 
176 178 
176 80 
176 146 
176 204 
176 127 
176 216 
176 82 
176 195 
176 202 
176 23 
176 129 
176 122 
176 11 
176 212 
176 67 
176 235 
176 32 
176 106 
176 18 
176 104 
176 191 
176 94 
176 55 
176 187 
176 16 
176 4 
176 110 
176 89 
176 225 
176 5 
176 193 
176 35 
176 210 
176 151 
176 170 
177 47 
177 50 
177 16 
177 72 
177 119 
177 218 
177 48 
177 197 
177 127 
177 116 
177 150 
177 44 
177 118 
177 206 
177 124 
177 67 
177 184 
177 132 
177 159 
177 45 
177 8 
177 20 
177 144 
177 181 
177 4 
177 149 
177 238 
177 226 
177 203 
177 210 
177 185 
177 165 
177 6 
177 233 
177 141 
177 123 
177 219 
177 84 
177 170 
177 209 
177 85 
177 109 
177 211 
177 81 
177 221 
177 106 
177 54 
177 93 
177 236 
177 134 
177 40 
178 147 
178 75 
178 4 
178 107 
178 110 
178 98 
178 76 
178 64 
178 47 
178 184 
178 237 
178 26 
178 128 
178 56 
178 28 
178 187 
178 20 
178 222 
178 144 
178 109 
178 176 
178 1 
178 122 
178 199 
178 209 
178 11 
178 229 
178 132 
178 80 
178 55 
178 70 
178 186 
178 146 
178 96 
178 150 
178 100 
178 141 
178 140 
178 51 
178 5 
178 21 
178 83 
178 167 
178 67 
178 214 
178 68 
178 172 
178 17 
178 201 
178 133 
178 97 
179 123 
179 158 
179 41 
179 206 
179 72 
179 4 
179 55 
179 69 
179 64 
179 23 
179 65 
179 54 
179 33 
179 146 
179 142 
179 202 
179 133 
179 18 
179 17 
179 83 
179 1 
179 203 
179 173 
179 100 
179 190 
179 9 
179 165 
179 235 
179 129 
179 29 
179 229 
179 172 
179 163 
179 26 
179 71 
179 6 
179 107 
179 13 
179 14 
179 196 
179 19 
179 31 
179 10 
179 32 
179 192 
179 105 
179 224 
179 187 
179 63 
179 116 
179 96 
179 219 
179 59 
179 44 
179 3 
179 225 
179 97 
179 111 
179 126 
180 5 
180 237 
180 57 
180 6 
180 8 
180 85 
180 95 
180 218 
180 129 
180 105 
180 215 
180 101 
180 200 
180 229 
180 25 
180 104 
180 69 
180 92 
180 146 
180 100 
180 233 
180 41 
180 63 
180 112 
180 161 
180 154 
180 124 
180 84 
180 22 
180 12 
180 106 
180 173 
180 54 
180 159 
180 4 
180 139 
180 82 
180 48 
180 210 
180 137 
180 75 
180 208 
180 53 
180 38 
180 2 
180 212 
180 194 
180 230 
180 226 
180 29 
180 205 
180 225 
180 55 
181 137 
181 126 
181 132 
181 1 
181 129 
181 29 
181 88 
181 89 
181 34 
181 152 
181 161 
181 213 
181 188 
181 14 
181 61 
181 185 
181 120 
181 5 
181 138 
181 177 
181 142 
181 223 
181 98 
181 184 
181 195 
181 230 
181 124 
181 39 
181 55 
181 21 
181 194 
181 97 
181 212 
181 116 
181 159 
181 236 
181 170 
181 145 
181 101 
181 217 
181 93 
181 92 
181 111 
181 43 
181 77 
181 164 
181 149 
182 187 
182 193 
182 116 
182 149 
182 42 
182 72 
182 232 
182 234 
182 113 
182 114 
182 80 
182 146 
182 38 
182 79 
182 154 
182 97 
182 6 
182 153 
182 160 
182 141 
182 45 
182 65 
182 61 
182 26 
182 28 
182 30 
182 121 
182 148 
182 197 
182 86 
182 36 
182 66 
182 142 
182 150 
182 105 
182 74 
182 44 
182 81 
182 123 
182 37 
182 196 
182 165 
182 204 
182 120 
182 184 
182 128 
182 31 
182 34 
182 20 
182 78 
182 115 
182 137 
182 101 
182 201 
182 62 
182 18 
182 67 
183 54 
183 83 
183 125 
183 75 
183 175 
183 133 
183 49 
183 122 
183 13 
183 57 
183 204 
183 232 
183 137 
183 116 
183 128 
183 135 
183 173 
183 105 
183 220 
183 18 
183 79 
183 90 
183 132 
183 157 
183 8 
183 215 
183 234 
183 86 
183 127 
183 213 
183 206 
183 56 
183 119 
183 164 
183 115 
183 80 
183 27 
183 102 
183 221 
183 191 
183 211 
183 126 
183 45 
183 149 
183 239 
183 99 
183 68 
183 50 
184 87 
184 108 
184 20 
184 88 
184 165 
184 28 
184 7 
184 90 
184 178 
184 14 
184 4 
184 201 
184 60 
184 118 
184 237 
184 222 
184 188 
184 177 
184 1 
184 161 
184 17 
184 94 
184 181 
184 70 
184 173 
184 41 
184 162 
184 38 
184 185 
184 195 
184 120 
184 214 
184 66 
184 218 
184 55 
184 166 
184 182 
184 127 
184 81 
184 6 
184 18 
184 132 
184 48 
184 19 
184 8 
184 223 
184 123 
184 229 
185 115 
185 172 
185 132 
185 88 
185 53 
185 129 
185 239 
185 142 
185 91 
185 165 
185 46 
185 126 
185 152 
185 109 
185 176 
185 101 
185 150 
185 102 
185 89 
185 123 
185 218 
185 181 
185 144 
185 55 
185 186 
185 164 
185 145 
185 177 
185 166 
185 65 
185 190 
185 184 
185 151 
185 54 
185 37 
185 175 
185 204 
185 84 
185 75 
185 131 
185 161 
185 94 
185 44 
185 108 
185 174 
185 15 
185 237 
185 119 
185 9 
185 66 
185 211 
185 25 
185 136 
185 45 
185 226 
185 201 
186 114 
186 115 
186 150 
186 233 
186 227 
186 81 
186 6 
186 110 
186 3 
186 228 
186 116 
186 172 
186 61 
186 24 
186 73 
186 187 
186 42 
186 51 
186 48 
186 106 
186 208 
186 13 
186 138 
186 231 
186 113 
186 185 
186 178 
186 28 
186 45 
186 12 
186 153 
186 155 
186 219 
186 149 
186 188 
186 41 
186 88 
186 1 
186 25 
186 56 
186 37 
186 193 
186 154 
186 118 
186 96 
186 157 
186 112 
187 182 
187 91 
187 30 
187 122 
187 166 
187 126 
187 73 
187 188 
187 127 
187 216 
187 128 
187 72 
187 95 
187 215 
187 178 
187 45 
187 58 
187 186 
187 141 
187 12 
187 169 
187 195 
187 89 
187 171 
187 96 
187 197 
187 80 
187 57 
187 142 
187 0 
187 71 
187 227 
187 63 
187 116 
187 159 
187 94 
187 99 
187 176 
187 201 
187 179 
187 42 
187 40 
187 205 
188 219 
188 71 
188 133 
188 45 
188 192 
188 3 
188 1 
188 187 
188 210 
188 225 
188 184 
188 181 
188 141 
188 108 
188 59 
188 233 
188 14 
188 118 
188 168 
188 149 
188 28 
188 146 
188 90 
188 221 
188 217 
188 95 
188 216 
188 186 
188 123 
188 159 
188 163 
188 38 
188 107 
188 33 
188 162 
188 114 
188 215 
188 109 
188 205 
189 7 
189 85 
189 159 
189 30 
189 9 
189 220 
189 153 
189 78 
189 108 
189 158 
189 170 
189 113 
189 223 
189 232 
189 161 
189 115 
189 23 
189 216 
189 75 
189 41 
189 112 
189 29 
189 173 
189 53 
189 89 
189 96 
189 138 
189 228 
189 219 
189 24 
189 97 
189 80 
189 73 
189 154 
189 31 
189 144 
189 120 
189 62 
189 19 
189 209 
189 61 
189 167 
189 163 
189 64 
189 230 
189 56 
189 227 
189 201 
189 55 
189 146 
190 49 
190 86 
190 131 
190 129 
190 201 
190 126 
190 222 
190 229 
190 97 
190 45 
190 71 
190 136 
190 120 
190 212 
190 170 
190 117 
190 108 
190 16 
190 37 
190 81 
190 122 
190 104 
190 93 
190 103 
190 94 
190 239 
190 92 
190 179 
190 17 
190 75 
190 115 
190 121 
190 39 
190 185 
190 77 
190 141 
190 193 
190 88 
190 215 
190 18 
190 119 
190 220 
190 165 
190 22 
190 48 
190 153 
190 151 
190 74 
190 231 
190 60 
190 203 
190 11 
190 35 
191 106 
191 121 
191 166 
191 85 
191 19 
191 141 
191 55 
191 147 
191 26 
191 74 
191 223 
191 54 
191 39 
191 71 
191 8 
191 3 
191 215 
191 155 
191 224 
191 60 
191 145 
191 92 
191 95 
191 131 
191 167 
191 227 
191 88 
191 35 
191 130 
191 236 
191 137 
191 82 
191 197 
191 84 
191 40 
191 171 
191 76 
191 176 
191 183 
191 51 
191 47 
191 108 
191 162 
191 168 
191 209 
191 158 
191 235 
191 202 
192 50 
192 168 
192 166 
192 111 
192 133 
192 188 
192 65 
192 239 
192 126 
192 46 
192 75 
192 219 
192 33 
192 54 
192 172 
192 124 
192 155 
192 223 
192 199 
192 204 
192 174 
192 76 
192 30 
192 164 
192 146 
192 198 
192 5 
192 88 
192 221 
192 179 
192 86 
192 152 
192 216 
192 107 
192 79 
192 83 
192 137 
193 56 
193 144 
193 22 
193 182 
193 12 
193 127 
193 0 
193 50 
193 123 
193 119 
193 142 
193 208 
193 152 
193 232 
193 199 
193 222 
193 239 
193 217 
193 84 
193 175 
193 48 
193 29 
193 66 
193 67 
193 203 
193 151 
193 39 
193 72 
193 236 
193 122 
193 168 
193 145 
193 190 
193 226 
193 75 
193 149 
193 79 
193 95 
193 143 
193 159 
193 25 
193 134 
193 64 
193 45 
193 36 
193 85 
193 117 
193 196 
193 214 
193 97 
193 186 
193 225 
193 174 
193 52 
193 235 
193 16 
193 176 
193 24 
194 11 
194 201 
194 207 
194 120 
194 218 
194 211 
194 69 
194 122 
194 165 
194 104 
194 13 
194 208 
194 162 
194 119 
194 134 
194 21 
194 60 
194 234 
194 101 
194 96 
194 135 
194 77 
194 133 
194 44 
194 226 
194 216 
194 153 
194 50 
194 95 
194 144 
194 8 
194 46 
194 29 
194 90 
194 181 
194 9 
194 232 
194 214 
194 230 
194 64 
194 93 
194 236 
194 199 
194 56 
194 180 
194 222 
194 65 
194 127 
194 130 
195 46 
195 101 
195 156 
195 78 
195 108 
195 219 
195 37 
195 233 
195 91 
195 212 
195 147 
195 53 
195 197 
195 175 
195 218 
195 106 
195 103 
195 134 
195 199 
195 24 
195 105 
195 168 
195 42 
195 176 
195 187 
195 181 
195 26 
195 100 
195 184 
195 36 
195 117 
195 125 
195 25 
195 72 
195 157 
195 70 
195 6 
195 160 
195 97 
195 128 
195 124 
195 229 
195 119 
195 140 
195 73 
195 48 
196 232 
196 69 
196 122 
196 34 
196 216 
196 154 
196 133 
196 36 
196 228 
196 160 
196 86 
196 208 
196 54 
196 169 
196 205 
196 99 
196 211 
196 35 
196 165 
196 58 
196 29 
196 4 
196 164 
196 71 
196 57 
196 163 
196 171 
196 72 
196 101 
196 235 
196 26 
196 174 
196 182 
196 179 
196 170 
196 52 
196 82 
196 212 
196 193 
196 112 
196 110 
196 113 
196 10 
196 166 
196 37 
196 220 
196 80 
196 231 
196 33 
196 0 
197 62 
197 226 
197 161 
197 89 
197 16 
197 210 
197 230 
197 167 
197 200 
197 86 
197 84 
197 214 
197 177 
197 202 
197 238 
197 43 
197 13 
197 48 
197 195 
197 108 
197 137 
197 36 
197 172 
197 128 
197 151 
197 0 
197 20 
197 66 
197 61 
197 182 
197 56 
197 80 
197 94 
197 131 
197 117 
197 187 
197 175 
197 191 
197 65 
197 136 
197 79 
197 32 
197 199 
197 217 
197 98 
197 216 
197 146 
197 157 
197 4 
197 69 
197 166 
197 28 
197 150 
197 22 
197 95 
198 233 
198 211 
198 232 
198 97 
198 153 
198 167 
198 174 
198 0 
198 42 
198 94 
198 81 
198 91 
198 7 
198 227 
198 20 
198 132 
198 45 
198 152 
198 17 
198 137 
198 23 
198 109 
198 92 
198 43 
198 13 
198 4 
198 192 
198 90 
198 84 
198 133 
198 220 
198 203 
198 206 
198 239 
198 59 
198 155 
198 28 
198 5 
198 117 
198 66 
198 64 
199 229 
199 29 
199 131 
199 107 
199 26 
199 80 
199 161 
199 205 
199 28 
199 70 
199 171 
199 193 
199 163 
199 101 
199 62 
199 103 
199 79 
199 164 
199 22 
199 162 
199 233 
199 100 
199 206 
199 195 
199 178 
199 212 
199 10 
199 173 
199 142 
199 104 
199 68 
199 58 
199 192 
199 167 
199 108 
199 114 
199 160 
199 197 
199 235 
199 88 
199 98 
199 52 
199 111 
199 135 
199 194 
199 75 
200 68 
200 209 
200 205 
200 234 
200 146 
200 57 
200 31 
200 197 
200 180 
200 12 
200 230 
200 237 
200 17 
200 73 
200 144 
200 91 
200 103 
200 53 
200 41 
200 175 
200 238 
200 128 
200 155 
200 39 
200 147 
200 151 
200 4 
200 129 
200 98 
200 7 
200 28 
200 81 
200 203 
200 52 
200 105 
200 6 
200 19 
200 107 
200 22 
200 2 
200 67 
200 125 
200 115 
200 59 
200 133 
201 194 
201 74 
201 26 
201 7 
201 158 
201 61 
201 41 
201 190 
201 184 
201 104 
201 22 
201 1 
201 125 
201 27 
201 167 
201 221 
201 28 
201 111 
201 35 
201 113 
201 40 
201 236 
201 137 
201 31 
201 144 
201 233 
201 218 
201 171 
201 216 
201 58 
201 96 
201 17 
201 49 
201 91 
201 182 
201 178 
201 82 
201 187 
201 59 
201 189 
201 217 
201 121 
201 51 
201 147 
201 185 
201 128 
201 12 
202 74 
202 232 
202 136 
202 56 
202 157 
202 13 
202 3 
202 197 
202 25 
202 171 
202 44 
202 9 
202 91 
202 179 
202 135 
202 52 
202 18 
202 205 
202 96 
202 168 
202 67 
202 80 
202 132 
202 49 
202 148 
202 119 
202 213 
202 226 
202 79 
202 176 
202 23 
202 73 
202 94 
202 106 
202 103 
202 20 
202 78 
202 142 
202 127 
202 210 
202 130 
202 29 
202 170 
202 123 
202 153 
202 169 
202 233 
202 64 
202 34 
202 98 
202 229 
202 125 
202 191 
203 12 
203 204 
203 155 
203 93 
203 2 
203 86 
203 228 
203 163 
203 159 
203 18 
203 179 
203 104 
203 193 
203 1 
203 0 
203 9 
203 160 
203 122 
203 231 
203 41 
203 156 
203 177 
203 222 
203 220 
203 44 
203 27 
203 15 
203 151 
203 200 
203 208 
203 22 
203 116 
203 166 
203 175 
203 144 
203 165 
203 19 
203 198 
203 95 
203 92 
203 229 
203 136 
203 118 
203 154 
203 141 
203 64 
203 190 
203 124 
204 98 
204 90 
204 78 
204 228 
204 203 
204 2 
204 233 
204 23 
204 40 
204 145 
204 38 
204 44 
204 183 
204 167 
204 222 
204 155 
204 220 
204 176 
204 226 
204 85 
204 115 
204 46 
204 237 
204 29 
204 10 
204 75 
204 87 
204 205 
204 69 
204 185 
204 192 
204 182 
204 51 
204 118 
204 153 
204 166 
204 86 
204 70 
204 208 
204 230 
204 232 
204 107 
204 25 
205 26 
205 159 
205 200 
205 228 
205 91 
205 128 
205 95 
205 167 
205 20 
205 65 
205 138 
205 199 
205 103 
205 141 
205 72 
205 16 
205 202 
205 136 
205 196 
205 120 
205 42 
205 222 
205 165 
205 2 
205 27 
205 238 
205 79 
205 34 
205 162 
205 121 
205 155 
205 204 
205 78 
205 160 
205 94 
205 116 
205 28 
205 82 
205 122 
205 88 
205 69 
205 44 
205 152 
205 208 
205 6 
205 147 
205 163 
205 188 
205 180 
205 187 
206 57 
206 168 
206 179 
206 120 
206 79 
206 65 
206 61 
206 87 
206 63 
206 177 
206 237 
206 141 
206 151 
206 39 
206 10 
206 66 
206 199 
206 62 
206 71 
206 73 
206 157 
206 53 
206 70 
206 35 
206 18 
206 49 
206 223 
206 228 
206 104 
206 183 
206 2 
206 117 
206 227 
206 64 
206 4 
206 142 
206 16 
206 133 
206 198 
206 91 
206 229 
206 3 
206 138 
206 213 
206 72 
207 38 
207 89 
207 148 
207 194 
207 46 
207 68 
207 21 
207 220 
207 234 
207 105 
207 10 
207 76 
207 95 
207 28 
207 73 
207 70 
207 81 
207 7 
207 210 
207 75 
207 52 
207 130 
207 6 
207 69 
207 78 
207 112 
207 45 
207 3 
207 165 
207 5 
207 71 
207 110 
207 40 
207 155 
207 82 
207 125 
207 19 
207 29 
207 84 
207 209 
208 57 
208 136 
208 96 
208 193 
208 231 
208 46 
208 76 
208 139 
208 119 
208 194 
208 155 
208 196 
208 42 
208 221 
208 150 
208 16 
208 142 
208 234 
208 146 
208 118 
208 162 
208 58 
208 0 
208 186 
208 164 
208 148 
208 216 
208 103 
208 101 
208 131 
208 95 
208 20 
208 45 
208 232 
208 203 
208 78 
208 215 
208 204 
208 180 
208 205 
208 153 
208 114 
208 214 
208 223 
208 48 
208 149 
208 110 
208 230 
209 200 
209 233 
209 139 
209 21 
209 20 
209 105 
209 140 
209 82 
209 36 
209 146 
209 63 
209 12 
209 80 
209 99 
209 178 
209 61 
209 238 
209 230 
209 53 
209 75 
209 119 
209 231 
209 177 
209 158 
209 189 
209 161 
209 235 
209 116 
209 135 
209 41 
209 215 
209 222 
209 207 
209 191 
209 78 
209 47 
209 27 
210 84 
210 197 
210 95 
210 110 
210 14 
210 119 
210 228 
210 136 
210 149 
210 39 
210 36 
210 98 
210 4 
210 135 
210 188 
210 132 
210 207 
210 47 
210 164 
210 56 
210 43 
210 223 
210 177 
210 21 
210 67 
210 108 
210 6 
210 229 
210 18 
210 169 
210 231 
210 116 
210 2 
210 44 
210 151 
210 180 
210 202 
210 66 
210 69 
210 32 
210 117 
210 176 
210 230 
211 98 
211 198 
211 158 
211 105 
211 216 
211 71 
211 15 
211 194 
211 102 
211 142 
211 238 
211 54 
211 33 
211 196 
211 129 
211 26 
211 68 
211 166 
211 156 
211 14 
211 146 
211 10 
211 59 
211 226 
211 135 
211 130 
211 215 
211 31 
211 0 
211 97 
211 177 
211 183 
211 17 
211 27 
211 111 
211 28 
211 185 
211 90 
211 114 
211 108 
211 223 
211 164 
211 9 
211 212 
212 61 
212 163 
212 71 
212 99 
212 153 
212 195 
212 222 
212 29 
212 101 
212 13 
212 75 
212 12 
212 190 
212 169 
212 66 
212 42 
212 5 
212 145 
212 143 
212 199 
212 3 
212 167 
212 225 
212 157 
212 121 
212 31 
212 83 
212 170 
212 91 
212 28 
212 176 
212 33 
212 94 
212 4 
212 159 
212 142 
212 181 
212 196 
212 125 
212 41 
212 173 
212 108 
212 230 
212 215 
212 239 
212 27 
212 180 
212 96 
212 97 
212 160 
212 133 
212 150 
212 85 
212 52 
212 89 
212 211 
213 18 
213 176 
213 20 
213 115 
213 167 
213 19 
213 156 
213 126 
213 83 
213 216 
213 164 
213 229 
213 181 
213 117 
213 28 
213 71 
213 62 
213 41 
213 221 
213 130 
213 202 
213 75 
213 152 
213 7 
213 97 
213 5 
213 66 
213 183 
213 26 
213 12 
213 85 
213 87 
213 239 
213 146 
213 21 
213 206 
213 223 
214 215 
214 41 
214 170 
214 93 
214 116 
214 131 
214 10 
214 64 
214 197 
214 159 
214 157 
214 163 
214 17 
214 109 
214 60 
214 102 
214 95 
214 155 
214 94 
214 66 
214 92 
214 175 
214 232 
214 149 
214 103 
214 2 
214 113 
214 233 
214 88 
214 87 
214 25 
214 184 
214 160 
214 85 
214 15 
214 24 
214 194 
214 169 
214 4 
214 46 
214 0 
214 178 
214 168 
214 21 
214 193 
214 111 
214 58 
214 208 
214 105 
214 70 
214 22 
214 150 
214 140 
214 229 
215 214 
215 51 
215 230 
215 49 
215 82 
215 32 
215 25 
215 20 
215 126 
215 23 
215 180 
215 83 
215 29 
215 114 
215 187 
215 76 
215 129 
215 218 
215 79 
215 191 
215 53 
215 109 
215 113 
215 238 
215 106 
215 101 
215 14 
215 111 
215 121 
215 183 
215 190 
215 2 
215 137 
215 211 
215 235 
215 208 
215 225 
215 167 
215 135 
215 212 
215 209 
215 108 
215 226 
215 188 
215 4 
215 63 
215 22 
215 78 
216 104 
216 211 
216 118 
216 131 
216 196 
216 159 
216 117 
216 11 
216 22 
216 45 
216 213 
216 187 
216 189 
216 127 
216 75 
216 222 
216 176 
216 208 
216 239 
216 51 
216 124 
216 194 
216 18 
216 5 
216 55 
216 201 
216 188 
216 31 
216 44 
216 52 
216 87 
216 65 
216 122 
216 149 
216 197 
216 121 
216 43 
216 192 
216 172 
216 160 
216 78 
216 36 
216 82 
216 130 
216 227 
216 103 
216 88 
217 167 
217 168 
217 28 
217 219 
217 130 
217 6 
217 82 
217 69 
217 40 
217 138 
217 227 
217 225 
217 112 
217 89 
217 193 
217 125 
217 4 
217 84 
217 222 
217 170 
217 147 
217 221 
217 164 
217 34 
217 100 
217 188 
217 156 
217 54 
217 42 
217 110 
217 35 
217 239 
217 123 
217 197 
217 181 
217 128 
217 50 
217 15 
217 116 
217 127 
217 95 
217 201 
217 3 
217 122 
217 25 
217 111 
217 76 
218 137 
218 194 
218 177 
218 106 
218 180 
218 160 
218 30 
218 93 
218 172 
218 87 
218 195 
218 221 
218 26 
218 215 
218 28 
218 73 
218 167 
218 232 
218 123 
218 185 
218 239 
218 124 
218 67 
218 114 
218 1 
218 201 
218 184 
218 134 
218 146 
218 151 
218 17 
218 37 
218 224 
218 13 
218 99 
218 79 
218 23 
218 152 
218 154 
219 188 
219 48 
219 81 
219 145 
219 78 
219 61 
219 60 
219 127 
219 153 
219 195 
219 223 
219 217 
219 83 
219 96 
219 226 
219 55 
219 59 
219 69 
219 192 
219 31 
219 87 
219 7 
219 121 
219 128 
219 43 
219 40 
219 189 
219 18 
219 64 
219 11 
219 98 
219 172 
219 186 
219 52 
219 177 
219 143 
219 85 
219 221 
219 134 
219 46 
219 62 
219 26 
219 179 
219 42 
219 136 
219 159 
219 35 
219 9 
219 27 
219 44 
220 33 
220 154 
220 103 
220 32 
220 222 
220 189 
220 207 
220 20 
220 224 
220 39 
220 124 
220 122 
220 81 
220 27 
220 123 
220 133 
220 118 
220 86 
220 44 
220 172 
220 155 
220 204 
220 183 
220 235 
220 53 
220 63 
220 69 
220 68 
220 40 
220 34 
220 203 
220 221 
220 165 
220 239 
220 30 
220 59 
220 94 
220 3 
220 77 
220 23 
220 152 
220 47 
220 31 
220 148 
220 62 
220 190 
220 67 
220 232 
220 98 
220 143 
220 198 
220 150 
220 99 
220 128 
220 132 
220 226 
220 196 
220 233 
220 171 
221 75 
221 237 
221 8 
221 109 
221 155 
221 153 
221 156 
221 208 
221 91 
221 89 
221 218 
221 201 
221 119 
221 213 
221 217 
221 173 
221 60 
221 168 
221 142 
221 220 
221 188 
221 140 
221 66 
221 12 
221 6 
221 236 
221 0 
221 145 
221 65 
221 62 
221 51 
221 219 
221 84 
221 147 
221 183 
221 114 
221 48 
221 192 
221 164 
221 103 
221 177 
221 238 
221 15 
221 162 
221 27 
221 100 
221 169 
221 20 
221 26 
221 82 
221 92 
222 119 
222 165 
222 102 
222 156 
222 93 
222 220 
222 95 
222 47 
222 92 
222 136 
222 212 
222 0 
222 49 
222 80 
222 34 
222 190 
222 160 
222 28 
222 52 
222 193 
222 204 
222 184 
222 217 
222 178 
222 16 
222 205 
222 87 
222 15 
222 228 
222 75 
222 216 
222 60 
222 58 
222 226 
222 63 
222 72 
222 105 
222 26 
222 9 
222 203 
222 110 
222 155 
222 130 
222 6 
222 13 
222 5 
222 150 
222 53 
222 133 
222 2 
222 209 
222 194 
222 112 
222 1 
223 111 
223 126 
223 125 
223 219 
223 106 
223 147 
223 120 
223 189 
223 61 
223 20 
223 21 
223 62 
223 226 
223 191 
223 52 
223 161 
223 94 
223 22 
223 79 
223 173 
223 165 
223 75 
223 230 
223 210 
223 38 
223 181 
223 2 
223 90 
223 8 
223 128 
223 192 
223 206 
223 170 
223 50 
223 116 
223 34 
223 112 
223 164 
223 152 
223 53 
223 169 
223 137 
223 86 
223 59 
223 135 
223 29 
223 58 
223 44 
223 45 
223 208 
223 213 
223 184 
223 211 
223 60 
223 76 
224 128 
224 117 
224 35 
224 28 
224 65 
224 9 
224 220 
224 32 
224 191 
224 127 
224 41 
224 55 
224 71 
224 137 
224 105 
224 163 
224 81 
224 160 
224 22 
224 21 
224 218 
224 152 
224 54 
224 30 
224 179 
224 76 
224 118 
224 101 
224 72 
225 92 
225 83 
225 142 
225 10 
225 121 
225 76 
225 172 
225 145 
225 217 
225 119 
225 226 
225 73 
225 188 
225 35 
225 23 
225 12 
225 34 
225 53 
225 5 
225 212 
225 60 
225 97 
225 45 
225 236 
225 69 
225 6 
225 215 
225 126 
225 0 
225 129 
225 193 
225 115 
225 176 
225 98 
225 179 
225 180 
225 25 
226 63 
226 197 
226 152 
226 151 
226 80 
226 219 
226 61 
226 150 
226 97 
226 223 
226 225 
226 53 
226 238 
226 204 
226 45 
226 229 
226 123 
226 222 
226 202 
226 194 
226 177 
226 8 
226 129 
226 107 
226 211 
226 124 
226 122 
226 33 
226 193 
226 156 
226 6 
226 23 
226 30 
226 135 
226 52 
226 70 
226 215 
226 142 
226 17 
226 76 
226 220 
226 62 
226 180 
226 185 
227 100 
227 75 
227 50 
227 171 
227 186 
227 142 
227 3 
227 102 
227 69 
227 38 
227 217 
227 235 
227 238 
227 26 
227 11 
227 97 
227 47 
227 144 
227 30 
227 198 
227 77 
227 111 
227 165 
227 108 
227 10 
227 164 
227 191 
227 12 
227 39 
227 107 
227 99 
227 114 
227 187 
227 206 
227 48 
227 146 
227 138 
227 228 
227 189 
227 150 
227 174 
227 216 
227 140 
227 116 
227 124 
228 60 
228 165 
228 204 
228 205 
228 82 
228 163 
228 36 
228 239 
228 210 
228 49 
228 40 
228 196 
228 186 
228 125 
228 39 
228 28 
228 203 
228 86 
228 34 
228 111 
228 130 
228 62 
228 77 
228 33 
228 32 
228 222 
228 99 
228 122 
228 56 
228 75 
228 63 
228 133 
228 189 
228 8 
228 206 
228 78 
228 61 
228 21 
228 145 
228 68 
228 168 
228 97 
228 160 
228 232 
228 6 
228 79 
228 98 
228 66 
228 227 
228 10 
228 141 
228 115 
228 146 
229 199 
229 98 
229 166 
229 190 
229 213 
229 125 
229 142 
229 180 
229 118 
229 68 
229 48 
229 44 
229 2 
229 172 
229 165 
229 226 
229 178 
229 50 
229 168 
229 101 
229 179 
229 49 
229 109 
229 210 
229 84 
229 169 
229 41 
229 21 
229 81 
229 85 
229 14 
229 164 
229 161 
229 52 
229 195 
229 116 
229 151 
229 203 
229 97 
229 29 
229 206 
229 214 
229 202 
229 7 
229 184 
230 112 
230 134 
230 215 
230 106 
230 197 
230 121 
230 73 
230 151 
230 19 
230 200 
230 115 
230 149 
230 1 
230 53 
230 233 
230 83 
230 46 
230 223 
230 75 
230 209 
230 239 
230 29 
230 81 
230 181 
230 137 
230 140 
230 164 
230 55 
230 58 
230 194 
230 39 
230 67 
230 212 
230 189 
230 79 
230 204 
230 103 
230 119 
230 180 
230 42 
230 26 
230 210 
230 144 
230 208 
231 112 
231 68 
231 208 
231 159 
231 110 
231 15 
231 40 
231 103 
231 19 
231 27 
231 13 
231 32 
231 55 
231 186 
231 203 
231 172 
231 10 
231 140 
231 29 
231 163 
231 73 
231 164 
231 210 
231 82 
231 236 
231 128 
231 209 
231 43 
231 114 
231 3 
231 145 
231 94 
231 121 
231 90 
231 96 
231 63 
231 9 
231 171 
231 126 
231 196 
231 190 
232 196 
232 44 
232 176 
232 202 
232 115 
232 182 
232 12 
232 128 
232 198 
232 235 
232 49 
232 87 
232 11 
232 36 
232 85 
232 54 
232 163 
232 189 
232 193 
232 98 
232 0 
232 65 
232 183 
232 2 
232 37 
232 144 
232 161 
232 218 
232 142 
232 1 
232 72 
232 74 
232 214 
232 155 
232 110 
232 237 
232 131 
232 130 
232 75 
232 60 
232 101 
232 121 
232 194 
232 208 
232 112 
232 94 
232 228 
232 220 
232 82 
232 143 
232 204 
232 171 
233 13 
233 163 
233 198 
233 209 
233 34 
233 186 
233 89 
233 47 
233 16 
233 204 
233 195 
233 58 
233 155 
233 33 
233 138 
233 147 
233 172 
233 22 
233 130 
233 107 
233 86 
233 115 
233 199 
233 1 
233 230 
233 188 
233 71 
233 180 
233 7 
233 214 
233 153 
233 177 
233 48 
233 201 
233 94 
233 88 
233 9 
233 168 
233 131 
233 108 
233 140 
233 148 
233 103 
233 202 
233 19 
233 157 
233 120 
233 123 
233 43 
233 6 
233 220 
233 17 
233 0 
234 56 
234 159 
234 200 
234 182 
234 108 
234 207 
234 22 
234 10 
234 116 
234 86 
234 168 
234 92 
234 175 
234 71 
234 61 
234 208 
234 194 
234 148 
234 88 
234 45 
234 156 
234 139 
234 149 
234 124 
234 91 
234 20 
234 183 
234 101 
234 41 
234 122 
234 238 
234 6 
234 144 
234 94 
234 103 
234 141 
234 79 
234 119 
234 121 
234 21 
234 48 
234 113 
234 53 
234 16 
234 239 
235 73 
235 29 
235 232 
235 36 
235 154 
235 129 
235 34 
235 139 
235 122 
235 123 
235 227 
235 119 
235 158 
235 57 
235 51 
235 120 
235 6 
235 220 
235 134 
235 179 
235 97 
235 38 
235 62 
235 74 
235 196 
235 3 
235 161 
235 176 
235 125 
235 215 
235 209 
235 147 
235 199 
235 153 
235 105 
235 170 
235 5 
235 193 
235 237 
235 68 
235 69 
235 159 
235 191 
236 21 
236 58 
236 69 
236 29 
236 8 
236 83 
236 16 
236 94 
236 125 
236 86 
236 150 
236 131 
236 70 
236 193 
236 46 
236 175 
236 43 
236 20 
236 201 
236 47 
236 32 
236 170 
236 64 
236 152 
236 40 
236 191 
236 225 
236 59 
236 231 
236 221 
236 101 
236 127 
236 97 
236 103 
236 13 
236 181 
236 194 
236 67 
236 49 
236 177 
236 96 
236 143 
237 140 
237 57 
237 180 
237 38 
237 221 
237 178 
237 24 
237 173 
237 49 
237 200 
237 206 
237 50 
237 58 
237 104 
237 184 
237 64 
237 168 
237 152 
237 159 
237 47 
237 204 
237 53 
237 232 
237 12 
237 128 
237 144 
237 72 
237 141 
237 117 
237 55 
237 166 
237 36 
237 42 
237 92 
237 6 
237 73 
237 185 
237 90 
237 95 
237 235 
237 164 
237 29 
237 136 
237 151 
237 83 
237 143 
238 68 
238 113 
238 107 
238 73 
238 175 
238 197 
238 211 
238 227 
238 70 
238 38 
238 200 
238 226 
238 77 
238 5 
238 60 
238 205 
238 209 
238 112 
238 215 
238 177 
238 8 
238 146 
238 93 
238 76 
238 129 
238 65 
238 234 
238 145 
238 173 
238 126 
238 69 
238 221 
238 0 
238 125 
238 72 
238 9 
238 96 
239 5 
239 82 
239 112 
239 228 
239 9 
239 129 
239 185 
239 192 
239 97 
239 7 
239 81 
239 45 
239 134 
239 193 
239 125 
239 99 
239 25 
239 162 
239 26 
239 190 
239 83 
239 175 
239 216 
239 102 
239 218 
239 37 
239 230 
239 157 
239 148 
239 70 
239 220 
239 27 
239 2 
239 36 
239 61 
239 133 
239 217 
239 56 
239 132 
239 171 
239 34 
239 14 
239 170 
239 12 
239 38 
239 90 
239 119 
239 165 
239 213 
239 212 
239 183 
239 198 
239 234 
239 136 
239 62 
239 84 
